# lcl|CP097583.1_cds_USQ93158.1_1
# AA	inside	membr	outside
1 T	0.39965	0.00000	0.60036
2 T	0.39862	0.00102	0.60036
3 G	0.39797	0.00168	0.60036
4 C	0.39797	0.00409	0.59795
5 G	0.39330	0.01647	0.59023
6 T	0.39330	0.01783	0.58887
7 A	0.36803	0.04358	0.58839
8 A	0.36803	0.04359	0.58838
9 A	0.36616	0.04563	0.58822
10 G	0.36615	0.05266	0.5812
11 G	0.36561	0.05427	0.58013
12 T	0.35563	0.06572	0.57865
13 A	0.32265	0.11589	0.56146
14 T	0.32264	0.11591	0.56146
15 T	0.32264	0.44290	0.23446
16 G	0.31667	0.44888	0.23446
17 T	0.31013	0.46319	0.22669
18 A	0.30960	0.47618	0.21423
19 A	0.29252	0.50059	0.2069
20 T	0.25325	0.62787	0.11889
21 T	0.18797	0.69352	0.1185
22 G	0.18103	0.70930	0.10966
23 A	0.17719	0.71524	0.10757
24 A	0.17674	0.71658	0.10667
25 T	0.17837	0.71107	0.11056
26 T	0.17862	0.70894	0.11243
27 C	0.17949	0.70382	0.11668
28 T	0.18285	0.70067	0.11648
29 T	0.18067	0.70587	0.11346
30 A	0.17612	0.71132	0.11256
31 A	0.17244	0.72031	0.10726
32 T	0.17162	0.72150	0.10689
33 A	0.17262	0.72048	0.1069
34 A	0.17203	0.72098	0.10699
35 A	0.17938	0.70415	0.11646
36 A	0.19857	0.65666	0.14477
37 G	0.21156	0.63910	0.14935
38 A	0.51148	0.33744	0.15107
39 A	0.52399	0.31516	0.16085
40 T	0.55015	0.27605	0.1738
41 A	0.56190	0.25486	0.18325
42 T	0.57343	0.21798	0.2086
43 T	0.63554	0.12131	0.24315
44 T	0.63533	0.07868	0.28599
45 A	0.63461	0.07921	0.28618
46 C	0.63098	0.08141	0.28761
47 T	0.62712	0.09907	0.27381
48 T	0.62011	0.12427	0.25563
49 A	0.55991	0.20856	0.23153
50 T	0.50866	0.28759	0.20374
51 A	0.49371	0.33601	0.17028
52 G	0.49007	0.35538	0.15454
53 A	0.48462	0.38640	0.12898
54 T	0.47044	0.40680	0.12275
55 T	0.40597	0.48424	0.1098
56 T	0.33803	0.56233	0.09964
57 A	0.18322	0.73949	0.07729
58 G	0.09787	0.83105	0.07107
59 A	0.08183	0.84873	0.06943
60 A	0.07080	0.86080	0.06841
61 A	0.06671	0.86611	0.06719
62 C	0.06464	0.86898	0.06638
63 A	0.05507	0.88215	0.06278
64 A	0.05149	0.88680	0.06172
65 A	0.04737	0.89175	0.06089
66 A	0.04469	0.89440	0.06092
67 A	0.04530	0.89206	0.06264
68 A	0.05018	0.87495	0.07488
69 A	0.05529	0.85518	0.08953
70 C	0.07239	0.82403	0.10358
71 A	0.09190	0.79892	0.10918
72 A	0.11441	0.73217	0.15342
73 A	0.14502	0.65951	0.19546
74 T	0.18467	0.60724	0.20809
75 T	0.20296	0.58978	0.20726
76 A	0.21954	0.55226	0.2282
77 A	0.22351	0.49160	0.28489
78 T	0.22664	0.35512	0.41824
79 G	0.20802	0.28826	0.50372
80 C	0.18930	0.22046	0.59024
81 T	0.18457	0.30520	0.51023
82 A	0.15730	0.49312	0.34958
83 A	0.14170	0.58598	0.27231
84 A	0.13312	0.63062	0.23626
85 G	0.12537	0.65457	0.22007
86 T	0.11042	0.68117	0.20841
87 A	0.08391	0.73483	0.18126
88 A	0.06398	0.77299	0.16303
89 G	0.05355	0.79510	0.15135
90 A	0.04631	0.80707	0.14662
91 G	0.04129	0.81289	0.14582
92 G	0.03735	0.81920	0.14345
93 G	0.03601	0.82360	0.14039
94 A	0.03668	0.83306	0.13026
95 A	0.03937	0.83576	0.12487
96 A	0.04323	0.83454	0.12222
97 A	0.04672	0.83375	0.11954
98 T	0.05258	0.82609	0.12132
99 A	0.05315	0.81853	0.12831
100 A	0.05462	0.80730	0.13808
101 A	0.05964	0.79160	0.14876
102 A	0.07311	0.75327	0.17362
103 C	0.11005	0.67785	0.2121
104 A	0.22815	0.55535	0.2165
105 T	0.39531	0.37227	0.23241
106 T	0.45644	0.31502	0.22855
107 A	0.47837	0.30053	0.22111
108 T	0.48970	0.29665	0.21365
109 A	0.48399	0.30603	0.20998
110 A	0.49710	0.27263	0.23027
111 T	0.51006	0.24813	0.24181
112 T	0.50653	0.27398	0.21949
113 T	0.48831	0.30943	0.20226
114 T	0.45597	0.36379	0.18025
115 A	0.36314	0.47876	0.1581
116 A	0.23307	0.62235	0.14458
117 A	0.16232	0.70356	0.13411
118 A	0.13578	0.73955	0.12467
119 A	0.12473	0.76837	0.1069
120 A	0.12027	0.78046	0.09927
121 G	0.11670	0.78446	0.09884
122 A	0.11314	0.78810	0.09876
123 A	0.11077	0.79010	0.09913
124 A	0.11124	0.78920	0.09956
125 C	0.11522	0.78449	0.1003
126 A	0.12082	0.77901	0.10017
127 A	0.13148	0.76823	0.10029
128 A	0.14384	0.75575	0.10041
129 T	0.16070	0.73766	0.10164
130 A	0.16897	0.72809	0.10294
131 A	0.18384	0.70226	0.11391
132 T	0.21313	0.64262	0.14425
133 G	0.22363	0.60962	0.16675
134 A	0.23996	0.56965	0.1904
135 T	0.28338	0.48044	0.23618
136 T	0.28953	0.43283	0.27764
137 T	0.27549	0.41256	0.31195
138 A	0.24546	0.39603	0.35851
139 G	0.22526	0.34425	0.43048
140 A	0.21827	0.32326	0.45847
141 A	0.21729	0.33167	0.45104
142 T	0.23155	0.31366	0.45479
143 A	0.23378	0.31307	0.45315
144 T	0.23279	0.31137	0.45584
145 T	0.22885	0.31526	0.45589
146 C	0.20824	0.33781	0.45394
147 T	0.18812	0.37787	0.434
148 A	0.17061	0.41728	0.4121
149 A	0.16453	0.42492	0.41055
150 A	0.16204	0.42778	0.41018
151 A	0.16087	0.42885	0.41027
152 T	0.16002	0.42756	0.41242
153 C	0.15827	0.42678	0.41496
154 A	0.15653	0.42824	0.41523
155 A	0.15626	0.42795	0.41579
156 A	0.15746	0.42563	0.4169
157 A	0.16093	0.42037	0.41871
158 T	0.17374	0.40301	0.42326
159 T	0.18351	0.36294	0.45355
160 G	0.18830	0.32581	0.4859
161 G	0.20112	0.27911	0.51977
162 T	0.22140	0.23970	0.53891
163 G	0.23426	0.21619	0.54955
164 A	0.26326	0.18087	0.55587
165 T	0.28162	0.15805	0.56033
166 T	0.29609	0.14100	0.56291
167 T	0.30141	0.13421	0.56438
168 A	0.30493	0.13376	0.56131
169 G	0.30798	0.12039	0.57163
170 T	0.32328	0.09555	0.58117
171 T	0.33515	0.08402	0.58084
172 T	0.33276	0.11519	0.55205
173 T	0.32456	0.18342	0.49201
174 A	0.30787	0.24445	0.44768
175 T	0.29841	0.28320	0.41839
176 A	0.27435	0.32193	0.40372
177 T	0.26060	0.33869	0.40071
178 G	0.24457	0.35981	0.39562
179 A	0.23667	0.37109	0.39224
180 G	0.22987	0.38016	0.38997
181 G	0.22494	0.38672	0.38835
182 A	0.22204	0.39095	0.38701
183 G	0.22080	0.39404	0.38516
184 A	0.22034	0.39865	0.38101
185 A	0.22078	0.39956	0.37966
186 A	0.22186	0.39937	0.37877
187 G	0.22463	0.39751	0.37787
188 A	0.22825	0.39456	0.37719
189 T	0.23444	0.38837	0.3772
190 A	0.23857	0.38416	0.37726
191 A	0.24851	0.37208	0.37941
192 T	0.26335	0.35469	0.38196
193 G	0.27249	0.34318	0.38433
194 A	0.28900	0.32355	0.38745
195 A	0.33181	0.27452	0.39367
196 T	0.40102	0.18950	0.40948
197 T	0.44089	0.13112	0.42798
198 T	0.46601	0.09490	0.43909
199 T	0.47486	0.06824	0.4569
200 T	0.47660	0.05639	0.46701
201 T	0.47785	0.04496	0.4772
202 A	0.47859	0.03990	0.48151
203 T	0.48017	0.03376	0.48607
204 T	0.48082	0.03135	0.48784
205 G	0.48008	0.03777	0.48214
206 A	0.48089	0.04310	0.47601
207 T	0.48038	0.04524	0.47438
208 A	0.47836	0.05109	0.47055
209 G	0.47872	0.05309	0.4682
210 T	0.48026	0.05194	0.4678
211 A	0.48090	0.05172	0.46738
212 T	0.48144	0.05146	0.4671
213 T	0.48104	0.05192	0.46703
214 C	0.47879	0.05417	0.46704
215 T	0.47558	0.05746	0.46696
216 T	0.46340	0.06966	0.46694
217 C	0.44615	0.08696	0.46689
218 C	0.43682	0.09649	0.46668
219 A	0.43485	0.09884	0.46631
220 C	0.43432	0.09942	0.46626
221 G	0.43417	0.09966	0.46618
222 T	0.43545	0.09849	0.46606
223 T	0.43647	0.09765	0.46588
224 C	0.43652	0.09749	0.46598
225 G	0.43375	0.10106	0.46519
226 A	0.43399	0.10061	0.46541
227 A	0.43551	0.09832	0.46618
228 T	0.44430	0.08776	0.46794
229 T	0.45026	0.08118	0.46856
230 C	0.45067	0.07577	0.47356
231 A	0.45129	0.07703	0.47168
232 T	0.45102	0.08032	0.46867
233 T	0.44885	0.08485	0.4663
234 A	0.44152	0.09677	0.46171
235 A	0.43716	0.10423	0.45861
236 A	0.43536	0.10560	0.45904
237 T	0.43401	0.10323	0.46276
238 A	0.43250	0.10078	0.46672
239 G	0.43208	0.08880	0.47912
240 A	0.43196	0.07396	0.49409
241 C	0.43196	0.06540	0.50263
242 C	0.43201	0.06661	0.50137
243 T	0.43132	0.08301	0.48567
244 A	0.43045	0.10208	0.46747
245 A	0.42842	0.11306	0.45852
246 T	0.42731	0.11810	0.45458
247 A	0.42464	0.12272	0.45264
248 T	0.42407	0.12061	0.45532
249 A	0.42228	0.12234	0.45538
250 A	0.42090	0.12289	0.45621
251 G	0.42061	0.12295	0.45645
252 T	0.42168	0.12294	0.45538
253 A	0.42197	0.12453	0.45351
254 A	0.42615	0.11870	0.45515
255 T	0.43032	0.11215	0.45753
256 A	0.43193	0.10775	0.46032
257 T	0.43536	0.09701	0.46763
258 C	0.43740	0.09058	0.47201
259 A	0.43902	0.08779	0.47318
260 C	0.43960	0.08612	0.47429
261 T	0.44015	0.08494	0.47492
262 C	0.44051	0.08434	0.47515
263 A	0.44144	0.08337	0.47519
264 A	0.44339	0.08116	0.47545
265 G	0.44766	0.07660	0.47574
266 T	0.46622	0.05688	0.47691
267 T	0.48452	0.03755	0.47793
268 T	0.49351	0.02540	0.48109
269 T	0.49681	0.02025	0.48294
270 T	0.49829	0.01637	0.48535
271 T	0.49899	0.01535	0.48566
272 T	0.49958	0.01408	0.48634
273 A	0.49997	0.01358	0.48645
274 G	0.50076	0.01308	0.48616
275 T	0.50308	0.01209	0.48484
276 T	0.50517	0.01110	0.48373
277 T	0.50459	0.01177	0.48364
278 T	0.50370	0.01273	0.48357
279 T	0.50305	0.01353	0.48342
280 T	0.50227	0.01465	0.48308
281 C	0.50113	0.01606	0.48281
282 T	0.50033	0.01784	0.48183
283 T	0.49945	0.01954	0.48101
284 T	0.49474	0.02501	0.48025
285 A	0.47348	0.04703	0.47949
286 G	0.45122	0.07008	0.4787
287 T	0.43062	0.09240	0.47698
288 A	0.40726	0.11604	0.4767
289 G	0.39859	0.12472	0.47668
290 A	0.39379	0.12956	0.47665
291 A	0.39088	0.13244	0.47667
292 C	0.38917	0.13407	0.47675
293 C	0.38740	0.13594	0.47666
294 T	0.38718	0.13678	0.47603
295 A	0.38563	0.13915	0.47522
296 A	0.38526	0.13985	0.4749
297 A	0.38488	0.14026	0.47486
298 T	0.38550	0.13950	0.475
299 T	0.38255	0.14145	0.476
300 T	0.37773	0.14518	0.4771
301 C	0.37047	0.15141	0.47812
302 A	0.36645	0.15543	0.47812
303 T	0.36465	0.15654	0.47881
304 T	0.35933	0.16106	0.47961
305 T	0.35423	0.16523	0.48054
306 T	0.34842	0.17030	0.48128
307 A	0.34099	0.17222	0.48679
308 A	0.33585	0.15802	0.50613
309 A	0.33312	0.13978	0.5271
310 T	0.33357	0.11840	0.54803
311 T	0.33279	0.09933	0.56788
312 A	0.33109	0.09475	0.57416
313 T	0.33024	0.09128	0.57849
314 T	0.32927	0.08942	0.58131
315 A	0.32767	0.08940	0.58293
316 G	0.32677	0.08800	0.58523
317 A	0.32666	0.08820	0.58515
318 T	0.32694	0.08835	0.58471
319 A	0.32609	0.09250	0.5814
320 A	0.32542	0.09571	0.57887
321 A	0.32523	0.09442	0.58035
322 T	0.32544	0.08690	0.58766
323 T	0.32550	0.08139	0.59311
324 T	0.32578	0.07370	0.60052
325 T	0.32583	0.07011	0.60407
326 T	0.32434	0.06976	0.6059
327 G	0.32125	0.06887	0.60988
328 T	0.32004	0.06833	0.61163
329 T	0.31775	0.07201	0.61024
330 A	0.31318	0.08243	0.60439
331 A	0.30988	0.08887	0.60124
332 T	0.30757	0.09679	0.59564
333 T	0.30112	0.12581	0.57308
334 T	0.29102	0.15477	0.55421
335 T	0.27450	0.18851	0.53699
336 A	0.22783	0.27141	0.50076
337 A	0.20840	0.30739	0.48421
338 A	0.19355	0.32826	0.47819
339 A	0.18904	0.33526	0.47569
340 A	0.18927	0.33593	0.47481
341 A	0.19141	0.33450	0.4741
342 A	0.19624	0.32985	0.47391
343 T	0.20157	0.32431	0.47412
344 T	0.20256	0.32348	0.47396
345 T	0.20257	0.32392	0.47352
346 A	0.20194	0.32488	0.47318
347 A	0.20209	0.32448	0.47342
348 A	0.20310	0.32275	0.47415
349 T	0.20561	0.31790	0.47649
350 T	0.20855	0.31217	0.47928
351 A	0.21045	0.30940	0.48014
352 A	0.21507	0.30324	0.48169
353 A	0.22428	0.28995	0.48577
354 A	0.23159	0.27749	0.49092
355 A	0.24489	0.25772	0.49739
356 T	0.28061	0.20997	0.50941
357 T	0.30290	0.17666	0.52043
358 A	0.31789	0.14971	0.53241
359 T	0.34785	0.07983	0.57232
360 T	0.35973	0.05440	0.58586
361 T	0.36243	0.04345	0.59412
362 T	0.36049	0.04762	0.59189
363 A	0.35730	0.05771	0.58499
364 A	0.35638	0.06086	0.58276
365 T	0.35691	0.06084	0.58225
366 T	0.35621	0.06229	0.58149
367 T	0.35504	0.06311	0.58185
368 T	0.35354	0.06453	0.58193
369 T	0.35098	0.06722	0.5818
370 A	0.34643	0.07373	0.57983
371 C	0.34269	0.07940	0.57791
372 T	0.33556	0.09144	0.573
373 A	0.33204	0.11230	0.55566
374 A	0.32956	0.11886	0.55158
375 A	0.32751	0.12382	0.54867
376 A	0.32599	0.12723	0.54678
377 T	0.32615	0.12833	0.54553
378 A	0.32271	0.13475	0.54254
379 G	0.32166	0.13652	0.54182
380 A	0.32350	0.13619	0.54031
381 T	0.32956	0.13063	0.53981
382 T	0.33166	0.12888	0.53946
383 T	0.33333	0.12702	0.53965
384 A	0.33300	0.12690	0.5401
385 A	0.33603	0.12036	0.54361
386 T	0.34197	0.11055	0.54749
387 T	0.34431	0.10535	0.55034
388 T	0.34455	0.10276	0.55269
389 C	0.34411	0.10027	0.55562
390 T	0.34397	0.09921	0.55683
391 G	0.34358	0.09865	0.55776
392 A	0.34444	0.09655	0.55901
393 A	0.34767	0.09058	0.56174
394 T	0.35175	0.08350	0.56475
395 C	0.35636	0.07048	0.57316
396 T	0.37162	0.05393	0.57445
397 G	0.37387	0.05279	0.57333
398 A	0.37572	0.05791	0.56636
399 A	0.37711	0.06356	0.55933
400 T	0.38030	0.06371	0.55599
401 T	0.38297	0.06205	0.55498
402 A	0.38308	0.06355	0.55337
403 A	0.38486	0.06321	0.55194
404 T	0.38647	0.06182	0.5517
405 T	0.38727	0.06112	0.5516
406 T	0.38750	0.06174	0.55076
407 T	0.38753	0.06025	0.55222
408 A	0.38592	0.06124	0.55284
409 T	0.38467	0.06161	0.55372
410 T	0.38224	0.06316	0.5546
411 C	0.37443	0.06992	0.55565
412 C	0.36803	0.07628	0.5557
413 G	0.35972	0.08815	0.55213
414 A	0.35225	0.10237	0.54538
415 G	0.34290	0.12237	0.53473
416 A	0.33386	0.14723	0.5189
417 G	0.33137	0.15637	0.51227
418 A	0.33129	0.16166	0.50705
419 A	0.33269	0.16261	0.5047
420 A	0.33643	0.15940	0.50416
421 A	0.34524	0.14963	0.50513
422 T	0.35524	0.13860	0.50615
423 A	0.35950	0.13395	0.50655
424 T	0.36555	0.12708	0.50737
425 C	0.36888	0.12282	0.5083
426 T	0.37134	0.12094	0.50772
427 T	0.37237	0.12048	0.50715
428 A	0.37281	0.12047	0.50672
429 T	0.37330	0.12003	0.50667
430 T	0.37186	0.12171	0.50644
431 A	0.37020	0.12199	0.50781
432 T	0.36926	0.12099	0.50975
433 A	0.36638	0.12161	0.51201
434 A	0.36498	0.11557	0.51945
435 A	0.36541	0.10983	0.52477
436 A	0.36878	0.09930	0.53191
437 A	0.37524	0.08677	0.53799
438 A	0.38748	0.06571	0.54681
439 T	0.40477	0.04004	0.5552
440 T	0.41153	0.03074	0.55773
441 T	0.41506	0.02627	0.55868
442 T	0.41585	0.02491	0.55925
443 T	0.41574	0.02468	0.55958
444 C	0.41415	0.02615	0.5597
445 C	0.41274	0.02781	0.55946
446 C	0.41182	0.02964	0.55854
447 T	0.41098	0.03335	0.55567
448 A	0.40762	0.04618	0.54619
449 T	0.40654	0.04797	0.54549
450 T	0.40229	0.05366	0.54405
451 T	0.39579	0.06241	0.5418
452 A	0.38844	0.07230	0.53926
453 C	0.38563	0.07391	0.54046
454 T	0.38448	0.07582	0.53971
455 A	0.38060	0.08112	0.53829
456 T	0.37911	0.08226	0.53863
457 A	0.37425	0.08927	0.53648
458 T	0.37303	0.09155	0.53542
459 A	0.37011	0.09509	0.5348
460 G	0.36901	0.09632	0.53466
461 A	0.36894	0.09743	0.53362
462 T	0.36976	0.09726	0.53298
463 A	0.36963	0.09928	0.53109
464 G	0.36951	0.10005	0.53044
465 T	0.36957	0.10219	0.52824
466 A	0.36959	0.10596	0.52444
467 A	0.36979	0.10671	0.52351
468 A	0.37066	0.10553	0.52381
469 A	0.37181	0.10352	0.52467
470 A	0.37438	0.09963	0.52599
471 T	0.38314	0.08662	0.53024
472 A	0.38405	0.08341	0.53254
473 G	0.38597	0.07591	0.53811
474 A	0.38927	0.06729	0.54343
475 T	0.39445	0.05544	0.55011
476 T	0.39626	0.05119	0.55255
477 T	0.39828	0.04780	0.55391
478 G	0.39930	0.04473	0.55597
479 G	0.40044	0.04287	0.55669
480 T	0.40320	0.03649	0.5603
481 T	0.40473	0.03409	0.56118
482 T	0.40610	0.03101	0.56289
483 A	0.40664	0.02951	0.56385
484 C	0.40794	0.02767	0.56439
485 A	0.40904	0.02647	0.5645
486 T	0.41189	0.02341	0.56469
487 C	0.41336	0.02188	0.56475
488 C	0.41628	0.01908	0.56463
489 T	0.42012	0.01628	0.56361
490 T	0.42100	0.01733	0.56167
491 T	0.42047	0.02123	0.55829
492 A	0.41777	0.03078	0.55145
493 T	0.41659	0.03501	0.5484
494 A	0.41252	0.04385	0.54362
495 T	0.40981	0.04709	0.5431
496 A	0.40841	0.04935	0.54224
497 A	0.40882	0.04915	0.54203
498 T	0.40980	0.04834	0.54186
499 C	0.41047	0.04788	0.54165
500 T	0.41181	0.04659	0.54161
501 T	0.41159	0.04686	0.54155
502 T	0.41048	0.04795	0.54158
503 T	0.40783	0.05059	0.54158
504 C	0.40314	0.05527	0.54159
505 A	0.40064	0.05778	0.54158
506 C	0.39795	0.06041	0.54163
507 T	0.39564	0.06297	0.54139
508 A	0.39237	0.06680	0.54084
509 A	0.39051	0.06883	0.54065
510 T	0.38936	0.07010	0.54053
511 G	0.38550	0.07424	0.54027
512 A	0.38314	0.07663	0.54022
513 A	0.38342	0.07551	0.54106
514 A	0.38696	0.07048	0.54255
515 T	0.39318	0.06113	0.54569
516 A	0.39372	0.05878	0.54749
517 A	0.39624	0.05217	0.55159
518 C	0.39663	0.04837	0.555
519 T	0.39703	0.04740	0.55558
520 A	0.39669	0.04791	0.55541
521 T	0.39669	0.04792	0.55539
522 T	0.39623	0.04845	0.55533
523 T	0.39548	0.04911	0.5554
524 T	0.39358	0.04866	0.55777
525 A	0.38791	0.05350	0.55859
526 G	0.38269	0.05755	0.55976
527 C	0.37881	0.06140	0.55978
528 A	0.37707	0.06309	0.55984
529 G	0.37638	0.06209	0.56153
530 G	0.37625	0.06097	0.56278
531 T	0.37656	0.06028	0.56316
532 C	0.37647	0.05959	0.56393
533 A	0.37655	0.05933	0.56412
534 A	0.37673	0.05567	0.5676
535 A	0.37701	0.05223	0.57076
536 C	0.37720	0.05029	0.57252
537 A	0.37706	0.05083	0.5721
538 G	0.37710	0.05024	0.57265
539 G	0.37729	0.04810	0.57461
540 T	0.37757	0.04736	0.57506
541 G	0.37742	0.04914	0.57344
542 T	0.37789	0.05110	0.57102
543 A	0.37811	0.07118	0.55072
544 G	0.37843	0.08858	0.53299
545 G	0.37892	0.09792	0.52317
546 A	0.37933	0.10485	0.51581
547 A	0.38025	0.10372	0.51603
548 A	0.38223	0.09794	0.51983
549 A	0.38469	0.09118	0.52413
550 T	0.38897	0.08289	0.52813
551 C	0.39051	0.08025	0.52923
552 T	0.39212	0.07957	0.52831
553 A	0.39299	0.07977	0.52724
554 C	0.39452	0.07853	0.52695
555 T	0.39506	0.07901	0.52592
556 T	0.39569	0.07954	0.52477
557 T	0.39596	0.08182	0.52222
558 A	0.39596	0.08516	0.51888
559 A	0.39610	0.08846	0.51544
560 T	0.39675	0.08771	0.51554
561 T	0.39710	0.08739	0.51551
562 A	0.39720	0.08725	0.51554
563 A	0.39814	0.08622	0.51564
564 C	0.40025	0.08375	0.51601
565 G	0.40475	0.07922	0.51604
566 C	0.42996	0.05396	0.51609
567 T	0.45153	0.03260	0.51586
568 T	0.46001	0.02418	0.5158
569 T	0.46281	0.02144	0.51575
570 A	0.46283	0.02145	0.51571
571 A	0.46316	0.02111	0.51573
572 C	0.46374	0.02045	0.51581
573 T	0.46449	0.01968	0.51583
574 T	0.46569	0.01848	0.51583
575 C	0.46404	0.02015	0.51581
576 T	0.45831	0.02601	0.51569
577 C	0.44388	0.04058	0.51554
578 T	0.43501	0.04979	0.51519
579 T	0.42239	0.06246	0.51515
580 A	0.41567	0.06923	0.5151
581 A	0.41478	0.06998	0.51524
582 T	0.41525	0.06941	0.51534
583 C	0.40824	0.07634	0.51542
584 T	0.40055	0.08501	0.51444
585 T	0.35617	0.13017	0.51367
586 A	0.21700	0.26968	0.51332
587 A	0.17368	0.31325	0.51307
588 A	0.15283	0.33407	0.5131
589 A	0.14335	0.34328	0.51336
590 C	0.13693	0.34923	0.51384
591 T	0.12860	0.35742	0.51398
592 C	0.11005	0.37583	0.51412
593 A	0.09993	0.38599	0.51408
594 A	0.09171	0.39428	0.51401
595 G	0.08955	0.39653	0.51392
596 A	0.08848	0.39758	0.51394
597 A	0.08814	0.39756	0.5143
598 A	0.08817	0.39162	0.52021
599 T	0.08828	0.38051	0.5312
600 T	0.08825	0.36424	0.54751
601 T	0.08817	0.35393	0.5579
602 C	0.08782	0.34306	0.56912
603 G	0.08773	0.34125	0.57102
604 A	0.08774	0.34391	0.56835
605 A	0.08789	0.34264	0.56947
606 A	0.08818	0.33600	0.57581
607 T	0.08933	0.32719	0.58348
608 A	0.09002	0.27721	0.63278
609 T	0.09032	0.14038	0.7693
610 T	0.09053	0.10082	0.80865
611 T	0.09051	0.08834	0.82115
612 A	0.09038	0.10645	0.80317
613 A	0.09018	0.13118	0.77864
614 A	0.08995	0.14685	0.7632
615 T	0.08942	0.14994	0.76064
616 A	0.08208	0.17505	0.74287
617 G	0.07991	0.21192	0.70817
618 A	0.07879	0.29015	0.63106
619 G	0.07815	0.32795	0.59391
620 G	0.07796	0.35642	0.56561
621 A	0.07787	0.36507	0.55706
622 A	0.07770	0.37876	0.54353
623 A	0.07781	0.41633	0.50585
624 A	0.07770	0.42787	0.49443
625 C	0.07845	0.42781	0.49374
626 A	0.08099	0.42852	0.49048
627 T	0.08543	0.42550	0.48907
628 A	0.08638	0.42492	0.4887
629 C	0.08749	0.42382	0.48869
630 T	0.08865	0.42270	0.48865
631 A	0.08934	0.42201	0.48865
632 C	0.09105	0.42028	0.48866
633 C	0.09423	0.41711	0.48866
634 A	0.09935	0.41204	0.4886
635 A	0.11868	0.39266	0.48866
636 A	0.14651	0.36476	0.48872
637 A	0.17269	0.33850	0.48881
638 A	0.20616	0.30446	0.48937
639 C	0.24155	0.26092	0.49753
640 T	0.29198	0.20853	0.49949
641 C	0.35040	0.14915	0.50044
642 T	0.38288	0.11679	0.50033
643 A	0.40034	0.10036	0.4993
644 A	0.40930	0.09150	0.4992
645 A	0.42456	0.07583	0.49961
646 T	0.46632	0.03365	0.50004
647 T	0.47935	0.01922	0.50143
648 G	0.48220	0.01574	0.50206
649 T	0.48669	0.01086	0.50245
650 T	0.48836	0.00890	0.50274
651 T	0.48879	0.00803	0.50318
652 T	0.48884	0.00773	0.50343
653 T	0.48884	0.00774	0.50343
654 T	0.48878	0.00726	0.50395
655 T	0.48862	0.00710	0.50428
656 T	0.48844	0.00688	0.50468
657 T	0.48640	0.00877	0.50483
658 C	0.48425	0.01104	0.50471
659 A	0.48234	0.01316	0.5045
660 T	0.48140	0.01420	0.5044
661 G	0.48038	0.01545	0.50417
662 A	0.48009	0.01605	0.50386
663 A	0.48001	0.01641	0.50358
664 G	0.48001	0.01621	0.50378
665 G	0.48027	0.01645	0.50329
666 T	0.48104	0.01604	0.50293
667 T	0.48093	0.01643	0.50264
668 A	0.48062	0.01710	0.50229
669 T	0.48049	0.01736	0.50215
670 A	0.48030	0.01742	0.50229
671 T	0.48047	0.01698	0.50256
672 T	0.48006	0.01731	0.50264
673 G	0.47857	0.01891	0.50251
674 C	0.47779	0.02017	0.50205
675 T	0.47216	0.02684	0.501
676 G	0.46212	0.03696	0.50092
677 A	0.45561	0.04362	0.50077
678 T	0.45254	0.04646	0.501
679 A	0.44735	0.05140	0.50125
680 C	0.44371	0.05203	0.50427
681 T	0.44138	0.05237	0.50625
682 C	0.43761	0.05454	0.50785
683 C	0.43354	0.05842	0.50803
684 G	0.43154	0.06057	0.5079
685 G	0.43067	0.06167	0.50765
686 G	0.43037	0.06230	0.50734
687 A	0.43038	0.06283	0.50679
688 T	0.43117	0.06199	0.50685
689 T	0.43157	0.06119	0.50723
690 T	0.43141	0.06096	0.50763
691 T	0.43058	0.06126	0.50816
692 C	0.42919	0.06240	0.50841
693 A	0.42821	0.06342	0.50837
694 A	0.42773	0.06406	0.50821
695 A	0.42723	0.06421	0.50855
696 A	0.42671	0.06331	0.50999
697 T	0.42671	0.06243	0.51086
698 T	0.42707	0.05480	0.51813
699 A	0.42658	0.04597	0.52745
700 G	0.42649	0.03898	0.53452
701 A	0.42642	0.03568	0.5379
702 T	0.42649	0.03076	0.54274
703 T	0.42632	0.02855	0.54513
704 T	0.42541	0.03027	0.54432
705 A	0.42362	0.03642	0.53996
706 T	0.42252	0.03740	0.54008
707 T	0.42077	0.04137	0.53786
708 A	0.41755	0.05082	0.53163
709 A	0.41574	0.05816	0.5261
710 A	0.41483	0.06216	0.52301
711 T	0.41276	0.06822	0.51902
712 T	0.40567	0.08953	0.5048
713 T	0.39445	0.10982	0.49573
714 T	0.37673	0.13463	0.48864
715 A	0.35854	0.16002	0.48144
716 A	0.34844	0.17023	0.48133
717 A	0.34340	0.17506	0.48154
718 A	0.34001	0.17786	0.48213
719 T	0.33808	0.17882	0.4831
720 C	0.33426	0.18210	0.48364
721 G	0.32927	0.18831	0.48242
722 A	0.32698	0.19177	0.48125
723 A	0.32590	0.19417	0.47993
724 G	0.32561	0.19648	0.4779
725 A	0.32620	0.19752	0.47629
726 A	0.32840	0.19545	0.47615
727 G	0.33257	0.19022	0.47722
728 T	0.34137	0.17983	0.4788
729 T	0.34509	0.17529	0.47961
730 A	0.34767	0.17172	0.4806
731 A	0.35270	0.16432	0.48298
732 A	0.35867	0.15618	0.48515
733 A	0.36315	0.14896	0.48789
734 A	0.37054	0.13598	0.49348
735 T	0.39137	0.10259	0.50604
736 T	0.39974	0.08063	0.51963
737 T	0.40428	0.05999	0.53574
738 T	0.40703	0.04431	0.54865
739 T	0.40732	0.03674	0.55593
740 A	0.40739	0.03301	0.5596
741 T	0.40762	0.02940	0.56298
742 G	0.40772	0.02812	0.56417
743 A	0.40814	0.02534	0.56652
744 T	0.40989	0.02029	0.56983
745 G	0.41115	0.02038	0.56847
746 A	0.41262	0.02360	0.56379
747 T	0.41537	0.02265	0.56199
748 T	0.41718	0.02582	0.557
749 T	0.41784	0.03253	0.54963
750 T	0.41817	0.03742	0.54441
751 T	0.41806	0.04200	0.53995
752 T	0.41787	0.04613	0.53599
753 A	0.41741	0.04913	0.53346
754 A	0.41730	0.05009	0.53261
755 T	0.41744	0.05021	0.53235
756 T	0.41719	0.05088	0.53193
757 T	0.41652	0.05178	0.53169
758 T	0.41587	0.05263	0.5315
759 T	0.41472	0.05390	0.53138
760 G	0.41193	0.05694	0.53114
761 C	0.41099	0.05801	0.53099
762 T	0.41024	0.05884	0.53092
763 G	0.40919	0.06013	0.53067
764 A	0.40895	0.06058	0.53047
765 T	0.41008	0.05949	0.53043
766 C	0.41026	0.05944	0.53031
767 A	0.41107	0.05889	0.53004
768 A	0.41523	0.05479	0.52998
769 T	0.42234	0.04766	0.53001
770 G	0.42550	0.04454	0.52996
771 T	0.43353	0.03655	0.52992
772 T	0.44267	0.02733	0.53
773 T	0.44746	0.02235	0.53019
774 T	0.44967	0.02009	0.53024
775 T	0.45100	0.01880	0.53019
776 T	0.45101	0.01856	0.53043
777 T	0.44901	0.02080	0.53019
778 A	0.44285	0.02749	0.52966
779 A	0.44087	0.02922	0.5299
780 T	0.43998	0.02931	0.53071
781 T	0.43587	0.03307	0.53106
782 A	0.42860	0.03999	0.53141
783 T	0.42444	0.04236	0.53319
784 A	0.41479	0.05238	0.53282
785 G	0.40880	0.05864	0.53255
786 T	0.40623	0.06248	0.53129
787 T	0.40085	0.07128	0.52787
788 G	0.38436	0.09341	0.52223
789 T	0.37703	0.10104	0.52192
790 T	0.36500	0.11411	0.52089
791 T	0.35230	0.12770	0.52
792 A	0.33030	0.15096	0.51873
793 C	0.31873	0.16346	0.51781
794 A	0.31114	0.17447	0.51438
795 T	0.30763	0.18069	0.51168
796 A	0.30103	0.18979	0.50918
797 T	0.29935	0.19270	0.50796
798 T	0.29493	0.19834	0.50672
799 A	0.27645	0.21797	0.50557
800 A	0.26190	0.23164	0.50646
801 T	0.25422	0.23474	0.51104
802 G	0.23797	0.25378	0.50826
803 A	0.21869	0.27974	0.50156
804 A	0.20267	0.30424	0.49309
805 A	0.19737	0.31323	0.4894
806 A	0.19407	0.31522	0.4907
807 A	0.19411	0.30809	0.49779
808 A	0.19526	0.30153	0.50321
809 A	0.19761	0.29548	0.50691
810 A	0.20112	0.28328	0.51561
811 T	0.20590	0.25679	0.53731
812 G	0.20495	0.24707	0.54797
813 T	0.20444	0.23976	0.5558
814 A	0.20003	0.25127	0.5487
815 A	0.19662	0.25954	0.54384
816 A	0.19508	0.26890	0.53602
817 G	0.19652	0.27603	0.52744
818 T	0.19870	0.28471	0.51659
819 T	0.19974	0.29459	0.50566
820 A	0.19869	0.31447	0.48684
821 A	0.19782	0.32339	0.47879
822 A	0.19793	0.31559	0.48649
823 G	0.19866	0.29993	0.50141
824 A	0.20132	0.28909	0.50959
825 A	0.20775	0.26843	0.52382
826 G	0.21596	0.24177	0.54228
827 C	0.22767	0.21442	0.5579
828 T	0.23715	0.20248	0.56037
829 T	0.23940	0.20079	0.55981
830 G	0.24000	0.20283	0.55718
831 T	0.24058	0.20870	0.55071
832 A	0.24036	0.21537	0.54427
833 A	0.24052	0.21615	0.54333
834 A	0.24105	0.21550	0.54345
835 G	0.24315	0.21372	0.54313
836 A	0.24779	0.20990	0.54231
837 A	0.26438	0.18971	0.54591
838 G	0.28773	0.16272	0.54954
839 G	0.31268	0.13769	0.54963
840 T	0.34513	0.11055	0.54431
841 T	0.36251	0.10912	0.52836
842 T	0.37307	0.10945	0.51748
843 A	0.37878	0.11856	0.50266
844 A	0.38362	0.11686	0.49952
845 T	0.38875	0.11176	0.49949
846 T	0.38744	0.11335	0.49921
847 T	0.38245	0.11877	0.49878
848 C	0.37501	0.12667	0.49833
849 T	0.36826	0.13449	0.49725
850 A	0.35704	0.14666	0.4963
851 C	0.35262	0.15200	0.49537
852 T	0.35323	0.15166	0.49511
853 A	0.35372	0.15151	0.49477
854 T	0.35945	0.14568	0.49488
855 T	0.36371	0.14110	0.49519
856 C	0.36383	0.14081	0.49536
857 G	0.36463	0.13991	0.49546
858 T	0.36598	0.13869	0.49533
859 T	0.36567	0.13918	0.49515
860 A	0.36281	0.14232	0.49487
861 T	0.36315	0.14206	0.49479
862 A	0.36333	0.14207	0.4946
863 A	0.37024	0.13503	0.49473
864 T	0.38767	0.11716	0.49517
865 A	0.39797	0.10638	0.49565
866 A	0.41197	0.09018	0.49785
867 T	0.41763	0.08165	0.50072
868 T	0.41943	0.07688	0.5037
869 A	0.42022	0.07278	0.507
870 T	0.42142	0.06348	0.5151
871 T	0.42204	0.05450	0.52346
872 T	0.42253	0.04702	0.53044
873 A	0.42261	0.03808	0.53931
874 T	0.42318	0.03167	0.54515
875 C	0.42282	0.02848	0.54871
876 T	0.42236	0.02801	0.54964
877 T	0.42074	0.03037	0.54888
878 T	0.41742	0.03598	0.54661
879 T	0.40997	0.04864	0.54139
880 A	0.38948	0.07967	0.53085
881 T	0.37002	0.10770	0.52228
882 A	0.31437	0.17915	0.50649
883 A	0.25720	0.25008	0.49271
884 A	0.19271	0.33430	0.47298
885 A	0.13589	0.41053	0.45359
886 G	0.08916	0.48393	0.4269
887 A	0.06539	0.52943	0.40518
888 A	0.05349	0.55170	0.39481
889 A	0.04265	0.57148	0.38588
890 T	0.04182	0.57393	0.38425
891 A	0.04003	0.57700	0.38297
892 A	0.03901	0.57854	0.38244
893 G	0.03880	0.57866	0.38254
894 T	0.03869	0.57867	0.38265
895 G	0.03870	0.57838	0.38292
896 A	0.03878	0.57799	0.38323
897 A	0.03890	0.57755	0.38355
898 A	0.03914	0.57668	0.38418
899 A	0.03972	0.57469	0.3856
900 G	0.04132	0.56988	0.3888
901 A	0.04455	0.56281	0.39264
902 A	0.05082	0.54857	0.40061
903 A	0.06141	0.52037	0.41822
904 A	0.07265	0.48792	0.43943
905 A	0.09101	0.41884	0.49016
906 A	0.10943	0.34485	0.54572
907 A	0.13362	0.25802	0.60836
908 A	0.15980	0.17361	0.66659
909 T	0.19305	0.08892	0.71803
910 T	0.21256	0.04339	0.74405
911 A	0.22003	0.02238	0.75758
912 A	0.22774	0.00000	0.77226
