# lcl|CP097583.1_cds_USQ93329.1_1
# AA	inside	membr	outside
1 A	0.82907	0.00000	0.17093
2 T	0.81800	0.01107	0.17093
3 G	0.80826	0.02082	0.17093
4 A	0.80826	0.06331	0.12843
5 A	0.68581	0.22366	0.09053
6 C	0.68581	0.22963	0.08456
7 A	0.42434	0.49277	0.08289
8 A	0.42433	0.49281	0.08285
9 A	0.40076	0.51695	0.08229
10 T	0.40074	0.53659	0.06267
11 C	0.39592	0.54349	0.06059
12 A	0.31750	0.62514	0.05736
13 A	0.26608	0.68287	0.05105
14 A	0.26607	0.68288	0.05105
15 A	0.26607	0.68911	0.04482
16 A	0.26230	0.69288	0.04482
17 T	0.25828	0.69694	0.04477
18 T	0.25808	0.69738	0.04455
19 C	0.24469	0.71107	0.04425
20 A	0.17265	0.79982	0.02754
21 A	0.08101	0.89132	0.02767
22 A	0.07687	0.89760	0.02553
23 A	0.06538	0.90985	0.02477
24 A	0.06035	0.91654	0.02311
25 A	0.05440	0.90219	0.04341
26 A	0.04746	0.89844	0.0541
27 A	0.07073	0.86209	0.06718
28 G	0.09214	0.74505	0.16281
29 A	0.09195	0.74242	0.16563
30 A	0.09230	0.54027	0.36744
31 A	0.08700	0.56002	0.35298
32 C	0.08267	0.54760	0.36973
33 A	0.08335	0.64356	0.27309
34 A	0.07544	0.72927	0.19529
35 T	0.07428	0.73151	0.19421
36 A	0.07037	0.72101	0.20862
37 A	0.06509	0.73154	0.20337
38 A	0.06157	0.72664	0.21179
39 A	0.05357	0.72574	0.22068
40 C	0.04992	0.71363	0.23645
41 A	0.04845	0.73198	0.21956
42 A	0.04913	0.76952	0.18135
43 A	0.06103	0.72456	0.21441
44 A	0.06003	0.71524	0.22472
45 A	0.06185	0.72841	0.20973
46 G	0.06575	0.71071	0.22355
47 A	0.06917	0.72381	0.20702
48 A	0.07332	0.73673	0.18995
49 A	0.08264	0.73043	0.18693
50 T	0.10212	0.70062	0.19725
51 T	0.11659	0.68427	0.19914
52 G	0.12460	0.69165	0.18375
53 A	0.14148	0.68971	0.16881
54 A	0.17254	0.65579	0.17166
55 T	0.20218	0.62323	0.17459
56 T	0.28318	0.53403	0.18279
57 A	0.34832	0.46138	0.19029
58 T	0.38278	0.42211	0.19511
59 T	0.38845	0.41222	0.19933
60 A	0.38894	0.40858	0.20247
61 C	0.39147	0.40156	0.20697
62 A	0.38303	0.41418	0.20278
63 G	0.38471	0.41397	0.20132
64 C	0.40827	0.39560	0.19614
65 T	0.46177	0.35611	0.18211
66 A	0.47213	0.36254	0.16533
67 G	0.52121	0.32276	0.15603
68 T	0.54609	0.30746	0.14646
69 A	0.54108	0.32227	0.13665
70 A	0.55992	0.30859	0.1315
71 T	0.59539	0.27337	0.13124
72 T	0.60383	0.26708	0.12908
73 A	0.59301	0.28392	0.12308
74 A	0.59341	0.28988	0.11671
75 T	0.60909	0.27582	0.11509
76 T	0.58847	0.30492	0.10661
77 A	0.50116	0.40930	0.08954
78 T	0.47163	0.44430	0.08407
79 C	0.42500	0.49586	0.07914
80 A	0.38612	0.54770	0.06618
81 A	0.35262	0.58295	0.06443
82 A	0.33681	0.59821	0.06499
83 A	0.33582	0.59714	0.06704
84 A	0.33864	0.59200	0.06936
85 C	0.35157	0.55767	0.09075
86 C	0.36069	0.54490	0.09441
87 T	0.37112	0.53457	0.0943
88 A	0.37955	0.52720	0.09324
89 A	0.39319	0.51275	0.09407
90 T	0.40344	0.50117	0.09539
91 T	0.41099	0.48958	0.09944
92 T	0.41437	0.46665	0.11898
93 T	0.41028	0.46001	0.12971
94 A	0.39706	0.47250	0.13044
95 G	0.38286	0.47692	0.14022
96 A	0.38056	0.46599	0.15344
97 G	0.38247	0.45118	0.16635
98 A	0.38495	0.43854	0.1765
99 A	0.39855	0.39017	0.21129
100 T	0.42448	0.27063	0.3049
101 T	0.43090	0.22643	0.34266
102 T	0.43442	0.18522	0.38035
103 A	0.43878	0.15196	0.40926
104 T	0.44017	0.11927	0.44057
105 C	0.44018	0.10277	0.45705
106 T	0.44017	0.10284	0.45699
107 T	0.44016	0.10547	0.45437
108 T	0.43958	0.11303	0.44738
109 A	0.43707	0.14538	0.41755
110 T	0.43460	0.17342	0.39198
111 T	0.42983	0.19749	0.37268
112 T	0.42270	0.23209	0.34522
113 T	0.41840	0.26774	0.31386
114 A	0.41317	0.32857	0.25826
115 A	0.41048	0.34081	0.24871
116 T	0.41085	0.34000	0.24915
117 T	0.41277	0.33425	0.25298
118 A	0.40867	0.33868	0.25265
119 A	0.39057	0.35423	0.2552
120 A	0.37519	0.36831	0.25651
121 T	0.37553	0.37028	0.25419
122 T	0.37697	0.37116	0.25186
123 C	0.37376	0.37788	0.24836
124 T	0.37134	0.39342	0.23523
125 A	0.36304	0.42072	0.21624
126 T	0.35277	0.45471	0.19253
127 A	0.32633	0.54972	0.12395
128 A	0.26911	0.63269	0.0982
129 A	0.22521	0.70111	0.07368
130 A	0.20031	0.73993	0.05977
131 A	0.19774	0.74667	0.05558
132 A	0.22859	0.71273	0.05868
133 T	0.26912	0.66675	0.06413
134 A	0.29239	0.63687	0.07074
135 T	0.32389	0.59735	0.07877
136 C	0.34565	0.57314	0.08121
137 T	0.38007	0.54325	0.07668
138 T	0.36734	0.56290	0.06976
139 A	0.34149	0.58939	0.06912
140 A	0.32815	0.60271	0.06914
141 A	0.32790	0.60005	0.07206
142 A	0.32686	0.57873	0.0944
143 C	0.32633	0.55623	0.11744
144 T	0.33186	0.54767	0.12047
145 C	0.32367	0.55312	0.12321
146 A	0.32461	0.55185	0.12354
147 A	0.33082	0.54435	0.12484
148 G	0.34430	0.52546	0.13024
149 A	0.36776	0.49161	0.14062
150 T	0.44297	0.39443	0.1626
151 A	0.46657	0.31306	0.22038
152 T	0.49080	0.23746	0.27174
153 T	0.49872	0.20114	0.30015
154 T	0.49028	0.21159	0.29813
155 T	0.46061	0.26709	0.2723
156 A	0.36810	0.41459	0.21731
157 A	0.32293	0.51387	0.1632
158 A	0.29442	0.55700	0.14858
159 A	0.27796	0.58136	0.14068
160 T	0.28133	0.59003	0.12865
161 T	0.27859	0.58968	0.13172
162 A	0.26249	0.59661	0.1409
163 T	0.25603	0.60042	0.14354
164 T	0.24704	0.61632	0.13664
165 A	0.22059	0.66041	0.11899
166 A	0.20419	0.68882	0.10699
167 A	0.19772	0.69540	0.10688
168 T	0.19418	0.68727	0.11855
169 A	0.17752	0.70319	0.11928
170 T	0.17132	0.70690	0.12178
171 T	0.16448	0.71428	0.12123
172 A	0.15283	0.72984	0.11733
173 A	0.15027	0.73507	0.11466
174 T	0.15421	0.73093	0.11486
175 A	0.15498	0.73497	0.11005
176 A	0.15975	0.73169	0.10856
177 A	0.17527	0.70953	0.11519
178 A	0.20503	0.65036	0.14461
179 A	0.25885	0.51181	0.22934
180 T	0.32311	0.39947	0.27742
181 T	0.34562	0.34413	0.31025
182 C	0.36702	0.29612	0.33686
183 T	0.39499	0.26594	0.33908
184 T	0.40932	0.24814	0.34253
185 A	0.41660	0.23837	0.34503
186 T	0.42723	0.22536	0.34741
187 T	0.43596	0.21625	0.34779
188 A	0.44893	0.19440	0.35667
189 T	0.46377	0.16751	0.36871
190 T	0.46893	0.16238	0.36869
191 A	0.46508	0.17423	0.36069
192 T	0.46320	0.17166	0.36514
193 T	0.45595	0.21388	0.33017
194 G	0.38447	0.32886	0.28668
195 G	0.34431	0.41053	0.24516
196 A	0.30655	0.51937	0.17408
197 A	0.26800	0.61487	0.11713
198 A	0.23252	0.70938	0.0581
199 A	0.18584	0.76212	0.05203
200 A	0.14955	0.80258	0.04787
201 A	0.11846	0.84003	0.04152
202 A	0.09915	0.86644	0.03441
203 C	0.08311	0.88819	0.0287
204 A	0.06426	0.92629	0.00944
205 A	0.04916	0.94379	0.00705
206 A	0.03071	0.96510	0.00419
207 A	0.02683	0.96950	0.00367
208 A	0.02902	0.96718	0.0038
209 C	0.03151	0.96271	0.00578
210 A	0.03640	0.95768	0.00592
211 C	0.05076	0.94277	0.00648
212 A	0.05597	0.93916	0.00487
213 A	0.06237	0.93319	0.00443
214 A	0.06931	0.92608	0.00461
215 A	0.08045	0.91112	0.00843
216 A	0.11591	0.86983	0.01426
217 G	0.15316	0.76300	0.08384
218 A	0.18930	0.69182	0.11888
219 A	0.23935	0.60659	0.15406
220 A	0.26824	0.56073	0.17103
221 A	0.29128	0.53048	0.17825
222 A	0.26028	0.52695	0.21276
223 A	0.22931	0.52249	0.24821
224 A	0.21481	0.50173	0.28347
225 A	0.18489	0.50967	0.30543
226 G	0.18465	0.48562	0.32973
227 A	0.19765	0.44889	0.35345
228 A	0.19998	0.42407	0.37595
229 G	0.20346	0.39170	0.40484
230 C	0.20885	0.37754	0.41361
231 T	0.19687	0.40368	0.39945
232 G	0.17511	0.44656	0.37833
233 A	0.15997	0.49643	0.3436
234 T	0.15327	0.54157	0.30516
235 T	0.13738	0.58508	0.27755
236 A	0.10272	0.66828	0.22899
237 T	0.08793	0.71043	0.20164
238 A	0.06535	0.77438	0.16027
239 A	0.05047	0.80027	0.14926
240 T	0.04536	0.81205	0.14259
241 A	0.03977	0.83736	0.12287
242 A	0.04059	0.84743	0.11198
243 A	0.05782	0.82408	0.1181
244 A	0.08278	0.77623	0.14099
245 T	0.09729	0.72233	0.18037
246 T	0.10209	0.68158	0.21632
247 A	0.10135	0.66270	0.23596
248 C	0.10301	0.62652	0.27047
249 A	0.10119	0.63201	0.2668
250 A	0.09975	0.63494	0.2653
251 A	0.09948	0.63975	0.26077
252 A	0.10202	0.64120	0.25678
253 A	0.10413	0.64706	0.24881
254 G	0.11615	0.63393	0.24993
255 A	0.13139	0.62131	0.24731
256 A	0.15935	0.59650	0.24415
257 T	0.20805	0.54711	0.24484
258 A	0.23007	0.52435	0.24558
259 G	0.27186	0.47359	0.25455
260 G	0.29288	0.47697	0.23015
261 T	0.33241	0.45431	0.21328
262 A	0.33156	0.53800	0.13043
263 A	0.31537	0.59870	0.08594
264 A	0.32776	0.60536	0.06687
265 T	0.34304	0.60158	0.05537
266 T	0.34104	0.60409	0.05487
267 A	0.32297	0.62299	0.05403
268 T	0.31622	0.62935	0.05442
269 G	0.30571	0.63898	0.05531
270 C	0.29279	0.65062	0.0566
271 A	0.28110	0.66578	0.05312
272 A	0.28152	0.66643	0.05205
273 A	0.28260	0.66599	0.05141
274 A	0.28876	0.66006	0.05118
275 A	0.29686	0.65174	0.05141
276 A	0.31328	0.63060	0.05612
277 A	0.33880	0.59673	0.06447
278 A	0.36827	0.55516	0.07657
279 T	0.40186	0.50520	0.09294
280 C	0.42048	0.47954	0.09998
281 A	0.44598	0.45272	0.1013
282 A	0.48692	0.40938	0.1037
283 T	0.53475	0.35338	0.11187
284 A	0.56139	0.32243	0.11619
285 T	0.64556	0.22585	0.12859
286 T	0.68265	0.14643	0.17092
287 C	0.69700	0.10759	0.19541
288 T	0.70471	0.10613	0.18916
289 T	0.70369	0.11790	0.17841
290 T	0.70226	0.12674	0.17099
291 T	0.69622	0.14555	0.15823
292 G	0.68897	0.16158	0.14945
293 G	0.68611	0.15261	0.16128
294 T	0.68436	0.14292	0.17271
295 T	0.67445	0.14848	0.17708
296 A	0.62269	0.19824	0.17908
297 C	0.59692	0.22208	0.181
298 C	0.58292	0.23626	0.18082
299 G	0.56617	0.25463	0.1792
300 T	0.56253	0.26111	0.17636
301 A	0.55734	0.26971	0.17294
302 A	0.55506	0.27753	0.16741
303 A	0.55349	0.28433	0.16218
304 A	0.55430	0.28274	0.16296
305 T	0.55428	0.28118	0.16454
306 T	0.55273	0.28148	0.16578
307 A	0.55118	0.28196	0.16686
308 C	0.55128	0.28021	0.16851
309 G	0.55203	0.27892	0.16905
310 A	0.55570	0.27453	0.16978
311 T	0.57776	0.25071	0.17153
312 T	0.60058	0.22409	0.17533
313 C	0.61130	0.21097	0.17773
314 T	0.62123	0.19617	0.1826
315 T	0.62466	0.19064	0.1847
316 T	0.62381	0.19187	0.18432
317 A	0.62081	0.19683	0.18236
318 T	0.62055	0.18695	0.1925
319 T	0.62003	0.13148	0.24849
320 T	0.61636	0.11152	0.27211
321 T	0.60499	0.11210	0.28292
322 C	0.57797	0.12403	0.298
323 A	0.56799	0.13571	0.29631
324 A	0.56321	0.14310	0.29369
325 A	0.56348	0.15020	0.28631
326 C	0.56791	0.14488	0.28722
327 T	0.56809	0.14679	0.28512
328 T	0.55936	0.16144	0.2792
329 A	0.53719	0.19677	0.26604
330 C	0.51709	0.22583	0.25709
331 A	0.43709	0.37800	0.18492
332 A	0.37170	0.48909	0.1392
333 A	0.33123	0.60114	0.06763
334 G	0.31231	0.64199	0.0457
335 A	0.30206	0.66553	0.03241
336 A	0.29664	0.67556	0.0278
337 A	0.29712	0.67664	0.02624
338 T	0.30100	0.67194	0.02705
339 A	0.30350	0.66821	0.02829
340 G	0.31095	0.65595	0.03311
341 T	0.31344	0.65013	0.03643
342 T	0.31297	0.64888	0.03815
343 A	0.30980	0.65040	0.03981
344 A	0.30678	0.64499	0.04823
345 C	0.30258	0.62883	0.06859
346 A	0.29980	0.62646	0.07374
347 A	0.30143	0.62156	0.07701
348 C	0.30983	0.61144	0.07873
349 A	0.31069	0.61864	0.07067
350 A	0.31282	0.61867	0.0685
351 A	0.31960	0.60428	0.07612
352 A	0.33321	0.57231	0.09447
353 A	0.34604	0.54425	0.1097
354 A	0.42570	0.38382	0.19048
355 G	0.47957	0.26380	0.25663
356 T	0.54901	0.15694	0.29404
357 T	0.56200	0.13005	0.30796
358 T	0.54994	0.14891	0.30115
359 T	0.51555	0.20177	0.28268
360 A	0.38056	0.35467	0.26478
361 C	0.31788	0.43609	0.24603
362 A	0.28442	0.48513	0.23045
363 A	0.27055	0.52289	0.20656
364 A	0.26453	0.53696	0.19851
365 T	0.26019	0.54400	0.19581
366 C	0.23129	0.57147	0.19725
367 A	0.21963	0.58092	0.19945
368 T	0.21559	0.58494	0.19947
369 G	0.20779	0.59767	0.19454
370 C	0.20727	0.60131	0.19142
371 G	0.20675	0.61105	0.18221
372 T	0.21316	0.60843	0.17841
373 A	0.21435	0.61589	0.16976
374 T	0.21643	0.61614	0.16744
375 A	0.21671	0.61810	0.16519
376 A	0.21922	0.61422	0.16656
377 A	0.22590	0.60551	0.16859
378 T	0.23743	0.58761	0.17495
379 A	0.24335	0.57488	0.18177
380 A	0.25039	0.55642	0.19318
381 G	0.26539	0.51263	0.22198
382 T	0.28637	0.45015	0.26347
383 G	0.30276	0.31619	0.38106
384 G	0.32456	0.23709	0.43835
385 T	0.34612	0.20422	0.44965
386 T	0.36750	0.18300	0.44949
387 A	0.37120	0.18741	0.44139
388 A	0.37178	0.17978	0.44845
389 T	0.37332	0.14683	0.47985
390 G	0.36985	0.14361	0.48654
391 A	0.37200	0.14353	0.48447
392 C	0.37309	0.14697	0.47993
393 A	0.36819	0.18441	0.4474
394 T	0.36501	0.21753	0.41747
395 A	0.30636	0.32962	0.36403
396 T	0.26944	0.42779	0.30278
397 A	0.19468	0.64762	0.1577
398 G	0.12402	0.83761	0.03836
399 A	0.09220	0.88201	0.02579
400 A	0.06865	0.90613	0.02522
401 A	0.05631	0.91824	0.02544
402 A	0.05423	0.91990	0.02587
403 C	0.05478	0.91865	0.02657
404 C	0.05671	0.91659	0.02669
405 C	0.06026	0.91302	0.02672
406 T	0.06574	0.90755	0.0267
407 A	0.06990	0.90350	0.02661
408 T	0.07647	0.89698	0.02656
409 C	0.07948	0.89395	0.02658
410 A	0.08300	0.89039	0.02662
411 T	0.08306	0.88856	0.02838
412 A	0.07942	0.89208	0.0285
413 A	0.07756	0.89089	0.03155
414 A	0.07981	0.88661	0.03358
415 A	0.09312	0.86100	0.04589
416 A	0.12637	0.81320	0.06043
417 A	0.16612	0.75443	0.07945
418 A	0.21960	0.62862	0.15178
419 A	0.28647	0.51391	0.19961
420 A	0.42028	0.31576	0.26395
421 T	0.54227	0.13518	0.32256
422 T	0.55172	0.10439	0.3439
423 T	0.54908	0.09610	0.35482
424 T	0.53080	0.13939	0.3298
425 A	0.49051	0.20593	0.30357
426 T	0.42782	0.28687	0.28532
427 A	0.30257	0.49895	0.19848
428 A	0.24654	0.60574	0.14772
429 A	0.20403	0.68550	0.11048
430 A	0.17007	0.75111	0.07883
431 A	0.11421	0.82751	0.05828
432 A	0.06100	0.90102	0.03798
433 A	0.04368	0.92568	0.03064
434 A	0.04029	0.93442	0.0253
435 A	0.03838	0.93446	0.02716
436 G	0.03373	0.93677	0.02949
437 A	0.03094	0.93768	0.03138
438 A	0.02964	0.93735	0.03301
439 C	0.02888	0.93643	0.0347
440 A	0.02890	0.93799	0.03311
441 A	0.03051	0.93756	0.03193
442 A	0.03493	0.93415	0.03092
443 A	0.04484	0.92387	0.0313
444 T	0.06162	0.90595	0.03242
445 T	0.07485	0.88327	0.04188
446 A	0.08519	0.86310	0.05171
447 T	0.11676	0.80274	0.0805
448 A	0.13449	0.74391	0.12159
449 A	0.15285	0.65827	0.18888
450 T	0.24940	0.44805	0.30254
451 T	0.30678	0.34078	0.35244
452 T	0.33638	0.27745	0.38617
453 A	0.35817	0.23269	0.40914
454 A	0.37761	0.16453	0.45785
455 T	0.40022	0.09732	0.50246
456 T	0.40804	0.08110	0.51085
457 A	0.41204	0.09153	0.49643
458 A	0.41481	0.10064	0.48454
459 T	0.41897	0.11052	0.47051
460 T	0.42044	0.11947	0.46009
461 T	0.42129	0.12806	0.45065
462 T	0.42170	0.14261	0.43569
463 A	0.42197	0.15887	0.41916
464 A	0.42269	0.18347	0.39385
465 T	0.42389	0.19099	0.38512
466 T	0.42347	0.20735	0.36919
467 T	0.41870	0.23819	0.34311
468 T	0.41200	0.31833	0.26967
469 A	0.39265	0.38565	0.2217
470 A	0.30229	0.49812	0.19958
471 A	0.25059	0.56355	0.18587
472 T	0.23379	0.58614	0.18007
473 C	0.19290	0.64203	0.16507
474 A	0.15585	0.71291	0.13124
475 G	0.11276	0.77681	0.11043
476 A	0.09829	0.80605	0.09565
477 A	0.09437	0.81257	0.09306
478 A	0.09660	0.81065	0.09274
479 A	0.10538	0.80102	0.09361
480 A	0.12771	0.77759	0.0947
481 C	0.14623	0.75787	0.0959
482 C	0.17137	0.73252	0.09611
483 T	0.18811	0.71573	0.09616
484 C	0.19481	0.70898	0.09621
485 T	0.20053	0.70352	0.09595
486 A	0.18548	0.71890	0.09561
487 C	0.19397	0.71051	0.09551
488 A	0.19541	0.70988	0.0947
489 A	0.20713	0.69822	0.09465
490 A	0.23070	0.67027	0.09902
491 A	0.29577	0.59991	0.10431
492 A	0.34476	0.53744	0.1178
493 A	0.37329	0.41429	0.21243
494 T	0.39998	0.32775	0.27227
495 A	0.41076	0.29677	0.29248
496 T	0.43516	0.23212	0.33272
497 A	0.46207	0.17214	0.36579
498 T	0.48192	0.10670	0.41138
499 A	0.49052	0.08128	0.4282
500 C	0.49431	0.06949	0.4362
501 T	0.49567	0.06769	0.43664
502 G	0.49536	0.07289	0.43175
503 A	0.49477	0.08018	0.42505
504 T	0.49406	0.08233	0.42361
505 T	0.49105	0.08650	0.42245
506 T	0.48949	0.08718	0.42333
507 A	0.48762	0.09134	0.42103
508 A	0.48642	0.08633	0.42726
509 C	0.48592	0.06567	0.44841
510 T	0.48530	0.07688	0.43782
511 T	0.47766	0.10538	0.41696
512 G	0.46450	0.19080	0.34469
513 T	0.45776	0.23040	0.31184
514 T	0.44835	0.24338	0.30827
515 T	0.43396	0.26091	0.30513
516 T	0.41174	0.28514	0.30312
517 A	0.38513	0.31213	0.30274
518 C	0.37507	0.32217	0.30276
519 A	0.36887	0.32918	0.30194
520 A	0.36577	0.33259	0.30164
521 C	0.36420	0.33456	0.30124
522 T	0.36453	0.33530	0.30017
523 A	0.36326	0.33845	0.2983
524 A	0.36355	0.33800	0.29845
525 A	0.36744	0.33340	0.29916
526 T	0.37344	0.32641	0.30015
527 A	0.37491	0.32253	0.30256
528 C	0.37503	0.31809	0.30688
529 G	0.37551	0.31622	0.30827
530 G	0.37937	0.31129	0.30933
531 A	0.38109	0.30938	0.30953
532 A	0.38613	0.30400	0.30986
533 A	0.40448	0.28489	0.31063
534 A	0.43187	0.24620	0.32193
535 T	0.50646	0.15138	0.34217
536 T	0.53268	0.11125	0.35607
537 T	0.53506	0.09575	0.36919
538 T	0.53534	0.08325	0.38142
539 G	0.53365	0.07166	0.39469
540 G	0.53307	0.05817	0.40876
541 T	0.53316	0.05131	0.41554
542 T	0.53333	0.04711	0.41956
543 A	0.53238	0.04583	0.42179
544 T	0.53218	0.04471	0.4231
545 C	0.53106	0.04522	0.42373
546 A	0.52825	0.04964	0.4221
547 G	0.52568	0.05433	0.41998
548 T	0.52534	0.05685	0.41781
549 T	0.52516	0.06224	0.4126
550 A	0.52444	0.07069	0.40487
551 T	0.52373	0.07568	0.40059
552 A	0.52177	0.08479	0.39344
553 A	0.52054	0.08980	0.38965
554 T	0.51851	0.09254	0.38895
555 G	0.51333	0.09814	0.38853
556 G	0.51176	0.10042	0.38782
557 A	0.51157	0.10134	0.3871
558 T	0.51243	0.10101	0.38656
559 G	0.51302	0.10091	0.38607
560 G	0.51531	0.10020	0.38449
561 T	0.51903	0.09713	0.38384
562 T	0.52128	0.09593	0.38278
563 T	0.52219	0.09642	0.3814
564 T	0.52095	0.10068	0.37838
565 A	0.51761	0.10974	0.37265
566 A	0.51282	0.12189	0.3653
567 T	0.50732	0.12765	0.36503
568 A	0.49934	0.13528	0.36537
569 A	0.49812	0.13398	0.3679
570 T	0.49727	0.13285	0.36988
571 C	0.48756	0.14335	0.36909
572 A	0.48595	0.14867	0.36539
573 A	0.49217	0.14538	0.36245
574 A	0.49922	0.14047	0.36032
575 T	0.50910	0.13110	0.3598
576 T	0.51419	0.12668	0.35913
577 T	0.51415	0.12428	0.36157
578 T	0.50454	0.12967	0.3658
579 A	0.49929	0.13409	0.36662
580 G	0.49762	0.13560	0.36678
581 C	0.49742	0.13614	0.36644
582 A	0.49795	0.13873	0.36332
583 T	0.50078	0.13946	0.35976
584 A	0.49895	0.14390	0.35715
585 T	0.49465	0.14912	0.35624
586 G	0.48745	0.15778	0.35478
587 A	0.48105	0.16488	0.35407
588 A	0.48125	0.16299	0.35575
589 A	0.48557	0.15421	0.36022
590 T	0.48594	0.14676	0.3673
591 G	0.48376	0.14067	0.37558
592 A	0.48248	0.13858	0.37894
593 G	0.48061	0.13572	0.38367
594 T	0.48155	0.12531	0.39314
595 C	0.48164	0.12093	0.39743
596 A	0.48429	0.12134	0.39437
597 A	0.48681	0.11965	0.39354
598 T	0.48960	0.11633	0.39407
599 A	0.49039	0.11444	0.39517
600 T	0.49055	0.11175	0.39769
601 C	0.48223	0.10806	0.40972
602 C	0.47587	0.11398	0.41015
603 T	0.47143	0.13476	0.39382
604 A	0.46668	0.15997	0.37335
605 A	0.46587	0.17012	0.36401
606 T	0.46760	0.17110	0.3613
607 T	0.46631	0.17132	0.36236
608 T	0.46191	0.16910	0.36899
609 A	0.45801	0.16643	0.37555
610 G	0.45773	0.15945	0.38281
611 A	0.45805	0.15848	0.38347
612 A	0.45925	0.15716	0.38359
613 T	0.46082	0.15916	0.38002
614 T	0.45447	0.16437	0.38116
615 A	0.44242	0.17630	0.38128
616 G	0.43464	0.18174	0.38361
617 T	0.43005	0.18642	0.38353
618 C	0.42496	0.19105	0.38399
619 A	0.42444	0.19821	0.37736
620 A	0.42413	0.20361	0.37226
621 A	0.42325	0.21111	0.36564
622 A	0.42285	0.21252	0.36462
623 A	0.42269	0.21324	0.36407
624 A	0.42312	0.20260	0.37429
625 A	0.42960	0.18696	0.38344
626 C	0.44885	0.15949	0.39166
627 T	0.46909	0.13426	0.39665
628 T	0.47551	0.12381	0.40068
629 T	0.47092	0.12683	0.40224
630 T	0.46067	0.13937	0.39997
631 C	0.42843	0.17835	0.39322
632 A	0.39454	0.22328	0.38217
633 A	0.38587	0.24726	0.36687
634 A	0.38564	0.25849	0.35587
635 A	0.38824	0.26026	0.3515
636 A	0.39400	0.25373	0.35227
637 T	0.39784	0.23972	0.36244
638 T	0.39943	0.22451	0.37605
639 G	0.39168	0.22365	0.38467
640 C	0.38876	0.22196	0.38928
641 C	0.38748	0.22158	0.39093
642 G	0.38799	0.22407	0.38794
643 A	0.39035	0.22401	0.38565
644 A	0.39538	0.22092	0.3837
645 A	0.39709	0.22079	0.38212
646 T	0.39896	0.22136	0.37968
647 T	0.39914	0.22121	0.37964
648 A	0.39828	0.22293	0.37879
649 A	0.39833	0.22267	0.379
650 A	0.39842	0.22070	0.38088
651 A	0.39948	0.21262	0.38789
652 G	0.40289	0.19334	0.40376
653 A	0.41177	0.17112	0.41711
654 T	0.42672	0.12637	0.4469
655 C	0.43893	0.08749	0.47359
656 C	0.45251	0.06843	0.47905
657 T	0.46119	0.06057	0.47823
658 T	0.46432	0.06207	0.4736
659 G	0.46379	0.06938	0.46683
660 T	0.46349	0.07837	0.45814
661 A	0.46335	0.09106	0.4456
662 T	0.46404	0.08748	0.44848
663 T	0.46275	0.08821	0.44904
664 A	0.45930	0.09171	0.44899
665 T	0.46046	0.08762	0.45191
666 G	0.45748	0.09003	0.45249
667 C	0.45474	0.09211	0.45316
668 A	0.45140	0.09575	0.45285
669 T	0.45338	0.09368	0.45293
670 T	0.45038	0.09656	0.45305
671 C	0.44354	0.10474	0.45172
672 G	0.43515	0.11405	0.4508
673 G	0.42504	0.12639	0.44858
674 A	0.40858	0.14672	0.4447
675 T	0.40279	0.15464	0.44258
676 C	0.39482	0.16559	0.43959
677 A	0.38454	0.17968	0.43578
678 A	0.37652	0.19037	0.43311
679 G	0.34843	0.21876	0.43281
680 G	0.33346	0.23418	0.43235
681 A	0.33444	0.23372	0.43184
682 A	0.34062	0.22663	0.43275
683 C	0.34966	0.21614	0.43421
684 T	0.36207	0.20353	0.43439
685 A	0.36620	0.19980	0.434
686 T	0.37034	0.19474	0.43492
687 T	0.37124	0.19118	0.43757
688 T	0.36775	0.19560	0.43664
689 A	0.36120	0.19905	0.43974
690 T	0.35559	0.19888	0.44553
691 C	0.33845	0.20903	0.45252
692 A	0.32729	0.21737	0.45534
693 A	0.32109	0.21998	0.45893
694 A	0.32018	0.21565	0.46417
695 A	0.31988	0.20879	0.47133
696 C	0.32164	0.19501	0.48335
697 G	0.32482	0.16900	0.50618
698 T	0.32717	0.16071	0.51211
699 T	0.32749	0.15745	0.51506
700 A	0.32495	0.15990	0.51515
701 A	0.32479	0.15833	0.51688
702 A	0.32328	0.13213	0.54459
703 T	0.32166	0.11994	0.5584
704 T	0.31602	0.13727	0.5467
705 T	0.30706	0.18724	0.50569
706 A	0.28690	0.29214	0.42096
707 A	0.27877	0.33105	0.39018
708 A	0.27445	0.34575	0.37981
709 A	0.27305	0.35114	0.37581
710 A	0.27316	0.35051	0.37632
711 T	0.27553	0.34382	0.38065
712 T	0.27659	0.33754	0.38587
713 A	0.27646	0.33396	0.38958
714 T	0.27676	0.32118	0.40207
715 T	0.27645	0.31568	0.40787
716 T	0.27371	0.31722	0.40907
717 A	0.26719	0.32889	0.40393
718 A	0.26304	0.34085	0.39611
719 A	0.26078	0.34460	0.39462
720 A	0.25942	0.34588	0.3947
721 A	0.25898	0.34552	0.39549
722 A	0.26031	0.34170	0.398
723 G	0.26397	0.33291	0.40312
724 A	0.26781	0.32694	0.40525
725 A	0.27432	0.31709	0.40859
726 A	0.28679	0.29943	0.41378
727 G	0.30927	0.26799	0.42274
728 G	0.35776	0.21030	0.43194
729 T	0.44474	0.10627	0.44898
730 T	0.47103	0.07368	0.4553
731 T	0.47722	0.06409	0.45869
732 T	0.47946	0.06123	0.45931
733 C	0.48045	0.06097	0.45857
734 T	0.48205	0.06091	0.45704
735 T	0.48372	0.06163	0.45465
736 A	0.48557	0.06181	0.45262
737 T	0.48985	0.05840	0.45175
738 T	0.49254	0.05692	0.45055
739 A	0.49431	0.05321	0.45248
740 G	0.49933	0.04259	0.45808
741 T	0.50821	0.03154	0.46025
742 T	0.51074	0.02807	0.46119
743 T	0.51154	0.02712	0.46134
744 T	0.51005	0.02926	0.46069
745 T	0.50273	0.03780	0.45947
746 C	0.48868	0.05278	0.45853
747 G	0.46031	0.08510	0.45459
748 A	0.42452	0.13056	0.44493
749 G	0.40333	0.15521	0.44146
750 A	0.39579	0.16702	0.43718
751 A	0.39400	0.16943	0.43656
752 A	0.39314	0.17079	0.43607
753 A	0.39287	0.17135	0.43579
754 G	0.39400	0.17025	0.43575
755 C	0.39615	0.16817	0.43568
756 T	0.39918	0.16527	0.43554
757 G	0.40041	0.16395	0.43564
758 T	0.40246	0.16174	0.43581
759 T	0.40242	0.16182	0.43576
760 C	0.39751	0.16701	0.43547
761 C	0.39205	0.17337	0.43458
762 G	0.38583	0.18139	0.43278
763 A	0.38427	0.18514	0.43059
764 A	0.38448	0.18600	0.42951
765 T	0.38481	0.18593	0.42926
766 G	0.38330	0.18749	0.42921
767 A	0.38478	0.18280	0.43243
768 T	0.38626	0.17040	0.44334
769 A	0.38543	0.15693	0.45765
770 A	0.38804	0.12775	0.48422
771 T	0.39578	0.08654	0.51768
772 G	0.39541	0.06889	0.5357
773 C	0.39615	0.06233	0.54151
774 A	0.39333	0.06929	0.53737
775 A	0.39308	0.07262	0.5343
776 T	0.39328	0.07406	0.53266
777 G	0.39242	0.07634	0.53124
778 A	0.39238	0.07826	0.52936
779 T	0.39249	0.07971	0.5278
780 A	0.39159	0.08571	0.52269
781 G	0.38867	0.08803	0.52329
782 A	0.38726	0.08900	0.52373
783 A	0.38772	0.08487	0.5274
784 T	0.38909	0.07986	0.53105
785 C	0.38960	0.07284	0.53756
786 T	0.39081	0.07134	0.53784
787 T	0.39062	0.07178	0.5376
788 A	0.38983	0.07307	0.5371
789 C	0.38991	0.07120	0.53888
790 T	0.39035	0.07145	0.53819
791 T	0.38933	0.07188	0.53879
792 T	0.38562	0.07501	0.53937
793 G	0.37775	0.08239	0.53985
794 G	0.37313	0.08665	0.54023
795 G	0.37104	0.08645	0.54252
796 A	0.37125	0.08481	0.54394
797 C	0.37602	0.07703	0.54695
798 C	0.37964	0.07643	0.54393
799 T	0.38170	0.08912	0.52917
800 T	0.38214	0.10218	0.51567
801 A	0.37291	0.13651	0.49058
802 A	0.37220	0.15378	0.47401
803 A	0.37415	0.16890	0.45695
804 A	0.37325	0.17305	0.4537
805 G	0.37426	0.17548	0.45026
806 G	0.37614	0.17787	0.44599
807 A	0.37964	0.17871	0.44166
808 T	0.38201	0.18183	0.43616
809 A	0.38354	0.18713	0.42933
810 T	0.38541	0.18680	0.42779
811 T	0.38566	0.18874	0.4256
812 T	0.38384	0.19443	0.42173
813 A	0.37125	0.21208	0.41667
814 A	0.36020	0.22302	0.41678
815 A	0.35293	0.22813	0.41894
816 A	0.34815	0.22731	0.42454
817 A	0.34366	0.22872	0.42763
818 C	0.34071	0.23014	0.42915
819 A	0.34029	0.23748	0.42222
820 A	0.34143	0.23811	0.42046
821 A	0.34020	0.24102	0.41878
822 T	0.35442	0.22907	0.41651
823 A	0.35822	0.22553	0.41626
824 C	0.37844	0.19430	0.42726
825 A	0.39167	0.18007	0.42826
826 T	0.40969	0.15936	0.43095
827 C	0.41520	0.15252	0.43228
828 T	0.42300	0.14465	0.43235
829 T	0.42767	0.14005	0.43229
830 C	0.43060	0.13685	0.43254
831 T	0.43742	0.13093	0.43165
832 T	0.44275	0.12648	0.43077
833 T	0.44399	0.12959	0.42641
834 A	0.44322	0.12986	0.42692
835 T	0.44468	0.12685	0.42846
836 A	0.44390	0.11566	0.44044
837 T	0.43995	0.10820	0.45185
838 C	0.43300	0.10783	0.45917
839 A	0.42757	0.11155	0.46088
840 A	0.42222	0.11676	0.46103
841 G	0.41729	0.12128	0.46143
842 A	0.41928	0.12138	0.45934
843 A	0.41930	0.12314	0.45757
844 A	0.42042	0.11496	0.46462
845 A	0.42482	0.11190	0.46328
846 T	0.42798	0.10515	0.46686
847 T	0.42878	0.10186	0.46936
848 T	0.42736	0.10180	0.47084
849 T	0.42142	0.10895	0.46963
850 T	0.40477	0.12575	0.46947
851 C	0.35466	0.17849	0.46684
852 G	0.33383	0.20900	0.45717
853 A	0.31945	0.24048	0.44007
854 C	0.30991	0.25695	0.43314
855 A	0.30170	0.28420	0.4141
856 T	0.30012	0.29353	0.40635
857 T	0.27827	0.32019	0.40155
858 A	0.22515	0.38157	0.39328
859 A	0.19812	0.41089	0.39099
860 G	0.18041	0.42535	0.39424
861 A	0.17168	0.42977	0.39855
862 A	0.16661	0.43160	0.40179
863 A	0.16502	0.43006	0.40492
864 A	0.16501	0.42653	0.40846
865 A	0.16648	0.42447	0.40905
866 A	0.16849	0.42133	0.41018
867 A	0.17091	0.41758	0.4115
868 A	0.17580	0.41137	0.41282
869 T	0.18145	0.40387	0.41468
870 A	0.18185	0.40093	0.41722
871 A	0.18245	0.39506	0.42248
872 A	0.18584	0.38215	0.43201
873 A	0.18944	0.35739	0.45317
874 C	0.19618	0.29913	0.50469
875 A	0.21176	0.26836	0.51988
876 T	0.23690	0.22989	0.53321
877 T	0.24770	0.21304	0.53926
878 T	0.26067	0.19268	0.54664
879 T	0.26451	0.18454	0.55094
880 A	0.26646	0.16065	0.57289
881 T	0.27104	0.10602	0.62293
882 T	0.27275	0.07970	0.64755
883 T	0.27318	0.06662	0.6602
884 G	0.27047	0.06837	0.66117
885 T	0.27133	0.06891	0.65975
886 T	0.26849	0.07323	0.65828
887 A	0.26071	0.08619	0.6531
888 T	0.25910	0.09882	0.64209
889 T	0.25728	0.11221	0.6305
890 A	0.25460	0.13467	0.61073
891 T	0.25339	0.15276	0.59385
892 A	0.25058	0.18004	0.56939
893 A	0.24856	0.20392	0.54752
894 T	0.24578	0.20815	0.54607
895 A	0.24013	0.21688	0.54299
896 A	0.23637	0.22219	0.54144
897 A	0.23517	0.22405	0.54078
898 C	0.23555	0.22354	0.54091
899 A	0.23671	0.22368	0.53961
900 T	0.24202	0.21898	0.539
901 T	0.24425	0.21803	0.53772
902 G	0.24512	0.21836	0.53652
903 G	0.24746	0.21731	0.53523
904 T	0.25115	0.21489	0.53397
905 T	0.25392	0.21792	0.52816
906 A	0.25717	0.21837	0.52446
907 T	0.26561	0.20658	0.5278
908 T	0.27035	0.20110	0.52854
909 A	0.27211	0.20295	0.52495
910 G	0.27731	0.19708	0.5256
911 C	0.28992	0.18744	0.52263
912 T	0.30307	0.18901	0.50793
913 A	0.31963	0.18571	0.49465
914 A	0.33679	0.17390	0.48931
915 A	0.36013	0.15269	0.48718
916 T	0.38085	0.13711	0.48204
917 T	0.38051	0.14931	0.47018
918 A	0.37785	0.16011	0.46204
919 A	0.37459	0.17256	0.45285
920 A	0.36923	0.18200	0.44877
921 T	0.36740	0.18591	0.44669
922 T	0.36357	0.19317	0.44326
923 A	0.35387	0.20890	0.43723
924 T	0.35014	0.21569	0.43417
925 A	0.33845	0.22835	0.43321
926 A	0.32957	0.23817	0.43226
927 A	0.32973	0.23788	0.43238
928 T	0.33668	0.23044	0.43288
929 C	0.33996	0.22615	0.43389
930 A	0.34077	0.22504	0.43419
931 C	0.34500	0.21990	0.4351
932 C	0.35803	0.20658	0.43539
933 T	0.37282	0.19171	0.43547
934 C	0.37897	0.18557	0.43546
935 T	0.39057	0.17400	0.43543
936 T	0.39630	0.16823	0.43547
937 C	0.39686	0.16752	0.43561
938 A	0.39851	0.16574	0.43575
939 A	0.40624	0.15774	0.43602
940 T	0.42519	0.13512	0.43969
941 A	0.43558	0.11994	0.44448
942 T	0.44640	0.10391	0.44969
943 T	0.44309	0.09804	0.45888
944 T	0.41987	0.12214	0.45799
945 A	0.36454	0.18879	0.44666
946 A	0.34278	0.21220	0.44501
947 A	0.32542	0.23391	0.44066
948 A	0.30609	0.25252	0.44139
949 T	0.29728	0.25747	0.44525
950 T	0.27876	0.28003	0.44122
951 T	0.24424	0.32300	0.43276
952 A	0.17468	0.41117	0.41415
953 A	0.16443	0.42409	0.41148
954 A	0.16093	0.42806	0.41101
955 A	0.15995	0.42895	0.4111
956 A	0.15996	0.42811	0.41193
957 T	0.16022	0.42537	0.41441
958 T	0.16044	0.42338	0.41618
959 T	0.16056	0.42172	0.41772
960 T	0.16062	0.42015	0.41922
961 A	0.16070	0.41918	0.42012
962 A	0.16078	0.41797	0.42125
963 A	0.16100	0.41635	0.42264
964 A	0.16175	0.41228	0.42597
965 A	0.16325	0.40611	0.43064
966 A	0.16771	0.39210	0.44019
967 A	0.17570	0.35756	0.46674
968 T	0.19377	0.28506	0.52117
969 A	0.20205	0.25179	0.54615
970 A	0.21443	0.21488	0.57069
971 T	0.23186	0.16531	0.60283
972 T	0.24208	0.13029	0.62764
973 T	0.24801	0.09970	0.65229
974 G	0.25356	0.06309	0.68335
975 A	0.26682	0.00000	0.73318
