# lcl|CP097583.1_cds_USQ93331.1_1
# AA	inside	membr	outside
1 A	0.58173	0.00000	0.41827
2 T	0.58145	0.00028	0.41827
3 G	0.58125	0.00048	0.41827
4 G	0.58125	0.01699	0.40176
5 T	0.57920	0.05725	0.36355
6 T	0.57920	0.06916	0.35164
7 A	0.50819	0.14703	0.34479
8 A	0.50818	0.14719	0.34463
9 A	0.49604	0.16140	0.34256
10 G	0.49602	0.30519	0.19879
11 T	0.49454	0.31341	0.19204
12 A	0.45457	0.35725	0.18818
13 A	0.41694	0.40901	0.17406
14 A	0.41691	0.40904	0.17405
15 T	0.41691	0.42459	0.1585
16 T	0.41071	0.43079	0.1585
17 T	0.38832	0.45395	0.15774
18 C	0.38747	0.45730	0.15524
19 G	0.37202	0.47381	0.15417
20 T	0.33095	0.53005	0.13899
21 T	0.23666	0.62447	0.13887
22 A	0.22913	0.63290	0.13797
23 C	0.21617	0.64668	0.13716
24 A	0.20259	0.66354	0.13387
25 G	0.19040	0.67823	0.13136
26 C	0.17728	0.69774	0.12498
27 A	0.17607	0.70460	0.11934
28 A	0.20260	0.67992	0.11748
29 G	0.21027	0.67069	0.11904
30 A	0.22180	0.61702	0.16118
31 C	0.22423	0.61293	0.16285
32 A	0.22650	0.59969	0.17381
33 T	0.34446	0.48490	0.17064
34 A	0.32194	0.51857	0.15949
35 A	0.31010	0.51406	0.17584
36 A	0.30475	0.49596	0.19929
37 A	0.28831	0.49775	0.21393
38 G	0.29351	0.47851	0.22798
39 A	0.27780	0.46338	0.25882
40 C	0.28004	0.40410	0.31586
41 G	0.28099	0.39080	0.32821
42 T	0.28199	0.39750	0.32051
43 A	0.28666	0.43736	0.27598
44 A	0.26822	0.50080	0.23098
45 A	0.20965	0.59978	0.19056
46 A	0.20384	0.63632	0.15983
47 A	0.20154	0.65919	0.13927
48 A	0.20377	0.66131	0.13492
49 A	0.20981	0.66051	0.12968
50 T	0.21747	0.64490	0.13763
51 A	0.21921	0.64404	0.13674
52 T	0.22291	0.63689	0.1402
53 T	0.22245	0.63886	0.13869
54 A	0.22063	0.64104	0.13833
55 A	0.22124	0.63964	0.13912
56 A	0.22633	0.63071	0.14296
57 A	0.23726	0.59644	0.16629
58 T	0.24733	0.57042	0.18224
59 T	0.24816	0.55440	0.19744
60 A	0.24813	0.53992	0.21195
61 G	0.24858	0.53378	0.21764
62 C	0.25059	0.52411	0.22529
63 A	0.25077	0.54660	0.20263
64 A	0.25424	0.56273	0.18303
65 A	0.28045	0.54227	0.17728
66 A	0.34547	0.48647	0.16806
67 G	0.42248	0.39731	0.18021
68 G	0.47017	0.29037	0.23946
69 T	0.52910	0.22518	0.24571
70 T	0.56471	0.18577	0.24952
71 A	0.57886	0.17413	0.24702
72 T	0.59724	0.15504	0.24772
73 T	0.60459	0.14684	0.24857
74 T	0.60870	0.14155	0.24975
75 T	0.61079	0.13904	0.25017
76 G	0.61254	0.13621	0.25126
77 G	0.61468	0.13251	0.25281
78 T	0.61815	0.12827	0.25358
79 T	0.61851	0.12764	0.25385
80 C	0.61595	0.13072	0.25333
81 C	0.61367	0.13812	0.24821
82 A	0.61319	0.15943	0.22738
83 A	0.61427	0.16091	0.22481
84 A	0.61710	0.15966	0.22324
85 A	0.62550	0.15248	0.22201
86 G	0.65121	0.12542	0.22337
87 T	0.67644	0.09417	0.2294
88 G	0.68440	0.08561	0.23
89 T	0.69822	0.07178	0.23
90 T	0.70235	0.06784	0.22981
91 C	0.70424	0.06779	0.22798
92 T	0.70590	0.07692	0.21718
93 T	0.70662	0.09538	0.198
94 T	0.70599	0.11451	0.17951
95 A	0.69550	0.14686	0.15764
96 T	0.68579	0.18593	0.12827
97 A	0.65905	0.21601	0.12494
98 A	0.64006	0.23699	0.12295
99 A	0.63302	0.24532	0.12167
100 A	0.62997	0.24713	0.12289
101 C	0.62982	0.24442	0.12576
102 A	0.63157	0.24138	0.12704
103 G	0.63372	0.23707	0.12922
104 C	0.64002	0.22927	0.13071
105 T	0.65591	0.21330	0.13079
106 C	0.65698	0.21236	0.13066
107 A	0.65779	0.21265	0.12956
108 T	0.65871	0.21180	0.12949
109 G	0.65787	0.21305	0.12908
110 A	0.65647	0.21544	0.12808
111 A	0.65586	0.21595	0.12819
112 C	0.65694	0.21340	0.12965
113 A	0.65700	0.21386	0.12914
114 G	0.66132	0.20869	0.12999
115 G	0.67560	0.19406	0.13034
116 T	0.69880	0.17037	0.13083
117 T	0.71523	0.15190	0.13287
118 A	0.73060	0.12440	0.14501
119 T	0.75500	0.08604	0.15896
120 G	0.75687	0.05789	0.18523
121 C	0.75860	0.03848	0.20292
122 G	0.76068	0.03200	0.20731
123 T	0.76199	0.02839	0.20961
124 T	0.76241	0.02794	0.20966
125 C	0.76243	0.02789	0.20968
126 T	0.76228	0.02813	0.20958
127 T	0.76132	0.02921	0.20947
128 T	0.75769	0.03303	0.20928
129 G	0.75233	0.03988	0.20779
130 C	0.74737	0.04659	0.20605
131 A	0.74318	0.05461	0.20221
132 A	0.74219	0.05844	0.19936
133 T	0.74234	0.05687	0.20078
134 A	0.73982	0.05970	0.20047
135 T	0.73869	0.06097	0.20035
136 G	0.73454	0.06425	0.2012
137 C	0.72589	0.07432	0.19979
138 T	0.71518	0.09371	0.19111
139 T	0.68205	0.14273	0.17522
140 A	0.63610	0.21090	0.153
141 T	0.59562	0.26735	0.13702
142 A	0.50034	0.40181	0.09785
143 G	0.41780	0.48949	0.09271
144 A	0.34038	0.57609	0.08354
145 G	0.27882	0.64492	0.07626
146 A	0.25448	0.67429	0.07122
147 C	0.23440	0.69613	0.06947
148 A	0.21355	0.72385	0.0626
149 G	0.19867	0.74268	0.05864
150 A	0.19369	0.74796	0.05836
151 A	0.19134	0.74828	0.06039
152 G	0.19031	0.74605	0.06364
153 A	0.18851	0.74501	0.06649
154 C	0.18706	0.74503	0.06792
155 A	0.18335	0.76072	0.05593
156 A	0.18052	0.76925	0.05023
157 A	0.17922	0.77280	0.04798
158 A	0.17724	0.77659	0.04618
159 A	0.17776	0.77392	0.04832
160 A	0.18124	0.75401	0.06475
161 A	0.19070	0.72058	0.08872
162 G	0.20687	0.64578	0.14734
163 A	0.22711	0.58364	0.18924
164 G	0.24179	0.53339	0.22482
165 A	0.27768	0.43716	0.28516
166 A	0.28643	0.36207	0.35151
167 A	0.29891	0.27702	0.42408
168 T	0.31146	0.21168	0.47686
169 T	0.31675	0.21432	0.46892
170 T	0.31729	0.24328	0.43943
171 A	0.29397	0.34519	0.36084
172 A	0.28577	0.38629	0.32793
173 G	0.27571	0.41286	0.31142
174 A	0.26589	0.45366	0.28045
175 A	0.26296	0.48054	0.2565
176 A	0.26472	0.48819	0.24709
177 A	0.26877	0.49697	0.23426
178 T	0.28257	0.48931	0.22812
179 T	0.28714	0.50605	0.20681
180 A	0.28795	0.54218	0.16987
181 T	0.28966	0.59376	0.11658
182 G	0.28924	0.60180	0.10896
183 G	0.28793	0.60723	0.10484
184 A	0.28799	0.60840	0.10361
185 T	0.29108	0.60538	0.10354
186 C	0.29350	0.60298	0.10353
187 A	0.29742	0.60011	0.10246
188 C	0.30444	0.59360	0.10196
189 A	0.31356	0.58657	0.09987
190 A	0.32309	0.57983	0.09708
191 G	0.34312	0.56100	0.09588
192 A	0.38362	0.52208	0.0943
193 A	0.43487	0.47122	0.09392
194 T	0.52825	0.35156	0.12018
195 T	0.56698	0.30320	0.12982
196 A	0.58061	0.28000	0.13938
197 G	0.59941	0.25150	0.14909
198 T	0.61842	0.22945	0.15213
199 G	0.62291	0.22379	0.1533
200 C	0.63934	0.20686	0.1538
201 A	0.65479	0.19324	0.15197
202 G	0.67967	0.16914	0.1512
203 G	0.71625	0.13539	0.14836
204 T	0.77445	0.07898	0.14657
205 T	0.78376	0.07345	0.14279
206 G	0.78721	0.07212	0.14067
207 T	0.79007	0.07056	0.13937
208 T	0.79055	0.07959	0.12986
209 T	0.79050	0.08364	0.12586
210 A	0.79030	0.08750	0.1222
211 A	0.79067	0.09208	0.11726
212 A	0.79234	0.09355	0.11411
213 T	0.79485	0.09224	0.11291
214 A	0.79457	0.09414	0.11128
215 A	0.79474	0.09459	0.11067
216 T	0.79539	0.09381	0.1108
217 G	0.79476	0.09471	0.11054
218 A	0.79551	0.09454	0.10995
219 T	0.79678	0.09121	0.11201
220 A	0.79758	0.08840	0.11402
221 T	0.79981	0.08188	0.11832
222 T	0.80133	0.07595	0.12272
223 C	0.80168	0.07497	0.12335
224 G	0.80193	0.08241	0.11566
225 T	0.80432	0.09336	0.10233
226 T	0.80777	0.09240	0.09983
227 A	0.80980	0.09190	0.0983
228 T	0.81740	0.08428	0.09831
229 T	0.82236	0.07838	0.09926
230 C	0.82357	0.07669	0.09974
231 T	0.82924	0.07108	0.09968
232 C	0.83054	0.06976	0.0997
233 A	0.83217	0.06872	0.09911
234 A	0.83727	0.06387	0.09886
235 T	0.84180	0.05948	0.09872
236 T	0.84340	0.05729	0.09931
237 T	0.84450	0.05493	0.10057
238 A	0.84470	0.05246	0.10283
239 T	0.84569	0.04988	0.10443
240 G	0.84412	0.05014	0.10574
241 C	0.84411	0.04970	0.10619
242 A	0.84334	0.05101	0.10565
243 T	0.84346	0.05068	0.10586
244 G	0.84270	0.05142	0.10587
245 G	0.84300	0.05120	0.1058
246 A	0.84451	0.04994	0.10554
247 C	0.85315	0.03987	0.10698
248 T	0.86577	0.02792	0.10631
249 T	0.86819	0.02680	0.105
250 T	0.86884	0.02846	0.1027
251 T	0.86827	0.03107	0.10066
252 A	0.86773	0.03718	0.09509
253 T	0.86715	0.03734	0.09551
254 T	0.86631	0.03754	0.09615
255 A	0.86268	0.04034	0.09698
256 T	0.85762	0.04504	0.09734
257 C	0.81455	0.08955	0.09589
258 T	0.73292	0.18222	0.08486
259 A	0.63746	0.28997	0.07257
260 A	0.55915	0.37877	0.06209
261 A	0.51620	0.42638	0.05743
262 A	0.49798	0.44660	0.05542
263 T	0.47970	0.46404	0.05626
264 A	0.44361	0.50187	0.05452
265 G	0.43771	0.50892	0.05337
266 A	0.43472	0.51190	0.05338
267 A	0.43326	0.51319	0.05355
268 A	0.43277	0.51374	0.05349
269 T	0.43361	0.51280	0.0536
270 C	0.43215	0.51412	0.05372
271 A	0.43187	0.51462	0.05352
272 A	0.43260	0.51398	0.05341
273 T	0.43444	0.51194	0.05363
274 C	0.43473	0.51116	0.0541
275 G	0.43819	0.50785	0.05396
276 T	0.43930	0.50597	0.05473
277 A	0.43928	0.50603	0.05469
278 A	0.44010	0.50208	0.05782
279 A	0.44253	0.49360	0.06386
280 A	0.44610	0.44099	0.11291
281 T	0.45760	0.33846	0.20394
282 A	0.46845	0.23693	0.29463
283 T	0.47864	0.14986	0.3715
284 T	0.48251	0.10687	0.41061
285 A	0.48321	0.09482	0.42198
286 G	0.48381	0.08124	0.43494
287 C	0.48612	0.05039	0.46349
288 T	0.48806	0.05119	0.46075
289 G	0.48841	0.06903	0.44257
290 A	0.48899	0.11784	0.39317
291 T	0.48883	0.16500	0.34617
292 A	0.48741	0.21776	0.29482
293 T	0.48320	0.26303	0.25377
294 A	0.47823	0.27633	0.24544
295 G	0.47602	0.28338	0.2406
296 T	0.47557	0.28862	0.23582
297 T	0.47418	0.29373	0.23208
298 C	0.47186	0.29946	0.22869
299 A	0.47085	0.31676	0.21238
300 T	0.47055	0.33669	0.19276
301 A	0.46709	0.38253	0.15037
302 A	0.46528	0.39821	0.13651
303 T	0.46069	0.40383	0.13547
304 G	0.44900	0.41564	0.13536
305 A	0.44510	0.41961	0.13529
306 A	0.44386	0.42052	0.13562
307 C	0.44558	0.41808	0.13633
308 C	0.45037	0.41275	0.13688
309 T	0.46068	0.40258	0.13673
310 C	0.46713	0.39661	0.13626
311 A	0.47563	0.38906	0.13532
312 A	0.49329	0.37181	0.13491
313 A	0.53663	0.32842	0.13496
314 T	0.58387	0.27942	0.13671
315 G	0.62937	0.23216	0.13846
316 T	0.67638	0.17933	0.14429
317 T	0.68686	0.16341	0.14973
318 T	0.69263	0.15448	0.1529
319 T	0.69424	0.15131	0.15444
320 C	0.69393	0.14998	0.15609
321 G	0.68204	0.16197	0.15599
322 A	0.68190	0.16596	0.15213
323 A	0.69572	0.15635	0.14793
324 T	0.73155	0.12271	0.14573
325 T	0.73733	0.12259	0.14008
326 A	0.72986	0.12768	0.14246
327 T	0.72638	0.11952	0.15411
328 G	0.72238	0.11969	0.15793
329 T	0.72165	0.12006	0.15829
330 T	0.71839	0.12421	0.1574
331 G	0.71145	0.13338	0.15517
332 A	0.70148	0.14652	0.15201
333 T	0.69442	0.15607	0.14952
334 T	0.68168	0.16933	0.14899
335 T	0.66853	0.18315	0.14833
336 A	0.64250	0.21075	0.14675
337 T	0.63020	0.22355	0.14625
338 C	0.60611	0.24835	0.14554
339 T	0.56935	0.29170	0.13895
340 A	0.48936	0.38842	0.12222
341 A	0.42238	0.47875	0.09887
342 A	0.32967	0.58507	0.08526
343 A	0.23643	0.67813	0.08544
344 A	0.20725	0.69013	0.10262
345 A	0.20075	0.67910	0.12015
346 G	0.20384	0.66542	0.13074
347 C	0.20854	0.65341	0.13805
348 T	0.21510	0.64357	0.14133
349 T	0.21275	0.64433	0.14292
350 T	0.20502	0.65476	0.14022
351 A	0.17755	0.69129	0.13116
352 G	0.15013	0.72852	0.12136
353 A	0.13047	0.76456	0.10497
354 A	0.11002	0.79576	0.09422
355 A	0.10507	0.79786	0.09707
356 A	0.10136	0.79675	0.10189
357 T	0.09643	0.79697	0.1066
358 A	0.07693	0.83041	0.09266
359 A	0.06104	0.85230	0.08666
360 A	0.05146	0.86197	0.08657
361 A	0.04863	0.84357	0.1078
362 A	0.05308	0.80533	0.1416
363 A	0.06764	0.72349	0.20887
364 A	0.08989	0.64212	0.26799
365 A	0.10447	0.55263	0.34291
366 T	0.10865	0.47958	0.41177
367 A	0.10833	0.48619	0.40548
368 T	0.10404	0.51660	0.37935
369 T	0.09863	0.56334	0.33802
370 A	0.08666	0.63018	0.28316
371 A	0.07740	0.67639	0.24621
372 A	0.07731	0.70537	0.21732
373 A	0.08095	0.71903	0.20002
374 A	0.08349	0.72107	0.19544
375 A	0.08766	0.71799	0.19435
376 A	0.10024	0.70161	0.19815
377 T	0.11549	0.68335	0.20116
378 A	0.11962	0.70959	0.1708
379 G	0.12573	0.72872	0.14556
380 A	0.13583	0.75777	0.10639
381 A	0.15822	0.72302	0.11876
382 T	0.18247	0.68648	0.13105
383 T	0.18620	0.67589	0.13791
384 G	0.16601	0.70022	0.13377
385 C	0.14836	0.72838	0.12326
386 A	0.12963	0.78251	0.08786
387 A	0.12392	0.79142	0.08465
388 A	0.12654	0.79220	0.08126
389 A	0.15102	0.76945	0.07954
390 A	0.18638	0.73639	0.07724
391 C	0.22786	0.68797	0.08417
392 A	0.24757	0.67664	0.07579
393 A	0.25982	0.66726	0.07292
394 G	0.24927	0.68273	0.06801
395 A	0.21986	0.72990	0.05024
396 A	0.20131	0.75686	0.04183
397 G	0.19490	0.75654	0.04856
398 A	0.19800	0.74984	0.05216
399 A	0.18984	0.75315	0.05702
400 A	0.19000	0.75553	0.05446
401 A	0.20870	0.74002	0.05127
402 A	0.22631	0.73409	0.03959
403 A	0.24837	0.71828	0.03336
404 A	0.24039	0.72880	0.03082
405 T	0.23141	0.73198	0.03661
406 A	0.20682	0.74739	0.04579
407 A	0.17511	0.75667	0.06822
408 A	0.15831	0.75592	0.08577
409 C	0.14462	0.75200	0.10338
410 A	0.11633	0.79301	0.09066
411 A	0.09701	0.81846	0.08453
412 G	0.08709	0.82873	0.08418
413 A	0.08113	0.84042	0.07845
414 A	0.08344	0.84012	0.07643
415 A	0.09687	0.80669	0.09644
416 A	0.11107	0.75624	0.13269
417 A	0.12451	0.69188	0.18361
418 T	0.14449	0.60778	0.24774
419 T	0.13755	0.59137	0.27107
420 G	0.12066	0.60558	0.27376
421 A	0.10467	0.64952	0.24582
422 A	0.09239	0.67491	0.2327
423 A	0.09205	0.67175	0.23619
424 G	0.09685	0.66440	0.23875
425 A	0.10306	0.67169	0.22526
426 A	0.10715	0.67437	0.21848
427 A	0.10691	0.67907	0.21402
428 T	0.10275	0.67261	0.22464
429 A	0.09002	0.68844	0.22154
430 G	0.08761	0.68208	0.23032
431 A	0.08967	0.69830	0.21202
432 A	0.09393	0.66529	0.24078
433 T	0.11375	0.62070	0.26554
434 T	0.12170	0.59453	0.28377
435 G	0.11003	0.60491	0.28505
436 C	0.10052	0.62285	0.27662
437 A	0.08373	0.69443	0.22183
438 A	0.08108	0.70335	0.21557
439 A	0.08193	0.70900	0.20907
440 A	0.09223	0.70137	0.2064
441 A	0.10510	0.69373	0.20118
442 C	0.12619	0.65541	0.2184
443 A	0.13781	0.66448	0.19771
444 A	0.15349	0.66963	0.17688
445 G	0.15784	0.68703	0.15513
446 A	0.14244	0.74891	0.10866
447 A	0.13559	0.77615	0.08825
448 G	0.13733	0.77195	0.09071
449 A	0.14390	0.76867	0.08743
450 A	0.14715	0.76313	0.08971
451 A	0.14236	0.77212	0.08553
452 A	0.15417	0.76133	0.0845
453 A	0.16832	0.76492	0.06677
454 A	0.18768	0.76107	0.05126
455 A	0.18859	0.77268	0.03873
456 T	0.18235	0.77792	0.03974
457 A	0.16797	0.78988	0.04215
458 A	0.15159	0.79433	0.05408
459 A	0.14713	0.79009	0.06278
460 C	0.16185	0.76285	0.0753
461 A	0.13865	0.80046	0.06089
462 A	0.12548	0.81919	0.05532
463 G	0.12289	0.82405	0.05306
464 A	0.12518	0.82669	0.04813
465 A	0.13394	0.81875	0.04731
466 A	0.17101	0.77103	0.05796
467 A	0.21075	0.70759	0.08166
468 A	0.24895	0.63584	0.1152
469 T	0.30261	0.54140	0.15598
470 T	0.30543	0.52101	0.17356
471 G	0.29058	0.52895	0.18047
472 A	0.26596	0.56125	0.17279
473 A	0.24563	0.57665	0.17771
474 A	0.24165	0.56931	0.18904
475 G	0.24464	0.56387	0.19149
476 A	0.24457	0.58621	0.16921
477 A	0.24795	0.60293	0.14911
478 A	0.24011	0.62929	0.1306
479 T	0.21981	0.64406	0.13614
480 A	0.18798	0.67531	0.1367
481 G	0.17806	0.67434	0.14761
482 A	0.17571	0.67968	0.14461
483 A	0.17933	0.65571	0.16496
484 T	0.19399	0.61179	0.19422
485 T	0.19123	0.59771	0.21106
486 G	0.16725	0.62473	0.20801
487 C	0.13933	0.66754	0.19312
488 A	0.09723	0.77354	0.12924
489 A	0.06509	0.81749	0.11742
490 A	0.05551	0.83693	0.10756
491 A	0.05537	0.84033	0.10431
492 A	0.05725	0.84205	0.1007
493 C	0.06286	0.81432	0.12283
494 A	0.06887	0.81074	0.12039
495 A	0.06974	0.79352	0.13674
496 G	0.07428	0.77454	0.15118
497 A	0.08207	0.76211	0.15582
498 A	0.09556	0.74442	0.16002
499 G	0.12635	0.68675	0.1869
500 A	0.15916	0.64028	0.20057
501 A	0.19046	0.58834	0.2212
502 T	0.21295	0.55413	0.23292
503 T	0.21213	0.54045	0.24741
504 A	0.19378	0.57709	0.22912
505 A	0.16907	0.62200	0.20893
506 A	0.14179	0.67275	0.18545
507 A	0.11586	0.73176	0.15237
508 G	0.10420	0.73958	0.15622
509 A	0.10689	0.73099	0.16211
510 A	0.11754	0.70857	0.17389
511 A	0.15725	0.64623	0.19652
512 C	0.16289	0.61553	0.22158
513 T	0.16657	0.64355	0.18988
514 A	0.16576	0.67263	0.16161
515 A	0.17036	0.68805	0.14159
516 A	0.17560	0.69173	0.13268
517 T	0.18767	0.68301	0.12932
518 T	0.19330	0.66147	0.14524
519 T	0.19467	0.65400	0.15134
520 G	0.19093	0.66457	0.14449
521 A	0.18860	0.68334	0.12806
522 A	0.18627	0.69438	0.11935
523 A	0.18701	0.70031	0.11268
524 A	0.18974	0.69751	0.11275
525 T	0.20780	0.67461	0.11759
526 G	0.20912	0.67522	0.11566
527 A	0.22020	0.67360	0.10619
528 A	0.23586	0.65616	0.10797
529 A	0.25724	0.62804	0.11472
530 A	0.29105	0.58422	0.12472
531 A	0.30392	0.57027	0.12581
532 A	0.32729	0.55597	0.11675
533 A	0.35306	0.52034	0.12661
534 T	0.37777	0.48346	0.13876
535 A	0.37369	0.48872	0.13759
536 T	0.39550	0.46765	0.13686
537 C	0.38496	0.47708	0.13796
538 A	0.36529	0.50872	0.126
539 A	0.33049	0.56260	0.1069
540 T	0.30682	0.58921	0.10397
541 C	0.25859	0.64133	0.10008
542 A	0.18341	0.74018	0.07641
543 A	0.15440	0.79081	0.0548
544 G	0.11805	0.84187	0.04008
545 A	0.09537	0.88057	0.02405
546 A	0.09286	0.88248	0.02466
547 A	0.09720	0.87152	0.03128
548 A	0.09934	0.86275	0.03791
549 A	0.10792	0.84216	0.04992
550 C	0.12007	0.81746	0.06248
551 A	0.12866	0.81023	0.06111
552 A	0.12728	0.81747	0.05525
553 A	0.12324	0.83262	0.04415
554 A	0.12822	0.82942	0.04237
555 A	0.12983	0.82912	0.04104
556 A	0.11617	0.83704	0.04679
557 A	0.10167	0.84354	0.05479
558 A	0.10432	0.81952	0.07617
559 G	0.11462	0.78662	0.09876
560 A	0.11730	0.75877	0.12393
561 A	0.12883	0.70984	0.16133
562 T	0.16100	0.61949	0.21952
563 T	0.16889	0.56993	0.26119
564 A	0.17234	0.52316	0.3045
565 G	0.18829	0.44277	0.36894
566 A	0.20920	0.39355	0.39725
567 T	0.22557	0.33272	0.44171
568 T	0.23916	0.29917	0.46167
569 T	0.23667	0.30299	0.46034
570 G	0.20843	0.34268	0.44888
571 A	0.19215	0.36914	0.43871
572 A	0.18216	0.38229	0.43554
573 T	0.17337	0.38696	0.43967
574 A	0.14063	0.42285	0.43652
575 G	0.14015	0.41711	0.44273
576 T	0.14994	0.43447	0.41559
577 A	0.13974	0.49280	0.36746
578 A	0.12698	0.53707	0.33595
579 A	0.12358	0.54687	0.32956
580 T	0.12529	0.53086	0.34385
581 T	0.12235	0.53205	0.3456
582 A	0.11935	0.53161	0.34904
583 T	0.12361	0.52049	0.3559
584 T	0.12560	0.51428	0.36013
585 A	0.12429	0.51324	0.36247
586 C	0.12494	0.50749	0.36758
587 C	0.12627	0.50700	0.36673
588 T	0.12603	0.52614	0.34783
589 G	0.12326	0.56688	0.30986
590 A	0.12578	0.61531	0.25891
591 A	0.13532	0.62399	0.24069
592 T	0.15138	0.62003	0.22859
593 T	0.16264	0.59474	0.24262
594 A	0.15834	0.60770	0.23396
595 A	0.14797	0.62934	0.22269
596 A	0.12902	0.67412	0.19686
597 A	0.12062	0.70424	0.17514
598 A	0.12341	0.72521	0.15138
599 A	0.16644	0.69225	0.14131
600 A	0.21967	0.63602	0.14431
601 T	0.26316	0.57768	0.15916
602 T	0.27398	0.55952	0.16651
603 A	0.26095	0.57736	0.16169
604 G	0.24655	0.60705	0.1464
605 C	0.19030	0.67866	0.13104
606 A	0.13821	0.79468	0.06711
607 A	0.10613	0.85508	0.03879
608 A	0.09428	0.87727	0.02845
609 A	0.09237	0.88558	0.02206
610 A	0.09661	0.88418	0.01921
611 A	0.11962	0.85698	0.0234
612 A	0.16197	0.80844	0.02959
613 T	0.21639	0.74783	0.03578
614 A	0.23347	0.72601	0.04052
615 T	0.25026	0.70292	0.04682
616 A	0.26009	0.69006	0.04985
617 A	0.27640	0.66291	0.0607
618 A	0.29305	0.63098	0.07597
619 A	0.32833	0.56983	0.10184
620 T	0.38645	0.48744	0.12611
621 T	0.40815	0.45485	0.137
622 C	0.39517	0.46407	0.14075
623 A	0.36812	0.50909	0.12279
624 A	0.34264	0.55181	0.10555
625 A	0.33475	0.56171	0.10354
626 A	0.34448	0.54683	0.10868
627 T	0.38142	0.49971	0.11886
628 G	0.40492	0.41563	0.17945
629 T	0.46483	0.30710	0.22808
630 T	0.47885	0.26511	0.25605
631 T	0.46918	0.27061	0.26021
632 C	0.42545	0.32386	0.25069
633 T	0.39054	0.39522	0.21424
634 A	0.35789	0.45394	0.18816
635 A	0.33324	0.49279	0.17397
636 A	0.31729	0.52749	0.15522
637 T	0.30093	0.57895	0.12013
638 T	0.26783	0.62862	0.10356
639 A	0.17991	0.72740	0.09268
640 A	0.12291	0.78903	0.08805
641 A	0.07844	0.83397	0.08759
642 A	0.06470	0.84783	0.08747
643 A	0.06165	0.84790	0.09045
644 A	0.06091	0.83820	0.10089
645 A	0.06270	0.81234	0.12496
646 G	0.08141	0.76088	0.15772
647 T	0.10238	0.71713	0.18049
648 A	0.10824	0.70671	0.18504
649 G	0.11505	0.70087	0.18409
650 A	0.12259	0.70484	0.17257
651 T	0.13091	0.69369	0.1754
652 T	0.13352	0.68843	0.17806
653 T	0.13524	0.68505	0.1797
654 A	0.13819	0.68003	0.18178
655 A	0.15074	0.63493	0.21432
656 T	0.18467	0.56541	0.24992
657 T	0.20747	0.50900	0.28353
658 A	0.21994	0.47369	0.30637
659 A	0.24443	0.42279	0.33279
660 T	0.28375	0.35049	0.36576
661 T	0.29730	0.30282	0.39988
662 T	0.30351	0.23000	0.46649
663 A	0.30401	0.19657	0.49942
664 T	0.30410	0.17234	0.52356
665 T	0.29648	0.19444	0.50909
666 A	0.25019	0.27444	0.47538
667 G	0.20624	0.34471	0.44905
668 A	0.17546	0.40219	0.42235
669 A	0.15487	0.45491	0.39022
670 G	0.13824	0.50142	0.36033
671 A	0.12238	0.56932	0.3083
672 A	0.12497	0.59826	0.27677
673 A	0.14118	0.62182	0.237
674 A	0.14520	0.66254	0.19226
675 A	0.15033	0.69349	0.15617
676 A	0.15108	0.73712	0.1118
677 T	0.13953	0.78661	0.07387
678 A	0.09984	0.85395	0.04621
679 G	0.04181	0.93406	0.02413
680 A	0.03368	0.95011	0.01621
681 A	0.02840	0.95917	0.01243
682 G	0.02373	0.96616	0.01011
683 A	0.02413	0.96668	0.00919
684 A	0.02764	0.96312	0.00924
685 A	0.03330	0.95586	0.01084
686 A	0.04255	0.94281	0.01464
687 A	0.05519	0.92616	0.01865
688 A	0.07808	0.89357	0.02834
689 A	0.10995	0.82420	0.06585
690 T	0.13820	0.75998	0.10182
691 A	0.15894	0.71832	0.12273
692 A	0.18655	0.67416	0.13929
693 A	0.21459	0.63119	0.15421
694 C	0.26216	0.56217	0.17566
695 A	0.29165	0.52728	0.18108
696 A	0.33489	0.48038	0.18474
697 A	0.38515	0.42621	0.18864
698 A	0.43258	0.37310	0.19432
699 A	0.48993	0.30811	0.20195
700 T	0.55216	0.19795	0.24989
701 A	0.58444	0.10754	0.30801
702 A	0.61544	0.00000	0.38456
