# lcl|CP097583.1_cds_USQ93309.1_1
# AA	inside	membr	outside
1 G	0.79068	0.00000	0.20932
2 T	0.78912	0.00156	0.20932
3 G	0.78749	0.00320	0.20932
4 A	0.78749	0.03256	0.17996
5 A	0.76578	0.07244	0.16178
6 T	0.76577	0.07579	0.15844
7 G	0.15008	0.69276	0.15716
8 A	0.15007	0.69280	0.15713
9 A	0.12239	0.72128	0.15634
10 A	0.12235	0.78082	0.09683
11 G	0.11835	0.78768	0.09398
12 A	0.08024	0.82798	0.09179
13 T	0.04526	0.86660	0.08814
14 T	0.04525	0.86661	0.08814
15 A	0.04525	0.88218	0.07257
16 A	0.04323	0.88420	0.07257
17 C	0.04055	0.88693	0.07252
18 T	0.04046	0.88730	0.07224
19 G	0.03870	0.88908	0.07222
20 A	0.03545	0.89288	0.07168
21 A	0.03228	0.89603	0.07169
22 T	0.03373	0.89456	0.07171
23 C	0.03517	0.89214	0.07268
24 A	0.04119	0.88618	0.07263
25 A	0.04813	0.87432	0.07755
26 T	0.05289	0.86567	0.08144
27 T	0.06967	0.84096	0.08937
28 A	0.07786	0.81547	0.10668
29 T	0.08101	0.77064	0.14835
30 T	0.08401	0.21874	0.69725
31 A	0.08360	0.21143	0.70497
32 G	0.08566	0.18332	0.73102
33 A	0.13570	0.12984	0.73446
34 G	0.13856	0.12617	0.73527
35 A	0.14266	0.09309	0.76424
36 T	0.15016	0.05903	0.79081
37 T	0.15148	0.05967	0.78885
38 T	0.16050	0.06008	0.77942
39 A	0.15346	0.15585	0.69069
40 A	0.15026	0.17366	0.67608
41 T	0.14558	0.21314	0.64128
42 A	0.13146	0.32778	0.54076
43 A	0.11897	0.39443	0.48659
44 A	0.07251	0.87063	0.05686
45 A	0.03521	0.94387	0.02092
46 A	0.02612	0.95661	0.01727
47 A	0.02155	0.96247	0.01598
48 A	0.02044	0.96408	0.01548
49 A	0.02003	0.96537	0.0146
50 C	0.02060	0.96456	0.01484
51 T	0.02194	0.96328	0.01478
52 T	0.02217	0.96321	0.01463
53 A	0.02196	0.96358	0.01446
54 T	0.02239	0.96262	0.01499
55 A	0.02215	0.96274	0.01511
56 A	0.02440	0.95897	0.01663
57 T	0.03000	0.95210	0.0179
58 C	0.03162	0.94957	0.01881
59 A	0.03463	0.94696	0.0184
60 A	0.04032	0.94142	0.01827
61 G	0.05428	0.92686	0.01885
62 A	0.12317	0.85457	0.02226
63 A	0.14367	0.83185	0.02448
64 A	0.20220	0.76703	0.03077
65 A	0.31592	0.63800	0.04608
66 A	0.38529	0.55361	0.0611
67 T	0.77866	0.11209	0.10925
68 T	0.81787	0.03744	0.14469
69 T	0.82443	0.02336	0.15221
70 T	0.82466	0.02074	0.1546
71 A	0.82312	0.02319	0.15369
72 T	0.82306	0.02345	0.15349
73 T	0.81611	0.03257	0.15133
74 T	0.81325	0.03934	0.14741
75 T	0.80629	0.05268	0.14103
76 G	0.75206	0.13568	0.11226
77 A	0.69195	0.22848	0.07957
78 T	0.64956	0.27274	0.0777
79 G	0.45321	0.47276	0.07403
80 A	0.42014	0.51094	0.06891
81 A	0.38280	0.55687	0.06033
82 C	0.36229	0.57978	0.05792
83 A	0.35465	0.59081	0.05454
84 A	0.33864	0.60980	0.05156
85 A	0.31732	0.63280	0.04988
86 T	0.30078	0.65145	0.04776
87 T	0.24333	0.71232	0.04435
88 A	0.21018	0.75136	0.03846
89 G	0.19767	0.76440	0.03794
90 T	0.18777	0.77447	0.03775
91 A	0.17148	0.79029	0.03823
92 G	0.16116	0.79863	0.04021
93 C	0.15564	0.80009	0.04427
94 G	0.15326	0.80010	0.04663
95 A	0.15238	0.79945	0.04816
96 C	0.15643	0.78994	0.05363
97 A	0.16144	0.78272	0.05584
98 A	0.16813	0.77089	0.06097
99 A	0.19437	0.67912	0.12651
100 T	0.22357	0.58735	0.18908
101 C	0.22614	0.55119	0.22267
102 A	0.22908	0.39787	0.37305
103 A	0.23348	0.36144	0.40509
104 T	0.24091	0.31939	0.4397
105 T	0.23616	0.33565	0.42819
106 A	0.22179	0.41854	0.35967
107 A	0.21071	0.45956	0.32973
108 A	0.20913	0.51645	0.27442
109 A	0.21029	0.54746	0.24225
110 A	0.21230	0.51397	0.27373
111 A	0.21855	0.51654	0.26491
112 T	0.22029	0.52109	0.25862
113 T	0.22026	0.54964	0.2301
114 A	0.21489	0.59055	0.19456
115 T	0.21111	0.60635	0.18254
116 T	0.20385	0.64058	0.15556
117 A	0.18890	0.68207	0.12903
118 G	0.17582	0.70808	0.1161
119 G	0.16663	0.73290	0.10047
120 A	0.16198	0.75923	0.07879
121 A	0.16005	0.77105	0.0689
122 A	0.15905	0.77632	0.06463
123 G	0.15881	0.77795	0.06324
124 G	0.15896	0.78203	0.05901
125 G	0.16171	0.78041	0.05788
126 A	0.16871	0.77277	0.05853
127 A	0.17869	0.76129	0.06002
128 A	0.21097	0.72081	0.06823
129 A	0.28304	0.63372	0.08323
130 C	0.34372	0.55813	0.09815
131 C	0.44182	0.45710	0.10108
132 T	0.50927	0.38926	0.10147
133 G	0.53430	0.36424	0.10145
134 A	0.58135	0.31735	0.10131
135 T	0.61765	0.28099	0.10136
136 T	0.65822	0.23906	0.10272
137 T	0.69649	0.19140	0.11211
138 T	0.71663	0.16709	0.11627
139 A	0.73984	0.14073	0.11942
140 T	0.76672	0.10255	0.13073
141 T	0.77831	0.08429	0.13739
142 A	0.77644	0.09868	0.12488
143 T	0.79037	0.09210	0.11753
144 T	0.79186	0.10349	0.10465
145 T	0.77898	0.12079	0.10022
146 A	0.74999	0.15316	0.09686
147 T	0.71502	0.19064	0.09434
148 T	0.65864	0.25085	0.09051
149 C	0.56309	0.35103	0.08587
150 T	0.47312	0.45675	0.07013
151 A	0.31050	0.63471	0.05479
152 A	0.24485	0.70522	0.04994
153 A	0.19738	0.75751	0.0451
154 A	0.17217	0.78627	0.04156
155 A	0.16190	0.79669	0.04142
156 T	0.15675	0.80185	0.0414
157 A	0.14892	0.80966	0.04142
158 A	0.14579	0.81252	0.04169
159 C	0.14466	0.81322	0.04212
160 A	0.14430	0.81345	0.04226
161 A	0.14644	0.81065	0.04292
162 T	0.15271	0.80305	0.04425
163 G	0.15353	0.80132	0.04516
164 A	0.15984	0.79416	0.046
165 T	0.18019	0.75995	0.05986
166 A	0.18858	0.74480	0.06662
167 A	0.19994	0.72166	0.0784
168 T	0.20821	0.68674	0.10505
169 A	0.21292	0.63759	0.14949
170 T	0.21884	0.55964	0.22152
171 T	0.22451	0.49058	0.28491
172 A	0.22936	0.41761	0.35303
173 T	0.24409	0.33091	0.42499
174 T	0.25545	0.20301	0.54154
175 A	0.25745	0.16114	0.58141
176 T	0.26095	0.11948	0.61957
177 T	0.26243	0.10588	0.63169
178 G	0.26230	0.10949	0.62821
179 T	0.26244	0.11554	0.62202
180 T	0.26225	0.12246	0.6153
181 A	0.26179	0.14058	0.59764
182 T	0.26139	0.16349	0.57512
183 T	0.26016	0.21507	0.52477
184 G	0.24098	0.30980	0.44922
185 A	0.21798	0.36017	0.42185
186 A	0.21347	0.38863	0.3979
187 T	0.20989	0.42041	0.3697
188 G	0.20218	0.48772	0.31011
189 C	0.19439	0.53629	0.26932
190 A	0.19155	0.55966	0.24879
191 A	0.18875	0.57911	0.23214
192 A	0.18910	0.58941	0.22149
193 G	0.19121	0.59844	0.21036
194 C	0.19735	0.60272	0.19993
195 T	0.20925	0.64731	0.14344
196 G	0.21453	0.65724	0.12822
197 A	0.22851	0.64524	0.12625
198 T	0.24853	0.62561	0.12586
199 T	0.25625	0.61820	0.12554
200 C	0.25582	0.61825	0.12594
201 C	0.24564	0.63209	0.12227
202 A	0.22893	0.66346	0.10761
203 A	0.20833	0.70520	0.08647
204 A	0.19844	0.71741	0.08415
205 A	0.19184	0.72698	0.08118
206 A	0.21502	0.70375	0.08123
207 A	0.26628	0.63311	0.10061
208 C	0.28895	0.58506	0.12598
209 A	0.30920	0.56166	0.12913
210 A	0.33812	0.52959	0.13229
211 A	0.39289	0.46955	0.13756
212 C	0.43159	0.42374	0.14466
213 A	0.43182	0.42268	0.1455
214 C	0.43880	0.41159	0.1496
215 A	0.44283	0.40801	0.14917
216 A	0.45086	0.40242	0.14672
217 G	0.45617	0.39974	0.14408
218 C	0.50959	0.34340	0.14701
219 T	0.51951	0.33760	0.14288
220 T	0.50866	0.35164	0.13971
221 T	0.48480	0.39798	0.11722
222 A	0.44300	0.46652	0.09048
223 A	0.41650	0.50017	0.08333
224 A	0.40451	0.49770	0.09779
225 A	0.41171	0.47071	0.11758
226 G	0.42904	0.42207	0.14889
227 A	0.42684	0.40100	0.17216
228 T	0.42524	0.37818	0.19658
229 G	0.40440	0.40085	0.19475
230 C	0.33793	0.47398	0.1881
231 A	0.29460	0.54285	0.16255
232 G	0.25646	0.60385	0.13969
233 A	0.25310	0.61689	0.13
234 A	0.25141	0.62315	0.12544
235 A	0.25050	0.62612	0.12338
236 A	0.25175	0.60529	0.14297
237 A	0.25272	0.58996	0.15731
238 A	0.25501	0.57470	0.17029
239 A	0.26052	0.55685	0.18264
240 T	0.26822	0.53254	0.19923
241 A	0.27230	0.51517	0.21252
242 T	0.28107	0.47720	0.24173
243 G	0.28696	0.44526	0.26777
244 C	0.30812	0.39553	0.29634
245 T	0.33241	0.35077	0.31682
246 T	0.34166	0.32900	0.32934
247 C	0.34480	0.31803	0.33716
248 T	0.34896	0.31208	0.33895
249 A	0.35000	0.30989	0.34011
250 A	0.35326	0.30050	0.34624
251 A	0.36285	0.28404	0.35311
252 T	0.38874	0.23718	0.37409
253 T	0.40882	0.14251	0.44867
254 A	0.43377	0.07115	0.49507
255 A	0.46034	0.00000	0.53966
