# lcl|CP097583.1_cds_USQ93476.1_1
# AA	inside	membr	outside
1 A	0.59651	0.00000	0.40349
2 T	0.59644	0.00008	0.40349
3 G	0.59640	0.00012	0.40349
4 T	0.59640	0.04513	0.35848
5 T	0.59578	0.08288	0.32134
6 T	0.59578	0.08777	0.31645
7 T	0.59184	0.09230	0.31586
8 T	0.59184	0.09232	0.31584
9 T	0.59053	0.09423	0.31524
10 T	0.59052	0.18302	0.22647
11 C	0.58805	0.19398	0.21798
12 G	0.55826	0.25939	0.18235
13 A	0.45620	0.38866	0.15514
14 A	0.45619	0.38867	0.15514
15 A	0.45619	0.47047	0.07335
16 A	0.45560	0.47106	0.07335
17 C	0.45515	0.47226	0.07259
18 A	0.45513	0.48916	0.05572
19 A	0.45458	0.49521	0.05022
20 A	0.45344	0.53164	0.01492
21 A	0.45035	0.53483	0.01483
22 A	0.45079	0.53594	0.01327
23 A	0.45280	0.53457	0.01263
24 T	0.46000	0.52756	0.01244
25 T	0.46500	0.52234	0.01267
26 A	0.46715	0.52000	0.01285
27 T	0.50760	0.47836	0.01405
28 T	0.53383	0.45139	0.01477
29 A	0.53582	0.44929	0.0149
30 C	0.53747	0.44424	0.01828
31 A	0.53861	0.44368	0.0177
32 A	0.54131	0.43876	0.01992
33 T	0.61587	0.36072	0.02341
34 A	0.62526	0.34683	0.02791
35 T	0.68289	0.26778	0.04932
36 C	0.70715	0.14744	0.14541
37 A	0.70888	0.14513	0.14599
38 C	0.75636	0.09701	0.14664
39 A	0.75558	0.10078	0.14364
40 A	0.75975	0.09879	0.14145
41 C	0.78520	0.07382	0.14097
42 T	0.79245	0.06820	0.13935
43 T	0.81288	0.04749	0.13964
44 T	0.79377	0.06900	0.13723
45 T	0.74913	0.12484	0.12603
46 T	0.70778	0.16792	0.1243
47 C	0.50298	0.37602	0.121
48 A	0.44053	0.45669	0.10278
49 G	0.39924	0.50162	0.09914
50 A	0.37862	0.54940	0.07197
51 A	0.37210	0.55587	0.07203
52 G	0.36590	0.56178	0.07232
53 C	0.36279	0.56384	0.07336
54 T	0.36282	0.56388	0.0733
55 C	0.36122	0.56547	0.07331
56 A	0.36094	0.56582	0.07324
57 A	0.36086	0.56586	0.07328
58 A	0.36092	0.56569	0.07339
59 C	0.36170	0.56258	0.07571
60 T	0.36254	0.56060	0.07685
61 A	0.36289	0.55925	0.07786
62 A	0.36540	0.55435	0.08025
63 G	0.36725	0.55087	0.08188
64 A	0.36828	0.54895	0.08277
65 A	0.37161	0.51522	0.11318
66 G	0.37506	0.49033	0.1346
67 T	0.38326	0.44624	0.1705
68 T	0.39324	0.39349	0.21326
69 A	0.39442	0.36013	0.24545
70 G	0.39849	0.16753	0.43398
71 G	0.41337	0.11826	0.46837
72 G	0.41719	0.09902	0.48379
73 T	0.44212	0.07570	0.48218
74 T	0.44259	0.08437	0.47304
75 T	0.44272	0.09927	0.45801
76 G	0.44270	0.12513	0.43217
77 A	0.44283	0.17004	0.38712
78 T	0.44306	0.21165	0.3453
79 T	0.44297	0.43820	0.11883
80 T	0.44255	0.46715	0.09029
81 G	0.43988	0.47413	0.08599
82 T	0.43648	0.48320	0.08032
83 G	0.43173	0.49139	0.07688
84 C	0.42932	0.49840	0.07228
85 C	0.42789	0.50594	0.06618
86 A	0.42751	0.51757	0.05493
87 A	0.42756	0.52149	0.05094
88 A	0.42923	0.52198	0.04878
89 T	0.43240	0.51985	0.04776
90 A	0.43414	0.51924	0.04662
91 A	0.43879	0.51506	0.04616
92 T	0.45330	0.50028	0.04642
93 T	0.46156	0.49185	0.04659
94 A	0.46723	0.48593	0.04684
95 T	0.48264	0.47025	0.04711
96 T	0.49641	0.45634	0.04724
97 C	0.50117	0.45140	0.04744
98 C	0.50979	0.44292	0.04729
99 A	0.52591	0.42791	0.04618
100 A	0.56085	0.39425	0.0449
101 A	0.59932	0.35709	0.04359
102 T	0.81664	0.14072	0.04264
103 T	0.83975	0.11865	0.0416
104 A	0.82326	0.13425	0.04248
105 T	0.81311	0.14086	0.04603
106 T	0.77203	0.18104	0.04692
107 T	0.72732	0.22806	0.04462
108 A	0.54249	0.42339	0.03411
109 A	0.46560	0.50752	0.02687
110 A	0.39880	0.57711	0.02408
111 T	0.33461	0.64303	0.02236
112 A	0.22487	0.75446	0.02067
113 A	0.15630	0.82373	0.01997
114 A	0.07321	0.90741	0.01937
115 G	0.04325	0.93760	0.01915
116 A	0.03361	0.94718	0.01921
117 A	0.02544	0.95494	0.01963
118 A	0.02182	0.95788	0.0203
119 A	0.01990	0.95782	0.02229
120 A	0.01829	0.95419	0.02753
121 A	0.01686	0.94917	0.03397
122 A	0.01714	0.94111	0.04176
123 A	0.01843	0.93205	0.04952
124 A	0.01996	0.91996	0.06008
125 G	0.02142	0.90784	0.07074
126 A	0.02401	0.89281	0.08318
127 T	0.02851	0.85047	0.12102
128 G	0.03066	0.80053	0.16881
129 T	0.03531	0.73471	0.22997
130 A	0.03922	0.68114	0.27964
131 T	0.05023	0.52252	0.42725
132 T	0.05599	0.43142	0.51258
133 A	0.05790	0.35237	0.58972
134 T	0.05931	0.26984	0.67086
135 T	0.06029	0.18238	0.75733
136 A	0.06062	0.14554	0.79383
137 T	0.06114	0.08338	0.85548
138 T	0.06130	0.06044	0.87825
139 A	0.06101	0.06298	0.87601
140 T	0.06096	0.09009	0.84894
141 T	0.05881	0.14213	0.79906
142 G	0.05303	0.20476	0.74221
143 A	0.04623	0.35208	0.60168
144 A	0.04208	0.47157	0.48635
145 G	0.04066	0.57891	0.38044
146 G	0.03909	0.70808	0.25283
147 A	0.03794	0.83963	0.12243
148 A	0.03772	0.88698	0.0753
149 G	0.03772	0.91518	0.04709
150 A	0.03757	0.93737	0.02506
151 A	0.03767	0.94363	0.0187
152 T	0.03837	0.94455	0.01708
153 A	0.03888	0.94489	0.01622
154 G	0.03975	0.94405	0.0162
155 G	0.04151	0.94221	0.01627
156 A	0.04490	0.93870	0.0164
157 T	0.04897	0.93444	0.01658
158 C	0.05306	0.93013	0.01681
159 A	0.05641	0.92692	0.01667
160 G	0.05878	0.92468	0.01654
161 G	0.06259	0.92118	0.01622
162 G	0.06973	0.91467	0.01559
163 A	0.10628	0.87811	0.01562
164 A	0.16645	0.81544	0.01812
165 A	0.23459	0.74191	0.0235
166 A	0.38657	0.58335	0.03008
167 C	0.51597	0.44973	0.0343
168 A	0.61378	0.35134	0.03488
169 A	0.74246	0.22237	0.03517
170 T	0.87767	0.08705	0.03529
171 T	0.91191	0.05411	0.03399
172 T	0.90341	0.06298	0.03362
173 T	0.87064	0.09664	0.03272
174 T	0.81122	0.15737	0.03141
175 A	0.65511	0.31508	0.0298
176 C	0.49498	0.47632	0.0287
177 T	0.39527	0.57714	0.02759
178 A	0.22065	0.75391	0.02544
179 A	0.15929	0.81660	0.02411
180 A	0.12991	0.84704	0.02305
181 G	0.11809	0.85903	0.02288
182 G	0.11412	0.86215	0.02372
183 A	0.11294	0.86256	0.0245
184 A	0.11264	0.86151	0.02584
185 T	0.11295	0.85899	0.02806
186 A	0.11135	0.85959	0.02906
187 G	0.11097	0.85836	0.03066
188 C	0.11095	0.85651	0.03254
189 T	0.11084	0.85685	0.03232
190 A	0.11037	0.85813	0.0315
191 A	0.11061	0.85877	0.03062
192 A	0.11134	0.85852	0.03014
193 A	0.11172	0.85641	0.03188
194 A	0.11310	0.83545	0.05144
195 A	0.11437	0.75597	0.12966
196 T	0.11703	0.66031	0.22266
197 T	0.11863	0.58708	0.29429
198 A	0.11814	0.45771	0.42416
199 T	0.11881	0.32820	0.55299
200 G	0.11851	0.26601	0.61548
201 T	0.11964	0.21676	0.6636
202 A	0.11972	0.37111	0.50918
203 T	0.12017	0.44744	0.43239
204 T	0.11970	0.65323	0.22708
205 A	0.11893	0.75813	0.12294
206 A	0.11838	0.76602	0.1156
207 A	0.11632	0.77129	0.1124
208 A	0.11501	0.77428	0.1107
209 C	0.11483	0.77337	0.11181
210 C	0.11449	0.77729	0.10822
211 G	0.11436	0.78379	0.10184
212 A	0.11471	0.78972	0.09557
213 A	0.11560	0.79221	0.09219
214 A	0.11668	0.79218	0.09115
215 T	0.11779	0.79201	0.0902
216 T	0.11842	0.79149	0.0901
217 A	0.11871	0.79143	0.08986
218 A	0.11950	0.79083	0.08967
219 G	0.12209	0.78787	0.09004
220 A	0.13084	0.77851	0.09065
221 G	0.16159	0.74570	0.09271
222 T	0.23686	0.66951	0.09364
223 C	0.27782	0.62724	0.09495
224 C	0.35466	0.55000	0.09533
225 T	0.51288	0.39151	0.09562
226 A	0.57743	0.32677	0.0958
227 C	0.74773	0.15608	0.09619
228 T	0.85225	0.05129	0.09647
229 T	0.86479	0.03824	0.09697
230 T	0.87080	0.03001	0.09918
231 T	0.87413	0.02530	0.10057
232 C	0.87503	0.02437	0.1006
233 T	0.87533	0.02412	0.10055
234 T	0.87338	0.02690	0.09971
235 T	0.86774	0.03490	0.09736
236 T	0.83174	0.07437	0.09389
237 A	0.76830	0.14355	0.08815
238 T	0.72666	0.19292	0.08043
239 T	0.62852	0.30407	0.06741
240 A	0.56091	0.38881	0.05028
241 A	0.51521	0.43802	0.04676
242 A	0.48494	0.47145	0.0436
243 A	0.46389	0.49327	0.04284
244 A	0.44000	0.51804	0.04196
245 C	0.38063	0.57832	0.04104
246 T	0.35011	0.60913	0.04076
247 C	0.28913	0.67030	0.04057
248 A	0.23941	0.72081	0.03978
249 T	0.23109	0.72962	0.03928
250 C	0.21338	0.74818	0.03844
251 A	0.20250	0.76085	0.03665
252 A	0.19840	0.76687	0.03473
253 A	0.19486	0.77161	0.03353
254 A	0.18809	0.77848	0.03343
255 T	0.18453	0.78133	0.03413
256 A	0.17645	0.78373	0.03982
257 A	0.16343	0.78514	0.05144
258 A	0.15754	0.77336	0.0691
259 G	0.15166	0.72895	0.11939
260 A	0.15186	0.66546	0.18267
261 A	0.15567	0.61100	0.23333
262 C	0.16426	0.51764	0.31811
263 A	0.17472	0.48654	0.33874
264 A	0.17676	0.46218	0.36106
265 A	0.17859	0.44933	0.37207
266 A	0.17883	0.43791	0.38326
267 A	0.18022	0.41726	0.40253
268 T	0.18254	0.33678	0.48068
269 T	0.18317	0.29367	0.52315
270 A	0.18324	0.23190	0.58486
271 C	0.18379	0.17645	0.63976
272 A	0.18425	0.16692	0.64883
273 T	0.18530	0.14922	0.66548
274 C	0.18654	0.13809	0.67536
275 A	0.18725	0.13511	0.67764
276 T	0.18840	0.13131	0.68029
277 T	0.18805	0.12324	0.68871
278 T	0.18656	0.11992	0.69352
279 G	0.18447	0.11718	0.69835
280 G	0.18387	0.10652	0.70961
281 A	0.18366	0.10101	0.71534
282 T	0.18546	0.09258	0.72197
283 T	0.18773	0.09061	0.72166
284 T	0.18888	0.09502	0.7161
285 G	0.18920	0.09323	0.71757
286 T	0.19903	0.08268	0.71829
287 A	0.20064	0.08163	0.71773
288 T	0.20690	0.07346	0.71965
289 C	0.20934	0.06974	0.72092
290 G	0.20965	0.06973	0.72062
291 T	0.21058	0.06893	0.72049
292 C	0.21090	0.06921	0.71989
293 T	0.21106	0.07049	0.71844
294 T	0.21065	0.07343	0.71593
295 T	0.20872	0.07909	0.7122
296 T	0.20445	0.09006	0.70548
297 A	0.19519	0.10852	0.69629
298 G	0.18620	0.12631	0.68749
299 A	0.18223	0.14881	0.66897
300 T	0.18172	0.16696	0.65132
301 G	0.17747	0.19647	0.62606
302 A	0.17735	0.23644	0.58621
303 T	0.18036	0.29096	0.52868
304 A	0.18067	0.33096	0.48837
305 A	0.18054	0.36994	0.44953
306 A	0.18292	0.39820	0.41888
307 T	0.18933	0.42309	0.38758
308 A	0.18598	0.48973	0.3243
309 T	0.18583	0.51890	0.29526
310 G	0.18109	0.57598	0.24293
311 A	0.17986	0.63279	0.18735
312 T	0.17972	0.65054	0.16974
313 T	0.17791	0.67253	0.14957
314 A	0.17461	0.69473	0.13066
315 T	0.17339	0.70377	0.12284
316 A	0.16802	0.71892	0.11305
317 A	0.16391	0.73003	0.10606
318 A	0.16188	0.73127	0.10686
319 A	0.16441	0.72486	0.11073
320 A	0.17084	0.71080	0.11836
321 A	0.17481	0.69881	0.12638
322 C	0.19252	0.67672	0.13076
323 A	0.20522	0.66694	0.12784
324 A	0.22448	0.65291	0.12261
325 A	0.25945	0.61910	0.12145
326 T	0.31103	0.56998	0.11898
327 G	0.32896	0.55630	0.11474
328 A	0.34804	0.54118	0.11078
329 A	0.36470	0.52222	0.11307
330 A	0.39984	0.48631	0.11385
331 T	0.47147	0.41204	0.11649
332 A	0.49393	0.39312	0.11295
333 C	0.55024	0.33163	0.11813
334 T	0.60116	0.27973	0.11912
335 T	0.60272	0.27834	0.11893
336 T	0.59678	0.28354	0.11968
337 T	0.58085	0.29852	0.12063
338 C	0.54784	0.33091	0.12126
339 A	0.52693	0.34926	0.1238
340 A	0.51052	0.36328	0.12619
341 T	0.49690	0.37359	0.12952
342 A	0.44425	0.42780	0.12795
343 G	0.40050	0.47232	0.12718
344 A	0.37402	0.49204	0.13394
345 A	0.32720	0.53466	0.13814
346 A	0.31917	0.53192	0.14891
347 T	0.32249	0.51594	0.16157
348 A	0.30878	0.52171	0.16951
349 G	0.30098	0.51878	0.18024
350 A	0.29393	0.51767	0.1884
351 A	0.28567	0.51197	0.20236
352 G	0.27415	0.50919	0.21666
353 A	0.25255	0.52802	0.21943
354 A	0.24919	0.52776	0.22306
355 T	0.25543	0.51135	0.23321
356 T	0.25477	0.50822	0.23701
357 A	0.24995	0.50993	0.24011
358 T	0.24577	0.50728	0.24695
359 T	0.23908	0.51058	0.25034
360 G	0.22260	0.53994	0.23746
361 G	0.18467	0.59886	0.21647
362 A	0.17130	0.62306	0.20563
363 A	0.16078	0.63402	0.2052
364 A	0.15662	0.62429	0.21909
365 A	0.15732	0.57963	0.26306
366 T	0.15865	0.53493	0.30643
367 A	0.15804	0.51104	0.33093
368 C	0.15861	0.46058	0.38081
369 A	0.15840	0.45738	0.38422
370 G	0.15898	0.45086	0.39016
371 A	0.16002	0.43747	0.40251
372 T	0.16194	0.42546	0.41259
373 G	0.16291	0.41484	0.42226
374 A	0.16481	0.39596	0.43924
375 A	0.16812	0.37378	0.4581
376 G	0.17412	0.33199	0.4939
377 G	0.17946	0.31495	0.5056
378 C	0.19106	0.29634	0.5126
379 G	0.20353	0.29006	0.50642
380 A	0.22148	0.27486	0.50366
381 T	0.26202	0.23218	0.5058
382 A	0.28268	0.21538	0.50194
383 T	0.31628	0.17469	0.50902
384 T	0.34321	0.11994	0.53685
385 T	0.35296	0.13278	0.51426
386 T	0.35151	0.15510	0.49339
387 A	0.32633	0.26043	0.41324
388 G	0.31876	0.30822	0.37302
389 T	0.31137	0.38323	0.3054
390 A	0.28549	0.49952	0.21498
391 A	0.27078	0.55124	0.17797
392 T	0.26383	0.57334	0.16284
393 T	0.24540	0.61562	0.13899
394 G	0.22915	0.63635	0.1345
395 A	0.21819	0.65129	0.13052
396 G	0.21389	0.65757	0.12855
397 A	0.21257	0.66086	0.12658
398 C	0.21287	0.66246	0.12466
399 A	0.21337	0.66242	0.12421
400 A	0.21482	0.66111	0.12407
401 A	0.21725	0.65874	0.12402
402 T	0.22604	0.64999	0.12396
403 C	0.22762	0.64858	0.12381
404 A	0.22976	0.64672	0.12352
405 A	0.23755	0.63893	0.12353
406 A	0.24483	0.63154	0.12363
407 A	0.25989	0.61592	0.12419
408 T	0.30874	0.56607	0.12519
409 A	0.34504	0.52294	0.13201
410 T	0.43874	0.40204	0.15922
411 A	0.48215	0.34966	0.1682
412 A	0.55088	0.26928	0.17984
413 T	0.63729	0.15234	0.21037
414 T	0.66957	0.10008	0.23036
415 T	0.68051	0.07561	0.24388
416 C	0.69296	0.04653	0.26051
417 T	0.69691	0.03441	0.26868
418 T	0.69967	0.02572	0.27461
419 T	0.70032	0.02268	0.277
420 C	0.69741	0.02478	0.27781
421 T	0.69635	0.02678	0.27686
422 T	0.69441	0.03095	0.27464
423 T	0.69186	0.03753	0.2706
424 A	0.68274	0.05918	0.25808
425 A	0.67700	0.07351	0.24948
426 T	0.67498	0.07963	0.24539
427 T	0.66174	0.09966	0.2386
428 A	0.63687	0.12870	0.23443
429 T	0.61709	0.15134	0.23157
430 T	0.56068	0.21328	0.22604
431 G	0.48403	0.29622	0.21976
432 G	0.44441	0.34936	0.20622
433 G	0.42964	0.37252	0.19784
434 A	0.42675	0.38044	0.19282
435 T	0.42551	0.38490	0.1896
436 T	0.42366	0.38874	0.1876
437 T	0.42117	0.39318	0.18565
438 T	0.41680	0.40023	0.18297
439 A	0.40898	0.41315	0.17787
440 G	0.40457	0.41765	0.17779
441 A	0.40144	0.42133	0.17724
442 A	0.39935	0.42178	0.17887
443 T	0.39837	0.41751	0.18412
444 C	0.39593	0.41673	0.18735
445 A	0.39439	0.41917	0.18644
446 A	0.39662	0.41648	0.18691
447 A	0.40742	0.40029	0.1923
448 A	0.41629	0.38667	0.19704
449 T	0.42529	0.37454	0.20018
450 T	0.42863	0.34995	0.22142
451 A	0.42521	0.33439	0.2404
452 A	0.42489	0.32175	0.25336
453 A	0.42961	0.27514	0.29525
454 G	0.43317	0.21429	0.35255
455 T	0.44546	0.17872	0.37582
456 T	0.44357	0.19216	0.36427
457 T	0.43352	0.24083	0.32565
458 T	0.41955	0.28179	0.29866
459 G	0.38873	0.33106	0.28021
460 A	0.37471	0.35626	0.26902
461 A	0.36962	0.36424	0.26615
462 T	0.37147	0.35679	0.27174
463 A	0.36825	0.35728	0.27447
464 G	0.36644	0.35592	0.27764
465 T	0.36477	0.35740	0.27783
466 C	0.35745	0.36792	0.27463
467 A	0.34828	0.37971	0.27201
468 A	0.34238	0.39089	0.26672
469 A	0.33742	0.39965	0.26294
470 A	0.33163	0.40764	0.26073
471 C	0.32867	0.41199	0.25933
472 A	0.32335	0.42732	0.24933
473 G	0.32279	0.42863	0.24858
474 A	0.32727	0.42722	0.2455
475 G	0.34187	0.41302	0.24511
476 A	0.36185	0.39544	0.24271
477 T	0.39374	0.35618	0.25009
478 A	0.40948	0.33581	0.2547
479 T	0.43827	0.28237	0.27936
480 T	0.46979	0.24043	0.28978
481 T	0.48504	0.22967	0.28529
482 T	0.48245	0.26637	0.25119
483 A	0.46356	0.32019	0.21626
484 A	0.45317	0.34948	0.19735
485 T	0.44320	0.37002	0.18677
486 A	0.38005	0.44366	0.17628
487 G	0.31592	0.51370	0.17038
488 A	0.31303	0.51813	0.16884
489 A	0.31295	0.51380	0.17326
490 A	0.31304	0.50653	0.18043
491 A	0.32036	0.49245	0.18719
492 A	0.32738	0.47907	0.19355
493 A	0.33333	0.46551	0.20115
494 A	0.33908	0.45425	0.20667
495 T	0.35286	0.43318	0.21396
496 A	0.35926	0.42346	0.21728
497 T	0.36860	0.40865	0.22275
498 T	0.37226	0.40208	0.22565
499 G	0.37519	0.39774	0.22707
500 A	0.37902	0.39290	0.22807
501 T	0.38903	0.38041	0.23056
502 A	0.39361	0.37292	0.23347
503 C	0.40648	0.35191	0.24161
504 A	0.43082	0.32372	0.24547
505 T	0.48773	0.25683	0.25544
506 T	0.52604	0.19988	0.27409
507 T	0.54623	0.16806	0.2857
508 T	0.55500	0.14984	0.29516
509 A	0.56174	0.07704	0.36122
510 A	0.56850	0.00000	0.4315
