# lcl|CP097583.1_cds_USQ93623.1_1
# AA	inside	membr	outside
1 A	0.44806	0.00000	0.55194
2 T	0.44799	0.00007	0.55194
3 T	0.44795	0.00011	0.55194
4 T	0.44795	0.00267	0.54939
5 T	0.44620	0.00675	0.54705
6 T	0.44620	0.00749	0.54631
7 A	0.43094	0.02327	0.54579
8 A	0.43094	0.02328	0.54578
9 T	0.43070	0.02364	0.54567
10 T	0.43070	0.03593	0.53338
11 T	0.43061	0.03615	0.53324
12 T	0.42867	0.03815	0.53318
13 T	0.42416	0.04312	0.53273
14 T	0.42415	0.04312	0.53273
15 C	0.42415	0.04866	0.52719
16 A	0.42237	0.05045	0.52719
17 A	0.42044	0.05254	0.52702
18 A	0.42026	0.05308	0.52667
19 A	0.41667	0.05701	0.52632
20 A	0.40608	0.07297	0.52095
21 A	0.39844	0.08061	0.52095
22 T	0.39915	0.08013	0.52072
23 T	0.39982	0.07953	0.52065
24 T	0.40044	0.07896	0.5206
25 T	0.40068	0.07786	0.52146
26 T	0.40032	0.07782	0.52186
27 T	0.40001	0.07701	0.52298
28 A	0.39410	0.08153	0.52437
29 A	0.39005	0.08483	0.52512
30 C	0.38834	0.07438	0.53728
31 T	0.38464	0.07736	0.53799
32 C	0.37630	0.08503	0.53867
33 T	0.38009	0.08189	0.53803
34 T	0.37487	0.08882	0.53631
35 C	0.36884	0.09491	0.53625
36 T	0.36580	0.09822	0.53598
37 A	0.36073	0.10643	0.53285
38 A	0.36158	0.10766	0.53076
39 T	0.35724	0.11577	0.527
40 A	0.35047	0.12309	0.52644
41 A	0.33458	0.13803	0.52738
42 A	0.32917	0.13949	0.53134
43 T	0.33152	0.12701	0.54147
44 A	0.32374	0.12879	0.54747
45 C	0.31971	0.13193	0.54837
46 T	0.31652	0.13575	0.54773
47 T	0.31089	0.14220	0.54691
48 A	0.29522	0.15922	0.54556
49 A	0.27721	0.17792	0.54487
50 A	0.26767	0.18716	0.54517
51 A	0.25794	0.19048	0.55158
52 A	0.24879	0.19449	0.55672
53 A	0.24225	0.19666	0.56109
54 A	0.23776	0.19455	0.56769
55 G	0.23525	0.18458	0.58017
56 C	0.23511	0.17594	0.58895
57 T	0.23647	0.17107	0.59247
58 C	0.23606	0.16868	0.59527
59 A	0.23701	0.16782	0.59516
60 A	0.23941	0.16464	0.59595
61 T	0.24147	0.16147	0.59706
62 T	0.24405	0.15444	0.60152
63 G	0.24285	0.15024	0.60691
64 T	0.24254	0.13329	0.62417
65 T	0.24150	0.12804	0.63046
66 A	0.23721	0.12944	0.63336
67 G	0.23489	0.12412	0.64099
68 T	0.23468	0.11913	0.64619
69 T	0.23387	0.11595	0.65018
70 A	0.23083	0.11550	0.65366
71 A	0.22967	0.10514	0.66519
72 T	0.22942	0.09077	0.67981
73 A	0.22767	0.08905	0.68328
74 A	0.22650	0.08526	0.68825
75 A	0.22602	0.07822	0.69576
76 A	0.22586	0.07211	0.70202
77 T	0.22589	0.06647	0.70763
78 G	0.22564	0.06371	0.71064
79 G	0.22592	0.06163	0.71245
80 G	0.22669	0.05941	0.7139
81 T	0.22790	0.05800	0.7141
82 A	0.22873	0.05823	0.71305
83 A	0.23029	0.05780	0.71191
84 T	0.23155	0.05651	0.71194
85 T	0.23231	0.05531	0.71238
86 T	0.23235	0.05573	0.71192
87 T	0.23145	0.05809	0.71047
88 A	0.22949	0.06250	0.70802
89 G	0.22730	0.06259	0.71011
90 T	0.22541	0.06540	0.7092
91 G	0.21662	0.07916	0.70421
92 A	0.21265	0.08711	0.70025
93 G	0.21310	0.08978	0.69712
94 G	0.21380	0.10080	0.6854
95 A	0.21488	0.10647	0.67865
96 G	0.21969	0.10464	0.67567
97 T	0.22399	0.10094	0.67508
98 T	0.22548	0.10058	0.67395
99 T	0.22579	0.10115	0.67306
100 G	0.22507	0.10289	0.67204
101 C	0.22494	0.10350	0.67156
102 T	0.22508	0.10500	0.66992
103 A	0.22516	0.10657	0.66827
104 A	0.22604	0.10614	0.66781
105 A	0.22821	0.10423	0.66755
106 T	0.23070	0.10190	0.6674
107 T	0.23205	0.10061	0.66733
108 A	0.23155	0.10127	0.66718
109 A	0.23309	0.09964	0.66727
110 A	0.23517	0.09638	0.66845
111 T	0.23786	0.09132	0.67082
112 G	0.23856	0.08820	0.67324
113 A	0.24243	0.08225	0.67531
114 T	0.24928	0.06776	0.68295
115 G	0.25414	0.06080	0.68506
116 A	0.26065	0.05502	0.68434
117 T	0.27504	0.04115	0.68381
118 G	0.28058	0.03728	0.68214
119 A	0.28413	0.03598	0.67989
120 T	0.28705	0.03290	0.68005
121 T	0.28945	0.03032	0.68023
122 T	0.28978	0.02969	0.68053
123 T	0.28671	0.03211	0.68117
124 C	0.27641	0.04206	0.68152
125 C	0.26463	0.05444	0.68093
126 T	0.24501	0.07755	0.67743
127 A	0.19686	0.13014	0.673
128 A	0.15328	0.18070	0.66603
129 A	0.09723	0.24085	0.66192
130 G	0.06952	0.26852	0.66196
131 A	0.05657	0.27923	0.66421
132 A	0.04930	0.28492	0.66578
133 A	0.04400	0.28935	0.66666
134 C	0.04126	0.29086	0.66788
135 C	0.04065	0.29059	0.66876
136 G	0.03969	0.29143	0.66889
137 A	0.03913	0.29195	0.66891
138 A	0.04075	0.29021	0.66903
139 C	0.04207	0.28879	0.66914
140 G	0.04222	0.28885	0.66893
141 A	0.04319	0.28782	0.66899
142 T	0.04468	0.28629	0.66903
143 T	0.04278	0.28901	0.66821
144 A	0.03637	0.29713	0.6665
145 A	0.03389	0.29960	0.66651
146 A	0.03228	0.29589	0.67184
147 A	0.03109	0.28389	0.68502
148 A	0.03167	0.26959	0.69874
149 A	0.03524	0.24400	0.72075
150 A	0.03932	0.19595	0.76473
151 A	0.04574	0.14704	0.80722
152 T	0.04951	0.08966	0.86083
153 G	0.04875	0.06507	0.88618
154 T	0.04777	0.05562	0.89662
155 A	0.04577	0.05265	0.90158
156 T	0.04442	0.04990	0.90568
157 C	0.03999	0.05333	0.90668
158 A	0.03676	0.05913	0.90411
159 A	0.03554	0.06183	0.90263
160 G	0.03445	0.06346	0.90209
161 A	0.03293	0.06722	0.89985
162 A	0.03202	0.06858	0.89941
163 G	0.03202	0.06611	0.90187
164 G	0.03258	0.06381	0.90361
165 A	0.03332	0.06200	0.90468
166 A	0.03466	0.05801	0.90732
167 C	0.03692	0.04926	0.91381
168 T	0.03998	0.04456	0.91546
169 T	0.04103	0.04256	0.91642
170 C	0.04138	0.04199	0.91664
171 T	0.04171	0.04440	0.91389
172 T	0.04188	0.04694	0.91119
173 T	0.04192	0.04837	0.9097
174 A	0.04162	0.04957	0.90882
175 A	0.04183	0.04983	0.90834
176 A	0.04233	0.04800	0.90967
177 T	0.04438	0.04372	0.9119
178 G	0.04647	0.03932	0.91421
179 A	0.04954	0.03498	0.91549
180 T	0.05330	0.02757	0.91913
181 T	0.05589	0.02247	0.92164
182 T	0.05701	0.02031	0.92268
183 A	0.05713	0.01932	0.92355
184 T	0.05860	0.01645	0.92495
185 T	0.05875	0.01555	0.9257
186 A	0.05777	0.01619	0.92605
187 C	0.05699	0.01680	0.92621
188 C	0.05615	0.01769	0.92616
189 A	0.05386	0.02032	0.92582
190 G	0.05176	0.02249	0.92575
191 A	0.05043	0.02392	0.92566
192 A	0.05033	0.02408	0.9256
193 G	0.05159	0.02276	0.92564
194 C	0.05513	0.01878	0.92608
195 T	0.05827	0.01553	0.92619
196 T	0.05960	0.01403	0.92638
197 T	0.06004	0.01334	0.92662
198 T	0.06004	0.01320	0.92675
199 G	0.05992	0.01329	0.92679
200 C	0.05984	0.01322	0.92694
201 T	0.05975	0.01331	0.92694
202 T	0.05952	0.01350	0.92697
203 T	0.05883	0.01421	0.92696
204 A	0.05326	0.01983	0.92691
205 A	0.04924	0.02381	0.92695
206 C	0.04653	0.02562	0.92785
207 G	0.04364	0.02838	0.92798
208 A	0.04299	0.02888	0.92814
209 A	0.04266	0.02858	0.92877
210 A	0.04243	0.02815	0.92942
211 G	0.04240	0.02738	0.93021
212 A	0.04266	0.02485	0.93249
213 A	0.04270	0.02266	0.93463
214 G	0.04279	0.02100	0.93621
215 C	0.04287	0.02021	0.93692
216 T	0.04291	0.02017	0.93692
217 T	0.04294	0.02012	0.93694
218 G	0.04292	0.02014	0.93694
219 T	0.04292	0.02016	0.93692
220 A	0.04290	0.02023	0.93687
221 C	0.04291	0.01982	0.93728
222 T	0.04293	0.01968	0.93738
223 A	0.04290	0.01965	0.93745
224 G	0.04291	0.01926	0.93783
225 A	0.04269	0.01912	0.93819
226 G	0.04252	0.01853	0.93895
227 T	0.04252	0.01260	0.94488
228 T	0.04238	0.00881	0.9488
229 A	0.04188	0.00684	0.95128
230 C	0.04147	0.00478	0.95375
231 A	0.04137	0.00467	0.95397
232 G	0.04133	0.00463	0.95404
233 G	0.04134	0.00472	0.95394
234 G	0.04136	0.00500	0.95364
235 T	0.04142	0.00497	0.95361
236 T	0.04140	0.00500	0.9536
237 A	0.04131	0.00505	0.95364
238 A	0.04129	0.00501	0.9537
239 C	0.04127	0.00496	0.95377
240 A	0.04125	0.00495	0.9538
241 C	0.04129	0.00485	0.95386
242 C	0.04140	0.00476	0.95385
243 T	0.04153	0.00473	0.95374
244 T	0.04155	0.00490	0.95355
245 A	0.04149	0.00520	0.95331
246 T	0.04152	0.00560	0.95288
247 A	0.04148	0.00586	0.95266
248 A	0.04150	0.00558	0.95291
249 T	0.04150	0.00523	0.95327
250 G	0.04144	0.00509	0.95346
251 T	0.04147	0.00485	0.95368
252 A	0.04138	0.00455	0.95407
253 C	0.04139	0.00414	0.95447
254 A	0.04148	0.00396	0.95456
255 G	0.04166	0.00370	0.95464
256 C	0.04188	0.00342	0.95469
257 T	0.04223	0.00307	0.9547
258 T	0.04227	0.00303	0.95471
259 T	0.04229	0.00296	0.95475
260 T	0.04223	0.00296	0.9548
261 A	0.04207	0.00311	0.95482
262 G	0.04200	0.00304	0.95495
263 G	0.04176	0.00322	0.95502
264 A	0.04171	0.00321	0.95507
265 G	0.04171	0.00314	0.95515
266 C	0.04180	0.00300	0.9552
267 A	0.04192	0.00293	0.95515
268 G	0.04218	0.00261	0.95521
269 T	0.04263	0.00213	0.95524
270 T	0.04285	0.00189	0.95526
271 G	0.04287	0.00187	0.95526
272 T	0.04287	0.00179	0.95533
273 T	0.04286	0.00172	0.95542
274 T	0.04280	0.00175	0.95546
275 T	0.04272	0.00177	0.95551
276 A	0.04201	0.00244	0.95555
277 T	0.04155	0.00287	0.95558
278 A	0.04062	0.00379	0.95558
279 T	0.03932	0.00508	0.95561
280 C	0.03593	0.00845	0.95562
281 A	0.03211	0.01230	0.95559
282 A	0.02782	0.01657	0.95561
283 G	0.02672	0.01762	0.95567
284 G	0.02615	0.01808	0.95577
285 A	0.02582	0.01839	0.95579
286 C	0.02573	0.01823	0.95605
287 A	0.02568	0.01826	0.95606
288 A	0.02562	0.01831	0.95608
289 A	0.02559	0.01829	0.95612
290 T	0.02566	0.01817	0.95617
291 T	0.02562	0.01819	0.9562
292 G	0.02549	0.01827	0.95625
293 C	0.02540	0.01830	0.9563
294 T	0.02527	0.01846	0.95627
295 G	0.02491	0.01894	0.95616
296 A	0.02452	0.01949	0.95598
297 G	0.02424	0.01993	0.95583
298 A	0.02417	0.02030	0.95552
299 T	0.02412	0.01950	0.95638
300 G	0.02399	0.01901	0.957
301 A	0.02394	0.01802	0.95804
302 A	0.02391	0.01670	0.95939
303 A	0.02374	0.01372	0.96255
304 A	0.02372	0.01008	0.9662
305 C	0.02371	0.00580	0.97048
306 G	0.02369	0.00506	0.97124
307 G	0.02370	0.00478	0.97152
308 G	0.02371	0.00476	0.97153
309 T	0.02371	0.00491	0.97138
310 G	0.02370	0.00502	0.97127
311 A	0.02371	0.00507	0.97122
312 A	0.02367	0.00525	0.97109
313 G	0.02364	0.00531	0.97104
314 G	0.02364	0.00548	0.97088
315 T	0.02368	0.00546	0.97086
316 A	0.02369	0.00537	0.97093
317 A	0.02375	0.00524	0.97101
318 A	0.02391	0.00484	0.97125
319 A	0.02412	0.00431	0.97157
320 C	0.02437	0.00370	0.97194
321 T	0.02477	0.00324	0.97198
322 T	0.02487	0.00310	0.97202
323 T	0.02495	0.00296	0.97209
324 A	0.02493	0.00296	0.97211
325 A	0.02492	0.00294	0.97214
326 C	0.02495	0.00269	0.97236
327 T	0.02497	0.00262	0.97241
328 T	0.02496	0.00261	0.97243
329 C	0.02492	0.00264	0.97244
330 A	0.02493	0.00264	0.97243
331 G	0.02505	0.00253	0.97242
332 T	0.02529	0.00229	0.97243
333 T	0.02543	0.00213	0.97245
334 A	0.02556	0.00199	0.97246
335 T	0.02579	0.00169	0.97252
336 G	0.02578	0.00167	0.97256
337 T	0.02597	0.00145	0.97258
338 C	0.02601	0.00139	0.9726
339 A	0.02602	0.00138	0.97261
340 G	0.02607	0.00132	0.97261
341 C	0.02617	0.00122	0.97261
342 T	0.02625	0.00114	0.9726
343 T	0.02625	0.00115	0.97259
344 A	0.02622	0.00120	0.97258
345 T	0.02620	0.00124	0.97256
346 T	0.02616	0.00133	0.97251
347 T	0.02611	0.00139	0.97249
348 A	0.02603	0.00154	0.97244
349 A	0.02599	0.00155	0.97246
350 A	0.02598	0.00151	0.9725
351 T	0.02599	0.00143	0.97259
352 G	0.02597	0.00134	0.97268
353 C	0.02598	0.00125	0.97276
354 T	0.02599	0.00126	0.97276
355 T	0.02597	0.00129	0.97274
356 T	0.02589	0.00139	0.97272
357 A	0.02575	0.00155	0.9727
358 A	0.02569	0.00161	0.9727
359 G	0.02565	0.00148	0.97287
360 T	0.02562	0.00144	0.97294
361 G	0.02559	0.00140	0.97301
362 G	0.02558	0.00138	0.97304
363 T	0.02557	0.00139	0.97304
364 A	0.02554	0.00144	0.97301
365 A	0.02554	0.00144	0.97303
366 A	0.02553	0.00141	0.97306
367 G	0.02553	0.00133	0.97314
368 G	0.02555	0.00124	0.97321
369 C	0.02562	0.00112	0.97326
370 G	0.02567	0.00104	0.9733
371 T	0.02575	0.00093	0.97332
372 T	0.02575	0.00091	0.97334
373 C	0.02573	0.00094	0.97333
374 A	0.02572	0.00097	0.97331
375 T	0.02573	0.00095	0.97331
376 A	0.02572	0.00096	0.97332
377 T	0.02575	0.00092	0.97333
378 T	0.02576	0.00089	0.97335
379 G	0.02576	0.00079	0.97345
380 T	0.02577	0.00065	0.97358
381 T	0.02577	0.00060	0.97363
382 A	0.02576	0.00059	0.97365
383 C	0.02576	0.00055	0.97368
384 T	0.02578	0.00054	0.97368
385 G	0.02579	0.00056	0.97365
386 T	0.02580	0.00056	0.97364
387 T	0.02582	0.00056	0.97362
388 A	0.02577	0.00066	0.97358
389 A	0.02562	0.00083	0.97356
390 T	0.02554	0.00091	0.97355
391 G	0.02547	0.00098	0.97355
392 A	0.02544	0.00102	0.97354
393 A	0.02544	0.00102	0.97354
394 T	0.02545	0.00102	0.97353
395 A	0.02544	0.00103	0.97353
396 T	0.02542	0.00104	0.97354
397 T	0.02537	0.00108	0.97354
398 T	0.02521	0.00124	0.97356
399 A	0.02494	0.00149	0.97357
400 G	0.02468	0.00173	0.97359
401 C	0.02452	0.00188	0.9736
402 A	0.02425	0.00214	0.97362
403 C	0.02407	0.00231	0.97362
404 G	0.02391	0.00247	0.97362
405 T	0.02383	0.00256	0.97361
406 C	0.02364	0.00278	0.97358
407 G	0.02347	0.00306	0.97346
408 T	0.02338	0.00337	0.97325
409 G	0.02318	0.00366	0.97316
410 A	0.02307	0.00383	0.97309
411 A	0.02296	0.00399	0.97306
412 T	0.02289	0.00392	0.97318
413 C	0.02268	0.00408	0.97324
414 T	0.02250	0.00434	0.97316
415 G	0.02198	0.00495	0.97306
416 A	0.02173	0.00529	0.97297
417 A	0.02163	0.00544	0.97294
418 G	0.02155	0.00554	0.97292
419 G	0.02152	0.00550	0.97297
420 A	0.02150	0.00546	0.97303
421 G	0.02150	0.00531	0.97319
422 A	0.02148	0.00513	0.97339
423 A	0.02148	0.00492	0.9736
424 A	0.02148	0.00475	0.97377
425 T	0.02148	0.00446	0.97405
426 A	0.02147	0.00429	0.97424
427 G	0.02148	0.00409	0.97443
428 G	0.02150	0.00398	0.97452
429 A	0.02154	0.00383	0.97463
430 A	0.02166	0.00358	0.97477
431 A	0.02187	0.00324	0.97489
432 T	0.02200	0.00289	0.97511
433 A	0.02210	0.00262	0.97528
434 T	0.02226	0.00222	0.97552
435 T	0.02236	0.00189	0.97574
436 T	0.02243	0.00156	0.97601
437 T	0.02250	0.00131	0.97619
438 T	0.02255	0.00088	0.97657
439 C	0.02257	0.00073	0.97671
440 G	0.02259	0.00071	0.97669
441 T	0.02263	0.00070	0.97666
442 T	0.02266	0.00072	0.97662
443 T	0.02266	0.00080	0.97654
444 T	0.02260	0.00098	0.97642
445 T	0.02243	0.00132	0.97625
446 T	0.02215	0.00176	0.97608
447 A	0.02180	0.00246	0.97574
448 G	0.02168	0.00269	0.97564
449 G	0.02162	0.00281	0.97556
450 A	0.02158	0.00297	0.97546
451 T	0.02156	0.00299	0.97544
452 T	0.02152	0.00306	0.97542
453 A	0.02140	0.00321	0.97539
454 A	0.02136	0.00328	0.97536
455 C	0.02136	0.00328	0.97536
456 T	0.02137	0.00328	0.97535
457 G	0.02135	0.00332	0.97532
458 T	0.02134	0.00337	0.97529
459 C	0.02130	0.00346	0.97523
460 G	0.02108	0.00388	0.97504
461 G	0.02095	0.00412	0.97493
462 T	0.02092	0.00430	0.97478
463 T	0.02079	0.00454	0.97467
464 T	0.02072	0.00473	0.97456
465 A	0.02048	0.00507	0.97445
466 A	0.02042	0.00520	0.97438
467 A	0.02048	0.00510	0.97442
468 T	0.02068	0.00480	0.97453
469 A	0.02055	0.00486	0.9746
470 T	0.02058	0.00473	0.97469
471 T	0.01964	0.00588	0.97447
472 A	0.01591	0.01019	0.9739
473 A	0.01328	0.01292	0.97381
474 A	0.01107	0.01520	0.97372
475 G	0.00939	0.01694	0.97367
476 A	0.00762	0.01886	0.97351
477 C	0.00656	0.02000	0.97345
478 A	0.00556	0.02130	0.97314
479 A	0.00504	0.02220	0.97277
480 A	0.00472	0.02272	0.97256
481 A	0.00472	0.02288	0.9724
482 A	0.00481	0.02277	0.97243
483 T	0.00507	0.02220	0.97272
484 A	0.00515	0.02191	0.97294
485 T	0.00526	0.02155	0.9732
486 C	0.00491	0.02168	0.9734
487 G	0.00432	0.02231	0.97338
488 A	0.00380	0.02301	0.97319
489 A	0.00340	0.02352	0.97308
490 G	0.00321	0.02390	0.9729
491 A	0.00313	0.02410	0.97277
492 A	0.00323	0.02366	0.97311
493 A	0.00332	0.02314	0.97354
494 A	0.00352	0.02190	0.97458
495 A	0.00399	0.01835	0.97765
496 A	0.00415	0.01582	0.98002
497 A	0.00434	0.01360	0.98207
498 A	0.00461	0.01172	0.98367
499 T	0.00503	0.00945	0.98552
500 T	0.00520	0.00823	0.98657
501 A	0.00537	0.00722	0.9874
502 G	0.00564	0.00643	0.98793
503 C	0.00583	0.00591	0.98827
504 T	0.00598	0.00573	0.98829
505 T	0.00600	0.00572	0.98828
506 A	0.00599	0.00574	0.98827
507 T	0.00601	0.00570	0.98829
508 A	0.00601	0.00570	0.98828
509 A	0.00604	0.00523	0.98874
510 A	0.00615	0.00441	0.98944
511 T	0.00646	0.00350	0.99004
512 G	0.00666	0.00287	0.99046
513 T	0.00696	0.00239	0.99065
514 G	0.00709	0.00227	0.99063
515 A	0.00729	0.00229	0.99042
516 T	0.00751	0.00203	0.99046
517 A	0.00765	0.00189	0.99046
518 T	0.00785	0.00167	0.99048
519 T	0.00796	0.00157	0.99047
520 C	0.00801	0.00153	0.99047
521 T	0.00808	0.00157	0.99036
522 T	0.00800	0.00185	0.99015
523 T	0.00782	0.00216	0.99003
524 A	0.00764	0.00245	0.9899
525 T	0.00757	0.00257	0.98985
526 T	0.00744	0.00269	0.98987
527 C	0.00735	0.00278	0.98988
528 T	0.00729	0.00286	0.98986
529 A	0.00712	0.00307	0.98981
530 C	0.00705	0.00313	0.98982
531 T	0.00701	0.00318	0.98981
532 A	0.00651	0.00369	0.9898
533 A	0.00619	0.00401	0.9898
534 C	0.00611	0.00408	0.98982
535 A	0.00604	0.00414	0.98982
536 G	0.00602	0.00415	0.98983
537 C	0.00614	0.00401	0.98985
538 G	0.00639	0.00376	0.98985
539 A	0.00645	0.00371	0.98984
540 A	0.00653	0.00363	0.98983
541 T	0.00660	0.00358	0.98983
542 T	0.00663	0.00354	0.98983
543 A	0.00663	0.00348	0.98989
544 G	0.00670	0.00327	0.99003
545 G	0.00688	0.00295	0.99018
546 T	0.00703	0.00258	0.99039
547 T	0.00714	0.00228	0.99057
548 T	0.00716	0.00217	0.99067
549 C	0.00713	0.00205	0.99082
550 G	0.00711	0.00203	0.99086
551 A	0.00711	0.00198	0.99091
552 T	0.00715	0.00184	0.99101
553 T	0.00714	0.00190	0.99096
554 A	0.00708	0.00202	0.9909
555 T	0.00703	0.00165	0.99133
556 T	0.00677	0.00170	0.99153
557 T	0.00624	0.00227	0.9915
558 A	0.00521	0.00352	0.99127
559 A	0.00477	0.00406	0.99117
560 G	0.00465	0.00424	0.99111
561 A	0.00456	0.00445	0.99098
562 G	0.00451	0.00463	0.99087
563 A	0.00449	0.00488	0.99062
564 T	0.00449	0.00536	0.99015
565 A	0.00432	0.00656	0.98913
566 A	0.00426	0.00695	0.98878
567 T	0.00425	0.00697	0.98878
568 A	0.00422	0.00702	0.98876
569 T	0.00419	0.00705	0.98877
570 T	0.00413	0.00709	0.98879
571 C	0.00398	0.00722	0.9888
572 A	0.00390	0.00732	0.98878
573 A	0.00380	0.00742	0.98877
574 A	0.00377	0.00746	0.98877
575 A	0.00379	0.00742	0.98879
576 T	0.00391	0.00728	0.98881
577 G	0.00400	0.00703	0.98897
578 A	0.00412	0.00676	0.98912
579 T	0.00430	0.00623	0.98947
580 A	0.00441	0.00562	0.98998
581 T	0.00465	0.00449	0.99086
582 C	0.00464	0.00419	0.99118
583 G	0.00459	0.00436	0.99105
584 A	0.00462	0.00465	0.99073
585 A	0.00473	0.00465	0.99062
586 A	0.00496	0.00452	0.99052
587 A	0.00543	0.00407	0.9905
588 T	0.00650	0.00281	0.99069
589 T	0.00678	0.00250	0.99071
590 T	0.00674	0.00260	0.99066
591 A	0.00661	0.00277	0.99063
592 T	0.00652	0.00288	0.9906
593 T	0.00639	0.00303	0.99058
594 G	0.00612	0.00335	0.99054
595 A	0.00606	0.00342	0.99052
596 T	0.00605	0.00336	0.99059
597 G	0.00597	0.00342	0.99061
598 A	0.00581	0.00358	0.99061
599 C	0.00567	0.00371	0.99062
600 A	0.00491	0.00450	0.99059
601 A	0.00468	0.00474	0.99058
602 G	0.00458	0.00483	0.99059
603 A	0.00456	0.00485	0.99059
604 G	0.00456	0.00484	0.9906
605 A	0.00461	0.00465	0.99074
606 A	0.00480	0.00434	0.99087
607 T	0.00512	0.00391	0.99097
608 A	0.00519	0.00380	0.99101
609 T	0.00530	0.00367	0.99103
610 A	0.00532	0.00365	0.99104
611 A	0.00535	0.00357	0.99108
612 T	0.00543	0.00340	0.99117
613 T	0.00548	0.00323	0.99129
614 A	0.00550	0.00304	0.99146
615 C	0.00555	0.00281	0.99164
616 G	0.00563	0.00264	0.99173
617 C	0.00577	0.00236	0.99187
618 T	0.00586	0.00226	0.99187
619 A	0.00588	0.00224	0.99187
620 T	0.00593	0.00217	0.9919
621 T	0.00594	0.00202	0.99204
622 A	0.00593	0.00192	0.99216
623 T	0.00593	0.00113	0.99294
624 T	0.00590	0.00091	0.99318
625 G	0.00584	0.00086	0.9933
626 A	0.00579	0.00085	0.99335
627 T	0.00576	0.00084	0.9934
628 G	0.00571	0.00086	0.99342
629 A	0.00569	0.00087	0.99344
630 G	0.00569	0.00083	0.99347
631 G	0.00569	0.00080	0.99351
632 T	0.00571	0.00081	0.99348
633 A	0.00572	0.00082	0.99346
634 G	0.00573	0.00079	0.99348
635 A	0.00573	0.00077	0.9935
636 T	0.00574	0.00070	0.99356
637 T	0.00574	0.00067	0.99359
638 C	0.00574	0.00066	0.99361
639 G	0.00574	0.00070	0.99356
640 A	0.00575	0.00080	0.99346
641 T	0.00576	0.00081	0.99342
642 T	0.00578	0.00089	0.99332
643 T	0.00579	0.00099	0.99323
644 T	0.00579	0.00116	0.99305
645 A	0.00579	0.00127	0.99294
646 A	0.00579	0.00130	0.99291
647 T	0.00579	0.00131	0.9929
648 T	0.00576	0.00137	0.99286
649 G	0.00570	0.00148	0.99282
650 A	0.00567	0.00159	0.99275
651 T	0.00563	0.00169	0.99268
652 G	0.00558	0.00173	0.99268
653 A	0.00557	0.00175	0.99269
654 A	0.00557	0.00174	0.99269
655 G	0.00560	0.00171	0.99268
656 C	0.00564	0.00167	0.99268
657 T	0.00565	0.00169	0.99266
658 A	0.00566	0.00169	0.99265
659 G	0.00567	0.00168	0.99265
660 A	0.00569	0.00166	0.99265
661 A	0.00570	0.00164	0.99265
662 C	0.00576	0.00158	0.99266
663 T	0.00589	0.00144	0.99267
664 C	0.00595	0.00139	0.99267
665 C	0.00605	0.00128	0.99267
666 G	0.00616	0.00117	0.99267
667 T	0.00637	0.00097	0.99265
668 T	0.00649	0.00086	0.99264
669 A	0.00653	0.00084	0.99263
670 A	0.00660	0.00079	0.99261
671 T	0.00671	0.00065	0.99264
672 T	0.00677	0.00055	0.99269
673 A	0.00682	0.00046	0.99271
674 T	0.00687	0.00037	0.99275
675 T	0.00679	0.00042	0.99278
676 T	0.00665	0.00056	0.99279
677 C	0.00637	0.00084	0.99279
678 C	0.00609	0.00112	0.99279
679 A	0.00582	0.00140	0.99279
680 G	0.00567	0.00155	0.99279
681 T	0.00561	0.00161	0.99279
682 C	0.00550	0.00171	0.99279
683 C	0.00541	0.00181	0.99279
684 T	0.00534	0.00187	0.99278
685 T	0.00518	0.00204	0.99278
686 C	0.00495	0.00228	0.99277
687 G	0.00475	0.00248	0.99277
688 A	0.00463	0.00260	0.99277
689 A	0.00452	0.00271	0.99276
690 A	0.00442	0.00282	0.99276
691 C	0.00436	0.00289	0.99276
692 A	0.00431	0.00294	0.99276
693 A	0.00428	0.00297	0.99274
694 G	0.00429	0.00298	0.99272
695 T	0.00432	0.00301	0.99267
696 A	0.00432	0.00312	0.99256
697 A	0.00431	0.00318	0.9925
698 T	0.00431	0.00309	0.9926
699 T	0.00430	0.00301	0.99268
700 A	0.00428	0.00295	0.99276
701 A	0.00427	0.00283	0.9929
702 A	0.00427	0.00262	0.99311
703 T	0.00427	0.00246	0.99327
704 T	0.00426	0.00240	0.99334
705 T	0.00425	0.00233	0.99342
706 T	0.00422	0.00228	0.9935
707 A	0.00418	0.00229	0.99354
708 T	0.00415	0.00219	0.99366
709 A	0.00407	0.00216	0.99377
710 G	0.00402	0.00208	0.9939
711 A	0.00398	0.00215	0.99388
712 G	0.00397	0.00206	0.99397
713 A	0.00397	0.00197	0.99406
714 T	0.00398	0.00188	0.99414
715 G	0.00398	0.00182	0.9942
716 C	0.00400	0.00177	0.99422
717 A	0.00403	0.00175	0.99422
718 A	0.00410	0.00167	0.99423
719 A	0.00424	0.00153	0.99423
720 T	0.00444	0.00131	0.99424
721 C	0.00450	0.00126	0.99425
722 G	0.00456	0.00125	0.99419
723 T	0.00468	0.00120	0.99412
724 T	0.00475	0.00125	0.99399
725 T	0.00478	0.00138	0.99384
726 T	0.00477	0.00166	0.99356
727 G	0.00472	0.00225	0.99302
728 T	0.00471	0.00264	0.99266
729 T	0.00464	0.00312	0.99224
730 A	0.00418	0.00374	0.99208
731 A	0.00401	0.00396	0.99203
732 A	0.00394	0.00402	0.99205
733 A	0.00392	0.00402	0.99206
734 C	0.00397	0.00394	0.99209
735 T	0.00392	0.00412	0.99196
736 T	0.00383	0.00435	0.99181
737 T	0.00369	0.00460	0.99171
738 A	0.00334	0.00511	0.99155
739 A	0.00308	0.00548	0.99143
740 A	0.00292	0.00568	0.9914
741 A	0.00286	0.00576	0.99138
742 G	0.00283	0.00580	0.99137
743 A	0.00280	0.00582	0.99137
744 A	0.00281	0.00580	0.99138
745 A	0.00290	0.00571	0.99139
746 A	0.00301	0.00557	0.99142
747 C	0.00319	0.00531	0.9915
748 G	0.00340	0.00508	0.99152
749 G	0.00376	0.00468	0.99155
750 T	0.00436	0.00405	0.9916
751 T	0.00465	0.00373	0.99162
752 A	0.00493	0.00343	0.99164
753 T	0.00510	0.00285	0.99205
754 A	0.00512	0.00271	0.99217
755 T	0.00515	0.00261	0.99225
756 A	0.00505	0.00282	0.99214
757 A	0.00503	0.00287	0.9921
758 T	0.00519	0.00259	0.99222
759 T	0.00523	0.00247	0.9923
760 G	0.00504	0.00258	0.99238
761 A	0.00485	0.00270	0.99244
762 T	0.00475	0.00271	0.99254
763 T	0.00453	0.00294	0.99253
764 T	0.00395	0.00360	0.99244
765 A	0.00330	0.00433	0.99236
766 G	0.00314	0.00448	0.99238
767 A	0.00305	0.00457	0.99238
768 A	0.00301	0.00460	0.99239
769 T	0.00299	0.00462	0.99239
770 C	0.00294	0.00467	0.99238
771 T	0.00288	0.00479	0.99232
772 A	0.00274	0.00497	0.9923
773 A	0.00261	0.00512	0.99227
774 A	0.00257	0.00518	0.99225
775 A	0.00258	0.00519	0.99223
776 C	0.00261	0.00511	0.99228
777 A	0.00266	0.00510	0.99223
778 A	0.00275	0.00501	0.99224
779 T	0.00297	0.00470	0.99234
780 T	0.00314	0.00451	0.99236
781 G	0.00318	0.00448	0.99234
782 A	0.00325	0.00429	0.99246
783 A	0.00334	0.00391	0.99275
784 T	0.00351	0.00329	0.9932
785 T	0.00361	0.00291	0.99347
786 A	0.00369	0.00265	0.99366
787 T	0.00377	0.00211	0.99411
788 C	0.00379	0.00163	0.99458
789 T	0.00376	0.00177	0.99447
790 G	0.00366	0.00222	0.99413
791 A	0.00357	0.00304	0.99339
792 A	0.00323	0.00408	0.99269
793 G	0.00316	0.00492	0.99191
794 A	0.00315	0.00539	0.99146
795 A	0.00314	0.00549	0.99137
796 G	0.00315	0.00552	0.99133
797 G	0.00317	0.00548	0.99135
798 A	0.00319	0.00547	0.99134
799 A	0.00322	0.00542	0.99136
800 T	0.00332	0.00530	0.99139
801 C	0.00335	0.00525	0.9914
802 G	0.00337	0.00523	0.9914
803 C	0.00340	0.00521	0.99139
804 T	0.00343	0.00527	0.9913
805 A	0.00344	0.00527	0.99129
806 A	0.00344	0.00528	0.99129
807 A	0.00343	0.00529	0.99128
808 G	0.00343	0.00528	0.99129
809 C	0.00350	0.00513	0.99136
810 T	0.00367	0.00499	0.99134
811 G	0.00370	0.00495	0.99135
812 A	0.00387	0.00477	0.99137
813 A	0.00422	0.00436	0.99142
814 A	0.00488	0.00363	0.99148
815 C	0.00561	0.00250	0.99189
816 T	0.00654	0.00150	0.99196
817 T	0.00702	0.00098	0.992
818 T	0.00717	0.00081	0.99202
819 T	0.00717	0.00080	0.99202
820 T	0.00703	0.00094	0.99203
821 T	0.00674	0.00121	0.99205
822 C	0.00615	0.00179	0.99205
823 C	0.00591	0.00207	0.99202
824 A	0.00577	0.00232	0.99191
825 A	0.00564	0.00250	0.99186
826 A	0.00550	0.00273	0.99177
827 T	0.00548	0.00278	0.99174
828 T	0.00525	0.00308	0.99167
829 A	0.00482	0.00378	0.9914
830 A	0.00471	0.00396	0.99134
831 A	0.00466	0.00402	0.99133
832 A	0.00463	0.00407	0.9913
833 A	0.00464	0.00403	0.99132
834 T	0.00466	0.00394	0.99139
835 T	0.00466	0.00392	0.99142
836 T	0.00464	0.00393	0.99143
837 A	0.00462	0.00395	0.99143
838 T	0.00462	0.00394	0.99144
839 A	0.00461	0.00394	0.99145
840 T	0.00459	0.00390	0.99151
841 A	0.00455	0.00387	0.99158
842 G	0.00452	0.00373	0.99175
843 T	0.00452	0.00356	0.99192
844 G	0.00450	0.00335	0.99215
845 G	0.00450	0.00296	0.99254
846 T	0.00455	0.00276	0.99268
847 A	0.00464	0.00266	0.9927
848 A	0.00469	0.00253	0.99278
849 T	0.00479	0.00229	0.99292
850 A	0.00483	0.00218	0.99299
851 A	0.00491	0.00188	0.99321
852 T	0.00520	0.00122	0.99358
853 T	0.00527	0.00103	0.99369
854 A	0.00530	0.00096	0.99373
855 T	0.00535	0.00088	0.99377
856 T	0.00536	0.00089	0.99375
857 C	0.00535	0.00094	0.9937
858 T	0.00535	0.00109	0.99355
859 T	0.00535	0.00133	0.99332
860 T	0.00535	0.00151	0.99314
861 A	0.00532	0.00157	0.99311
862 A	0.00531	0.00159	0.9931
863 T	0.00530	0.00158	0.99313
864 A	0.00515	0.00169	0.99315
865 C	0.00506	0.00178	0.99316
866 A	0.00498	0.00207	0.99296
867 T	0.00499	0.00223	0.99278
868 T	0.00499	0.00257	0.99245
869 G	0.00496	0.00283	0.99221
870 T	0.00498	0.00322	0.9918
871 A	0.00496	0.00358	0.99146
872 T	0.00496	0.00372	0.99133
873 T	0.00488	0.00393	0.99119
874 A	0.00477	0.00414	0.99109
875 A	0.00471	0.00420	0.99108
876 A	0.00468	0.00424	0.99108
877 A	0.00468	0.00423	0.99109
878 A	0.00473	0.00417	0.99109
879 C	0.00487	0.00401	0.99113
880 T	0.00501	0.00385	0.99114
881 C	0.00515	0.00369	0.99115
882 T	0.00532	0.00352	0.99116
883 T	0.00540	0.00345	0.99115
884 T	0.00539	0.00346	0.99115
885 A	0.00530	0.00355	0.99115
886 A	0.00522	0.00361	0.99117
887 A	0.00519	0.00348	0.99134
888 A	0.00518	0.00335	0.99146
889 G	0.00540	0.00296	0.99163
890 C	0.00571	0.00258	0.99172
891 T	0.00619	0.00208	0.99174
892 G	0.00642	0.00186	0.99172
893 T	0.00683	0.00149	0.99168
894 T	0.00702	0.00139	0.99158
895 T	0.00705	0.00164	0.99131
896 T	0.00704	0.00175	0.99121
897 T	0.00697	0.00188	0.99116
898 A	0.00679	0.00229	0.99092
899 T	0.00665	0.00249	0.99087
900 T	0.00638	0.00281	0.99081
901 A	0.00585	0.00343	0.99071
902 T	0.00555	0.00379	0.99065
903 G	0.00501	0.00442	0.99057
904 A	0.00476	0.00475	0.99049
905 A	0.00456	0.00504	0.99039
906 T	0.00449	0.00525	0.99026
907 A	0.00432	0.00564	0.99004
908 A	0.00424	0.00574	0.99002
909 A	0.00415	0.00587	0.98998
910 A	0.00407	0.00604	0.98989
911 A	0.00402	0.00611	0.98986
912 T	0.00399	0.00617	0.98983
913 A	0.00387	0.00642	0.98971
914 A	0.00385	0.00647	0.98968
915 A	0.00389	0.00645	0.98966
916 G	0.00397	0.00641	0.98962
917 A	0.00413	0.00636	0.98951
918 T	0.00458	0.00600	0.98943
919 T	0.00478	0.00587	0.98935
920 A	0.00487	0.00577	0.98936
921 T	0.00508	0.00534	0.98959
922 T	0.00513	0.00514	0.98973
923 T	0.00511	0.00494	0.98994
924 A	0.00496	0.00485	0.99019
925 G	0.00493	0.00465	0.99042
926 T	0.00498	0.00427	0.99075
927 A	0.00493	0.00433	0.99074
928 G	0.00496	0.00421	0.99083
929 A	0.00510	0.00408	0.99082
930 T	0.00532	0.00381	0.99087
931 A	0.00534	0.00388	0.99077
932 A	0.00543	0.00376	0.99081
933 T	0.00558	0.00357	0.99084
934 A	0.00563	0.00358	0.99079
935 A	0.00569	0.00358	0.99073
936 T	0.00582	0.00334	0.99083
937 A	0.00586	0.00328	0.99086
938 A	0.00590	0.00323	0.99087
939 A	0.00601	0.00309	0.9909
940 G	0.00622	0.00287	0.99092
941 T	0.00648	0.00260	0.99092
942 T	0.00672	0.00236	0.99092
943 T	0.00683	0.00228	0.9909
944 T	0.00686	0.00231	0.99083
945 A	0.00682	0.00253	0.99065
946 A	0.00684	0.00263	0.99054
947 T	0.00694	0.00247	0.99059
948 T	0.00696	0.00250	0.99054
949 A	0.00695	0.00260	0.99046
950 T	0.00713	0.00238	0.99049
951 T	0.00717	0.00229	0.99055
952 G	0.00713	0.00230	0.99057
953 A	0.00717	0.00224	0.99058
954 T	0.00735	0.00204	0.99061
955 C	0.00739	0.00199	0.99062
956 A	0.00743	0.00201	0.99056
957 A	0.00753	0.00198	0.99049
958 T	0.00764	0.00188	0.99048
959 T	0.00765	0.00188	0.99047
960 T	0.00765	0.00189	0.99045
961 A	0.00763	0.00195	0.99042
962 C	0.00762	0.00196	0.99043
963 A	0.00761	0.00200	0.99039
964 G	0.00762	0.00204	0.99034
965 G	0.00765	0.00207	0.99028
966 A	0.00770	0.00206	0.99024
967 A	0.00780	0.00198	0.99022
968 G	0.00800	0.00172	0.99028
969 A	0.00819	0.00153	0.99029
970 G	0.00832	0.00137	0.9903
971 T	0.00846	0.00120	0.99035
972 T	0.00854	0.00103	0.99043
973 T	0.00856	0.00100	0.99043
974 T	0.00855	0.00099	0.99046
975 G	0.00851	0.00100	0.99049
976 C	0.00848	0.00104	0.99047
977 A	0.00847	0.00115	0.99039
978 A	0.00847	0.00115	0.99039
979 G	0.00852	0.00109	0.99039
980 G	0.00860	0.00102	0.99039
981 T	0.00863	0.00098	0.99039
982 C	0.00865	0.00093	0.99042
983 G	0.00868	0.00089	0.99043
984 T	0.00874	0.00081	0.99045
985 C	0.00876	0.00079	0.99045
986 A	0.00878	0.00078	0.99044
987 A	0.00884	0.00075	0.99041
988 T	0.00891	0.00067	0.99042
989 T	0.00894	0.00064	0.99042
990 T	0.00895	0.00063	0.99042
991 A	0.00894	0.00063	0.99043
992 G	0.00896	0.00060	0.99044
993 T	0.00895	0.00060	0.99045
994 G	0.00887	0.00068	0.99044
995 A	0.00885	0.00071	0.99044
996 T	0.00887	0.00069	0.99043
997 G	0.00888	0.00071	0.99042
998 G	0.00889	0.00072	0.99039
999 T	0.00893	0.00068	0.99039
1000 T	0.00898	0.00064	0.99038
1001 T	0.00895	0.00071	0.99034
1002 A	0.00876	0.00091	0.99032
1003 C	0.00846	0.00123	0.99031
1004 A	0.00810	0.00166	0.99023
1005 T	0.00780	0.00202	0.99018
1006 C	0.00738	0.00246	0.99017
1007 A	0.00706	0.00281	0.99014
1008 A	0.00694	0.00294	0.99013
1009 G	0.00689	0.00299	0.99012
1010 C	0.00688	0.00301	0.99011
1011 T	0.00687	0.00304	0.9901
1012 T	0.00681	0.00311	0.99008
1013 T	0.00677	0.00318	0.99006
1014 A	0.00662	0.00335	0.99003
1015 G	0.00653	0.00343	0.99003
1016 A	0.00651	0.00342	0.99007
1017 G	0.00650	0.00334	0.99016
1018 G	0.00649	0.00332	0.99019
1019 C	0.00649	0.00331	0.99019
1020 G	0.00651	0.00336	0.99013
1021 A	0.00652	0.00350	0.98997
1022 A	0.00650	0.00368	0.98982
1023 A	0.00650	0.00386	0.98963
1024 G	0.00652	0.00402	0.98946
1025 A	0.00652	0.00413	0.98935
1026 A	0.00653	0.00401	0.98946
1027 G	0.00660	0.00368	0.98972
1028 G	0.00665	0.00355	0.98979
1029 T	0.00668	0.00369	0.98963
1030 T	0.00670	0.00428	0.98902
1031 G	0.00668	0.00454	0.98878
1032 T	0.00662	0.00503	0.98834
1033 A	0.00653	0.00547	0.98801
1034 G	0.00650	0.00547	0.98803
1035 C	0.00646	0.00546	0.98809
1036 A	0.00640	0.00570	0.98791
1037 T	0.00639	0.00569	0.98792
1038 C	0.00630	0.00588	0.98782
1039 G	0.00622	0.00662	0.98716
1040 A	0.00617	0.00808	0.98574
1041 A	0.00614	0.00947	0.98439
1042 G	0.00614	0.01080	0.98306
1043 G	0.00620	0.01174	0.98206
1044 A	0.00630	0.01350	0.9802
1045 G	0.00643	0.01349	0.98008
1046 A	0.00662	0.01343	0.97995
1047 A	0.00679	0.01338	0.97983
1048 A	0.00712	0.01316	0.97972
1049 C	0.00740	0.01294	0.97965
1050 A	0.00761	0.01294	0.97946
1051 G	0.00785	0.01294	0.97921
1052 A	0.00833	0.01266	0.97902
1053 A	0.00911	0.01204	0.97886
1054 A	0.00950	0.01185	0.97865
1055 T	0.01003	0.01157	0.9784
1056 T	0.01031	0.01158	0.97811
1057 A	0.01017	0.01186	0.97798
1058 A	0.00982	0.01224	0.97794
1059 T	0.00961	0.01239	0.97799
1060 G	0.00922	0.01273	0.97805
1061 C	0.00924	0.01265	0.9781
1062 A	0.00980	0.01208	0.97811
1063 A	0.01121	0.01066	0.97813
1064 C	0.01272	0.00912	0.97817
1065 T	0.01424	0.00762	0.97814
1066 A	0.01504	0.00682	0.97813
1067 T	0.01667	0.00518	0.97815
1068 T	0.01679	0.00505	0.97816
1069 A	0.01684	0.00501	0.97816
1070 C	0.01692	0.00487	0.97822
1071 T	0.01705	0.00471	0.97823
1072 T	0.01704	0.00472	0.97824
1073 A	0.01691	0.00484	0.97825
1074 T	0.01695	0.00479	0.97826
1075 C	0.01660	0.00516	0.97824
1076 A	0.01636	0.00549	0.97815
1077 A	0.01631	0.00562	0.97806
1078 A	0.01653	0.00556	0.97791
1079 A	0.01669	0.00537	0.97794
1080 T	0.01689	0.00501	0.9781
1081 T	0.01694	0.00448	0.97859
1082 T	0.01675	0.00422	0.97903
1083 C	0.01646	0.00405	0.97949
1084 T	0.01627	0.00418	0.97955
1085 T	0.01610	0.00432	0.97957
1086 T	0.01584	0.00462	0.97954
1087 C	0.01553	0.00501	0.97946
1088 G	0.01547	0.00525	0.97928
1089 T	0.01532	0.00574	0.97894
1090 A	0.01501	0.00640	0.97858
1091 T	0.01494	0.00673	0.97833
1092 T	0.01474	0.00727	0.97798
1093 T	0.01456	0.00781	0.97763
1094 A	0.01427	0.00880	0.97693
1095 T	0.01414	0.00967	0.9762
1096 A	0.01395	0.01102	0.97502
1097 A	0.01383	0.01239	0.97378
1098 A	0.01338	0.01393	0.97269
1099 A	0.01334	0.01465	0.972
1100 A	0.01337	0.01510	0.97152
1101 A	0.01352	0.01539	0.97109
1102 A	0.01358	0.01513	0.97129
1103 T	0.01365	0.01499	0.97136
1104 A	0.01368	0.01483	0.97149
1105 T	0.01375	0.01434	0.97191
1106 C	0.01376	0.01398	0.97225
1107 T	0.01374	0.01398	0.97229
1108 G	0.01372	0.01423	0.97205
1109 G	0.01375	0.01452	0.97174
1110 T	0.01388	0.01486	0.97125
1111 A	0.01394	0.01494	0.97112
1112 T	0.01425	0.01456	0.97119
1113 G	0.01383	0.01495	0.97122
1114 A	0.01349	0.01581	0.9707
1115 C	0.01319	0.01644	0.97037
1116 A	0.01288	0.01949	0.96762
1117 G	0.01281	0.02017	0.96702
1118 G	0.01270	0.02158	0.96573
1119 A	0.01305	0.02281	0.96414
1120 A	0.01337	0.02278	0.96385
1121 C	0.01404	0.02202	0.96394
1122 A	0.01416	0.02273	0.96312
1123 G	0.01411	0.02318	0.96271
1124 C	0.01401	0.02378	0.96222
1125 T	0.01313	0.02633	0.96053
1126 A	0.01180	0.02798	0.96022
1127 A	0.01071	0.02920	0.96009
1128 A	0.00964	0.03037	0.95999
1129 A	0.00894	0.03120	0.95985
1130 C	0.00856	0.03154	0.9599
1131 A	0.00812	0.03236	0.95952
1132 G	0.00791	0.03276	0.95932
1133 A	0.00799	0.03284	0.95916
1134 A	0.00795	0.03291	0.95914
1135 G	0.00793	0.03295	0.95912
1136 A	0.00818	0.03212	0.95971
1137 A	0.00867	0.03102	0.96031
1138 A	0.00916	0.02993	0.96091
1139 A	0.01158	0.02677	0.96165
1140 A	0.01241	0.02518	0.9624
1141 G	0.01380	0.02268	0.96352
1142 A	0.01537	0.02022	0.96441
1143 A	0.01611	0.01837	0.96552
1144 T	0.01719	0.01641	0.9664
1145 T	0.01843	0.01456	0.96701
1146 T	0.01882	0.01407	0.96712
1147 A	0.01896	0.01378	0.96726
1148 T	0.01987	0.01198	0.96815
1149 T	0.01983	0.01122	0.96894
1150 A	0.01964	0.01077	0.96959
1151 G	0.01963	0.00983	0.97054
1152 T	0.01984	0.00914	0.97102
1153 A	0.01983	0.00903	0.97114
1154 T	0.02022	0.00831	0.97146
1155 T	0.02033	0.00850	0.97118
1156 T	0.02016	0.00902	0.97082
1157 A	0.01969	0.00993	0.97038
1158 T	0.01958	0.01031	0.97011
1159 A	0.01942	0.01081	0.96976
1160 A	0.01936	0.01105	0.96959
1161 T	0.01942	0.01114	0.96944
1162 A	0.01942	0.01168	0.9689
1163 T	0.01947	0.01188	0.96865
1164 G	0.01913	0.01269	0.96817
1165 A	0.01898	0.01350	0.96752
1166 G	0.01899	0.01369	0.96732
1167 A	0.01889	0.01425	0.96685
1168 G	0.01911	0.01467	0.96622
1169 T	0.01998	0.01466	0.96536
1170 T	0.02041	0.01460	0.96499
1171 A	0.02036	0.01506	0.96458
1172 T	0.02044	0.01521	0.96434
1173 T	0.02011	0.01597	0.96392
1174 G	0.01955	0.01688	0.96358
1175 A	0.01934	0.01765	0.96301
1176 A	0.01952	0.01744	0.96303
1177 A	0.01987	0.01692	0.96322
1178 T	0.02081	0.01576	0.96343
1179 T	0.02130	0.01494	0.96376
1180 C	0.02138	0.01437	0.96426
1181 C	0.02142	0.01422	0.96436
1182 G	0.02150	0.01415	0.96436
1183 A	0.02161	0.01417	0.96423
1184 C	0.02186	0.01402	0.96412
1185 T	0.02246	0.01400	0.96353
1186 A	0.02231	0.01537	0.96232
1187 A	0.02256	0.01540	0.96204
1188 T	0.02296	0.01536	0.96168
1189 A	0.02277	0.01597	0.96126
1190 A	0.02296	0.01573	0.96132
1191 A	0.02380	0.01488	0.96132
1192 T	0.02501	0.01395	0.96104
1193 T	0.02546	0.01412	0.96043
1194 A	0.02571	0.01587	0.95841
1195 A	0.02607	0.01735	0.95658
1196 T	0.02653	0.01722	0.95624
1197 G	0.02633	0.01775	0.95591
1198 A	0.02640	0.01819	0.95541
1199 T	0.02632	0.01845	0.95522
1200 T	0.02605	0.01909	0.95486
1201 A	0.02561	0.02026	0.95412
1202 G	0.02528	0.02080	0.95391
1203 A	0.02509	0.02096	0.95395
1204 A	0.02497	0.02098	0.95406
1205 A	0.02502	0.02079	0.95419
1206 A	0.02523	0.02042	0.95434
1207 G	0.02546	0.02001	0.95453
1208 A	0.02615	0.01915	0.9547
1209 T	0.02751	0.01729	0.9552
1210 A	0.02805	0.01644	0.95552
1211 T	0.02864	0.01553	0.95583
1212 G	0.02900	0.01478	0.95622
1213 C	0.02930	0.01416	0.95654
1214 C	0.02968	0.01370	0.95662
1215 T	0.03035	0.01303	0.95663
1216 G	0.03132	0.01205	0.95662
1217 A	0.03401	0.00934	0.95665
1218 T	0.03654	0.00680	0.95666
1219 T	0.03734	0.00591	0.95675
1220 T	0.03793	0.00475	0.95732
1221 T	0.03838	0.00387	0.95775
1222 G	0.03849	0.00352	0.95799
1223 T	0.03870	0.00325	0.95805
1224 T	0.03927	0.00251	0.95822
1225 T	0.03942	0.00221	0.95837
1226 T	0.03932	0.00230	0.95837
1227 T	0.03866	0.00307	0.95828
1228 G	0.03681	0.00495	0.95824
1229 C	0.03540	0.00648	0.95812
1230 T	0.03468	0.00738	0.95794
1231 A	0.03429	0.00799	0.95772
1232 C	0.03406	0.00835	0.95759
1233 T	0.03380	0.00882	0.95739
1234 T	0.03334	0.00951	0.95715
1235 T	0.03257	0.01052	0.95691
1236 A	0.02601	0.01738	0.95661
1237 G	0.02225	0.02127	0.95648
1238 A	0.02039	0.02325	0.95636
1239 T	0.01952	0.02422	0.95626
1240 G	0.01766	0.02626	0.95608
1241 A	0.01641	0.02776	0.95583
1242 A	0.01596	0.02848	0.95557
1243 A	0.01553	0.02919	0.95528
1244 A	0.01472	0.03006	0.95522
1245 A	0.01412	0.03064	0.95525
1246 T	0.01403	0.03050	0.95547
1247 G	0.01339	0.03085	0.95576
1248 G	0.01305	0.03086	0.95609
1249 G	0.01293	0.03067	0.95641
1250 A	0.01305	0.03002	0.95693
1251 A	0.01315	0.02848	0.95838
1252 T	0.01342	0.02683	0.95975
1253 C	0.01357	0.02589	0.96054
1254 T	0.01376	0.02589	0.96035
1255 T	0.01383	0.02647	0.9597
1256 T	0.01378	0.02745	0.95876
1257 A	0.01362	0.02741	0.95897
1258 A	0.01347	0.02704	0.95949
1259 T	0.01356	0.01991	0.96653
1260 T	0.01311	0.01639	0.9705
1261 C	0.01205	0.01562	0.97234
1262 A	0.01131	0.01666	0.97203
1263 A	0.01095	0.01670	0.97235
1264 G	0.01083	0.01696	0.97221
1265 A	0.01077	0.01820	0.97102
1266 T	0.01083	0.01923	0.96994
1267 A	0.01025	0.02207	0.96767
1268 T	0.00964	0.02680	0.96356
1269 A	0.00894	0.03326	0.9578
1270 G	0.00825	0.03971	0.95204
1271 A	0.00766	0.05091	0.94143
1272 A	0.00743	0.06148	0.93109
1273 G	0.00739	0.07267	0.91994
1274 A	0.00740	0.07971	0.91289
1275 A	0.00751	0.08418	0.9083
1276 A	0.00781	0.08586	0.90633
1277 G	0.00830	0.08619	0.9055
1278 A	0.00905	0.08631	0.90464
1279 T	0.00997	0.08558	0.90446
1280 A	0.00984	0.08597	0.90418
1281 T	0.00963	0.08638	0.90399
1282 A	0.00895	0.08744	0.90361
1283 A	0.00859	0.08778	0.90362
1284 A	0.00839	0.08776	0.90384
1285 A	0.00874	0.08761	0.90364
1286 A	0.00924	0.08763	0.90313
1287 A	0.01023	0.08674	0.90304
1288 A	0.01147	0.08557	0.90297
1289 A	0.01300	0.08381	0.90319
1290 A	0.01654	0.07946	0.904
1291 C	0.02215	0.07288	0.90498
1292 A	0.02868	0.06584	0.90548
1293 A	0.03626	0.05767	0.90607
1294 C	0.04826	0.04512	0.90662
1295 C	0.05938	0.03386	0.90676
1296 T	0.07113	0.02217	0.90671
1297 G	0.07651	0.01680	0.90669
1298 T	0.08057	0.01288	0.90655
1299 T	0.08149	0.01236	0.90614
1300 T	0.08122	0.01313	0.90566
1301 T	0.07981	0.01448	0.90571
1302 A	0.07455	0.01985	0.9056
1303 A	0.07175	0.02234	0.90591
1304 T	0.06761	0.02597	0.90642
1305 C	0.06243	0.03050	0.90707
1306 G	0.06009	0.03264	0.90727
1307 G	0.05913	0.03349	0.90737
1308 A	0.05927	0.03327	0.90747
1309 A	0.05977	0.03270	0.90753
1310 C	0.06020	0.03227	0.90754
1311 T	0.06059	0.03208	0.90733
1312 G	0.06032	0.03242	0.90726
1313 T	0.05978	0.03314	0.90707
1314 T	0.05719	0.03604	0.90677
1315 A	0.05391	0.03955	0.90654
1316 C	0.04874	0.04473	0.90654
1317 A	0.04586	0.04793	0.90622
1318 G	0.04488	0.04905	0.90607
1319 T	0.04419	0.04999	0.90582
1320 A	0.04233	0.05216	0.90551
1321 G	0.04168	0.05328	0.90504
1322 A	0.04163	0.05350	0.90488
1323 A	0.04087	0.05442	0.9047
1324 G	0.04009	0.05312	0.9068
1325 T	0.04000	0.04792	0.91208
1326 A	0.03930	0.04572	0.91497
1327 T	0.03896	0.04030	0.92074
