# lcl|CP097583.1_cds_USQ93152.1_1
# AA	inside	membr	outside
1 A	0.24780	0.00000	0.75221
2 T	0.24586	0.00193	0.75221
3 G	0.24371	0.00409	0.75221
4 G	0.24371	0.02315	0.73315
5 A	0.22570	0.05574	0.71856
6 G	0.22570	0.05723	0.71707
7 A	0.21175	0.07176	0.71649
8 A	0.21175	0.07177	0.71648
9 A	0.21114	0.07248	0.71639
10 T	0.21114	0.07352	0.71535
11 T	0.21103	0.07371	0.71526
12 T	0.20621	0.07860	0.71519
13 T	0.19671	0.08916	0.71414
14 C	0.19670	0.08916	0.71414
15 T	0.19670	0.10544	0.69787
16 A	0.19511	0.10703	0.69787
17 T	0.19341	0.10884	0.69776
18 C	0.19320	0.10946	0.69735
19 A	0.18982	0.11328	0.6969
20 A	0.17817	0.12981	0.69202
21 A	0.16719	0.14079	0.69202
22 A	0.16783	0.14052	0.69166
23 T	0.17086	0.13741	0.69173
24 T	0.17465	0.13298	0.69236
25 A	0.17683	0.12712	0.69605
26 G	0.17822	0.12237	0.69942
27 T	0.19254	0.10505	0.70242
28 T	0.19977	0.08399	0.71624
29 T	0.20046	0.08261	0.71693
30 T	0.20052	0.07387	0.72561
31 A	0.19958	0.07463	0.72579
32 G	0.19912	0.07387	0.72702
33 T	0.19926	0.07277	0.72797
34 A	0.19863	0.07305	0.72832
35 G	0.19861	0.06885	0.73254
36 A	0.19947	0.06102	0.73951
37 G	0.20020	0.05960	0.74019
38 T	0.21563	0.04351	0.74086
39 T	0.21598	0.04158	0.74243
40 A	0.21643	0.03975	0.74383
41 T	0.21707	0.03785	0.74507
42 A	0.21737	0.03608	0.74655
43 T	0.22012	0.02297	0.75691
44 G	0.22010	0.01466	0.76524
45 T	0.22070	0.01368	0.76562
46 T	0.22088	0.01338	0.76574
47 T	0.22089	0.01335	0.76576
48 T	0.22076	0.01338	0.76585
49 T	0.22065	0.01351	0.76584
50 T	0.22035	0.01392	0.76572
51 A	0.22011	0.01436	0.76553
52 G	0.22019	0.01455	0.76525
53 T	0.22042	0.01490	0.76468
54 T	0.21990	0.01582	0.76428
55 T	0.21865	0.01783	0.76353
56 T	0.21471	0.02312	0.76217
57 A	0.20691	0.03457	0.75852
58 A	0.19806	0.04609	0.75585
59 T	0.19410	0.05138	0.75452
60 A	0.18861	0.05812	0.75327
61 G	0.18658	0.06045	0.75297
62 G	0.18612	0.06124	0.75264
63 G	0.18593	0.06182	0.75225
64 G	0.18632	0.06204	0.75164
65 T	0.18792	0.06172	0.75036
66 T	0.18803	0.06461	0.74736
67 T	0.18790	0.06549	0.74661
68 T	0.18703	0.06779	0.74519
69 T	0.18500	0.07165	0.74335
70 G	0.18197	0.07583	0.7422
71 C	0.17988	0.07887	0.74125
72 A	0.17726	0.08563	0.73711
73 G	0.17577	0.09176	0.73247
74 G	0.17498	0.09514	0.72987
75 A	0.17489	0.09752	0.72759
76 A	0.17589	0.09830	0.72581
77 T	0.17747	0.09599	0.72654
78 A	0.17837	0.09481	0.72682
79 G	0.18002	0.08908	0.7309
80 A	0.18335	0.08066	0.73599
81 A	0.18597	0.07140	0.74262
82 T	0.18818	0.06737	0.74445
83 T	0.18912	0.06824	0.74264
84 T	0.18733	0.08317	0.7295
85 A	0.18380	0.09370	0.7225
86 G	0.18094	0.10276	0.7163
87 A	0.17862	0.11289	0.70848
88 A	0.17836	0.12190	0.69974
89 T	0.18098	0.12258	0.69644
90 A	0.18065	0.12921	0.69014
91 G	0.18121	0.13233	0.68646
92 T	0.18369	0.13069	0.68562
93 T	0.18383	0.13219	0.68398
94 A	0.18277	0.13259	0.68464
95 G	0.18414	0.12942	0.68644
96 T	0.18882	0.12380	0.68739
97 T	0.19038	0.12206	0.68756
98 C	0.19022	0.12245	0.68733
99 A	0.18999	0.12720	0.68281
100 A	0.18966	0.13193	0.67841
101 T	0.18834	0.13853	0.67313
102 A	0.16583	0.16631	0.66786
103 A	0.15866	0.17537	0.66596
104 A	0.15285	0.18233	0.66482
105 A	0.14676	0.18899	0.66424
106 A	0.14842	0.18650	0.66508
107 T	0.16013	0.17258	0.66729
108 A	0.15604	0.17462	0.66934
109 A	0.15324	0.17664	0.67013
110 A	0.15233	0.17764	0.67003
111 T	0.15881	0.17127	0.66992
112 A	0.15676	0.17437	0.66887
113 A	0.15708	0.17413	0.66879
114 T	0.15982	0.17002	0.67016
115 A	0.15360	0.17546	0.67094
116 T	0.14995	0.17746	0.67259
117 A	0.12724	0.19891	0.67386
118 C	0.10413	0.22073	0.67514
119 C	0.08267	0.24313	0.6742
120 A	0.07256	0.25581	0.67163
121 G	0.06996	0.25947	0.67057
122 A	0.07155	0.25976	0.66869
123 A	0.07471	0.25707	0.66822
124 T	0.08046	0.24906	0.67048
125 T	0.08434	0.22307	0.6926
126 A	0.08371	0.21572	0.70057
127 A	0.08388	0.20759	0.70852
128 T	0.08422	0.19629	0.71949
129 A	0.08390	0.19120	0.7249
130 G	0.08427	0.18308	0.73266
131 A	0.08548	0.17266	0.74186
132 A	0.08758	0.16189	0.75053
133 T	0.09047	0.15031	0.75922
134 T	0.09222	0.14662	0.76116
135 A	0.09292	0.14228	0.7648
136 G	0.09380	0.13626	0.76994
137 A	0.09409	0.13730	0.76861
138 A	0.09429	0.13154	0.77417
139 A	0.09491	0.13148	0.77361
140 A	0.09679	0.11095	0.79227
141 T	0.09941	0.08835	0.81225
142 T	0.10159	0.07760	0.82081
143 T	0.10340	0.07442	0.82218
144 A	0.10375	0.10157	0.79469
145 T	0.10474	0.12800	0.76726
146 T	0.10501	0.14241	0.75258
147 G	0.10493	0.15343	0.74164
148 T	0.10555	0.15497	0.73948
149 T	0.10579	0.15884	0.73537
150 T	0.10549	0.16507	0.72943
151 T	0.10440	0.17351	0.72209
152 C	0.10372	0.18666	0.70961
153 A	0.10313	0.19219	0.70468
154 A	0.10307	0.19860	0.69833
155 A	0.10328	0.20337	0.69336
156 T	0.10411	0.20414	0.69175
157 C	0.10519	0.20465	0.69016
158 A	0.10576	0.20471	0.68954
159 A	0.10765	0.20324	0.68912
160 A	0.11226	0.19892	0.68883
161 A	0.11604	0.19560	0.68837
162 C	0.12387	0.18813	0.688
163 A	0.12879	0.18474	0.68647
164 A	0.13699	0.17698	0.68603
165 T	0.15306	0.16120	0.68574
166 A	0.16033	0.15394	0.68573
167 G	0.19031	0.12378	0.68591
168 T	0.22230	0.09115	0.68655
169 T	0.23496	0.07831	0.68673
170 C	0.23941	0.07332	0.68728
171 A	0.24154	0.07103	0.68743
172 T	0.24619	0.06592	0.68789
173 A	0.24855	0.06317	0.68828
174 C	0.25345	0.05721	0.68935
175 C	0.26186	0.04916	0.68897
176 G	0.25334	0.05824	0.68843
177 A	0.24174	0.07178	0.68648
178 T	0.23063	0.08312	0.68626
179 A	0.16822	0.14596	0.68582
180 C	0.13973	0.17386	0.68641
181 A	0.11582	0.19712	0.68706
182 C	0.10706	0.20497	0.68797
183 A	0.09860	0.21396	0.68745
184 G	0.09266	0.22030	0.68704
185 A	0.08835	0.22555	0.68609
186 T	0.08710	0.22688	0.68602
187 G	0.08190	0.23226	0.68584
188 A	0.07822	0.23546	0.68632
189 A	0.07682	0.23573	0.68745
190 T	0.07643	0.23441	0.68916
191 G	0.07573	0.23351	0.69076
192 C	0.07535	0.23255	0.69211
193 C	0.07502	0.23208	0.69289
194 A	0.07449	0.23297	0.69253
195 A	0.07229	0.23545	0.69227
196 G	0.06952	0.23766	0.69283
197 A	0.06738	0.23987	0.69275
198 A	0.06715	0.23819	0.69465
199 A	0.06810	0.22217	0.70973
200 A	0.07003	0.19817	0.7318
201 A	0.07074	0.17548	0.75378
202 T	0.07149	0.10862	0.81989
203 T	0.07174	0.08385	0.84441
204 T	0.07046	0.07071	0.85884
205 A	0.06808	0.08337	0.84855
206 G	0.06750	0.08905	0.84346
207 A	0.06703	0.09657	0.8364
208 T	0.06740	0.09289	0.83971
209 T	0.06660	0.09395	0.83945
210 A	0.06448	0.09467	0.84085
211 G	0.06104	0.09961	0.83936
212 C	0.05840	0.10592	0.83568
213 G	0.05691	0.12577	0.81731
214 A	0.05583	0.15204	0.79213
215 T	0.05555	0.16672	0.77774
216 A	0.05506	0.19625	0.74869
217 A	0.05519	0.19864	0.74617
218 A	0.05533	0.19817	0.7465
219 A	0.05547	0.19610	0.74843
220 G	0.05560	0.19539	0.74901
221 C	0.05505	0.19978	0.74517
222 A	0.05521	0.21205	0.73274
223 G	0.05568	0.22365	0.72067
224 A	0.05648	0.22546	0.71806
225 A	0.05834	0.22459	0.71707
226 A	0.06142	0.22195	0.71662
227 A	0.06932	0.21263	0.71805
228 C	0.08634	0.19285	0.72081
229 G	0.09727	0.18166	0.72106
230 A	0.10764	0.17197	0.7204
231 A	0.10989	0.17084	0.71927
232 T	0.11500	0.16544	0.71956
233 G	0.11552	0.16490	0.71958
234 G	0.11760	0.15975	0.72266
235 G	0.12175	0.15342	0.72483
236 A	0.13660	0.13861	0.72478
237 T	0.15704	0.11848	0.72448
238 C	0.16233	0.11489	0.72278
239 G	0.17544	0.10564	0.71892
240 A	0.17303	0.10867	0.7183
241 A	0.17332	0.10886	0.71782
242 A	0.17389	0.10824	0.71787
243 A	0.17623	0.10574	0.71803
244 C	0.18226	0.09805	0.71969
245 A	0.19447	0.08548	0.72005
246 C	0.20747	0.07202	0.72052
247 T	0.21127	0.06817	0.72056
248 C	0.21215	0.06727	0.72058
249 G	0.21182	0.06788	0.7203
250 T	0.21297	0.06692	0.72011
251 T	0.21189	0.06863	0.71949
252 A	0.20931	0.07216	0.71852
253 A	0.21027	0.07273	0.717
254 T	0.21177	0.06956	0.71868
255 A	0.21195	0.06810	0.71995
256 A	0.21301	0.06395	0.72303
257 T	0.21428	0.05852	0.72719
258 A	0.21417	0.05747	0.72836
259 T	0.21607	0.05164	0.73229
260 A	0.21682	0.04872	0.73446
261 T	0.21899	0.03973	0.74129
262 T	0.22121	0.03239	0.7464
263 C	0.22103	0.02887	0.7501
264 A	0.22115	0.02954	0.74931
265 A	0.22115	0.02967	0.74919
266 T	0.22126	0.02960	0.74914
267 T	0.22121	0.03006	0.74872
268 T	0.22122	0.03080	0.74798
269 A	0.22106	0.03112	0.74782
270 T	0.22107	0.03151	0.74742
271 A	0.22100	0.03103	0.74797
272 T	0.22125	0.02941	0.74934
273 A	0.22126	0.02886	0.74988
274 A	0.22189	0.02656	0.75155
275 C	0.22313	0.02236	0.7545
276 T	0.22505	0.02048	0.75447
277 T	0.22547	0.02018	0.75434
278 T	0.22595	0.01974	0.75431
279 A	0.22600	0.01971	0.75429
280 A	0.22645	0.01928	0.75427
281 T	0.22795	0.01681	0.75524
282 T	0.22839	0.01583	0.75578
283 T	0.22879	0.01477	0.75644
284 T	0.22903	0.01414	0.75683
285 A	0.22916	0.01362	0.75722
286 C	0.22951	0.01262	0.75787
287 T	0.23137	0.01055	0.75808
288 T	0.23255	0.00922	0.75823
289 T	0.23319	0.00851	0.7583
290 C	0.23372	0.00787	0.75841
291 T	0.23444	0.00715	0.75841
292 G	0.23442	0.00702	0.75855
293 G	0.23480	0.00663	0.75857
294 T	0.23506	0.00641	0.75853
295 T	0.23473	0.00704	0.75823
296 T	0.23362	0.00836	0.75802
297 A	0.23227	0.01072	0.75701
298 A	0.23129	0.01254	0.75617
299 T	0.23129	0.01235	0.75636
300 T	0.23045	0.01311	0.75644
301 T	0.22894	0.01466	0.75641
302 G	0.22568	0.01821	0.75612
303 C	0.22223	0.02222	0.75556
304 T	0.21710	0.03092	0.75198
305 T	0.20932	0.03994	0.75074
306 T	0.20083	0.04917	0.75
307 A	0.18643	0.06412	0.74945
308 T	0.18109	0.06971	0.74919
309 C	0.17150	0.07952	0.74899
310 G	0.16028	0.09182	0.74789
311 G	0.15580	0.09725	0.74696
312 T	0.15393	0.09997	0.7461
313 A	0.15088	0.10446	0.74466
314 A	0.14929	0.10689	0.74381
315 A	0.14830	0.10813	0.74357
316 A	0.14803	0.10854	0.74343
317 A	0.14803	0.10886	0.74311
318 A	0.14784	0.10926	0.7429
319 G	0.14780	0.10953	0.74267
320 A	0.14816	0.11190	0.73995
321 T	0.14867	0.11170	0.73962
322 A	0.14774	0.11512	0.73714
323 A	0.14741	0.11547	0.73712
324 A	0.14759	0.11443	0.73798
325 A	0.14803	0.11039	0.74157
326 A	0.14874	0.10558	0.74568
327 G	0.15237	0.09172	0.7559
328 T	0.15417	0.07967	0.76616
329 T	0.15504	0.07178	0.77319
330 T	0.15553	0.06395	0.78052
331 G	0.15570	0.06115	0.78315
332 A	0.15607	0.05591	0.78802
333 T	0.15703	0.04551	0.79746
334 T	0.15788	0.04220	0.79992
335 C	0.15848	0.04256	0.79895
336 T	0.15962	0.04798	0.7924
337 A	0.16001	0.06551	0.77448
338 A	0.16021	0.07406	0.76573
339 A	0.16049	0.08419	0.75531
340 A	0.16139	0.08725	0.75137
341 A	0.16260	0.09109	0.74632
342 A	0.16501	0.08864	0.74635
343 T	0.16950	0.08348	0.74701
344 A	0.17100	0.08257	0.74644
345 T	0.17397	0.07926	0.74677
346 C	0.17509	0.07915	0.74576
347 A	0.17601	0.08387	0.74012
348 A	0.17710	0.08375	0.73914
349 T	0.17888	0.08212	0.739
350 A	0.17929	0.08181	0.7389
351 T	0.18098	0.08012	0.73891
352 C	0.18229	0.07867	0.73904
353 C	0.18441	0.07650	0.73909
354 T	0.18574	0.07515	0.73911
355 C	0.18707	0.07388	0.73905
356 C	0.18958	0.07150	0.73893
357 G	0.19330	0.06787	0.73883
358 T	0.19800	0.06318	0.73882
359 A	0.20338	0.05779	0.73884
360 T	0.21965	0.04146	0.73889
361 C	0.22594	0.03498	0.73908
362 C	0.23477	0.02586	0.73937
363 A	0.23697	0.02359	0.73945
364 C	0.24132	0.01919	0.73949
365 C	0.24062	0.02000	0.73938
366 A	0.23174	0.02958	0.73867
367 C	0.22630	0.03583	0.73787
368 A	0.20292	0.06089	0.73619
369 A	0.19899	0.06507	0.73594
370 A	0.19792	0.06614	0.73593
371 A	0.19441	0.06954	0.73605
372 T	0.19301	0.07080	0.73619
373 C	0.18802	0.07541	0.73657
374 C	0.18745	0.07598	0.73656
375 G	0.18709	0.07637	0.73655
376 T	0.18681	0.07665	0.73654
377 A	0.18667	0.07679	0.73653
378 T	0.18667	0.07676	0.73657
379 C	0.18676	0.07660	0.73665
380 C	0.18683	0.07641	0.73676
381 A	0.18685	0.07636	0.73679
382 C	0.18692	0.07624	0.73684
383 C	0.18693	0.07621	0.73685
384 A	0.18694	0.07620	0.73686
385 C	0.18697	0.07611	0.73692
386 A	0.18702	0.07595	0.73703
387 A	0.18710	0.07575	0.73716
388 A	0.18734	0.07445	0.7382
389 A	0.18809	0.06440	0.7475
390 T	0.18899	0.05591	0.7551
391 C	0.19033	0.02663	0.78304
392 A	0.19058	0.02075	0.78866
393 G	0.19071	0.01355	0.79575
394 T	0.19087	0.00839	0.80074
395 A	0.19093	0.00564	0.80344
396 A	0.19108	0.00000	0.80892
