# lcl|CP097583.1_cds_USQ93598.1_1
# AA	inside	membr	outside
1 A	0.74690	0.00000	0.2531
2 T	0.74593	0.00098	0.2531
3 G	0.74534	0.00156	0.2531
4 A	0.74534	0.03712	0.21755
5 A	0.72472	0.09342	0.18187
6 T	0.72472	0.09955	0.17573
7 A	0.67294	0.15506	0.172
8 A	0.67293	0.15521	0.17186
9 A	0.66685	0.16395	0.16921
10 T	0.66684	0.24332	0.08985
11 T	0.66456	0.25086	0.08458
12 T	0.60851	0.30771	0.08378
13 A	0.38525	0.53779	0.07697
14 A	0.38519	0.53785	0.07696
15 A	0.38519	0.56903	0.04579
16 C	0.38276	0.57146	0.04578
17 A	0.37763	0.57684	0.04553
18 A	0.37752	0.57719	0.0453
19 A	0.37627	0.57858	0.04516
20 G	0.37218	0.58389	0.04393
21 C	0.36116	0.59489	0.04395
22 G	0.36368	0.59274	0.04357
23 T	0.37102	0.58558	0.0434
24 A	0.37968	0.57710	0.04322
25 T	0.38814	0.56680	0.04506
26 T	0.39038	0.56421	0.04541
27 A	0.40400	0.54666	0.04934
28 G	0.42241	0.51038	0.06721
29 A	0.42851	0.50418	0.06731
30 A	0.43652	0.45806	0.10542
31 A	0.44173	0.44709	0.11117
32 T	0.45161	0.41871	0.12969
33 T	0.51321	0.33797	0.14882
34 G	0.51605	0.32575	0.1582
35 A	0.51845	0.27929	0.20226
36 A	0.52539	0.10664	0.36796
37 T	0.52860	0.09701	0.37439
38 C	0.55375	0.06734	0.37891
39 A	0.55522	0.06604	0.37874
40 T	0.55739	0.06084	0.38177
41 G	0.55799	0.06062	0.3814
42 T	0.55898	0.06082	0.38021
43 T	0.56009	0.05794	0.38197
44 A	0.56016	0.04686	0.39298
45 T	0.56075	0.04217	0.39708
46 T	0.56117	0.04046	0.39837
47 T	0.56126	0.03914	0.3996
48 C	0.56099	0.03881	0.4002
49 G	0.56117	0.04044	0.39839
50 A	0.56225	0.05253	0.38522
51 T	0.56558	0.05125	0.38318
52 T	0.56679	0.05531	0.37789
53 T	0.56517	0.06584	0.36899
54 A	0.56594	0.08654	0.34752
55 T	0.56746	0.10988	0.32266
56 T	0.56915	0.11230	0.31855
57 T	0.56926	0.12452	0.30622
58 T	0.56796	0.15371	0.27834
59 T	0.56406	0.19018	0.24575
60 T	0.54919	0.21616	0.23464
61 A	0.52995	0.24608	0.22397
62 A	0.52433	0.25538	0.22029
63 T	0.52379	0.25783	0.21838
64 C	0.52238	0.26079	0.21684
65 T	0.52331	0.26321	0.21348
66 T	0.52226	0.26692	0.21082
67 T	0.52014	0.27111	0.20875
68 T	0.51555	0.27879	0.20566
69 T	0.50917	0.28795	0.20288
70 A	0.50048	0.29887	0.20064
71 A	0.49312	0.30846	0.19842
72 A	0.49123	0.31030	0.19846
73 A	0.50052	0.30087	0.19861
74 A	0.50358	0.29766	0.19876
75 A	0.51151	0.28893	0.19957
76 C	0.52277	0.27439	0.20285
77 T	0.54882	0.24867	0.20251
78 T	0.57198	0.22675	0.20127
79 G	0.57645	0.22440	0.19915
80 A	0.58840	0.21553	0.19607
81 T	0.61634	0.18836	0.19531
82 A	0.64213	0.16143	0.19645
83 T	0.65565	0.13788	0.20647
84 T	0.66582	0.11847	0.21571
85 T	0.66904	0.11526	0.2157
86 T	0.66842	0.12403	0.20755
87 T	0.66498	0.14344	0.19158
88 T	0.65881	0.17119	0.17
89 T	0.64770	0.19264	0.15966
90 A	0.61456	0.23719	0.14825
91 T	0.58558	0.27048	0.14394
92 T	0.55523	0.30522	0.13955
93 A	0.49498	0.37383	0.13119
94 G	0.45723	0.41832	0.12446
95 A	0.43698	0.45097	0.11206
96 A	0.42118	0.47893	0.09988
97 A	0.38572	0.52753	0.08675
98 A	0.36169	0.56029	0.07801
99 T	0.34195	0.58463	0.07343
100 A	0.30700	0.62311	0.06989
101 A	0.27265	0.66042	0.06693
102 A	0.23066	0.70470	0.06464
103 G	0.21070	0.72687	0.06243
104 A	0.19148	0.75074	0.05778
105 A	0.18405	0.76350	0.05245
106 A	0.18248	0.77016	0.04735
107 T	0.18583	0.77123	0.04295
108 A	0.17452	0.79105	0.03443
109 A	0.16879	0.80053	0.03068
110 A	0.17385	0.78768	0.03846
111 T	0.18295	0.76580	0.05126
112 A	0.15516	0.77851	0.06632
113 A	0.13824	0.75752	0.10424
114 C	0.11887	0.73481	0.14632
115 G	0.09352	0.75365	0.15283
116 A	0.08456	0.75825	0.15719
117 A	0.07505	0.78079	0.14417
118 A	0.07844	0.79673	0.12483
119 A	0.07991	0.81649	0.10359
120 A	0.08634	0.78436	0.1293
121 A	0.09127	0.75644	0.15229
122 T	0.09304	0.73481	0.17215
123 A	0.08309	0.73411	0.1828
124 A	0.07425	0.72066	0.20509
125 A	0.06945	0.67873	0.25182
126 A	0.06647	0.65035	0.28318
127 G	0.06634	0.61906	0.3146
128 A	0.06820	0.60869	0.32312
129 A	0.07331	0.59819	0.32851
130 G	0.07911	0.58362	0.33728
131 A	0.08838	0.57312	0.3385
132 A	0.09643	0.56601	0.33756
133 A	0.10099	0.55697	0.34205
134 T	0.10776	0.53562	0.35661
135 T	0.11193	0.50576	0.3823
136 A	0.11142	0.49774	0.39084
137 A	0.11330	0.49065	0.39604
138 T	0.12522	0.48798	0.3868
139 A	0.12867	0.58263	0.2887
140 A	0.14737	0.63369	0.21894
141 A	0.17454	0.66990	0.15556
142 T	0.20800	0.65913	0.13287
143 T	0.21857	0.67389	0.10755
144 A	0.22240	0.70110	0.0765
145 A	0.22887	0.70664	0.06449
146 T	0.24074	0.69548	0.06379
147 T	0.23946	0.68870	0.07184
148 A	0.22602	0.69707	0.0769
149 A	0.21986	0.69971	0.08043
150 A	0.21938	0.69637	0.08425
151 C	0.22501	0.68562	0.08937
152 G	0.23332	0.67697	0.08972
153 A	0.24500	0.66692	0.08808
154 A	0.26081	0.65514	0.08405
155 T	0.28365	0.64101	0.07534
156 T	0.29095	0.64901	0.06004
157 A	0.28816	0.66457	0.04727
158 A	0.28852	0.66538	0.0461
159 A	0.30132	0.64904	0.04964
160 A	0.32305	0.62328	0.05367
161 A	0.36712	0.57435	0.05853
162 C	0.49159	0.44101	0.0674
163 C	0.59618	0.33464	0.06917
164 T	0.68691	0.24452	0.06857
165 T	0.72393	0.20871	0.06736
166 T	0.74477	0.18876	0.06647
167 T	0.75658	0.17731	0.0661
168 A	0.75992	0.17406	0.06601
169 T	0.76450	0.16153	0.07396
170 T	0.76412	0.15441	0.08148
171 T	0.76250	0.14560	0.09191
172 T	0.75646	0.14801	0.09553
173 A	0.74291	0.16484	0.09226
174 T	0.73625	0.17348	0.09027
175 A	0.73115	0.18102	0.08783
176 A	0.73134	0.17991	0.08876
177 A	0.73546	0.17007	0.09447
178 G	0.74515	0.15770	0.09714
179 T	0.76059	0.13934	0.10007
180 A	0.77157	0.12286	0.10557
181 G	0.77444	0.11081	0.11475
182 T	0.77620	0.10429	0.1195
183 T	0.77687	0.10333	0.1198
184 A	0.77695	0.10396	0.11909
185 A	0.77763	0.10408	0.11829
186 T	0.77940	0.10203	0.11858
187 T	0.78036	0.10134	0.1183
188 T	0.78053	0.10356	0.11592
189 T	0.77112	0.12005	0.10883
190 A	0.75097	0.15859	0.09045
191 A	0.73580	0.19244	0.07176
192 A	0.72359	0.20461	0.0718
193 T	0.72395	0.19669	0.07936
194 T	0.72212	0.19235	0.08553
195 T	0.71666	0.18899	0.09436
196 C	0.70120	0.19569	0.10311
197 C	0.68816	0.20951	0.10232
198 A	0.68124	0.22117	0.09759
199 T	0.67629	0.22842	0.09529
200 T	0.65848	0.25117	0.09035
201 T	0.63648	0.27795	0.08557
202 C	0.58441	0.33145	0.08414
203 C	0.54125	0.37675	0.082
204 A	0.51390	0.40924	0.07686
205 T	0.49904	0.42849	0.07247
206 C	0.46997	0.46090	0.06914
207 A	0.45096	0.48726	0.06178
208 G	0.44066	0.50075	0.05859
209 A	0.43092	0.51491	0.05417
210 A	0.42688	0.52109	0.05204
211 A	0.42740	0.52030	0.0523
212 A	0.43126	0.50593	0.0628
213 A	0.44275	0.47461	0.08264
214 A	0.45991	0.43870	0.10138
215 T	0.46407	0.41718	0.11875
216 G	0.46267	0.41505	0.12227
217 G	0.46216	0.41641	0.12143
218 A	0.46201	0.41667	0.12132
219 A	0.46064	0.40549	0.13388
220 G	0.46148	0.39106	0.14746
221 A	0.46722	0.37687	0.15591
222 A	0.47411	0.35855	0.16734
223 G	0.48417	0.32433	0.1915
224 A	0.49227	0.29589	0.21184
225 T	0.49867	0.23772	0.26361
226 T	0.50237	0.19879	0.29883
227 T	0.50588	0.18523	0.30889
228 A	0.50845	0.18394	0.30761
229 T	0.51203	0.16307	0.32491
230 T	0.51376	0.15578	0.33045
231 A	0.50979	0.16338	0.32683
232 T	0.50313	0.16294	0.33393
233 T	0.46742	0.19715	0.33543
234 A	0.33131	0.34125	0.32744
235 A	0.24878	0.42337	0.32785
236 C	0.21930	0.45148	0.32923
237 A	0.20506	0.46870	0.32624
238 A	0.19763	0.47949	0.32288
239 C	0.19785	0.48139	0.32076
240 T	0.20354	0.47809	0.31837
241 T	0.19882	0.48590	0.31528
242 A	0.18552	0.49919	0.3153
243 T	0.18260	0.50062	0.31678
244 C	0.17577	0.50756	0.31668
245 A	0.17268	0.51032	0.317
246 A	0.17414	0.50824	0.31763
247 C	0.18300	0.49826	0.31874
248 T	0.18882	0.49317	0.31801
249 C	0.19050	0.49305	0.31645
250 T	0.20089	0.48670	0.31241
251 T	0.19790	0.49720	0.3049
252 A	0.18439	0.52243	0.29319
253 G	0.17573	0.53718	0.28709
254 T	0.17333	0.54690	0.27977
255 A	0.15953	0.56218	0.27828
256 A	0.15604	0.53788	0.30609
257 A	0.15414	0.42342	0.42245
258 A	0.14676	0.37838	0.47486
259 A	0.13974	0.39316	0.46711
260 A	0.13705	0.50523	0.35772
261 A	0.12405	0.68092	0.19503
262 A	0.11807	0.72986	0.15207
263 A	0.11452	0.74386	0.14162
264 T	0.11610	0.74047	0.14343
265 A	0.11170	0.75455	0.13375
266 A	0.10509	0.79032	0.10459
267 A	0.10038	0.82227	0.07735
268 A	0.09568	0.85955	0.04478
269 A	0.08624	0.88059	0.03316
270 A	0.08365	0.88149	0.03486
271 A	0.08394	0.87739	0.03868
272 T	0.08650	0.85967	0.05383
273 A	0.08910	0.85188	0.05902
274 C	0.09677	0.83070	0.07253
275 A	0.10818	0.81124	0.08058
276 A	0.12044	0.78887	0.09069
277 T	0.13399	0.76570	0.10031
278 C	0.14412	0.74600	0.10988
279 A	0.15414	0.74304	0.10283
280 G	0.16862	0.73025	0.10113
281 A	0.19229	0.72570	0.08201
282 A	0.22815	0.68728	0.08458
283 A	0.36014	0.55672	0.08315
284 T	0.54723	0.34955	0.10321
285 T	0.58782	0.29765	0.11453
286 C	0.59068	0.28782	0.12151
287 A	0.58824	0.29716	0.1146
288 A	0.59755	0.29206	0.1104
289 A	0.62333	0.26508	0.11158
290 A	0.65263	0.23208	0.11528
291 T	0.68656	0.19367	0.11977
292 T	0.68605	0.18447	0.12948
293 T	0.66796	0.20169	0.13034
294 T	0.61404	0.26132	0.12464
295 G	0.43864	0.45235	0.10901
296 G	0.34545	0.55430	0.10024
297 A	0.32228	0.57826	0.09946
298 G	0.31596	0.58504	0.099
299 A	0.31397	0.58733	0.09871
300 A	0.31378	0.58700	0.09921
301 C	0.31665	0.58233	0.10103
302 A	0.32380	0.57512	0.10108
303 A	0.33394	0.56483	0.10124
304 G	0.35662	0.54080	0.10259
305 A	0.36278	0.53305	0.10417
306 T	0.37398	0.52015	0.10587
307 T	0.37933	0.50667	0.114
308 C	0.38152	0.49053	0.12795
309 T	0.38473	0.48116	0.13411
310 A	0.38868	0.47068	0.14064
311 T	0.39419	0.46106	0.14474
312 T	0.39679	0.45589	0.14732
313 A	0.39730	0.45190	0.1508
314 A	0.39908	0.42737	0.17355
315 T	0.40371	0.36231	0.23397
316 G	0.40638	0.31474	0.27889
317 G	0.41339	0.25487	0.33174
318 T	0.43025	0.12728	0.44247
319 T	0.43744	0.10576	0.45681
320 T	0.43675	0.12457	0.43869
321 T	0.43521	0.17880	0.38599
322 A	0.43038	0.29200	0.27762
323 T	0.42773	0.33142	0.24086
324 A	0.42342	0.37682	0.19977
325 G	0.42214	0.39994	0.17792
326 T	0.42050	0.42359	0.15591
327 T	0.41690	0.45549	0.1276
328 A	0.41044	0.48189	0.10768
329 A	0.40661	0.49422	0.09917
330 A	0.40461	0.50102	0.09437
331 T	0.40398	0.50786	0.08816
332 T	0.40365	0.51573	0.08062
333 A	0.40279	0.52119	0.07602
334 A	0.40255	0.52305	0.0744
335 T	0.40274	0.52318	0.07408
336 T	0.40198	0.52394	0.07409
337 A	0.40051	0.52595	0.07354
338 A	0.40024	0.52633	0.07343
339 A	0.40216	0.52358	0.07426
340 A	0.41128	0.51375	0.07498
341 A	0.44037	0.48327	0.07636
342 T	0.51952	0.40145	0.07903
343 C	0.55303	0.36495	0.08202
344 A	0.60556	0.31066	0.08378
345 T	0.70501	0.20709	0.0879
346 T	0.74424	0.16499	0.09077
347 T	0.78036	0.12566	0.09398
348 T	0.80651	0.09824	0.09524
349 T	0.82383	0.07788	0.09829
350 T	0.83263	0.06565	0.10171
351 T	0.83821	0.05513	0.10665
352 G	0.83966	0.05250	0.10784
353 A	0.84126	0.05077	0.10796
354 T	0.84868	0.04345	0.10787
355 T	0.85459	0.03900	0.10642
356 T	0.85452	0.04003	0.10545
357 A	0.84958	0.04737	0.10304
358 T	0.84731	0.05282	0.09987
359 T	0.82685	0.07919	0.09395
360 A	0.76389	0.15223	0.08388
361 A	0.73378	0.18819	0.07803
362 G	0.71104	0.21411	0.07485
363 A	0.68902	0.23719	0.07379
364 G	0.67321	0.25427	0.07252
365 T	0.65737	0.27194	0.07069
366 T	0.64185	0.28904	0.06911
367 C	0.62477	0.30715	0.06809
368 G	0.61538	0.31902	0.0656
369 A	0.61171	0.32332	0.06497
370 A	0.61034	0.32487	0.0648
371 A	0.61023	0.32469	0.06508
372 T	0.61134	0.32256	0.0661
373 C	0.61101	0.31758	0.07142
374 G	0.61124	0.31580	0.07297
375 T	0.61269	0.31291	0.0744
376 C	0.61311	0.31129	0.0756
377 A	0.61360	0.31093	0.07547
378 T	0.61555	0.30886	0.07559
379 G	0.61620	0.30558	0.07822
380 A	0.61790	0.30422	0.07787
381 A	0.62151	0.30508	0.07341
382 A	0.62449	0.28849	0.08702
383 T	0.63308	0.22147	0.14546
384 A	0.63559	0.19559	0.16882
385 A	0.63773	0.17739	0.18488
386 G	0.63919	0.16373	0.19709
387 A	0.64123	0.16631	0.19246
388 T	0.64416	0.15253	0.20332
389 T	0.64603	0.14253	0.21145
390 T	0.64563	0.13511	0.21925
391 G	0.64495	0.13553	0.21951
392 T	0.64505	0.14125	0.21371
393 T	0.64413	0.14712	0.20875
394 G	0.64329	0.15377	0.20294
395 A	0.64299	0.15576	0.20126
396 T	0.64307	0.15682	0.20011
397 G	0.64280	0.16663	0.19057
398 T	0.64261	0.17560	0.1818
399 C	0.64024	0.18526	0.1745
400 A	0.63933	0.20590	0.15476
401 A	0.63909	0.21912	0.14179
402 A	0.64017	0.23049	0.12934
403 A	0.64508	0.22614	0.12878
404 A	0.65554	0.21625	0.1282
405 T	0.67289	0.19484	0.13227
406 T	0.67898	0.18709	0.13393
407 C	0.68259	0.18205	0.13537
408 A	0.68675	0.18505	0.1282
409 A	0.69951	0.18044	0.12006
410 T	0.71924	0.17161	0.10916
411 T	0.72620	0.18201	0.09179
412 T	0.72568	0.18476	0.08956
413 T	0.71082	0.19960	0.08959
414 T	0.68076	0.23195	0.08729
415 A	0.57689	0.34309	0.08002
416 C	0.49763	0.43040	0.07198
417 A	0.45086	0.49537	0.05377
418 A	0.42850	0.52013	0.05138
419 A	0.40693	0.54377	0.0493
420 A	0.40571	0.54552	0.04877
421 T	0.41306	0.53844	0.04849
422 C	0.40949	0.53983	0.05068
423 A	0.41293	0.53593	0.05113
424 A	0.41268	0.53605	0.05127
425 A	0.41715	0.53149	0.05136
426 C	0.40658	0.54183	0.05159
427 C	0.39688	0.55174	0.05138
428 A	0.39009	0.55901	0.05091
429 A	0.38372	0.56552	0.05076
430 G	0.38112	0.56800	0.05088
431 A	0.38616	0.56338	0.05046
432 A	0.39417	0.55400	0.05183
433 G	0.40768	0.52341	0.0689
434 T	0.42749	0.48765	0.08485
435 T	0.43046	0.46040	0.10914
436 G	0.43061	0.43645	0.13294
437 A	0.43253	0.41062	0.15685
438 A	0.43894	0.32493	0.23613
439 T	0.44843	0.24656	0.305
440 T	0.46330	0.18781	0.3489
441 A	0.46447	0.17500	0.36054
442 T	0.46505	0.16140	0.37355
443 C	0.46428	0.15728	0.37844
444 A	0.46417	0.17756	0.35826
445 A	0.46404	0.18531	0.35065
446 A	0.46447	0.18759	0.34795
447 T	0.46543	0.19090	0.34367
448 T	0.46628	0.19666	0.33706
449 T	0.46547	0.19380	0.34073
450 T	0.46237	0.20569	0.33193
451 G	0.45872	0.21642	0.32487
452 A	0.45524	0.25443	0.29033
453 T	0.45480	0.27845	0.26675
454 G	0.45438	0.30582	0.2398
455 T	0.45502	0.31770	0.22728
456 A	0.45472	0.34402	0.20126
457 T	0.45472	0.36978	0.1755
458 T	0.44842	0.37986	0.17173
459 A	0.43655	0.39620	0.16726
460 G	0.43491	0.40060	0.16448
461 A	0.43667	0.40528	0.15805
462 C	0.43944	0.40288	0.15768
463 A	0.44472	0.40278	0.1525
464 A	0.46075	0.38810	0.15114
465 T	0.47642	0.37388	0.1497
466 C	0.48139	0.37273	0.14588
467 T	0.48935	0.37939	0.13126
468 A	0.47471	0.41867	0.10662
469 A	0.47814	0.43565	0.08622
470 T	0.48873	0.43239	0.07887
471 A	0.48085	0.44275	0.0764
472 A	0.48291	0.44080	0.07629
473 T	0.49905	0.42331	0.07764
474 A	0.42593	0.49487	0.0792
475 C	0.40687	0.51177	0.08136
476 A	0.40366	0.51822	0.07812
477 T	0.41451	0.51017	0.07532
478 A	0.39769	0.52759	0.07472
479 A	0.39533	0.52923	0.07543
480 T	0.40565	0.51785	0.0765
481 A	0.37694	0.54017	0.08288
482 C	0.37064	0.53609	0.09327
483 A	0.36373	0.54364	0.09264
484 A	0.36174	0.54927	0.089
485 A	0.35458	0.56087	0.08455
486 T	0.35623	0.55960	0.08417
487 G	0.34665	0.56886	0.08449
488 A	0.34488	0.56601	0.08911
489 A	0.34973	0.55407	0.09619
490 A	0.36228	0.53085	0.10688
491 C	0.38310	0.47901	0.13789
492 T	0.40232	0.45205	0.14563
493 A	0.40690	0.44170	0.1514
494 A	0.41011	0.42545	0.16444
495 A	0.41319	0.40998	0.17683
496 T	0.41737	0.39364	0.18899
497 T	0.41940	0.29039	0.29022
498 T	0.41942	0.22972	0.35087
499 G	0.41428	0.20735	0.37838
500 G	0.39735	0.22882	0.37383
501 T	0.38769	0.23032	0.38199
502 G	0.36967	0.24650	0.38383
503 A	0.35672	0.26376	0.37951
504 T	0.35444	0.24891	0.39665
505 G	0.34779	0.26939	0.38282
506 A	0.34612	0.33431	0.31957
507 A	0.34887	0.38602	0.26511
508 T	0.35333	0.40295	0.24372
509 A	0.35330	0.41863	0.22807
510 T	0.35191	0.41203	0.23606
511 T	0.34629	0.42067	0.23304
512 A	0.34257	0.42267	0.23475
513 T	0.34101	0.42050	0.23849
514 C	0.33770	0.42154	0.24076
515 A	0.33510	0.42429	0.24061
516 C	0.33341	0.42544	0.24115
517 C	0.33002	0.42919	0.24079
518 G	0.32175	0.44002	0.23824
519 A	0.31548	0.45069	0.23383
520 G	0.31329	0.45576	0.23094
521 A	0.31630	0.45788	0.22582
522 A	0.32375	0.45374	0.22251
523 T	0.35235	0.40698	0.24066
524 G	0.36007	0.39635	0.24358
525 T	0.37494	0.38586	0.2392
526 G	0.37978	0.39394	0.22628
527 A	0.38688	0.40627	0.20684
528 A	0.40350	0.41094	0.18557
529 A	0.45570	0.36755	0.17675
530 T	0.51740	0.30461	0.17799
531 T	0.54376	0.27846	0.17778
532 A	0.54745	0.27788	0.17467
533 A	0.54132	0.28195	0.17673
534 C	0.54598	0.27148	0.18254
535 T	0.54165	0.28030	0.17805
536 T	0.53924	0.28818	0.17258
537 A	0.53598	0.30657	0.15744
538 T	0.53517	0.31841	0.14642
539 T	0.53148	0.32518	0.14335
540 A	0.51991	0.33554	0.14455
541 A	0.50310	0.34504	0.15186
542 A	0.49583	0.34512	0.15905
543 C	0.49024	0.34668	0.16308
544 A	0.49415	0.34279	0.16307
545 A	0.50680	0.33018	0.16302
546 C	0.52281	0.31236	0.16482
547 A	0.54071	0.29930	0.15999
548 T	0.56729	0.27332	0.15939
549 T	0.58182	0.25555	0.16263
550 G	0.58342	0.25318	0.1634
551 T	0.59675	0.23937	0.16388
552 C	0.60077	0.21223	0.187
553 A	0.59706	0.22108	0.18187
554 A	0.58673	0.23161	0.18167
555 T	0.58665	0.22541	0.18794
556 C	0.57597	0.22573	0.1983
557 G	0.52659	0.27571	0.1977
558 C	0.49577	0.30191	0.20231
559 G	0.46982	0.35041	0.17977
560 A	0.45197	0.42563	0.1224
561 A	0.43120	0.52505	0.04375
562 T	0.42166	0.53554	0.0428
563 T	0.40089	0.55526	0.04385
564 A	0.36010	0.58587	0.05403
565 A	0.33553	0.60477	0.0597
566 C	0.32136	0.61350	0.06514
567 A	0.31473	0.62185	0.06343
568 A	0.31102	0.62706	0.06192
569 A	0.30996	0.62882	0.06122
570 A	0.31370	0.62402	0.06228
571 C	0.31499	0.62147	0.06353
572 A	0.31399	0.62009	0.06593
573 A	0.31466	0.61764	0.06771
574 C	0.31714	0.61124	0.07162
575 A	0.31753	0.61654	0.06594
576 A	0.31996	0.61622	0.06383
577 T	0.32376	0.60302	0.07321
578 T	0.32239	0.60312	0.07449
579 A	0.31774	0.60546	0.0768
580 A	0.31975	0.55912	0.12113
581 A	0.32570	0.51751	0.15679
582 A	0.34467	0.46496	0.19037
583 A	0.40219	0.37384	0.22398
584 T	0.48279	0.26069	0.25653
585 T	0.49129	0.23226	0.27644
586 T	0.49163	0.21727	0.2911
587 T	0.47713	0.21789	0.30497
588 T	0.43924	0.27397	0.28678
589 C	0.36164	0.36615	0.27221
590 A	0.27960	0.49241	0.22799
591 A	0.23333	0.57996	0.18671
592 A	0.19504	0.64813	0.15682
593 C	0.17640	0.67630	0.1473
594 A	0.16543	0.71278	0.12179
595 A	0.16117	0.72627	0.11256
596 T	0.16640	0.72380	0.10981
597 A	0.16697	0.72247	0.11057
598 T	0.17346	0.71489	0.11165
599 A	0.17554	0.70716	0.1173
600 T	0.18222	0.69563	0.12216
601 C	0.18429	0.69088	0.12483
602 A	0.18412	0.69879	0.11709
603 A	0.18186	0.70976	0.10838
604 T	0.18378	0.70966	0.10657
605 T	0.17913	0.71936	0.10151
606 A	0.16585	0.74167	0.09249
607 A	0.16205	0.74841	0.08954
608 A	0.15713	0.75218	0.09068
609 A	0.16282	0.73804	0.09914
610 A	0.17607	0.70441	0.11952
611 A	0.21236	0.64323	0.14442
612 T	0.24831	0.54726	0.20442
613 A	0.29228	0.45575	0.25197
614 A	0.33937	0.37497	0.28566
615 T	0.37426	0.31036	0.31537
616 T	0.37991	0.31433	0.30576
617 T	0.37718	0.33457	0.28825
618 T	0.34331	0.41496	0.24173
619 A	0.26056	0.55424	0.1852
620 A	0.18983	0.65290	0.15728
621 A	0.15283	0.71710	0.13007
622 G	0.13524	0.74547	0.1193
623 A	0.11631	0.77654	0.10714
624 A	0.11132	0.78616	0.10251
625 A	0.11974	0.77926	0.101
626 T	0.12944	0.77016	0.1004
627 A	0.12620	0.77057	0.10324
628 A	0.12627	0.76551	0.10821
629 A	0.13042	0.75032	0.11926
630 A	0.12811	0.74217	0.12972
631 C	0.13040	0.72814	0.14146
632 A	0.13602	0.72268	0.14131
633 A	0.15170	0.70602	0.14228
634 T	0.18106	0.67914	0.1398
635 T	0.19424	0.67492	0.13084
636 T	0.19725	0.68628	0.11647
637 A	0.19198	0.69702	0.11099
638 A	0.19840	0.68724	0.11436
639 T	0.22389	0.64946	0.12664
640 A	0.24721	0.61284	0.13995
641 T	0.30805	0.51105	0.1809
642 T	0.36614	0.38245	0.25142
643 T	0.39019	0.29362	0.31619
644 T	0.40580	0.25361	0.34059
645 A	0.39003	0.26094	0.34903
646 T	0.38075	0.25922	0.36004
647 C	0.36504	0.27241	0.36254
648 A	0.35567	0.29010	0.35423
649 A	0.35791	0.29043	0.35166
650 A	0.35754	0.29261	0.34984
651 T	0.35800	0.29417	0.34783
652 A	0.34598	0.31075	0.34327
653 T	0.32377	0.32645	0.34977
654 A	0.28732	0.36629	0.34639
655 G	0.28322	0.38088	0.3359
656 A	0.28261	0.41803	0.29936
657 A	0.28518	0.46963	0.24519
658 G	0.29745	0.46058	0.24197
659 T	0.31757	0.44194	0.24049
660 T	0.31388	0.45314	0.23298
661 G	0.30404	0.48065	0.21531
662 C	0.29719	0.51508	0.18773
663 T	0.27148	0.59059	0.13794
664 A	0.22074	0.68027	0.09899
665 A	0.18030	0.75536	0.06433
666 A	0.15663	0.79175	0.05163
667 A	0.14739	0.80441	0.04819
668 A	0.14530	0.78213	0.07257
669 G	0.13735	0.77069	0.09197
670 T	0.13397	0.75760	0.10844
671 T	0.13206	0.75610	0.11184
672 A	0.11719	0.78572	0.09709
673 A	0.11143	0.79122	0.09735
674 A	0.10876	0.79178	0.09946
675 A	0.10561	0.78041	0.11399
676 A	0.10691	0.74985	0.14325
677 C	0.11565	0.71001	0.17434
678 A	0.12864	0.69343	0.17793
679 A	0.16054	0.65882	0.18063
680 C	0.22351	0.59177	0.18472
681 A	0.24410	0.56979	0.1861
682 A	0.26833	0.54445	0.18722
683 C	0.30146	0.49047	0.20807
684 A	0.33425	0.45301	0.21275
685 T	0.37542	0.40581	0.21877
686 T	0.41494	0.33458	0.25047
687 T	0.43668	0.26382	0.29949
688 T	0.46557	0.20020	0.33423
689 T	0.47686	0.18532	0.33782
690 T	0.47213	0.22309	0.30479
691 A	0.46059	0.23281	0.3066
692 T	0.45725	0.21533	0.32742
693 T	0.44681	0.20845	0.34474
694 G	0.41908	0.23356	0.34735
695 C	0.42197	0.22805	0.34998
696 A	0.41277	0.26464	0.32259
697 A	0.40026	0.30404	0.2957
698 A	0.37420	0.35652	0.26928
699 T	0.35188	0.39684	0.25128
700 G	0.21348	0.57808	0.20844
701 A	0.14653	0.72602	0.12745
702 A	0.11806	0.85616	0.02578
703 A	0.10306	0.87776	0.01918
704 A	0.08659	0.89889	0.01452
705 A	0.07544	0.91275	0.01181
706 A	0.07156	0.91671	0.01173
707 C	0.07346	0.91485	0.01169
708 A	0.07312	0.91675	0.01012
709 A	0.07572	0.91496	0.00932
710 C	0.08067	0.90981	0.00952
711 A	0.08696	0.90347	0.00956
712 A	0.10918	0.88060	0.01022
713 T	0.15504	0.82385	0.02112
714 T	0.16205	0.80522	0.03273
715 C	0.16327	0.79807	0.03865
716 A	0.16444	0.78684	0.04872
717 C	0.16397	0.75903	0.077
718 A	0.14363	0.77806	0.07831
719 A	0.12325	0.79818	0.07858
720 A	0.14565	0.77894	0.07542
721 A	0.17279	0.73642	0.09079
722 A	0.19221	0.70364	0.10415
723 A	0.22985	0.51654	0.25361
724 A	0.29831	0.38499	0.3167
725 T	0.39513	0.27731	0.32756
726 A	0.39471	0.36552	0.23977
727 A	0.39498	0.47586	0.12916
728 A	0.38444	0.50622	0.10934
729 A	0.37104	0.52464	0.10432
730 A	0.34371	0.54886	0.10743
731 G	0.22538	0.66222	0.11239
732 C	0.18844	0.69622	0.11533
733 G	0.15186	0.73345	0.1147
734 C	0.12885	0.75780	0.11335
735 C	0.10568	0.78679	0.10753
736 A	0.06783	0.84586	0.08631
737 A	0.05457	0.87431	0.07112
738 A	0.05241	0.87753	0.07006
739 A	0.05137	0.87869	0.06994
740 A	0.05144	0.87609	0.07247
741 A	0.05510	0.84623	0.09866
742 C	0.06022	0.79449	0.14529
743 G	0.06796	0.77777	0.15427
744 A	0.07687	0.76140	0.16173
745 C	0.08985	0.74309	0.16705
746 G	0.10760	0.72280	0.1696
747 C	0.13269	0.69541	0.1719
748 C	0.15392	0.66942	0.17667
749 G	0.23648	0.58344	0.18007
750 A	0.34116	0.47795	0.1809
751 T	0.37434	0.43378	0.19188
752 T	0.38393	0.41600	0.20006
753 A	0.38613	0.39050	0.22337
754 G	0.38865	0.24323	0.36812
755 T	0.39301	0.19606	0.41094
756 T	0.39463	0.17300	0.43237
757 G	0.39463	0.16427	0.4411
758 A	0.40043	0.18432	0.41525
759 T	0.42113	0.15421	0.42466
760 T	0.43151	0.15809	0.4104
761 T	0.43013	0.18490	0.38497
762 A	0.42590	0.23852	0.33558
763 T	0.42309	0.36891	0.208
764 T	0.42075	0.41623	0.16302
765 A	0.39600	0.50425	0.09975
766 A	0.37629	0.56793	0.05578
767 A	0.36389	0.58712	0.04899
768 T	0.34490	0.62064	0.03446
769 A	0.26884	0.70156	0.0296
770 T	0.24858	0.72196	0.02946
771 C	0.23217	0.73846	0.02937
772 G	0.22544	0.74557	0.02899
773 C	0.22408	0.74762	0.0283
774 C	0.22377	0.74883	0.02741
775 A	0.22443	0.74923	0.02634
776 A	0.22994	0.74385	0.02621
777 A	0.23494	0.73890	0.02617
778 A	0.24401	0.72967	0.02632
779 T	0.26750	0.70486	0.02764
780 C	0.27725	0.69104	0.0317
781 A	0.32184	0.64587	0.03229
782 C	0.34089	0.62641	0.0327
783 A	0.36646	0.60273	0.03081
784 A	0.38832	0.58065	0.03102
785 A	0.43420	0.53383	0.03196
786 T	0.53912	0.42635	0.03454
787 A	0.42593	0.54034	0.03372
788 A	0.41538	0.52652	0.0581
789 A	0.40519	0.51340	0.08141
790 A	0.37980	0.52318	0.09701
791 A	0.37349	0.50485	0.12166
792 C	0.36678	0.43679	0.19643
793 T	0.36530	0.42418	0.21052
794 T	0.35643	0.42518	0.2184
795 C	0.34536	0.43367	0.22098
796 T	0.33511	0.44607	0.21883
797 T	0.28563	0.49984	0.21453
798 G	0.20009	0.58980	0.21012
799 C	0.18726	0.60290	0.20984
800 A	0.16019	0.63202	0.20778
801 A	0.15374	0.64148	0.20479
802 A	0.15277	0.64296	0.20427
803 C	0.15252	0.64162	0.20586
804 A	0.15288	0.64513	0.20199
805 T	0.15401	0.64171	0.20428
806 T	0.15502	0.65438	0.1906
807 A	0.15528	0.65832	0.1864
808 A	0.15551	0.65726	0.18723
809 A	0.15623	0.61802	0.22574
810 A	0.15909	0.45659	0.38432
811 T	0.16147	0.39638	0.44215
812 G	0.16354	0.35612	0.48034
813 T	0.16582	0.32547	0.50871
814 T	0.16650	0.30607	0.52742
815 A	0.16644	0.28718	0.54638
816 T	0.16791	0.27737	0.55472
817 C	0.16878	0.26522	0.566
818 A	0.16908	0.27353	0.55739
819 A	0.16944	0.30866	0.5219
820 A	0.17238	0.31469	0.51292
821 T	0.17230	0.29340	0.5343
822 T	0.15637	0.37625	0.46738
823 G	0.13892	0.48496	0.37611
824 A	0.12498	0.77457	0.10045
825 A	0.11675	0.80750	0.07575
826 G	0.11176	0.83523	0.05302
827 A	0.11376	0.85844	0.0278
828 A	0.11523	0.85852	0.02626
829 C	0.12707	0.84791	0.02502
830 A	0.12819	0.85102	0.02079
831 T	0.13026	0.84898	0.02076
832 C	0.12658	0.85264	0.02078
833 A	0.11878	0.86080	0.02042
834 A	0.11617	0.86343	0.02039
835 C	0.11153	0.86799	0.02049
836 C	0.10910	0.87051	0.02039
837 A	0.10747	0.87268	0.01985
838 C	0.10908	0.87129	0.01963
839 A	0.10984	0.87098	0.01919
840 A	0.11242	0.86893	0.01865
841 A	0.12800	0.85311	0.01889
842 A	0.17891	0.79990	0.02119
843 A	0.24659	0.72944	0.02397
844 A	0.32899	0.63587	0.03514
845 C	0.41787	0.52425	0.05788
846 A	0.52866	0.40241	0.06894
847 T	0.75962	0.16204	0.07834
848 A	0.77983	0.14232	0.07785
849 T	0.80336	0.12032	0.07632
850 T	0.82537	0.10069	0.07394
851 A	0.82653	0.09733	0.07614
852 T	0.82861	0.08978	0.08162
853 T	0.82470	0.08790	0.0874
854 T	0.81358	0.09819	0.08823
855 A	0.79418	0.11528	0.09054
856 G	0.77918	0.12506	0.09576
857 A	0.77432	0.12854	0.09715
858 T	0.76619	0.13335	0.10046
859 T	0.74838	0.15438	0.09724
860 A	0.74209	0.16411	0.0938
861 T	0.73497	0.17515	0.08987
862 G	0.66023	0.25707	0.08271
863 A	0.61690	0.30227	0.08083
864 A	0.59106	0.32765	0.08129
865 A	0.57470	0.34321	0.08209
866 A	0.56558	0.35175	0.08266
867 C	0.56254	0.35397	0.08349
868 A	0.56496	0.35133	0.08371
869 T	0.57297	0.34283	0.08421
870 T	0.57672	0.33876	0.08452
871 C	0.58010	0.33485	0.08505
872 T	0.58360	0.33249	0.08391
873 T	0.58444	0.33210	0.08347
874 T	0.57712	0.34222	0.08066
875 A	0.54764	0.37201	0.08034
876 T	0.53663	0.37829	0.08508
877 T	0.51767	0.38329	0.09903
878 A	0.47008	0.41290	0.11702
879 C	0.41184	0.45315	0.13501
880 A	0.37501	0.48802	0.13696
881 G	0.35904	0.49714	0.14382
882 T	0.35866	0.48741	0.15393
883 A	0.35667	0.48604	0.15729
884 A	0.35964	0.47745	0.16291
885 G	0.36608	0.39312	0.2408
886 T	0.36888	0.34857	0.28255
887 T	0.36878	0.33119	0.30003
888 T	0.36705	0.33098	0.30198
889 G	0.35333	0.34998	0.29669
890 A	0.34206	0.37634	0.2816
891 T	0.33481	0.40003	0.26517
892 G	0.32306	0.42255	0.25439
893 A	0.31661	0.43822	0.24518
894 A	0.31417	0.45997	0.22586
895 A	0.31456	0.46815	0.21728
896 A	0.31549	0.47218	0.21233
897 A	0.31893	0.46235	0.21872
898 T	0.32059	0.42460	0.25481
899 T	0.32121	0.43039	0.2484
900 A	0.32188	0.43793	0.24019
901 A	0.32366	0.41456	0.26178
902 T	0.32597	0.35521	0.31883
903 T	0.32804	0.32043	0.35153
904 T	0.32855	0.31302	0.35842
905 T	0.32630	0.32106	0.35264
906 C	0.32118	0.34501	0.33381
907 A	0.31636	0.42290	0.26075
908 A	0.31562	0.44663	0.23776
909 A	0.32088	0.45575	0.22336
910 T	0.33324	0.45998	0.20678
911 T	0.34345	0.47746	0.17909
912 A	0.34748	0.47981	0.17271
913 A	0.35735	0.47620	0.16645
914 T	0.37281	0.46696	0.16024
915 T	0.37657	0.48514	0.13829
916 G	0.36931	0.54236	0.08832
917 A	0.37193	0.56249	0.06559
918 A	0.37258	0.56339	0.06403
919 A	0.37240	0.56361	0.064
920 A	0.35022	0.58561	0.06416
921 C	0.33954	0.59645	0.06401
922 C	0.34701	0.59252	0.06046
923 A	0.35540	0.58905	0.05555
924 A	0.35506	0.60006	0.04487
925 A	0.34245	0.62117	0.03638
926 A	0.33808	0.63300	0.02892
927 C	0.32829	0.64188	0.02983
928 A	0.32383	0.64339	0.03278
929 A	0.33046	0.63248	0.03706
930 T	0.38517	0.57317	0.04166
931 C	0.37340	0.58495	0.04165
932 A	0.36063	0.59946	0.03992
933 A	0.36496	0.59258	0.04246
934 T	0.38054	0.57319	0.04627
935 A	0.35665	0.59153	0.05182
936 C	0.35411	0.58757	0.05832
937 C	0.35831	0.57781	0.06389
938 A	0.37265	0.56598	0.06137
939 A	0.40478	0.53750	0.05772
940 T	0.42276	0.51787	0.05938
941 T	0.41132	0.53127	0.05741
942 A	0.38090	0.56272	0.05638
943 A	0.37482	0.53561	0.08957
944 C	0.36998	0.51433	0.11569
945 A	0.36868	0.51439	0.11693
946 A	0.37276	0.51601	0.11124
947 A	0.38800	0.50725	0.10475
948 A	0.40398	0.47502	0.121
949 T	0.41674	0.45104	0.13222
950 T	0.41945	0.40984	0.17071
951 A	0.42122	0.39083	0.18795
952 T	0.42299	0.35968	0.21733
953 A	0.42350	0.33587	0.24064
954 T	0.42521	0.29607	0.27872
955 T	0.42659	0.26826	0.30515
956 T	0.42617	0.26144	0.31239
957 A	0.42362	0.26284	0.31354
958 G	0.41933	0.24176	0.33891
959 A	0.41443	0.24327	0.3423
960 T	0.41339	0.24624	0.34037
961 G	0.41507	0.26517	0.31976
962 A	0.41970	0.31274	0.26756
963 A	0.41946	0.36865	0.21188
964 A	0.42261	0.41390	0.16349
965 T	0.43094	0.39143	0.17763
966 T	0.42800	0.41339	0.15861
967 A	0.40855	0.47651	0.11495
968 A	0.39247	0.50418	0.10335
969 C	0.38996	0.51056	0.09948
970 T	0.39943	0.50952	0.09106
971 A	0.38344	0.52807	0.08849
972 C	0.36155	0.55222	0.08623
973 A	0.32345	0.60116	0.07539
974 T	0.27919	0.66659	0.05423
975 C	0.20674	0.74137	0.05189
976 G	0.10899	0.84722	0.04379
977 A	0.09758	0.86154	0.04088
978 A	0.09136	0.86893	0.03972
979 C	0.08763	0.87395	0.03843
980 A	0.09028	0.87203	0.03769
981 A	0.09668	0.86424	0.03908
982 G	0.10993	0.84874	0.04133
983 A	0.12510	0.83264	0.04225
984 A	0.15112	0.80559	0.04329
985 A	0.20040	0.75293	0.04667
986 A	0.25352	0.69568	0.0508
987 A	0.30817	0.63615	0.05568
988 A	0.32712	0.61174	0.06114
989 A	0.35742	0.57175	0.07083
990 A	0.40866	0.49882	0.09252
991 T	0.43281	0.44792	0.11928
992 T	0.44263	0.42062	0.13675
993 A	0.44960	0.40305	0.14735
994 A	0.45467	0.37795	0.16738
995 A	0.46017	0.34217	0.19766
996 A	0.47378	0.28117	0.24505
997 T	0.50026	0.19453	0.30521
998 A	0.50662	0.11395	0.37942
999 A	0.51891	0.00000	0.48109
