# lcl|CP097583.1_cds_USQ93526.1_1
# AA	inside	membr	outside
1 A	0.40351	0.00000	0.59648
2 T	0.40339	0.00013	0.59648
3 G	0.40322	0.00029	0.59648
4 C	0.40322	0.00128	0.5955
5 A	0.40245	0.00441	0.59314
6 A	0.40245	0.00474	0.59281
7 T	0.40177	0.00556	0.59267
8 T	0.40177	0.00556	0.59267
9 T	0.40148	0.00599	0.59253
10 G	0.40148	0.02414	0.57438
11 A	0.40129	0.02530	0.5734
12 T	0.39367	0.03315	0.57318
13 A	0.37685	0.05127	0.57188
14 T	0.37684	0.05128	0.57188
15 T	0.37684	0.05515	0.56801
16 A	0.37611	0.05588	0.56801
17 T	0.37557	0.05642	0.568
18 T	0.37553	0.05648	0.56798
19 A	0.37336	0.05868	0.56796
20 C	0.37024	0.06203	0.56774
21 T	0.36716	0.06511	0.56773
22 A	0.36679	0.06610	0.56711
23 T	0.36708	0.06604	0.56688
24 T	0.36737	0.06581	0.56682
25 T	0.36762	0.06544	0.56695
26 T	0.36759	0.06520	0.56721
27 T	0.36793	0.06456	0.56752
28 C	0.36874	0.06310	0.56816
29 C	0.36862	0.06318	0.56819
30 T	0.36926	0.06247	0.56827
31 A	0.36821	0.06405	0.56774
32 A	0.36842	0.06399	0.56758
33 T	0.38530	0.04743	0.56727
34 T	0.38605	0.04703	0.56692
35 T	0.38637	0.03893	0.57471
36 T	0.38635	0.02390	0.58975
37 T	0.38549	0.02467	0.58983
38 T	0.38589	0.02487	0.58925
39 T	0.38268	0.03057	0.58675
40 G	0.37791	0.03757	0.58452
41 A	0.37608	0.04069	0.58323
42 T	0.37158	0.04344	0.58499
43 A	0.36755	0.04545	0.587
44 A	0.36621	0.04483	0.58897
45 T	0.36598	0.04474	0.58929
46 C	0.36527	0.04537	0.58937
47 T	0.36437	0.04743	0.5882
48 T	0.36214	0.05324	0.58462
49 T	0.35831	0.06578	0.57591
50 T	0.35267	0.08640	0.56092
51 A	0.33857	0.11057	0.55086
52 A	0.33184	0.12428	0.54387
53 A	0.32897	0.12942	0.5416
54 T	0.32886	0.12980	0.54133
55 A	0.32818	0.13016	0.54166
56 A	0.32821	0.12984	0.54195
57 T	0.32870	0.12825	0.54305
58 T	0.32816	0.12747	0.54437
59 C	0.32100	0.13317	0.54584
60 A	0.31392	0.14078	0.54531
61 A	0.31027	0.14507	0.54466
62 T	0.31047	0.14392	0.54561
63 T	0.30365	0.14960	0.54675
64 A	0.27991	0.17534	0.54474
65 T	0.26868	0.18274	0.54858
66 G	0.23474	0.21677	0.5485
67 A	0.19697	0.25952	0.5435
68 A	0.16281	0.29946	0.53774
69 A	0.14477	0.32250	0.53272
70 A	0.13638	0.32968	0.53394
71 G	0.13677	0.32527	0.53796
72 A	0.14457	0.31233	0.5431
73 G	0.15753	0.29262	0.54985
74 C	0.16662	0.27236	0.56102
75 T	0.17199	0.26511	0.5629
76 C	0.17056	0.26707	0.56236
77 A	0.15475	0.28787	0.55738
78 A	0.13208	0.31634	0.55158
79 G	0.11407	0.33985	0.54607
80 A	0.10035	0.35704	0.5426
81 A	0.08567	0.37500	0.53933
82 A	0.07722	0.37774	0.54504
83 A	0.07394	0.37352	0.55254
84 G	0.07350	0.36554	0.56096
85 A	0.07317	0.36329	0.56354
86 A	0.07471	0.35084	0.57445
87 T	0.07827	0.32395	0.59778
88 A	0.07905	0.31519	0.60576
89 A	0.08122	0.28578	0.633
90 A	0.08569	0.24738	0.66693
91 G	0.09120	0.20812	0.70068
92 T	0.09672	0.18567	0.71761
93 T	0.09696	0.17715	0.72589
94 C	0.09654	0.17481	0.72865
95 A	0.09582	0.18008	0.7241
96 A	0.09527	0.18820	0.71653
97 A	0.09534	0.19175	0.71292
98 T	0.09728	0.19608	0.70664
99 T	0.09891	0.19772	0.70337
100 A	0.10129	0.18735	0.71135
101 A	0.10645	0.16381	0.72975
102 T	0.11263	0.13959	0.74779
103 A	0.11544	0.12499	0.75956
104 T	0.11985	0.10584	0.77431
105 T	0.12205	0.09633	0.78162
106 C	0.12228	0.09330	0.78442
107 A	0.12255	0.09693	0.78052
108 T	0.12486	0.09753	0.7776
109 G	0.12526	0.10859	0.76615
110 A	0.12526	0.11807	0.75667
111 T	0.12698	0.12421	0.74881
112 T	0.12340	0.13781	0.73878
113 T	0.11323	0.16360	0.72317
114 A	0.10454	0.20248	0.69299
115 A	0.09829	0.24713	0.65458
116 G	0.09451	0.26381	0.64168
117 A	0.09457	0.27786	0.62757
118 A	0.09915	0.28802	0.61283
119 A	0.10755	0.27963	0.61282
120 A	0.11337	0.27334	0.61329
121 T	0.12420	0.26213	0.61367
122 A	0.12487	0.26206	0.61307
123 C	0.13164	0.25422	0.61414
124 A	0.13531	0.25082	0.61388
125 G	0.13255	0.25342	0.61403
126 T	0.13285	0.25301	0.61414
127 C	0.12610	0.26039	0.61352
128 A	0.12388	0.26405	0.61208
129 A	0.12313	0.26585	0.61102
130 A	0.12493	0.26610	0.60897
131 A	0.12787	0.26348	0.60866
132 T	0.14099	0.24964	0.60937
133 A	0.14873	0.23953	0.61174
134 A	0.15796	0.22688	0.61516
135 A	0.17103	0.20725	0.62171
136 C	0.18850	0.17753	0.63398
137 A	0.21670	0.14367	0.63964
138 T	0.25837	0.09702	0.64461
139 C	0.26905	0.08332	0.64762
140 A	0.27901	0.07283	0.64815
141 T	0.28836	0.06302	0.64862
142 C	0.28581	0.06427	0.64992
143 A	0.28364	0.06618	0.65018
144 A	0.28208	0.06740	0.65051
145 G	0.28316	0.06152	0.65533
146 T	0.28375	0.05902	0.65723
147 T	0.28349	0.05763	0.65888
148 G	0.27946	0.05755	0.66299
149 A	0.27875	0.05706	0.66419
150 T	0.27900	0.05085	0.67015
151 G	0.27886	0.04832	0.67282
152 A	0.28007	0.04499	0.67495
153 T	0.28257	0.03971	0.67773
154 A	0.28279	0.03764	0.67958
155 C	0.28252	0.03592	0.68156
156 T	0.28233	0.03540	0.68228
157 C	0.27884	0.03876	0.68241
158 C	0.27679	0.04189	0.68132
159 A	0.27530	0.04750	0.67719
160 T	0.27440	0.04964	0.67596
161 A	0.27325	0.05231	0.67444
162 T	0.27275	0.05383	0.67341
163 G	0.27177	0.05423	0.674
164 G	0.27110	0.05236	0.67654
165 T	0.27081	0.04961	0.67958
166 G	0.27050	0.04798	0.68152
167 G	0.27043	0.04604	0.68353
168 A	0.27050	0.04521	0.68429
169 G	0.27066	0.04409	0.68524
170 A	0.27104	0.04222	0.68673
171 C	0.27176	0.03716	0.69108
172 G	0.27279	0.03516	0.69205
173 A	0.27437	0.03319	0.69244
174 C	0.27497	0.03192	0.69311
175 G	0.27565	0.03173	0.69262
176 G	0.27590	0.03191	0.69219
177 A	0.27621	0.03152	0.69227
178 A	0.27669	0.03080	0.69251
179 T	0.27794	0.02919	0.69288
180 G	0.27864	0.02478	0.69659
181 T	0.28051	0.02073	0.69876
182 T	0.28368	0.01601	0.70032
183 A	0.28439	0.01447	0.70114
184 T	0.28577	0.01198	0.70225
185 T	0.28589	0.01160	0.70251
186 A	0.28532	0.01153	0.70315
187 T	0.28587	0.01051	0.70363
188 C	0.28540	0.01077	0.70383
189 T	0.28553	0.01052	0.70395
190 T	0.28487	0.01111	0.70402
191 T	0.28374	0.01220	0.70406
192 T	0.28270	0.01321	0.70409
193 C	0.28079	0.01510	0.70411
194 C	0.27974	0.01613	0.70413
195 A	0.27899	0.01689	0.70413
196 C	0.27883	0.01705	0.70412
197 C	0.27808	0.01782	0.7041
198 T	0.27801	0.01798	0.70401
199 T	0.27749	0.01858	0.70393
200 T	0.27675	0.01940	0.70384
201 T	0.27464	0.02163	0.70373
202 T	0.27042	0.02597	0.7036
203 A	0.26244	0.03396	0.70359
204 T	0.25638	0.04009	0.70353
205 G	0.24422	0.05257	0.70321
206 A	0.23898	0.05833	0.70269
207 A	0.23559	0.06247	0.70194
208 T	0.23499	0.06273	0.70229
209 G	0.23363	0.06390	0.70247
210 T	0.23309	0.06380	0.70312
211 T	0.23193	0.06403	0.70403
212 T	0.22991	0.06550	0.70459
213 G	0.21607	0.07844	0.70549
214 C	0.20545	0.08902	0.70553
215 A	0.19274	0.10469	0.70256
216 A	0.17875	0.12114	0.70011
217 A	0.17513	0.12828	0.69659
218 A	0.17175	0.13527	0.69298
219 A	0.16889	0.14172	0.68938
220 A	0.16550	0.14727	0.68723
221 T	0.16412	0.15052	0.68536
222 A	0.15700	0.16686	0.67613
223 A	0.15325	0.17399	0.67276
224 A	0.14793	0.18181	0.67027
225 A	0.14327	0.18857	0.66816
226 A	0.14084	0.18431	0.67485
227 G	0.14023	0.17817	0.68159
228 G	0.14030	0.16803	0.69167
229 A	0.14091	0.16358	0.69551
230 C	0.14186	0.15987	0.69827
231 T	0.14274	0.15978	0.69748
232 G	0.14300	0.15961	0.6974
233 A	0.14294	0.16043	0.69663
234 T	0.14305	0.15993	0.69702
235 A	0.14296	0.15885	0.69819
236 G	0.14310	0.14430	0.7126
237 A	0.14390	0.13308	0.72302
238 A	0.14624	0.11754	0.73623
239 C	0.14903	0.10196	0.74901
240 A	0.15285	0.09717	0.74998
241 A	0.15709	0.09221	0.7507
242 A	0.16128	0.08830	0.75042
243 G	0.16564	0.08303	0.75133
244 G	0.17080	0.07909	0.75012
245 T	0.18296	0.06324	0.7538
246 A	0.18671	0.06127	0.75202
247 A	0.19125	0.05790	0.75085
248 T	0.19753	0.05023	0.75223
249 T	0.19858	0.04822	0.75321
250 T	0.19869	0.05070	0.75061
251 T	0.19785	0.05542	0.74672
252 A	0.19655	0.05980	0.74364
253 T	0.19643	0.05996	0.74362
254 T	0.19632	0.06011	0.74357
255 A	0.19488	0.06140	0.74372
256 T	0.19451	0.06138	0.74411
257 C	0.19187	0.06380	0.74433
258 T	0.19091	0.06462	0.74448
259 C	0.18823	0.06720	0.74457
260 C	0.18598	0.06961	0.74441
261 A	0.18495	0.07094	0.74411
262 C	0.18439	0.07180	0.74381
263 A	0.18364	0.07290	0.74346
264 A	0.18360	0.07323	0.74318
265 G	0.18570	0.07124	0.74306
266 G	0.18910	0.06806	0.74284
267 T	0.19303	0.06519	0.74177
268 A	0.19670	0.06465	0.73864
269 A	0.20231	0.05974	0.73795
270 T	0.21125	0.05119	0.73756
271 T	0.21484	0.04819	0.73698
272 T	0.21617	0.04714	0.7367
273 A	0.21686	0.04855	0.73458
274 T	0.21900	0.04782	0.73318
275 T	0.21859	0.05030	0.73111
276 G	0.21403	0.05438	0.73158
277 A	0.20957	0.05897	0.73147
278 A	0.20742	0.05975	0.73283
279 T	0.20654	0.05896	0.7345
280 C	0.20529	0.05735	0.73736
281 A	0.20445	0.05871	0.73684
282 A	0.20408	0.05843	0.73749
283 T	0.20417	0.05888	0.73695
284 A	0.20384	0.06376	0.7324
285 T	0.20275	0.06887	0.72839
286 A	0.19966	0.07220	0.72814
287 A	0.19830	0.07263	0.72907
288 A	0.19748	0.07227	0.73025
289 G	0.19734	0.07172	0.73095
290 C	0.19850	0.07044	0.73106
291 T	0.20274	0.06700	0.73026
292 A	0.20419	0.06714	0.72867
293 T	0.20608	0.06577	0.72815
294 T	0.20693	0.06559	0.72749
295 G	0.20715	0.06711	0.72574
296 A	0.20863	0.06677	0.7246
297 A	0.21122	0.06427	0.72452
298 T	0.21459	0.05850	0.72691
299 A	0.21425	0.05472	0.73103
300 T	0.21408	0.05030	0.73562
301 T	0.21164	0.05093	0.73742
302 C	0.20278	0.05975	0.73747
303 A	0.18901	0.07706	0.73393
304 A	0.18227	0.08462	0.73311
305 A	0.18096	0.08619	0.73286
306 A	0.18184	0.08527	0.7329
307 G	0.18610	0.08062	0.73328
308 A	0.19039	0.07483	0.73479
309 T	0.19341	0.06857	0.73801
310 T	0.19468	0.06572	0.73961
311 A	0.19517	0.06432	0.74052
312 T	0.19620	0.06245	0.74135
313 T	0.19647	0.06177	0.74176
314 C	0.19675	0.06125	0.74201
315 T	0.19780	0.06016	0.74204
316 C	0.19790	0.06023	0.74187
317 A	0.19816	0.06039	0.74145
318 T	0.19962	0.05911	0.74127
319 T	0.20063	0.05836	0.74101
320 T	0.20038	0.05863	0.741
321 A	0.19898	0.06012	0.7409
322 A	0.19856	0.05901	0.74243
323 T	0.19867	0.05629	0.74504
324 A	0.19856	0.05299	0.74845
325 A	0.19939	0.04368	0.75692
326 T	0.20311	0.02690	0.76999
327 T	0.20396	0.01918	0.77686
328 T	0.20393	0.01718	0.7789
329 T	0.20338	0.01691	0.7797
330 A	0.20228	0.01793	0.77979
331 T	0.20152	0.01862	0.77986
332 G	0.19956	0.02065	0.77979
333 T	0.19845	0.02223	0.77932
334 G	0.19504	0.02739	0.77758
335 G	0.19282	0.03352	0.77367
336 A	0.19148	0.04076	0.76777
337 A	0.19046	0.04865	0.76089
338 A	0.18958	0.05636	0.75406
339 T	0.18906	0.06398	0.74697
340 T	0.18834	0.07217	0.7395
341 A	0.18699	0.07722	0.7358
342 T	0.18593	0.07879	0.73527
343 G	0.18302	0.08176	0.73522
344 A	0.18114	0.08376	0.7351
345 A	0.17903	0.08609	0.73488
346 G	0.17786	0.08747	0.73467
347 G	0.17713	0.08816	0.73471
348 T	0.17688	0.08860	0.73452
349 G	0.17510	0.09100	0.73391
350 T	0.17460	0.09173	0.73367
351 A	0.17377	0.09292	0.73331
352 G	0.17339	0.09279	0.73382
353 A	0.17348	0.09199	0.73452
354 T	0.17396	0.09053	0.73551
355 G	0.17399	0.08917	0.73684
356 A	0.17486	0.08764	0.7375
357 A	0.17690	0.08306	0.74004
358 A	0.18060	0.07775	0.74165
359 G	0.18607	0.07127	0.74266
360 A	0.19420	0.06266	0.74314
361 A	0.20320	0.05306	0.74374
362 T	0.21297	0.04179	0.74524
363 T	0.22034	0.03339	0.74627
364 T	0.22286	0.03023	0.7469
365 T	0.22338	0.02892	0.74771
366 A	0.22334	0.02753	0.74913
367 A	0.22378	0.02546	0.75076
368 A	0.22454	0.02269	0.75277
369 T	0.22586	0.02001	0.75412
370 T	0.22659	0.01833	0.75509
371 A	0.22688	0.01778	0.75534
372 T	0.22706	0.01623	0.75671
373 G	0.22595	0.01762	0.75643
374 T	0.22584	0.01877	0.75539
375 T	0.22510	0.02365	0.75125
376 G	0.22299	0.03414	0.74287
377 A	0.22189	0.04149	0.73663
378 T	0.22126	0.04452	0.73422
379 G	0.21839	0.05088	0.73073
380 A	0.21693	0.05446	0.72861
381 A	0.21598	0.05657	0.72746
382 G	0.21585	0.05721	0.72693
383 A	0.21644	0.05698	0.72658
384 G	0.21762	0.05583	0.72654
385 G	0.21856	0.05482	0.72662
386 T	0.21970	0.05352	0.72678
387 T	0.22029	0.05277	0.72694
388 T	0.22048	0.05242	0.7271
389 C	0.22056	0.05205	0.72739
390 A	0.22059	0.05211	0.7273
391 A	0.22069	0.05199	0.72731
392 T	0.22087	0.05180	0.72732
393 A	0.22080	0.05188	0.72732
394 G	0.22115	0.05138	0.72746
395 G	0.22171	0.05005	0.72823
396 A	0.22301	0.04727	0.72972
397 G	0.22538	0.04420	0.73042
398 A	0.23144	0.03768	0.73088
399 T	0.24193	0.02507	0.733
400 T	0.24790	0.01816	0.73394
401 A	0.24970	0.01581	0.73449
402 T	0.25255	0.01071	0.73674
403 A	0.25359	0.00921	0.73719
404 T	0.25434	0.00860	0.73707
405 T	0.25465	0.01217	0.73318
406 T	0.25478	0.01330	0.73192
407 T	0.25470	0.01427	0.73103
408 A	0.25419	0.01675	0.72906
409 A	0.25381	0.01768	0.72852
410 C	0.25353	0.01807	0.72839
411 T	0.25232	0.02026	0.72742
412 G	0.25037	0.02286	0.72678
413 G	0.24944	0.02431	0.72624
414 A	0.24879	0.02532	0.7259
415 G	0.24849	0.02574	0.72576
416 G	0.24825	0.02608	0.72567
417 A	0.24823	0.02654	0.72524
418 G	0.24835	0.02652	0.72512
419 A	0.24859	0.02630	0.72511
420 A	0.24896	0.02595	0.72508
421 T	0.24960	0.02539	0.72501
422 T	0.24983	0.02521	0.72496
423 C	0.24987	0.02525	0.72487
424 G	0.24991	0.02523	0.72486
425 G	0.25022	0.02493	0.72485
426 A	0.25094	0.02422	0.72483
427 G	0.25234	0.02279	0.72487
428 C	0.25687	0.01822	0.72492
429 T	0.25879	0.01621	0.725
430 A	0.25977	0.01516	0.72508
431 T	0.26197	0.01250	0.72553
432 T	0.26249	0.01168	0.72583
433 A	0.26268	0.01133	0.72598
434 T	0.26340	0.00919	0.72741
435 T	0.26396	0.00687	0.72917
436 T	0.26422	0.00564	0.73014
437 T	0.26437	0.00495	0.73068
438 A	0.26438	0.00475	0.73087
439 A	0.26458	0.00426	0.73116
440 T	0.26502	0.00360	0.73138
441 G	0.26516	0.00336	0.73148
442 A	0.26526	0.00322	0.73152
443 A	0.26540	0.00307	0.73153
444 T	0.26561	0.00274	0.73166
445 G	0.26570	0.00268	0.73162
446 T	0.26584	0.00259	0.73157
447 T	0.26585	0.00281	0.73134
448 T	0.26584	0.00332	0.73084
449 T	0.26584	0.00397	0.73019
450 G	0.26580	0.00484	0.72935
451 A	0.26579	0.00533	0.72889
452 T	0.26583	0.00543	0.72873
453 T	0.26584	0.00546	0.72869
454 A	0.26559	0.00581	0.7286
455 G	0.26550	0.00596	0.72855
456 G	0.26557	0.00598	0.72846
457 C	0.26566	0.00620	0.72814
458 T	0.26583	0.00784	0.72633
459 T	0.26588	0.00845	0.72567
460 T	0.26585	0.00868	0.72546
461 T	0.26500	0.00988	0.72513
462 A	0.26325	0.01181	0.72495
463 C	0.26286	0.01224	0.7249
464 C	0.26250	0.01282	0.72468
465 A	0.26222	0.01357	0.72422
466 G	0.26210	0.01401	0.72389
467 G	0.26211	0.01404	0.72385
468 G	0.26224	0.01397	0.72379
469 G	0.26261	0.01365	0.72374
470 T	0.26327	0.01300	0.72374
471 C	0.26377	0.01252	0.72371
472 A	0.26426	0.01235	0.72339
473 T	0.26491	0.01194	0.72315
474 T	0.26516	0.01182	0.72302
475 A	0.26519	0.01214	0.72267
476 A	0.26517	0.01234	0.72249
477 A	0.26520	0.01211	0.72269
478 C	0.26523	0.01196	0.72281
479 A	0.26519	0.01210	0.7227
480 A	0.26556	0.01180	0.72265
481 G	0.26719	0.01013	0.72268
482 A	0.26795	0.00934	0.72272
483 A	0.26840	0.00880	0.7228
484 T	0.26916	0.00685	0.72399
485 C	0.26941	0.00485	0.72575
486 T	0.26958	0.00448	0.72595
487 T	0.26967	0.00444	0.72589
488 A	0.26933	0.00539	0.72528
489 T	0.26931	0.00540	0.72529
490 C	0.26903	0.00577	0.72519
491 T	0.26877	0.00600	0.72522
492 T	0.26542	0.00938	0.7252
493 C	0.25934	0.01556	0.72509
494 G	0.25543	0.01982	0.72475
495 C	0.25474	0.02067	0.72459
496 G	0.25440	0.02108	0.72452
497 A	0.25421	0.02138	0.7244
498 T	0.25439	0.02123	0.72438
499 T	0.25401	0.02161	0.72438
500 C	0.25317	0.02250	0.72433
501 A	0.25255	0.02309	0.72436
502 C	0.25211	0.02343	0.72446
503 A	0.25170	0.02393	0.72438
504 T	0.25156	0.02411	0.72433
505 C	0.25135	0.02431	0.72433
506 A	0.25119	0.02451	0.72431
507 G	0.25113	0.02458	0.72429
508 A	0.25119	0.02451	0.7243
509 C	0.25125	0.02439	0.72436
510 A	0.25142	0.02436	0.72422
511 G	0.25204	0.02322	0.72475
512 G	0.25214	0.02295	0.72492
513 T	0.25237	0.02270	0.72493
514 T	0.25242	0.02279	0.72479
515 T	0.25236	0.01940	0.72825
516 A	0.25181	0.01549	0.7327
517 T	0.25158	0.01375	0.73467
518 T	0.25003	0.01935	0.73062
519 A	0.24469	0.03300	0.72231
520 A	0.24303	0.04390	0.71306
521 A	0.24236	0.04760	0.71004
522 A	0.24201	0.04774	0.71026
523 T	0.24190	0.04699	0.71111
524 A	0.24120	0.04725	0.71154
525 T	0.23944	0.04840	0.71215
526 C	0.23513	0.05224	0.71263
527 C	0.22389	0.06348	0.71263
528 T	0.22125	0.06631	0.71245
529 C	0.21810	0.06991	0.71199
530 A	0.21586	0.07311	0.71103
531 G	0.21464	0.07509	0.71027
532 T	0.21402	0.07590	0.71008
533 A	0.21255	0.07764	0.70982
534 T	0.21212	0.07843	0.70946
535 A	0.20993	0.08150	0.70857
536 C	0.20894	0.08331	0.70775
537 T	0.20884	0.08417	0.707
538 A	0.20789	0.08525	0.70686
539 A	0.20819	0.08442	0.70739
540 A	0.20997	0.08211	0.70791
541 C	0.21511	0.07556	0.70933
542 C	0.22017	0.06526	0.71457
543 T	0.22655	0.05870	0.71474
544 C	0.22355	0.06235	0.7141
545 G	0.22135	0.06757	0.71108
546 A	0.22082	0.07228	0.7069
547 A	0.22070	0.07567	0.70363
548 A	0.22093	0.07448	0.7046
549 T	0.22152	0.07051	0.70796
550 T	0.22178	0.06150	0.71672
551 A	0.22060	0.07513	0.70426
552 T	0.21457	0.09592	0.68951
553 A	0.20095	0.13867	0.66037
554 A	0.19198	0.15989	0.64814
555 A	0.18921	0.16416	0.64662
556 G	0.18814	0.16449	0.64736
557 A	0.18798	0.16417	0.64785
558 A	0.18870	0.16136	0.64994
559 C	0.18965	0.15911	0.65124
560 A	0.19015	0.15894	0.65092
561 T	0.19045	0.15805	0.6515
562 A	0.19046	0.15816	0.65139
563 A	0.19057	0.15803	0.6514
564 A	0.19086	0.15742	0.65172
565 G	0.19186	0.15196	0.65618
566 T	0.19436	0.14677	0.65887
567 T	0.19631	0.14002	0.66368
568 C	0.19836	0.13644	0.66519
569 C	0.20113	0.13424	0.66463
570 T	0.20412	0.13484	0.66103
571 A	0.20480	0.13914	0.65606
572 A	0.20689	0.13876	0.65436
573 A	0.21344	0.13219	0.65437
574 A	0.23183	0.11237	0.6558
575 T	0.25169	0.08335	0.66495
576 T	0.27950	0.04133	0.67916
577 C	0.28750	0.02468	0.68783
578 T	0.28913	0.02359	0.68728
579 T	0.28671	0.03424	0.67905
580 T	0.27973	0.04248	0.67779
581 T	0.27439	0.04863	0.67699
582 A	0.26413	0.05957	0.6763
583 T	0.26104	0.06247	0.67648
584 C	0.25512	0.06885	0.67603
585 T	0.24698	0.08053	0.67249
586 G	0.23326	0.10009	0.66666
587 G	0.22832	0.10710	0.66458
588 A	0.22122	0.11458	0.6642
589 A	0.21821	0.11823	0.66356
590 A	0.21761	0.11905	0.66334
591 T	0.21893	0.11741	0.66366
592 C	0.21998	0.11593	0.66409
593 A	0.22302	0.11280	0.66418
594 T	0.22705	0.10846	0.6645
595 T	0.22801	0.10753	0.66447
596 C	0.22744	0.10829	0.66427
597 T	0.22701	0.10960	0.66339
598 A	0.22566	0.11247	0.66187
599 A	0.22267	0.11719	0.66014
600 A	0.22100	0.12033	0.65867
601 A	0.22153	0.11976	0.65871
602 T	0.22915	0.10455	0.6663
603 T	0.22668	0.09627	0.67706
604 G	0.21992	0.09791	0.68217
605 C	0.21793	0.09376	0.68832
606 T	0.21731	0.09806	0.68463
607 A	0.21513	0.10468	0.68019
608 A	0.21415	0.10354	0.68231
609 T	0.21724	0.09138	0.69138
610 T	0.21354	0.09347	0.69299
611 G	0.20670	0.09894	0.69436
612 G	0.19995	0.10599	0.69406
613 C	0.18868	0.12179	0.68953
614 G	0.18016	0.13941	0.68043
615 T	0.17136	0.15955	0.66909
616 C	0.16563	0.19022	0.64415
617 A	0.16182	0.24245	0.59573
618 A	0.15875	0.26960	0.57165
619 A	0.15730	0.28077	0.56193
620 A	0.15695	0.28504	0.558
621 A	0.15712	0.28570	0.55717
622 G	0.15830	0.28144	0.56026
623 A	0.15947	0.27877	0.56177
624 A	0.16002	0.27586	0.56412
625 A	0.16164	0.27288	0.56548
626 G	0.16626	0.26334	0.57041
627 T	0.17537	0.24824	0.5764
628 T	0.17876	0.24356	0.57768
629 T	0.18039	0.24465	0.57496
630 A	0.18079	0.24981	0.5694
631 A	0.18187	0.25175	0.56637
632 G	0.18213	0.25192	0.56595
633 A	0.18381	0.25095	0.56523
634 A	0.19097	0.23903	0.56999
635 A	0.20341	0.22013	0.57646
636 T	0.22261	0.18709	0.5903
637 A	0.23503	0.16569	0.59929
638 C	0.25000	0.13991	0.61008
639 T	0.27979	0.10794	0.61227
640 T	0.31512	0.07145	0.61342
641 T	0.32823	0.05836	0.61341
642 T	0.33031	0.05804	0.61165
643 T	0.32733	0.06564	0.60702
644 T	0.31545	0.08680	0.59775
645 A	0.27202	0.15701	0.57097
646 A	0.21485	0.23581	0.54934
647 A	0.15405	0.31987	0.52608
648 A	0.12410	0.35508	0.52082
649 A	0.10938	0.37002	0.5206
650 G	0.09837	0.38105	0.52058
651 A	0.08630	0.39314	0.52055
652 C	0.07648	0.40251	0.52101
653 C	0.08123	0.39821	0.52056
654 A	0.08602	0.39613	0.51785
655 G	0.08900	0.39459	0.51641
656 A	0.09365	0.39170	0.51465
657 T	0.09522	0.39139	0.51339
658 T	0.09528	0.39328	0.51143
659 T	0.09459	0.39515	0.51026
660 A	0.09256	0.39830	0.50913
661 T	0.09166	0.39933	0.50901
662 T	0.08910	0.40201	0.50888
663 A	0.08456	0.40673	0.50871
664 G	0.08116	0.40881	0.51003
665 A	0.07893	0.41055	0.51052
666 A	0.08071	0.40627	0.51302
667 A	0.09005	0.38710	0.52285
668 A	0.11379	0.32746	0.55874
669 A	0.13369	0.25598	0.61032
670 A	0.15482	0.17513	0.67005
671 T	0.16185	0.14630	0.69185
672 A	0.16248	0.15585	0.68167
673 A	0.16346	0.17119	0.66535
674 A	0.16043	0.18813	0.65145
675 T	0.16003	0.18032	0.65965
676 T	0.15500	0.19032	0.65467
677 T	0.15247	0.21091	0.63662
678 A	0.14729	0.23429	0.61842
679 G	0.14447	0.24355	0.61198
680 A	0.14045	0.25700	0.60255
681 T	0.13803	0.26474	0.59723
682 T	0.13386	0.27638	0.58976
683 T	0.12699	0.30451	0.5685
684 A	0.11795	0.36606	0.51599
685 G	0.10683	0.38241	0.51076
686 A	0.09702	0.39758	0.50539
687 A	0.08808	0.40516	0.50676
688 T	0.08476	0.40463	0.51061
689 C	0.07580	0.41145	0.51275
690 A	0.07122	0.41770	0.51107
691 C	0.07110	0.41849	0.51041
692 A	0.07111	0.42224	0.50665
693 A	0.07410	0.42187	0.50403
694 A	0.08275	0.41567	0.50158
695 A	0.10379	0.39569	0.50052
696 A	0.13248	0.36752	0.5
697 T	0.16894	0.32342	0.50764
698 T	0.18005	0.30823	0.51172
699 G	0.18491	0.29727	0.51782
700 T	0.19957	0.28266	0.51778
701 T	0.20487	0.27865	0.51647
702 A	0.19459	0.29401	0.5114
703 A	0.18809	0.30173	0.51017
704 T	0.19233	0.29264	0.51503
705 A	0.18774	0.29443	0.51782
706 G	0.19645	0.28114	0.52241
707 A	0.23364	0.24137	0.52499
708 A	0.23721	0.22633	0.53646
709 A	0.24328	0.20990	0.54682
710 T	0.24702	0.19450	0.55847
711 T	0.24162	0.19606	0.56232
712 C	0.22663	0.20463	0.56874
713 A	0.20002	0.23964	0.56034
714 A	0.18449	0.26341	0.5521
715 A	0.16426	0.29296	0.54278
716 A	0.14384	0.32496	0.5312
717 A	0.12255	0.36000	0.51745
718 G	0.09688	0.39641	0.50671
719 A	0.07560	0.42749	0.49691
720 A	0.06750	0.44596	0.48655
721 G	0.06211	0.46218	0.47571
722 A	0.05802	0.48722	0.45475
723 A	0.05865	0.49432	0.44703
724 A	0.05968	0.49433	0.44599
725 A	0.06376	0.48133	0.45491
726 T	0.06734	0.46549	0.46717
727 G	0.05705	0.47257	0.47038
728 A	0.05659	0.46713	0.47627
729 A	0.05700	0.45915	0.48385
730 G	0.05920	0.44883	0.49197
731 G	0.06005	0.44314	0.49681
732 A	0.06250	0.43704	0.50045
733 A	0.06543	0.42907	0.5055
734 T	0.07001	0.41521	0.51478
735 A	0.07246	0.39980	0.52773
736 G	0.08097	0.36824	0.55079
737 A	0.08903	0.34489	0.56608
738 A	0.09893	0.31341	0.58766
739 A	0.11244	0.27677	0.61078
740 A	0.13087	0.23362	0.63551
741 T	0.15198	0.18375	0.66427
742 G	0.16391	0.14896	0.68713
743 A	0.17657	0.12630	0.69714
744 A	0.19191	0.10013	0.70796
745 T	0.21920	0.06281	0.71799
746 T	0.23045	0.04449	0.72506
747 T	0.23851	0.03040	0.7311
748 T	0.24225	0.02153	0.73621
749 A	0.24402	0.01538	0.74059
750 A	0.24747	0.00000	0.75254
