# lcl|CP097583.1_cds_USQ93405.1_1
# AA	inside	membr	outside
1 A	0.69427	0.00000	0.30573
2 T	0.69145	0.00282	0.30573
3 G	0.68820	0.00607	0.30573
4 C	0.68820	0.01698	0.29482
5 T	0.60907	0.15107	0.23986
6 A	0.60906	0.17881	0.21213
7 G	0.21490	0.58271	0.20239
8 A	0.21488	0.58317	0.20195
9 A	0.17872	0.62092	0.20035
10 A	0.17866	0.72226	0.09907
11 A	0.17313	0.73357	0.0933
12 A	0.12156	0.78624	0.0922
13 C	0.05509	0.85934	0.08557
14 T	0.05507	0.85936	0.08557
15 T	0.05507	0.92603	0.01889
16 A	0.04988	0.93122	0.01889
17 A	0.04241	0.93937	0.01821
18 A	0.04230	0.94040	0.0173
19 A	0.04128	0.94172	0.017
20 T	0.03796	0.94950	0.01254
21 A	0.02931	0.95804	0.01264
22 A	0.02911	0.95802	0.01287
23 T	0.02895	0.95655	0.01449
24 A	0.02862	0.95642	0.01496
25 A	0.02946	0.94605	0.02448
26 A	0.03050	0.93466	0.03485
27 A	0.03965	0.88466	0.07568
28 G	0.08237	0.76029	0.15734
29 A	0.10681	0.72292	0.17027
30 A	0.12095	0.43485	0.4442
31 A	0.12408	0.47162	0.40431
32 A	0.12740	0.46510	0.40751
33 A	0.21878	0.45577	0.32545
34 T	0.22899	0.47315	0.29786
35 A	0.23795	0.43806	0.32399
36 T	0.25097	0.37002	0.37901
37 T	0.25518	0.36305	0.38177
38 T	0.28728	0.32951	0.38321
39 A	0.26841	0.35419	0.37741
40 C	0.26362	0.35265	0.38373
41 T	0.25740	0.37545	0.36715
42 G	0.25088	0.39247	0.35665
43 T	0.25223	0.39651	0.35125
44 T	0.23728	0.45692	0.30579
45 A	0.20865	0.51114	0.28021
46 C	0.20206	0.52520	0.27274
47 A	0.19361	0.55545	0.25094
48 A	0.15949	0.60454	0.23598
49 A	0.13270	0.68484	0.18246
50 A	0.11786	0.71152	0.17062
51 A	0.11276	0.72401	0.16322
52 G	0.10769	0.73398	0.15832
53 A	0.11030	0.73702	0.15268
54 A	0.16624	0.68660	0.14716
55 A	0.20500	0.64777	0.14724
56 T	0.29256	0.55623	0.15121
57 G	0.31470	0.53218	0.15312
58 T	0.32280	0.53264	0.14456
59 T	0.30992	0.56188	0.12821
60 G	0.22114	0.68882	0.09005
61 A	0.18354	0.73105	0.08542
62 A	0.16003	0.74253	0.09744
63 A	0.15277	0.74282	0.10441
64 G	0.16782	0.71464	0.11754
65 C	0.18330	0.68564	0.13105
66 T	0.19567	0.67045	0.13388
67 G	0.22624	0.63303	0.14073
68 T	0.24440	0.60682	0.14878
69 A	0.24597	0.60876	0.14527
70 A	0.25637	0.59899	0.14464
71 A	0.26641	0.56240	0.17118
72 T	0.31072	0.49778	0.1915
73 A	0.31207	0.48558	0.20235
74 A	0.31471	0.48025	0.20504
75 T	0.31828	0.46790	0.21381
76 A	0.29737	0.49258	0.21004
77 T	0.29151	0.49806	0.21043
78 A	0.25967	0.53541	0.20492
79 G	0.24952	0.54732	0.20317
80 A	0.24697	0.56101	0.19202
81 A	0.25782	0.54839	0.19379
82 A	0.27631	0.51395	0.20974
83 T	0.31514	0.39477	0.29009
84 T	0.31555	0.36556	0.31888
85 T	0.30688	0.36924	0.32388
86 T	0.28849	0.40745	0.30406
87 A	0.23568	0.50808	0.25624
88 A	0.19317	0.58740	0.21944
89 A	0.14484	0.66660	0.18856
90 A	0.11223	0.72698	0.16079
91 G	0.09622	0.75965	0.14413
92 A	0.08912	0.80664	0.10425
93 A	0.08747	0.83180	0.08073
94 A	0.09189	0.83735	0.07076
95 T	0.09935	0.82925	0.0714
96 A	0.10212	0.82326	0.07462
97 A	0.10800	0.81502	0.07699
98 A	0.11449	0.79850	0.087
99 T	0.13267	0.75479	0.11253
100 G	0.13754	0.73652	0.12594
101 A	0.14764	0.70292	0.14944
102 A	0.15581	0.68627	0.15792
103 T	0.17424	0.66268	0.16309
104 T	0.18056	0.65526	0.16419
105 A	0.17819	0.65894	0.16287
106 A	0.17696	0.65872	0.16433
107 A	0.18198	0.64428	0.17375
108 T	0.20234	0.61224	0.18541
109 A	0.21764	0.58890	0.19345
110 A	0.25755	0.52320	0.21926
111 A	0.29279	0.45385	0.25336
112 A	0.33068	0.37563	0.2937
113 T	0.37791	0.29626	0.32584
114 T	0.40681	0.25203	0.34116
115 G	0.44007	0.20804	0.35189
116 T	0.46598	0.17641	0.35762
117 T	0.47418	0.16440	0.36142
118 T	0.47478	0.16242	0.3628
119 C	0.47054	0.16539	0.36407
120 T	0.46978	0.16762	0.36261
121 A	0.46075	0.17850	0.36075
122 T	0.45512	0.18486	0.36003
123 T	0.44702	0.19392	0.35907
124 T	0.43578	0.20864	0.35558
125 A	0.41883	0.22865	0.35251
126 T	0.40680	0.24262	0.35057
127 G	0.38228	0.26916	0.34856
128 A	0.37018	0.27914	0.35069
129 T	0.36911	0.27679	0.35411
130 G	0.36113	0.28288	0.35599
131 A	0.36212	0.28787	0.35001
132 A	0.37484	0.26921	0.35595
133 T	0.39211	0.24616	0.36173
134 A	0.39398	0.23980	0.36622
135 T	0.39881	0.22986	0.37133
136 C	0.39930	0.22842	0.37228
137 T	0.40189	0.22779	0.37032
138 T	0.40258	0.23023	0.36719
139 A	0.40155	0.23957	0.35888
140 T	0.40241	0.24460	0.35299
141 T	0.39709	0.26161	0.3413
142 T	0.38414	0.27947	0.3364
143 T	0.36179	0.30356	0.33465
144 A	0.29552	0.37474	0.32975
145 G	0.26761	0.40291	0.32948
146 A	0.24287	0.44681	0.31033
147 A	0.21286	0.51760	0.26954
148 A	0.19977	0.58736	0.21287
149 A	0.18797	0.66460	0.14743
150 A	0.15000	0.71701	0.13298
151 G	0.12398	0.74790	0.12812
152 A	0.09550	0.80769	0.09681
153 A	0.07940	0.85408	0.06652
154 A	0.07518	0.87461	0.05022
155 A	0.06878	0.88838	0.04284
156 A	0.06426	0.89648	0.03927
157 A	0.06319	0.89833	0.03848
158 A	0.06318	0.89723	0.03959
159 T	0.06526	0.89305	0.04169
160 G	0.06658	0.89352	0.0399
161 A	0.07093	0.89423	0.03484
162 A	0.07896	0.89056	0.03048
163 A	0.08883	0.87812	0.03305
164 T	0.10680	0.84531	0.04789
165 T	0.11545	0.81882	0.06573
166 A	0.11199	0.80677	0.08124
167 C	0.12109	0.74599	0.13292
168 A	0.12972	0.72767	0.14261
169 A	0.15432	0.68354	0.16214
170 A	0.20636	0.60299	0.19065
171 A	0.28791	0.50707	0.20502
172 T	0.38956	0.39038	0.22005
173 T	0.43090	0.29923	0.26986
174 A	0.44249	0.25481	0.3027
175 A	0.46792	0.19151	0.34057
176 T	0.50103	0.13693	0.36204
177 T	0.51343	0.11309	0.37348
178 T	0.51417	0.10369	0.38214
179 C	0.50350	0.11140	0.3851
180 T	0.49511	0.13238	0.37251
181 A	0.44774	0.22491	0.32735
182 A	0.38976	0.31596	0.29428
183 A	0.31267	0.45128	0.23605
184 A	0.25235	0.59315	0.1545
185 A	0.24034	0.63114	0.12851
186 T	0.23593	0.65483	0.10923
187 A	0.21348	0.71314	0.07337
188 A	0.19087	0.75439	0.05475
189 T	0.17854	0.76871	0.05275
190 A	0.14258	0.81412	0.04329
191 T	0.11506	0.84760	0.03735
192 A	0.06520	0.91655	0.01826
193 A	0.04569	0.94236	0.01195
194 A	0.03441	0.95615	0.00944
195 A	0.02391	0.96884	0.00725
196 A	0.01835	0.97485	0.0068
197 A	0.01680	0.97612	0.00709
198 A	0.01623	0.97575	0.00802
199 G	0.01633	0.97325	0.01042
200 A	0.01682	0.97000	0.01318
201 A	0.01879	0.95959	0.02162
202 G	0.02338	0.94073	0.0359
203 A	0.03596	0.91729	0.04675
204 A	0.07134	0.84466	0.084
205 A	0.10108	0.76146	0.13746
206 A	0.16977	0.61498	0.21526
207 T	0.27082	0.44565	0.28353
208 G	0.29918	0.39442	0.3064
209 A	0.32006	0.36136	0.31859
210 A	0.35185	0.30460	0.34356
211 T	0.37747	0.24577	0.37676
212 T	0.38762	0.21004	0.40234
213 T	0.39625	0.16378	0.43998
214 A	0.40276	0.12865	0.46858
215 T	0.42155	0.06898	0.50947
216 T	0.42618	0.05112	0.5227
217 G	0.42694	0.04601	0.52705
218 T	0.42580	0.06058	0.51362
219 T	0.42230	0.10759	0.47012
220 T	0.41867	0.18847	0.39285
221 T	0.41084	0.24202	0.34714
222 A	0.39326	0.28126	0.32548
223 T	0.38377	0.30351	0.31271
224 T	0.36495	0.34603	0.28902
225 T	0.33779	0.40146	0.26075
226 A	0.21894	0.57770	0.20336
227 A	0.12064	0.74373	0.13562
228 A	0.08235	0.84070	0.07695
229 G	0.05879	0.89794	0.04327
230 A	0.04477	0.92743	0.0278
231 A	0.03160	0.94253	0.02588
232 G	0.02413	0.95174	0.02412
233 A	0.02231	0.95548	0.02221
234 A	0.02106	0.95963	0.01931
235 C	0.02055	0.96097	0.01848
236 A	0.01972	0.96440	0.01588
237 A	0.01843	0.96811	0.01346
238 A	0.02030	0.96722	0.01248
239 A	0.02599	0.96186	0.01215
240 A	0.03564	0.95221	0.01215
241 A	0.06579	0.91753	0.01667
242 A	0.12536	0.85008	0.02456
243 T	0.21579	0.74963	0.03457
244 T	0.25559	0.69393	0.05048
245 T	0.26500	0.66775	0.06725
246 A	0.26302	0.66504	0.07195
247 G	0.26999	0.64703	0.08298
248 A	0.28268	0.62558	0.09174
249 A	0.32810	0.47673	0.19517
250 A	0.39524	0.31771	0.28705
251 T	0.46209	0.21744	0.32047
252 T	0.48910	0.18279	0.32812
253 A	0.48561	0.20380	0.31059
254 A	0.47058	0.23134	0.29808
255 A	0.45959	0.25126	0.28914
256 A	0.45657	0.25334	0.29009
257 T	0.45364	0.25504	0.29132
258 A	0.43777	0.27180	0.29043
259 A	0.41992	0.28807	0.29202
260 C	0.39180	0.31192	0.29628
261 A	0.29003	0.42584	0.28413
262 G	0.19259	0.53772	0.26969
263 A	0.09794	0.75064	0.15142
264 A	0.06426	0.88415	0.05159
265 A	0.05739	0.91083	0.03178
266 A	0.05131	0.92565	0.02304
267 A	0.05041	0.92949	0.0201
268 T	0.05671	0.92137	0.02192
269 T	0.05433	0.92328	0.02239
270 A	0.04603	0.92774	0.02623
271 A	0.04246	0.92714	0.0304
272 A	0.04022	0.92319	0.03659
273 T	0.04487	0.91292	0.04221
274 C	0.04465	0.90972	0.04563
275 A	0.05016	0.90302	0.04683
276 A	0.06553	0.88330	0.05118
277 T	0.08347	0.85852	0.05802
278 T	0.09546	0.84282	0.06172
279 A	0.09068	0.84718	0.06213
280 A	0.08687	0.84509	0.06803
281 A	0.08355	0.83515	0.0813
282 A	0.07971	0.82126	0.09903
283 A	0.07837	0.79229	0.12934
284 A	0.08801	0.68027	0.23172
285 A	0.10433	0.57456	0.32111
286 A	0.23443	0.35626	0.40931
287 T	0.34807	0.20192	0.45001
288 A	0.36503	0.17466	0.46031
289 T	0.37379	0.14910	0.47711
290 T	0.37569	0.14110	0.48322
291 A	0.37554	0.13962	0.48483
292 T	0.37922	0.13019	0.49059
293 T	0.37930	0.12652	0.49418
294 A	0.37814	0.13337	0.48849
295 T	0.37637	0.14937	0.47426
296 T	0.36787	0.18655	0.44558
297 T	0.33809	0.26509	0.39682
298 A	0.15053	0.58962	0.25985
299 A	0.09658	0.73466	0.16876
300 A	0.08449	0.82320	0.09231
301 A	0.08021	0.86669	0.05309
302 A	0.07986	0.87478	0.04536
303 A	0.08098	0.88192	0.0371
304 A	0.07995	0.88570	0.03435
305 A	0.08155	0.88260	0.03586
306 A	0.07416	0.88976	0.03609
307 G	0.07368	0.88961	0.03672
308 A	0.07798	0.88747	0.03455
309 T	0.08374	0.88413	0.03214
310 A	0.08535	0.88781	0.02684
311 A	0.08856	0.88446	0.02698
312 T	0.09236	0.88105	0.02659
313 A	0.09141	0.88207	0.02652
314 A	0.09185	0.88083	0.02732
315 C	0.09340	0.87732	0.02928
316 A	0.09604	0.87533	0.02862
317 A	0.10628	0.86226	0.03146
318 A	0.13300	0.82959	0.03741
319 A	0.17115	0.77987	0.04898
320 G	0.23112	0.69033	0.07854
321 C	0.36791	0.36798	0.26411
322 G	0.45192	0.23613	0.31195
323 C	0.52479	0.15335	0.32187
324 T	0.56605	0.12641	0.30755
325 A	0.57685	0.13805	0.28511
326 T	0.58976	0.12487	0.28537
327 T	0.59394	0.11614	0.28993
328 A	0.59312	0.11535	0.29153
329 T	0.59306	0.10225	0.30469
330 C	0.57945	0.12289	0.29767
331 G	0.57286	0.14742	0.27972
332 A	0.56606	0.17475	0.2592
333 A	0.55907	0.21033	0.2306
334 A	0.55062	0.24263	0.20676
335 T	0.55016	0.32626	0.12358
336 T	0.54841	0.35599	0.09559
337 A	0.54352	0.36336	0.09312
338 A	0.53916	0.37235	0.08849
339 A	0.53709	0.37492	0.08799
340 G	0.53344	0.37761	0.08894
341 C	0.52773	0.38234	0.08994
342 A	0.52051	0.39217	0.08731
343 G	0.51508	0.39784	0.08708
344 C	0.51494	0.39809	0.08697
345 A	0.51499	0.39910	0.08591
346 G	0.51590	0.39842	0.08568
347 C	0.52961	0.38413	0.08626
348 T	0.54691	0.36749	0.0856
349 G	0.54631	0.36870	0.08499
350 G	0.54484	0.36855	0.08662
351 A	0.54299	0.36877	0.08824
352 G	0.54302	0.36577	0.09121
353 G	0.55293	0.34038	0.10669
354 A	0.56960	0.31680	0.1136
355 A	0.59318	0.28552	0.1213
356 A	0.62196	0.24556	0.13248
357 C	0.64996	0.20789	0.14214
358 G	0.71698	0.14035	0.14266
359 A	0.74592	0.11055	0.14353
360 A	0.75198	0.10143	0.1466
361 T	0.76104	0.08830	0.15066
362 C	0.76320	0.08401	0.15279
363 A	0.76486	0.07872	0.15641
364 A	0.76610	0.07170	0.1622
365 A	0.77082	0.05948	0.1697
366 T	0.77318	0.05028	0.17655
367 C	0.77439	0.04672	0.17889
368 T	0.77626	0.04243	0.1813
369 G	0.77692	0.04079	0.18228
370 T	0.77791	0.03978	0.18231
371 T	0.77857	0.03907	0.18236
372 T	0.77892	0.03817	0.18292
373 G	0.77874	0.03501	0.18625
374 T	0.77959	0.03067	0.18974
375 G	0.77815	0.02994	0.19191
376 G	0.77720	0.02889	0.1939
377 C	0.77773	0.02664	0.19563
378 T	0.77905	0.02583	0.19513
379 G	0.77943	0.02639	0.19419
380 A	0.78078	0.02723	0.19199
381 T	0.78232	0.02597	0.19171
382 T	0.78281	0.02650	0.19069
383 T	0.78265	0.02662	0.19073
384 A	0.78201	0.02688	0.19111
385 T	0.78229	0.02526	0.19246
386 T	0.78204	0.02451	0.19345
387 T	0.78131	0.02454	0.19416
388 C	0.78016	0.02531	0.19454
389 G	0.77967	0.02582	0.19451
390 T	0.77859	0.02692	0.19448
391 G	0.77647	0.02924	0.19428
392 C	0.77615	0.02961	0.19424
393 T	0.77602	0.03026	0.19372
394 T	0.77524	0.03170	0.19306
395 A	0.77257	0.03524	0.19218
396 T	0.77036	0.03781	0.19183
397 G	0.76318	0.04685	0.18996
398 T	0.75755	0.05336	0.1891
399 T	0.75022	0.06281	0.18696
400 A	0.72820	0.09008	0.18172
401 A	0.71941	0.10348	0.17711
402 A	0.70318	0.12315	0.17366
403 T	0.69907	0.12753	0.17341
404 A	0.69043	0.13813	0.17144
405 T	0.68142	0.14805	0.17052
406 G	0.65745	0.17224	0.17031
407 C	0.62286	0.20785	0.16929
408 T	0.59496	0.24390	0.16114
409 G	0.53356	0.32313	0.14331
410 A	0.50755	0.36237	0.13009
411 A	0.49065	0.39298	0.11637
412 A	0.47737	0.41304	0.10959
413 G	0.47361	0.41883	0.10756
414 T	0.47262	0.42267	0.10471
415 A	0.47012	0.42947	0.1004
416 A	0.46959	0.43135	0.09907
417 A	0.46961	0.43185	0.09854
418 A	0.46914	0.43181	0.09905
419 A	0.46818	0.43014	0.10168
420 A	0.46944	0.41945	0.11111
421 T	0.47166	0.40845	0.1199
422 G	0.47100	0.40103	0.12796
423 G	0.47410	0.38154	0.14436
424 A	0.47765	0.37068	0.15168
425 G	0.48089	0.35033	0.16878
426 A	0.48167	0.34549	0.17284
427 A	0.48441	0.33672	0.17887
428 T	0.48822	0.32050	0.19128
429 A	0.48938	0.29515	0.21547
430 G	0.49204	0.24901	0.25896
431 A	0.50038	0.21312	0.2865
432 T	0.52106	0.13883	0.3401
433 G	0.53307	0.10475	0.36219
434 T	0.54843	0.07426	0.37731
435 C	0.55446	0.05535	0.3902
436 C	0.55765	0.05154	0.39081
437 T	0.56150	0.05372	0.38478
438 T	0.56178	0.06149	0.37673
439 A	0.55767	0.08707	0.35526
440 A	0.55539	0.09832	0.34628
441 T	0.55485	0.11003	0.33512
442 T	0.55142	0.12921	0.31938
443 T	0.53651	0.17503	0.28847
444 A	0.49900	0.28101	0.21999
445 G	0.48213	0.32516	0.19271
446 T	0.47314	0.36717	0.15969
447 A	0.45744	0.40179	0.14077
448 A	0.45333	0.41496	0.13171
449 A	0.45419	0.41717	0.12864
450 T	0.45600	0.41591	0.12809
451 A	0.45582	0.41613	0.12805
452 G	0.45761	0.41369	0.1287
453 T	0.45976	0.41127	0.12896
454 G	0.45972	0.41122	0.12906
455 C	0.45972	0.41119	0.12908
456 T	0.45954	0.41189	0.12857
457 A	0.45842	0.41430	0.12728
458 A	0.45799	0.41588	0.12614
459 A	0.45971	0.41558	0.12471
460 A	0.46590	0.40973	0.12436
461 A	0.47499	0.39609	0.12892
462 T	0.49863	0.36521	0.13616
463 G	0.50813	0.34943	0.14244
464 G	0.52246	0.32854	0.149
465 A	0.54489	0.30083	0.15428
466 A	0.58651	0.24220	0.17129
467 T	0.66782	0.12671	0.20547
468 T	0.70255	0.07619	0.22126
469 T	0.72313	0.04566	0.23122
470 C	0.72897	0.02670	0.24433
471 T	0.73276	0.02028	0.24696
472 T	0.73387	0.01843	0.2477
473 C	0.73344	0.01887	0.24769
474 T	0.73295	0.02136	0.24569
475 G	0.72547	0.04393	0.2306
476 T	0.72099	0.06837	0.21064
477 T	0.70307	0.10166	0.19527
478 G	0.65139	0.17054	0.17807
479 A	0.60831	0.22626	0.16544
480 A	0.58921	0.25466	0.15613
481 A	0.58230	0.27172	0.14599
482 T	0.58146	0.27465	0.14389
483 G	0.57903	0.27967	0.1413
484 A	0.57730	0.28960	0.1331
485 T	0.57668	0.29183	0.13149
486 T	0.57531	0.29485	0.12984
487 A	0.57383	0.29832	0.12785
488 T	0.57361	0.29853	0.12786
489 T	0.57280	0.29938	0.12782
490 T	0.57173	0.30046	0.12781
491 A	0.57017	0.30196	0.12788
492 C	0.56834	0.30354	0.12811
493 G	0.56744	0.30433	0.12823
494 G	0.56720	0.30445	0.12835
495 A	0.56730	0.30412	0.12858
496 G	0.56859	0.30184	0.12957
497 A	0.57272	0.29692	0.13036
498 T	0.59743	0.26115	0.14143
499 A	0.61872	0.23290	0.14837
500 A	0.63448	0.19728	0.16825
501 T	0.65024	0.13215	0.21761
502 G	0.65849	0.08309	0.25842
503 T	0.66721	0.05577	0.27702
504 T	0.67564	0.04046	0.2839
505 T	0.67826	0.03544	0.2863
506 A	0.68103	0.03071	0.28827
507 T	0.68966	0.01941	0.29093
508 T	0.69103	0.01650	0.29247
509 C	0.69181	0.01512	0.29307
510 T	0.69182	0.03243	0.27575
511 T	0.69089	0.04040	0.26871
512 T	0.68907	0.04981	0.26113
513 T	0.68454	0.06144	0.25402
514 T	0.67757	0.08341	0.23902
515 T	0.66612	0.11978	0.21411
516 T	0.64701	0.17631	0.17668
517 A	0.60656	0.24583	0.14761
518 A	0.45208	0.41742	0.1305
519 A	0.39067	0.48973	0.11961
520 A	0.35548	0.53293	0.11159
521 A	0.33770	0.55354	0.10876
522 T	0.33422	0.55813	0.10766
523 G	0.32663	0.56594	0.10743
524 A	0.32402	0.56883	0.10715
525 A	0.32276	0.57026	0.10699
526 T	0.32231	0.57088	0.10681
527 C	0.31455	0.57917	0.10628
528 A	0.30441	0.59159	0.104
529 G	0.30066	0.59617	0.10317
530 G	0.29922	0.59825	0.10252
531 A	0.29921	0.59823	0.10256
532 A	0.30310	0.59409	0.10281
533 T	0.32913	0.56461	0.10627
534 A	0.33857	0.55216	0.10928
535 C	0.34810	0.53526	0.11664
536 A	0.35458	0.52092	0.12449
537 T	0.36906	0.49535	0.13559
538 A	0.38628	0.46974	0.14398
539 G	0.42110	0.42312	0.15578
540 A	0.44575	0.37701	0.17723
541 G	0.46171	0.18878	0.34951
542 T	0.47073	0.11917	0.41011
543 T	0.45628	0.10304	0.44068
544 C	0.40348	0.15851	0.43802
545 A	0.31967	0.31379	0.36654
546 A	0.28811	0.38222	0.32967
547 A	0.27328	0.42382	0.30291
548 G	0.26770	0.43688	0.29543
549 A	0.26627	0.44010	0.29363
550 G	0.26684	0.43060	0.30257
551 T	0.26856	0.41836	0.31308
552 T	0.26666	0.41726	0.31607
553 C	0.26326	0.42364	0.3131
554 C	0.25941	0.44513	0.29546
555 T	0.25505	0.56844	0.17651
556 G	0.25009	0.58540	0.1645
557 A	0.24698	0.59490	0.15812
558 A	0.24587	0.59879	0.15535
559 A	0.24506	0.60141	0.15354
560 C	0.24481	0.59983	0.15536
561 A	0.24527	0.60168	0.15306
562 G	0.24628	0.60239	0.15133
563 A	0.24682	0.60643	0.14675
564 A	0.24855	0.60369	0.14775
565 A	0.25308	0.59743	0.14949
566 A	0.25829	0.56108	0.18063
567 A	0.27341	0.48656	0.24004
568 C	0.33822	0.33680	0.32499
569 G	0.37569	0.28117	0.34314
570 T	0.40266	0.26978	0.32756
571 G	0.40634	0.30607	0.2876
572 G	0.40579	0.33118	0.26303
573 A	0.39899	0.36576	0.23525
574 A	0.37421	0.40615	0.21964
575 G	0.36878	0.43423	0.19699
576 A	0.36212	0.45741	0.18047
577 A	0.38337	0.45281	0.16382
578 T	0.48676	0.35070	0.16254
579 T	0.48711	0.35126	0.16163
580 C	0.46982	0.36729	0.16288
581 A	0.45130	0.39028	0.15843
582 T	0.44459	0.40305	0.15237
583 A	0.43833	0.40966	0.15202
584 C	0.43087	0.41730	0.15182
585 A	0.43169	0.41754	0.15077
586 T	0.43565	0.41311	0.15125
587 C	0.43483	0.41384	0.15132
588 T	0.43449	0.41455	0.15095
589 A	0.43280	0.41656	0.15064
590 C	0.43317	0.41600	0.15082
591 G	0.43485	0.41458	0.15057
592 A	0.44338	0.40639	0.15023
593 T	0.48131	0.36752	0.15117
594 T	0.52395	0.32296	0.15309
595 A	0.53903	0.30662	0.15434
596 A	0.55791	0.27970	0.16238
597 A	0.57350	0.23644	0.19005
598 A	0.59770	0.19500	0.2073
599 T	0.62149	0.14687	0.23164
600 T	0.64180	0.11719	0.241
601 T	0.64899	0.10671	0.24431
602 T	0.64971	0.09713	0.25315
603 A	0.64441	0.08909	0.26651
604 G	0.64224	0.07079	0.28696
605 T	0.64413	0.06242	0.29345
606 G	0.63602	0.06564	0.29835
607 T	0.63112	0.06434	0.30455
608 C	0.62059	0.07350	0.30591
609 T	0.60779	0.09119	0.30103
610 C	0.58674	0.11773	0.29553
611 T	0.56755	0.17247	0.25999
612 T	0.52749	0.24618	0.22632
613 A	0.43726	0.38551	0.17723
614 A	0.39334	0.44555	0.1611
615 T	0.36812	0.47803	0.15384
616 G	0.32565	0.52839	0.14596
617 A	0.27413	0.58666	0.13921
618 A	0.22931	0.63539	0.1353
619 G	0.19495	0.67363	0.13143
620 A	0.17874	0.69376	0.1275
621 A	0.17053	0.70478	0.1247
622 G	0.16646	0.71168	0.12186
623 A	0.16478	0.71819	0.11702
624 A	0.16410	0.72155	0.11435
625 A	0.16356	0.72375	0.11269
626 A	0.16455	0.71969	0.11576
627 A	0.16420	0.71805	0.11775
628 A	0.16490	0.71579	0.1193
629 A	0.16620	0.70657	0.12723
630 A	0.16853	0.69452	0.13695
631 A	0.17517	0.67181	0.15302
632 T	0.18856	0.63776	0.17368
633 A	0.19841	0.60523	0.19635
634 G	0.23336	0.54209	0.22455
635 A	0.26553	0.46625	0.26822
636 T	0.31133	0.32914	0.35952
637 T	0.32462	0.27760	0.39778
638 T	0.32906	0.26245	0.4085
639 A	0.33134	0.26437	0.40429
640 A	0.33192	0.25803	0.41005
641 A	0.33356	0.22712	0.43932
642 T	0.33653	0.20483	0.45863
643 T	0.33925	0.21069	0.45006
644 G	0.33925	0.24776	0.41299
645 G	0.34066	0.28587	0.37347
646 A	0.34409	0.31450	0.3414
647 A	0.34637	0.32310	0.33054
648 T	0.34735	0.32811	0.32454
649 G	0.34572	0.34199	0.3123
650 A	0.34698	0.35504	0.29798
651 T	0.34901	0.35776	0.29323
652 A	0.34861	0.36338	0.28801
653 T	0.34864	0.36668	0.28468
654 T	0.34649	0.37426	0.27925
655 A	0.34361	0.39134	0.26505
656 G	0.34209	0.39770	0.26021
657 A	0.33963	0.40439	0.25599
658 G	0.34071	0.40630	0.25299
659 T	0.34738	0.40146	0.25116
660 A	0.35353	0.39711	0.24937
661 G	0.36590	0.38326	0.25084
662 A	0.39342	0.35449	0.2521
663 T	0.43325	0.31143	0.25533
664 A	0.44824	0.29475	0.25701
665 C	0.47284	0.26686	0.2603
666 A	0.50379	0.23757	0.25864
667 T	0.55647	0.18556	0.25797
668 T	0.58781	0.15784	0.25434
669 T	0.61040	0.13994	0.24967
670 A	0.61453	0.13734	0.24813
671 A	0.61866	0.13034	0.251
672 T	0.62962	0.11549	0.25489
673 T	0.63972	0.10478	0.2555
674 C	0.63769	0.10745	0.25486
675 A	0.63958	0.11060	0.24982
676 A	0.64250	0.11017	0.24733
677 G	0.64711	0.10714	0.24576
678 T	0.65770	0.09556	0.24674
679 G	0.65150	0.10084	0.24765
680 G	0.65037	0.09828	0.25134
681 T	0.64960	0.09785	0.25255
682 C	0.64634	0.10113	0.25254
683 C	0.64181	0.10791	0.25028
684 A	0.63522	0.12312	0.24166
685 G	0.63346	0.13586	0.23068
686 G	0.63233	0.14472	0.22295
687 A	0.62981	0.14992	0.22026
688 G	0.62743	0.15462	0.21796
689 G	0.62845	0.15684	0.21471
690 A	0.62644	0.16073	0.21283
691 C	0.62992	0.15643	0.21364
692 A	0.63286	0.15512	0.21203
693 A	0.63433	0.15427	0.21139
694 T	0.63691	0.15135	0.21173
695 C	0.63718	0.15168	0.21115
696 A	0.63671	0.16085	0.20245
697 G	0.63753	0.15925	0.20323
698 T	0.64213	0.15628	0.20158
699 A	0.64255	0.16021	0.19723
700 A	0.64434	0.15971	0.19595
701 A	0.64494	0.15498	0.20008
702 T	0.64536	0.14291	0.21174
703 A	0.64502	0.13649	0.2185
704 C	0.64566	0.12992	0.22441
705 A	0.64658	0.12686	0.22656
706 A	0.64973	0.12073	0.22955
707 C	0.65742	0.10889	0.23368
708 T	0.66824	0.09847	0.23329
709 A	0.67277	0.09367	0.23355
710 A	0.67532	0.08777	0.23691
711 A	0.67776	0.08182	0.24043
712 T	0.68206	0.07474	0.2432
713 C	0.68358	0.06608	0.25034
714 A	0.68446	0.06349	0.25205
715 G	0.68774	0.05771	0.25455
716 C	0.69260	0.05118	0.25622
717 T	0.69618	0.04717	0.25665
718 G	0.69899	0.04386	0.25715
719 T	0.70858	0.03271	0.25871
720 T	0.71237	0.02777	0.25986
721 C	0.71448	0.02510	0.26042
722 G	0.71756	0.02020	0.26224
723 T	0.71952	0.01703	0.26345
724 T	0.71923	0.01650	0.26426
725 T	0.71766	0.01754	0.26479
726 G	0.71143	0.02318	0.26539
727 A	0.70695	0.02682	0.26623
728 C	0.70611	0.02673	0.26717
729 T	0.70648	0.02634	0.26718
730 T	0.70565	0.02729	0.26706
731 A	0.70357	0.02970	0.26673
732 T	0.70234	0.03083	0.26683
733 T	0.70084	0.03221	0.26694
734 T	0.69954	0.03308	0.26738
735 A	0.69735	0.03505	0.2676
736 C	0.69654	0.03528	0.26817
737 C	0.69595	0.03571	0.26835
738 T	0.69531	0.03636	0.26833
739 A	0.68943	0.04231	0.26826
740 C	0.68710	0.04476	0.26815
741 T	0.68311	0.04907	0.26781
742 G	0.67429	0.05819	0.26752
743 G	0.65302	0.07964	0.26733
744 T	0.64438	0.08829	0.26733
745 G	0.63925	0.09340	0.26735
746 A	0.63612	0.09591	0.26797
747 T	0.63342	0.09700	0.26958
748 A	0.62756	0.10122	0.27123
749 G	0.62202	0.10073	0.27725
750 T	0.61810	0.10150	0.28041
751 G	0.61540	0.10284	0.28176
752 T	0.61449	0.10252	0.28299
753 G	0.61293	0.10229	0.28478
754 G	0.61207	0.10009	0.28783
755 C	0.61174	0.09803	0.29023
756 C	0.61150	0.09727	0.29123
757 T	0.61133	0.09784	0.29084
758 G	0.61030	0.09926	0.29044
759 T	0.60999	0.10029	0.28972
760 C	0.60928	0.10218	0.28854
761 A	0.60859	0.10880	0.28262
762 A	0.60817	0.10851	0.28332
763 A	0.60819	0.11394	0.27787
764 T	0.60803	0.11285	0.27912
765 A	0.60608	0.11202	0.28191
766 T	0.60413	0.09337	0.30251
767 T	0.59599	0.10721	0.2968
768 T	0.58341	0.14575	0.27084
769 A	0.53186	0.24150	0.22664
770 A	0.52015	0.27945	0.2004
771 A	0.51106	0.29013	0.19881
772 A	0.50033	0.30204	0.19763
773 G	0.49063	0.31518	0.19418
774 T	0.48742	0.33099	0.18159
775 C	0.47563	0.37424	0.15012
776 A	0.46847	0.43009	0.10144
777 A	0.46546	0.43673	0.0978
778 T	0.46422	0.43984	0.09594
779 A	0.46201	0.44319	0.0948
780 T	0.46046	0.44544	0.09409
781 C	0.45391	0.45185	0.09424
782 A	0.44727	0.46180	0.09092
783 A	0.44502	0.46643	0.08856
784 A	0.44655	0.46583	0.08762
785 A	0.44547	0.46777	0.08676
786 T	0.44931	0.46416	0.08653
787 A	0.44288	0.46926	0.08787
788 A	0.43105	0.47710	0.09185
789 A	0.42183	0.47933	0.09884
790 G	0.42365	0.46476	0.11159
791 A	0.43606	0.43867	0.12526
792 C	0.45075	0.37969	0.16957
793 A	0.45238	0.37205	0.17557
794 A	0.45112	0.36645	0.18242
795 A	0.45601	0.35247	0.19152
796 G	0.46975	0.32946	0.20079
797 C	0.48254	0.31514	0.20232
798 T	0.51271	0.27577	0.21152
799 T	0.53679	0.24757	0.21564
800 T	0.52291	0.26026	0.21683
801 T	0.49323	0.28903	0.21774
802 C	0.42048	0.36098	0.21854
803 A	0.36942	0.41110	0.21948
804 A	0.33781	0.43898	0.22321
805 C	0.32325	0.44920	0.22755
806 T	0.31633	0.46679	0.21687
807 A	0.27758	0.51369	0.20873
808 T	0.24883	0.54927	0.2019
809 T	0.21363	0.60110	0.18527
810 A	0.15212	0.67671	0.17116
811 A	0.12036	0.70591	0.17372
812 A	0.10768	0.71116	0.18116
813 A	0.09882	0.71128	0.1899
814 A	0.09534	0.70165	0.203
815 A	0.09398	0.67723	0.22879
816 T	0.09464	0.65774	0.24762
817 A	0.09466	0.65163	0.2537
818 A	0.09600	0.64532	0.25869
819 A	0.09882	0.63544	0.26574
820 A	0.10224	0.61561	0.28215
821 T	0.10601	0.59176	0.30224
822 T	0.10881	0.57493	0.31625
823 T	0.11033	0.56523	0.32444
824 A	0.11073	0.57349	0.31578
825 T	0.11159	0.53346	0.35495
826 A	0.11230	0.53418	0.35352
827 A	0.11431	0.53098	0.35471
828 T	0.11918	0.52279	0.35803
829 A	0.13033	0.53295	0.33672
830 A	0.13935	0.50140	0.35925
831 G	0.15316	0.46101	0.38584
832 T	0.17521	0.43221	0.39259
833 T	0.19144	0.43394	0.37462
834 A	0.19901	0.50678	0.29421
835 A	0.20553	0.50797	0.28649
836 T	0.21043	0.51522	0.27435
837 A	0.20744	0.54650	0.24606
838 T	0.20542	0.57019	0.22439
839 C	0.18960	0.64045	0.16995
840 A	0.17843	0.69055	0.13103
841 A	0.16409	0.74146	0.09446
842 A	0.15585	0.76831	0.07585
843 A	0.15210	0.77418	0.07373
844 C	0.14477	0.78281	0.07242
845 A	0.14684	0.78326	0.0699
846 A	0.15934	0.77101	0.06964
847 C	0.19201	0.73842	0.06957
848 A	0.20626	0.72531	0.06844
849 A	0.23005	0.70170	0.06825
850 C	0.24510	0.68656	0.06834
851 A	0.24279	0.69066	0.06656
852 A	0.25553	0.67814	0.06633
853 C	0.24384	0.68975	0.0664
854 A	0.23207	0.70210	0.06582
855 A	0.22463	0.70979	0.06557
856 C	0.24796	0.68575	0.06628
857 A	0.29303	0.64040	0.06656
858 A	0.26000	0.67305	0.06695
859 A	0.25250	0.67641	0.07109
860 A	0.26793	0.65514	0.07693
861 C	0.28150	0.63517	0.08333
862 G	0.32399	0.57649	0.09952
863 A	0.35551	0.53500	0.10949
864 T	0.38853	0.48871	0.12276
865 A	0.38969	0.48199	0.12832
866 T	0.38519	0.48468	0.13013
867 T	0.36627	0.49563	0.1381
868 A	0.31352	0.55416	0.13233
869 A	0.28439	0.58255	0.13306
870 A	0.27180	0.59365	0.13455
871 A	0.26279	0.59799	0.13921
872 A	0.25851	0.59417	0.14732
873 A	0.25985	0.57937	0.16078
874 A	0.26287	0.55324	0.18388
875 A	0.26406	0.51918	0.21676
876 T	0.26545	0.45398	0.28057
877 T	0.26611	0.41826	0.31563
878 T	0.26578	0.39128	0.34294
879 A	0.26465	0.37823	0.35712
880 A	0.26422	0.35649	0.3793
881 T	0.26405	0.30566	0.43029
882 T	0.26330	0.27705	0.45965
883 G	0.26138	0.26669	0.47194
884 G	0.25987	0.26693	0.4732
885 T	0.25706	0.28176	0.46118
886 A	0.25262	0.29789	0.44949
887 A	0.25077	0.30475	0.44447
888 G	0.25157	0.29383	0.4546
889 G	0.25442	0.30110	0.44448
890 G	0.25903	0.34113	0.39985
891 T	0.27316	0.31511	0.41174
892 G	0.27714	0.31820	0.40466
893 A	0.28186	0.32065	0.3975
894 T	0.28863	0.31369	0.39767
895 C	0.28950	0.32278	0.38772
896 G	0.29036	0.34068	0.36896
897 T	0.28902	0.36329	0.34769
898 A	0.28554	0.37358	0.34088
899 G	0.28485	0.37763	0.33752
900 T	0.28607	0.37999	0.33394
901 G	0.28317	0.38769	0.32915
902 C	0.28095	0.39296	0.32608
903 T	0.28036	0.40530	0.31434
904 A	0.27945	0.42487	0.29568
905 A	0.28051	0.43796	0.28152
906 A	0.28665	0.43881	0.27454
907 A	0.29723	0.43535	0.26742
908 T	0.31755	0.41799	0.26445
909 A	0.33105	0.41388	0.25507
910 A	0.34409	0.40212	0.2538
911 G	0.35606	0.38923	0.25471
912 A	0.37985	0.36613	0.25402
913 A	0.44117	0.30641	0.25243
914 C	0.47590	0.27234	0.25176
915 T	0.51382	0.24437	0.24181
916 T	0.52556	0.24427	0.23017
917 A	0.52264	0.25826	0.2191
918 T	0.52361	0.26598	0.21041
919 A	0.52009	0.28015	0.19976
920 A	0.53061	0.26946	0.19992
921 T	0.53739	0.26208	0.20052
922 T	0.53913	0.25923	0.20164
923 A	0.53805	0.26038	0.20157
924 T	0.54157	0.25231	0.20613
925 G	0.53221	0.25805	0.20974
926 C	0.53375	0.25394	0.21231
927 T	0.54389	0.24463	0.21148
928 C	0.54821	0.24360	0.20819
929 A	0.54912	0.25011	0.20078
930 A	0.55392	0.25245	0.19362
931 A	0.55917	0.25065	0.19018
932 A	0.56640	0.24546	0.18814
933 T	0.56619	0.24857	0.18524
934 A	0.55836	0.26282	0.17882
935 G	0.55889	0.26206	0.17905
936 A	0.56175	0.25764	0.18061
937 A	0.56625	0.24916	0.18459
938 T	0.58166	0.22841	0.18994
939 T	0.59424	0.20911	0.19664
940 A	0.60156	0.19326	0.20517
941 C	0.60854	0.17281	0.21865
942 T	0.61628	0.15723	0.22649
943 G	0.61743	0.15332	0.22924
944 A	0.62064	0.14890	0.23046
945 T	0.62237	0.14227	0.23536
946 C	0.62195	0.13824	0.23981
947 A	0.62044	0.13424	0.24532
948 T	0.62109	0.12162	0.25728
949 C	0.61844	0.12081	0.26075
950 G	0.59498	0.16022	0.2448
951 T	0.58442	0.18427	0.23131
952 A	0.56471	0.21753	0.21777
953 T	0.55644	0.23848	0.20509
954 A	0.53981	0.27509	0.18509
955 A	0.52911	0.29529	0.17561
956 A	0.52457	0.30097	0.17446
957 T	0.52819	0.29265	0.17917
958 T	0.52273	0.29621	0.18107
959 T	0.51576	0.30239	0.18185
960 A	0.50510	0.31305	0.18185
961 A	0.49939	0.31790	0.18271
962 C	0.49719	0.31794	0.18486
963 T	0.49583	0.31794	0.18622
964 T	0.49304	0.32021	0.18675
965 T	0.48700	0.32589	0.18711
966 A	0.47548	0.33709	0.18743
967 C	0.46469	0.34766	0.18765
968 A	0.45119	0.36141	0.1874
969 A	0.44676	0.36570	0.18754
970 A	0.44607	0.36568	0.18825
971 A	0.44760	0.36349	0.18892
972 A	0.45342	0.35440	0.19218
973 T	0.47674	0.30070	0.22255
974 T	0.48973	0.27025	0.24002
975 A	0.49559	0.24396	0.26045
976 G	0.50583	0.22129	0.27288
977 A	0.52315	0.19367	0.28318
978 T	0.53694	0.16797	0.29509
979 T	0.54289	0.15630	0.30082
980 T	0.54505	0.15025	0.3047
981 T	0.54208	0.15162	0.3063
982 T	0.53742	0.15847	0.30411
983 T	0.52156	0.17478	0.30367
984 T	0.50033	0.19976	0.29991
985 A	0.47238	0.23352	0.29411
986 T	0.45707	0.24936	0.29356
987 G	0.41753	0.29803	0.28444
988 G	0.38683	0.32981	0.28336
989 A	0.37291	0.34277	0.28432
990 A	0.36572	0.34811	0.28617
991 G	0.36027	0.35217	0.28756
992 G	0.35524	0.37332	0.27145
993 A	0.35438	0.39625	0.24936
994 A	0.35557	0.41349	0.23095
995 A	0.35621	0.41831	0.22549
996 A	0.35706	0.41820	0.22474
997 A	0.35937	0.41406	0.22657
998 T	0.36339	0.40339	0.23322
999 A	0.36449	0.40130	0.23421
1000 G	0.36974	0.39593	0.23433
1001 A	0.37739	0.38815	0.23446
1002 T	0.38787	0.37473	0.2374
1003 T	0.38990	0.36957	0.24054
1004 T	0.39294	0.36247	0.24459
1005 A	0.39233	0.36258	0.2451
1006 G	0.39523	0.34600	0.25877
1007 T	0.40183	0.33691	0.26126
1008 T	0.40629	0.32746	0.26625
1009 A	0.39540	0.34056	0.26405
1010 T	0.39581	0.32130	0.2829
1011 T	0.38465	0.31033	0.30502
1012 G	0.35962	0.32564	0.31474
1013 A	0.35303	0.32814	0.31883
1014 A	0.36092	0.31605	0.32304
1015 C	0.38035	0.29080	0.32886
1016 C	0.40256	0.26861	0.32883
1017 T	0.42170	0.25637	0.32193
1018 T	0.42386	0.26348	0.31266
1019 T	0.41792	0.28946	0.29262
1020 A	0.39695	0.34585	0.25721
1021 A	0.38259	0.37466	0.24275
1022 A	0.37622	0.37957	0.24422
1023 T	0.37254	0.38031	0.24716
1024 A	0.36321	0.38912	0.24767
1025 A	0.36110	0.38768	0.25122
1026 C	0.36410	0.37839	0.25752
1027 G	0.36804	0.37496	0.257
1028 A	0.37782	0.36637	0.25581
1029 A	0.39414	0.35335	0.25251
1030 T	0.41357	0.33494	0.25148
1031 T	0.41474	0.33724	0.24802
1032 A	0.38725	0.35911	0.25363
1033 G	0.35348	0.39348	0.25303
1034 A	0.30252	0.46423	0.23324
1035 A	0.23940	0.55535	0.20525
1036 A	0.19092	0.62261	0.18647
1037 A	0.14759	0.69929	0.15312
1038 A	0.11924	0.74859	0.13217
1039 A	0.10044	0.78759	0.11197
1040 A	0.10660	0.78319	0.11021
1041 A	0.11618	0.77082	0.113
1042 A	0.13307	0.74630	0.12063
1043 T	0.16408	0.69402	0.14189
1044 T	0.17378	0.67006	0.15617
1045 A	0.17467	0.66192	0.16341
1046 T	0.17536	0.65391	0.17074
1047 C	0.17583	0.64551	0.17866
1048 G	0.17616	0.64331	0.18054
1049 A	0.17671	0.64147	0.18181
1050 A	0.17863	0.63803	0.18334
1051 G	0.18241	0.63255	0.18505
1052 A	0.18936	0.62453	0.1861
1053 A	0.19676	0.61173	0.19151
1054 A	0.20830	0.58611	0.20559
1055 A	0.22778	0.53201	0.24021
1056 A	0.24956	0.46817	0.28227
1057 A	0.28926	0.37220	0.33855
1058 T	0.34479	0.24740	0.40782
1059 A	0.37107	0.17323	0.4557
1060 T	0.40646	0.09039	0.50316
1061 A	0.42253	0.04509	0.53238
1062 A	0.44223	0.00000	0.55777
