# lcl|CP097583.1_cds_USQ93504.1_1
# AA	inside	membr	outside
1 A	0.70355	0.00000	0.29646
2 T	0.70353	0.00002	0.29646
3 G	0.70352	0.00002	0.29646
4 A	0.70352	0.01479	0.28169
5 T	0.70343	0.02891	0.26766
6 T	0.70343	0.03324	0.26333
7 A	0.70142	0.03742	0.26117
8 A	0.70142	0.03744	0.26114
9 A	0.70071	0.03852	0.26077
10 G	0.70071	0.05601	0.24328
11 T	0.70068	0.05719	0.24213
12 T	0.69770	0.06113	0.24118
13 G	0.69239	0.07317	0.23444
14 T	0.69239	0.07317	0.23444
15 T	0.69239	0.18286	0.12475
16 T	0.68787	0.18738	0.12475
17 T	0.66533	0.21306	0.12161
18 G	0.66446	0.21562	0.11992
19 G	0.65112	0.23104	0.11784
20 A	0.60960	0.28501	0.10539
21 T	0.58529	0.30933	0.10539
22 C	0.58412	0.31053	0.10535
23 T	0.58085	0.31397	0.10518
24 C	0.55544	0.33963	0.10493
25 C	0.53657	0.35869	0.10474
26 C	0.47586	0.42068	0.10345
27 A	0.41564	0.48624	0.09812
28 A	0.38154	0.52234	0.09611
29 C	0.35360	0.55042	0.09598
30 T	0.31511	0.58884	0.09605
31 A	0.24015	0.66441	0.09544
32 A	0.20594	0.69798	0.09608
33 C	0.18992	0.71412	0.09596
34 A	0.16317	0.74280	0.09402
35 A	0.14915	0.75692	0.09393
36 A	0.13866	0.76434	0.09701
37 G	0.12722	0.77648	0.0963
38 A	0.19886	0.70563	0.0955
39 A	0.18341	0.71393	0.10265
40 C	0.17942	0.68942	0.13116
41 A	0.17067	0.69508	0.13425
42 A	0.16019	0.69852	0.14129
43 C	0.16507	0.67762	0.15732
44 A	0.10187	0.76116	0.13697
45 A	0.09614	0.77423	0.12963
46 A	0.09190	0.77732	0.13078
47 A	0.09107	0.75856	0.15037
48 A	0.09046	0.74580	0.16374
49 A	0.09218	0.67012	0.23771
50 T	0.10002	0.57329	0.32668
51 T	0.10135	0.50395	0.3947
52 A	0.10029	0.47233	0.42737
53 G	0.09891	0.43993	0.46117
54 T	0.09395	0.41802	0.48803
55 G	0.08525	0.42218	0.49257
56 A	0.08364	0.43575	0.48061
57 A	0.08385	0.44597	0.47018
58 A	0.08536	0.46763	0.44701
59 A	0.08573	0.48291	0.43136
60 T	0.08675	0.49196	0.42129
61 A	0.08452	0.54524	0.37024
62 A	0.07629	0.57267	0.35104
63 A	0.07384	0.62127	0.30489
64 G	0.07320	0.65596	0.27084
65 A	0.07386	0.71601	0.21013
66 A	0.07945	0.72797	0.19258
67 T	0.10569	0.64996	0.24434
68 T	0.11204	0.63995	0.24801
69 A	0.11090	0.64061	0.24849
70 G	0.11020	0.64194	0.24786
71 C	0.11029	0.64333	0.24638
72 T	0.10940	0.65351	0.23709
73 A	0.09622	0.69378	0.21
74 A	0.09595	0.69841	0.20565
75 A	0.10882	0.68493	0.20625
76 G	0.12670	0.66582	0.20749
77 T	0.15813	0.62740	0.21447
78 C	0.17043	0.60758	0.22199
79 C	0.18937	0.59152	0.21911
80 A	0.20774	0.58900	0.20326
81 A	0.22696	0.61922	0.15381
82 A	0.24230	0.61712	0.14057
83 A	0.25997	0.60388	0.13614
84 T	0.32446	0.54068	0.13486
85 A	0.34910	0.50995	0.14096
86 A	0.39426	0.46346	0.14227
87 A	0.43802	0.41702	0.14496
88 T	0.50522	0.34744	0.14734
89 T	0.52283	0.32762	0.14956
90 T	0.51563	0.33389	0.15048
91 A	0.50293	0.34680	0.15027
92 A	0.49643	0.35171	0.15187
93 T	0.49615	0.35008	0.15377
94 A	0.49014	0.36241	0.14744
95 A	0.49359	0.35852	0.14789
96 A	0.51191	0.33117	0.15693
97 T	0.51363	0.32705	0.15932
98 T	0.50235	0.34286	0.15479
99 A	0.48051	0.37139	0.1481
100 G	0.46880	0.38512	0.14609
101 A	0.46627	0.38935	0.14438
102 A	0.46852	0.38079	0.15069
103 A	0.48583	0.35673	0.15744
104 A	0.53365	0.29280	0.17355
105 T	0.54903	0.26104	0.18993
106 A	0.55291	0.24382	0.20327
107 T	0.55689	0.23151	0.2116
108 T	0.55863	0.22191	0.21946
109 T	0.55896	0.22202	0.21902
110 A	0.55693	0.22614	0.21692
111 T	0.55700	0.22165	0.22136
112 T	0.55607	0.22158	0.22235
113 G	0.55414	0.23206	0.21381
114 G	0.55408	0.23862	0.2073
115 A	0.55520	0.24944	0.19536
116 A	0.55460	0.26636	0.17905
117 T	0.56399	0.25941	0.1766
118 A	0.56812	0.25867	0.17321
119 A	0.57298	0.25175	0.17527
120 A	0.57845	0.24263	0.17892
121 T	0.58972	0.21923	0.19106
122 T	0.59800	0.19466	0.20734
123 A	0.60270	0.18334	0.21397
124 T	0.60944	0.17560	0.21496
125 T	0.61169	0.17747	0.21084
126 T	0.61237	0.18185	0.20578
127 A	0.61272	0.18601	0.20127
128 A	0.61411	0.18883	0.19706
129 A	0.61579	0.18667	0.19754
130 T	0.61940	0.18211	0.19849
131 A	0.62221	0.17888	0.19891
132 T	0.63268	0.16703	0.20028
133 C	0.64146	0.15596	0.20257
134 A	0.64664	0.15173	0.20163
135 A	0.65557	0.14448	0.19994
136 T	0.68069	0.11885	0.20047
137 T	0.69581	0.10334	0.20084
138 G	0.70899	0.09077	0.20024
139 T	0.72775	0.06957	0.20268
140 T	0.73641	0.06043	0.20316
141 T	0.74078	0.05648	0.20274
142 T	0.74297	0.05418	0.20285
143 G	0.74368	0.05340	0.20292
144 C	0.74523	0.05182	0.20296
145 T	0.74869	0.04846	0.20284
146 C	0.75208	0.04515	0.20277
147 C	0.75539	0.04230	0.20231
148 T	0.76124	0.03743	0.20134
149 T	0.76383	0.03618	0.19998
150 A	0.76297	0.03831	0.19871
151 T	0.76522	0.03669	0.19809
152 T	0.76260	0.04040	0.197
153 A	0.75988	0.04555	0.19458
154 A	0.75902	0.04668	0.19431
155 T	0.75861	0.04828	0.19312
156 A	0.75705	0.05382	0.18913
157 G	0.75790	0.05491	0.18719
158 T	0.75954	0.05649	0.18398
159 T	0.75886	0.06009	0.18105
160 A	0.75634	0.06321	0.18046
161 T	0.75585	0.06382	0.18033
162 A	0.75502	0.06481	0.18017
163 A	0.75475	0.06483	0.18042
164 C	0.75543	0.06342	0.18114
165 A	0.75566	0.06334	0.181
166 T	0.75601	0.06306	0.18093
167 T	0.75611	0.06489	0.179
168 T	0.75615	0.06830	0.17555
169 A	0.75563	0.07425	0.17013
170 T	0.75586	0.07399	0.17015
171 A	0.75609	0.07248	0.17144
172 T	0.75729	0.06905	0.17365
173 T	0.75699	0.06584	0.17717
174 A	0.75467	0.06691	0.17842
175 C	0.75485	0.06361	0.18153
176 A	0.75711	0.05957	0.18331
177 A	0.75847	0.05717	0.18437
178 G	0.76127	0.05325	0.18548
179 T	0.76746	0.04570	0.18684
180 T	0.77001	0.04306	0.18693
181 T	0.77240	0.03985	0.18774
182 A	0.77359	0.03955	0.18686
183 T	0.77416	0.03922	0.18662
184 T	0.77430	0.04395	0.18175
185 T	0.77440	0.05151	0.17409
186 G	0.77430	0.05477	0.17093
187 A	0.77443	0.05845	0.16712
188 A	0.77517	0.05883	0.166
189 A	0.77665	0.05818	0.16517
190 C	0.77928	0.05550	0.16522
191 A	0.78305	0.05231	0.16463
192 T	0.78845	0.04682	0.16474
193 T	0.78971	0.04565	0.16463
194 T	0.78980	0.04579	0.16442
195 A	0.78960	0.04624	0.16415
196 T	0.78968	0.04469	0.16563
197 T	0.78952	0.04298	0.16751
198 T	0.78890	0.04414	0.16697
199 G	0.78750	0.04586	0.16664
200 A	0.78617	0.04888	0.16495
201 A	0.78053	0.05719	0.16228
202 G	0.77685	0.06191	0.16124
203 C	0.77678	0.06215	0.16107
204 G	0.77781	0.06130	0.1609
205 A	0.78122	0.05793	0.16085
206 A	0.78502	0.05410	0.16088
207 C	0.79162	0.04738	0.161
208 C	0.79943	0.03958	0.161
209 C	0.80320	0.03577	0.16103
210 T	0.80664	0.03261	0.16075
211 A	0.80753	0.03207	0.1604
212 T	0.80859	0.03109	0.16032
213 T	0.80879	0.03097	0.16024
214 T	0.80882	0.03085	0.16033
215 T	0.80797	0.03139	0.16065
216 G	0.80573	0.03336	0.1609
217 T	0.80460	0.03419	0.16121
218 C	0.80046	0.03798	0.16157
219 G	0.79662	0.04190	0.16148
220 A	0.79559	0.04306	0.16135
221 A	0.79601	0.04229	0.16169
222 A	0.79597	0.04146	0.16257
223 A	0.79742	0.03895	0.16363
224 T	0.80017	0.02990	0.16992
225 C	0.80087	0.02514	0.17399
226 A	0.80091	0.02459	0.17451
227 G	0.80109	0.02384	0.17506
228 T	0.80140	0.02347	0.17513
229 T	0.80153	0.02336	0.17511
230 A	0.80152	0.02348	0.175
231 T	0.80178	0.02285	0.17537
232 T	0.80176	0.02263	0.17561
233 T	0.80172	0.02283	0.17545
234 T	0.80153	0.02298	0.17548
235 A	0.80122	0.02307	0.17571
236 T	0.80107	0.02230	0.17663
237 T	0.80076	0.02159	0.17765
238 T	0.80015	0.02084	0.17901
239 T	0.79912	0.01986	0.18101
240 A	0.79749	0.02022	0.1823
241 G	0.79685	0.01723	0.18593
242 T	0.79684	0.01408	0.18909
243 G	0.79663	0.01299	0.19038
244 A	0.79650	0.01255	0.19094
245 T	0.79657	0.01184	0.19159
246 T	0.79650	0.01159	0.19191
247 A	0.79646	0.01152	0.19203
248 G	0.79652	0.01118	0.19231
249 T	0.79681	0.01066	0.19252
250 T	0.79700	0.01045	0.19255
251 T	0.79719	0.01028	0.19254
252 A	0.79718	0.01027	0.19255
253 T	0.79735	0.00989	0.19276
254 T	0.79738	0.00969	0.19293
255 G	0.79737	0.00949	0.19314
256 T	0.79784	0.00878	0.19338
257 T	0.79822	0.00802	0.19376
258 T	0.79834	0.00743	0.19423
259 T	0.79829	0.00709	0.19461
260 T	0.79823	0.00678	0.19499
261 G	0.79809	0.00640	0.1955
262 T	0.79816	0.00574	0.1961
263 T	0.79793	0.00512	0.19695
264 T	0.79760	0.00531	0.19709
265 T	0.79680	0.00609	0.1971
266 T	0.79553	0.00718	0.19729
267 A	0.79262	0.01012	0.19726
268 T	0.78970	0.01310	0.19721
269 C	0.78586	0.01698	0.19715
270 T	0.78473	0.01851	0.19676
271 A	0.78339	0.02066	0.19596
272 G	0.78292	0.02178	0.1953
273 T	0.78287	0.02304	0.19408
274 T	0.78264	0.02469	0.19267
275 T	0.78174	0.02673	0.19153
276 T	0.78090	0.02940	0.1897
277 T	0.77780	0.03619	0.18601
278 A	0.77348	0.04291	0.18361
279 T	0.77207	0.04608	0.18186
280 G	0.76877	0.05515	0.17607
281 A	0.76422	0.06414	0.17165
282 T	0.76234	0.06803	0.16963
283 A	0.75848	0.07385	0.16767
284 A	0.75360	0.07950	0.1669
285 A	0.74940	0.08416	0.16643
286 T	0.74747	0.08587	0.16666
287 A	0.74518	0.08776	0.16707
288 T	0.74440	0.08729	0.1683
289 A	0.74252	0.08784	0.16963
290 A	0.74146	0.08620	0.17233
291 T	0.73985	0.08461	0.17553
292 C	0.73766	0.08291	0.17943
293 G	0.73670	0.08289	0.18041
294 C	0.73690	0.08168	0.18142
295 A	0.73714	0.08126	0.1816
296 T	0.73857	0.07959	0.18184
297 T	0.73985	0.07793	0.18222
298 C	0.73886	0.07691	0.18423
299 G	0.73959	0.07527	0.18513
300 T	0.74330	0.06764	0.18906
301 C	0.74422	0.06278	0.193
302 G	0.74523	0.06105	0.19371
303 T	0.75014	0.05509	0.19477
304 T	0.75176	0.05097	0.19728
305 T	0.74755	0.05676	0.19568
306 T	0.73823	0.07041	0.19137
307 A	0.71904	0.09210	0.18887
308 T	0.69968	0.11399	0.18632
309 T	0.66837	0.14706	0.18458
310 T	0.63218	0.18523	0.1826
311 T	0.59002	0.23118	0.17881
312 A	0.55615	0.26744	0.17641
313 A	0.53164	0.29255	0.17582
314 T	0.52446	0.29812	0.17741
315 T	0.51758	0.30358	0.17884
316 T	0.50774	0.31333	0.17892
317 G	0.49166	0.33076	0.17758
318 T	0.47644	0.34848	0.17507
319 A	0.43861	0.39101	0.17038
320 A	0.41628	0.41496	0.16876
321 A	0.39843	0.43289	0.16868
322 G	0.38731	0.44502	0.16767
323 A	0.37584	0.45908	0.16508
324 A	0.36335	0.47319	0.16346
325 A	0.35371	0.48426	0.16203
326 A	0.34616	0.49244	0.1614
327 A	0.34363	0.49475	0.16162
328 A	0.34300	0.49005	0.16695
329 A	0.34747	0.47477	0.17776
330 A	0.35417	0.43977	0.20607
331 T	0.36363	0.38340	0.25297
332 T	0.35413	0.35230	0.29357
333 A	0.30231	0.39752	0.30017
334 G	0.24061	0.46823	0.29117
335 A	0.16076	0.62385	0.2154
336 A	0.10682	0.71295	0.18023
337 A	0.04792	0.82344	0.12864
338 A	0.04276	0.83861	0.11863
339 A	0.04039	0.84388	0.11572
340 A	0.03886	0.84112	0.12003
341 A	0.04062	0.82867	0.1307
342 T	0.04443	0.79649	0.15907
343 A	0.04550	0.77975	0.17476
344 G	0.04671	0.76480	0.1885
345 A	0.04791	0.75684	0.19524
346 A	0.04970	0.74792	0.20239
347 A	0.05142	0.73700	0.21158
348 A	0.05362	0.72663	0.21976
349 A	0.05684	0.71530	0.22787
350 A	0.06019	0.70501	0.2348
351 A	0.06359	0.69339	0.24302
352 G	0.06770	0.67808	0.25423
353 A	0.07292	0.66428	0.26279
354 A	0.08007	0.64640	0.27353
355 A	0.09617	0.61077	0.29306
356 A	0.13014	0.52191	0.34795
357 A	0.18118	0.40460	0.41423
358 T	0.27781	0.21933	0.50286
359 A	0.31990	0.12180	0.5583
360 A	0.37940	0.00000	0.6206
