# lcl|CP097583.1_cds_USQ93314.1_1
# AA	inside	membr	outside
1 A	0.40015	0.00000	0.59985
2 T	0.40004	0.00011	0.59985
3 G	0.39999	0.00016	0.59985
4 G	0.39999	0.00289	0.59711
5 A	0.39923	0.01033	0.59043
6 T	0.39923	0.01102	0.58974
7 T	0.39312	0.01743	0.58945
8 T	0.39311	0.01745	0.58943
9 A	0.38693	0.02400	0.58907
10 T	0.38692	0.05030	0.56278
11 T	0.38356	0.05779	0.55865
12 A	0.25388	0.19333	0.55279
13 A	0.06777	0.40459	0.52763
14 A	0.06774	0.40463	0.52763
15 T	0.06774	0.44428	0.48798
16 A	0.06213	0.44989	0.48798
17 A	0.05829	0.45399	0.48772
18 A	0.05821	0.45417	0.48762
19 A	0.05674	0.45566	0.4876
20 A	0.05397	0.45856	0.48747
21 T	0.05024	0.46227	0.48749
22 C	0.05001	0.46247	0.48752
23 C	0.04971	0.46279	0.48749
24 T	0.04976	0.46286	0.48738
25 G	0.04958	0.46312	0.4873
26 A	0.04956	0.46324	0.4872
27 A	0.05162	0.46118	0.4872
28 T	0.05797	0.45418	0.48785
29 T	0.05890	0.45200	0.48909
30 A	0.06002	0.44398	0.496
31 G	0.06036	0.43807	0.50157
32 A	0.06142	0.42491	0.51367
33 A	0.08214	0.39337	0.52449
34 A	0.08756	0.37662	0.53582
35 A	0.10396	0.24589	0.65015
36 T	0.13163	0.05743	0.81094
37 T	0.13459	0.04949	0.81591
38 T	0.15779	0.02377	0.81845
39 T	0.15789	0.01981	0.82231
40 G	0.15798	0.01892	0.8231
41 A	0.15764	0.01979	0.82256
42 T	0.15766	0.01886	0.82348
43 A	0.15782	0.01745	0.82473
44 T	0.15783	0.01621	0.82596
45 A	0.15794	0.01954	0.82251
46 T	0.15806	0.01898	0.82296
47 T	0.15808	0.01891	0.823
48 T	0.15802	0.01903	0.82294
49 T	0.15795	0.02111	0.82094
50 T	0.15757	0.02228	0.82014
51 T	0.15729	0.02265	0.82006
52 T	0.15602	0.02387	0.8201
53 A	0.15207	0.02779	0.82014
54 C	0.15001	0.02973	0.82026
55 G	0.14276	0.03714	0.8201
56 C	0.14102	0.03891	0.82007
57 T	0.14037	0.03985	0.81978
58 C	0.13796	0.04262	0.81942
59 T	0.13746	0.04408	0.81846
60 A	0.13534	0.04799	0.81667
61 G	0.13118	0.05431	0.81452
62 G	0.12889	0.06063	0.81048
63 A	0.12882	0.06228	0.80891
64 G	0.12866	0.06366	0.80768
65 G	0.12943	0.06441	0.80616
66 T	0.12974	0.06587	0.80439
67 C	0.12826	0.06945	0.80229
68 T	0.12883	0.07021	0.80096
69 A	0.12473	0.07575	0.79952
70 G	0.12202	0.07982	0.79816
71 G	0.12003	0.08257	0.7974
72 C	0.11874	0.08486	0.79639
73 G	0.11764	0.08721	0.79515
74 A	0.11689	0.08784	0.79527
75 A	0.11672	0.08717	0.79611
76 G	0.11664	0.08434	0.79902
77 T	0.11666	0.08278	0.80056
78 C	0.11645	0.07474	0.80881
79 G	0.11627	0.07436	0.80936
80 G	0.11565	0.07553	0.80882
81 A	0.11528	0.07758	0.80714
82 A	0.11543	0.07801	0.80655
83 A	0.11675	0.07604	0.80722
84 A	0.11873	0.07023	0.81103
85 A	0.12288	0.06295	0.81417
86 A	0.12522	0.05805	0.81673
87 T	0.12905	0.05165	0.8193
88 A	0.13104	0.04891	0.82006
89 T	0.13307	0.04498	0.82196
90 G	0.13398	0.04554	0.82049
91 T	0.13515	0.04897	0.81587
92 A	0.13351	0.06557	0.80092
93 T	0.13356	0.06730	0.79914
94 A	0.13167	0.07072	0.79761
95 T	0.12982	0.07260	0.79758
96 T	0.12447	0.07852	0.79701
97 C	0.11339	0.09064	0.79597
98 T	0.10611	0.10279	0.7911
99 A	0.08997	0.12547	0.78456
100 G	0.08430	0.13338	0.78232
101 A	0.08221	0.13576	0.78203
102 A	0.08123	0.13686	0.78191
103 A	0.08139	0.13580	0.78282
104 T	0.08329	0.13306	0.78365
105 C	0.08324	0.13249	0.78427
106 G	0.08128	0.13452	0.7842
107 A	0.08030	0.13558	0.78412
108 A	0.07999	0.13592	0.7841
109 C	0.08030	0.13564	0.78407
110 A	0.08088	0.13541	0.78371
111 A	0.08299	0.13348	0.78353
112 A	0.08580	0.13110	0.78311
113 A	0.09107	0.12579	0.78314
114 A	0.09768	0.11927	0.78305
115 A	0.11407	0.09969	0.78624
116 T	0.12105	0.08899	0.78996
117 A	0.12572	0.07983	0.79446
118 T	0.13078	0.06879	0.80043
119 T	0.13341	0.05767	0.80892
120 T	0.13494	0.04626	0.8188
121 A	0.13674	0.03827	0.82499
122 T	0.14108	0.02187	0.83706
123 C	0.14210	0.01626	0.84164
124 A	0.14231	0.01490	0.8428
125 T	0.14258	0.01336	0.84406
126 T	0.14263	0.01260	0.84477
127 G	0.14246	0.01236	0.84518
128 A	0.14240	0.01197	0.84564
129 T	0.14262	0.00900	0.84838
130 T	0.14261	0.00745	0.84994
131 C	0.14246	0.00682	0.85072
132 A	0.14238	0.00693	0.8507
133 G	0.14265	0.00647	0.85087
134 G	0.14299	0.00612	0.85089
135 T	0.14367	0.00544	0.85089
136 A	0.14407	0.00502	0.85091
137 T	0.14465	0.00424	0.85111
138 T	0.14487	0.00391	0.85122
139 T	0.14492	0.00374	0.85133
140 C	0.14493	0.00359	0.85148
141 T	0.14498	0.00352	0.85151
142 T	0.14498	0.00351	0.85151
143 T	0.14497	0.00349	0.85154
144 T	0.14493	0.00351	0.85156
145 T	0.14481	0.00364	0.85155
146 T	0.14460	0.00363	0.85177
147 T	0.14401	0.00406	0.85194
148 G	0.14289	0.00519	0.85192
149 G	0.14259	0.00543	0.85198
150 A	0.14250	0.00538	0.85212
151 G	0.14249	0.00526	0.85225
152 A	0.14263	0.00503	0.85233
153 T	0.14296	0.00451	0.85253
154 T	0.14315	0.00412	0.85273
155 C	0.14324	0.00385	0.85291
156 T	0.14332	0.00379	0.85289
157 T	0.14336	0.00377	0.85286
158 T	0.14338	0.00381	0.8528
159 T	0.14337	0.00392	0.85271
160 T	0.14333	0.00409	0.85257
161 T	0.14329	0.00422	0.85249
162 A	0.14317	0.00454	0.8523
163 G	0.14304	0.00490	0.85206
164 G	0.14289	0.00521	0.8519
165 T	0.14260	0.00565	0.85176
166 A	0.14187	0.00698	0.85115
167 T	0.14170	0.00727	0.85104
168 T	0.14143	0.00772	0.85084
169 A	0.14064	0.00911	0.85025
170 A	0.14024	0.00973	0.85003
171 T	0.14020	0.00911	0.85069
172 T	0.14004	0.00969	0.85026
173 A	0.13978	0.01036	0.84986
174 T	0.13957	0.01070	0.84973
175 G	0.13917	0.01128	0.84955
176 T	0.13897	0.01149	0.84954
177 T	0.13872	0.01173	0.84955
178 A	0.13844	0.01200	0.84957
179 T	0.13837	0.01203	0.84959
180 C	0.13830	0.01205	0.84966
181 C	0.13823	0.01209	0.84968
182 C	0.13826	0.01206	0.84968
183 T	0.13835	0.01202	0.84962
184 A	0.13825	0.01223	0.84952
185 A	0.13834	0.01225	0.8494
186 T	0.13863	0.01195	0.84942
187 T	0.13861	0.01192	0.84947
188 A	0.13821	0.01197	0.84982
189 T	0.13873	0.01078	0.85049
190 G	0.13788	0.01164	0.85049
191 A	0.13761	0.01188	0.85051
192 A	0.13784	0.01126	0.8509
193 T	0.13849	0.01054	0.85097
194 A	0.13661	0.01305	0.85033
195 T	0.13595	0.01431	0.84974
196 T	0.13445	0.01645	0.84911
197 T	0.13128	0.02021	0.84851
198 A	0.12715	0.02436	0.8485
199 T	0.12449	0.02691	0.8486
200 T	0.12089	0.03052	0.84859
201 A	0.11261	0.03935	0.84805
202 C	0.10787	0.04511	0.84701
203 A	0.10462	0.04870	0.84668
204 A	0.10362	0.04989	0.84649
205 A	0.10309	0.05048	0.84644
206 A	0.10292	0.05063	0.84645
207 C	0.10296	0.05044	0.8466
208 G	0.10304	0.05023	0.84674
209 A	0.10309	0.05007	0.84684
210 A	0.10325	0.04968	0.84707
211 C	0.10347	0.04899	0.84754
212 A	0.10372	0.04866	0.84762
213 T	0.10413	0.04725	0.84862
214 A	0.10434	0.04646	0.8492
215 G	0.10462	0.04556	0.84981
216 A	0.10510	0.04478	0.85012
217 A	0.10604	0.04081	0.85316
218 T	0.10705	0.03678	0.85617
219 T	0.10790	0.03248	0.85961
220 G	0.10847	0.02740	0.86412
221 T	0.10882	0.02203	0.86915
222 G	0.10895	0.01850	0.87256
223 G	0.10917	0.01501	0.87581
224 G	0.10992	0.00882	0.88126
225 T	0.11118	0.00440	0.88442
226 C	0.11154	0.00202	0.88643
227 T	0.11179	0.00281	0.88539
228 T	0.11186	0.00451	0.88363
229 T	0.11174	0.00837	0.87988
230 T	0.11155	0.01106	0.87739
231 T	0.11134	0.01425	0.87441
232 A	0.11093	0.01590	0.87317
233 T	0.11059	0.01699	0.87241
234 T	0.10968	0.01813	0.87219
235 A	0.10724	0.02089	0.87187
236 C	0.10426	0.02400	0.87174
237 A	0.10095	0.02782	0.87123
238 C	0.09948	0.03000	0.87053
239 A	0.09885	0.03090	0.87026
240 T	0.09859	0.03120	0.87021
241 G	0.09820	0.03167	0.87013
242 G	0.09801	0.03186	0.87013
243 C	0.09787	0.03202	0.87011
244 C	0.09745	0.03249	0.87006
245 A	0.09717	0.03285	0.86997
246 C	0.09716	0.03291	0.86993
247 G	0.09722	0.03308	0.8697
248 A	0.09747	0.03298	0.86955
249 A	0.09824	0.03222	0.86954
250 G	0.10014	0.03030	0.86956
251 A	0.10252	0.02789	0.86959
252 T	0.10656	0.02354	0.8699
253 C	0.10832	0.02132	0.87036
254 A	0.11008	0.01929	0.87063
255 T	0.11113	0.01768	0.87119
256 A	0.11169	0.01670	0.87161
257 T	0.11202	0.01537	0.87262
258 T	0.11224	0.01331	0.87446
259 G	0.11221	0.01004	0.87775
260 G	0.11250	0.00650	0.881
261 C	0.11304	0.00457	0.8824
262 G	0.11316	0.00417	0.88267
263 G	0.11320	0.00418	0.88262
264 T	0.11335	0.00391	0.88275
265 A	0.11331	0.00380	0.88289
266 T	0.11339	0.00359	0.88303
267 T	0.11345	0.00295	0.8836
268 C	0.11345	0.00264	0.88392
269 C	0.11341	0.00269	0.8839
270 T	0.11348	0.00300	0.88353
271 T	0.11335	0.00349	0.88315
272 T	0.11293	0.00431	0.88277
273 T	0.11206	0.00616	0.88177
274 T	0.11012	0.00960	0.88028
275 T	0.10734	0.01303	0.87963
276 A	0.09973	0.02183	0.87844
277 T	0.09330	0.02986	0.87683
278 T	0.08407	0.04073	0.87519
279 A	0.06332	0.06457	0.87211
280 A	0.04916	0.08093	0.86991
281 A	0.03771	0.09386	0.86843
282 A	0.03134	0.10065	0.86802
283 A	0.02918	0.10294	0.86788
284 A	0.02847	0.10365	0.86788
285 A	0.02823	0.10384	0.86792
286 A	0.02826	0.10373	0.86801
287 T	0.02823	0.10365	0.86812
288 T	0.02810	0.10368	0.86821
289 A	0.02801	0.10375	0.86825
290 A	0.02799	0.10369	0.86832
291 A	0.02804	0.10352	0.86844
292 A	0.02821	0.10317	0.86863
293 T	0.02890	0.10210	0.86901
294 T	0.02939	0.10103	0.86958
295 A	0.02970	0.10002	0.87029
296 A	0.03053	0.09767	0.87181
297 T	0.03201	0.09325	0.87473
298 A	0.03252	0.08918	0.87829
299 A	0.03383	0.07897	0.8872
300 T	0.03607	0.06706	0.89687
301 A	0.03777	0.05549	0.90674
302 T	0.04072	0.03522	0.92406
303 A	0.04252	0.02333	0.93415
304 T	0.04391	0.01230	0.94379
305 T	0.04424	0.00708	0.94868
306 T	0.04437	0.00593	0.9497
307 G	0.04427	0.00550	0.95024
308 T	0.04423	0.00535	0.95042
309 T	0.04401	0.00563	0.95036
310 T	0.04360	0.00607	0.95034
311 C	0.04305	0.00686	0.95009
312 T	0.04259	0.00843	0.94899
313 G	0.04175	0.01155	0.9467
314 G	0.04096	0.01571	0.94333
315 T	0.04067	0.01842	0.9409
316 A	0.04043	0.02007	0.9395
317 T	0.04037	0.02057	0.93905
318 A	0.04029	0.02136	0.93834
319 G	0.04029	0.02177	0.93794
320 C	0.04032	0.02182	0.93786
321 A	0.04037	0.02212	0.93751
322 T	0.04042	0.02218	0.93741
323 T	0.04048	0.02233	0.9372
324 C	0.04033	0.02269	0.93698
325 A	0.04031	0.02304	0.93665
326 A	0.04084	0.02273	0.93643
327 T	0.04135	0.02252	0.93613
328 T	0.04188	0.02251	0.93562
329 T	0.04251	0.02303	0.93446
330 A	0.04249	0.02540	0.9321
331 A	0.04233	0.03007	0.9276
332 T	0.04266	0.03099	0.92635
333 T	0.04259	0.03317	0.92423
334 G	0.04222	0.03388	0.9239
335 A	0.04055	0.03576	0.9237
336 A	0.04083	0.03497	0.9242
337 T	0.04300	0.03217	0.92484
338 C	0.04185	0.03331	0.92484
339 C	0.04222	0.03378	0.924
340 A	0.04207	0.03667	0.92126
341 A	0.04226	0.03817	0.91957
342 A	0.04244	0.03969	0.91787
343 T	0.04262	0.04118	0.9162
344 T	0.04189	0.04266	0.91544
345 A	0.04020	0.04460	0.9152
346 A	0.03896	0.04613	0.91491
347 T	0.03787	0.04707	0.91506
348 C	0.03526	0.04951	0.91523
349 G	0.03285	0.05202	0.91513
350 A	0.03187	0.05321	0.91492
351 A	0.03216	0.05300	0.91484
352 C	0.03322	0.05199	0.91479
353 A	0.03596	0.04956	0.91449
354 T	0.04100	0.04454	0.91445
355 A	0.04229	0.04338	0.91433
356 A	0.04419	0.04133	0.91448
357 A	0.04488	0.04006	0.91506
358 T	0.04575	0.03586	0.91839
359 T	0.04602	0.03336	0.92062
360 A	0.04604	0.03225	0.9217
361 C	0.04653	0.02900	0.92447
362 A	0.04733	0.02865	0.92402
363 T	0.04944	0.02713	0.92343
364 A	0.04966	0.02860	0.92173
365 A	0.05038	0.02922	0.9204
366 A	0.04995	0.03020	0.91985
367 T	0.04994	0.02966	0.9204
368 A	0.04912	0.02995	0.92093
369 T	0.04897	0.02851	0.92252
370 A	0.04731	0.02967	0.92302
371 T	0.04632	0.02828	0.9254
372 A	0.04323	0.02960	0.92717
373 C	0.03481	0.03690	0.92829
374 G	0.03049	0.04113	0.92838
375 C	0.02812	0.04360	0.92827
376 A	0.02581	0.04721	0.92699
377 T	0.02462	0.04882	0.92657
378 C	0.02280	0.05094	0.92625
379 A	0.02223	0.05170	0.92607
380 T	0.02192	0.05212	0.92596
381 G	0.02110	0.05309	0.92582
382 A	0.02063	0.05388	0.92549
383 C	0.02038	0.05425	0.92537
384 A	0.01996	0.05489	0.92515
385 A	0.02036	0.05458	0.92506
386 A	0.02118	0.05354	0.92529
387 A	0.02287	0.05121	0.92592
388 T	0.02432	0.04914	0.92655
389 A	0.02434	0.04678	0.92889
390 C	0.02512	0.04405	0.93083
391 A	0.02592	0.04224	0.93183
392 A	0.02605	0.04142	0.93253
393 T	0.02677	0.03917	0.93406
394 A	0.02676	0.03821	0.93503
395 A	0.02706	0.03544	0.9375
396 T	0.02752	0.02499	0.94749
397 G	0.02725	0.02076	0.95199
398 A	0.02737	0.01813	0.95451
399 T	0.02854	0.01412	0.95734
400 T	0.02880	0.01213	0.95907
401 C	0.02870	0.01079	0.96051
402 T	0.02867	0.01210	0.95923
403 A	0.02849	0.01577	0.95574
404 A	0.02853	0.01902	0.95245
405 A	0.02814	0.02782	0.94404
406 T	0.02813	0.03067	0.9412
407 T	0.02761	0.03240	0.93999
408 T	0.02679	0.03450	0.93871
409 A	0.02610	0.03675	0.93714
410 A	0.02568	0.03720	0.93712
411 A	0.02547	0.03716	0.93737
412 T	0.02544	0.03653	0.93803
413 T	0.02538	0.03628	0.93834
414 C	0.02508	0.03626	0.93866
415 G	0.02484	0.03656	0.93861
416 G	0.02472	0.03683	0.93845
417 A	0.02464	0.03719	0.93817
418 A	0.02450	0.03735	0.93815
419 A	0.02445	0.03742	0.93814
420 T	0.02449	0.03688	0.93862
421 A	0.02447	0.03668	0.93885
422 C	0.02461	0.03622	0.93916
423 A	0.02485	0.03616	0.939
424 G	0.02537	0.03571	0.93892
425 A	0.02714	0.03404	0.93881
426 A	0.03102	0.03027	0.93871
427 A	0.03527	0.02586	0.93887
428 T	0.04524	0.01467	0.9401
429 T	0.04905	0.01011	0.94085
430 T	0.05058	0.00760	0.94182
431 C	0.05115	0.00611	0.94273
432 T	0.05177	0.00517	0.94306
433 T	0.05178	0.00499	0.94323
434 T	0.05154	0.00518	0.94328
435 C	0.05090	0.00585	0.94325
436 A	0.05055	0.00648	0.94297
437 T	0.05024	0.00669	0.94307
438 A	0.04937	0.00768	0.94295
439 A	0.04894	0.00850	0.94256
440 G	0.04799	0.00958	0.94242
441 A	0.04611	0.01152	0.94236
442 A	0.04563	0.01235	0.94202
443 T	0.04558	0.01241	0.94202
444 G	0.04537	0.01248	0.94214
445 A	0.04528	0.01252	0.94219
446 A	0.04544	0.01225	0.94231
447 T	0.04558	0.01200	0.94241
448 C	0.04553	0.01202	0.94245
449 A	0.04575	0.01179	0.94246
450 C	0.04580	0.01173	0.94246
451 T	0.04583	0.01170	0.94246
452 C	0.04583	0.01171	0.94246
453 T	0.04587	0.01167	0.94246
454 A	0.04588	0.01164	0.94248
455 T	0.04594	0.01153	0.94254
456 T	0.04598	0.01127	0.94274
457 C	0.04601	0.01094	0.94306
458 C	0.04611	0.00991	0.94398
459 T	0.04641	0.00929	0.94429
460 G	0.04652	0.00883	0.94465
461 A	0.04680	0.00811	0.94509
462 T	0.04737	0.00727	0.94536
463 A	0.04751	0.00610	0.94639
464 C	0.04777	0.00330	0.94893
465 T	0.04825	0.00212	0.94963
466 T	0.04819	0.00194	0.94987
467 T	0.04790	0.00218	0.94992
468 T	0.04740	0.00273	0.94987
469 G	0.04637	0.00402	0.94961
470 G	0.04583	0.00461	0.94957
471 T	0.04511	0.00560	0.94929
472 A	0.04422	0.00810	0.94768
473 T	0.04347	0.01118	0.94534
474 A	0.04197	0.01502	0.94301
475 G	0.04129	0.01730	0.9414
476 T	0.04096	0.01786	0.94118
477 A	0.04022	0.01901	0.94078
478 T	0.03987	0.01958	0.94055
479 T	0.03952	0.01999	0.94048
480 C	0.03868	0.02088	0.94045
481 A	0.03773	0.02195	0.94032
482 A	0.03739	0.02233	0.94028
483 T	0.03718	0.02254	0.94028
484 A	0.03673	0.02299	0.94028
485 A	0.03647	0.02326	0.94028
486 T	0.03617	0.02344	0.94039
487 A	0.03592	0.02364	0.94044
488 A	0.03577	0.02369	0.94055
489 A	0.03574	0.02345	0.94081
490 G	0.03584	0.02291	0.94125
491 A	0.03604	0.02229	0.94167
492 T	0.03651	0.02092	0.94257
493 A	0.03672	0.02050	0.94279
494 G	0.03727	0.01928	0.94345
495 A	0.03882	0.01712	0.94406
496 A	0.04116	0.01410	0.94474
497 T	0.04360	0.01025	0.94615
498 T	0.04517	0.00801	0.94682
499 A	0.04541	0.00743	0.94717
500 T	0.04580	0.00630	0.94791
501 T	0.04594	0.00596	0.9481
502 T	0.04590	0.00579	0.94831
503 T	0.04583	0.00542	0.94875
504 T	0.04573	0.00524	0.94903
505 T	0.04544	0.00538	0.94919
506 A	0.04484	0.00596	0.94921
507 T	0.04423	0.00626	0.94951
508 A	0.04264	0.00785	0.94951
509 C	0.04170	0.00858	0.94973
510 A	0.04061	0.00974	0.94965
511 G	0.04035	0.01017	0.94948
512 G	0.04024	0.01056	0.9492
513 A	0.04026	0.01089	0.94885
514 G	0.04036	0.01124	0.9484
515 A	0.04055	0.01126	0.94818
516 T	0.04094	0.01107	0.948
517 T	0.04105	0.01113	0.94783
518 T	0.04111	0.01120	0.94768
519 T	0.04105	0.01152	0.94744
520 A	0.04092	0.01217	0.94691
521 A	0.04085	0.01264	0.94652
522 A	0.04089	0.01285	0.94626
523 A	0.04104	0.01286	0.9461
524 T	0.04147	0.01234	0.9462
525 T	0.04164	0.01201	0.94634
526 G	0.04171	0.01181	0.94648
527 A	0.04187	0.01157	0.94656
528 T	0.04183	0.01133	0.94684
529 A	0.04184	0.01083	0.94732
530 A	0.04187	0.01020	0.94793
531 T	0.04211	0.00853	0.94936
532 A	0.04205	0.00772	0.95023
533 C	0.04209	0.00665	0.95127
534 A	0.04183	0.00672	0.95145
535 C	0.04173	0.00673	0.95154
536 C	0.04187	0.00660	0.95153
537 T	0.04222	0.00632	0.95146
538 G	0.04209	0.00655	0.95136
539 T	0.04236	0.00642	0.95122
540 T	0.04223	0.00664	0.95114
541 G	0.04166	0.00721	0.95114
542 G	0.04147	0.00732	0.9512
543 A	0.04184	0.00687	0.95129
544 C	0.04208	0.00652	0.9514
545 C	0.04230	0.00634	0.95136
546 T	0.04250	0.00631	0.95119
547 T	0.04248	0.00637	0.95116
548 T	0.04207	0.00678	0.95115
549 A	0.04085	0.00799	0.95115
550 G	0.03999	0.00879	0.95121
551 C	0.03939	0.00916	0.95145
552 A	0.03907	0.00948	0.95145
553 G	0.03888	0.00958	0.95153
554 A	0.03874	0.00973	0.95153
555 A	0.03862	0.00979	0.95159
556 T	0.03853	0.00985	0.95162
557 A	0.03840	0.00943	0.95217
558 T	0.03832	0.00884	0.95284
559 G	0.03810	0.00870	0.9532
560 G	0.03795	0.00862	0.95343
561 C	0.03781	0.00838	0.9538
562 A	0.03768	0.00870	0.95362
563 A	0.03757	0.00891	0.95351
564 A	0.03735	0.00897	0.95368
565 C	0.03727	0.00910	0.95363
566 T	0.03729	0.00964	0.95306
567 T	0.03706	0.01069	0.95225
568 G	0.03662	0.01225	0.95113
569 T	0.03643	0.01342	0.95016
570 T	0.03597	0.01506	0.94897
571 G	0.03499	0.01657	0.94845
572 A	0.03418	0.01813	0.94769
573 A	0.03362	0.01873	0.94765
574 T	0.03334	0.01925	0.94741
575 T	0.03293	0.02022	0.94684
576 A	0.03228	0.02317	0.94455
577 A	0.03206	0.02456	0.94339
578 A	0.03191	0.02556	0.94253
579 T	0.03188	0.02579	0.94233
580 A	0.03175	0.02609	0.94215
581 A	0.03154	0.02652	0.94195
582 A	0.03147	0.02653	0.942
583 A	0.03150	0.02641	0.94209
584 A	0.03155	0.02621	0.94225
585 A	0.03188	0.02568	0.94244
586 A	0.03237	0.02505	0.94258
587 A	0.03295	0.02416	0.94288
588 T	0.03393	0.02288	0.9432
589 A	0.03467	0.02197	0.94337
590 T	0.03614	0.02004	0.94381
591 T	0.03766	0.01799	0.94436
592 T	0.03888	0.01634	0.94479
593 T	0.04003	0.01475	0.94522
594 A	0.04080	0.01313	0.94607
595 T	0.04229	0.01085	0.94686
596 G	0.04306	0.00939	0.94755
597 T	0.04406	0.00803	0.9479
598 C	0.04472	0.00692	0.94835
599 T	0.04704	0.00431	0.94864
600 T	0.04813	0.00321	0.94866
601 T	0.04909	0.00215	0.94877
602 T	0.04927	0.00200	0.94873
603 G	0.04914	0.00216	0.9487
604 T	0.04913	0.00213	0.94874
605 C	0.04818	0.00317	0.94866
606 T	0.04735	0.00450	0.94814
607 G	0.04499	0.00707	0.94795
608 A	0.04305	0.00934	0.94761
609 T	0.04220	0.01062	0.94718
610 T	0.04013	0.01291	0.94697
611 C	0.03501	0.01833	0.94666
612 T	0.03107	0.02328	0.94566
613 A	0.02381	0.03234	0.94385
614 C	0.02077	0.03601	0.94322
615 A	0.01712	0.04170	0.94118
616 A	0.01494	0.04412	0.94094
617 A	0.01381	0.04533	0.94086
618 T	0.01333	0.04581	0.94085
619 G	0.01268	0.04647	0.94085
620 C	0.01242	0.04671	0.94086
621 A	0.01230	0.04684	0.94086
622 C	0.01237	0.04677	0.94086
623 A	0.01241	0.04678	0.94081
624 A	0.01242	0.04682	0.94076
625 A	0.01243	0.04687	0.9407
626 A	0.01250	0.04665	0.94086
627 T	0.01229	0.04673	0.94098
628 A	0.01139	0.04665	0.94195
629 A	0.01154	0.04547	0.94299
630 A	0.01150	0.04316	0.94534
631 G	0.01160	0.04035	0.94804
632 A	0.01194	0.03938	0.94868
633 A	0.01233	0.03730	0.95037
634 A	0.01285	0.03235	0.9548
635 G	0.01402	0.02714	0.95884
636 T	0.01579	0.01855	0.96566
637 A	0.01625	0.01555	0.96819
638 T	0.01782	0.01082	0.97135
639 T	0.01786	0.00891	0.97323
640 C	0.01754	0.00820	0.97426
641 C	0.01692	0.00890	0.97418
642 T	0.01578	0.01181	0.97242
643 T	0.01504	0.01528	0.96968
644 C	0.01325	0.01938	0.96737
645 A	0.01187	0.02900	0.95912
646 G	0.01057	0.03306	0.95637
647 A	0.01011	0.03439	0.9555
648 A	0.00943	0.03615	0.95441
649 A	0.00908	0.03791	0.95301
650 A	0.00891	0.03808	0.95302
651 C	0.00903	0.03716	0.95381
652 G	0.00898	0.03917	0.95185
653 A	0.00903	0.04191	0.94906
654 A	0.00924	0.04417	0.94659
655 A	0.00972	0.04490	0.94538
656 T	0.01012	0.04565	0.94423
657 A	0.01006	0.04643	0.94352
658 A	0.01009	0.04660	0.94331
659 G	0.00981	0.04700	0.94319
660 A	0.00967	0.04726	0.94307
661 A	0.00961	0.04723	0.94316
662 A	0.00992	0.04664	0.94343
663 A	0.01057	0.04538	0.94404
664 A	0.01189	0.04284	0.94528
665 C	0.01564	0.03723	0.94712
666 T	0.01915	0.03299	0.94786
667 A	0.02075	0.03040	0.94885
668 T	0.02614	0.02404	0.94982
669 C	0.02732	0.02185	0.95083
670 G	0.02771	0.02125	0.95103
671 A	0.02856	0.01978	0.95166
672 T	0.03037	0.01758	0.95206
673 C	0.03059	0.01715	0.95226
674 A	0.03013	0.01773	0.95214
675 A	0.03196	0.01577	0.95227
676 C	0.03464	0.01295	0.9524
677 T	0.03711	0.01091	0.95198
678 A	0.03786	0.01109	0.95105
679 T	0.03904	0.01018	0.95078
680 T	0.03922	0.00999	0.95079
681 T	0.03869	0.01091	0.95039
682 T	0.03763	0.01197	0.9504
683 A	0.03462	0.01550	0.94988
684 T	0.03162	0.01923	0.94915
685 A	0.02767	0.02423	0.9481
686 A	0.02615	0.02580	0.94806
687 A	0.02514	0.02692	0.94795
688 A	0.02452	0.02752	0.94795
689 T	0.02435	0.02753	0.94811
690 C	0.02410	0.02759	0.94831
691 A	0.02368	0.02826	0.94807
692 A	0.02353	0.02837	0.9481
693 A	0.02349	0.02825	0.94826
694 G	0.02348	0.02796	0.94856
695 G	0.02346	0.02782	0.94871
696 G	0.02342	0.02724	0.94934
697 A	0.02359	0.02622	0.95019
698 G	0.02381	0.02563	0.95056
699 A	0.02410	0.02520	0.9507
700 A	0.02465	0.02439	0.95097
701 T	0.02582	0.02257	0.95161
702 T	0.02639	0.02142	0.95218
703 A	0.02668	0.02046	0.95286
704 T	0.02714	0.01888	0.95398
705 A	0.02742	0.01730	0.95528
706 A	0.02795	0.01393	0.95812
707 T	0.02884	0.00986	0.96129
708 C	0.02980	0.00526	0.96495
709 G	0.02994	0.00397	0.96609
710 T	0.03023	0.00310	0.96667
711 T	0.03039	0.00264	0.96698
712 A	0.03044	0.00249	0.96707
713 C	0.03055	0.00221	0.96724
714 T	0.03083	0.00153	0.96764
715 T	0.03091	0.00130	0.96778
716 T	0.03096	0.00122	0.96782
717 T	0.03099	0.00119	0.96782
718 G	0.03099	0.00117	0.96784
719 C	0.03104	0.00101	0.96794
720 T	0.03116	0.00099	0.96785
721 T	0.03114	0.00126	0.9676
722 C	0.03106	0.00209	0.96685
723 T	0.03100	0.00347	0.96553
724 A	0.03083	0.00441	0.96476
725 A	0.03058	0.00507	0.96435
726 T	0.03059	0.00535	0.96406
727 T	0.03039	0.00580	0.9638
728 T	0.03016	0.00615	0.96368
729 T	0.02980	0.00653	0.96367
730 T	0.02857	0.00787	0.96356
731 A	0.02722	0.00942	0.96336
732 T	0.02661	0.01022	0.96317
733 C	0.02605	0.01122	0.96273
734 G	0.02574	0.01167	0.96259
735 T	0.02555	0.01207	0.96238
736 A	0.02528	0.01291	0.96182
737 T	0.02519	0.01316	0.96166
738 C	0.02461	0.01379	0.96161
739 A	0.02426	0.01424	0.9615
740 A	0.02411	0.01442	0.96148
741 A	0.02402	0.01450	0.96148
742 C	0.02402	0.01448	0.9615
743 A	0.02412	0.01439	0.9615
744 A	0.02443	0.01401	0.96156
745 A	0.02538	0.01293	0.96168
746 T	0.02692	0.01127	0.96181
747 T	0.02755	0.01048	0.96197
748 A	0.02774	0.00991	0.96235
749 T	0.02787	0.00955	0.96258
750 T	0.02752	0.00960	0.96287
751 G	0.02682	0.00993	0.96324
752 A	0.02626	0.01017	0.96357
753 A	0.02585	0.00945	0.96469
754 G	0.02553	0.00863	0.96584
755 C	0.02536	0.00849	0.96616
756 T	0.02512	0.00991	0.96497
757 A	0.02427	0.01220	0.96354
758 G	0.02406	0.01297	0.96296
759 T	0.02444	0.01343	0.96213
760 A	0.02445	0.01437	0.96117
761 T	0.02446	0.01419	0.96134
762 T	0.02434	0.01485	0.96082
763 T	0.02415	0.01507	0.96078
764 T	0.02361	0.01567	0.96071
765 A	0.01912	0.02027	0.96061
766 A	0.01626	0.02316	0.96058
767 C	0.01475	0.02466	0.96058
768 A	0.01364	0.02589	0.96047
769 A	0.01260	0.02700	0.9604
770 A	0.01182	0.02790	0.96028
771 A	0.01160	0.02817	0.96023
772 A	0.01152	0.02831	0.96017
773 G	0.01153	0.02779	0.96068
774 A	0.01153	0.02717	0.9613
775 A	0.01162	0.02661	0.96177
776 A	0.01182	0.02590	0.96228
777 A	0.01216	0.02498	0.96287
778 A	0.01285	0.02376	0.96339
779 T	0.01484	0.02097	0.96419
780 T	0.01639	0.01850	0.9651
781 G	0.01685	0.01765	0.96551
782 C	0.01759	0.01662	0.9658
783 T	0.01836	0.01578	0.96586
784 A	0.01860	0.01555	0.96585
785 T	0.01921	0.01470	0.9661
786 T	0.01926	0.01451	0.96622
787 T	0.01922	0.01421	0.96657
788 T	0.01900	0.00999	0.97101
789 T	0.01866	0.00750	0.97384
790 G	0.01805	0.00665	0.9753
791 G	0.01784	0.00607	0.9761
792 A	0.01769	0.00545	0.97685
793 C	0.01764	0.00484	0.97752
794 G	0.01754	0.00489	0.97757
795 T	0.01748	0.00504	0.97747
796 A	0.01719	0.00572	0.9771
797 G	0.01709	0.00662	0.9763
798 T	0.01706	0.00760	0.97533
799 A	0.01686	0.00897	0.97417
800 T	0.01675	0.00983	0.97342
801 G	0.01646	0.01156	0.97199
802 G	0.01576	0.01537	0.96887
803 A	0.01522	0.01770	0.96708
804 A	0.01466	0.01951	0.96583
805 A	0.01410	0.02030	0.9656
806 A	0.01393	0.02065	0.96542
807 A	0.01381	0.02094	0.96525
808 G	0.01374	0.02079	0.96547
809 C	0.01383	0.02041	0.96576
810 T	0.01397	0.02064	0.96539
811 G	0.01393	0.02194	0.96413
812 T	0.01386	0.02294	0.96321
813 T	0.01359	0.02387	0.96254
814 G	0.01297	0.02602	0.961
815 A	0.01272	0.02633	0.96095
816 A	0.01260	0.02635	0.96105
817 A	0.01260	0.02617	0.96123
818 A	0.01269	0.02587	0.96144
819 C	0.01307	0.02510	0.96183
820 G	0.01393	0.02432	0.96176
821 G	0.01500	0.02335	0.96165
822 A	0.01634	0.02225	0.96141
823 A	0.01733	0.02131	0.96136
824 T	0.01909	0.01939	0.96153
825 T	0.02139	0.01641	0.96219
826 A	0.02235	0.01499	0.96266
827 A	0.02316	0.01367	0.96316
828 A	0.02353	0.01284	0.96363
829 A	0.02387	0.01232	0.96381
830 A	0.02436	0.01165	0.96399
831 T	0.02477	0.01096	0.96426
832 G	0.02463	0.01109	0.96428
833 G	0.02515	0.01057	0.96428
834 T	0.02691	0.00894	0.96415
835 T	0.02772	0.00837	0.96391
836 A	0.02777	0.00866	0.96357
837 T	0.02852	0.00790	0.96358
838 T	0.02816	0.00841	0.96344
839 T	0.02752	0.00939	0.96309
840 A	0.02438	0.01311	0.96252
841 A	0.02308	0.01460	0.96232
842 A	0.02217	0.01561	0.96222
843 T	0.02149	0.01624	0.96227
844 A	0.01906	0.01862	0.96231
845 T	0.01785	0.01977	0.96239
846 T	0.01623	0.02132	0.96244
847 C	0.01381	0.02372	0.96247
848 C	0.01187	0.02572	0.96241
849 A	0.00969	0.02810	0.96221
850 A	0.00836	0.02969	0.96194
851 A	0.00780	0.03036	0.96184
852 A	0.00740	0.03082	0.96178
853 G	0.00714	0.03100	0.96186
854 A	0.00715	0.03071	0.96215
855 T	0.00724	0.02998	0.96278
856 A	0.00723	0.02958	0.96319
857 C	0.00746	0.02894	0.96359
858 A	0.00784	0.02844	0.96371
859 A	0.00846	0.02737	0.96417
860 T	0.00907	0.02610	0.96484
861 T	0.00925	0.02542	0.96533
862 G	0.00918	0.02517	0.96565
863 T	0.00925	0.02271	0.96803
864 A	0.00857	0.02266	0.96877
865 A	0.00771	0.02275	0.96954
866 A	0.00710	0.02232	0.97058
867 T	0.00694	0.01939	0.97367
868 G	0.00661	0.01811	0.97528
869 G	0.00650	0.01753	0.97597
870 A	0.00648	0.01796	0.97556
871 A	0.00652	0.01931	0.97416
872 A	0.00667	0.01934	0.97399
873 T	0.00690	0.01954	0.97356
874 A	0.00669	0.02095	0.97235
875 A	0.00656	0.02155	0.97189
876 T	0.00642	0.02213	0.97145
877 A	0.00625	0.02384	0.96991
878 T	0.00618	0.02461	0.96921
879 A	0.00598	0.02548	0.96854
880 G	0.00591	0.02596	0.96813
881 A	0.00589	0.02689	0.96722
882 A	0.00588	0.02750	0.96663
883 A	0.00573	0.02781	0.96646
884 A	0.00581	0.02765	0.96655
885 A	0.00610	0.02695	0.96695
886 T	0.00670	0.02586	0.96744
887 A	0.00712	0.02466	0.96822
888 T	0.00762	0.02318	0.9692
889 C	0.00789	0.02230	0.96981
890 A	0.00815	0.02194	0.96991
891 C	0.00859	0.02134	0.97006
892 A	0.00961	0.02031	0.97007
893 A	0.01169	0.01822	0.97008
894 T	0.01496	0.01493	0.97012
895 A	0.01676	0.01306	0.97018
896 T	0.01878	0.01096	0.97026
897 T	0.02044	0.00890	0.97065
898 A	0.02120	0.00787	0.97093
899 C	0.02194	0.00680	0.97126
900 C	0.02358	0.00501	0.97141
901 T	0.02468	0.00392	0.9714
902 T	0.02529	0.00334	0.97136
903 A	0.02556	0.00316	0.97129
904 A	0.02610	0.00265	0.97125
905 T	0.02646	0.00226	0.97128
906 T	0.02646	0.00208	0.97145
907 T	0.02642	0.00202	0.97156
908 G	0.02625	0.00219	0.97156
909 T	0.02619	0.00224	0.97156
910 A	0.02609	0.00235	0.97156
911 C	0.02590	0.00255	0.97155
912 T	0.02543	0.00313	0.97144
913 G	0.02510	0.00348	0.97142
914 G	0.02498	0.00364	0.97138
915 A	0.02493	0.00371	0.97136
916 T	0.02491	0.00373	0.97136
917 C	0.02487	0.00376	0.97137
918 A	0.02485	0.00380	0.97136
919 C	0.02480	0.00384	0.97135
920 A	0.02476	0.00391	0.97133
921 A	0.02466	0.00402	0.97132
922 G	0.02461	0.00408	0.97132
923 G	0.02453	0.00411	0.97135
924 A	0.02445	0.00417	0.97138
925 G	0.02446	0.00391	0.97163
926 A	0.02450	0.00363	0.97186
927 A	0.02453	0.00336	0.97211
928 C	0.02457	0.00296	0.97247
929 C	0.02464	0.00275	0.97262
930 A	0.02465	0.00270	0.97265
931 T	0.02470	0.00258	0.97272
932 T	0.02473	0.00251	0.97276
933 G	0.02473	0.00245	0.97282
934 G	0.02475	0.00223	0.97302
935 C	0.02485	0.00152	0.97363
936 C	0.02487	0.00122	0.97391
937 G	0.02491	0.00111	0.97398
938 C	0.02492	0.00108	0.974
939 T	0.02490	0.00111	0.97398
940 C	0.02485	0.00117	0.97398
941 T	0.02483	0.00121	0.97397
942 T	0.02479	0.00124	0.97397
943 A	0.02469	0.00136	0.97395
944 G	0.02461	0.00136	0.97403
945 T	0.02453	0.00141	0.97405
946 A	0.02441	0.00146	0.97413
947 G	0.02405	0.00174	0.97421
948 A	0.02389	0.00194	0.97418
949 A	0.02376	0.00204	0.9742
950 T	0.02367	0.00211	0.97422
951 G	0.02344	0.00232	0.97424
952 G	0.02333	0.00241	0.97426
953 C	0.02322	0.00250	0.97428
954 G	0.02307	0.00268	0.97425
955 C	0.02296	0.00284	0.97421
956 A	0.02285	0.00314	0.97401
957 T	0.02278	0.00329	0.97393
958 G	0.02266	0.00350	0.97384
959 G	0.02258	0.00367	0.97375
960 A	0.02255	0.00372	0.97373
961 A	0.02255	0.00368	0.97377
962 T	0.02258	0.00357	0.97384
963 T	0.02258	0.00348	0.97393
964 C	0.02253	0.00346	0.97401
965 A	0.02242	0.00357	0.97401
966 T	0.02236	0.00355	0.97409
967 A	0.02208	0.00379	0.97413
968 G	0.02185	0.00396	0.97418
969 A	0.02169	0.00407	0.97424
970 C	0.02158	0.00383	0.97459
971 A	0.02161	0.00388	0.97451
972 A	0.02162	0.00403	0.97435
973 A	0.02165	0.00414	0.97421
974 T	0.02169	0.00414	0.97417
975 T	0.02171	0.00449	0.9738
976 A	0.02171	0.00473	0.97356
977 G	0.02175	0.00475	0.9735
978 A	0.02180	0.00504	0.97316
979 T	0.02199	0.00500	0.97301
980 T	0.02205	0.00506	0.97289
981 A	0.02209	0.00518	0.97273
982 T	0.02214	0.00518	0.97268
983 T	0.02213	0.00530	0.97256
984 T	0.02210	0.00546	0.97244
985 A	0.02207	0.00566	0.97226
986 A	0.02206	0.00575	0.97219
987 A	0.02206	0.00573	0.97221
988 A	0.02207	0.00563	0.9723
989 A	0.02208	0.00550	0.97242
990 A	0.02211	0.00519	0.9727
991 G	0.02214	0.00490	0.97297
992 A	0.02219	0.00466	0.97315
993 C	0.02227	0.00441	0.97332
994 A	0.02250	0.00414	0.97335
995 C	0.02282	0.00378	0.97339
996 G	0.02310	0.00351	0.9734
997 G	0.02343	0.00318	0.97339
998 T	0.02399	0.00262	0.97339
999 T	0.02441	0.00221	0.97338
1000 A	0.02463	0.00200	0.97338
1001 T	0.02513	0.00146	0.97341
1002 T	0.02539	0.00117	0.97343
1003 T	0.02556	0.00097	0.97347
1004 T	0.02572	0.00077	0.97351
1005 C	0.02581	0.00065	0.97355
1006 T	0.02589	0.00055	0.97355
1007 C	0.02594	0.00050	0.97356
1008 T	0.02608	0.00036	0.97356
1009 T	0.02612	0.00031	0.97357
1010 C	0.02610	0.00033	0.97357
1011 T	0.02610	0.00033	0.97357
1012 T	0.02605	0.00038	0.97357
1013 C	0.02575	0.00068	0.97357
1014 T	0.02543	0.00100	0.97357
1015 C	0.02511	0.00133	0.97355
1016 C	0.02481	0.00163	0.97355
1017 A	0.02454	0.00190	0.97355
1018 A	0.02439	0.00206	0.97355
1019 T	0.02432	0.00212	0.97355
1020 C	0.02413	0.00232	0.97355
1021 C	0.02383	0.00261	0.97355
1022 C	0.02371	0.00274	0.97355
1023 T	0.02357	0.00290	0.97353
1024 G	0.02316	0.00338	0.97346
1025 G	0.02292	0.00374	0.97334
1026 T	0.02278	0.00393	0.97329
1027 A	0.02252	0.00425	0.97323
1028 A	0.02237	0.00440	0.97323
1029 T	0.02229	0.00445	0.97326
1030 C	0.02217	0.00453	0.9733
1031 A	0.02207	0.00469	0.97324
1032 A	0.02201	0.00483	0.97317
1033 G	0.02195	0.00502	0.97303
1034 A	0.02193	0.00518	0.9729
1035 T	0.02191	0.00522	0.97287
1036 A	0.02188	0.00500	0.97312
1037 G	0.02186	0.00473	0.97341
1038 T	0.02185	0.00452	0.97362
1039 A	0.02184	0.00439	0.97377
1040 T	0.02183	0.00421	0.97396
1041 A	0.02182	0.00416	0.97402
1042 A	0.02182	0.00410	0.97408
1043 A	0.02181	0.00392	0.97427
1044 T	0.02180	0.00361	0.97459
1045 A	0.02177	0.00351	0.97472
1046 A	0.02178	0.00335	0.97487
1047 A	0.02182	0.00292	0.97525
1048 G	0.02193	0.00252	0.97555
1049 T	0.02200	0.00229	0.97571
1050 T	0.02206	0.00202	0.97592
1051 T	0.02208	0.00201	0.97592
1052 T	0.02206	0.00203	0.9759
1053 A	0.02204	0.00218	0.97579
1054 G	0.02207	0.00214	0.97579
1055 A	0.02217	0.00210	0.97573
1056 T	0.02239	0.00185	0.97576
1057 T	0.02256	0.00173	0.97571
1058 T	0.02263	0.00169	0.97568
1059 A	0.02266	0.00173	0.97561
1060 C	0.02272	0.00168	0.9756
1061 T	0.02282	0.00165	0.97554
1062 T	0.02288	0.00167	0.97546
1063 T	0.02289	0.00171	0.9754
1064 T	0.02288	0.00176	0.97536
1065 T	0.02273	0.00196	0.97531
1066 A	0.02253	0.00219	0.97527
1067 A	0.02240	0.00232	0.97528
1068 A	0.02237	0.00233	0.97531
1069 A	0.02236	0.00232	0.97531
1070 T	0.02239	0.00228	0.97534
1071 G	0.02240	0.00226	0.97534
1072 G	0.02242	0.00226	0.97532
1073 A	0.02247	0.00225	0.97528
1074 T	0.02259	0.00215	0.97526
1075 G	0.02263	0.00221	0.97515
1076 T	0.02281	0.00211	0.97509
1077 A	0.02285	0.00219	0.97495
1078 G	0.02293	0.00217	0.97489
1079 A	0.02297	0.00217	0.97485
1080 T	0.02309	0.00208	0.97483
1081 G	0.02315	0.00204	0.97481
1082 T	0.02330	0.00190	0.9748
1083 T	0.02337	0.00186	0.97477
1084 A	0.02341	0.00189	0.9747
1085 T	0.02347	0.00183	0.9747
1086 T	0.02351	0.00177	0.97473
1087 A	0.02352	0.00172	0.97476
1088 T	0.02355	0.00153	0.97492
1089 T	0.02357	0.00135	0.97508
1090 C	0.02357	0.00126	0.97518
1091 A	0.02357	0.00128	0.97515
1092 T	0.02358	0.00129	0.97513
1093 G	0.02358	0.00134	0.97508
1094 G	0.02358	0.00139	0.97503
1095 A	0.02361	0.00140	0.97499
1096 G	0.02367	0.00135	0.97498
1097 A	0.02374	0.00134	0.97492
1098 T	0.02392	0.00117	0.9749
1099 G	0.02402	0.00113	0.97485
1100 T	0.02417	0.00108	0.97475
1101 T	0.02423	0.00120	0.97457
1102 G	0.02426	0.00145	0.97429
1103 T	0.02430	0.00162	0.97408
1104 T	0.02433	0.00184	0.97383
1105 A	0.02434	0.00189	0.97378
1106 A	0.02436	0.00190	0.97374
1107 T	0.02443	0.00183	0.97374
1108 A	0.02444	0.00183	0.97372
1109 C	0.02445	0.00182	0.97373
1110 T	0.02447	0.00185	0.97369
1111 C	0.02445	0.00188	0.97367
1112 A	0.02443	0.00192	0.97366
1113 T	0.02442	0.00192	0.97365
1114 G	0.02423	0.00212	0.97365
1115 C	0.02405	0.00230	0.97365
1116 C	0.02394	0.00245	0.97362
1117 T	0.02371	0.00284	0.97345
1118 C	0.02327	0.00343	0.97331
1119 A	0.02292	0.00385	0.97324
1120 G	0.02230	0.00452	0.97318
1121 G	0.02201	0.00488	0.9731
1122 A	0.02175	0.00529	0.97296
1123 C	0.02158	0.00550	0.97293
1124 A	0.02139	0.00590	0.97271
1125 T	0.02133	0.00607	0.9726
1126 G	0.02087	0.00664	0.97249
1127 C	0.02059	0.00698	0.97243
1128 A	0.02035	0.00723	0.97241
1129 A	0.02021	0.00738	0.97241
1130 G	0.02010	0.00749	0.97241
1131 C	0.02003	0.00756	0.97242
1132 C	0.01998	0.00763	0.97239
1133 A	0.01994	0.00768	0.97237
1134 A	0.01990	0.00774	0.97235
1135 A	0.01986	0.00781	0.97234
1136 A	0.01986	0.00780	0.97234
1137 C	0.01988	0.00753	0.97259
1138 G	0.01991	0.00721	0.97287
1139 A	0.01999	0.00698	0.97303
1140 T	0.02020	0.00649	0.97332
1141 T	0.02033	0.00603	0.97364
1142 T	0.02038	0.00577	0.97385
1143 A	0.02038	0.00528	0.97433
1144 A	0.02042	0.00506	0.97453
1145 A	0.02052	0.00476	0.97472
1146 A	0.02057	0.00453	0.9749
1147 T	0.02082	0.00410	0.97508
1148 T	0.02093	0.00390	0.97518
1149 A	0.02101	0.00400	0.975
1150 T	0.02106	0.00434	0.9746
1151 T	0.02107	0.00565	0.97328
1152 A	0.02100	0.00718	0.97183
1153 T	0.02098	0.00808	0.97094
1154 T	0.02095	0.00883	0.97022
1155 A	0.02091	0.00948	0.9696
1156 A	0.02091	0.00975	0.96934
1157 A	0.02094	0.00980	0.96926
1158 T	0.02098	0.00978	0.96924
1159 T	0.02100	0.00981	0.96919
1160 T	0.02101	0.00984	0.96915
1161 A	0.02102	0.00989	0.9691
1162 G	0.02106	0.00989	0.96905
1163 T	0.02111	0.00987	0.96902
1164 T	0.02115	0.00984	0.969
1165 A	0.02119	0.00980	0.96901
1166 A	0.02133	0.00964	0.96903
1167 A	0.02152	0.00944	0.96904
1168 C	0.02176	0.00918	0.96907
1169 C	0.02215	0.00879	0.96906
1170 T	0.02274	0.00826	0.96901
1171 A	0.02309	0.00799	0.96892
1172 A	0.02382	0.00736	0.96882
1173 A	0.02483	0.00639	0.96878
1174 T	0.02687	0.00435	0.96877
1175 T	0.02844	0.00273	0.96882
1176 T	0.02943	0.00176	0.9688
1177 T	0.02986	0.00141	0.96873
1178 T	0.03014	0.00122	0.96865
1179 T	0.03021	0.00119	0.96861
1180 A	0.03022	0.00118	0.9686
1181 T	0.03027	0.00113	0.9686
1182 T	0.03023	0.00116	0.9686
1183 C	0.03019	0.00120	0.96861
1184 C	0.03017	0.00125	0.96857
1185 T	0.03017	0.00127	0.96856
1186 G	0.02998	0.00147	0.96855
1187 T	0.02981	0.00164	0.96854
1188 A	0.02954	0.00192	0.96854
1189 C	0.02939	0.00207	0.96854
1190 A	0.02927	0.00220	0.96853
1191 C	0.02923	0.00226	0.96851
1192 G	0.02921	0.00229	0.9685
1193 G	0.02925	0.00227	0.96848
1194 A	0.02933	0.00219	0.96848
1195 T	0.02943	0.00209	0.96847
1196 C	0.02947	0.00205	0.96848
1197 G	0.02949	0.00205	0.96846
1198 C	0.02954	0.00203	0.96842
1199 A	0.02957	0.00204	0.96838
1200 T	0.02965	0.00202	0.96833
1201 A	0.02966	0.00217	0.96818
1202 T	0.02957	0.00238	0.96805
1203 C	0.02946	0.00257	0.96798
1204 A	0.02936	0.00286	0.96778
1205 T	0.02925	0.00309	0.96766
1206 G	0.02907	0.00349	0.96745
1207 T	0.02904	0.00392	0.96704
1208 T	0.02893	0.00432	0.96674
1209 A	0.02872	0.00505	0.96623
1210 A	0.02862	0.00501	0.96638
1211 T	0.02859	0.00480	0.96661
1212 G	0.02846	0.00479	0.96675
1213 G	0.02835	0.00483	0.96683
1214 C	0.02831	0.00484	0.96684
1215 T	0.02829	0.00490	0.96681
1216 C	0.02823	0.00504	0.96674
1217 A	0.02818	0.00538	0.96643
1218 T	0.02817	0.00571	0.96612
1219 A	0.02814	0.00648	0.96538
1220 A	0.02814	0.00683	0.96503
1221 A	0.02817	0.00710	0.96473
1222 A	0.02821	0.00717	0.96462
1223 A	0.02828	0.00713	0.96459
1224 A	0.02851	0.00683	0.96466
1225 T	0.02878	0.00634	0.96488
1226 T	0.02894	0.00607	0.96499
1227 A	0.02908	0.00586	0.96506
1228 G	0.02933	0.00548	0.96518
1229 C	0.02964	0.00498	0.96538
1230 T	0.03002	0.00470	0.96528
1231 A	0.03024	0.00471	0.96505
1232 T	0.03080	0.00440	0.96481
1233 T	0.03078	0.00519	0.96403
1234 G	0.03055	0.00766	0.96179
1235 A	0.03041	0.00801	0.96158
1236 T	0.03028	0.00833	0.96139
1237 T	0.03003	0.00877	0.96121
1238 G	0.02962	0.00932	0.96105
1239 C	0.02951	0.00955	0.96094
1240 G	0.02965	0.00987	0.96049
1241 G	0.02990	0.00999	0.96011
1242 T	0.03061	0.00967	0.95973
1243 A	0.03082	0.00975	0.95943
1244 T	0.03105	0.00966	0.9593
1245 T	0.03110	0.00971	0.95919
1246 A	0.03105	0.00977	0.95918
1247 A	0.03103	0.00979	0.95919
1248 A	0.03101	0.00980	0.95919
1249 T	0.03102	0.00976	0.95921
1250 C	0.03100	0.00974	0.95925
1251 T	0.03096	0.00984	0.95919
1252 G	0.03059	0.01031	0.9591
1253 A	0.03063	0.01038	0.95899
1254 A	0.03084	0.01027	0.95889
1255 A	0.03119	0.01006	0.95874
1256 A	0.03203	0.00931	0.95866
1257 T	0.03441	0.00681	0.95878
1258 A	0.03484	0.00651	0.95866
1259 T	0.03547	0.00573	0.95879
1260 T	0.03589	0.00520	0.95891
1261 T	0.03612	0.00482	0.95907
1262 T	0.03618	0.00493	0.95888
1263 T	0.03627	0.00511	0.95862
1264 A	0.03630	0.00569	0.958
1265 T	0.03653	0.00561	0.95786
1266 T	0.03660	0.00581	0.95759
1267 T	0.03650	0.00630	0.95719
1268 T	0.03633	0.00675	0.95693
1269 A	0.03483	0.00865	0.95652
1270 G	0.03428	0.00940	0.95632
1271 A	0.03375	0.00995	0.9563
1272 T	0.03327	0.01041	0.95632
1273 A	0.03243	0.01129	0.95629
1274 A	0.03203	0.01163	0.95634
1275 C	0.03172	0.01165	0.95663
1276 G	0.03121	0.01246	0.95633
1277 G	0.03104	0.01308	0.95587
1278 A	0.03115	0.01362	0.95524
1279 G	0.03134	0.01433	0.95433
1280 A	0.03152	0.01563	0.95285
1281 T	0.03197	0.01564	0.95239
1282 G	0.03211	0.01559	0.9523
1283 T	0.03234	0.01544	0.95222
1284 A	0.03243	0.01547	0.9521
1285 G	0.03273	0.01511	0.95217
1286 C	0.03308	0.01464	0.95229
1287 T	0.03374	0.01419	0.95207
1288 G	0.03371	0.01473	0.95156
1289 G	0.03385	0.01554	0.9506
1290 T	0.03389	0.01724	0.94887
1291 A	0.03274	0.02198	0.94528
1292 T	0.03230	0.02498	0.94272
1293 A	0.03114	0.02771	0.94115
1294 A	0.03076	0.02854	0.94069
1295 G	0.03043	0.02923	0.94034
1296 T	0.03039	0.02869	0.94092
1297 G	0.03007	0.02908	0.94085
1298 A	0.03000	0.02920	0.94081
1299 G	0.03030	0.02882	0.94088
1300 C	0.03072	0.02830	0.94099
1301 A	0.03124	0.02800	0.94075
1302 A	0.03216	0.02722	0.94062
1303 T	0.03360	0.02592	0.94049
1304 C	0.03400	0.02579	0.94021
1305 T	0.03416	0.02711	0.93872
1306 G	0.03422	0.02876	0.93701
1307 T	0.03429	0.03007	0.93564
1308 T	0.03393	0.03282	0.93325
1309 A	0.03301	0.03597	0.93103
1310 A	0.03230	0.03824	0.92947
1311 A	0.03232	0.04067	0.927
1312 A	0.03332	0.04260	0.92408
1313 A	0.03520	0.04412	0.92068
1314 A	0.03901	0.04476	0.91622
1315 T	0.04330	0.04875	0.90795
1316 T	0.04478	0.05381	0.90141
1317 A	0.04365	0.06812	0.88822
1318 G	0.04211	0.08216	0.87572
1319 A	0.04118	0.09175	0.86707
1320 T	0.04045	0.09396	0.86559
1321 A	0.03799	0.09802	0.86399
1322 A	0.03715	0.09953	0.86331
1323 T	0.03687	0.10019	0.86293
1324 C	0.03634	0.10111	0.86255
1325 A	0.03613	0.10259	0.86128
1326 A	0.03621	0.10343	0.86036
1327 A	0.03680	0.10328	0.85991
1328 T	0.03863	0.10164	0.85973
