# lcl|CP097583.1_cds_USQ93442.1_1
# AA	inside	membr	outside
1 A	0.11685	0.00000	0.88315
2 T	0.11642	0.00043	0.88315
3 G	0.11617	0.00068	0.88315
4 A	0.11617	0.00472	0.8791
5 T	0.11481	0.00902	0.87617
6 A	0.11481	0.01018	0.87501
7 A	0.08545	0.04013	0.87442
8 A	0.08545	0.04014	0.87441
9 T	0.08403	0.04167	0.87431
10 T	0.08402	0.04846	0.86752
11 A	0.08260	0.05030	0.86711
12 T	0.06967	0.06332	0.86702
13 A	0.03381	0.09951	0.86669
14 A	0.03380	0.09951	0.86669
15 A	0.03380	0.09995	0.86626
16 A	0.03349	0.10026	0.86626
17 A	0.03327	0.10048	0.86625
18 G	0.03326	0.10049	0.86625
19 A	0.03315	0.10060	0.86625
20 T	0.03284	0.10088	0.86628
21 T	0.03191	0.10174	0.86635
22 T	0.03190	0.10160	0.86651
23 C	0.03185	0.10138	0.86676
24 T	0.03194	0.10126	0.8668
25 G	0.03187	0.10093	0.86721
26 A	0.03198	0.10063	0.86739
27 T	0.03555	0.09653	0.86793
28 A	0.03807	0.09320	0.86873
29 A	0.03939	0.09030	0.87031
30 T	0.04167	0.06037	0.89796
31 G	0.04200	0.05587	0.90213
32 T	0.04263	0.05031	0.90705
33 T	0.04714	0.04012	0.91274
34 T	0.04746	0.03716	0.91538
35 T	0.04751	0.02763	0.92486
36 T	0.04744	0.00513	0.94743
37 T	0.04718	0.00496	0.94786
38 A	0.04641	0.00556	0.94803
39 T	0.04540	0.00678	0.94782
40 A	0.04395	0.00844	0.94761
41 A	0.04314	0.00926	0.9476
42 A	0.04278	0.00966	0.94756
43 T	0.04266	0.00936	0.94798
44 G	0.04235	0.00933	0.94832
45 G	0.04226	0.00942	0.94832
46 T	0.04227	0.00936	0.94837
47 T	0.04227	0.00935	0.94838
48 T	0.04223	0.00932	0.94845
49 T	0.04219	0.00944	0.94837
50 T	0.04210	0.00965	0.94825
51 T	0.04200	0.00975	0.94825
52 A	0.04179	0.00997	0.94824
53 T	0.04158	0.01020	0.94821
54 T	0.04149	0.01045	0.94806
55 A	0.04140	0.01089	0.94771
56 T	0.04136	0.01092	0.94771
57 A	0.04130	0.01100	0.94769
58 T	0.04132	0.01082	0.94786
59 T	0.04134	0.01057	0.94809
60 A	0.04122	0.01046	0.94831
61 A	0.04129	0.00970	0.94902
62 A	0.04193	0.00815	0.94992
63 T	0.04237	0.00640	0.95123
64 G	0.04257	0.00551	0.95192
65 A	0.04299	0.00481	0.9522
66 T	0.04333	0.00430	0.95236
67 T	0.04375	0.00365	0.9526
68 T	0.04389	0.00344	0.95267
69 T	0.04397	0.00333	0.9527
70 T	0.04401	0.00325	0.95274
71 T	0.04400	0.00321	0.95278
72 A	0.04398	0.00318	0.95284
73 T	0.04406	0.00297	0.95297
74 T	0.04405	0.00286	0.95309
75 A	0.04402	0.00271	0.95326
76 G	0.04406	0.00246	0.95348
77 C	0.04427	0.00211	0.95362
78 T	0.04465	0.00167	0.95368
79 T	0.04476	0.00152	0.95372
80 T	0.04488	0.00134	0.95377
81 T	0.04493	0.00126	0.9538
82 G	0.04496	0.00121	0.95383
83 C	0.04502	0.00098	0.954
84 T	0.04508	0.00090	0.95402
85 A	0.04511	0.00087	0.95402
86 T	0.04516	0.00081	0.95403
87 T	0.04521	0.00076	0.95404
88 T	0.04523	0.00074	0.95403
89 A	0.04523	0.00074	0.95403
90 T	0.04527	0.00068	0.95405
91 T	0.04527	0.00064	0.95408
92 T	0.04524	0.00064	0.95412
93 T	0.04505	0.00080	0.95415
94 T	0.04467	0.00115	0.95418
95 T	0.04425	0.00151	0.95424
96 T	0.04338	0.00238	0.95424
97 A	0.04175	0.00405	0.95421
98 T	0.04083	0.00494	0.95423
99 T	0.03952	0.00626	0.95421
100 T	0.03698	0.00888	0.95414
101 T	0.03360	0.01227	0.95414
102 A	0.02933	0.01653	0.95414
103 G	0.02762	0.01823	0.95415
104 G	0.02701	0.01882	0.95416
105 C	0.02669	0.01913	0.95418
106 C	0.02646	0.01936	0.95418
107 C	0.02623	0.01959	0.95418
108 T	0.02612	0.01971	0.95417
109 A	0.02595	0.01993	0.95413
110 A	0.02585	0.02003	0.95411
111 A	0.02581	0.02009	0.95409
112 T	0.02580	0.02010	0.9541
113 T	0.02577	0.02005	0.95418
114 G	0.02571	0.02002	0.95426
115 A	0.02566	0.01997	0.95437
116 A	0.02563	0.01971	0.95466
117 T	0.02562	0.01917	0.95521
118 A	0.02561	0.01866	0.95573
119 A	0.02565	0.01751	0.95684
120 T	0.02571	0.01503	0.95926
121 G	0.02571	0.01312	0.96117
122 G	0.02574	0.01115	0.96311
123 T	0.02581	0.00881	0.96538
124 G	0.02582	0.00623	0.96795
125 G	0.02581	0.00333	0.97086
126 T	0.02581	0.00213	0.97206
127 T	0.02581	0.00168	0.97252
128 T	0.02580	0.00146	0.97274
129 A	0.02578	0.00142	0.97281
130 G	0.02577	0.00124	0.97299
131 A	0.02577	0.00120	0.97303
132 T	0.02580	0.00105	0.97315
133 G	0.02580	0.00107	0.97313
134 G	0.02581	0.00129	0.9729
135 T	0.02584	0.00169	0.97248
136 T	0.02583	0.00173	0.97244
137 T	0.02572	0.00185	0.97244
138 A	0.02552	0.00210	0.97238
139 T	0.02546	0.00218	0.97236
140 C	0.02532	0.00232	0.97236
141 T	0.02516	0.00255	0.97229
142 T	0.02481	0.00306	0.97213
143 T	0.02396	0.00425	0.9718
144 A	0.02195	0.00653	0.97152
145 T	0.02062	0.00788	0.9715
146 T	0.01846	0.01005	0.97149
147 A	0.01520	0.01334	0.97146
148 A	0.01405	0.01448	0.97146
149 C	0.01342	0.01511	0.97148
150 A	0.01310	0.01542	0.97148
151 G	0.01301	0.01550	0.97149
152 T	0.01307	0.01543	0.9715
153 A	0.01300	0.01549	0.9715
154 C	0.01304	0.01545	0.97151
155 A	0.01309	0.01540	0.9715
156 A	0.01317	0.01532	0.97151
157 A	0.01342	0.01507	0.97151
158 T	0.01389	0.01458	0.97153
159 T	0.01396	0.01450	0.97155
160 A	0.01392	0.01441	0.97166
161 T	0.01394	0.01417	0.97189
162 T	0.01385	0.01413	0.97203
163 A	0.01368	0.01411	0.97221
164 A	0.01363	0.01379	0.97257
165 A	0.01375	0.01290	0.97334
166 T	0.01407	0.01095	0.97497
167 T	0.01427	0.00829	0.97744
168 T	0.01425	0.00687	0.97888
169 G	0.01423	0.00512	0.98065
170 T	0.01423	0.00296	0.98281
171 T	0.01421	0.00216	0.98363
172 T	0.01417	0.00176	0.98407
173 C	0.01410	0.00164	0.98426
174 A	0.01403	0.00190	0.98408
175 T	0.01401	0.00209	0.9839
176 G	0.01395	0.00244	0.9836
177 T	0.01392	0.00281	0.98327
178 A	0.01387	0.00369	0.98245
179 A	0.01385	0.00471	0.98144
180 T	0.01382	0.00586	0.98032
181 A	0.01376	0.00683	0.9794
182 A	0.01367	0.00725	0.97908
183 A	0.01366	0.00732	0.97902
184 T	0.01359	0.00736	0.97905
185 T	0.01341	0.00744	0.97914
186 A	0.01320	0.00755	0.97925
187 T	0.01300	0.00764	0.97936
188 T	0.01272	0.00788	0.9794
189 A	0.01218	0.00840	0.97943
190 T	0.01184	0.00870	0.97946
191 C	0.01109	0.00940	0.97951
192 A	0.01058	0.00989	0.97953
193 G	0.01033	0.01012	0.97955
194 A	0.01019	0.01025	0.97956
195 A	0.01012	0.01028	0.9796
196 C	0.01018	0.01016	0.97967
197 C	0.01041	0.00984	0.97975
198 A	0.01068	0.00956	0.97977
199 C	0.01106	0.00914	0.9798
200 A	0.01141	0.00878	0.97981
201 C	0.01223	0.00794	0.97983
202 A	0.01328	0.00688	0.97985
203 T	0.01463	0.00547	0.97989
204 T	0.01545	0.00461	0.97995
205 T	0.01574	0.00420	0.98006
206 T	0.01580	0.00408	0.98012
207 T	0.01581	0.00386	0.98034
208 G	0.01579	0.00360	0.98061
209 A	0.01580	0.00329	0.98092
210 T	0.01580	0.00294	0.98126
211 T	0.01581	0.00257	0.98163
212 T	0.01580	0.00209	0.98211
213 A	0.01578	0.00182	0.98239
214 T	0.01578	0.00118	0.98304
215 G	0.01574	0.00081	0.98345
216 G	0.01573	0.00062	0.98365
217 A	0.01573	0.00051	0.98377
218 T	0.01573	0.00042	0.98386
219 A	0.01572	0.00039	0.98389
220 T	0.01572	0.00034	0.98394
221 T	0.01571	0.00031	0.98397
222 T	0.01570	0.00031	0.98399
223 A	0.01569	0.00031	0.984
224 T	0.01569	0.00031	0.984
225 T	0.01568	0.00030	0.98401
226 T	0.01568	0.00030	0.98402
227 T	0.01567	0.00030	0.98403
228 T	0.01565	0.00031	0.98404
229 G	0.01562	0.00032	0.98405
230 T	0.01561	0.00031	0.98408
231 T	0.01559	0.00031	0.9841
232 C	0.01557	0.00031	0.98412
233 T	0.01557	0.00032	0.98412
234 T	0.01556	0.00033	0.98412
235 T	0.01554	0.00034	0.98412
236 T	0.01551	0.00036	0.98413
237 T	0.01546	0.00040	0.98413
238 T	0.01540	0.00044	0.98417
239 A	0.01529	0.00053	0.98417
240 T	0.01520	0.00062	0.98418
241 A	0.01510	0.00073	0.98417
242 A	0.01507	0.00076	0.98417
243 T	0.01504	0.00078	0.98417
244 T	0.01501	0.00082	0.98417
245 T	0.01495	0.00088	0.98418
246 T	0.01480	0.00102	0.98418
247 G	0.01458	0.00126	0.98417
248 T	0.01435	0.00150	0.98414
249 A	0.01408	0.00179	0.98413
250 A	0.01397	0.00190	0.98413
251 T	0.01392	0.00193	0.98415
252 G	0.01387	0.00196	0.98417
253 A	0.01384	0.00198	0.98418
254 T	0.01383	0.00196	0.98421
255 T	0.01383	0.00195	0.98422
256 T	0.01382	0.00194	0.98423
257 T	0.01382	0.00193	0.98426
258 A	0.01379	0.00194	0.98427
259 T	0.01378	0.00192	0.9843
260 T	0.01376	0.00191	0.98433
261 A	0.01372	0.00192	0.98435
262 A	0.01363	0.00196	0.98442
263 G	0.01358	0.00193	0.98448
264 T	0.01356	0.00188	0.98457
265 T	0.01351	0.00189	0.9846
266 A	0.01342	0.00195	0.98463
267 T	0.01340	0.00192	0.98468
268 A	0.01337	0.00188	0.98474
269 A	0.01337	0.00174	0.9849
270 A	0.01338	0.00150	0.98511
271 T	0.01341	0.00122	0.98536
272 T	0.01343	0.00098	0.98559
273 T	0.01343	0.00090	0.98567
274 T	0.01342	0.00091	0.98567
275 T	0.01328	0.00103	0.98569
276 T	0.01294	0.00139	0.98568
277 G	0.01264	0.00172	0.98564
278 G	0.01239	0.00204	0.98558
279 C	0.01217	0.00237	0.98545
280 A	0.01200	0.00279	0.9852
281 A	0.01193	0.00299	0.98508
282 A	0.01186	0.00311	0.98502
283 G	0.01185	0.00313	0.98502
284 A	0.01188	0.00310	0.98502
285 T	0.01192	0.00295	0.98513
286 T	0.01193	0.00288	0.98519
287 T	0.01193	0.00285	0.98522
288 T	0.01191	0.00282	0.98527
289 T	0.01188	0.00279	0.98532
290 G	0.01183	0.00285	0.98533
291 T	0.01179	0.00287	0.98533
292 C	0.01175	0.00292	0.98532
293 A	0.01171	0.00298	0.98531
294 A	0.01163	0.00308	0.9853
295 A	0.01159	0.00312	0.9853
296 A	0.01158	0.00311	0.98531
297 A	0.01160	0.00306	0.98533
298 A	0.01163	0.00280	0.98557
299 C	0.01170	0.00229	0.986
300 A	0.01180	0.00197	0.98624
301 A	0.01191	0.00164	0.98645
302 T	0.01209	0.00129	0.98662
303 T	0.01230	0.00096	0.98674
304 T	0.01239	0.00082	0.98679
305 T	0.01243	0.00068	0.98688
306 T	0.01245	0.00063	0.98692
307 T	0.01245	0.00061	0.98694
308 T	0.01245	0.00060	0.98696
309 A	0.01244	0.00058	0.98697
310 G	0.01245	0.00053	0.98702
311 C	0.01247	0.00047	0.98706
312 T	0.01249	0.00041	0.98709
313 T	0.01252	0.00035	0.98712
314 T	0.01253	0.00032	0.98715
315 T	0.01254	0.00029	0.98717
316 T	0.01255	0.00027	0.98719
317 T	0.01255	0.00018	0.98727
318 T	0.01255	0.00014	0.98731
319 T	0.01254	0.00012	0.98734
320 T	0.01252	0.00013	0.98734
321 A	0.01244	0.00021	0.98735
322 A	0.01234	0.00030	0.98735
323 C	0.01231	0.00033	0.98735
324 T	0.01230	0.00035	0.98735
325 G	0.01226	0.00038	0.98735
326 G	0.01226	0.00039	0.98735
327 T	0.01226	0.00039	0.98735
328 T	0.01226	0.00039	0.98735
329 G	0.01226	0.00039	0.98736
330 T	0.01226	0.00038	0.98736
331 T	0.01226	0.00037	0.98737
332 T	0.01226	0.00036	0.98738
333 T	0.01226	0.00036	0.98738
334 T	0.01226	0.00036	0.98738
335 T	0.01225	0.00036	0.98739
336 T	0.01224	0.00037	0.98739
337 C	0.01222	0.00040	0.98739
338 T	0.01219	0.00043	0.98738
339 T	0.01214	0.00048	0.98737
340 T	0.01197	0.00067	0.98736
341 T	0.01180	0.00085	0.98735
342 A	0.01165	0.00101	0.98734
343 A	0.01160	0.00104	0.98736
344 A	0.01158	0.00099	0.98744
345 T	0.01157	0.00090	0.98752
346 T	0.01156	0.00089	0.98754
347 A	0.01155	0.00093	0.98752
348 T	0.01149	0.00103	0.98748
349 T	0.01138	0.00126	0.98736
350 T	0.01110	0.00180	0.9871
351 T	0.01064	0.00243	0.98692
352 A	0.01025	0.00304	0.9867
353 T	0.00997	0.00358	0.98644
354 A	0.00946	0.00435	0.98619
355 G	0.00925	0.00465	0.98609
356 G	0.00916	0.00485	0.986
357 A	0.00902	0.00506	0.98592
358 A	0.00894	0.00517	0.98589
359 T	0.00890	0.00523	0.98588
360 A	0.00885	0.00527	0.98588
361 G	0.00884	0.00522	0.98594
362 A	0.00885	0.00516	0.98599
363 T	0.00885	0.00499	0.98615
364 T	0.00885	0.00488	0.98627
365 C	0.00882	0.00485	0.98633
366 A	0.00861	0.00522	0.98616
367 A	0.00844	0.00548	0.98608
368 G	0.00835	0.00560	0.98605
369 A	0.00833	0.00566	0.98601
370 A	0.00836	0.00562	0.98603
371 A	0.00844	0.00540	0.98615
372 A	0.00861	0.00497	0.98642
373 T	0.00894	0.00413	0.98694
374 C	0.00912	0.00331	0.98757
375 G	0.00933	0.00284	0.98783
376 T	0.00961	0.00240	0.988
377 T	0.00984	0.00193	0.98823
378 T	0.00993	0.00175	0.98833
379 T	0.00999	0.00164	0.98837
380 T	0.01001	0.00148	0.98851
381 A	0.01000	0.00142	0.98858
382 T	0.01001	0.00136	0.98863
383 C	0.00998	0.00136	0.98866
384 A	0.00993	0.00151	0.98856
385 A	0.00992	0.00164	0.98845
386 T	0.00995	0.00174	0.98831
387 A	0.00994	0.00201	0.98805
388 A	0.00988	0.00236	0.98776
389 T	0.01002	0.00208	0.9879
390 T	0.01005	0.00200	0.98795
391 T	0.01000	0.00222	0.98778
392 T	0.00990	0.00251	0.9876
393 T	0.00971	0.00288	0.98741
394 A	0.00938	0.00342	0.9872
395 T	0.00915	0.00372	0.98713
396 T	0.00873	0.00416	0.9871
397 G	0.00810	0.00482	0.98708
398 A	0.00756	0.00543	0.987
399 A	0.00707	0.00604	0.98689
400 C	0.00693	0.00627	0.9868
401 T	0.00682	0.00648	0.9867
402 A	0.00666	0.00669	0.98664
403 A	0.00660	0.00679	0.9866
404 A	0.00658	0.00683	0.9866
405 C	0.00652	0.00688	0.9866
406 A	0.00650	0.00690	0.9866
407 A	0.00659	0.00679	0.98661
408 A	0.00671	0.00668	0.9866
409 A	0.00687	0.00653	0.9866
410 A	0.00714	0.00625	0.98661
411 T	0.00752	0.00574	0.98675
412 G	0.00764	0.00554	0.98682
413 A	0.00781	0.00530	0.98689
414 T	0.00811	0.00484	0.98706
415 T	0.00830	0.00449	0.98721
416 T	0.00842	0.00418	0.9874
417 T	0.00853	0.00381	0.98765
418 A	0.00856	0.00359	0.98785
419 A	0.00858	0.00323	0.98819
420 A	0.00860	0.00263	0.98877
421 A	0.00867	0.00203	0.9893
422 C	0.00879	0.00136	0.98985
423 A	0.00890	0.00114	0.98995
424 T	0.00904	0.00090	0.99007
425 T	0.00911	0.00076	0.99014
426 T	0.00914	0.00072	0.99014
427 A	0.00915	0.00074	0.99011
428 T	0.00917	0.00066	0.99017
429 G	0.00919	0.00062	0.9902
430 A	0.00921	0.00059	0.9902
431 T	0.00926	0.00052	0.99023
432 A	0.00929	0.00047	0.99024
433 T	0.00934	0.00042	0.99025
434 C	0.00937	0.00038	0.99025
435 T	0.00941	0.00033	0.99026
436 T	0.00943	0.00031	0.99026
437 C	0.00944	0.00030	0.99026
438 T	0.00945	0.00029	0.99026
439 C	0.00946	0.00028	0.99026
440 T	0.00947	0.00027	0.99026
441 T	0.00947	0.00027	0.99026
442 T	0.00946	0.00028	0.99025
443 T	0.00945	0.00029	0.99026
444 A	0.00941	0.00033	0.99026
445 G	0.00940	0.00033	0.99027
446 G	0.00940	0.00032	0.99028
447 C	0.00941	0.00031	0.99028
448 G	0.00942	0.00029	0.99028
449 G	0.00947	0.00024	0.99028
450 T	0.00953	0.00018	0.99028
451 C	0.00955	0.00016	0.99028
452 T	0.00957	0.00015	0.99028
453 T	0.00957	0.00017	0.99026
454 T	0.00956	0.00022	0.99022
455 T	0.00954	0.00024	0.99022
456 G	0.00949	0.00030	0.99021
457 A	0.00944	0.00036	0.99021
458 T	0.00942	0.00038	0.99021
459 C	0.00939	0.00040	0.9902
460 G	0.00937	0.00044	0.99019
461 G	0.00937	0.00045	0.99018
462 T	0.00936	0.00048	0.99015
463 T	0.00936	0.00049	0.99015
464 A	0.00934	0.00052	0.99015
465 T	0.00933	0.00051	0.99016
466 A	0.00932	0.00051	0.99017
467 C	0.00931	0.00048	0.99021
468 T	0.00931	0.00049	0.99021
469 T	0.00929	0.00051	0.9902
470 T	0.00927	0.00056	0.99016
471 A	0.00922	0.00064	0.99015
472 A	0.00915	0.00072	0.99013
473 G	0.00913	0.00075	0.99012
474 T	0.00911	0.00077	0.99011
475 A	0.00908	0.00082	0.9901
476 A	0.00909	0.00082	0.99009
477 T	0.00912	0.00077	0.99012
478 A	0.00912	0.00076	0.99013
479 T	0.00912	0.00069	0.99018
480 T	0.00912	0.00064	0.99024
481 C	0.00910	0.00065	0.99024
482 G	0.00908	0.00071	0.9902
483 T	0.00906	0.00084	0.9901
484 A	0.00901	0.00107	0.98991
485 A	0.00897	0.00130	0.98974
486 T	0.00890	0.00149	0.98961
487 T	0.00877	0.00169	0.98954
488 T	0.00857	0.00203	0.98939
489 A	0.00832	0.00252	0.98916
490 G	0.00816	0.00286	0.98898
491 G	0.00810	0.00305	0.98884
492 A	0.00808	0.00340	0.98853
493 T	0.00808	0.00351	0.98841
494 A	0.00805	0.00352	0.98842
495 T	0.00804	0.00348	0.98848
496 A	0.00801	0.00350	0.98849
497 A	0.00800	0.00349	0.98851
498 C	0.00801	0.00343	0.98856
499 A	0.00801	0.00343	0.98855
500 C	0.00802	0.00344	0.98855
501 A	0.00801	0.00350	0.98849
502 G	0.00800	0.00357	0.98843
503 G	0.00791	0.00376	0.98833
504 A	0.00785	0.00398	0.98816
505 G	0.00787	0.00402	0.98812
506 G	0.00798	0.00391	0.9881
507 A	0.00817	0.00372	0.98812
508 A	0.00838	0.00343	0.98818
509 T	0.00856	0.00311	0.98833
510 G	0.00864	0.00290	0.98846
511 G	0.00878	0.00268	0.98854
512 A	0.00902	0.00245	0.98853
513 T	0.00924	0.00229	0.98848
514 G	0.00931	0.00248	0.9882
515 T	0.00956	0.00224	0.9882
516 T	0.00959	0.00220	0.98821
517 T	0.00947	0.00230	0.98824
518 G	0.00919	0.00257	0.98824
519 C	0.00897	0.00277	0.98826
520 C	0.00884	0.00294	0.98822
521 A	0.00869	0.00319	0.98811
522 A	0.00863	0.00335	0.98801
523 A	0.00863	0.00349	0.98788
524 A	0.00869	0.00350	0.98781
525 A	0.00876	0.00348	0.98775
526 A	0.00889	0.00330	0.98781
527 T	0.00909	0.00306	0.98785
528 T	0.00916	0.00303	0.9878
529 T	0.00917	0.00320	0.98763
530 T	0.00912	0.00339	0.98749
531 A	0.00898	0.00371	0.98731
532 A	0.00889	0.00389	0.98722
533 A	0.00887	0.00393	0.9872
534 A	0.00894	0.00388	0.98719
535 G	0.00909	0.00371	0.98719
536 A	0.00927	0.00353	0.9872
537 T	0.00959	0.00314	0.98727
538 A	0.00964	0.00304	0.98732
539 T	0.00969	0.00288	0.98744
540 T	0.00972	0.00271	0.98757
541 T	0.00973	0.00247	0.9878
542 G	0.00973	0.00231	0.98796
543 T	0.00976	0.00219	0.98805
544 G	0.00981	0.00205	0.98814
545 G	0.00990	0.00194	0.98817
546 T	0.01003	0.00179	0.98817
547 A	0.01009	0.00173	0.98817
548 T	0.01017	0.00166	0.98817
549 A	0.01022	0.00161	0.98817
550 A	0.01029	0.00153	0.98818
551 A	0.01041	0.00137	0.98822
552 T	0.01068	0.00104	0.98828
553 T	0.01082	0.00080	0.98838
554 T	0.01096	0.00054	0.9885
555 T	0.01101	0.00041	0.98858
556 A	0.01103	0.00036	0.9886
557 T	0.01105	0.00031	0.98863
558 T	0.01106	0.00029	0.98865
559 T	0.01107	0.00028	0.98864
560 T	0.01107	0.00031	0.98862
561 A	0.01106	0.00036	0.98858
562 G	0.01106	0.00038	0.98856
563 T	0.01107	0.00041	0.98852
564 T	0.01108	0.00049	0.98843
565 T	0.01108	0.00055	0.98837
566 T	0.01106	0.00064	0.9883
567 A	0.01103	0.00089	0.98807
568 T	0.01103	0.00098	0.98799
569 T	0.01103	0.00103	0.98795
570 G	0.01101	0.00110	0.9879
571 T	0.01100	0.00111	0.98788
572 T	0.01099	0.00113	0.98788
573 T	0.01094	0.00118	0.98787
574 A	0.01088	0.00126	0.98787
575 C	0.01086	0.00128	0.98786
576 T	0.01085	0.00130	0.98785
577 G	0.01084	0.00132	0.98784
578 A	0.01084	0.00133	0.98783
579 T	0.01084	0.00133	0.98783
580 G	0.01084	0.00134	0.98781
581 G	0.01085	0.00133	0.98782
582 A	0.01086	0.00132	0.98782
583 A	0.01089	0.00128	0.98783
584 T	0.01095	0.00121	0.98785
585 G	0.01097	0.00117	0.98786
586 A	0.01104	0.00110	0.98786
587 T	0.01116	0.00095	0.98789
588 T	0.01124	0.00085	0.98791
589 G	0.01131	0.00075	0.98794
590 T	0.01155	0.00048	0.98797
591 T	0.01163	0.00039	0.98798
592 T	0.01166	0.00034	0.988
593 T	0.01168	0.00030	0.98802
594 G	0.01168	0.00029	0.98804
595 T	0.01169	0.00025	0.98805
596 T	0.01169	0.00022	0.98809
597 T	0.01169	0.00017	0.98813
598 T	0.01169	0.00016	0.98814
599 C	0.01169	0.00016	0.98815
600 T	0.01170	0.00017	0.98813
601 T	0.01169	0.00022	0.98808
602 C	0.01167	0.00033	0.988
603 T	0.01166	0.00056	0.98778
604 T	0.01162	0.00082	0.98755
605 T	0.01149	0.00132	0.98719
606 A	0.01111	0.00233	0.98657
607 A	0.01078	0.00337	0.98584
608 T	0.01048	0.00442	0.9851
609 T	0.00961	0.00653	0.98385
610 G	0.00794	0.00951	0.98255
611 A	0.00736	0.01115	0.98149
612 A	0.00705	0.01200	0.98096
613 G	0.00686	0.01252	0.98063
614 A	0.00677	0.01289	0.98034
615 T	0.00672	0.01304	0.98023
616 A	0.00667	0.01316	0.98016
617 A	0.00665	0.01319	0.98016
618 A	0.00664	0.01320	0.98016
619 G	0.00664	0.01320	0.98016
620 A	0.00664	0.01320	0.98016
621 C	0.00665	0.01318	0.98016
622 G	0.00666	0.01322	0.98011
623 A	0.00671	0.01328	0.98001
624 A	0.00681	0.01327	0.97992
625 T	0.00702	0.01311	0.97987
626 T	0.00725	0.01296	0.97979
627 A	0.00743	0.01280	0.97977
628 A	0.00775	0.01235	0.9799
629 A	0.00838	0.01135	0.98027
630 A	0.00926	0.01006	0.98068
631 A	0.01036	0.00854	0.9811
632 T	0.01211	0.00580	0.98209
633 T	0.01346	0.00299	0.98355
634 T	0.01423	0.00173	0.98404
635 T	0.01443	0.00129	0.98428
636 T	0.01452	0.00107	0.9844
637 T	0.01457	0.00097	0.98446
638 T	0.01459	0.00092	0.98449
639 T	0.01459	0.00090	0.9845
640 G	0.01456	0.00093	0.98451
641 G	0.01453	0.00098	0.98449
642 T	0.01452	0.00103	0.98446
643 A	0.01450	0.00110	0.98441
644 G	0.01449	0.00110	0.98441
645 A	0.01455	0.00104	0.98441
646 A	0.01467	0.00092	0.98441
647 T	0.01479	0.00080	0.98441
648 C	0.01487	0.00072	0.98441
649 T	0.01497	0.00063	0.9844
650 T	0.01503	0.00057	0.9844
651 T	0.01505	0.00056	0.98439
652 T	0.01505	0.00056	0.98439
653 G	0.01504	0.00057	0.98439
654 T	0.01505	0.00056	0.98439
655 T	0.01506	0.00055	0.9844
656 C	0.01506	0.00054	0.9844
657 T	0.01509	0.00052	0.98438
658 T	0.01512	0.00050	0.98438
659 T	0.01514	0.00049	0.98437
660 T	0.01515	0.00048	0.98437
661 T	0.01516	0.00047	0.98438
662 T	0.01516	0.00044	0.9844
663 A	0.01516	0.00041	0.98443
664 T	0.01518	0.00035	0.98447
665 C	0.01521	0.00029	0.9845
666 T	0.01525	0.00024	0.98452
667 T	0.01524	0.00024	0.98452
668 T	0.01524	0.00024	0.98452
669 A	0.01523	0.00026	0.9845
670 G	0.01522	0.00028	0.9845
671 T	0.01522	0.00029	0.9845
672 T	0.01519	0.00033	0.98447
673 A	0.01516	0.00044	0.98439
674 T	0.01514	0.00062	0.98424
675 T	0.01506	0.00088	0.98405
676 G	0.01494	0.00119	0.98386
677 T	0.01485	0.00158	0.98357
678 T	0.01479	0.00233	0.98288
679 G	0.01472	0.00349	0.98179
680 G	0.01469	0.00509	0.98022
681 T	0.01467	0.00592	0.97941
682 T	0.01464	0.00674	0.97863
683 T	0.01460	0.00689	0.97851
684 T	0.01457	0.00702	0.97841
685 G	0.01453	0.00714	0.97834
686 T	0.01452	0.00718	0.97829
687 C	0.01450	0.00723	0.97826
688 A	0.01449	0.00739	0.97813
689 T	0.01447	0.00754	0.97798
690 T	0.01439	0.00794	0.97768
691 G	0.01399	0.00898	0.97703
692 A	0.01370	0.01038	0.97592
693 A	0.01347	0.01186	0.97468
694 A	0.01326	0.01322	0.97351
695 A	0.01318	0.01389	0.97293
696 A	0.01315	0.01442	0.97243
697 A	0.01332	0.01476	0.97192
698 G	0.01356	0.01528	0.97116
699 A	0.01372	0.01652	0.96976
700 G	0.01400	0.01822	0.96778
701 A	0.01480	0.02111	0.96409
702 T	0.01610	0.02031	0.96359
703 G	0.01775	0.01905	0.96321
704 T	0.01835	0.01918	0.96248
705 T	0.01876	0.01928	0.96195
706 C	0.01867	0.01978	0.96155
707 T	0.01796	0.02258	0.95946
708 T	0.01613	0.02623	0.95763
709 G	0.01116	0.03377	0.95507
710 A	0.01038	0.03528	0.95433
711 A	0.00996	0.03604	0.954
712 A	0.00963	0.03659	0.95378
713 A	0.00981	0.03638	0.95381
714 A	0.01035	0.03551	0.95414
715 A	0.01129	0.03433	0.95438
716 A	0.01242	0.03297	0.95462
717 T	0.01354	0.03164	0.95482
718 G	0.01402	0.03106	0.95492
719 A	0.01453	0.03044	0.95503
720 A	0.01507	0.02981	0.95512
721 A	0.01604	0.02876	0.9552
722 A	0.01755	0.02715	0.95529
723 A	0.01989	0.02473	0.95538
724 C	0.02373	0.02078	0.95549
725 T	0.02493	0.01953	0.95554
726 A	0.02564	0.01877	0.95559
727 T	0.02721	0.01711	0.95569
728 T	0.02815	0.01604	0.95581
729 A	0.02872	0.01529	0.956
730 T	0.03069	0.01173	0.95758
731 A	0.03226	0.00785	0.95988
732 A	0.03475	0.00000	0.96525
