# lcl|CP097583.1_cds_USQ93387.1_1
# AA	inside	membr	outside
1 A	0.22562	0.00000	0.77438
2 T	0.22547	0.00015	0.77438
3 G	0.22538	0.00024	0.77438
4 G	0.22538	0.00153	0.77309
5 T	0.22520	0.00394	0.77086
6 T	0.22520	0.00468	0.77012
7 T	0.22216	0.00844	0.7694
8 T	0.22216	0.00847	0.76937
9 T	0.21826	0.01387	0.76786
10 A	0.21820	0.12056	0.66124
11 A	0.21606	0.12776	0.65619
12 A	0.19399	0.15170	0.65431
13 A	0.16725	0.18244	0.65031
14 A	0.16724	0.18244	0.65031
15 A	0.16724	0.18920	0.64356
16 G	0.16651	0.18993	0.64356
17 A	0.16606	0.19045	0.64349
18 A	0.16606	0.19062	0.64332
19 G	0.16593	0.19088	0.64319
20 G	0.16542	0.19594	0.63864
21 T	0.16526	0.19613	0.63862
22 T	0.16547	0.19733	0.63719
23 T	0.16570	0.19728	0.63703
24 T	0.16587	0.19752	0.63661
25 A	0.16591	0.19756	0.63653
26 T	0.16598	0.19751	0.63652
27 C	0.16589	0.19703	0.63709
28 G	0.16756	0.19559	0.63684
29 A	0.16875	0.19427	0.63698
30 A	0.17549	0.18571	0.63879
31 A	0.17836	0.18188	0.63977
32 T	0.18716	0.16738	0.64546
33 C	0.27421	0.06866	0.65713
34 A	0.28007	0.05951	0.66042
35 T	0.28514	0.03821	0.67665
36 T	0.28845	0.02049	0.69107
37 T	0.28811	0.02084	0.69105
38 G	0.28922	0.02069	0.69009
39 T	0.28384	0.02546	0.69069
40 G	0.28302	0.02587	0.69111
41 G	0.28239	0.02642	0.6912
42 A	0.28249	0.02627	0.69125
43 C	0.28692	0.02112	0.69196
44 C	0.28699	0.02211	0.6909
45 T	0.28768	0.02567	0.68664
46 A	0.28743	0.02930	0.68327
47 T	0.28779	0.03382	0.67839
48 G	0.28657	0.03770	0.67572
49 T	0.28581	0.03973	0.67447
50 T	0.28463	0.04037	0.675
51 T	0.27911	0.04541	0.67548
52 T	0.25767	0.06672	0.67562
53 C	0.20591	0.11838	0.67572
54 C	0.19371	0.13124	0.67504
55 G	0.17996	0.14707	0.67297
56 G	0.17093	0.15821	0.67086
57 A	0.16349	0.17170	0.6648
58 A	0.15841	0.17850	0.66309
59 A	0.13667	0.20263	0.66071
60 A	0.11995	0.22077	0.65927
61 A	0.11339	0.22593	0.66067
62 C	0.10976	0.22423	0.66601
63 A	0.10489	0.22868	0.66643
64 A	0.10041	0.23296	0.66663
65 C	0.09783	0.23614	0.66603
66 A	0.09623	0.23982	0.66396
67 A	0.09630	0.24030	0.6634
68 A	0.09950	0.23625	0.66425
69 A	0.10261	0.23271	0.66469
70 T	0.10727	0.22735	0.66538
71 T	0.10919	0.21937	0.67144
72 G	0.10920	0.21315	0.67766
73 A	0.10866	0.20574	0.68559
74 T	0.10799	0.19495	0.69707
75 T	0.10664	0.17625	0.71711
76 C	0.10459	0.14309	0.75231
77 A	0.10358	0.14050	0.75592
78 A	0.10388	0.13364	0.76248
79 A	0.10495	0.12737	0.76768
80 A	0.10948	0.11805	0.77248
81 A	0.11097	0.11249	0.77654
82 A	0.11374	0.08526	0.801
83 T	0.11645	0.06269	0.82086
84 T	0.11619	0.05595	0.82787
85 A	0.11566	0.05461	0.82973
86 A	0.11576	0.04913	0.83511
87 G	0.11628	0.04238	0.84134
88 T	0.11757	0.03820	0.84423
89 T	0.11897	0.03714	0.84389
90 T	0.11888	0.04529	0.83583
91 T	0.11791	0.05341	0.82868
92 T	0.11566	0.06127	0.82306
93 T	0.11340	0.06777	0.81884
94 A	0.11023	0.07135	0.81842
95 A	0.10882	0.07232	0.81886
96 A	0.10862	0.07163	0.81975
97 T	0.10900	0.06953	0.82147
98 C	0.10917	0.06748	0.82335
99 T	0.10996	0.06581	0.82423
100 T	0.11039	0.06491	0.82471
101 T	0.11016	0.06518	0.82467
102 A	0.10901	0.06692	0.82407
103 G	0.10862	0.06766	0.82372
104 G	0.10860	0.06787	0.82353
105 A	0.10939	0.06808	0.82253
106 A	0.11077	0.06759	0.82164
107 T	0.11431	0.06381	0.82188
108 T	0.11727	0.06096	0.82176
109 A	0.11783	0.06162	0.82056
110 A	0.11868	0.06215	0.81917
111 A	0.11996	0.06160	0.81844
112 G	0.12312	0.05745	0.81943
113 T	0.13456	0.04492	0.82053
114 T	0.14163	0.03688	0.8215
115 T	0.14472	0.03300	0.82228
116 T	0.14506	0.03195	0.82299
117 A	0.14105	0.03555	0.8234
118 G	0.13826	0.03896	0.82279
119 T	0.13687	0.04114	0.822
120 T	0.13585	0.04386	0.8203
121 G	0.13408	0.04995	0.81597
122 T	0.13338	0.05345	0.81317
123 T	0.13178	0.05508	0.81314
124 A	0.12765	0.05895	0.81339
125 A	0.12166	0.06407	0.81427
126 A	0.11931	0.06588	0.81481
127 C	0.11943	0.06534	0.81523
128 C	0.12013	0.06457	0.8153
129 T	0.12095	0.06386	0.8152
130 A	0.12057	0.06444	0.81498
131 A	0.12080	0.06441	0.81479
132 A	0.11991	0.06539	0.8147
133 A	0.11852	0.06672	0.81476
134 T	0.11900	0.06504	0.81597
135 T	0.11671	0.06675	0.81655
136 G	0.10904	0.07419	0.81677
137 A	0.10463	0.07814	0.81723
138 T	0.10277	0.07855	0.81868
139 G	0.09598	0.08391	0.82011
140 A	0.09541	0.08169	0.8229
141 T	0.09731	0.07634	0.82635
142 C	0.09730	0.07340	0.8293
143 G	0.09810	0.07268	0.82921
144 T	0.10169	0.06952	0.82879
145 T	0.10302	0.06762	0.82936
146 A	0.10159	0.06855	0.82985
147 T	0.09990	0.06821	0.83189
148 T	0.09830	0.06429	0.83742
149 C	0.09553	0.06510	0.83937
150 T	0.09301	0.07090	0.83609
151 A	0.08887	0.08356	0.82758
152 A	0.08641	0.08966	0.82393
153 A	0.08376	0.09594	0.8203
154 A	0.08103	0.10376	0.81521
155 A	0.07533	0.11019	0.81448
156 A	0.07162	0.11105	0.81733
157 A	0.06981	0.11222	0.81796
158 A	0.06845	0.11072	0.82083
159 A	0.06796	0.10359	0.82844
160 G	0.06818	0.09859	0.83323
161 A	0.06769	0.09932	0.83299
162 A	0.06786	0.10120	0.83094
163 T	0.06891	0.10690	0.82419
164 T	0.06896	0.11180	0.81925
165 A	0.06826	0.12468	0.80706
166 A	0.06838	0.12499	0.80663
167 T	0.06933	0.12352	0.80715
168 A	0.06857	0.12304	0.80838
169 A	0.06899	0.11985	0.81116
170 C	0.07061	0.11406	0.81532
171 T	0.07278	0.10999	0.81723
172 C	0.07379	0.10705	0.81915
173 A	0.07703	0.10346	0.81952
174 T	0.08450	0.09452	0.82099
175 G	0.08694	0.09130	0.82176
176 A	0.09012	0.08619	0.82369
177 T	0.09553	0.07842	0.82605
178 T	0.09858	0.06918	0.83225
179 T	0.09917	0.06495	0.83588
180 A	0.09832	0.06428	0.8374
181 A	0.09863	0.06233	0.83904
182 A	0.09923	0.06043	0.84035
183 A	0.10040	0.05812	0.84148
184 A	0.10469	0.05214	0.84317
185 C	0.11589	0.03908	0.84502
186 T	0.12620	0.02838	0.84542
187 A	0.13090	0.02322	0.84587
188 T	0.14146	0.01196	0.84658
189 T	0.14241	0.01058	0.84701
190 T	0.14241	0.01038	0.8472
191 C	0.14192	0.00970	0.84839
192 T	0.14157	0.00989	0.84854
193 T	0.14054	0.01100	0.84846
194 C	0.13682	0.01482	0.84836
195 T	0.13520	0.01705	0.84775
196 T	0.13061	0.02337	0.84602
197 T	0.12237	0.03344	0.84419
198 G	0.10747	0.05150	0.84104
199 T	0.10229	0.05945	0.83826
200 T	0.09372	0.06976	0.83652
201 A	0.08489	0.07993	0.83519
202 A	0.07955	0.08574	0.83471
203 T	0.07636	0.08823	0.83542
204 A	0.06946	0.09539	0.83515
205 A	0.06269	0.10314	0.83417
206 A	0.05958	0.10645	0.83396
207 T	0.05800	0.10810	0.8339
208 A	0.05520	0.11096	0.83384
209 A	0.05417	0.11188	0.83394
210 A	0.05371	0.11208	0.83421
211 A	0.05351	0.11197	0.83452
212 G	0.05343	0.11148	0.83509
213 T	0.05344	0.11088	0.83568
214 A	0.05330	0.11031	0.8364
215 A	0.05341	0.10935	0.83724
216 A	0.05363	0.10732	0.83904
217 G	0.05397	0.10220	0.84383
218 A	0.05486	0.09790	0.84724
219 T	0.05749	0.08865	0.85386
220 A	0.05952	0.07840	0.86208
221 T	0.06342	0.06020	0.87638
222 T	0.06614	0.05179	0.88208
223 T	0.06741	0.04317	0.88942
224 T	0.06786	0.03621	0.89593
225 A	0.06755	0.03298	0.89947
226 G	0.06748	0.03020	0.90232
227 A	0.06781	0.02576	0.90643
228 T	0.06916	0.02048	0.91036
229 T	0.06957	0.02010	0.91033
230 T	0.06942	0.02139	0.9092
231 T	0.06864	0.02231	0.90904
232 T	0.06727	0.02477	0.90796
233 T	0.06472	0.02915	0.90612
234 G	0.06120	0.03412	0.90468
235 G	0.05968	0.03731	0.90301
236 A	0.05878	0.03931	0.90191
237 A	0.05782	0.04124	0.90094
238 A	0.05709	0.04219	0.90071
239 A	0.05681	0.04247	0.90071
240 A	0.05670	0.04263	0.90066
241 G	0.05668	0.04271	0.90062
242 A	0.05685	0.04262	0.90053
243 T	0.05741	0.04204	0.90055
244 G	0.05770	0.04191	0.90039
245 T	0.05840	0.04150	0.90011
246 T	0.05869	0.04159	0.89972
247 A	0.05891	0.04171	0.89938
248 A	0.05952	0.04078	0.8997
249 A	0.06075	0.03931	0.89994
250 G	0.06273	0.03690	0.90037
251 T	0.06718	0.03205	0.90078
252 T	0.07172	0.02681	0.90147
253 T	0.07448	0.02315	0.90238
254 T	0.07583	0.02060	0.90356
255 G	0.07671	0.01850	0.90479
256 T	0.07799	0.01524	0.90677
257 T	0.07883	0.01193	0.90924
258 T	0.07960	0.01006	0.91034
259 A	0.07968	0.00942	0.91091
260 T	0.08043	0.00786	0.91171
261 T	0.08040	0.00734	0.91226
262 G	0.07983	0.00778	0.91239
263 A	0.07943	0.00820	0.91237
264 T	0.07936	0.00827	0.91237
265 G	0.07913	0.00877	0.91211
266 A	0.07848	0.00995	0.91158
267 G	0.07843	0.01002	0.91155
268 G	0.07869	0.00978	0.91153
269 T	0.07917	0.00927	0.91155
270 T	0.07935	0.00911	0.91154
271 C	0.07889	0.00965	0.91146
272 A	0.07862	0.01027	0.91111
273 A	0.07865	0.01058	0.91077
274 T	0.07879	0.01096	0.91024
275 T	0.07868	0.01195	0.90937
276 T	0.07787	0.01410	0.90803
277 T	0.07650	0.01641	0.90709
278 T	0.07310	0.02124	0.90566
279 A	0.06651	0.02828	0.9052
280 G	0.06299	0.03179	0.90522
281 A	0.06051	0.03432	0.90517
282 T	0.05882	0.03582	0.90536
283 C	0.05426	0.04115	0.90458
284 A	0.05025	0.04731	0.90245
285 A	0.04700	0.05320	0.8998
286 G	0.04519	0.05766	0.89715
287 A	0.04472	0.05976	0.89552
288 A	0.04464	0.06028	0.89508
289 A	0.04496	0.05943	0.8956
290 T	0.04497	0.05907	0.89596
291 T	0.04466	0.05919	0.89616
292 G	0.04426	0.05954	0.8962
293 A	0.04406	0.05964	0.8963
294 A	0.04400	0.05928	0.89672
295 G	0.04416	0.05875	0.8971
296 A	0.04446	0.05826	0.89728
297 A	0.04509	0.05728	0.89763
298 A	0.04612	0.05537	0.89851
299 T	0.04754	0.05191	0.90056
300 A	0.04839	0.04919	0.90243
301 G	0.04970	0.04421	0.90609
302 T	0.05034	0.03870	0.91096
303 A	0.05051	0.03671	0.91278
304 A	0.05086	0.03445	0.91469
305 A	0.05170	0.03243	0.91586
306 T	0.05339	0.02727	0.91934
307 A	0.05534	0.02316	0.9215
308 A	0.05829	0.01759	0.92411
309 T	0.06157	0.01278	0.92566
310 T	0.06308	0.01072	0.9262
311 T	0.06336	0.01010	0.92654
312 A	0.06321	0.01010	0.92669
313 T	0.06322	0.00981	0.92697
314 C	0.06292	0.00970	0.92738
315 T	0.06264	0.00981	0.92755
316 T	0.06199	0.01041	0.92761
317 A	0.06082	0.01149	0.92769
318 T	0.05996	0.01228	0.92776
319 C	0.05823	0.01397	0.9278
320 G	0.05661	0.01559	0.92781
321 C	0.05581	0.01647	0.92771
322 G	0.05556	0.01728	0.92716
323 G	0.05544	0.01795	0.92661
324 A	0.05558	0.01787	0.92656
325 A	0.05608	0.01738	0.92654
326 T	0.05735	0.01607	0.92658
327 G	0.05789	0.01538	0.92672
328 C	0.05865	0.01461	0.92674
329 A	0.05927	0.01438	0.92635
330 T	0.06041	0.01361	0.92598
331 A	0.06074	0.01355	0.92571
332 T	0.06117	0.01325	0.92558
333 T	0.06121	0.01336	0.92543
334 A	0.06116	0.01343	0.9254
335 T	0.06108	0.01318	0.92574
336 A	0.06076	0.01327	0.92597
337 A	0.06056	0.01289	0.92655
338 T	0.06047	0.01216	0.92738
339 T	0.06030	0.01125	0.92845
340 G	0.05986	0.01041	0.92972
341 G	0.05966	0.00975	0.9306
342 A	0.05959	0.00859	0.93182
343 G	0.05962	0.00739	0.933
344 G	0.05972	0.00673	0.93354
345 A	0.06027	0.00602	0.9337
346 T	0.06078	0.00541	0.93381
347 T	0.06081	0.00556	0.93363
348 A	0.06081	0.00555	0.93364
349 G	0.06084	0.00550	0.93366
350 A	0.06090	0.00535	0.93375
351 A	0.06101	0.00514	0.93385
352 C	0.06152	0.00454	0.93395
353 T	0.06205	0.00399	0.93396
354 T	0.06235	0.00367	0.93397
355 G	0.06244	0.00357	0.93399
356 A	0.06254	0.00350	0.93396
357 T	0.06269	0.00330	0.93401
358 T	0.06277	0.00303	0.9342
359 T	0.06281	0.00260	0.93459
360 T	0.06281	0.00230	0.93489
361 T	0.06278	0.00215	0.93507
362 G	0.06273	0.00216	0.93512
363 T	0.06255	0.00242	0.93503
364 G	0.06200	0.00349	0.93452
365 G	0.06169	0.00416	0.93415
366 A	0.06156	0.00434	0.9341
367 A	0.06151	0.00438	0.9341
368 G	0.06155	0.00431	0.93413
369 G	0.06168	0.00417	0.93415
370 C	0.06197	0.00386	0.93417
371 C	0.06205	0.00379	0.93417
372 T	0.06212	0.00373	0.93415
373 T	0.06215	0.00372	0.93413
374 T	0.06216	0.00375	0.93409
375 T	0.06213	0.00380	0.93407
376 G	0.06210	0.00383	0.93407
377 G	0.06210	0.00384	0.93406
378 A	0.06211	0.00383	0.93405
379 T	0.06219	0.00374	0.93407
380 C	0.06221	0.00371	0.93408
381 T	0.06222	0.00373	0.93405
382 A	0.06221	0.00380	0.93398
383 T	0.06228	0.00374	0.93398
384 G	0.06231	0.00372	0.93397
385 A	0.06244	0.00367	0.9339
386 A	0.06276	0.00317	0.93407
387 T	0.06341	0.00199	0.9346
388 T	0.06373	0.00143	0.93485
389 A	0.06374	0.00142	0.93484
390 T	0.06375	0.00145	0.93479
391 T	0.06374	0.00165	0.93462
392 T	0.06364	0.00191	0.93446
393 A	0.06342	0.00237	0.93421
394 T	0.06335	0.00245	0.93421
395 T	0.06312	0.00268	0.9342
396 A	0.06258	0.00325	0.93417
397 T	0.06221	0.00363	0.93416
398 C	0.06150	0.00438	0.93413
399 A	0.06100	0.00500	0.934
400 A	0.06077	0.00524	0.93399
401 T	0.06068	0.00533	0.93399
402 T	0.06036	0.00566	0.93398
403 G	0.05951	0.00653	0.93396
404 C	0.05881	0.00726	0.93393
405 T	0.05841	0.00766	0.93393
406 G	0.05795	0.00820	0.93386
407 A	0.05765	0.00854	0.9338
408 T	0.05760	0.00861	0.93379
409 C	0.05751	0.00874	0.93375
410 A	0.05747	0.00886	0.93367
411 A	0.05741	0.00894	0.93365
412 G	0.05755	0.00879	0.93367
413 T	0.05777	0.00857	0.93367
414 T	0.05777	0.00859	0.93363
415 A	0.05718	0.00924	0.93359
416 T	0.05677	0.00943	0.9338
417 T	0.05582	0.01035	0.93383
418 A	0.05478	0.01129	0.93393
419 A	0.05432	0.01137	0.9343
420 A	0.05404	0.01131	0.93465
421 T	0.05392	0.01076	0.93532
422 T	0.05365	0.01060	0.93575
423 A	0.05317	0.01091	0.93592
424 A	0.05301	0.01092	0.93607
425 A	0.05300	0.01059	0.93642
426 A	0.05303	0.00970	0.93728
427 T	0.05314	0.00867	0.93819
428 C	0.05319	0.00803	0.93878
429 T	0.05330	0.00756	0.93914
430 T	0.05329	0.00736	0.93935
431 C	0.05318	0.00739	0.93943
432 T	0.05315	0.00744	0.93941
433 T	0.05313	0.00752	0.93935
434 G	0.05304	0.00756	0.9394
435 T	0.05300	0.00781	0.9392
436 A	0.05291	0.00825	0.93883
437 A	0.05294	0.00802	0.93903
438 T	0.05312	0.00701	0.93987
439 G	0.05306	0.00634	0.9406
440 T	0.05309	0.00561	0.9413
441 T	0.05291	0.00551	0.94158
442 T	0.05263	0.00634	0.94103
443 G	0.05223	0.00657	0.9412
444 T	0.05207	0.00668	0.94125
445 G	0.05163	0.00702	0.94135
446 G	0.05135	0.00735	0.9413
447 C	0.05063	0.00868	0.94068
448 A	0.04999	0.01336	0.93666
449 A	0.04794	0.01922	0.93284
450 A	0.04492	0.02489	0.93019
451 G	0.04356	0.02648	0.92995
452 A	0.04229	0.02824	0.92948
453 A	0.04178	0.02895	0.92928
454 G	0.04141	0.02925	0.92934
455 C	0.04139	0.02941	0.9292
456 A	0.04137	0.03059	0.92805
457 A	0.04135	0.03166	0.927
458 A	0.04154	0.03191	0.92655
459 T	0.04190	0.03204	0.92606
460 A	0.04183	0.03233	0.92584
461 G	0.04185	0.03225	0.9259
462 A	0.04198	0.03192	0.9261
463 A	0.04228	0.03136	0.92636
464 C	0.04281	0.03034	0.92685
465 T	0.04364	0.02931	0.92705
466 C	0.04371	0.02907	0.92723
467 A	0.04382	0.02912	0.92706
468 A	0.04406	0.02893	0.927
469 A	0.04448	0.02851	0.92701
470 G	0.04531	0.02703	0.92765
471 A	0.04917	0.02277	0.92807
472 A	0.05279	0.01696	0.93025
473 T	0.05526	0.01140	0.93334
474 A	0.05546	0.00980	0.93475
475 G	0.05594	0.00797	0.93609
476 T	0.05637	0.00711	0.93652
477 C	0.05642	0.00688	0.9367
478 A	0.05660	0.00712	0.93629
479 A	0.05770	0.00612	0.93617
480 T	0.05884	0.00502	0.93614
481 G	0.05913	0.00482	0.93604
482 G	0.05956	0.00455	0.93589
483 T	0.05978	0.00434	0.93588
484 T	0.05975	0.00477	0.93548
485 C	0.05964	0.00503	0.93533
486 A	0.05956	0.00536	0.93508
487 A	0.05958	0.00535	0.93508
488 T	0.05964	0.00525	0.93511
489 T	0.05931	0.00556	0.93514
490 C	0.05853	0.00631	0.93516
491 C	0.05742	0.00740	0.93517
492 T	0.05672	0.00813	0.93515
493 A	0.05597	0.00888	0.93515
494 A	0.05569	0.00916	0.93515
495 A	0.05565	0.00920	0.93515
496 T	0.05569	0.00914	0.93517
497 C	0.05562	0.00905	0.93533
498 T	0.05570	0.00891	0.93539
499 A	0.05568	0.00890	0.93543
500 C	0.05583	0.00864	0.93554
501 T	0.05619	0.00824	0.93557
502 G	0.05629	0.00812	0.93559
503 A	0.05645	0.00792	0.93563
504 T	0.05670	0.00754	0.93576
505 C	0.05686	0.00728	0.93586
506 C	0.05707	0.00696	0.93596
507 T	0.05749	0.00656	0.93596
508 A	0.05750	0.00670	0.9358
509 T	0.05767	0.00653	0.9358
510 T	0.05765	0.00656	0.93579
511 G	0.05757	0.00665	0.93578
512 T	0.05755	0.00592	0.93652
513 T	0.05747	0.00496	0.93758
514 T	0.05735	0.00398	0.93867
515 T	0.05717	0.00370	0.93913
516 A	0.05679	0.00407	0.93915
517 G	0.05646	0.00463	0.93891
518 T	0.05539	0.00645	0.93816
519 A	0.05470	0.00803	0.93727
520 G	0.05448	0.00890	0.93661
521 G	0.05429	0.01120	0.93451
522 T	0.05421	0.01354	0.93226
523 G	0.05406	0.01690	0.92904
524 A	0.05397	0.01969	0.92634
525 A	0.05385	0.02081	0.92533
526 A	0.05379	0.02180	0.92441
527 A	0.05373	0.02225	0.92403
528 A	0.05370	0.02246	0.92383
529 A	0.05373	0.02262	0.92365
530 A	0.05387	0.02262	0.92351
531 T	0.05417	0.02220	0.92363
532 T	0.05420	0.02217	0.92363
533 A	0.05409	0.02236	0.92355
534 T	0.05403	0.02236	0.92361
535 C	0.05374	0.02268	0.92358
536 A	0.05350	0.02309	0.92341
537 T	0.05357	0.02293	0.9235
538 G	0.05360	0.02275	0.92365
539 A	0.05392	0.02220	0.92388
540 A	0.05445	0.02143	0.92412
541 C	0.05545	0.01889	0.92566
542 C	0.05627	0.01753	0.9262
543 G	0.05716	0.01656	0.92628
544 C	0.05999	0.01372	0.92629
545 G	0.06250	0.01134	0.92616
546 T	0.06571	0.00832	0.92597
547 T	0.06750	0.00661	0.9259
548 G	0.06711	0.00715	0.92574
549 T	0.06649	0.00828	0.92522
550 A	0.06183	0.01502	0.92315
551 G	0.05866	0.01894	0.9224
552 A	0.05685	0.02145	0.92169
553 A	0.05511	0.02404	0.92085
554 A	0.05499	0.02424	0.92078
555 A	0.05502	0.02408	0.9209
556 T	0.05518	0.02367	0.92114
557 G	0.05525	0.02340	0.92135
558 T	0.05543	0.02288	0.9217
559 C	0.05563	0.02242	0.92195
560 A	0.05569	0.02230	0.92201
561 T	0.05572	0.02215	0.92213
562 G	0.05574	0.02205	0.92221
563 A	0.05576	0.02198	0.92226
564 A	0.05579	0.02188	0.92233
565 T	0.05593	0.02139	0.92267
566 T	0.05606	0.02107	0.92287
567 T	0.05616	0.02082	0.92302
568 A	0.05627	0.02052	0.9232
569 T	0.05647	0.02002	0.9235
570 A	0.05658	0.01947	0.92394
571 A	0.05689	0.01817	0.92494
572 A	0.05760	0.01601	0.92639
573 T	0.05997	0.00881	0.93121
574 T	0.06077	0.00494	0.93429
575 A	0.06135	0.00258	0.93607
576 A	0.06205	0.00000	0.93795
