# lcl|CP097583.1_cds_USQ93167.1_1
# AA	inside	membr	outside
1 A	0.65527	0.00000	0.34472
2 T	0.65311	0.00217	0.34472
3 G	0.65173	0.00354	0.34472
4 A	0.65173	0.06001	0.28826
5 A	0.62697	0.13167	0.24136
6 A	0.62697	0.13282	0.2402
7 A	0.53511	0.22504	0.23985
8 T	0.53510	0.22505	0.23984
9 T	0.51806	0.24213	0.2398
10 C	0.51800	0.24473	0.23727
11 A	0.50936	0.25395	0.23669
12 A	0.41018	0.35334	0.23648
13 C	0.23502	0.52950	0.23548
14 A	0.23499	0.52953	0.23548
15 T	0.23499	0.55093	0.21408
16 G	0.22770	0.55822	0.21408
17 A	0.22095	0.56508	0.21396
18 A	0.22074	0.56541	0.21385
19 G	0.21902	0.56718	0.21379
20 G	0.21342	0.57365	0.21293
21 C	0.20942	0.57747	0.21311
22 G	0.21112	0.57639	0.21249
23 A	0.21538	0.57266	0.21196
24 A	0.22816	0.56020	0.21164
25 T	0.24318	0.54295	0.21387
26 T	0.24738	0.53798	0.21465
27 A	0.28052	0.50156	0.21792
28 A	0.30604	0.45495	0.23901
29 A	0.30728	0.44807	0.24465
30 A	0.30799	0.36429	0.32773
31 T	0.30835	0.35409	0.33755
32 T	0.30751	0.33996	0.35253
33 A	0.30735	0.35736	0.3353
34 A	0.30711	0.36883	0.32406
35 A	0.30786	0.30242	0.38972
36 T	0.30939	0.15203	0.53858
37 G	0.31001	0.14909	0.54091
38 G	0.32831	0.13180	0.53989
39 A	0.32795	0.13445	0.5376
40 T	0.32846	0.12916	0.54238
41 C	0.32861	0.12841	0.54298
42 T	0.32889	0.13031	0.54081
43 G	0.32945	0.12838	0.54217
44 A	0.32945	0.14138	0.52917
45 T	0.33022	0.15349	0.5163
46 T	0.33001	0.16282	0.50718
47 T	0.32840	0.17868	0.49292
48 A	0.32662	0.20531	0.46807
49 G	0.32532	0.24221	0.43247
50 A	0.32404	0.32591	0.35006
51 T	0.32449	0.32735	0.34816
52 A	0.32482	0.32732	0.34786
53 A	0.32599	0.32589	0.34811
54 A	0.33034	0.32235	0.34731
55 C	0.34059	0.31234	0.34707
56 C	0.36409	0.28895	0.34696
57 A	0.38700	0.27518	0.33783
58 T	0.40244	0.26868	0.32888
59 T	0.40910	0.26309	0.32781
60 A	0.40875	0.26415	0.3271
61 T	0.41218	0.26079	0.32703
62 T	0.41569	0.25600	0.3283
63 C	0.41134	0.26022	0.32843
64 T	0.41007	0.26417	0.32576
65 T	0.40375	0.27406	0.32219
66 A	0.39142	0.28810	0.32048
67 A	0.38339	0.29833	0.31829
68 A	0.38471	0.29773	0.31756
69 A	0.39489	0.28686	0.31825
70 C	0.41493	0.26447	0.3206
71 T	0.43957	0.23897	0.32146
72 A	0.46170	0.21679	0.3215
73 A	0.52125	0.15616	0.32259
74 C	0.52623	0.15039	0.32338
75 A	0.52929	0.14726	0.32345
76 A	0.53245	0.14256	0.325
77 C	0.53831	0.13513	0.32656
78 T	0.54479	0.12841	0.32681
79 G	0.54801	0.12505	0.32694
80 G	0.56015	0.11208	0.32777
81 T	0.57255	0.09949	0.32797
82 T	0.57463	0.09764	0.32772
83 T	0.57498	0.09411	0.33091
84 T	0.57382	0.09365	0.33253
85 G	0.57108	0.09149	0.33744
86 A	0.57075	0.08876	0.34049
87 T	0.57261	0.08539	0.342
88 G	0.57347	0.08591	0.34062
89 A	0.57338	0.07912	0.34751
90 T	0.57072	0.06842	0.36086
91 G	0.56100	0.07009	0.36891
92 A	0.55385	0.07630	0.36985
93 C	0.53778	0.09131	0.37091
94 A	0.53360	0.09601	0.37038
95 C	0.53245	0.09631	0.37124
96 T	0.52696	0.10654	0.36651
97 G	0.51140	0.13280	0.3558
98 T	0.49661	0.16232	0.34107
99 T	0.45170	0.24192	0.30638
100 A	0.39645	0.31915	0.28439
101 A	0.36562	0.35195	0.28243
102 A	0.34287	0.37576	0.28137
103 A	0.32961	0.38875	0.28164
104 A	0.31357	0.40430	0.28213
105 C	0.30730	0.40902	0.28368
106 G	0.30246	0.41339	0.28415
107 C	0.30061	0.41444	0.28494
108 A	0.29967	0.41501	0.28532
109 A	0.30189	0.41277	0.28534
110 C	0.30531	0.40925	0.28544
111 A	0.31220	0.40216	0.28564
112 A	0.31423	0.39993	0.28584
113 T	0.31719	0.39223	0.29058
114 A	0.31748	0.38538	0.29714
115 G	0.31746	0.37970	0.30284
116 T	0.31860	0.36220	0.3192
117 A	0.31843	0.35655	0.32502
118 A	0.32042	0.35111	0.32846
119 A	0.32731	0.33261	0.34009
120 A	0.34076	0.29454	0.3647
121 G	0.35517	0.25119	0.39364
122 T	0.38971	0.16300	0.44728
123 T	0.40450	0.10847	0.48703
124 G	0.40494	0.08532	0.50974
125 A	0.40500	0.07548	0.51953
126 A	0.40374	0.07125	0.52501
127 T	0.40232	0.06345	0.53423
128 G	0.39451	0.06680	0.5387
129 T	0.39097	0.07044	0.53859
130 G	0.38255	0.08783	0.52963
131 A	0.37477	0.11568	0.50955
132 C	0.36860	0.13043	0.50097
133 A	0.35945	0.16802	0.47253
134 G	0.35713	0.19314	0.44974
135 T	0.35701	0.21042	0.43257
136 G	0.35575	0.24034	0.40391
137 T	0.35647	0.24988	0.39365
138 T	0.35651	0.25401	0.38949
139 G	0.35628	0.25904	0.38468
140 G	0.35681	0.25931	0.38388
141 T	0.35779	0.25994	0.38228
142 A	0.35819	0.25940	0.38242
143 T	0.35885	0.25841	0.38274
144 T	0.35923	0.25778	0.38299
145 A	0.35954	0.25727	0.38319
146 A	0.36005	0.25617	0.38377
147 A	0.36129	0.25392	0.3848
148 A	0.36517	0.24879	0.38604
149 A	0.37059	0.24150	0.38792
150 A	0.37859	0.23108	0.39033
151 G	0.38325	0.21818	0.39857
152 A	0.39104	0.20622	0.40273
153 A	0.40744	0.18140	0.41116
154 T	0.43706	0.14335	0.41958
155 A	0.45081	0.12347	0.42572
156 C	0.48303	0.08195	0.43501
157 T	0.51228	0.05034	0.43739
158 A	0.52911	0.03235	0.43853
159 A	0.55954	0.00000	0.44046
