# lcl|CP097583.1_cds_USQ93243.1_1
# AA	inside	membr	outside
1 A	0.58092	0.00000	0.41908
2 T	0.57510	0.00582	0.41908
3 G	0.57035	0.01057	0.41908
4 G	0.57035	0.04609	0.38357
5 C	0.47607	0.21901	0.30492
6 A	0.47607	0.25926	0.26468
7 A	0.38864	0.36056	0.25081
8 A	0.38864	0.36074	0.25063
9 T	0.38607	0.36635	0.24759
10 A	0.38606	0.52562	0.08832
11 T	0.38427	0.53240	0.08334
12 T	0.30156	0.61574	0.0827
13 A	0.06998	0.85201	0.07801
14 A	0.06991	0.85208	0.07801
15 A	0.06991	0.85959	0.0705
16 C	0.06687	0.86263	0.0705
17 A	0.06235	0.86734	0.07032
18 A	0.06222	0.86778	0.07001
19 C	0.06009	0.87007	0.06985
20 A	0.05208	0.88205	0.06588
21 A	0.03131	0.90283	0.06586
22 A	0.03120	0.90328	0.06552
23 A	0.03173	0.90267	0.06559
24 A	0.03377	0.90042	0.0658
25 A	0.03784	0.88450	0.07766
26 A	0.04265	0.87225	0.08509
27 A	0.07681	0.82038	0.10281
28 C	0.15750	0.64845	0.19405
29 G	0.19813	0.60435	0.19752
30 T	0.24360	0.50285	0.25355
31 G	0.25029	0.51280	0.23691
32 T	0.26267	0.52238	0.21495
33 T	0.34128	0.45265	0.20607
34 A	0.31395	0.47490	0.21114
35 A	0.30369	0.40031	0.296
36 A	0.29413	0.21784	0.48802
37 A	0.28698	0.22063	0.49238
38 C	0.28944	0.21131	0.49924
39 T	0.26621	0.27937	0.45442
40 G	0.24330	0.31218	0.44452
41 A	0.22964	0.33365	0.43671
42 T	0.21951	0.36129	0.4192
43 G	0.20897	0.37527	0.41576
44 C	0.17496	0.48158	0.34346
45 T	0.15063	0.56405	0.28532
46 A	0.13991	0.58652	0.27357
47 A	0.13170	0.60332	0.26497
48 A	0.12691	0.61147	0.26162
49 C	0.12480	0.61687	0.25834
50 G	0.12424	0.63487	0.2409
51 T	0.12593	0.63510	0.23897
52 A	0.11983	0.64572	0.23445
53 G	0.11457	0.65824	0.22719
54 A	0.13088	0.64469	0.22444
55 T	0.15321	0.62437	0.22242
56 T	0.15921	0.60906	0.23173
57 A	0.15702	0.59555	0.24743
58 A	0.15438	0.60184	0.24378
59 A	0.15259	0.60362	0.2438
60 A	0.13484	0.63720	0.22796
61 A	0.12051	0.65461	0.22488
62 G	0.15857	0.59974	0.24168
63 A	0.16890	0.58458	0.24652
64 A	0.17998	0.56092	0.25909
65 A	0.20557	0.52352	0.27091
66 A	0.22226	0.49690	0.28085
67 T	0.31992	0.36796	0.31212
68 C	0.36395	0.30406	0.33199
69 T	0.37556	0.29374	0.3307
70 T	0.38060	0.29709	0.32231
71 A	0.37667	0.33202	0.29131
72 T	0.37396	0.35953	0.2665
73 A	0.34809	0.39446	0.25746
74 A	0.32670	0.41784	0.25546
75 A	0.32069	0.42027	0.25905
76 T	0.32087	0.42181	0.25732
77 C	0.30443	0.44261	0.25296
78 A	0.27974	0.48748	0.23279
79 A	0.24888	0.55133	0.19979
80 A	0.24279	0.57132	0.18589
81 A	0.24862	0.57310	0.17828
82 A	0.25867	0.56426	0.17708
83 T	0.28583	0.51426	0.19991
84 G	0.29009	0.49452	0.21539
85 A	0.29379	0.48583	0.22038
86 G	0.30382	0.47120	0.22498
87 A	0.30698	0.46716	0.22587
88 A	0.31253	0.46086	0.2266
89 C	0.32753	0.44411	0.22836
90 T	0.34406	0.42946	0.22648
91 T	0.35315	0.42087	0.22598
92 T	0.35835	0.42213	0.21951
93 A	0.36161	0.42685	0.21155
94 G	0.37887	0.40808	0.21305
95 A	0.39987	0.38220	0.21794
96 T	0.41287	0.33885	0.24828
97 A	0.41936	0.32010	0.26055
98 A	0.43004	0.30028	0.26967
99 T	0.44655	0.27385	0.2796
100 A	0.45359	0.25243	0.29398
101 A	0.47108	0.20862	0.3203
102 T	0.50601	0.14161	0.35238
103 T	0.52228	0.11362	0.3641
104 T	0.53097	0.10263	0.3664
105 T	0.53287	0.11046	0.35667
106 A	0.52991	0.13441	0.33568
107 A	0.52867	0.13842	0.33291
108 T	0.52590	0.14456	0.32954
109 A	0.51934	0.16121	0.31944
110 A	0.51448	0.16809	0.31742
111 A	0.51501	0.16940	0.31558
112 T	0.52024	0.16503	0.31472
113 T	0.51714	0.16779	0.31507
114 C	0.49481	0.19024	0.31495
115 A	0.47964	0.20657	0.31379
116 T	0.47574	0.21111	0.31315
117 C	0.46400	0.22411	0.31189
118 G	0.46187	0.22723	0.3109
119 C	0.46372	0.22632	0.30995
120 T	0.47316	0.22087	0.30597
121 T	0.47176	0.22304	0.3052
122 C	0.46452	0.23074	0.30474
123 T	0.45020	0.24643	0.30338
124 G	0.42552	0.27234	0.30214
125 C	0.41459	0.28431	0.30109
126 A	0.40430	0.29722	0.29847
127 G	0.40222	0.30020	0.29758
128 A	0.40926	0.29348	0.29726
129 T	0.42729	0.27384	0.29888
130 A	0.42555	0.27492	0.29952
131 A	0.42646	0.27053	0.30301
132 A	0.43125	0.25930	0.30945
133 G	0.43129	0.25213	0.31658
134 A	0.43219	0.24692	0.32089
135 A	0.43128	0.24431	0.32441
136 A	0.43113	0.23588	0.33299
137 A	0.43273	0.21127	0.356
138 A	0.43534	0.18758	0.37708
139 G	0.43879	0.16818	0.39304
140 C	0.44364	0.14639	0.40996
141 T	0.44761	0.13674	0.41565
142 G	0.44943	0.13172	0.41885
143 T	0.45440	0.12355	0.42205
144 T	0.45580	0.11845	0.42576
145 G	0.45628	0.11383	0.42989
146 T	0.45830	0.09438	0.44732
147 T	0.45982	0.07536	0.46482
148 T	0.46088	0.06850	0.47062
149 T	0.46212	0.06315	0.47473
150 T	0.46233	0.06225	0.47543
151 T	0.46217	0.06557	0.47226
152 T	0.46162	0.06951	0.46886
153 T	0.45787	0.07524	0.46689
154 A	0.44935	0.09173	0.45893
155 A	0.44681	0.10133	0.45186
156 T	0.44464	0.11359	0.44176
157 A	0.43975	0.13206	0.4282
158 A	0.43687	0.14265	0.42048
159 G	0.43556	0.15470	0.40974
160 A	0.43296	0.18003	0.38702
161 T	0.43264	0.20015	0.36721
162 T	0.43207	0.21748	0.35045
163 A	0.43060	0.22976	0.33964
164 A	0.43010	0.23602	0.33388
165 T	0.43016	0.23829	0.33155
166 G	0.42911	0.23975	0.33114
167 G	0.42943	0.23965	0.33092
168 A	0.43209	0.23727	0.33064
169 G	0.43710	0.23232	0.33057
170 C	0.44657	0.22387	0.32957
171 T	0.45720	0.21905	0.32375
172 T	0.46195	0.22731	0.31074
173 T	0.45967	0.23328	0.30706
174 A	0.44554	0.25349	0.30097
175 G	0.43693	0.26411	0.29897
176 A	0.43122	0.26754	0.30124
177 C	0.43243	0.25821	0.30937
178 A	0.43087	0.26011	0.30901
179 A	0.43867	0.25074	0.31059
180 A	0.45208	0.23363	0.31429
181 G	0.46233	0.22073	0.31694
182 G	0.47567	0.20634	0.318
183 C	0.49984	0.17896	0.32119
184 G	0.52118	0.15747	0.32135
185 T	0.53652	0.14297	0.32052
186 A	0.53619	0.14626	0.31755
187 T	0.52980	0.15588	0.31432
188 C	0.51065	0.17783	0.31152
189 T	0.48631	0.20733	0.30636
190 A	0.44770	0.25232	0.29999
191 A	0.42534	0.27798	0.29669
192 A	0.41324	0.29128	0.29549
193 G	0.40984	0.29462	0.29554
194 G	0.41281	0.28902	0.29817
195 A	0.42416	0.27584	0.3
196 A	0.42934	0.26503	0.30563
197 T	0.43665	0.24191	0.32143
198 T	0.43927	0.22953	0.3312
199 T	0.44044	0.22000	0.33955
200 A	0.44019	0.21638	0.34343
201 T	0.43970	0.20892	0.35139
202 C	0.43500	0.21187	0.35313
203 A	0.43195	0.21887	0.34918
204 T	0.42756	0.22652	0.34592
205 A	0.40330	0.25920	0.3375
206 A	0.38819	0.28619	0.32562
207 A	0.38350	0.29400	0.3225
208 A	0.38502	0.28905	0.32593
209 A	0.39006	0.27042	0.33952
210 T	0.39978	0.23584	0.36438
211 T	0.40479	0.20561	0.3896
212 T	0.40901	0.18187	0.40913
213 T	0.40798	0.17484	0.41718
214 G	0.40228	0.17197	0.42575
215 T	0.39762	0.17665	0.42572
216 A	0.38917	0.18803	0.4228
217 T	0.38703	0.19066	0.4223
218 C	0.38252	0.19676	0.42072
219 T	0.37847	0.21388	0.40765
220 A	0.36786	0.25075	0.38139
221 G	0.36212	0.28360	0.35428
222 A	0.35153	0.31707	0.3314
223 A	0.34741	0.33433	0.31827
224 A	0.34494	0.34635	0.3087
225 T	0.34721	0.34348	0.30931
226 A	0.34870	0.34005	0.31124
227 A	0.35088	0.33387	0.31525
228 A	0.35665	0.30689	0.33646
229 T	0.36629	0.28370	0.35001
230 C	0.36555	0.28122	0.35324
231 T	0.36176	0.29531	0.34292
232 A	0.35101	0.32869	0.3203
233 A	0.34499	0.34480	0.31022
234 A	0.34196	0.35665	0.30138
235 A	0.34601	0.35277	0.30123
236 T	0.36357	0.33035	0.30609
237 A	0.36574	0.32094	0.31331
238 T	0.37426	0.30288	0.32287
239 C	0.37625	0.29127	0.33248
240 T	0.37732	0.29005	0.33263
241 A	0.36881	0.30313	0.32806
242 A	0.36873	0.31346	0.31781
243 A	0.38913	0.29223	0.31863
244 T	0.41697	0.26357	0.31946
245 T	0.43367	0.23661	0.32972
246 A	0.44057	0.22588	0.33356
247 T	0.44732	0.21608	0.3366
248 T	0.44979	0.21208	0.33813
249 A	0.44837	0.21142	0.34021
250 A	0.44994	0.20703	0.34303
251 A	0.45328	0.20031	0.34641
252 T	0.45778	0.19104	0.35119
253 A	0.46066	0.18334	0.356
254 G	0.47240	0.16285	0.36475
255 T	0.49370	0.13121	0.3751
256 A	0.50249	0.11633	0.38118
257 T	0.51121	0.10228	0.38652
258 T	0.51257	0.09790	0.38953
259 T	0.51318	0.09542	0.3914
260 T	0.51366	0.09234	0.39399
261 A	0.51399	0.09029	0.39573
262 A	0.51463	0.08530	0.40007
263 A	0.51711	0.07752	0.40537
264 A	0.52418	0.05882	0.41701
265 T	0.53852	0.03066	0.43081
266 A	0.54557	0.01664	0.43778
267 A	0.55249	0.00000	0.44751
