# lcl|CP097583.1_cds_USQ93529.1_1
# AA	inside	membr	outside
1 A	0.35096	0.00000	0.64903
2 T	0.35026	0.00070	0.64903
3 G	0.34969	0.00127	0.64903
4 A	0.34969	0.00289	0.64742
5 A	0.34411	0.01059	0.64529
6 T	0.34411	0.01109	0.6448
7 C	0.33234	0.02300	0.64466
8 A	0.33234	0.02301	0.64465
9 A	0.33140	0.02409	0.6445
10 T	0.33140	0.03251	0.63609
11 T	0.33095	0.03388	0.63517
12 A	0.32541	0.03963	0.63496
13 T	0.31714	0.04922	0.63363
14 A	0.31714	0.04922	0.63363
15 T	0.31714	0.05120	0.63165
16 C	0.31656	0.05178	0.63165
17 G	0.31470	0.05375	0.63155
18 T	0.31468	0.05405	0.63127
19 G	0.31384	0.05527	0.6309
20 A	0.31102	0.06799	0.62099
21 T	0.30803	0.07102	0.62095
22 T	0.30781	0.07338	0.61882
23 T	0.30538	0.07745	0.61717
24 A	0.30329	0.08174	0.61497
25 A	0.30287	0.08336	0.61377
26 T	0.30275	0.08347	0.61379
27 A	0.30331	0.08260	0.61408
28 G	0.30483	0.07682	0.61835
29 T	0.30534	0.07609	0.61857
30 T	0.30095	0.07231	0.62675
31 A	0.28781	0.08532	0.62687
32 A	0.28322	0.08844	0.62835
33 A	0.28675	0.08387	0.62938
34 C	0.28546	0.08423	0.6303
35 A	0.28429	0.08316	0.63255
36 T	0.28549	0.07621	0.6383
37 T	0.28427	0.07794	0.63778
38 A	0.28351	0.07897	0.63752
39 T	0.28230	0.08021	0.63749
40 C	0.28109	0.07900	0.63991
41 G	0.28055	0.07952	0.63992
42 T	0.28107	0.07827	0.64066
43 A	0.28903	0.06853	0.64245
44 A	0.28950	0.06612	0.64437
45 T	0.29230	0.06280	0.6449
46 C	0.29369	0.05797	0.64834
47 C	0.29556	0.05413	0.65031
48 T	0.29793	0.05164	0.65043
49 T	0.29791	0.05278	0.64931
50 T	0.29793	0.05403	0.64804
51 T	0.29612	0.05726	0.64662
52 A	0.28834	0.06754	0.64411
53 A	0.28441	0.06682	0.64877
54 T	0.28175	0.05837	0.65988
55 A	0.25502	0.08384	0.66114
56 A	0.24547	0.09486	0.65968
57 A	0.24384	0.09936	0.6568
58 G	0.24386	0.09967	0.65646
59 G	0.24332	0.10316	0.65351
60 T	0.24361	0.10720	0.64919
61 T	0.24340	0.11045	0.64615
62 T	0.24029	0.11745	0.64226
63 A	0.23680	0.13121	0.63199
64 A	0.23439	0.14132	0.62429
65 T	0.23284	0.14564	0.62152
66 T	0.23010	0.15081	0.61909
67 A	0.22262	0.16422	0.61316
68 A	0.20868	0.17871	0.61261
69 A	0.19912	0.18800	0.61288
70 A	0.19181	0.19500	0.61319
71 A	0.18898	0.19701	0.614
72 C	0.18888	0.19434	0.61678
73 A	0.18932	0.19316	0.61752
74 A	0.19042	0.18970	0.61988
75 T	0.19311	0.17996	0.62693
76 G	0.19396	0.17591	0.63013
77 A	0.19546	0.17220	0.63234
78 G	0.19873	0.14259	0.65868
79 C	0.20377	0.12753	0.6687
80 T	0.21037	0.11927	0.67035
81 A	0.21448	0.11463	0.67089
82 A	0.22031	0.10828	0.67141
83 T	0.22864	0.09904	0.67232
84 T	0.23268	0.09444	0.67288
85 C	0.23480	0.08715	0.67805
86 A	0.24155	0.07976	0.67869
87 T	0.24988	0.07593	0.67418
88 T	0.24958	0.08247	0.66795
89 A	0.24704	0.08893	0.66403
90 T	0.24648	0.08847	0.66505
91 T	0.24119	0.08096	0.67785
92 G	0.23291	0.08635	0.68074
93 T	0.22769	0.08836	0.68395
94 G	0.22416	0.09328	0.68256
95 T	0.22223	0.09680	0.68096
96 T	0.21931	0.10141	0.67928
97 A	0.21522	0.11079	0.67399
98 T	0.21268	0.11469	0.67263
99 G	0.19795	0.13264	0.66941
100 A	0.19186	0.14720	0.66094
101 A	0.18833	0.15466	0.65701
102 A	0.18556	0.16032	0.65412
103 G	0.18330	0.16628	0.65042
104 A	0.18258	0.17100	0.64642
105 A	0.18227	0.17677	0.64096
106 A	0.18213	0.18204	0.63583
107 A	0.18273	0.18465	0.63261
108 A	0.18382	0.18497	0.6312
109 A	0.18761	0.18124	0.63115
110 A	0.19579	0.17255	0.63165
111 T	0.20583	0.15845	0.63572
112 A	0.21296	0.14633	0.64071
113 T	0.22007	0.13306	0.64687
114 T	0.22375	0.12290	0.65335
115 T	0.22729	0.11115	0.66155
116 C	0.22854	0.10374	0.66771
117 T	0.23155	0.09865	0.6698
118 T	0.23311	0.09612	0.67077
119 G	0.23407	0.09401	0.67192
120 T	0.23865	0.08864	0.6727
121 A	0.23915	0.08813	0.67272
122 G	0.23966	0.07486	0.68549
123 T	0.24425	0.06758	0.68817
124 G	0.24115	0.07352	0.68533
125 A	0.23801	0.08614	0.67585
126 T	0.23978	0.08869	0.67153
127 G	0.23997	0.09235	0.66768
128 A	0.24262	0.09300	0.66439
129 A	0.24621	0.09131	0.66248
130 A	0.24909	0.08943	0.66148
131 T	0.25143	0.08892	0.65964
132 A	0.25150	0.08939	0.6591
133 A	0.25167	0.08988	0.65845
134 T	0.25258	0.08902	0.6584
135 T	0.25098	0.09046	0.65856
136 C	0.24687	0.09468	0.65845
137 T	0.24114	0.10090	0.65796
138 T	0.22508	0.11751	0.65741
139 C	0.20239	0.14154	0.65607
140 A	0.18007	0.16612	0.6538
141 A	0.16247	0.18677	0.65076
142 G	0.15190	0.19765	0.65046
143 T	0.14567	0.20414	0.6502
144 A	0.13976	0.21041	0.64984
145 A	0.14052	0.20724	0.65223
146 A	0.14344	0.20155	0.65501
147 A	0.15034	0.18863	0.66103
148 T	0.16198	0.17158	0.66643
149 T	0.16703	0.16421	0.66876
150 T	0.16674	0.16451	0.66876
151 G	0.16155	0.17118	0.66727
152 A	0.15921	0.17420	0.66659
153 A	0.15624	0.17769	0.66608
154 A	0.15395	0.18088	0.66517
155 A	0.15212	0.18247	0.66541
156 T	0.15172	0.18147	0.66681
157 A	0.14839	0.18573	0.66587
158 A	0.14670	0.18450	0.66879
159 A	0.14578	0.17975	0.67447
160 G	0.14555	0.16974	0.68471
161 A	0.14612	0.15194	0.70193
162 T	0.14825	0.12886	0.72289
163 A	0.15013	0.10876	0.74111
164 T	0.15317	0.08965	0.75718
165 T	0.15396	0.07919	0.76685
166 G	0.15394	0.07284	0.77321
167 T	0.15436	0.06866	0.77698
168 A	0.15423	0.07046	0.77531
169 G	0.15458	0.07348	0.77195
170 A	0.15524	0.08355	0.76121
171 T	0.15770	0.08640	0.7559
172 A	0.15846	0.09489	0.74665
173 T	0.16149	0.09734	0.74118
174 T	0.16348	0.10206	0.73446
175 A	0.16399	0.11498	0.72103
176 A	0.16476	0.12077	0.71447
177 A	0.16638	0.12152	0.7121
178 T	0.16785	0.12110	0.71105
179 A	0.16867	0.12118	0.71015
180 T	0.17055	0.11735	0.7121
181 G	0.17076	0.11686	0.71237
182 A	0.17098	0.11693	0.71209
183 A	0.17123	0.11596	0.71281
184 G	0.17259	0.11408	0.71333
185 T	0.17377	0.11282	0.71342
186 T	0.17464	0.11288	0.71247
187 C	0.17489	0.11485	0.71025
188 A	0.17523	0.11917	0.70561
189 A	0.17600	0.12028	0.70372
190 G	0.17724	0.12028	0.70248
191 G	0.18081	0.11659	0.7026
192 A	0.18721	0.11036	0.70242
193 T	0.20207	0.09497	0.70295
194 G	0.21002	0.08670	0.70328
195 C	0.22194	0.07430	0.70376
196 G	0.23146	0.06476	0.70377
197 C	0.24379	0.05240	0.70382
198 T	0.25839	0.03794	0.70367
199 A	0.26550	0.03099	0.7035
200 T	0.27103	0.02558	0.7034
201 T	0.27426	0.02250	0.70324
202 T	0.27612	0.02061	0.70327
203 T	0.27617	0.02030	0.70353
204 A	0.27480	0.02145	0.70375
205 A	0.27487	0.02115	0.70397
206 C	0.27504	0.02076	0.7042
207 C	0.27537	0.02036	0.70427
208 G	0.27613	0.01957	0.7043
209 C	0.27831	0.01738	0.70431
210 T	0.28183	0.01385	0.70432
211 T	0.28584	0.00983	0.70432
212 C	0.28707	0.00859	0.70435
213 T	0.28797	0.00764	0.70439
214 G	0.28797	0.00763	0.7044
215 C	0.28815	0.00740	0.70444
216 T	0.28821	0.00734	0.70446
217 T	0.28777	0.00778	0.70444
218 C	0.28571	0.00985	0.70444
219 T	0.28381	0.01204	0.70416
220 T	0.27899	0.01760	0.7034
221 T	0.26765	0.03016	0.70219
222 A	0.24932	0.05089	0.69979
223 A	0.23077	0.07013	0.6991
224 T	0.22688	0.07311	0.7
225 G	0.21653	0.08302	0.70045
226 T	0.20922	0.09026	0.70052
227 C	0.20215	0.09672	0.70113
228 T	0.19847	0.10152	0.70001
229 A	0.19254	0.10965	0.69781
230 T	0.18984	0.11258	0.69758
231 T	0.18665	0.11613	0.69722
232 T	0.18372	0.11929	0.69699
233 A	0.17663	0.12691	0.69646
234 C	0.17296	0.13057	0.69648
235 T	0.17044	0.13361	0.69595
236 T	0.16262	0.14247	0.69491
237 A	0.15206	0.15424	0.6937
238 A	0.14750	0.16010	0.6924
239 A	0.14523	0.16285	0.69193
240 A	0.14356	0.16412	0.69232
241 A	0.14280	0.16209	0.69511
242 A	0.14275	0.15942	0.69782
243 A	0.14266	0.15372	0.70362
244 A	0.14300	0.14216	0.71484
245 A	0.14471	0.12218	0.73311
246 T	0.14561	0.10075	0.75364
247 G	0.14553	0.09678	0.75768
248 A	0.14573	0.09155	0.76271
249 T	0.14664	0.08754	0.76582
250 T	0.14636	0.08469	0.76896
251 T	0.14425	0.08862	0.76713
252 A	0.13972	0.09894	0.76134
253 A	0.13617	0.11260	0.75124
254 T	0.13257	0.12918	0.73826
255 A	0.12831	0.15620	0.7155
256 T	0.12565	0.15537	0.71898
257 T	0.12161	0.15910	0.71929
258 A	0.11347	0.16868	0.71784
259 G	0.11051	0.16788	0.72161
260 C	0.10665	0.16690	0.72644
261 T	0.10462	0.17097	0.72442
262 A	0.09995	0.18019	0.71986
263 T	0.09707	0.18569	0.71724
264 A	0.08848	0.19966	0.71186
265 A	0.08234	0.21258	0.70508
266 A	0.07877	0.21816	0.70307
267 A	0.07558	0.22283	0.70159
268 A	0.07463	0.22555	0.69981
269 A	0.07445	0.22704	0.69851
270 A	0.07542	0.22592	0.69866
271 A	0.07910	0.22130	0.69959
272 T	0.08526	0.21362	0.70112
273 A	0.08844	0.20904	0.70252
274 A	0.09450	0.20007	0.70544
275 A	0.10342	0.18552	0.71106
276 A	0.11546	0.16858	0.71596
277 C	0.13131	0.14636	0.72234
278 A	0.15648	0.11777	0.72576
279 T	0.16613	0.10492	0.72895
280 T	0.17246	0.09613	0.7314
281 T	0.17694	0.08802	0.73503
282 T	0.17698	0.08900	0.73402
283 T	0.17491	0.08866	0.73643
284 G	0.17130	0.09231	0.73638
285 T	0.17309	0.08969	0.73722
286 A	0.17293	0.09078	0.73629
287 A	0.17649	0.08162	0.74188
288 T	0.18280	0.07095	0.74624
289 A	0.18428	0.06826	0.74745
290 T	0.18614	0.06425	0.74961
291 G	0.18782	0.06358	0.74861
292 T	0.18931	0.06551	0.74518
293 T	0.18948	0.07003	0.74048
294 A	0.18921	0.07691	0.73388
295 A	0.18910	0.08439	0.72651
296 A	0.18890	0.09116	0.71995
297 A	0.18813	0.09493	0.71693
298 A	0.18790	0.09581	0.71629
299 A	0.18673	0.09744	0.71582
300 T	0.18679	0.09730	0.71591
301 G	0.18671	0.09735	0.71595
302 A	0.18736	0.09679	0.71586
303 A	0.18951	0.09401	0.71647
304 A	0.19365	0.08818	0.71817
305 T	0.20021	0.07890	0.72089
306 T	0.20563	0.07042	0.72395
307 T	0.20886	0.06507	0.72607
308 T	0.21068	0.06432	0.725
309 T	0.21144	0.06341	0.72515
310 G	0.20853	0.06622	0.72525
311 A	0.20552	0.07005	0.72443
312 T	0.20542	0.06911	0.72547
313 C	0.20310	0.07083	0.72607
314 C	0.20020	0.07381	0.726
315 A	0.20291	0.07224	0.72486
316 C	0.20730	0.06829	0.72441
317 A	0.21257	0.06376	0.72367
318 A	0.21988	0.05729	0.72283
319 T	0.22692	0.05030	0.72277
320 T	0.22959	0.04698	0.72343
321 A	0.22952	0.04689	0.72359
322 T	0.22969	0.04443	0.72589
323 T	0.22896	0.04395	0.7271
324 A	0.22717	0.04489	0.72794
325 G	0.22566	0.04574	0.7286
326 A	0.22458	0.04656	0.72886
327 C	0.22367	0.04717	0.72916
328 G	0.22289	0.04808	0.72903
329 A	0.22292	0.04839	0.72869
330 G	0.22395	0.04753	0.72852
331 G	0.22588	0.04587	0.72825
332 A	0.22712	0.04467	0.72822
333 A	0.22817	0.03987	0.73195
334 T	0.22998	0.03351	0.73651
335 T	0.23051	0.03036	0.73913
336 A	0.23063	0.02716	0.74221
337 C	0.23099	0.02160	0.74741
338 T	0.23189	0.02008	0.74803
339 T	0.23207	0.01982	0.74811
340 G	0.23230	0.01967	0.74803
341 T	0.23306	0.01914	0.7478
342 T	0.23311	0.01944	0.74745
343 T	0.23302	0.01934	0.74765
344 T	0.23280	0.01883	0.74838
345 T	0.23243	0.01927	0.7483
346 G	0.23203	0.02110	0.74687
347 A	0.23157	0.02251	0.74592
348 A	0.22964	0.02533	0.74504
349 A	0.22904	0.02657	0.74439
350 T	0.22870	0.02696	0.74434
351 G	0.22808	0.02783	0.7441
352 A	0.22813	0.02815	0.74373
353 T	0.22832	0.02792	0.74376
354 T	0.22823	0.02825	0.74352
355 A	0.22718	0.02985	0.74297
356 A	0.22659	0.03105	0.74236
357 A	0.22631	0.03158	0.7421
358 A	0.22628	0.03182	0.7419
359 A	0.22664	0.03142	0.74195
360 T	0.22759	0.03015	0.74225
361 T	0.22854	0.02891	0.74255
362 T	0.22891	0.02806	0.74303
363 T	0.22906	0.02752	0.74343
364 C	0.22877	0.02746	0.74378
365 C	0.22881	0.02725	0.74394
366 T	0.22806	0.02805	0.74389
367 G	0.22485	0.03125	0.74391
368 G	0.22377	0.03241	0.74382
369 T	0.22553	0.03082	0.74365
370 A	0.22694	0.02956	0.7435
371 G	0.22887	0.02560	0.74553
372 A	0.23105	0.02277	0.74618
373 T	0.23267	0.02055	0.74678
374 T	0.23356	0.01935	0.74709
375 T	0.23339	0.02028	0.74633
376 A	0.23058	0.02573	0.74369
377 A	0.22792	0.02865	0.74343
378 A	0.22586	0.02980	0.74435
379 T	0.22484	0.03011	0.74505
380 G	0.22279	0.03177	0.74543
381 C	0.22201	0.03235	0.74565
382 G	0.22121	0.03312	0.74567
383 C	0.22076	0.03356	0.74567
384 T	0.22052	0.03389	0.74559
385 A	0.22027	0.03422	0.74552
386 G	0.22014	0.03436	0.7455
387 T	0.22010	0.03391	0.74599
388 A	0.21982	0.03388	0.7463
389 T	0.21979	0.03202	0.74819
390 G	0.21945	0.02858	0.75197
391 C	0.21926	0.02682	0.75392
392 C	0.21923	0.02647	0.75429
393 T	0.21916	0.02695	0.75388
394 T	0.21834	0.02822	0.75345
395 G	0.21611	0.03126	0.75262
396 G	0.21460	0.03465	0.75075
397 A	0.21320	0.03863	0.74817
398 A	0.21311	0.03902	0.74786
399 A	0.21486	0.03610	0.74904
400 T	0.21546	0.03270	0.75185
401 T	0.21438	0.03234	0.75327
402 A	0.21335	0.03440	0.75225
403 T	0.21263	0.03842	0.74895
404 T	0.21061	0.04986	0.73954
405 A	0.20723	0.06108	0.73169
406 T	0.20337	0.07190	0.72473
407 T	0.20135	0.07594	0.7227
408 A	0.19785	0.08207	0.72007
409 A	0.19587	0.08590	0.71822
410 A	0.19532	0.08671	0.71797
411 A	0.19509	0.08677	0.71814
412 A	0.19514	0.08638	0.71848
413 T	0.19533	0.08550	0.71918
414 G	0.19544	0.08481	0.71975
415 A	0.19571	0.08417	0.72012
416 T	0.19642	0.08275	0.72082
417 A	0.19685	0.08146	0.72169
418 A	0.19769	0.07865	0.72366
419 A	0.19973	0.07505	0.72522
420 T	0.20266	0.07030	0.72703
421 A	0.20399	0.06779	0.72822
422 T	0.20646	0.06411	0.72942
423 A	0.20741	0.06250	0.73008
424 C	0.20923	0.05884	0.73193
425 A	0.21217	0.05485	0.73298
426 A	0.21875	0.04663	0.73461
427 T	0.23083	0.03063	0.73853
428 A	0.24009	0.01605	0.74386
429 A	0.24945	0.00000	0.75055
