# lcl|CP097583.1_cds_USQ93384.1_1
# AA	inside	membr	outside
1 A	0.07129	0.00000	0.92871
2 T	0.07124	0.00005	0.92871
3 G	0.07121	0.00008	0.92871
4 A	0.07121	0.00014	0.92864
5 T	0.07113	0.00025	0.92862
6 T	0.07113	0.00026	0.92861
7 T	0.07027	0.00113	0.92861
8 T	0.07027	0.00113	0.92861
9 T	0.06978	0.00162	0.9286
10 G	0.06978	0.00192	0.9283
11 A	0.06966	0.00205	0.92829
12 A	0.06903	0.00268	0.92829
13 G	0.06853	0.00320	0.92827
14 G	0.06853	0.00320	0.92827
15 T	0.06853	0.00332	0.92815
16 A	0.06853	0.00333	0.92815
17 T	0.06851	0.00334	0.92814
18 T	0.06851	0.00335	0.92814
19 G	0.06849	0.00339	0.92813
20 T	0.06840	0.00380	0.92781
21 T	0.06761	0.00458	0.9278
22 A	0.06752	0.00474	0.92774
23 T	0.06744	0.00487	0.92769
24 T	0.06724	0.00515	0.92761
25 G	0.06641	0.00596	0.92764
26 G	0.06586	0.00657	0.92757
27 T	0.06560	0.00693	0.92747
28 G	0.06530	0.00766	0.92705
29 G	0.06519	0.00798	0.92683
30 T	0.06518	0.00753	0.92729
31 G	0.06511	0.00758	0.92731
32 G	0.06510	0.00718	0.92772
33 T	0.06530	0.00690	0.9278
34 C	0.06528	0.00678	0.92795
35 A	0.06527	0.00655	0.92818
36 T	0.06522	0.00633	0.92845
37 G	0.06514	0.00643	0.92843
38 C	0.06516	0.00642	0.92842
39 A	0.06508	0.00654	0.92838
40 G	0.06506	0.00654	0.9284
41 G	0.06505	0.00654	0.92842
42 A	0.06504	0.00654	0.92843
43 G	0.06529	0.00621	0.92849
44 T	0.06532	0.00544	0.92923
45 A	0.06537	0.00528	0.92934
46 G	0.06543	0.00502	0.92955
47 A	0.06553	0.00471	0.92976
48 A	0.06559	0.00388	0.93053
49 G	0.06566	0.00320	0.93114
50 C	0.06594	0.00259	0.93147
51 T	0.06651	0.00181	0.93168
52 G	0.06675	0.00153	0.93172
53 C	0.06684	0.00141	0.93175
54 T	0.06691	0.00136	0.93172
55 T	0.06691	0.00138	0.93171
56 T	0.06655	0.00175	0.93171
57 G	0.06550	0.00283	0.93167
58 G	0.06530	0.00318	0.93151
59 C	0.06509	0.00346	0.93145
60 T	0.06488	0.00425	0.93088
61 T	0.06457	0.00465	0.93078
62 T	0.06421	0.00506	0.93072
63 G	0.06211	0.00726	0.93063
64 G	0.06092	0.00853	0.93055
65 C	0.06003	0.00946	0.93052
66 T	0.05908	0.01060	0.93032
67 A	0.05772	0.01216	0.93012
68 A	0.05729	0.01274	0.92998
69 A	0.05685	0.01320	0.92994
70 A	0.05667	0.01341	0.92992
71 A	0.05662	0.01341	0.92997
72 T	0.05660	0.01339	0.93001
73 C	0.05648	0.01350	0.93002
74 A	0.05641	0.01367	0.92993
75 T	0.05617	0.01397	0.92985
76 A	0.05559	0.01458	0.92983
77 A	0.05531	0.01484	0.92985
78 A	0.05510	0.01499	0.92991
79 A	0.05479	0.01478	0.93043
80 C	0.05462	0.01374	0.93164
81 A	0.05462	0.01347	0.93191
82 G	0.05471	0.01298	0.93231
83 T	0.05530	0.01216	0.93255
84 T	0.05540	0.01200	0.9326
85 T	0.05529	0.01230	0.93241
86 T	0.05499	0.01076	0.93425
87 A	0.05408	0.01091	0.93501
88 A	0.05362	0.01038	0.936
89 T	0.05219	0.01081	0.937
90 C	0.05016	0.01177	0.93807
91 A	0.04962	0.01257	0.93781
92 C	0.04924	0.01272	0.93804
93 A	0.04879	0.01323	0.93799
94 G	0.04861	0.01342	0.93796
95 T	0.04860	0.01346	0.93793
96 C	0.04844	0.01351	0.93805
97 A	0.04842	0.01356	0.93802
98 A	0.04843	0.01331	0.93826
99 T	0.04847	0.01279	0.93875
100 T	0.04846	0.01262	0.93893
101 T	0.04840	0.01276	0.93884
102 A	0.04833	0.01249	0.93918
103 A	0.04830	0.01227	0.93943
104 A	0.04829	0.01208	0.93964
105 A	0.04823	0.01194	0.93982
106 C	0.04828	0.01164	0.94008
107 A	0.04848	0.01145	0.94007
108 A	0.04887	0.01094	0.94019
109 A	0.04908	0.01038	0.94054
110 T	0.04950	0.00908	0.94142
111 A	0.04957	0.00853	0.94189
112 G	0.04970	0.00627	0.94403
113 C	0.04993	0.00387	0.9462
114 T	0.05042	0.00292	0.94667
115 T	0.05051	0.00260	0.94689
116 T	0.05060	0.00227	0.94713
117 T	0.05060	0.00217	0.94723
118 T	0.05055	0.00217	0.94728
119 T	0.05033	0.00216	0.94751
120 A	0.05002	0.00234	0.94764
121 C	0.04990	0.00233	0.94777
122 C	0.04974	0.00247	0.94779
123 A	0.04970	0.00250	0.94779
124 T	0.04988	0.00231	0.9478
125 G	0.04984	0.00234	0.94782
126 C	0.04987	0.00230	0.94783
127 A	0.04993	0.00223	0.94784
128 A	0.05002	0.00206	0.94792
129 T	0.05009	0.00193	0.94798
130 C	0.05017	0.00181	0.94802
131 C	0.05019	0.00177	0.94803
132 T	0.05005	0.00191	0.94804
133 T	0.04981	0.00217	0.94802
134 C	0.04949	0.00250	0.94801
135 T	0.04924	0.00280	0.94797
136 A	0.04858	0.00348	0.94794
137 T	0.04815	0.00391	0.94793
138 T	0.04732	0.00475	0.94793
139 G	0.04578	0.00628	0.94794
140 G	0.04500	0.00697	0.94803
141 A	0.04457	0.00728	0.94814
142 G	0.04434	0.00726	0.9484
143 G	0.04421	0.00710	0.94869
144 A	0.04412	0.00704	0.94883
145 C	0.04408	0.00687	0.94905
146 C	0.04405	0.00682	0.94912
147 A	0.04403	0.00683	0.94914
148 G	0.04402	0.00681	0.94917
149 C	0.04400	0.00682	0.94918
150 T	0.04396	0.00689	0.94915
151 A	0.04386	0.00701	0.94913
152 A	0.04378	0.00708	0.94914
153 A	0.04371	0.00711	0.94918
154 G	0.04365	0.00709	0.94926
155 G	0.04364	0.00677	0.9496
156 T	0.04366	0.00628	0.95007
157 G	0.04366	0.00575	0.95058
158 T	0.04370	0.00525	0.95105
159 T	0.04371	0.00451	0.95178
160 G	0.04370	0.00401	0.95229
161 T	0.04370	0.00327	0.95303
162 T	0.04364	0.00226	0.9541
163 G	0.04352	0.00186	0.95462
164 T	0.04348	0.00166	0.95486
165 T	0.04335	0.00176	0.95489
166 A	0.04298	0.00222	0.9548
167 G	0.04272	0.00253	0.95475
168 A	0.04241	0.00304	0.95455
169 G	0.04206	0.00347	0.95447
170 A	0.04170	0.00400	0.9543
171 A	0.04109	0.00479	0.95412
172 A	0.04075	0.00516	0.95409
173 T	0.04065	0.00524	0.9541
174 A	0.04041	0.00548	0.95411
175 G	0.04030	0.00551	0.95419
176 A	0.04027	0.00549	0.95424
177 T	0.04027	0.00546	0.95427
178 G	0.04021	0.00553	0.95427
179 C	0.04017	0.00560	0.95423
180 T	0.04011	0.00588	0.95401
181 T	0.03994	0.00621	0.95385
182 T	0.03956	0.00663	0.95382
183 A	0.03885	0.00739	0.95376
184 G	0.03864	0.00761	0.95374
185 G	0.03854	0.00757	0.9539
186 C	0.03849	0.00744	0.95407
187 G	0.03850	0.00755	0.95396
188 G	0.03862	0.00746	0.95392
189 A	0.03875	0.00727	0.95398
190 A	0.03888	0.00705	0.95407
191 T	0.03908	0.00667	0.95425
192 A	0.03913	0.00628	0.95459
193 A	0.03926	0.00576	0.95498
194 T	0.03943	0.00491	0.95567
195 G	0.03942	0.00458	0.956
196 G	0.03942	0.00450	0.95608
197 G	0.03944	0.00460	0.95596
198 G	0.03934	0.00514	0.95552
199 A	0.03929	0.00551	0.95519
200 A	0.03914	0.00583	0.95503
201 A	0.03915	0.00585	0.955
202 G	0.03920	0.00567	0.95513
203 T	0.03942	0.00529	0.95529
204 A	0.03948	0.00508	0.95545
205 G	0.03949	0.00467	0.95585
206 C	0.03950	0.00410	0.95639
207 T	0.03951	0.00413	0.95637
208 G	0.03932	0.00455	0.95613
209 A	0.03907	0.00519	0.95573
210 T	0.03907	0.00565	0.95528
211 T	0.03889	0.00591	0.95521
212 T	0.03849	0.00642	0.95509
213 A	0.03773	0.00717	0.9551
214 T	0.03734	0.00752	0.95513
215 C	0.03664	0.00818	0.95518
216 A	0.03580	0.00910	0.9551
217 C	0.03529	0.00968	0.95504
218 A	0.03507	0.01006	0.95487
219 A	0.03488	0.01028	0.95483
220 A	0.03510	0.01007	0.95482
221 T	0.03563	0.00942	0.95494
222 T	0.03587	0.00913	0.955
223 C	0.03595	0.00883	0.95522
224 A	0.03603	0.00874	0.95524
225 A	0.03602	0.00872	0.95526
226 A	0.03605	0.00868	0.95527
227 T	0.03617	0.00854	0.95529
228 T	0.03596	0.00884	0.9552
229 A	0.03567	0.00934	0.95499
230 A	0.03566	0.00943	0.95492
231 A	0.03586	0.00906	0.95508
232 A	0.03622	0.00832	0.95546
233 T	0.03668	0.00726	0.95606
234 G	0.03678	0.00670	0.95652
235 T	0.03698	0.00618	0.95683
236 T	0.03700	0.00588	0.95711
237 G	0.03686	0.00629	0.95685
238 A	0.03680	0.00602	0.95718
239 A	0.03686	0.00542	0.95772
240 T	0.03689	0.00495	0.95816
241 A	0.03690	0.00467	0.95842
242 C	0.03686	0.00437	0.95877
243 T	0.03675	0.00455	0.9587
244 T	0.03653	0.00500	0.95847
245 C	0.03610	0.00560	0.9583
246 T	0.03582	0.00614	0.95804
247 A	0.03538	0.00694	0.95768
248 A	0.03506	0.00728	0.95766
249 A	0.03482	0.00748	0.9577
250 G	0.03474	0.00751	0.95775
251 G	0.03481	0.00707	0.95812
252 C	0.03509	0.00646	0.95845
253 C	0.03527	0.00618	0.95854
254 C	0.03541	0.00604	0.95855
255 T	0.03554	0.00594	0.95852
256 G	0.03559	0.00592	0.95849
257 C	0.03568	0.00588	0.95844
258 T	0.03592	0.00582	0.95827
259 G	0.03610	0.00571	0.95819
260 T	0.03645	0.00536	0.95819
261 T	0.03620	0.00573	0.95807
262 A	0.03521	0.00686	0.95794
263 G	0.03471	0.00732	0.95796
264 A	0.03439	0.00766	0.95795
265 A	0.03420	0.00788	0.95792
266 G	0.03427	0.00767	0.95806
267 T	0.03453	0.00730	0.95818
268 T	0.03438	0.00737	0.95826
269 T	0.03368	0.00845	0.95787
270 A	0.03024	0.01259	0.95718
271 A	0.02724	0.01553	0.95723
272 G	0.02460	0.01812	0.95728
273 A	0.02329	0.01933	0.95739
274 G	0.02178	0.02080	0.95743
275 C	0.02053	0.02202	0.95744
276 A	0.01979	0.02286	0.95735
277 C	0.01950	0.02324	0.95726
278 A	0.01932	0.02368	0.957
279 A	0.01920	0.02405	0.95675
280 A	0.01917	0.02436	0.95647
281 T	0.01915	0.02465	0.9562
282 A	0.01577	0.02856	0.95566
283 G	0.01394	0.03035	0.95571
284 A	0.01297	0.03119	0.95585
285 T	0.01199	0.03152	0.95649
286 A	0.01036	0.03310	0.95654
287 A	0.00928	0.03400	0.95672
288 A	0.00894	0.03412	0.95693
289 A	0.00887	0.03391	0.95723
290 T	0.00902	0.03332	0.95767
291 A	0.00907	0.03292	0.958
292 A	0.00945	0.03185	0.9587
293 A	0.01011	0.02849	0.9614
294 A	0.01022	0.02559	0.9642
295 T	0.01039	0.02276	0.96685
296 A	0.01040	0.02155	0.96805
297 T	0.01047	0.02005	0.96948
298 C	0.01046	0.01888	0.97066
299 C	0.01049	0.01831	0.97121
300 T	0.01056	0.01813	0.97131
301 A	0.01068	0.01800	0.97132
302 A	0.01087	0.01783	0.9713
303 A	0.01111	0.01760	0.97129
304 A	0.01146	0.01687	0.97167
305 T	0.01215	0.01130	0.97655
306 T	0.01250	0.00859	0.97891
307 G	0.01268	0.00734	0.97998
308 T	0.01293	0.00644	0.98063
309 T	0.01318	0.00529	0.98153
310 T	0.01327	0.00474	0.98199
311 T	0.01328	0.00523	0.98149
312 G	0.01314	0.00734	0.97952
313 G	0.01307	0.01085	0.97608
314 A	0.01302	0.01599	0.97099
315 A	0.01294	0.01800	0.96905
316 A	0.01305	0.01860	0.96836
317 T	0.01306	0.01897	0.96798
318 T	0.01281	0.01986	0.96733
319 T	0.01260	0.02210	0.96529
320 T	0.01220	0.02375	0.96406
321 A	0.01147	0.02532	0.96321
322 A	0.01112	0.02605	0.96283
323 A	0.01077	0.02664	0.96259
324 A	0.00989	0.02759	0.96253
325 A	0.00945	0.02799	0.96256
326 A	0.00907	0.02831	0.96262
327 G	0.00888	0.02844	0.96268
328 A	0.00879	0.02850	0.96271
329 C	0.00887	0.02836	0.96277
330 A	0.00907	0.02814	0.96279
331 C	0.00941	0.02777	0.96283
332 C	0.00988	0.02729	0.96282
333 G	0.01042	0.02679	0.96279
334 A	0.01155	0.02569	0.96276
335 A	0.01409	0.02306	0.96284
336 T	0.01835	0.01874	0.96291
337 T	0.02314	0.01382	0.96304
338 T	0.02485	0.01181	0.96334
339 A	0.02535	0.01111	0.96354
340 A	0.02577	0.01040	0.96383
341 C	0.02654	0.00904	0.96442
342 T	0.02867	0.00669	0.96464
343 T	0.02966	0.00543	0.96491
344 T	0.03010	0.00461	0.96529
345 A	0.03008	0.00444	0.96547
346 T	0.03008	0.00420	0.96573
347 T	0.02944	0.00391	0.96664
348 A	0.02681	0.00609	0.9671
349 G	0.02563	0.00683	0.96755
350 A	0.02537	0.00684	0.96778
351 A	0.02527	0.00675	0.96799
352 G	0.02524	0.00661	0.96814
353 G	0.02527	0.00647	0.96826
354 T	0.02534	0.00635	0.9683
355 T	0.02533	0.00635	0.96832
356 T	0.02524	0.00651	0.96825
357 T	0.02510	0.00667	0.96824
358 G	0.02488	0.00693	0.96819
359 T	0.02481	0.00701	0.96817
360 T	0.02458	0.00728	0.96814
361 C	0.02383	0.00816	0.96801
362 A	0.02320	0.00896	0.96784
363 T	0.02280	0.00948	0.96773
364 A	0.02188	0.01056	0.96756
365 A	0.02123	0.01135	0.96742
366 T	0.02095	0.01173	0.96733
367 T	0.02064	0.01181	0.96755
368 T	0.02029	0.01187	0.96785
369 A	0.01976	0.01223	0.96802
370 A	0.01956	0.01186	0.96857
371 T	0.01948	0.00970	0.97082
372 T	0.01930	0.00903	0.97166
373 A	0.01896	0.00944	0.9716
374 T	0.01818	0.01060	0.97121
375 A	0.01699	0.01266	0.97036
376 G	0.01622	0.01384	0.96994
377 A	0.01586	0.01439	0.96975
378 A	0.01561	0.01470	0.9697
379 G	0.01549	0.01480	0.96971
380 A	0.01541	0.01506	0.96953
381 T	0.01543	0.01489	0.96968
382 A	0.01533	0.01494	0.96973
383 A	0.01528	0.01478	0.96994
384 T	0.01536	0.01406	0.97058
385 A	0.01528	0.01373	0.97098
386 A	0.01525	0.01345	0.9713
387 A	0.01533	0.01245	0.97222
388 G	0.01544	0.01159	0.97297
389 T	0.01563	0.01097	0.9734
390 T	0.01570	0.01062	0.97367
391 C	0.01564	0.01046	0.9739
392 A	0.01562	0.01053	0.97385
393 T	0.01571	0.01057	0.97373
394 G	0.01564	0.01098	0.97338
395 G	0.01572	0.01106	0.97322
396 A	0.01596	0.01109	0.97295
397 G	0.01648	0.00995	0.97357
398 T	0.01740	0.00825	0.97435
399 T	0.01765	0.00770	0.97465
400 A	0.01751	0.00794	0.97456
401 A	0.01744	0.00798	0.97457
402 A	0.01738	0.00809	0.97452
403 T	0.01746	0.00807	0.97446
404 T	0.01715	0.00840	0.97445
405 A	0.01636	0.00932	0.97432
406 A	0.01586	0.01021	0.97394
407 A	0.01560	0.01040	0.97399
408 A	0.01535	0.01048	0.97417
409 G	0.01504	0.01065	0.97431
410 A	0.01489	0.01072	0.97438
411 C	0.01483	0.01072	0.97444
412 G	0.01492	0.01069	0.97439
413 G	0.01511	0.01056	0.97432
414 T	0.01544	0.01032	0.97425
415 A	0.01570	0.01011	0.97419
416 C	0.01606	0.00975	0.97419
417 T	0.01660	0.00931	0.97409
418 A	0.01687	0.00911	0.97402
419 T	0.01731	0.00865	0.97404
420 T	0.01767	0.00829	0.97404
421 A	0.01779	0.00818	0.97403
422 T	0.01801	0.00767	0.97432
423 T	0.01806	0.00732	0.97462
424 A	0.01799	0.00723	0.97478
425 A	0.01807	0.00695	0.97498
426 T	0.01828	0.00653	0.97519
427 A	0.01827	0.00638	0.97535
428 G	0.01842	0.00571	0.97586
429 T	0.01871	0.00548	0.97582
430 A	0.01859	0.00553	0.97588
431 A	0.01845	0.00568	0.97586
432 A	0.01772	0.00638	0.97589
433 A	0.01770	0.00640	0.97591
434 C	0.01775	0.00625	0.97599
435 A	0.01784	0.00630	0.97586
436 G	0.01802	0.00626	0.97572
437 T	0.01831	0.00612	0.97556
438 T	0.01844	0.00608	0.97549
439 A	0.01843	0.00615	0.97542
440 T	0.01852	0.00606	0.97542
441 T	0.01849	0.00613	0.97537
442 T	0.01843	0.00619	0.97539
443 T	0.01828	0.00628	0.97543
444 A	0.01800	0.00651	0.97549
445 A	0.01787	0.00654	0.97559
446 C	0.01782	0.00639	0.97579
447 G	0.01740	0.00669	0.9759
448 A	0.01705	0.00702	0.97592
449 C	0.01678	0.00726	0.97595
450 A	0.01651	0.00759	0.9759
451 G	0.01655	0.00752	0.97593
452 G	0.01696	0.00697	0.97606
453 A	0.01713	0.00669	0.97618
454 A	0.01746	0.00622	0.97632
455 C	0.01789	0.00490	0.97721
456 T	0.01820	0.00450	0.9773
457 T	0.01833	0.00432	0.97736
458 A	0.01836	0.00426	0.97738
459 T	0.01848	0.00412	0.97739
460 T	0.01850	0.00408	0.97742
461 T	0.01845	0.00405	0.9775
462 A	0.01820	0.00419	0.97761
463 G	0.01791	0.00433	0.97776
464 C	0.01778	0.00433	0.97789
465 T	0.01755	0.00468	0.97777
466 A	0.01661	0.00597	0.97741
467 G	0.01615	0.00650	0.97735
468 T	0.01580	0.00708	0.97712
469 A	0.01518	0.00858	0.97624
470 A	0.01473	0.00865	0.97662
471 A	0.01443	0.00861	0.97696
472 A	0.01435	0.00831	0.97735
473 T	0.01438	0.00781	0.97782
474 C	0.01422	0.00780	0.97798
475 T	0.01413	0.00808	0.97779
476 T	0.01402	0.00838	0.9776
477 A	0.01385	0.00870	0.97745
478 A	0.01377	0.00887	0.97735
479 T	0.01374	0.00895	0.97731
480 T	0.01369	0.00899	0.97733
481 G	0.01360	0.00911	0.9773
482 G	0.01356	0.00924	0.9772
483 G	0.01353	0.00937	0.9771
484 A	0.01353	0.00974	0.97673
485 A	0.01355	0.00972	0.97672
486 A	0.01361	0.00952	0.97687
487 A	0.01375	0.00936	0.97689
488 A	0.01399	0.00887	0.97714
489 T	0.01451	0.00750	0.97799
490 A	0.01468	0.00714	0.97818
491 A	0.01494	0.00667	0.97839
492 A	0.01568	0.00561	0.97871
493 A	0.01579	0.00525	0.97896
494 T	0.01590	0.00490	0.9792
495 T	0.01600	0.00493	0.97907
496 A	0.01607	0.00487	0.97906
497 G	0.01617	0.00466	0.97918
498 T	0.01639	0.00441	0.9792
499 T	0.01655	0.00422	0.97923
500 C	0.01664	0.00410	0.97926
501 T	0.01670	0.00413	0.97917
502 G	0.01672	0.00412	0.97916
503 G	0.01677	0.00408	0.97916
504 T	0.01693	0.00388	0.97919
505 C	0.01700	0.00383	0.97917
506 C	0.01713	0.00376	0.97911
507 T	0.01726	0.00387	0.97887
508 A	0.01672	0.00488	0.9784
509 A	0.01660	0.00519	0.97821
510 T	0.01656	0.00535	0.97809
511 A	0.01629	0.00565	0.97806
512 A	0.01625	0.00570	0.97805
513 T	0.01640	0.00552	0.97807
514 A	0.01634	0.00557	0.97808
515 C	0.01648	0.00542	0.9781
516 A	0.01662	0.00528	0.9781
517 C	0.01678	0.00512	0.9781
518 C	0.01702	0.00487	0.9781
519 T	0.01715	0.00475	0.9781
520 A	0.01718	0.00472	0.9781
521 C	0.01727	0.00463	0.97811
522 T	0.01736	0.00453	0.97811
523 A	0.01743	0.00445	0.97812
524 C	0.01748	0.00433	0.97819
525 T	0.01746	0.00433	0.97821
526 T	0.01715	0.00462	0.97823
527 A	0.01667	0.00507	0.97826
528 T	0.01646	0.00521	0.97833
529 A	0.01578	0.00594	0.97829
530 G	0.01557	0.00583	0.9786
531 T	0.01571	0.00507	0.97921
532 A	0.01504	0.00565	0.97931
533 T	0.01480	0.00580	0.9794
534 T	0.01404	0.00665	0.97931
535 A	0.01293	0.00819	0.97888
536 G	0.01225	0.00896	0.97878
537 T	0.01184	0.00927	0.97889
538 G	0.01120	0.00989	0.97891
539 A	0.01077	0.01031	0.97892
540 A	0.01067	0.01040	0.97893
541 C	0.01059	0.01050	0.97891
542 A	0.01047	0.01096	0.97856
543 A	0.01034	0.01140	0.97826
544 T	0.01026	0.01161	0.97812
545 T	0.01019	0.01181	0.978
546 A	0.01004	0.01211	0.97785
547 A	0.00990	0.01222	0.97788
548 A	0.00982	0.01215	0.97802
549 G	0.00980	0.01169	0.97851
550 G	0.00981	0.01120	0.97899
551 A	0.00986	0.01087	0.97926
552 A	0.01001	0.01005	0.97995
553 T	0.01014	0.00945	0.98041
554 A	0.01022	0.00901	0.98078
555 T	0.01040	0.00780	0.9818
556 G	0.01059	0.00706	0.98235
557 G	0.01096	0.00585	0.98319
558 T	0.01144	0.00468	0.98388
559 T	0.01160	0.00414	0.98425
560 T	0.01163	0.00396	0.98441
561 T	0.01164	0.00386	0.98451
562 G	0.01163	0.00398	0.98439
563 A	0.01165	0.00467	0.98368
564 A	0.01171	0.00544	0.98285
565 A	0.01213	0.00541	0.98246
566 T	0.01254	0.00553	0.98193
567 T	0.01270	0.00538	0.98192
568 A	0.01279	0.00535	0.98187
569 T	0.01290	0.00519	0.9819
570 T	0.01297	0.00508	0.98196
571 C	0.01299	0.00508	0.98193
572 G	0.01301	0.00538	0.98161
573 T	0.01303	0.00576	0.9812
574 T	0.01300	0.00665	0.98034
575 T	0.01264	0.00831	0.97905
576 A	0.01032	0.01260	0.97708
577 A	0.00908	0.01406	0.97686
578 A	0.00867	0.01462	0.97671
579 A	0.00840	0.01500	0.97661
580 A	0.00829	0.01519	0.97652
581 C	0.00829	0.01524	0.97646
582 A	0.00830	0.01577	0.97592
583 G	0.00799	0.01621	0.9758
584 G	0.00787	0.01651	0.97562
585 A	0.00798	0.01646	0.97555
586 A	0.00839	0.01606	0.97555
587 C	0.00898	0.01544	0.97558
588 A	0.00926	0.01517	0.97558
589 C	0.00990	0.01452	0.97558
590 C	0.01003	0.01439	0.97558
591 T	0.01010	0.01433	0.97557
592 C	0.00998	0.01447	0.97555
593 C	0.00986	0.01462	0.97552
594 A	0.00970	0.01491	0.97539
595 A	0.00910	0.01561	0.97529
596 G	0.00910	0.01559	0.97531
597 A	0.00953	0.01513	0.97534
598 G	0.01018	0.01413	0.9757
599 T	0.01155	0.01046	0.97798
600 C	0.01122	0.00967	0.97911
601 A	0.01082	0.01000	0.97918
602 A	0.01058	0.01037	0.97905
603 A	0.01010	0.01112	0.97879
604 A	0.00964	0.01180	0.97856
605 A	0.00969	0.01179	0.97852
606 A	0.00981	0.01109	0.9791
607 G	0.01001	0.01025	0.97974
608 A	0.01019	0.00964	0.98016
609 T	0.01031	0.00911	0.98058
610 A	0.01027	0.00880	0.98093
611 C	0.01026	0.00847	0.98127
612 C	0.01016	0.00856	0.98128
613 A	0.01007	0.00890	0.98103
614 T	0.01009	0.00890	0.981
615 T	0.01008	0.00890	0.98102
616 G	0.00999	0.00907	0.98094
617 A	0.00997	0.00902	0.98101
618 T	0.00998	0.00805	0.98197
619 T	0.00987	0.00771	0.98242
620 A	0.00943	0.00788	0.98268
621 T	0.00926	0.00762	0.98312
622 A	0.00893	0.00805	0.98302
623 G	0.00857	0.00846	0.98297
624 T	0.00854	0.00938	0.98207
625 A	0.00830	0.00989	0.98181
626 A	0.00839	0.00956	0.98205
627 A	0.00854	0.00921	0.98224
628 T	0.00863	0.00895	0.98242
629 C	0.00853	0.00908	0.98239
630 A	0.00840	0.00981	0.98178
631 A	0.00837	0.01019	0.98144
632 A	0.00838	0.01040	0.98122
633 A	0.00845	0.01028	0.98126
634 A	0.00856	0.01012	0.98132
635 T	0.00876	0.00971	0.98153
636 T	0.00901	0.00928	0.98171
637 C	0.00905	0.00916	0.98178
638 A	0.00911	0.00921	0.98168
639 A	0.00923	0.00915	0.98162
640 T	0.00937	0.00907	0.98156
641 T	0.00942	0.00908	0.9815
642 A	0.00944	0.00907	0.98149
643 G	0.00955	0.00845	0.98199
644 G	0.00973	0.00804	0.98223
645 A	0.01003	0.00744	0.98253
646 G	0.01056	0.00657	0.98288
647 A	0.01188	0.00507	0.98305
648 T	0.01256	0.00398	0.98345
649 G	0.01279	0.00364	0.98357
650 G	0.01314	0.00320	0.98366
651 T	0.01346	0.00286	0.98368
652 A	0.01362	0.00272	0.98366
653 T	0.01410	0.00219	0.98372
654 T	0.01437	0.00188	0.98375
655 T	0.01452	0.00172	0.98376
656 T	0.01453	0.00171	0.98376
657 A	0.01447	0.00179	0.98374
658 C	0.01443	0.00181	0.98375
659 A	0.01442	0.00183	0.98375
660 A	0.01442	0.00182	0.98376
661 A	0.01456	0.00167	0.98377
662 C	0.01474	0.00147	0.98379
663 T	0.01496	0.00125	0.98379
664 T	0.01509	0.00110	0.9838
665 T	0.01513	0.00105	0.98382
666 T	0.01511	0.00108	0.98382
667 A	0.01501	0.00118	0.98382
668 G	0.01501	0.00113	0.98385
669 T	0.01506	0.00106	0.98389
670 T	0.01508	0.00101	0.9839
671 C	0.01509	0.00099	0.98392
672 T	0.01516	0.00092	0.98393
673 C	0.01515	0.00092	0.98393
674 C	0.01518	0.00090	0.98393
675 T	0.01527	0.00080	0.98392
676 T	0.01529	0.00078	0.98392
677 C	0.01528	0.00079	0.98392
678 T	0.01528	0.00080	0.98392
679 G	0.01526	0.00083	0.98391
680 T	0.01526	0.00078	0.98396
681 T	0.01523	0.00082	0.98394
682 A	0.01514	0.00110	0.98375
683 T	0.01476	0.00171	0.98353
684 T	0.01448	0.00240	0.98312
685 A	0.01426	0.00341	0.98233
686 A	0.01411	0.00386	0.98204
687 A	0.01408	0.00403	0.98189
688 G	0.01406	0.00418	0.98175
689 A	0.01406	0.00428	0.98165
690 T	0.01403	0.00426	0.98171
691 T	0.01400	0.00433	0.98168
692 T	0.01396	0.00440	0.98165
693 A	0.01388	0.00450	0.98163
694 G	0.01385	0.00451	0.98164
695 G	0.01384	0.00452	0.98164
696 T	0.01383	0.00450	0.98168
697 A	0.01382	0.00450	0.98169
698 T	0.01381	0.00450	0.98169
699 T	0.01380	0.00452	0.98169
700 C	0.01374	0.00457	0.98168
701 A	0.01372	0.00465	0.98164
702 A	0.01371	0.00463	0.98166
703 G	0.01373	0.00459	0.98168
704 A	0.01380	0.00448	0.98171
705 A	0.01407	0.00413	0.98181
706 C	0.01443	0.00313	0.98244
707 C	0.01493	0.00237	0.9827
708 T	0.01573	0.00149	0.98277
709 T	0.01597	0.00126	0.98278
710 G	0.01606	0.00121	0.98273
711 T	0.01620	0.00121	0.98259
712 T	0.01627	0.00148	0.98225
713 T	0.01620	0.00205	0.98176
714 T	0.01579	0.00318	0.98104
715 T	0.01560	0.00493	0.97947
716 T	0.01515	0.00637	0.97848
717 A	0.01452	0.00727	0.9782
718 A	0.01411	0.00808	0.9778
719 T	0.01394	0.00839	0.97767
720 A	0.01350	0.00909	0.97741
721 C	0.01321	0.00942	0.97737
722 A	0.01281	0.01001	0.97718
723 T	0.01262	0.01024	0.97714
724 A	0.01220	0.01072	0.97707
725 C	0.01189	0.01108	0.97702
726 T	0.01158	0.01166	0.97676
727 A	0.01109	0.01239	0.97652
728 A	0.01092	0.01274	0.97634
729 T	0.01082	0.01302	0.97616
730 A	0.01062	0.01347	0.97591
731 A	0.01047	0.01382	0.97571
732 A	0.01038	0.01432	0.9753
733 G	0.01011	0.01466	0.97524
734 A	0.01011	0.01478	0.97512
735 A	0.01044	0.01435	0.97521
736 A	0.01100	0.01346	0.97554
737 C	0.01177	0.01182	0.9764
738 T	0.01328	0.01010	0.97661
739 C	0.01387	0.00922	0.97692
740 A	0.01393	0.00911	0.97696
741 T	0.01422	0.00869	0.97709
742 G	0.01404	0.00891	0.97705
743 A	0.01392	0.00894	0.97715
744 G	0.01353	0.00951	0.97696
745 T	0.01338	0.00994	0.97668
746 T	0.01281	0.01074	0.97646
747 A	0.01140	0.01206	0.97655
748 A	0.01081	0.01262	0.97658
749 T	0.01029	0.01304	0.97667
750 C	0.00901	0.01437	0.97663
751 A	0.00864	0.01619	0.97517
752 A	0.00862	0.01694	0.97444
753 A	0.00820	0.01799	0.97381
754 A	0.00802	0.01838	0.9736
755 A	0.00814	0.01832	0.97353
756 A	0.00789	0.01829	0.97382
757 A	0.00787	0.01817	0.97396
758 A	0.00785	0.01798	0.97417
759 T	0.00789	0.01769	0.97441
760 T	0.00784	0.01766	0.9745
761 T	0.00745	0.01810	0.97445
762 A	0.00697	0.01875	0.97428
763 A	0.00671	0.01921	0.97408
764 A	0.00647	0.01960	0.97393
765 A	0.00653	0.01943	0.97405
766 A	0.00677	0.01886	0.97437
767 A	0.00729	0.01772	0.97499
768 A	0.00808	0.01611	0.97581
769 T	0.00879	0.01439	0.97682
770 C	0.00913	0.01249	0.97839
771 A	0.00957	0.01161	0.97882
772 G	0.00993	0.01061	0.97946
773 C	0.01050	0.00900	0.9805
774 T	0.01176	0.00757	0.98067
775 A	0.01231	0.00704	0.98065
776 T	0.01292	0.00590	0.98119
777 G	0.01301	0.00560	0.98139
778 T	0.01301	0.00565	0.98134
779 A	0.01257	0.00632	0.98111
780 T	0.01210	0.00692	0.98097
781 G	0.01159	0.00809	0.98032
782 G	0.01111	0.01031	0.97858
783 A	0.01106	0.01061	0.97832
784 G	0.01114	0.01051	0.97835
785 G	0.01135	0.01038	0.97827
786 A	0.01170	0.01032	0.97798
787 C	0.01195	0.01034	0.97772
788 A	0.01209	0.01132	0.97659
789 T	0.01212	0.01175	0.97613
790 G	0.01210	0.01262	0.97528
791 T	0.01204	0.01330	0.97466
792 A	0.01186	0.01388	0.97426
793 G	0.01175	0.01431	0.97394
794 A	0.01168	0.01462	0.97369
795 A	0.01167	0.01475	0.97359
796 G	0.01167	0.01483	0.9735
797 G	0.01173	0.01481	0.97346
798 A	0.01182	0.01476	0.97342
799 A	0.01194	0.01467	0.9734
800 A	0.01208	0.01443	0.97349
801 A	0.01236	0.01395	0.97368
802 G	0.01308	0.01267	0.97425
803 G	0.01356	0.01161	0.97483
804 A	0.01446	0.01026	0.97528
805 C	0.01629	0.00798	0.97574
806 C	0.01678	0.00740	0.97582
807 A	0.01726	0.00693	0.9758
808 C	0.01787	0.00634	0.97579
809 G	0.01848	0.00578	0.97574
810 T	0.01929	0.00505	0.97567
811 T	0.02029	0.00424	0.97547
812 A	0.02055	0.00428	0.97517
813 T	0.02117	0.00370	0.97513
814 T	0.02127	0.00351	0.97522
815 G	0.02105	0.00355	0.97541
816 T	0.02109	0.00342	0.97548
817 C	0.02088	0.00357	0.97554
818 C	0.02089	0.00357	0.97555
819 T	0.02094	0.00354	0.97551
820 T	0.02092	0.00361	0.97548
821 C	0.02083	0.00370	0.97548
822 T	0.02079	0.00375	0.97546
823 A	0.02068	0.00386	0.97545
824 T	0.02054	0.00401	0.97545
825 C	0.02028	0.00428	0.97545
826 G	0.02014	0.00442	0.97544
827 A	0.02009	0.00447	0.97543
828 A	0.02007	0.00450	0.97543
829 G	0.02005	0.00452	0.97543
830 A	0.02009	0.00449	0.97542
831 T	0.02017	0.00437	0.97546
832 A	0.02022	0.00430	0.97548
833 A	0.02027	0.00422	0.97551
834 A	0.02043	0.00394	0.97563
835 A	0.02070	0.00344	0.97586
836 T	0.02079	0.00305	0.97616
837 T	0.02082	0.00254	0.97665
838 G	0.02082	0.00213	0.97705
839 T	0.02085	0.00185	0.97731
840 T	0.02085	0.00158	0.97757
841 C	0.02084	0.00148	0.97768
842 G	0.02086	0.00150	0.97764
843 T	0.02090	0.00153	0.97757
844 T	0.02091	0.00173	0.97736
845 T	0.02088	0.00215	0.97696
846 T	0.02081	0.00292	0.97627
847 T	0.02066	0.00364	0.97569
848 G	0.02031	0.00449	0.97521
849 T	0.02003	0.00528	0.9747
850 G	0.01947	0.00631	0.97422
851 A	0.01923	0.00699	0.97378
852 T	0.01899	0.00747	0.97355
853 A	0.01845	0.00818	0.97337
854 A	0.01817	0.00853	0.9733
855 A	0.01801	0.00874	0.97325
856 G	0.01790	0.00891	0.97319
857 A	0.01785	0.00908	0.97307
858 A	0.01786	0.00909	0.97305
859 A	0.01789	0.00908	0.97303
860 G	0.01791	0.00906	0.97303
861 T	0.01795	0.00901	0.97304
862 C	0.01797	0.00899	0.97304
863 A	0.01800	0.00901	0.97298
864 T	0.01806	0.00902	0.97293
865 C	0.01809	0.00909	0.97282
866 A	0.01819	0.00916	0.97265
867 A	0.01854	0.00888	0.97258
868 A	0.01918	0.00821	0.97261
869 T	0.02033	0.00696	0.97271
870 T	0.02130	0.00585	0.97285
871 T	0.02208	0.00465	0.97327
872 T	0.02239	0.00409	0.97352
873 T	0.02247	0.00354	0.97399
874 A	0.02229	0.00362	0.97409
875 T	0.02212	0.00365	0.97424
876 T	0.02180	0.00365	0.97456
877 G	0.02102	0.00425	0.97473
878 A	0.02081	0.00437	0.97482
879 A	0.02070	0.00441	0.97489
880 C	0.02064	0.00446	0.97489
881 C	0.02052	0.00483	0.97466
882 A	0.02040	0.00614	0.97346
883 G	0.02017	0.00686	0.97298
884 A	0.02008	0.00759	0.97232
885 A	0.02007	0.00799	0.97194
886 A	0.02013	0.00816	0.97171
887 G	0.02025	0.00806	0.97168
888 T	0.02043	0.00794	0.97163
889 T	0.02055	0.00788	0.97157
890 T	0.02057	0.00799	0.97145
891 A	0.02056	0.00820	0.97125
892 G	0.02056	0.00842	0.97102
893 A	0.02057	0.00881	0.97062
894 A	0.02061	0.00922	0.97017
895 T	0.02072	0.00965	0.96964
896 T	0.02076	0.00955	0.96969
897 A	0.02076	0.00943	0.96981
898 G	0.02080	0.00912	0.97008
899 A	0.02080	0.00880	0.97039
900 C	0.02081	0.00806	0.97113
901 G	0.02085	0.00800	0.97115
902 A	0.02096	0.00789	0.97115
903 A	0.02116	0.00768	0.97116
904 A	0.02157	0.00725	0.97118
905 T	0.02285	0.00593	0.97122
906 G	0.02331	0.00523	0.97146
907 T	0.02388	0.00459	0.97152
908 A	0.02408	0.00439	0.97154
909 T	0.02427	0.00414	0.97158
910 C	0.02429	0.00409	0.97162
911 T	0.02441	0.00399	0.9716
912 T	0.02442	0.00399	0.97159
913 C	0.02440	0.00403	0.97157
914 A	0.02447	0.00403	0.9715
915 A	0.02467	0.00384	0.97149
916 G	0.02503	0.00346	0.97152
917 G	0.02555	0.00293	0.97152
918 T	0.02621	0.00229	0.97149
919 C	0.02629	0.00214	0.97157
920 T	0.02636	0.00208	0.97155
921 T	0.02631	0.00220	0.97149
922 T	0.02616	0.00233	0.9715
923 C	0.02573	0.00277	0.97151
924 T	0.02551	0.00304	0.97144
925 A	0.02505	0.00359	0.97136
926 C	0.02488	0.00385	0.97126
927 A	0.02477	0.00447	0.97077
928 A	0.02465	0.00517	0.97018
929 G	0.02436	0.00596	0.96969
930 T	0.02419	0.00633	0.96948
931 A	0.02376	0.00684	0.9694
932 T	0.02344	0.00711	0.96944
933 G	0.02236	0.00817	0.96946
934 C	0.02179	0.00875	0.96946
935 C	0.02151	0.00927	0.96922
936 T	0.02122	0.01034	0.96844
937 G	0.02069	0.01165	0.96767
938 A	0.02028	0.01291	0.9668
939 A	0.02000	0.01373	0.96627
940 G	0.01980	0.01445	0.96575
941 A	0.01972	0.01553	0.96475
942 A	0.01965	0.01572	0.96464
943 G	0.01969	0.01576	0.96456
944 T	0.01975	0.01618	0.96408
945 T	0.01966	0.01747	0.96287
946 C	0.01949	0.01848	0.96203
947 A	0.01937	0.02123	0.9594
948 A	0.01926	0.02314	0.9576
949 G	0.01929	0.02452	0.95619
950 A	0.01971	0.02510	0.9552
951 A	0.02021	0.02534	0.95444
952 A	0.02068	0.02532	0.954
953 A	0.02090	0.02539	0.95372
954 A	0.02112	0.02493	0.95396
955 A	0.02147	0.02421	0.95432
956 T	0.02234	0.02209	0.95557
957 T	0.02277	0.02111	0.95612
958 T	0.02307	0.02098	0.95595
959 T	0.02320	0.02164	0.95517
960 A	0.02213	0.02515	0.95272
961 A	0.02128	0.02631	0.9524
962 A	0.02001	0.02790	0.95209
963 A	0.01972	0.02854	0.95173
964 A	0.02047	0.02813	0.9514
965 C	0.02087	0.02813	0.95101
966 A	0.02167	0.02777	0.95056
967 A	0.02386	0.02553	0.9506
968 T	0.02698	0.02232	0.9507
969 T	0.02830	0.02091	0.95078
970 C	0.02915	0.01996	0.95089
971 C	0.02982	0.01913	0.95105
972 T	0.03077	0.01821	0.95102
973 G	0.03117	0.01788	0.95094
974 C	0.03175	0.01739	0.95087
975 A	0.03226	0.01725	0.95049
976 T	0.03261	0.01750	0.94989
977 T	0.03233	0.01859	0.94909
978 A	0.02937	0.02221	0.94843
979 G	0.02615	0.02644	0.94741
980 A	0.02421	0.02908	0.9467
981 A	0.02332	0.03064	0.94605
982 A	0.02363	0.03016	0.94621
983 A	0.02574	0.02687	0.94738
984 A	0.02628	0.02521	0.94851
985 G	0.02688	0.02308	0.95003
986 C	0.02747	0.02191	0.95062
987 A	0.02771	0.02216	0.95013
988 G	0.02824	0.02213	0.94963
989 T	0.02877	0.02195	0.94928
990 A	0.02877	0.02244	0.94878
991 A	0.02886	0.02238	0.94876
992 T	0.02904	0.02190	0.94907
993 T	0.02903	0.02149	0.94948
994 A	0.02860	0.02176	0.94964
995 C	0.02816	0.02215	0.94969
996 T	0.02813	0.02246	0.94941
997 A	0.02783	0.02367	0.9485
998 A	0.02803	0.02378	0.9482
999 A	0.02866	0.02331	0.94803
1000 T	0.02950	0.02199	0.94852
1001 A	0.02995	0.01837	0.95168
1002 T	0.03093	0.01393	0.95514
1003 G	0.03147	0.01139	0.95714
1004 C	0.03218	0.00971	0.95811
1005 T	0.03241	0.00942	0.95816
1006 T	0.03251	0.00921	0.95829
1007 A	0.03256	0.00910	0.95833
1008 T	0.03269	0.00892	0.9584
1009 G	0.03273	0.00884	0.95843
1010 C	0.03332	0.00800	0.95868
1011 T	0.03388	0.00764	0.95848
1012 A	0.03414	0.00780	0.95806
1013 T	0.03452	0.00755	0.95793
1014 T	0.03454	0.00776	0.95769
1015 G	0.03447	0.00900	0.95652
1016 A	0.03446	0.00991	0.95564
1017 A	0.03463	0.00979	0.95558
1018 T	0.03501	0.00926	0.95573
1019 A	0.03515	0.00961	0.95524
1020 T	0.03591	0.00929	0.9548
1021 G	0.03604	0.00924	0.95472
1022 A	0.03589	0.00968	0.95443
1023 T	0.03581	0.00994	0.95425
1024 G	0.03555	0.01055	0.9539
1025 C	0.03541	0.01100	0.95359
1026 T	0.03525	0.01207	0.95267
1027 T	0.03427	0.01481	0.95093
1028 T	0.03283	0.01719	0.94998
1029 T	0.03062	0.01968	0.9497
1030 A	0.02695	0.02342	0.94962
1031 A	0.02616	0.02420	0.94965
1032 T	0.02564	0.02463	0.94973
1033 C	0.02503	0.02519	0.94977
1034 C	0.02509	0.02517	0.94975
1035 T	0.02550	0.02477	0.94974
1036 A	0.02557	0.02474	0.94969
1037 A	0.02579	0.02457	0.94964
1038 T	0.02685	0.02349	0.94966
1039 C	0.02752	0.02277	0.94972
1040 A	0.02785	0.02234	0.94981
1041 A	0.02819	0.02192	0.94989
1042 C	0.02881	0.02106	0.95013
1043 T	0.02960	0.02069	0.94971
1044 A	0.02961	0.02184	0.94855
1045 A	0.02983	0.02292	0.94725
1046 A	0.03021	0.02429	0.94549
1047 T	0.03088	0.02566	0.94347
1048 T	0.03098	0.02679	0.94223
1049 A	0.03111	0.02766	0.94123
1050 T	0.03224	0.02670	0.94106
1051 A	0.03220	0.02874	0.93906
1052 A	0.03197	0.03100	0.93704
1053 T	0.03151	0.03632	0.93217
1054 T	0.02998	0.06082	0.9092
1055 T	0.02692	0.07763	0.89545
1056 A	0.02237	0.09540	0.88223
1057 G	0.01986	0.09966	0.88047
1058 A	0.01763	0.10354	0.87882
1059 A	0.01650	0.10533	0.87817
1060 A	0.01594	0.10613	0.87794
1061 C	0.01563	0.10654	0.87783
1062 A	0.01539	0.10716	0.87745
1063 A	0.01536	0.10732	0.87733
1064 A	0.01543	0.10727	0.8773
1065 A	0.01557	0.10716	0.87727
1066 A	0.01602	0.10671	0.87727
1067 A	0.01715	0.10527	0.87758
1068 A	0.01891	0.10311	0.87797
1069 A	0.02129	0.10034	0.87837
1070 T	0.02465	0.09658	0.87877
1071 T	0.02655	0.09422	0.87924
1072 G	0.02770	0.09264	0.87966
1073 A	0.02952	0.09061	0.87988
1074 A	0.03341	0.08615	0.88044
1075 A	0.03871	0.08016	0.88114
1076 A	0.05011	0.06755	0.88235
1077 T	0.07817	0.03714	0.8847
1078 T	0.09074	0.02120	0.88806
1079 T	0.09859	0.00980	0.89161
1080 A	0.09943	0.00729	0.89328
1081 T	0.10048	0.00460	0.89491
1082 T	0.10074	0.00386	0.8954
1083 T	0.10060	0.00431	0.89509
1084 T	0.10056	0.00440	0.89505
1085 T	0.10049	0.00445	0.89507
1086 T	0.09994	0.00523	0.89483
1087 G	0.09854	0.00709	0.89437
1088 C	0.09766	0.00834	0.894
1089 T	0.09557	0.01064	0.89378
1090 G	0.09309	0.01358	0.89333
1091 G	0.09215	0.01477	0.89307
1092 T	0.09192	0.01519	0.89288
1093 C	0.09136	0.01612	0.89251
1094 A	0.09086	0.01698	0.89217
1095 G	0.09056	0.01751	0.89193
1096 A	0.09007	0.01835	0.89159
1097 T	0.08974	0.01911	0.89114
1098 A	0.08922	0.02025	0.89053
1099 A	0.08890	0.02116	0.88994
1100 A	0.08885	0.02169	0.88946
1101 T	0.08886	0.02202	0.88911
1102 G	0.08880	0.02210	0.8891
1103 G	0.08889	0.02203	0.88907
1104 A	0.08909	0.02200	0.88892
1105 A	0.08959	0.02134	0.88906
1106 C	0.09042	0.01995	0.88962
1107 T	0.09091	0.01934	0.88975
1108 A	0.09108	0.01903	0.88989
1109 G	0.09141	0.01811	0.89049
1110 T	0.09188	0.01657	0.89154
1111 G	0.09210	0.01586	0.89204
1112 G	0.09236	0.01378	0.89386
1113 T	0.09298	0.01148	0.89554
1114 T	0.09321	0.01180	0.895
1115 A	0.09293	0.01319	0.89388
1116 T	0.09300	0.01320	0.89381
1117 G	0.09267	0.01384	0.8935
1118 A	0.09233	0.01465	0.89301
1119 A	0.09206	0.01494	0.893
1120 G	0.09215	0.01448	0.89337
1121 A	0.09254	0.01370	0.89377
1122 G	0.09301	0.01297	0.89403
1123 G	0.09344	0.01240	0.89415
1124 C	0.09386	0.01184	0.89431
1125 A	0.09397	0.01175	0.89428
1126 G	0.09417	0.01156	0.89426
1127 C	0.09448	0.01137	0.89414
1128 T	0.09469	0.01126	0.89406
1129 T	0.09471	0.01132	0.89397
1130 G	0.09462	0.01155	0.89384
1131 T	0.09448	0.01186	0.89366
1132 C	0.09371	0.01287	0.89342
1133 A	0.09316	0.01383	0.89301
1134 G	0.09311	0.01417	0.89273
1135 G	0.09361	0.01428	0.89211
1136 G	0.09440	0.01439	0.8912
1137 T	0.09645	0.01339	0.89015
1138 T	0.09774	0.01460	0.88766
1139 T	0.09814	0.01545	0.88641
1140 A	0.09834	0.01659	0.88508
1141 A	0.09861	0.01610	0.88529
1142 T	0.09890	0.01534	0.88576
1143 G	0.09871	0.01526	0.88603
1144 G	0.09861	0.01537	0.88601
1145 C	0.09797	0.01616	0.88587
1146 T	0.09652	0.01882	0.88466
1147 G	0.09418	0.02220	0.88362
1148 G	0.09273	0.02448	0.88279
1149 A	0.09174	0.02696	0.8813
1150 A	0.09119	0.02893	0.87988
1151 T	0.09096	0.03039	0.87865
1152 A	0.08995	0.03385	0.87619
1153 A	0.08939	0.03484	0.87578
1154 A	0.08904	0.03488	0.87608
1155 T	0.08871	0.03442	0.87687
1156 G	0.08668	0.03594	0.87738
1157 C	0.08539	0.03709	0.87751
1158 C	0.08475	0.03780	0.87745
1159 A	0.08400	0.03935	0.87665
1160 G	0.08387	0.04057	0.87557
1161 T	0.08567	0.04102	0.87331
1162 C	0.08468	0.04560	0.86972
1163 T	0.08405	0.05251	0.86344
1164 T	0.08115	0.06088	0.85798
1165 A	0.07679	0.07058	0.85263
1166 A	0.07487	0.07590	0.84922
1167 A	0.07249	0.08006	0.84745
1168 A	0.07153	0.08096	0.84751
1169 T	0.07228	0.07905	0.84868
1170 T	0.07206	0.07777	0.85017
1171 G	0.06974	0.07952	0.85074
1172 A	0.06929	0.07997	0.85075
1173 A	0.06910	0.08044	0.85045
1174 A	0.06932	0.08064	0.85004
1175 A	0.07062	0.07912	0.85027
1176 T	0.07101	0.07860	0.85039
1177 A	0.07053	0.08019	0.84928
1178 A	0.07001	0.08224	0.84774
1179 A	0.06950	0.08314	0.84737
1180 G	0.06915	0.08355	0.8473
1181 A	0.06914	0.08359	0.84727
1182 A	0.07037	0.08194	0.84769
1183 A	0.07326	0.07879	0.84794
1184 G	0.07905	0.07209	0.84885
1185 T	0.08729	0.06276	0.84995
1186 T	0.09333	0.05738	0.84929
1187 T	0.09645	0.05385	0.8497
1188 A	0.09808	0.05153	0.8504
1189 A	0.10015	0.04969	0.85015
1190 T	0.10181	0.04658	0.85161
1191 T	0.10251	0.04655	0.85093
1192 T	0.10249	0.04808	0.84943
1193 T	0.10182	0.05094	0.84723
1194 A	0.09946	0.05851	0.84203
1195 A	0.09188	0.07129	0.83683
1196 A	0.08544	0.08183	0.83273
1197 A	0.08138	0.09172	0.82689
1198 A	0.07976	0.09703	0.82321
1199 G	0.07971	0.09832	0.82197
1200 A	0.08091	0.09793	0.82117
1201 A	0.08312	0.09584	0.82104
1202 A	0.08552	0.09330	0.82118
1203 T	0.08756	0.09120	0.82124
1204 G	0.08814	0.09040	0.82145
1205 A	0.08949	0.08900	0.82151
1206 A	0.09172	0.08674	0.82154
1207 G	0.09376	0.08466	0.82157
1208 C	0.09615	0.08217	0.82168
1209 T	0.09979	0.07854	0.82166
1210 T	0.10122	0.07721	0.82157
1211 A	0.10228	0.07618	0.82154
1212 C	0.10391	0.07447	0.82163
1213 A	0.10546	0.07294	0.8216
1214 T	0.10937	0.06810	0.82253
1215 T	0.11211	0.06427	0.82362
1216 G	0.11467	0.06060	0.82473
1217 G	0.12003	0.05349	0.82649
1218 A	0.12608	0.03971	0.83421
1219 G	0.13094	0.02809	0.84097
1220 T	0.13823	0.01623	0.84554
1221 T	0.14271	0.00979	0.8475
1222 T	0.14388	0.00822	0.8479
1223 T	0.14425	0.00815	0.8476
1224 A	0.14416	0.00917	0.84667
1225 A	0.14422	0.01020	0.84558
1226 T	0.14453	0.01071	0.84476
1227 T	0.14444	0.01359	0.84198
1228 G	0.14417	0.01696	0.83887
1229 A	0.14412	0.01915	0.83674
1230 T	0.14418	0.01988	0.83594
1231 G	0.14416	0.02080	0.83503
1232 A	0.14421	0.02263	0.83315
1233 T	0.14445	0.02382	0.83172
1234 T	0.14456	0.02635	0.82909
1235 T	0.14459	0.02844	0.82697
1236 G	0.14458	0.03174	0.82368
1237 A	0.14460	0.03625	0.81916
1238 T	0.14464	0.03807	0.81729
1239 T	0.14466	0.03959	0.81575
1240 A	0.14463	0.04207	0.81331
1241 A	0.14464	0.04314	0.81223
1242 T	0.14469	0.04367	0.81163
1243 A	0.14465	0.04499	0.81035
1244 A	0.14485	0.04549	0.80965
1245 A	0.14552	0.04500	0.80948
1246 G	0.14645	0.04405	0.80951
1247 G	0.14768	0.04278	0.80954
1248 A	0.14973	0.04068	0.80959
1249 G	0.15198	0.03829	0.80973
1250 T	0.15627	0.03388	0.80985
1251 T	0.15949	0.03051	0.81
1252 T	0.16123	0.02875	0.81003
1253 C	0.16174	0.02826	0.81001
1254 A	0.16243	0.02758	0.81
1255 G	0.16383	0.02614	0.81002
1256 A	0.16540	0.02457	0.81004
1257 T	0.16901	0.02093	0.81006
1258 C	0.17167	0.01825	0.81007
1259 C	0.17579	0.01411	0.8101
1260 T	0.18005	0.00984	0.81011
1261 T	0.18166	0.00825	0.81009
1262 A	0.18254	0.00738	0.81008
1263 T	0.18450	0.00540	0.8101
1264 C	0.18524	0.00461	0.81015
1265 G	0.18577	0.00426	0.80997
1266 T	0.18704	0.00310	0.80987
1267 T	0.18771	0.00263	0.80966
1268 T	0.18784	0.00290	0.80926
1269 G	0.18777	0.00365	0.80858
1270 T	0.18791	0.00376	0.80833
1271 T	0.18790	0.00399	0.8081
1272 A	0.18782	0.00425	0.80793
1273 A	0.18779	0.00430	0.80792
1274 C	0.18772	0.00436	0.80791
1275 T	0.18769	0.00443	0.80788
1276 T	0.18748	0.00465	0.80786
1277 C	0.18696	0.00519	0.80784
1278 T	0.18669	0.00552	0.80779
1279 A	0.18634	0.00589	0.80778
1280 G	0.18614	0.00608	0.80778
1281 A	0.18601	0.00622	0.80777
1282 T	0.18599	0.00624	0.80777
1283 C	0.18580	0.00642	0.80778
1284 T	0.18577	0.00657	0.80766
1285 G	0.18568	0.00706	0.80726
1286 A	0.18567	0.00712	0.80721
1287 A	0.18573	0.00703	0.80723
1288 T	0.18608	0.00664	0.80727
1289 T	0.18631	0.00621	0.80748
1290 C	0.18645	0.00586	0.80768
1291 C	0.18663	0.00566	0.80771
1292 G	0.18704	0.00539	0.80757
1293 T	0.18725	0.00554	0.80721
1294 T	0.18740	0.00654	0.80606
1295 T	0.18747	0.00726	0.80526
1296 A	0.18739	0.00850	0.80411
1297 T	0.18738	0.00957	0.80305
1298 T	0.18734	0.01027	0.8024
1299 T	0.18706	0.01110	0.80185
1300 T	0.18657	0.01216	0.80127
1301 T	0.18544	0.01482	0.79975
1302 A	0.18277	0.01808	0.79916
1303 A	0.18053	0.02123	0.79823
1304 G	0.17903	0.02426	0.7967
1305 A	0.17829	0.02610	0.7956
1306 C	0.17799	0.02671	0.79531
1307 A	0.17778	0.02891	0.79331
1308 T	0.17783	0.03084	0.79134
1309 G	0.17746	0.03355	0.78899
1310 A	0.17735	0.03674	0.78591
1311 T	0.17734	0.03993	0.78272
1312 A	0.17733	0.04059	0.78208
1313 A	0.17740	0.04061	0.78198
1314 T	0.17768	0.04023	0.78209
1315 G	0.17787	0.04003	0.7821
1316 C	0.17831	0.03965	0.78205
1317 T	0.17956	0.03938	0.78106
1318 G	0.18012	0.04028	0.77959
1319 A	0.18114	0.04201	0.77685
1320 T	0.18273	0.04121	0.77606
1321 T	0.18293	0.04245	0.77461
1322 T	0.18238	0.04362	0.77401
1323 A	0.18196	0.04456	0.77348
1324 A	0.18243	0.04395	0.77362
1325 G	0.18273	0.04240	0.77486
1326 A	0.18344	0.04158	0.77499
1327 T	0.18598	0.03780	0.77622
1328 T	0.18476	0.03892	0.77632
