# lcl|CP097583.1_cds_USQ93472.1_1
# AA	inside	membr	outside
1 A	0.10990	0.00000	0.8901
2 T	0.10887	0.00104	0.8901
3 G	0.10843	0.00147	0.8901
4 A	0.10843	0.00220	0.88937
5 A	0.10676	0.00417	0.88907
6 T	0.10676	0.00420	0.88904
7 T	0.10126	0.00971	0.88904
8 C	0.10126	0.00971	0.88904
9 T	0.10038	0.01059	0.88903
10 A	0.10038	0.01181	0.88781
11 A	0.10004	0.01220	0.88777
12 T	0.09640	0.01586	0.88775
13 A	0.08598	0.02640	0.88763
14 A	0.08597	0.02640	0.88763
15 A	0.08597	0.02705	0.88698
16 A	0.08593	0.02709	0.88698
17 G	0.08590	0.02713	0.88697
18 A	0.08590	0.02718	0.88692
19 A	0.08587	0.02724	0.88688
20 T	0.08583	0.02745	0.88672
21 G	0.08567	0.02753	0.88681
22 T	0.08590	0.02717	0.88693
23 T	0.08605	0.02681	0.88714
24 T	0.08625	0.02654	0.88721
25 T	0.08633	0.02514	0.88853
26 T	0.08636	0.02453	0.88912
27 T	0.08642	0.02347	0.89011
28 T	0.08620	0.02246	0.89133
29 T	0.08562	0.02267	0.89171
30 T	0.08415	0.02112	0.89473
31 G	0.08254	0.02262	0.89484
32 A	0.08151	0.02265	0.89584
33 T	0.08181	0.02099	0.8972
34 A	0.08130	0.02089	0.89781
35 T	0.08117	0.01774	0.90109
36 C	0.08105	0.01050	0.90845
37 G	0.08096	0.01057	0.90847
38 A	0.08136	0.01022	0.90842
39 C	0.08135	0.01029	0.90836
40 A	0.08140	0.01030	0.9083
41 A	0.08148	0.01027	0.90825
42 T	0.08164	0.01011	0.90826
43 A	0.08185	0.00987	0.90828
44 C	0.08188	0.00986	0.90826
45 T	0.08201	0.01039	0.90761
46 A	0.08208	0.01068	0.90724
47 T	0.08223	0.01071	0.90706
48 T	0.08231	0.01092	0.90677
49 T	0.08223	0.01146	0.9063
50 T	0.08203	0.01179	0.90617
51 A	0.08115	0.01229	0.90656
52 A	0.08071	0.01186	0.90743
53 G	0.08070	0.01031	0.90899
54 T	0.08115	0.00827	0.91057
55 T	0.08118	0.00736	0.91147
56 C	0.08107	0.00686	0.91206
57 T	0.08108	0.00671	0.91221
58 C	0.08093	0.00678	0.91228
59 G	0.08069	0.00709	0.91222
60 A	0.08027	0.00751	0.91221
61 T	0.08023	0.00757	0.9122
62 C	0.07955	0.00825	0.91221
63 A	0.07904	0.00885	0.91211
64 C	0.07868	0.00918	0.91214
65 A	0.07842	0.00947	0.91211
66 A	0.07762	0.01027	0.91211
67 A	0.07718	0.01073	0.91208
68 C	0.07752	0.01037	0.91211
69 T	0.07777	0.01031	0.91193
70 A	0.07778	0.01054	0.91167
71 T	0.07804	0.01024	0.91172
72 T	0.07812	0.01003	0.91185
73 T	0.07788	0.01007	0.91205
74 T	0.07715	0.00988	0.91297
75 G	0.07340	0.01310	0.9135
76 C	0.07044	0.01584	0.91371
77 C	0.06654	0.01973	0.91373
78 A	0.06103	0.02550	0.91347
79 C	0.05948	0.02703	0.91348
80 A	0.05878	0.02777	0.91345
81 A	0.05846	0.02810	0.91344
82 A	0.05845	0.02795	0.9136
83 C	0.05845	0.02742	0.91413
84 T	0.05840	0.02738	0.91422
85 T	0.05838	0.02663	0.91499
86 T	0.05835	0.02627	0.91537
87 A	0.05809	0.02640	0.91551
88 A	0.05796	0.02636	0.91568
89 A	0.05792	0.02549	0.91659
90 A	0.05791	0.02461	0.91749
91 A	0.05789	0.02391	0.9182
92 C	0.05805	0.02302	0.91893
93 T	0.05833	0.02283	0.91884
94 A	0.05838	0.02372	0.9179
95 T	0.05839	0.02387	0.91774
96 T	0.05828	0.02443	0.91728
97 A	0.05806	0.02447	0.91747
98 A	0.05772	0.02105	0.92123
99 A	0.05666	0.01916	0.92418
100 A	0.05649	0.01549	0.92802
101 C	0.05663	0.01014	0.93323
102 T	0.05658	0.00986	0.93356
103 T	0.05649	0.00975	0.93376
104 T	0.05630	0.00983	0.93387
105 A	0.05541	0.01068	0.93391
106 T	0.05500	0.01102	0.93399
107 C	0.05396	0.01178	0.93427
108 C	0.05334	0.01234	0.93432
109 G	0.05282	0.01298	0.93419
110 A	0.05238	0.01392	0.9337
111 G	0.05194	0.01434	0.93372
112 C	0.05173	0.01455	0.93373
113 A	0.05167	0.01460	0.93373
114 A	0.05172	0.01447	0.93381
115 C	0.05189	0.01422	0.93389
116 C	0.05249	0.01361	0.9339
117 T	0.05364	0.01246	0.9339
118 A	0.05411	0.01195	0.93394
119 A	0.05487	0.01112	0.93402
120 T	0.05526	0.01059	0.93414
121 A	0.05544	0.01008	0.93448
122 C	0.05579	0.00835	0.93586
123 T	0.05623	0.00763	0.93614
124 T	0.05648	0.00722	0.9363
125 T	0.05682	0.00677	0.93641
126 G	0.05669	0.00679	0.93651
127 T	0.05653	0.00683	0.93663
128 T	0.05534	0.00711	0.93755
129 A	0.05130	0.01070	0.938
130 G	0.04955	0.01142	0.93903
131 G	0.04847	0.01209	0.93944
132 A	0.04753	0.01272	0.93975
133 A	0.04700	0.01281	0.94018
134 T	0.04637	0.01301	0.94062
135 T	0.04499	0.01422	0.94079
136 G	0.04288	0.01628	0.94083
137 C	0.04093	0.01829	0.94078
138 T	0.03902	0.02034	0.94064
139 A	0.03570	0.02379	0.94052
140 C	0.03400	0.02558	0.94042
141 A	0.03126	0.02837	0.94037
142 G	0.02709	0.03260	0.94031
143 G	0.02445	0.03526	0.94029
144 A	0.02276	0.03701	0.94022
145 C	0.02223	0.03756	0.94021
146 G	0.02198	0.03781	0.9402
147 T	0.02179	0.03800	0.94021
148 A	0.02150	0.03827	0.94024
149 A	0.02131	0.03828	0.94041
150 T	0.02125	0.03813	0.94061
151 A	0.02114	0.03699	0.94188
152 T	0.02111	0.03333	0.94557
153 A	0.02094	0.03198	0.94708
154 A	0.02082	0.03105	0.94812
155 A	0.02076	0.03013	0.94911
156 A	0.02069	0.02905	0.95026
157 A	0.02067	0.02782	0.9515
158 G	0.02072	0.02594	0.95334
159 G	0.02082	0.02352	0.95567
160 T	0.02101	0.02144	0.95756
161 T	0.02114	0.01954	0.95932
162 A	0.02120	0.01725	0.96156
163 A	0.02126	0.01641	0.96232
164 A	0.02131	0.01415	0.96455
165 T	0.02137	0.01019	0.96843
166 G	0.02140	0.00775	0.97085
167 T	0.02148	0.00630	0.97222
168 T	0.02147	0.00622	0.9723
169 T	0.02138	0.00636	0.97226
170 T	0.02124	0.00656	0.9722
171 A	0.02093	0.00705	0.97202
172 G	0.02070	0.00753	0.97177
173 G	0.02051	0.00902	0.97047
174 T	0.02049	0.01224	0.96728
175 G	0.02009	0.01828	0.96162
176 A	0.01993	0.02376	0.95632
177 A	0.01983	0.02419	0.95599
178 A	0.01984	0.02431	0.95585
179 T	0.01971	0.02469	0.9556
180 A	0.01942	0.02498	0.9556
181 C	0.01934	0.02503	0.95564
182 A	0.01929	0.02510	0.9556
183 A	0.01942	0.02500	0.95559
184 C	0.01985	0.02455	0.9556
185 A	0.02047	0.02394	0.95558
186 T	0.02117	0.02325	0.95558
187 T	0.02145	0.02297	0.95558
188 A	0.02152	0.02288	0.95559
189 T	0.02180	0.02258	0.95562
190 T	0.02189	0.02237	0.95574
191 T	0.02182	0.02229	0.95589
192 C	0.02152	0.02241	0.95608
193 A	0.02136	0.02248	0.95616
194 A	0.02166	0.02200	0.95635
195 A	0.02228	0.02120	0.95653
196 C	0.02396	0.01932	0.95672
197 A	0.02731	0.01594	0.95675
198 T	0.03332	0.00951	0.95717
199 T	0.03810	0.00453	0.95736
200 T	0.03851	0.00398	0.9575
201 A	0.03865	0.00378	0.95756
202 G	0.03900	0.00310	0.9579
203 T	0.03914	0.00260	0.95827
204 T	0.03920	0.00235	0.95845
205 T	0.03925	0.00217	0.95859
206 T	0.03926	0.00213	0.95862
207 A	0.03915	0.00230	0.95855
208 T	0.03906	0.00236	0.95858
209 T	0.03842	0.00298	0.9586
210 T	0.03665	0.00472	0.95863
211 A	0.03389	0.00747	0.95864
212 A	0.03338	0.00791	0.95871
213 T	0.03292	0.00814	0.95893
214 G	0.03153	0.00926	0.95921
215 G	0.03090	0.00955	0.95955
216 T	0.03035	0.00995	0.9597
217 G	0.02901	0.01145	0.95954
218 G	0.02752	0.01321	0.95927
219 T	0.02701	0.01420	0.95878
220 T	0.02668	0.01460	0.95872
221 T	0.02590	0.01551	0.95859
222 G	0.02372	0.01773	0.95854
223 A	0.02256	0.01892	0.95853
224 C	0.02201	0.01946	0.95853
225 A	0.02138	0.02013	0.95849
226 C	0.02079	0.02075	0.95846
227 A	0.02050	0.02112	0.95838
228 A	0.02031	0.02139	0.95829
229 A	0.02014	0.02167	0.95819
230 T	0.02019	0.02150	0.95832
231 T	0.02015	0.02144	0.95841
232 A	0.02004	0.02083	0.95914
233 A	0.01998	0.01920	0.96083
234 T	0.02001	0.01651	0.96348
235 G	0.02000	0.01611	0.9639
236 A	0.01999	0.01601	0.964
237 T	0.02005	0.01495	0.965
238 A	0.02005	0.01456	0.96539
239 A	0.02009	0.01399	0.96593
240 A	0.02021	0.01264	0.96715
241 G	0.02046	0.01084	0.96871
242 T	0.02091	0.00973	0.96936
243 A	0.02092	0.00936	0.96972
244 A	0.02099	0.00851	0.97049
245 T	0.02104	0.00627	0.97268
246 T	0.02092	0.00539	0.97369
247 G	0.02049	0.00560	0.97391
248 A	0.02017	0.00629	0.97353
249 T	0.02008	0.00600	0.97392
250 G	0.01974	0.00634	0.97392
251 A	0.01945	0.00691	0.97364
252 T	0.01931	0.00688	0.9738
253 C	0.01894	0.00714	0.97391
254 G	0.01876	0.00729	0.97395
255 A	0.01882	0.00719	0.97399
256 C	0.01895	0.00699	0.97406
257 C	0.01908	0.00694	0.97398
258 T	0.01933	0.00724	0.97343
259 T	0.01961	0.00871	0.97168
260 T	0.01947	0.00981	0.97071
261 T	0.01897	0.01085	0.97018
262 G	0.01791	0.01239	0.9697
263 A	0.01698	0.01395	0.96907
264 T	0.01619	0.01530	0.96852
265 A	0.01448	0.01739	0.96812
266 A	0.01366	0.01834	0.968
267 A	0.01311	0.01891	0.96798
268 A	0.01293	0.01911	0.96796
269 A	0.01291	0.01899	0.96811
270 A	0.01309	0.01838	0.96853
271 G	0.01373	0.01735	0.96892
272 A	0.01393	0.01701	0.96906
273 A	0.01425	0.01630	0.96944
274 G	0.01473	0.01543	0.96983
275 T	0.01484	0.01507	0.9701
276 T	0.01486	0.01472	0.97043
277 C	0.01485	0.01457	0.97058
278 A	0.01487	0.01456	0.97057
279 A	0.01493	0.01452	0.97055
280 A	0.01515	0.01428	0.97056
281 A	0.01599	0.01340	0.97061
282 T	0.01827	0.01101	0.97072
283 T	0.01938	0.00942	0.9712
284 T	0.01979	0.00842	0.97179
285 A	0.01993	0.00755	0.97253
286 A	0.02038	0.00611	0.9735
287 T	0.02087	0.00467	0.97447
288 T	0.02094	0.00318	0.97587
289 T	0.02060	0.00296	0.97644
290 C	0.01997	0.00324	0.97679
291 T	0.01900	0.00437	0.97663
292 A	0.01639	0.00701	0.97659
293 A	0.01401	0.00941	0.97658
294 A	0.01214	0.01126	0.9766
295 G	0.01155	0.01183	0.97662
296 C	0.01139	0.01194	0.97667
297 T	0.01124	0.01208	0.97667
298 C	0.01100	0.01231	0.97668
299 A	0.01080	0.01252	0.97668
300 T	0.01064	0.01267	0.97669
301 G	0.01033	0.01297	0.9767
302 C	0.01017	0.01311	0.97672
303 A	0.00998	0.01331	0.97671
304 G	0.00995	0.01332	0.97673
305 C	0.00995	0.01330	0.97675
306 A	0.00997	0.01330	0.97672
307 G	0.01009	0.01321	0.9767
308 G	0.01041	0.01286	0.97673
309 T	0.01056	0.01274	0.9767
310 A	0.01059	0.01271	0.97669
311 T	0.01070	0.01204	0.97726
312 T	0.01075	0.01124	0.97801
313 A	0.01076	0.01063	0.97861
314 A	0.01085	0.00965	0.9795
315 A	0.01088	0.00737	0.98174
316 A	0.01089	0.00513	0.98397
317 T	0.01079	0.00343	0.98578
318 T	0.01057	0.00319	0.98624
319 G	0.00994	0.00427	0.98579
320 G	0.00931	0.00593	0.98476
321 A	0.00880	0.00772	0.98347
322 A	0.00858	0.00786	0.98357
323 T	0.00845	0.00782	0.98373
324 G	0.00819	0.00788	0.98393
325 A	0.00803	0.00796	0.98401
326 C	0.00793	0.00789	0.98418
327 A	0.00789	0.00790	0.9842
328 G	0.00789	0.00789	0.98422
329 G	0.00793	0.00783	0.98423
330 A	0.00798	0.00778	0.98424
331 C	0.00803	0.00771	0.98425
332 T	0.00813	0.00761	0.98427
333 T	0.00816	0.00756	0.98428
334 C	0.00814	0.00759	0.98427
335 A	0.00809	0.00773	0.98418
336 T	0.00811	0.00776	0.98413
337 A	0.00805	0.00796	0.98398
338 A	0.00801	0.00817	0.98382
339 A	0.00805	0.00825	0.9837
340 G	0.00816	0.00806	0.98378
341 A	0.00835	0.00773	0.98392
342 A	0.00903	0.00654	0.98443
343 A	0.01021	0.00482	0.98497
344 T	0.01159	0.00294	0.98547
345 T	0.01170	0.00260	0.9857
346 G	0.01170	0.00244	0.98587
347 T	0.01174	0.00219	0.98607
348 T	0.01170	0.00210	0.98621
349 C	0.01162	0.00212	0.98627
350 C	0.01153	0.00220	0.98627
351 T	0.01152	0.00231	0.98616
352 A	0.01148	0.00245	0.98607
353 G	0.01146	0.00252	0.98603
354 T	0.01140	0.00259	0.986
355 G	0.01133	0.00267	0.986
356 A	0.01122	0.00278	0.986
357 A	0.01122	0.00273	0.98605
358 C	0.01130	0.00257	0.98613
359 A	0.01135	0.00250	0.98615
360 A	0.01151	0.00229	0.9862
361 G	0.01173	0.00202	0.98626
362 A	0.01191	0.00182	0.98627
363 T	0.01211	0.00160	0.98629
364 T	0.01221	0.00146	0.98633
365 T	0.01227	0.00138	0.98636
366 A	0.01228	0.00136	0.98636
367 A	0.01230	0.00132	0.98638
368 T	0.01227	0.00130	0.98644
369 T	0.01223	0.00127	0.98651
370 T	0.01214	0.00130	0.98656
371 C	0.01201	0.00135	0.98663
372 A	0.01186	0.00145	0.98668
373 C	0.01180	0.00145	0.98675
374 T	0.01185	0.00138	0.98677
375 T	0.01188	0.00133	0.98678
376 A	0.01188	0.00132	0.9868
377 C	0.01188	0.00125	0.98687
378 T	0.01188	0.00121	0.9869
379 T	0.01186	0.00114	0.987
380 T	0.01183	0.00116	0.98701
381 A	0.01160	0.00138	0.98702
382 G	0.01138	0.00160	0.98702
383 G	0.01122	0.00174	0.98704
384 T	0.01106	0.00191	0.98703
385 C	0.01068	0.00234	0.98698
386 A	0.01039	0.00275	0.98686
387 T	0.01028	0.00291	0.98681
388 A	0.01014	0.00314	0.98671
389 A	0.01011	0.00320	0.98669
390 A	0.01010	0.00322	0.98668
391 T	0.01010	0.00313	0.98677
392 A	0.01010	0.00307	0.98684
393 T	0.01009	0.00298	0.98693
394 T	0.01007	0.00287	0.98706
395 G	0.01002	0.00278	0.9872
396 T	0.00999	0.00274	0.98727
397 A	0.00993	0.00279	0.98728
398 C	0.00988	0.00281	0.98731
399 T	0.00987	0.00293	0.9872
400 A	0.00985	0.00322	0.98694
401 A	0.00983	0.00333	0.98684
402 T	0.00985	0.00340	0.98676
403 A	0.00984	0.00351	0.98665
404 A	0.00984	0.00341	0.98674
405 A	0.00985	0.00325	0.98691
406 A	0.00987	0.00302	0.98711
407 A	0.00992	0.00275	0.98732
408 T	0.01004	0.00221	0.98776
409 T	0.01014	0.00183	0.98803
410 C	0.01016	0.00168	0.98816
411 T	0.01021	0.00157	0.98822
412 G	0.01021	0.00156	0.98823
413 T	0.01021	0.00156	0.98822
414 T	0.01017	0.00161	0.98821
415 G	0.01007	0.00175	0.98818
416 T	0.01005	0.00185	0.9881
417 A	0.00997	0.00196	0.98807
418 G	0.00992	0.00198	0.9881
419 A	0.00991	0.00196	0.98813
420 A	0.00992	0.00189	0.98818
421 C	0.00991	0.00185	0.98825
422 C	0.01003	0.00172	0.98825
423 T	0.01032	0.00143	0.98824
424 A	0.01040	0.00137	0.98823
425 C	0.01049	0.00128	0.98823
426 A	0.01059	0.00119	0.98822
427 T	0.01070	0.00109	0.98821
428 T	0.01074	0.00103	0.98823
429 T	0.01074	0.00104	0.98822
430 T	0.01073	0.00108	0.98819
431 A	0.01069	0.00117	0.98813
432 T	0.01066	0.00129	0.98804
433 T	0.01059	0.00148	0.98792
434 T	0.01017	0.00192	0.98792
435 A	0.00939	0.00270	0.98791
436 A	0.00901	0.00308	0.98791
437 A	0.00885	0.00320	0.98794
438 C	0.00883	0.00313	0.98803
439 A	0.00888	0.00310	0.98802
440 A	0.00893	0.00302	0.98805
441 T	0.00895	0.00297	0.98808
442 A	0.00895	0.00296	0.98808
443 A	0.00896	0.00295	0.9881
444 T	0.00896	0.00288	0.98816
445 G	0.00897	0.00284	0.98819
446 T	0.00899	0.00281	0.9882
447 T	0.00901	0.00277	0.98822
448 T	0.00902	0.00275	0.98824
449 A	0.00902	0.00274	0.98824
450 T	0.00903	0.00272	0.98825
451 C	0.00902	0.00271	0.98827
452 A	0.00903	0.00271	0.98825
453 A	0.00905	0.00269	0.98827
454 A	0.00910	0.00260	0.9883
455 T	0.00922	0.00241	0.98836
456 T	0.00933	0.00222	0.98845
457 T	0.00932	0.00171	0.98897
458 G	0.00927	0.00101	0.98972
459 G	0.00925	0.00069	0.99006
460 C	0.00925	0.00058	0.99017
461 T	0.00926	0.00069	0.99005
462 T	0.00927	0.00087	0.98986
463 T	0.00925	0.00105	0.98971
464 T	0.00917	0.00126	0.98957
465 T	0.00906	0.00141	0.98953
466 G	0.00884	0.00164	0.98952
467 A	0.00850	0.00202	0.98948
468 A	0.00826	0.00229	0.98946
469 C	0.00799	0.00259	0.98942
470 C	0.00757	0.00315	0.98927
471 T	0.00719	0.00395	0.98886
472 A	0.00658	0.00500	0.98842
473 A	0.00635	0.00540	0.98825
474 T	0.00619	0.00564	0.98817
475 A	0.00593	0.00594	0.98813
476 A	0.00580	0.00606	0.98813
477 T	0.00566	0.00620	0.98814
478 G	0.00524	0.00663	0.98813
479 A	0.00482	0.00707	0.98811
480 A	0.00459	0.00728	0.98813
481 A	0.00443	0.00740	0.98817
482 A	0.00439	0.00740	0.98821
483 A	0.00440	0.00734	0.98825
484 C	0.00454	0.00711	0.98836
485 T	0.00471	0.00689	0.98839
486 T	0.00481	0.00676	0.98844
487 G	0.00483	0.00672	0.98846
488 A	0.00479	0.00675	0.98845
489 A	0.00476	0.00674	0.9885
490 A	0.00476	0.00645	0.98879
491 A	0.00482	0.00619	0.98899
492 A	0.00500	0.00569	0.9893
493 T	0.00533	0.00488	0.98979
494 T	0.00568	0.00414	0.99019
495 T	0.00591	0.00344	0.99065
496 A	0.00589	0.00339	0.99072
497 T	0.00587	0.00338	0.99075
498 T	0.00565	0.00366	0.99069
499 A	0.00521	0.00425	0.99055
500 A	0.00501	0.00440	0.9906
501 A	0.00494	0.00414	0.99092
502 G	0.00492	0.00380	0.99128
503 A	0.00490	0.00364	0.99147
504 T	0.00490	0.00348	0.99162
505 T	0.00484	0.00349	0.99168
506 T	0.00474	0.00355	0.99171
507 G	0.00462	0.00366	0.99173
508 G	0.00457	0.00370	0.99173
509 G	0.00456	0.00375	0.99169
510 A	0.00456	0.00379	0.99166
511 A	0.00461	0.00379	0.99159
512 A	0.00469	0.00377	0.99155
513 A	0.00477	0.00370	0.99153
514 T	0.00489	0.00357	0.99154
515 T	0.00494	0.00352	0.99154
516 T	0.00496	0.00353	0.99152
517 G	0.00497	0.00355	0.99148
518 A	0.00501	0.00350	0.99148
519 A	0.00512	0.00331	0.99157
520 A	0.00531	0.00303	0.99166
521 T	0.00565	0.00243	0.99191
522 T	0.00590	0.00182	0.99229
523 T	0.00597	0.00160	0.99243
524 A	0.00599	0.00155	0.99245
525 T	0.00602	0.00152	0.99246
526 T	0.00602	0.00153	0.99246
527 A	0.00597	0.00160	0.99242
528 T	0.00596	0.00161	0.99243
529 T	0.00588	0.00172	0.99239
530 G	0.00570	0.00191	0.99239
531 G	0.00558	0.00210	0.99233
532 A	0.00556	0.00211	0.99233
533 G	0.00558	0.00208	0.99234
534 A	0.00565	0.00202	0.99233
535 A	0.00574	0.00192	0.99233
536 C	0.00582	0.00184	0.99233
537 T	0.00588	0.00179	0.99232
538 A	0.00591	0.00178	0.99231
539 A	0.00596	0.00173	0.99232
540 T	0.00601	0.00166	0.99233
541 T	0.00602	0.00164	0.99234
542 G	0.00596	0.00168	0.99236
543 C	0.00587	0.00177	0.99237
544 G	0.00571	0.00196	0.99233
545 G	0.00560	0.00209	0.99231
546 G	0.00554	0.00218	0.99228
547 G	0.00555	0.00221	0.99224
548 T	0.00562	0.00216	0.99222
549 A	0.00566	0.00212	0.99222
550 G	0.00572	0.00202	0.99227
551 A	0.00581	0.00191	0.99228
552 T	0.00594	0.00169	0.99237
553 T	0.00600	0.00151	0.99249
554 T	0.00600	0.00140	0.9926
555 A	0.00589	0.00146	0.99265
556 G	0.00583	0.00146	0.9927
557 T	0.00582	0.00144	0.99274
558 C	0.00579	0.00146	0.99276
559 C	0.00576	0.00149	0.99276
560 C	0.00575	0.00150	0.99275
561 T	0.00575	0.00154	0.9927
562 A	0.00569	0.00169	0.99262
563 A	0.00555	0.00191	0.99254
564 A	0.00540	0.00213	0.99246
565 G	0.00536	0.00215	0.99249
566 A	0.00536	0.00206	0.99258
567 T	0.00540	0.00185	0.99274
568 G	0.00542	0.00176	0.99283
569 T	0.00545	0.00172	0.99283
570 T	0.00545	0.00191	0.99264
571 A	0.00538	0.00267	0.99196
572 A	0.00533	0.00341	0.99126
573 T	0.00528	0.00418	0.99054
574 A	0.00521	0.00479	0.99
575 A	0.00521	0.00489	0.98991
576 A	0.00523	0.00486	0.98991
577 A	0.00524	0.00479	0.98997
578 T	0.00525	0.00465	0.9901
579 C	0.00524	0.00461	0.99015
580 C	0.00524	0.00468	0.99008
581 A	0.00522	0.00486	0.98991
582 T	0.00522	0.00494	0.98984
583 G	0.00521	0.00500	0.98979
584 G	0.00523	0.00505	0.98972
585 A	0.00527	0.00504	0.98969
586 A	0.00532	0.00489	0.98979
587 T	0.00540	0.00469	0.98991
588 T	0.00542	0.00465	0.98993
589 A	0.00542	0.00470	0.98988
590 G	0.00543	0.00482	0.98975
591 A	0.00547	0.00508	0.98945
592 A	0.00556	0.00529	0.98915
593 A	0.00577	0.00511	0.98912
594 A	0.00643	0.00438	0.9892
595 A	0.00709	0.00364	0.98927
596 T	0.00781	0.00283	0.98935
597 C	0.00819	0.00238	0.98942
598 C	0.00825	0.00232	0.98943
599 A	0.00822	0.00237	0.9894
600 A	0.00823	0.00237	0.9894
601 A	0.00828	0.00233	0.98939
602 C	0.00836	0.00225	0.98939
603 T	0.00850	0.00212	0.98939
604 T	0.00862	0.00198	0.9894
605 T	0.00859	0.00201	0.9894
606 A	0.00843	0.00215	0.98942
607 T	0.00837	0.00220	0.98943
608 A	0.00823	0.00230	0.98947
609 T	0.00818	0.00229	0.98952
610 C	0.00808	0.00237	0.98956
611 C	0.00804	0.00239	0.98956
612 G	0.00803	0.00239	0.98958
613 G	0.00811	0.00232	0.98957
614 A	0.00836	0.00208	0.98956
615 A	0.00862	0.00181	0.98956
616 T	0.00869	0.00174	0.98958
617 A	0.00869	0.00170	0.98962
618 T	0.00870	0.00163	0.98967
619 C	0.00870	0.00159	0.98971
620 A	0.00869	0.00158	0.98972
621 A	0.00869	0.00155	0.98976
622 T	0.00873	0.00147	0.9898
623 T	0.00875	0.00143	0.98982
624 G	0.00874	0.00143	0.98982
625 A	0.00874	0.00139	0.98987
626 T	0.00875	0.00130	0.98994
627 T	0.00875	0.00124	0.99002
628 T	0.00874	0.00116	0.9901
629 G	0.00872	0.00104	0.99024
630 T	0.00870	0.00099	0.9903
631 A	0.00866	0.00095	0.99039
632 T	0.00864	0.00088	0.99048
633 G	0.00861	0.00083	0.99056
634 G	0.00858	0.00087	0.99055
635 G	0.00857	0.00089	0.99053
636 A	0.00856	0.00102	0.99042
637 G	0.00856	0.00107	0.99037
638 A	0.00855	0.00117	0.99029
639 T	0.00855	0.00124	0.99022
640 G	0.00854	0.00132	0.99015
641 G	0.00853	0.00137	0.9901
642 A	0.00853	0.00147	0.99
643 G	0.00853	0.00156	0.9899
644 T	0.00854	0.00169	0.98977
645 G	0.00853	0.00183	0.98964
646 A	0.00853	0.00194	0.98953
647 A	0.00854	0.00198	0.98949
648 T	0.00856	0.00198	0.98947
649 G	0.00857	0.00199	0.98944
650 A	0.00859	0.00196	0.98944
651 T	0.00862	0.00191	0.98946
652 A	0.00864	0.00189	0.98947
653 T	0.00867	0.00183	0.9895
654 C	0.00869	0.00177	0.98954
655 G	0.00871	0.00176	0.98953
656 A	0.00875	0.00173	0.98952
657 T	0.00885	0.00164	0.98951
658 A	0.00891	0.00161	0.98947
659 T	0.00909	0.00144	0.98947
660 G	0.00918	0.00137	0.98946
661 A	0.00927	0.00129	0.98944
662 T	0.00937	0.00120	0.98943
663 T	0.00946	0.00112	0.98942
664 A	0.00948	0.00111	0.98941
665 A	0.00957	0.00106	0.98937
666 A	0.00968	0.00096	0.98936
667 T	0.00985	0.00079	0.98936
668 T	0.00997	0.00065	0.98938
669 T	0.01006	0.00056	0.98939
670 G	0.01008	0.00054	0.98938
671 C	0.01009	0.00054	0.98938
672 T	0.01011	0.00058	0.98931
673 G	0.01010	0.00073	0.98917
674 A	0.01010	0.00074	0.98916
675 T	0.01012	0.00073	0.98915
676 A	0.01012	0.00074	0.98915
677 T	0.01012	0.00071	0.98916
678 C	0.01013	0.00070	0.98917
679 G	0.01015	0.00069	0.98916
680 G	0.01017	0.00067	0.98915
681 T	0.01022	0.00063	0.98915
682 A	0.01023	0.00064	0.98912
683 T	0.01026	0.00062	0.98912
684 T	0.01027	0.00061	0.98912
685 G	0.01026	0.00065	0.98909
686 G	0.01019	0.00077	0.98905
687 A	0.01015	0.00088	0.98897
688 T	0.01017	0.00087	0.98896
689 T	0.01010	0.00097	0.98893
690 A	0.00997	0.00116	0.98888
691 G	0.00987	0.00127	0.98886
692 C	0.00984	0.00132	0.98884
693 G	0.00982	0.00144	0.98874
694 A	0.00982	0.00146	0.98872
695 A	0.00988	0.00143	0.98869
696 T	0.01001	0.00129	0.9887
697 T	0.01001	0.00131	0.98868
698 C	0.00997	0.00136	0.98867
699 T	0.00993	0.00142	0.98866
700 C	0.00974	0.00166	0.9886
701 A	0.00967	0.00182	0.98851
702 T	0.00963	0.00191	0.98846
703 C	0.00956	0.00205	0.98839
704 A	0.00949	0.00226	0.98825
705 T	0.00945	0.00239	0.98817
706 G	0.00930	0.00268	0.98803
707 A	0.00922	0.00304	0.98774
708 A	0.00904	0.00333	0.98763
709 G	0.00902	0.00333	0.98764
710 G	0.00905	0.00337	0.98758
711 A	0.00904	0.00361	0.98735
712 G	0.00906	0.00364	0.9873
713 T	0.00911	0.00378	0.98711
714 T	0.00908	0.00462	0.9863
715 A	0.00903	0.00578	0.98519
716 A	0.00904	0.00621	0.98475
717 G	0.00904	0.00658	0.98437
718 A	0.00905	0.00710	0.98384
719 A	0.00906	0.00729	0.98365
720 A	0.00909	0.00741	0.9835
721 A	0.00914	0.00735	0.98351
722 A	0.00921	0.00722	0.98358
723 T	0.00932	0.00687	0.98382
724 T	0.00943	0.00668	0.98389
725 C	0.00945	0.00661	0.98395
726 T	0.00950	0.00657	0.98393
727 A	0.00951	0.00662	0.98387
728 A	0.00952	0.00665	0.98383
729 A	0.00964	0.00654	0.98382
730 T	0.00995	0.00634	0.98371
731 T	0.01002	0.00641	0.98357
732 A	0.00996	0.00706	0.98298
733 A	0.01000	0.00710	0.9829
734 T	0.01023	0.00686	0.98291
735 A	0.01022	0.00685	0.98293
736 G	0.01044	0.00656	0.98299
737 C	0.01137	0.00558	0.98304
738 T	0.01256	0.00439	0.98306
739 C	0.01286	0.00409	0.98305
740 C	0.01314	0.00388	0.98298
741 T	0.01351	0.00367	0.98282
742 G	0.01355	0.00388	0.98257
743 A	0.01356	0.00408	0.98236
744 T	0.01354	0.00430	0.98216
745 A	0.01340	0.00496	0.98164
746 T	0.01334	0.00525	0.98142
747 T	0.01319	0.00551	0.9813
748 G	0.01281	0.00604	0.98115
749 A	0.01252	0.00647	0.98101
750 A	0.01241	0.00662	0.98096
751 G	0.01243	0.00662	0.98095
752 A	0.01254	0.00652	0.98093
753 A	0.01273	0.00634	0.98094
754 G	0.01306	0.00593	0.98101
755 A	0.01364	0.00527	0.98109
756 T	0.01380	0.00503	0.98117
757 A	0.01381	0.00499	0.98119
758 A	0.01382	0.00489	0.98129
759 A	0.01383	0.00480	0.98137
760 C	0.01388	0.00470	0.98142
761 T	0.01399	0.00473	0.98128
762 T	0.01406	0.00489	0.98105
763 T	0.01406	0.00537	0.98058
764 A	0.01398	0.00580	0.98021
765 T	0.01409	0.00582	0.98009
766 G	0.01406	0.00587	0.98008
767 A	0.01421	0.00584	0.97995
768 T	0.01480	0.00509	0.98011
769 T	0.01509	0.00473	0.98017
770 T	0.01520	0.00455	0.98025
771 T	0.01526	0.00434	0.9804
772 T	0.01519	0.00436	0.98044
773 T	0.01516	0.00435	0.98049
774 T	0.01508	0.00443	0.98049
775 A	0.01491	0.00464	0.98045
776 T	0.01490	0.00464	0.98046
777 A	0.01486	0.00468	0.98046
778 A	0.01490	0.00463	0.98047
779 A	0.01493	0.00459	0.98048
780 A	0.01497	0.00452	0.98051
781 A	0.01502	0.00444	0.98054
782 A	0.01514	0.00428	0.98058
783 T	0.01531	0.00406	0.98063
784 A	0.01553	0.00381	0.98066
785 A	0.01587	0.00339	0.98074
786 T	0.01647	0.00265	0.98088
787 T	0.01683	0.00210	0.98106
788 T	0.01697	0.00186	0.98118
789 G	0.01709	0.00160	0.98131
790 T	0.01733	0.00129	0.98139
791 T	0.01744	0.00113	0.98143
792 T	0.01756	0.00095	0.98149
793 T	0.01766	0.00075	0.98159
794 A	0.01775	0.00052	0.98173
795 A	0.01793	0.00000	0.98207
