# lcl|CP097583.1_cds_USQ93215.1_1
# AA	inside	membr	outside
1 A	0.40135	0.00000	0.59865
2 T	0.40024	0.00111	0.59865
3 G	0.39984	0.00152	0.59865
4 T	0.39984	0.00327	0.5969
5 T	0.37898	0.02744	0.59358
6 A	0.37898	0.02843	0.5926
7 T	0.27839	0.12920	0.59241
8 C	0.27839	0.12921	0.5924
9 A	0.26989	0.13808	0.59203
10 A	0.26988	0.14909	0.58103
11 T	0.26924	0.15001	0.58075
12 T	0.25763	0.16182	0.58055
13 A	0.19629	0.22330	0.58041
14 A	0.19627	0.22332	0.58041
15 A	0.19627	0.22385	0.57988
16 T	0.19563	0.22449	0.57988
17 C	0.19358	0.22654	0.57988
18 A	0.19345	0.22671	0.57984
19 T	0.19025	0.22993	0.57981
20 T	0.16346	0.25749	0.57905
21 A	0.08613	0.33482	0.57906
22 G	0.08191	0.33920	0.57889
23 A	0.07963	0.34123	0.57913
24 T	0.07839	0.34198	0.57963
25 G	0.07741	0.33855	0.58404
26 A	0.07700	0.33762	0.58538
27 A	0.07840	0.32970	0.5919
28 A	0.08199	0.30628	0.61173
29 T	0.08361	0.29442	0.62197
30 C	0.08494	0.20821	0.70684
31 G	0.08503	0.21163	0.70334
32 T	0.08578	0.21859	0.69563
33 T	0.09094	0.24973	0.65932
34 A	0.08836	0.29025	0.62139
35 T	0.08749	0.29276	0.61975
36 A	0.08482	0.25255	0.66263
37 A	0.08298	0.25680	0.66022
38 T	0.08170	0.25819	0.66012
39 G	0.07557	0.27028	0.65415
40 A	0.07448	0.27420	0.65132
41 A	0.07378	0.26957	0.65665
42 A	0.07334	0.26391	0.66276
43 G	0.07355	0.23560	0.69084
44 A	0.07334	0.17655	0.75011
45 G	0.07283	0.17021	0.75696
46 G	0.07300	0.16628	0.76072
47 C	0.07311	0.16417	0.76273
48 G	0.07312	0.16412	0.76277
49 G	0.07301	0.16442	0.76257
50 G	0.07304	0.16563	0.76133
51 A	0.07336	0.16605	0.76059
52 A	0.07426	0.16711	0.75863
53 A	0.07798	0.16579	0.75623
54 G	0.09283	0.15068	0.75649
55 A	0.11175	0.13320	0.75504
56 T	0.15193	0.09166	0.7564
57 T	0.18389	0.05869	0.75742
58 T	0.18997	0.05199	0.75804
59 T	0.19385	0.04615	0.76
60 A	0.19456	0.04410	0.76134
61 T	0.19572	0.04111	0.76318
62 C	0.19659	0.03557	0.76783
63 T	0.19779	0.03536	0.76684
64 T	0.19418	0.03989	0.76593
65 T	0.17811	0.05978	0.7621
66 A	0.14448	0.09709	0.75844
67 A	0.11319	0.12933	0.75749
68 T	0.08688	0.15546	0.75766
69 A	0.05679	0.18568	0.75753
70 A	0.04915	0.19324	0.75761
71 G	0.04341	0.19873	0.75786
72 A	0.03860	0.20339	0.75801
73 A	0.03405	0.20790	0.75804
74 A	0.02818	0.21379	0.75803
75 A	0.02723	0.21483	0.75794
76 G	0.02883	0.21322	0.75795
77 A	0.02899	0.21317	0.75784
78 A	0.03122	0.21096	0.75783
79 T	0.03291	0.20912	0.75797
80 T	0.03440	0.20730	0.75831
81 A	0.03435	0.20724	0.75841
82 T	0.03432	0.20620	0.75948
83 T	0.03396	0.20487	0.76117
84 A	0.03264	0.20483	0.76253
85 A	0.03269	0.20044	0.76688
86 A	0.03418	0.19214	0.77368
87 A	0.03570	0.18022	0.78408
88 T	0.04027	0.15160	0.80814
89 T	0.04377	0.11383	0.8424
90 T	0.04456	0.08625	0.86919
91 T	0.04470	0.06568	0.88962
92 T	0.04457	0.04500	0.91043
93 A	0.04376	0.04050	0.91574
94 A	0.04074	0.03829	0.92096
95 A	0.03887	0.03501	0.92612
96 A	0.03805	0.02997	0.93198
97 G	0.03768	0.02335	0.93897
98 T	0.03747	0.02073	0.9418
99 A	0.03665	0.02029	0.94306
100 G	0.03622	0.01965	0.94413
101 G	0.03627	0.01936	0.94437
102 T	0.03644	0.01953	0.94403
103 A	0.03652	0.01922	0.94426
104 T	0.03692	0.01812	0.94495
105 T	0.03699	0.01760	0.9454
106 T	0.03688	0.01705	0.94607
107 C	0.03659	0.01624	0.94717
108 T	0.03638	0.01632	0.94731
109 A	0.03624	0.01639	0.94737
110 C	0.03628	0.01627	0.94746
111 C	0.03639	0.01614	0.94747
112 T	0.03662	0.01591	0.94748
113 T	0.03679	0.01566	0.94755
114 T	0.03695	0.01542	0.94763
115 G	0.03695	0.01532	0.94773
116 A	0.03727	0.01434	0.94839
117 T	0.03762	0.01057	0.95181
118 T	0.03771	0.00839	0.9539
119 T	0.03766	0.00731	0.95502
120 A	0.03731	0.00706	0.95563
121 G	0.03727	0.00644	0.95628
122 A	0.03736	0.00563	0.95701
123 T	0.03754	0.00485	0.95761
124 A	0.03763	0.00460	0.95778
125 T	0.03814	0.00396	0.95789
126 G	0.03784	0.00420	0.95795
127 A	0.03755	0.00441	0.95804
128 T	0.03742	0.00436	0.95823
129 T	0.03705	0.00455	0.95841
130 G	0.03645	0.00495	0.95859
131 C	0.03618	0.00511	0.95871
132 T	0.03595	0.00550	0.95854
133 T	0.03549	0.00632	0.95818
134 T	0.03496	0.00704	0.958
135 T	0.03437	0.00794	0.95769
136 G	0.03373	0.00899	0.95728
137 A	0.03324	0.00964	0.95711
138 T	0.03292	0.00995	0.95713
139 T	0.03259	0.01032	0.95709
140 T	0.03203	0.01088	0.95709
141 G	0.03070	0.01220	0.9571
142 A	0.03021	0.01277	0.95702
143 T	0.02995	0.01279	0.95727
144 G	0.02955	0.01314	0.95731
145 A	0.02945	0.01330	0.95726
146 A	0.02941	0.01329	0.9573
147 A	0.02937	0.01316	0.95747
148 A	0.02935	0.01306	0.95759
149 A	0.02939	0.01264	0.95797
150 A	0.02938	0.01227	0.95835
151 A	0.02938	0.01196	0.95866
152 A	0.02944	0.01140	0.95915
153 T	0.02961	0.01044	0.95995
154 G	0.02973	0.00980	0.96047
155 G	0.03000	0.00913	0.96087
156 T	0.03049	0.00816	0.96135
157 G	0.03067	0.00747	0.96186
158 T	0.03098	0.00672	0.9623
159 T	0.03132	0.00589	0.96279
160 A	0.03156	0.00522	0.96323
161 T	0.03183	0.00436	0.9638
162 T	0.03204	0.00363	0.96433
163 T	0.03212	0.00289	0.96499
164 C	0.03215	0.00178	0.96607
165 T	0.03227	0.00141	0.96631
166 G	0.03227	0.00127	0.96646
167 C	0.03234	0.00101	0.96665
168 T	0.03247	0.00087	0.96666
169 T	0.03250	0.00086	0.96664
170 T	0.03244	0.00091	0.96665
171 T	0.03230	0.00109	0.96661
172 A	0.03144	0.00210	0.96646
173 A	0.03107	0.00248	0.96645
174 A	0.03092	0.00260	0.96648
175 G	0.03077	0.00273	0.9665
176 G	0.03071	0.00277	0.96651
177 T	0.03067	0.00279	0.96654
178 T	0.03057	0.00288	0.96655
179 A	0.03040	0.00304	0.96656
180 T	0.03032	0.00311	0.96657
181 C	0.03018	0.00324	0.96657
182 A	0.03011	0.00331	0.96658
183 A	0.03007	0.00334	0.96659
184 G	0.03005	0.00333	0.96662
185 G	0.03005	0.00332	0.96664
186 C	0.03004	0.00330	0.96666
187 T	0.03005	0.00325	0.96671
188 T	0.03005	0.00321	0.96674
189 C	0.03004	0.00316	0.9668
190 G	0.03004	0.00315	0.96681
191 G	0.03006	0.00311	0.96682
192 T	0.03010	0.00298	0.96692
193 G	0.03013	0.00286	0.96701
194 G	0.03019	0.00267	0.96713
195 T	0.03035	0.00170	0.96796
196 T	0.03038	0.00132	0.9683
197 A	0.03035	0.00123	0.96842
198 T	0.03037	0.00108	0.96855
199 A	0.03037	0.00104	0.96858
200 T	0.03037	0.00098	0.96865
201 T	0.03036	0.00089	0.96875
202 T	0.03035	0.00079	0.96886
203 G	0.03032	0.00078	0.96891
204 T	0.03026	0.00083	0.96891
205 A	0.03014	0.00091	0.96895
206 T	0.03008	0.00093	0.96898
207 T	0.03003	0.00097	0.969
208 T	0.02996	0.00105	0.969
209 C	0.02987	0.00115	0.96898
210 A	0.02982	0.00128	0.9689
211 G	0.02980	0.00137	0.96883
212 T	0.02978	0.00151	0.96871
213 G	0.02974	0.00164	0.96862
214 A	0.02963	0.00185	0.96852
215 A	0.02953	0.00203	0.96845
216 T	0.02951	0.00206	0.96843
217 G	0.02948	0.00208	0.96843
218 A	0.02948	0.00208	0.96844
219 A	0.02949	0.00204	0.96848
220 G	0.02952	0.00196	0.96851
221 C	0.02956	0.00189	0.96854
222 T	0.02963	0.00182	0.96855
223 G	0.02965	0.00181	0.96855
224 T	0.02968	0.00178	0.96854
225 A	0.02961	0.00184	0.96855
226 G	0.02961	0.00183	0.96857
227 T	0.02966	0.00166	0.96868
228 T	0.02960	0.00157	0.96883
229 C	0.02946	0.00160	0.96894
230 A	0.02928	0.00180	0.96892
231 C	0.02870	0.00240	0.9689
232 G	0.02835	0.00285	0.9688
233 G	0.02821	0.00305	0.96873
234 A	0.02821	0.00307	0.96872
235 T	0.02833	0.00293	0.96875
236 T	0.02837	0.00285	0.96878
237 A	0.02833	0.00277	0.9689
238 C	0.02833	0.00265	0.96902
239 C	0.02818	0.00278	0.96904
240 T	0.02803	0.00293	0.96905
241 T	0.02773	0.00323	0.96904
242 C	0.02678	0.00419	0.96903
243 T	0.02576	0.00524	0.969
244 A	0.02396	0.00706	0.96898
245 A	0.02320	0.00782	0.96898
246 A	0.02286	0.00817	0.96897
247 A	0.02265	0.00839	0.96896
248 C	0.02255	0.00837	0.96908
249 A	0.02243	0.00850	0.96907
250 A	0.02222	0.00870	0.96908
251 G	0.02214	0.00871	0.96915
252 A	0.02213	0.00862	0.96924
253 A	0.02218	0.00844	0.96938
254 T	0.02227	0.00769	0.97004
255 T	0.02237	0.00719	0.97044
256 C	0.02240	0.00693	0.97068
257 T	0.02240	0.00688	0.97072
258 T	0.02239	0.00689	0.97072
259 A	0.02236	0.00691	0.97074
260 A	0.02233	0.00688	0.97079
261 A	0.02227	0.00689	0.97085
262 T	0.02218	0.00649	0.97133
263 T	0.02206	0.00616	0.97178
264 A	0.02162	0.00600	0.97238
265 G	0.02138	0.00500	0.97363
266 G	0.02129	0.00401	0.97469
267 C	0.02122	0.00277	0.97602
268 G	0.02119	0.00254	0.97627
269 A	0.02121	0.00243	0.97636
270 T	0.02124	0.00233	0.97642
271 A	0.02124	0.00232	0.97645
272 T	0.02126	0.00220	0.97654
273 T	0.02125	0.00198	0.97677
274 G	0.02121	0.00191	0.97689
275 T	0.02118	0.00189	0.97693
276 C	0.02115	0.00190	0.97695
277 A	0.02112	0.00195	0.97693
278 C	0.02111	0.00196	0.97693
279 T	0.02109	0.00202	0.97689
280 T	0.02100	0.00218	0.97682
281 T	0.02029	0.00305	0.97666
282 A	0.01905	0.00445	0.9765
283 G	0.01861	0.00503	0.97636
284 A	0.01834	0.00531	0.97636
285 T	0.01811	0.00544	0.97645
286 A	0.01758	0.00590	0.97652
287 T	0.01734	0.00577	0.97688
288 A	0.01697	0.00598	0.97705
289 G	0.01680	0.00605	0.97715
290 G	0.01675	0.00606	0.97719
291 T	0.01680	0.00600	0.97719
292 A	0.01680	0.00602	0.97718
293 T	0.01682	0.00602	0.97715
294 T	0.01678	0.00605	0.97717
295 A	0.01658	0.00626	0.97715
296 A	0.01651	0.00632	0.97718
297 A	0.01646	0.00632	0.97722
298 C	0.01645	0.00628	0.97727
299 A	0.01645	0.00627	0.97728
300 T	0.01648	0.00621	0.9773
301 A	0.01649	0.00621	0.9773
302 A	0.01653	0.00613	0.97735
303 A	0.01660	0.00596	0.97743
304 G	0.01676	0.00489	0.97835
305 G	0.01694	0.00349	0.97956
306 T	0.01717	0.00279	0.98004
307 T	0.01727	0.00248	0.98025
308 A	0.01730	0.00233	0.98037
309 T	0.01736	0.00186	0.98079
310 T	0.01738	0.00166	0.98095
311 G	0.01738	0.00142	0.9812
312 T	0.01737	0.00133	0.9813
313 G	0.01736	0.00137	0.98127
314 T	0.01738	0.00141	0.98122
315 A	0.01738	0.00142	0.9812
316 G	0.01740	0.00136	0.98124
317 A	0.01741	0.00129	0.9813
318 T	0.01741	0.00112	0.98147
319 T	0.01740	0.00106	0.98154
320 C	0.01737	0.00105	0.98158
321 A	0.01736	0.00106	0.98159
322 G	0.01736	0.00105	0.98159
323 C	0.01737	0.00104	0.98159
324 T	0.01739	0.00103	0.98158
325 T	0.01739	0.00103	0.98158
326 G	0.01739	0.00103	0.98158
327 G	0.01738	0.00104	0.98158
328 A	0.01740	0.00103	0.98157
329 C	0.01744	0.00098	0.98159
330 T	0.01754	0.00089	0.98157
331 T	0.01766	0.00077	0.98157
332 A	0.01770	0.00073	0.98157
333 T	0.01776	0.00066	0.98158
334 T	0.01776	0.00067	0.98158
335 C	0.01768	0.00072	0.9816
336 T	0.01762	0.00083	0.98155
337 T	0.01739	0.00116	0.98145
338 T	0.01683	0.00178	0.98139
339 A	0.01574	0.00296	0.98129
340 G	0.01507	0.00364	0.98128
341 A	0.01460	0.00412	0.98128
342 T	0.01447	0.00423	0.9813
343 T	0.01424	0.00450	0.98126
344 C	0.01392	0.00490	0.98117
345 A	0.01380	0.00518	0.98103
346 G	0.01374	0.00525	0.98101
347 T	0.01366	0.00533	0.98101
348 T	0.01349	0.00552	0.98099
349 T	0.01323	0.00579	0.98098
350 C	0.01273	0.00630	0.98098
351 A	0.01215	0.00694	0.98091
352 A	0.01162	0.00756	0.98083
353 A	0.01120	0.00806	0.98073
354 T	0.01087	0.00850	0.98062
355 A	0.01017	0.00947	0.98037
356 A	0.00984	0.00986	0.9803
357 A	0.00950	0.01020	0.9803
358 A	0.00943	0.01015	0.98043
359 T	0.00946	0.00987	0.98066
360 T	0.00948	0.00954	0.98099
361 A	0.00930	0.00923	0.98147
362 A	0.00914	0.00851	0.98234
363 A	0.00863	0.00852	0.98285
364 C	0.00827	0.00858	0.98315
365 A	0.00793	0.00994	0.98212
366 A	0.00781	0.01049	0.98171
367 T	0.00788	0.01069	0.98142
368 T	0.00789	0.01096	0.98114
369 T	0.00770	0.01133	0.98096
370 A	0.00741	0.01173	0.98085
371 T	0.00722	0.01192	0.98087
372 A	0.00618	0.01288	0.98094
373 G	0.00554	0.01314	0.98132
374 A	0.00528	0.01303	0.98169
375 A	0.00516	0.01273	0.98211
376 A	0.00513	0.01235	0.98251
377 A	0.00521	0.01192	0.98287
378 T	0.00543	0.01102	0.98355
379 A	0.00547	0.01065	0.98388
380 C	0.00551	0.01027	0.98422
381 T	0.00552	0.01024	0.98423
382 A	0.00546	0.01032	0.98422
383 A	0.00540	0.01037	0.98424
384 A	0.00539	0.01025	0.98436
385 A	0.00546	0.01003	0.98451
386 A	0.00565	0.00925	0.9851
387 A	0.00609	0.00832	0.98559
388 T	0.00746	0.00641	0.98614
389 C	0.00807	0.00542	0.98651
390 T	0.00870	0.00472	0.98658
391 T	0.00900	0.00434	0.98666
392 T	0.00910	0.00413	0.98678
393 A	0.00915	0.00392	0.98693
394 T	0.00931	0.00361	0.98708
395 T	0.00936	0.00256	0.98809
396 T	0.00933	0.00203	0.98864
397 T	0.00924	0.00194	0.98883
398 T	0.00899	0.00212	0.98889
399 A	0.00855	0.00269	0.98876
400 G	0.00835	0.00309	0.98856
401 G	0.00820	0.00339	0.98841
402 A	0.00786	0.00397	0.98817
403 A	0.00767	0.00438	0.98795
404 T	0.00761	0.00453	0.98786
405 A	0.00732	0.00479	0.98789
406 G	0.00701	0.00506	0.98793
407 A	0.00679	0.00530	0.98792
408 A	0.00652	0.00558	0.98789
409 C	0.00644	0.00570	0.98786
410 A	0.00640	0.00582	0.98777
411 A	0.00640	0.00586	0.98774
412 G	0.00641	0.00585	0.98774
413 T	0.00644	0.00583	0.98773
414 T	0.00646	0.00581	0.98773
415 A	0.00647	0.00575	0.98779
416 A	0.00649	0.00561	0.9879
417 G	0.00653	0.00532	0.98815
418 C	0.00658	0.00495	0.98847
419 C	0.00667	0.00470	0.98863
420 T	0.00680	0.00452	0.98869
421 G	0.00688	0.00436	0.98875
422 G	0.00707	0.00407	0.98886
423 T	0.00732	0.00378	0.9889
424 A	0.00747	0.00353	0.989
425 A	0.00772	0.00289	0.98939
426 T	0.00798	0.00240	0.98962
427 A	0.00808	0.00217	0.98974
428 A	0.00811	0.00183	0.99005
429 G	0.00816	0.00145	0.9904
430 A	0.00825	0.00113	0.99062
431 T	0.00834	0.00077	0.99089
432 T	0.00839	0.00062	0.99099
433 T	0.00842	0.00054	0.99105
434 C	0.00837	0.00055	0.99107
435 C	0.00831	0.00062	0.99107
436 G	0.00826	0.00070	0.99104
437 A	0.00822	0.00081	0.99097
438 T	0.00820	0.00084	0.99095
439 A	0.00818	0.00087	0.99095
440 T	0.00817	0.00088	0.99096
441 T	0.00815	0.00087	0.99098
442 T	0.00812	0.00089	0.99099
443 C	0.00809	0.00090	0.99101
444 A	0.00807	0.00092	0.99102
445 C	0.00806	0.00092	0.99102
446 G	0.00806	0.00091	0.99103
447 T	0.00808	0.00089	0.99103
448 G	0.00807	0.00089	0.99104
449 C	0.00809	0.00087	0.99104
450 T	0.00812	0.00084	0.99104
451 A	0.00813	0.00084	0.99103
452 T	0.00816	0.00081	0.99103
453 T	0.00815	0.00083	0.99102
454 G	0.00814	0.00090	0.99097
455 G	0.00811	0.00093	0.99096
456 T	0.00810	0.00094	0.99095
457 A	0.00798	0.00111	0.99092
458 A	0.00793	0.00112	0.99095
459 A	0.00792	0.00110	0.99098
460 T	0.00794	0.00104	0.99101
461 T	0.00792	0.00106	0.99103
462 T	0.00781	0.00116	0.99102
463 G	0.00766	0.00134	0.99101
464 G	0.00762	0.00141	0.99097
465 T	0.00758	0.00153	0.99089
466 A	0.00747	0.00173	0.9908
467 A	0.00740	0.00189	0.99072
468 T	0.00736	0.00193	0.99071
469 A	0.00709	0.00224	0.99066
470 A	0.00694	0.00239	0.99066
471 A	0.00679	0.00253	0.99068
472 C	0.00670	0.00261	0.9907
473 A	0.00667	0.00264	0.99069
474 C	0.00666	0.00264	0.9907
475 A	0.00664	0.00266	0.99069
476 A	0.00667	0.00263	0.9907
477 T	0.00674	0.00255	0.99071
478 T	0.00679	0.00248	0.99073
479 A	0.00681	0.00244	0.99075
480 T	0.00688	0.00223	0.99089
481 G	0.00689	0.00214	0.99097
482 G	0.00691	0.00206	0.99103
483 T	0.00694	0.00197	0.99109
484 A	0.00695	0.00192	0.99114
485 T	0.00699	0.00177	0.99125
486 C	0.00701	0.00161	0.99138
487 A	0.00704	0.00156	0.9914
488 T	0.00709	0.00147	0.99145
489 A	0.00708	0.00141	0.99151
490 G	0.00714	0.00129	0.99157
491 A	0.00716	0.00125	0.9916
492 G	0.00721	0.00092	0.99187
493 A	0.00723	0.00076	0.99201
494 T	0.00725	0.00058	0.99217
495 T	0.00726	0.00047	0.99226
496 T	0.00727	0.00043	0.9923
497 T	0.00727	0.00040	0.99234
498 T	0.00725	0.00039	0.99236
499 T	0.00722	0.00040	0.99237
500 C	0.00715	0.00046	0.99239
501 C	0.00709	0.00051	0.9924
502 G	0.00704	0.00056	0.9924
503 G	0.00700	0.00060	0.99239
504 T	0.00700	0.00061	0.99239
505 C	0.00697	0.00063	0.99239
506 A	0.00696	0.00066	0.99238
507 T	0.00696	0.00066	0.99238
508 G	0.00696	0.00068	0.99236
509 G	0.00694	0.00072	0.99234
510 T	0.00694	0.00079	0.99227
511 A	0.00692	0.00105	0.99203
512 T	0.00690	0.00134	0.99175
513 T	0.00687	0.00186	0.99127
514 G	0.00682	0.00260	0.99057
515 G	0.00679	0.00311	0.99009
516 A	0.00677	0.00367	0.98955
517 A	0.00676	0.00418	0.98906
518 A	0.00676	0.00444	0.9888
519 G	0.00670	0.00473	0.98857
520 A	0.00667	0.00500	0.98833
521 A	0.00665	0.00510	0.98824
522 A	0.00664	0.00508	0.98828
523 T	0.00664	0.00501	0.98835
524 T	0.00664	0.00496	0.9884
525 A	0.00662	0.00494	0.98843
526 C	0.00660	0.00494	0.98846
527 A	0.00658	0.00497	0.98845
528 T	0.00657	0.00498	0.98845
529 G	0.00655	0.00500	0.98844
530 A	0.00654	0.00502	0.98844
531 A	0.00656	0.00499	0.98845
532 G	0.00661	0.00492	0.98847
533 A	0.00671	0.00481	0.98849
534 A	0.00706	0.00441	0.98853
535 C	0.00755	0.00386	0.98858
536 C	0.00826	0.00313	0.98861
537 T	0.00914	0.00224	0.98863
538 T	0.00957	0.00179	0.98863
539 A	0.00986	0.00150	0.98864
540 T	0.01022	0.00114	0.98865
541 A	0.01040	0.00094	0.98866
542 T	0.01063	0.00064	0.98873
543 T	0.01083	0.00040	0.98877
544 T	0.01091	0.00030	0.98879
545 T	0.01091	0.00030	0.9888
546 T	0.01089	0.00033	0.98878
547 A	0.01086	0.00039	0.98875
548 A	0.01085	0.00039	0.98875
549 T	0.01086	0.00036	0.98877
550 T	0.01086	0.00034	0.98879
551 T	0.01085	0.00033	0.98882
552 T	0.01084	0.00031	0.98884
553 G	0.01083	0.00031	0.98886
554 A	0.01082	0.00032	0.98887
555 C	0.01081	0.00031	0.98887
556 T	0.01081	0.00031	0.98887
557 T	0.01081	0.00032	0.98887
558 T	0.01081	0.00032	0.98887
559 G	0.01080	0.00033	0.98887
560 T	0.01079	0.00034	0.98887
561 T	0.01079	0.00035	0.98886
562 T	0.01079	0.00037	0.98884
563 T	0.01078	0.00041	0.98881
564 G	0.01077	0.00047	0.98877
565 A	0.01076	0.00057	0.98867
566 A	0.01075	0.00064	0.98861
567 A	0.01074	0.00070	0.98856
568 G	0.01074	0.00072	0.98855
569 A	0.01076	0.00072	0.98852
570 T	0.01080	0.00069	0.98851
571 T	0.01080	0.00074	0.98846
572 A	0.01080	0.00077	0.98843
573 T	0.01081	0.00077	0.98842
574 G	0.01081	0.00078	0.98841
575 T	0.01081	0.00078	0.98841
576 T	0.01080	0.00079	0.98841
577 T	0.01080	0.00081	0.9884
578 T	0.01078	0.00084	0.98838
579 A	0.01072	0.00090	0.98838
580 G	0.01069	0.00093	0.98838
581 A	0.01068	0.00094	0.98838
582 A	0.01067	0.00093	0.9884
583 C	0.01067	0.00092	0.98841
584 C	0.01068	0.00091	0.98841
585 A	0.01069	0.00092	0.98839
586 G	0.01073	0.00091	0.98836
587 G	0.01078	0.00087	0.98835
588 T	0.01088	0.00080	0.98832
589 A	0.01094	0.00073	0.98833
590 T	0.01100	0.00066	0.98835
591 G	0.01103	0.00062	0.98835
592 A	0.01107	0.00058	0.98835
593 C	0.01111	0.00053	0.98836
594 T	0.01120	0.00044	0.98836
595 T	0.01124	0.00041	0.98835
596 T	0.01127	0.00039	0.98835
597 T	0.01128	0.00038	0.98835
598 T	0.01128	0.00037	0.98834
599 G	0.01128	0.00037	0.98835
600 T	0.01128	0.00037	0.98835
601 A	0.01128	0.00037	0.98836
602 T	0.01126	0.00034	0.9884
603 T	0.01122	0.00036	0.98842
604 G	0.01118	0.00039	0.98842
605 A	0.01117	0.00040	0.98844
606 A	0.01116	0.00040	0.98845
607 C	0.01116	0.00039	0.98845
608 C	0.01117	0.00038	0.98845
609 T	0.01120	0.00037	0.98843
610 A	0.01119	0.00043	0.98838
611 T	0.01121	0.00048	0.98832
612 G	0.01118	0.00062	0.9882
613 T	0.01118	0.00064	0.98818
614 T	0.01117	0.00065	0.98817
615 T	0.01115	0.00069	0.98816
616 A	0.01110	0.00077	0.98813
617 C	0.01106	0.00082	0.98811
618 T	0.01100	0.00099	0.98801
619 T	0.01087	0.00125	0.98787
620 T	0.01055	0.00175	0.9877
621 A	0.00993	0.00249	0.98758
622 G	0.00968	0.00275	0.98757
623 G	0.00945	0.00297	0.98757
624 A	0.00927	0.00315	0.98757
625 A	0.00912	0.00329	0.98758
626 C	0.00900	0.00340	0.9876
627 T	0.00890	0.00362	0.98748
628 A	0.00861	0.00427	0.98712
629 A	0.00843	0.00457	0.987
630 A	0.00836	0.00475	0.98689
631 G	0.00834	0.00489	0.98677
632 A	0.00835	0.00494	0.98671
633 G	0.00839	0.00491	0.9867
634 A	0.00845	0.00490	0.98664
635 T	0.00857	0.00482	0.98661
636 T	0.00858	0.00488	0.98654
637 A	0.00858	0.00507	0.98635
638 A	0.00860	0.00516	0.98624
639 A	0.00864	0.00518	0.98618
640 A	0.00868	0.00514	0.98617
641 T	0.00882	0.00488	0.9863
642 A	0.00894	0.00466	0.9864
643 T	0.00910	0.00419	0.9867
644 T	0.00917	0.00367	0.98715
645 A	0.00916	0.00355	0.98729
646 A	0.00917	0.00342	0.98741
647 A	0.00919	0.00324	0.98757
648 A	0.00922	0.00303	0.98775
649 G	0.00927	0.00281	0.98792
650 A	0.00944	0.00255	0.98801
651 T	0.00983	0.00191	0.98826
652 G	0.00993	0.00171	0.98836
653 G	0.01004	0.00160	0.98836
654 T	0.01018	0.00147	0.98835
655 T	0.01023	0.00142	0.98835
656 G	0.01025	0.00140	0.98835
657 G	0.01031	0.00135	0.98834
658 A	0.01038	0.00129	0.98833
659 C	0.01047	0.00119	0.98834
660 T	0.01068	0.00098	0.98834
661 G	0.01081	0.00085	0.98834
662 C	0.01094	0.00073	0.98832
663 T	0.01103	0.00068	0.98829
664 G	0.01106	0.00066	0.98828
665 T	0.01113	0.00062	0.98825
666 T	0.01117	0.00062	0.98821
667 A	0.01119	0.00061	0.9882
668 C	0.01124	0.00054	0.98823
669 T	0.01130	0.00048	0.98823
670 T	0.01132	0.00046	0.98823
671 C	0.01133	0.00045	0.98822
672 C	0.01134	0.00045	0.98821
673 G	0.01135	0.00044	0.98821
674 A	0.01136	0.00043	0.98821
675 T	0.01142	0.00038	0.9882
676 T	0.01145	0.00035	0.9882
677 C	0.01144	0.00037	0.98819
678 A	0.01143	0.00043	0.98813
679 A	0.01143	0.00050	0.98807
680 G	0.01144	0.00051	0.98805
681 T	0.01145	0.00055	0.988
682 T	0.01145	0.00065	0.9879
683 T	0.01142	0.00072	0.98786
684 A	0.01131	0.00090	0.98779
685 A	0.01128	0.00093	0.98779
686 G	0.01129	0.00092	0.98779
687 C	0.01127	0.00093	0.9878
688 G	0.01127	0.00093	0.9878
689 C	0.01131	0.00090	0.9878
690 T	0.01131	0.00090	0.98779
691 C	0.01131	0.00091	0.98779
692 A	0.01131	0.00092	0.98777
693 T	0.01131	0.00092	0.98776
694 T	0.01131	0.00093	0.98775
695 T	0.01131	0.00093	0.98776
696 T	0.01131	0.00093	0.98776
697 G	0.01129	0.00093	0.98777
698 A	0.01129	0.00094	0.98777
699 A	0.01127	0.00094	0.98779
700 C	0.01127	0.00091	0.98782
701 A	0.01130	0.00087	0.98783
702 T	0.01137	0.00080	0.98783
703 A	0.01137	0.00082	0.98781
704 C	0.01140	0.00081	0.98779
705 A	0.01147	0.00080	0.98773
706 G	0.01151	0.00078	0.98771
707 T	0.01156	0.00066	0.98777
708 T	0.01156	0.00069	0.98775
709 T	0.01155	0.00079	0.98766
710 T	0.01152	0.00103	0.98745
711 G	0.01142	0.00171	0.98688
712 G	0.01136	0.00185	0.98678
713 T	0.01134	0.00196	0.9867
714 T	0.01129	0.00208	0.98663
715 A	0.01120	0.00225	0.98656
716 C	0.01113	0.00237	0.9865
717 T	0.01101	0.00274	0.98625
718 G	0.01090	0.00329	0.98582
719 A	0.01080	0.00447	0.98472
720 T	0.01075	0.00510	0.98415
721 A	0.01062	0.00620	0.98318
722 A	0.01059	0.00634	0.98307
723 A	0.01058	0.00640	0.98303
724 G	0.01058	0.00643	0.983
725 G	0.01059	0.00642	0.98299
726 A	0.01063	0.00638	0.98299
727 T	0.01069	0.00631	0.983
728 A	0.01075	0.00623	0.98302
729 T	0.01084	0.00614	0.98303
730 G	0.01088	0.00609	0.98303
731 A	0.01094	0.00602	0.98305
732 A	0.01103	0.00591	0.98306
733 A	0.01130	0.00559	0.9831
734 T	0.01191	0.00487	0.98322
735 T	0.01208	0.00464	0.98329
736 T	0.01218	0.00449	0.98333
737 T	0.01224	0.00436	0.9834
738 A	0.01229	0.00423	0.98348
739 A	0.01236	0.00407	0.98357
740 C	0.01262	0.00366	0.98372
741 A	0.01311	0.00308	0.98381
742 T	0.01430	0.00179	0.98391
743 A	0.01491	0.00113	0.98396
744 A	0.01590	0.00000	0.9841
