# lcl|CP097583.1_cds_USQ93302.1_1
# AA	inside	membr	outside
1 G	0.25345	0.00000	0.74656
2 T	0.25232	0.00112	0.74656
3 G	0.25170	0.00175	0.74656
4 A	0.25170	0.03217	0.71613
5 A	0.24685	0.05017	0.70298
6 T	0.24685	0.05039	0.70276
7 G	0.19775	0.09962	0.70263
8 A	0.19775	0.09963	0.70263
9 A	0.19479	0.10264	0.70257
10 C	0.19478	0.10595	0.69927
11 T	0.19371	0.10801	0.69829
12 A	0.16842	0.13413	0.69745
13 A	0.14184	0.16592	0.69225
14 A	0.14183	0.16593	0.69225
15 A	0.14183	0.20106	0.65712
16 A	0.14118	0.20171	0.65712
17 T	0.14032	0.20308	0.6566
18 T	0.14024	0.20393	0.65582
19 A	0.13785	0.20640	0.65575
20 T	0.13239	0.21240	0.65521
21 T	0.11286	0.23170	0.65544
22 G	0.11107	0.23307	0.65585
23 C	0.11215	0.23133	0.65652
24 T	0.11834	0.22620	0.65546
25 T	0.11893	0.23001	0.65106
26 A	0.11499	0.23761	0.6474
27 T	0.13271	0.21981	0.64748
28 T	0.13286	0.21831	0.64882
29 A	0.12303	0.22722	0.64975
30 T	0.11576	0.19351	0.69074
31 G	0.10117	0.20972	0.68911
32 A	0.09586	0.21382	0.69032
33 A	0.08594	0.23157	0.6825
34 G	0.08281	0.23692	0.68027
35 A	0.08255	0.22176	0.69569
36 A	0.08663	0.19967	0.71371
37 A	0.08842	0.19701	0.71457
38 A	0.11748	0.16708	0.71544
39 A	0.11836	0.16538	0.71626
40 T	0.12055	0.16036	0.71908
41 T	0.12121	0.15752	0.72128
42 T	0.11735	0.16144	0.7212
43 A	0.11231	0.16615	0.72154
44 A	0.10175	0.17002	0.72823
45 A	0.10083	0.17066	0.72851
46 G	0.10051	0.16853	0.73096
47 A	0.10181	0.16654	0.73165
48 T	0.10920	0.15457	0.73623
49 T	0.11303	0.14487	0.7421
50 T	0.11243	0.14260	0.74497
51 A	0.11185	0.13821	0.74994
52 G	0.11226	0.12913	0.75861
53 G	0.11281	0.12348	0.7637
54 T	0.11678	0.11562	0.76761
55 A	0.11897	0.12144	0.75959
56 T	0.12888	0.10693	0.76419
57 T	0.13090	0.11126	0.75785
58 A	0.12533	0.13885	0.73583
59 T	0.12366	0.15096	0.72538
60 A	0.10797	0.17701	0.71502
61 A	0.10283	0.18856	0.70861
62 A	0.09908	0.19823	0.70269
63 A	0.09705	0.20619	0.69676
64 A	0.09683	0.20644	0.69673
65 A	0.09979	0.20039	0.69982
66 T	0.10456	0.19064	0.7048
67 G	0.11110	0.17581	0.7131
68 G	0.11414	0.17223	0.71363
69 T	0.11704	0.16928	0.71368
70 T	0.11851	0.16927	0.71222
71 T	0.11877	0.17019	0.71104
72 A	0.11807	0.17111	0.71081
73 A	0.11823	0.16958	0.71219
74 A	0.11859	0.16809	0.71333
75 A	0.11854	0.16711	0.71435
76 A	0.12093	0.16341	0.71566
77 C	0.13008	0.15216	0.71777
78 T	0.14430	0.13698	0.71872
79 A	0.14816	0.13279	0.71906
80 A	0.15703	0.12228	0.72069
81 G	0.17852	0.09566	0.72581
82 T	0.19057	0.08155	0.72788
83 T	0.19886	0.05766	0.74348
84 A	0.20336	0.04822	0.74842
85 G	0.20926	0.03651	0.75423
86 T	0.21607	0.02648	0.75746
87 T	0.21747	0.02313	0.7594
88 T	0.21753	0.02214	0.76033
89 C	0.21573	0.02360	0.76067
90 T	0.21538	0.02419	0.76043
91 G	0.21429	0.02570	0.76001
92 C	0.21429	0.02730	0.75841
93 T	0.21554	0.02790	0.75656
94 T	0.21605	0.03031	0.75364
95 T	0.21593	0.03335	0.75072
96 A	0.21466	0.03767	0.74766
97 A	0.21241	0.04824	0.73935
98 T	0.21156	0.04901	0.73943
99 G	0.21081	0.05123	0.73796
100 A	0.20830	0.05719	0.73451
101 A	0.20664	0.05883	0.73453
102 T	0.20638	0.05812	0.7355
103 A	0.20566	0.05888	0.73546
104 G	0.20507	0.05953	0.73539
105 C	0.20446	0.06114	0.7344
106 G	0.20385	0.06710	0.72906
107 A	0.20293	0.07397	0.7231
108 A	0.20079	0.08139	0.71782
109 G	0.19905	0.08837	0.71258
110 A	0.19719	0.09200	0.71081
111 A	0.19696	0.09257	0.71047
112 G	0.19711	0.09061	0.71228
113 A	0.19790	0.08878	0.71332
114 C	0.19943	0.08544	0.71513
115 T	0.20211	0.08274	0.71516
116 A	0.20251	0.08340	0.71409
117 C	0.20431	0.08113	0.71456
118 A	0.20653	0.07904	0.71443
119 G	0.20919	0.07589	0.71492
120 T	0.21656	0.06646	0.71698
121 C	0.21732	0.06476	0.71791
122 A	0.21796	0.06382	0.71822
123 A	0.21817	0.06120	0.72063
124 C	0.21799	0.05969	0.72232
125 C	0.21808	0.05928	0.72264
126 G	0.21802	0.05943	0.72254
127 A	0.21910	0.05818	0.72273
128 A	0.22111	0.05604	0.72286
129 T	0.22603	0.05070	0.72326
130 G	0.22958	0.04601	0.72441
131 A	0.23322	0.03970	0.72709
132 A	0.23755	0.03287	0.72958
133 C	0.23981	0.02784	0.73235
134 T	0.24201	0.02522	0.73276
135 A	0.24296	0.02404	0.73299
136 T	0.24376	0.02276	0.73349
137 T	0.24384	0.02250	0.73366
138 A	0.24398	0.02220	0.73382
139 T	0.24502	0.01941	0.73556
140 C	0.24511	0.01793	0.73696
141 T	0.24541	0.01706	0.73753
142 T	0.24549	0.01664	0.73787
143 T	0.24542	0.01641	0.73817
144 A	0.24527	0.01613	0.7386
145 T	0.24531	0.01517	0.73952
146 C	0.24524	0.01216	0.7426
147 T	0.24520	0.01160	0.7432
148 T	0.24521	0.01131	0.74347
149 T	0.24519	0.01114	0.74367
150 A	0.24500	0.01188	0.74311
151 A	0.24502	0.01193	0.74305
152 T	0.24508	0.01056	0.74435
153 T	0.24469	0.00986	0.74545
154 T	0.24378	0.00999	0.74623
155 A	0.24207	0.01158	0.74635
156 T	0.24129	0.01247	0.74623
157 T	0.24076	0.01420	0.74504
158 G	0.23998	0.01647	0.74354
159 T	0.23966	0.01966	0.74068
160 T	0.23923	0.02289	0.73788
161 T	0.23851	0.02527	0.73622
162 T	0.23230	0.03420	0.7335
163 T	0.22661	0.04366	0.72972
164 A	0.21626	0.06075	0.72299
165 T	0.21093	0.06967	0.7194
166 A	0.20519	0.07660	0.71821
167 A	0.20181	0.08027	0.71792
168 G	0.19606	0.08619	0.71776
169 A	0.19296	0.08932	0.71772
170 C	0.19228	0.08986	0.71786
171 A	0.19037	0.09201	0.71762
172 A	0.18986	0.09276	0.71738
173 T	0.19014	0.09259	0.71727
174 T	0.18834	0.09474	0.71692
175 A	0.18281	0.10039	0.7168
176 A	0.18048	0.10221	0.71731
177 A	0.17863	0.10306	0.71832
178 G	0.17746	0.10250	0.72005
179 C	0.17692	0.10221	0.72087
180 T	0.17786	0.10204	0.72009
181 A	0.17722	0.10254	0.72023
182 T	0.17997	0.09941	0.72063
183 T	0.18045	0.09851	0.72103
184 A	0.17832	0.09956	0.72212
185 C	0.17928	0.08865	0.73207
186 A	0.18160	0.07972	0.73868
187 T	0.18775	0.06400	0.74825
188 C	0.19064	0.05746	0.7519
189 T	0.19187	0.05443	0.7537
190 A	0.19124	0.05528	0.75348
191 T	0.19072	0.05165	0.75764
192 T	0.18326	0.05950	0.75724
193 A	0.16188	0.08520	0.75292
194 G	0.14409	0.11047	0.74545
195 A	0.12739	0.13780	0.73481
196 A	0.11845	0.15214	0.72942
197 A	0.11240	0.15861	0.72899
198 A	0.10665	0.16067	0.73268
199 A	0.10073	0.16632	0.73294
200 A	0.09710	0.17041	0.73249
201 A	0.09521	0.17641	0.72838
202 G	0.09479	0.17770	0.72751
203 A	0.09545	0.17623	0.72832
204 T	0.09552	0.17346	0.73101
205 G	0.09384	0.17337	0.73279
206 T	0.09180	0.17344	0.73476
207 C	0.08433	0.18029	0.73539
208 G	0.07847	0.18824	0.73329
209 C	0.07465	0.19364	0.73171
210 A	0.07188	0.20107	0.72705
211 G	0.07032	0.20455	0.72513
212 G	0.06938	0.20798	0.72264
213 A	0.06984	0.20873	0.72143
214 A	0.07099	0.20807	0.72094
215 A	0.07459	0.19709	0.72833
216 A	0.08082	0.17207	0.74712
217 A	0.09136	0.14485	0.76379
218 T	0.10284	0.11757	0.77959
219 T	0.10726	0.10998	0.78276
220 A	0.10803	0.11441	0.77756
221 A	0.10876	0.11288	0.77837
222 A	0.11026	0.10745	0.78229
223 G	0.11259	0.10118	0.78624
224 T	0.11966	0.09254	0.7878
225 A	0.12109	0.09219	0.78672
226 A	0.12160	0.09280	0.7856
227 A	0.12189	0.09329	0.78482
228 A	0.12242	0.09151	0.78608
229 A	0.12371	0.08771	0.78858
230 T	0.13012	0.07367	0.79621
231 T	0.13389	0.06610	0.80002
232 T	0.13582	0.06424	0.79994
233 T	0.13721	0.06181	0.80099
234 A	0.13609	0.06317	0.80073
235 T	0.13023	0.06976	0.80001
236 G	0.11135	0.09170	0.79694
237 C	0.10077	0.10923	0.78999
238 A	0.09422	0.12112	0.78466
239 A	0.09424	0.12690	0.77886
240 T	0.09740	0.12846	0.77414
241 A	0.09855	0.13032	0.77113
242 C	0.10275	0.12724	0.77001
243 T	0.11043	0.12208	0.7675
244 T	0.11123	0.12627	0.7625
245 T	0.10895	0.13146	0.75959
246 A	0.10417	0.13790	0.75793
247 A	0.10106	0.14173	0.7572
248 A	0.10020	0.14121	0.75859
249 A	0.09909	0.14129	0.75962
250 G	0.09895	0.14046	0.76059
251 A	0.09873	0.14035	0.76092
252 C	0.09851	0.14045	0.76104
253 G	0.09791	0.14232	0.75977
254 A	0.09800	0.14314	0.75885
255 A	0.09956	0.14200	0.75844
256 A	0.09997	0.14151	0.75853
257 A	0.10120	0.13899	0.75982
258 A	0.10337	0.12788	0.76875
259 G	0.10748	0.10327	0.78925
260 G	0.11485	0.08465	0.80049
261 G	0.12147	0.07132	0.80721
262 G	0.12918	0.06119	0.80963
263 T	0.13753	0.05175	0.81072
264 T	0.14202	0.04596	0.81202
265 T	0.14375	0.04325	0.813
266 A	0.14524	0.04071	0.81405
267 T	0.14876	0.03483	0.81641
268 T	0.15000	0.03105	0.81895
269 T	0.15074	0.02712	0.82215
270 T	0.15100	0.02594	0.82306
271 A	0.15088	0.02591	0.82322
272 A	0.15091	0.02522	0.82387
273 A	0.15102	0.02504	0.82394
274 A	0.15142	0.02412	0.82445
275 T	0.15236	0.02225	0.82539
276 T	0.15390	0.02089	0.82522
277 G	0.15469	0.02259	0.82272
278 A	0.15500	0.02583	0.81917
279 T	0.15550	0.02596	0.81854
280 T	0.15561	0.02649	0.8179
281 T	0.15554	0.02746	0.81699
282 A	0.15540	0.02839	0.81621
283 T	0.15555	0.02860	0.81586
284 T	0.15562	0.02879	0.81558
285 T	0.15564	0.02923	0.81514
286 T	0.15553	0.02973	0.81475
287 G	0.15509	0.03026	0.81464
288 T	0.15373	0.03183	0.81445
289 G	0.15269	0.03317	0.81414
290 G	0.15234	0.03355	0.8141
291 C	0.15301	0.03285	0.81414
292 A	0.15400	0.03197	0.81403
293 T	0.15569	0.03033	0.81398
294 C	0.15477	0.03142	0.81381
295 C	0.15477	0.03185	0.81338
296 A	0.15532	0.03204	0.81265
297 G	0.15633	0.03168	0.812
298 A	0.15720	0.03166	0.81113
299 A	0.15919	0.03030	0.81051
300 T	0.16387	0.02615	0.80998
301 T	0.16746	0.02254	0.81
302 T	0.16739	0.02326	0.80935
303 A	0.16679	0.02499	0.80823
304 T	0.16705	0.02502	0.80793
305 C	0.16643	0.02596	0.80762
306 T	0.16592	0.02943	0.80465
307 A	0.16494	0.03087	0.80418
308 T	0.16328	0.03283	0.80389
309 A	0.15979	0.03691	0.80331
310 A	0.15640	0.04102	0.80258
311 C	0.15467	0.04141	0.80392
312 A	0.15277	0.04316	0.80408
313 G	0.15221	0.04357	0.80422
314 A	0.15202	0.04411	0.80387
315 G	0.15203	0.04439	0.80359
316 A	0.15232	0.04489	0.8028
317 T	0.15294	0.04247	0.80459
318 T	0.15340	0.04144	0.80516
319 A	0.15366	0.04162	0.80471
320 A	0.15405	0.04172	0.80423
321 A	0.15466	0.04071	0.80463
322 G	0.15516	0.03970	0.80515
323 A	0.15572	0.03881	0.80547
324 A	0.15633	0.03740	0.80627
325 C	0.15764	0.03465	0.80772
326 T	0.15944	0.03529	0.80527
327 T	0.15938	0.03682	0.8038
328 A	0.15846	0.04048	0.80107
329 T	0.15960	0.04024	0.80015
330 A	0.15954	0.04101	0.79945
331 G	0.15978	0.03946	0.80076
332 A	0.16058	0.03607	0.80335
333 T	0.16205	0.03199	0.80596
334 T	0.16255	0.03022	0.80723
335 T	0.16306	0.02828	0.80866
336 A	0.16269	0.02830	0.80901
337 A	0.16298	0.02779	0.80923
338 C	0.16342	0.02709	0.80948
339 T	0.16424	0.02622	0.80954
340 C	0.16462	0.02589	0.80949
341 A	0.16495	0.02624	0.80881
342 T	0.16544	0.02651	0.80805
343 C	0.16489	0.02753	0.80759
344 A	0.16420	0.03014	0.80567
345 A	0.16403	0.03138	0.80458
346 A	0.16418	0.03166	0.80416
347 A	0.16458	0.03144	0.80398
348 A	0.16574	0.03020	0.80405
349 T	0.17007	0.02503	0.80491
350 G	0.17220	0.02196	0.80583
351 T	0.17561	0.01723	0.80716
352 C	0.17687	0.01548	0.80766
353 C	0.17794	0.01441	0.80765
354 T	0.17888	0.01391	0.80721
355 G	0.17947	0.01346	0.80707
356 T	0.18017	0.01285	0.80698
357 T	0.18029	0.01285	0.80686
358 T	0.18041	0.01300	0.8066
359 C	0.18024	0.01295	0.80681
360 A	0.18012	0.01418	0.80569
361 A	0.18009	0.01506	0.80485
362 G	0.18010	0.01533	0.80457
363 A	0.18020	0.01566	0.80414
364 A	0.18110	0.01499	0.80391
365 T	0.18223	0.01323	0.80455
366 G	0.18241	0.01211	0.80548
367 T	0.18409	0.00996	0.80594
368 T	0.18465	0.00916	0.80619
369 T	0.18470	0.00903	0.80627
370 G	0.18448	0.00922	0.80631
371 A	0.18427	0.00943	0.8063
372 C	0.18421	0.00949	0.80631
373 A	0.18411	0.00967	0.80622
374 C	0.18415	0.00983	0.80602
375 A	0.18425	0.00995	0.8058
376 T	0.18454	0.00969	0.80576
377 A	0.18491	0.00933	0.80576
378 T	0.18520	0.00885	0.80595
379 C	0.18533	0.00864	0.80603
380 C	0.18559	0.00823	0.80618
381 T	0.18616	0.00761	0.80623
382 C	0.18666	0.00697	0.80637
383 A	0.18769	0.00590	0.80641
384 T	0.18868	0.00490	0.80642
385 T	0.18904	0.00452	0.80644
386 T	0.18931	0.00416	0.80654
387 T	0.18920	0.00425	0.80656
388 A	0.18849	0.00475	0.80676
389 G	0.18778	0.00499	0.80723
390 T	0.18739	0.00561	0.807
391 T	0.18560	0.00876	0.80564
392 T	0.18031	0.01711	0.80259
393 A	0.16591	0.03294	0.80115
394 A	0.15775	0.04110	0.80115
395 A	0.15419	0.04465	0.80116
396 A	0.15230	0.04643	0.80127
397 C	0.15142	0.04723	0.80134
398 C	0.15152	0.04713	0.80135
399 T	0.15152	0.04718	0.8013
400 A	0.15137	0.04732	0.80131
401 T	0.15136	0.04733	0.80131
402 T	0.15134	0.04734	0.80132
403 T	0.15134	0.04731	0.80135
404 C	0.15135	0.04722	0.80144
405 A	0.15136	0.04716	0.80147
406 T	0.15140	0.04707	0.80154
407 T	0.15142	0.04698	0.8016
408 T	0.15145	0.04688	0.80168
409 G	0.15147	0.04676	0.80176
410 A	0.15154	0.04625	0.80221
411 A	0.15164	0.04523	0.80313
412 G	0.15184	0.04368	0.80448
413 A	0.15233	0.04203	0.80564
414 A	0.15380	0.03813	0.80806
415 A	0.15678	0.02946	0.81376
416 T	0.15838	0.01403	0.82758
417 T	0.15859	0.00645	0.83496
418 T	0.15866	0.00305	0.83829
419 A	0.15869	0.00131	0.83999
420 A	0.15872	0.00000	0.84127
