# lcl|CP097583.1_cds_USQ93139.1_1
# AA	inside	membr	outside
1 A	0.34748	0.00000	0.65252
2 T	0.33575	0.01173	0.65252
3 G	0.32175	0.02573	0.65252
4 C	0.32175	0.08686	0.59138
5 A	0.21048	0.33151	0.45801
6 A	0.21048	0.34474	0.44478
7 A	0.09209	0.46631	0.44159
8 A	0.09209	0.46635	0.44155
9 A	0.08737	0.47140	0.44123
10 A	0.08737	0.48252	0.43011
11 G	0.08709	0.48340	0.42951
12 A	0.08090	0.48982	0.42928
13 A	0.07826	0.49330	0.42843
14 A	0.07826	0.49331	0.42843
15 A	0.07826	0.49701	0.42473
16 A	0.07821	0.49706	0.42473
17 A	0.07814	0.49717	0.4247
18 A	0.07814	0.49721	0.42465
19 A	0.07814	0.49720	0.42466
20 G	0.07826	0.49640	0.42535
21 A	0.07874	0.49373	0.42752
22 T	0.08655	0.48326	0.43019
23 T	0.10320	0.46014	0.43666
24 T	0.11402	0.44532	0.44066
25 A	0.12501	0.41162	0.46336
26 A	0.13177	0.37622	0.49201
27 T	0.18443	0.26014	0.55543
28 T	0.27616	0.08849	0.63535
29 C	0.28598	0.07692	0.63711
30 T	0.29163	0.09576	0.61261
31 T	0.29109	0.11904	0.58988
32 T	0.28925	0.13916	0.57159
33 A	0.28768	0.15295	0.55937
34 T	0.28292	0.16422	0.55286
35 C	0.27746	0.16757	0.55497
36 T	0.27513	0.17056	0.55431
37 A	0.27309	0.17682	0.55009
38 A	0.27416	0.17634	0.5495
39 G	0.27257	0.17793	0.5495
40 C	0.27190	0.17857	0.54953
41 T	0.27183	0.17871	0.54946
42 T	0.27155	0.17925	0.5492
43 C	0.27130	0.17951	0.54919
44 A	0.27110	0.18045	0.54844
45 A	0.27106	0.18065	0.54829
46 A	0.27109	0.18080	0.54811
47 A	0.27132	0.18065	0.54802
48 A	0.27175	0.18017	0.54808
49 G	0.27288	0.17861	0.5485
50 G	0.27589	0.17528	0.54883
51 A	0.28155	0.16902	0.54943
52 A	0.29610	0.15278	0.55112
53 T	0.36018	0.08593	0.5539
54 T	0.38504	0.05800	0.55697
55 T	0.40108	0.03853	0.5604
56 T	0.40715	0.02771	0.56514
57 A	0.40969	0.02229	0.56802
58 T	0.41140	0.01612	0.57248
59 T	0.41254	0.01280	0.57466
60 T	0.41467	0.00922	0.5761
61 T	0.41512	0.00761	0.57727
62 T	0.41540	0.00608	0.57851
63 T	0.41538	0.00540	0.57922
64 T	0.41527	0.00522	0.5795
65 C	0.41484	0.00532	0.57985
66 C	0.41415	0.00586	0.57999
67 G	0.41433	0.00567	0.57999
68 C	0.41432	0.00569	0.57999
69 T	0.41441	0.00573	0.57985
70 T	0.41437	0.00601	0.57962
71 T	0.41403	0.00647	0.5795
72 A	0.41331	0.00732	0.57937
73 G	0.41294	0.00769	0.57938
74 T	0.41291	0.00769	0.57939
75 A	0.41287	0.00773	0.5794
76 G	0.41294	0.00764	0.57941
77 C	0.41328	0.00729	0.57943
78 T	0.41369	0.00687	0.57943
79 G	0.41394	0.00663	0.57944
80 T	0.41471	0.00584	0.57945
81 T	0.41504	0.00551	0.57945
82 T	0.41518	0.00535	0.57947
83 C	0.41525	0.00509	0.57966
84 T	0.41529	0.00502	0.57969
85 T	0.41530	0.00499	0.57971
86 T	0.41529	0.00500	0.57971
87 A	0.41514	0.00517	0.57969
88 A	0.41505	0.00496	0.57998
89 T	0.41506	0.00413	0.58082
90 T	0.41467	0.00411	0.58122
91 G	0.41389	0.00463	0.58148
92 G	0.41381	0.00444	0.58175
93 T	0.41394	0.00420	0.58186
94 T	0.41389	0.00438	0.58173
95 T	0.41380	0.00441	0.58179
96 T	0.41356	0.00500	0.58144
97 G	0.41321	0.00692	0.57987
98 T	0.41302	0.00732	0.57966
99 T	0.41244	0.00830	0.57926
100 G	0.41105	0.00986	0.57909
101 T	0.41026	0.01078	0.57896
102 C	0.40910	0.01209	0.57881
103 G	0.40830	0.01302	0.57867
104 C	0.40789	0.01353	0.57858
105 A	0.40765	0.01397	0.57838
106 G	0.40759	0.01414	0.57828
107 C	0.40757	0.01423	0.57819
108 A	0.40733	0.01480	0.57788
109 A	0.40724	0.01506	0.5777
110 T	0.40725	0.01504	0.57771
111 T	0.40685	0.01546	0.57769
112 A	0.40619	0.01617	0.57764
113 A	0.40606	0.01590	0.57803
114 T	0.40606	0.01511	0.57883
115 G	0.40589	0.01508	0.57903
116 G	0.40594	0.01508	0.57897
117 T	0.40640	0.01471	0.57888
118 G	0.40645	0.01482	0.57873
119 A	0.40659	0.01479	0.57862
120 T	0.40773	0.01331	0.57896
121 A	0.40703	0.01374	0.57923
122 A	0.40709	0.01293	0.57998
123 T	0.40723	0.01103	0.58174
124 C	0.40724	0.00987	0.58289
125 C	0.40737	0.00895	0.58368
126 T	0.40749	0.00868	0.58384
127 T	0.40742	0.00875	0.58384
128 T	0.40737	0.00879	0.58384
129 T	0.40700	0.00923	0.58377
130 A	0.40623	0.01011	0.58365
131 T	0.40594	0.01003	0.58403
132 A	0.40488	0.01083	0.58429
133 T	0.40431	0.01102	0.58467
134 T	0.40293	0.01178	0.58529
135 C	0.40097	0.01308	0.58594
136 C	0.39907	0.01511	0.58582
137 T	0.39771	0.01751	0.58479
138 A	0.39656	0.01979	0.58366
139 T	0.39590	0.02144	0.58267
140 T	0.39451	0.02347	0.58203
141 T	0.39294	0.02538	0.58167
142 A	0.39168	0.02700	0.58131
143 A	0.39000	0.02885	0.58115
144 G	0.38912	0.02926	0.58163
145 T	0.38866	0.02979	0.58154
146 T	0.38789	0.03147	0.58065
147 T	0.38229	0.03977	0.57794
148 A	0.36809	0.05758	0.57433
149 A	0.35170	0.07654	0.57175
150 T	0.34460	0.08467	0.57073
151 A	0.33312	0.09720	0.56967
152 A	0.32349	0.10748	0.56903
153 A	0.31330	0.11807	0.56862
154 A	0.30264	0.12883	0.56852
155 A	0.29214	0.13879	0.56906
156 A	0.28568	0.14445	0.56986
157 G	0.28383	0.14494	0.57122
158 A	0.28329	0.14431	0.57241
159 A	0.28332	0.14305	0.57363
160 C	0.28435	0.13989	0.57576
161 A	0.28549	0.13803	0.57648
162 T	0.28671	0.13587	0.57742
163 T	0.28721	0.13432	0.57847
164 C	0.28728	0.13326	0.57946
165 A	0.28692	0.13387	0.57921
166 G	0.28700	0.13242	0.58058
167 T	0.28747	0.13141	0.58112
168 G	0.28730	0.13129	0.58141
169 A	0.28819	0.13020	0.5816
170 A	0.29065	0.12166	0.58769
171 A	0.29388	0.10402	0.6021
172 T	0.29619	0.08392	0.6199
173 T	0.29667	0.07647	0.62686
174 A	0.29638	0.06879	0.63483
175 A	0.29674	0.06019	0.64307
176 A	0.29728	0.04981	0.65292
177 G	0.29758	0.03835	0.66407
178 A	0.29797	0.02795	0.67407
179 C	0.29833	0.02085	0.68082
180 G	0.29837	0.01941	0.68222
181 G	0.29916	0.01802	0.68282
182 C	0.30018	0.01673	0.6831
183 T	0.30050	0.01652	0.68298
184 T	0.30065	0.01694	0.68241
185 T	0.30060	0.01747	0.68193
186 G	0.30041	0.01930	0.68029
187 G	0.30062	0.02009	0.67929
188 T	0.30132	0.01940	0.67928
189 T	0.30174	0.01965	0.67862
190 T	0.30201	0.02202	0.67598
191 T	0.30204	0.02393	0.67404
192 A	0.30136	0.02774	0.6709
193 G	0.30067	0.02884	0.67049
194 A	0.30077	0.02878	0.67045
195 T	0.30141	0.02790	0.67069
196 T	0.30174	0.02701	0.67125
197 C	0.30198	0.02604	0.67198
198 A	0.30160	0.02669	0.67172
199 T	0.30159	0.02679	0.67163
200 A	0.30139	0.02756	0.67105
201 T	0.30132	0.02774	0.67095
202 A	0.30118	0.02810	0.67072
203 T	0.30120	0.02778	0.67102
204 A	0.30007	0.02902	0.67092
205 G	0.29974	0.02909	0.67117
206 G	0.29998	0.02855	0.67146
207 T	0.30085	0.02769	0.67146
208 G	0.30140	0.02750	0.6711
209 C	0.30335	0.02652	0.67014
210 T	0.30484	0.02922	0.66595
211 G	0.30547	0.03463	0.6599
212 A	0.30646	0.04243	0.65111
213 T	0.30919	0.04345	0.64736
214 G	0.31085	0.04658	0.64256
215 A	0.31359	0.05186	0.63455
216 T	0.31462	0.05295	0.63243
217 T	0.31484	0.05260	0.63256
218 T	0.31482	0.05303	0.63215
219 G	0.31426	0.05441	0.63132
220 A	0.31390	0.05677	0.62933
221 C	0.31396	0.05746	0.62857
222 A	0.31391	0.06202	0.62407
223 T	0.31336	0.06873	0.61791
224 T	0.31272	0.07106	0.61622
225 A	0.31120	0.07476	0.61404
226 G	0.31023	0.07754	0.61223
227 A	0.30998	0.07798	0.61205
228 C	0.30978	0.07887	0.61134
229 A	0.30972	0.07954	0.61073
230 A	0.30962	0.08031	0.61007
231 A	0.30905	0.08142	0.60953
232 A	0.31029	0.07994	0.60977
233 C	0.31456	0.07561	0.60983
234 A	0.32047	0.06987	0.60966
235 T	0.32906	0.06160	0.60933
236 C	0.33204	0.05862	0.60933
237 A	0.33568	0.05545	0.60887
238 T	0.34328	0.04830	0.60842
239 T	0.34533	0.04669	0.60798
240 C	0.34502	0.04808	0.6069
241 A	0.34401	0.05517	0.60082
242 A	0.34167	0.05821	0.60011
243 T	0.33732	0.06215	0.60053
244 A	0.32409	0.07511	0.6008
245 A	0.32168	0.07716	0.60117
246 C	0.32484	0.07165	0.60351
247 C	0.32521	0.07021	0.60458
248 C	0.32588	0.06872	0.60539
249 T	0.32569	0.06945	0.60486
250 A	0.32277	0.07320	0.60404
251 T	0.32140	0.07531	0.6033
252 A	0.31806	0.07963	0.60231
253 A	0.31748	0.08014	0.60238
254 A	0.31755	0.07793	0.60452
255 T	0.31766	0.07636	0.60599
256 A	0.31727	0.07567	0.60706
257 A	0.31738	0.07440	0.60822
258 C	0.31708	0.07325	0.60967
259 C	0.31579	0.07408	0.61014
260 C	0.31531	0.07469	0.61
261 T	0.31591	0.07499	0.6091
262 A	0.31568	0.07682	0.60749
263 A	0.31660	0.07743	0.60597
264 A	0.32158	0.07194	0.60648
265 T	0.32279	0.06690	0.6103
266 T	0.32292	0.05802	0.61906
267 T	0.32298	0.04344	0.63357
268 T	0.32291	0.03784	0.63925
269 T	0.32267	0.03723	0.6401
270 A	0.31992	0.04212	0.63796
271 A	0.31845	0.04294	0.63861
272 T	0.31818	0.04095	0.64087
273 A	0.31150	0.04435	0.64415
274 G	0.30707	0.04679	0.64615
275 C	0.30318	0.04999	0.64683
276 T	0.30021	0.06379	0.636
277 A	0.29737	0.07607	0.62656
278 A	0.29633	0.08031	0.62337
279 A	0.29559	0.08349	0.62091
280 A	0.29536	0.08502	0.61962
281 A	0.29545	0.08387	0.62068
282 T	0.29590	0.08123	0.62287
283 G	0.29588	0.07974	0.62438
284 G	0.29654	0.07827	0.6252
285 C	0.29790	0.07627	0.62583
286 T	0.29959	0.07452	0.62588
287 C	0.29990	0.07422	0.62589
288 T	0.30047	0.07400	0.62552
289 A	0.30029	0.07478	0.62492
290 C	0.30042	0.07486	0.62473
291 T	0.29891	0.07729	0.62379
292 A	0.29261	0.08495	0.62244
293 G	0.29233	0.08308	0.6246
294 A	0.29040	0.08463	0.62497
295 G	0.28805	0.08611	0.62584
296 G	0.28683	0.07992	0.63324
297 A	0.28768	0.07453	0.63779
298 G	0.29090	0.06759	0.64152
299 C	0.30175	0.05495	0.6433
300 T	0.31040	0.04774	0.64185
301 A	0.31215	0.05088	0.63698
302 T	0.31387	0.05118	0.63494
303 T	0.31342	0.05411	0.63247
304 G	0.31003	0.05781	0.63217
305 A	0.30454	0.06483	0.63063
306 G	0.30115	0.06826	0.63059
307 G	0.30035	0.07001	0.62964
308 C	0.30014	0.07090	0.62896
309 A	0.30005	0.07326	0.62668
310 A	0.30004	0.07781	0.62216
311 A	0.30044	0.08127	0.6183
312 T	0.30103	0.08193	0.61703
313 A	0.30100	0.08302	0.61597
314 A	0.30114	0.08030	0.61856
315 T	0.30195	0.07211	0.62593
316 G	0.30131	0.07026	0.62844
317 A	0.30115	0.06842	0.63043
318 A	0.30121	0.06607	0.63272
319 G	0.30205	0.06314	0.63481
320 G	0.30401	0.06030	0.6357
321 T	0.30828	0.05639	0.63534
322 T	0.31011	0.05582	0.63408
323 A	0.30959	0.05957	0.63085
324 T	0.31168	0.06115	0.62717
325 A	0.31115	0.06174	0.62712
326 T	0.31186	0.05988	0.62825
327 A	0.31090	0.05770	0.63139
328 T	0.31235	0.05101	0.63664
329 C	0.31147	0.04882	0.63972
330 T	0.31194	0.04794	0.64012
331 C	0.31100	0.04880	0.6402
332 A	0.31216	0.04790	0.63994
333 A	0.31603	0.04426	0.63972
334 T	0.32032	0.04024	0.63944
335 T	0.32194	0.03853	0.63954
336 T	0.32290	0.03737	0.63974
337 T	0.32283	0.03654	0.64062
338 T	0.32225	0.03675	0.64099
339 A	0.32013	0.03833	0.64154
340 C	0.31757	0.04084	0.64159
341 A	0.31690	0.04438	0.63872
342 T	0.31677	0.04823	0.635
343 A	0.31626	0.05139	0.63235
344 A	0.31680	0.05148	0.63171
345 A	0.31822	0.05042	0.63136
346 G	0.32138	0.04472	0.6339
347 T	0.32511	0.04015	0.63474
348 A	0.32548	0.03990	0.63462
349 T	0.32600	0.04049	0.6335
350 T	0.32528	0.04278	0.63195
351 T	0.32421	0.04807	0.62772
352 G	0.32163	0.05379	0.62458
353 T	0.32077	0.05679	0.62244
354 A	0.31958	0.06214	0.61829
355 G	0.31875	0.06950	0.61175
356 A	0.31799	0.08042	0.60159
357 T	0.31700	0.09081	0.59219
358 A	0.31506	0.10059	0.58435
359 A	0.31441	0.10167	0.58391
360 A	0.31445	0.10157	0.58398
361 A	0.31478	0.10059	0.58463
362 A	0.31528	0.09794	0.58678
363 C	0.31674	0.09337	0.58989
364 G	0.31973	0.08959	0.59068
365 T	0.32397	0.08465	0.59138
366 T	0.32620	0.08212	0.59168
367 C	0.32653	0.08164	0.59183
368 A	0.32680	0.08176	0.59143
369 A	0.32727	0.08106	0.59167
370 A	0.32847	0.07946	0.59207
371 G	0.33162	0.07594	0.59244
372 T	0.33705	0.07034	0.59261
373 C	0.34105	0.06453	0.59441
374 T	0.34768	0.05654	0.59578
375 T	0.35152	0.05047	0.59802
376 G	0.35296	0.04865	0.59839
377 A	0.35599	0.04541	0.59861
378 C	0.36321	0.03781	0.59898
379 A	0.37284	0.02913	0.59803
380 T	0.38274	0.01859	0.59867
381 T	0.38879	0.01261	0.59859
382 T	0.38842	0.01576	0.59582
383 T	0.38571	0.02279	0.59151
384 T	0.38355	0.03234	0.58411
385 G	0.38119	0.03655	0.58227
386 A	0.37946	0.03918	0.58136
387 A	0.37832	0.04127	0.58041
388 T	0.37757	0.04287	0.57956
389 C	0.37230	0.04886	0.57885
390 G	0.35318	0.06931	0.57751
391 A	0.34382	0.07983	0.57635
392 A	0.33909	0.08465	0.57626
393 A	0.33515	0.08867	0.57618
394 G	0.33273	0.09115	0.57612
395 T	0.33184	0.09211	0.57606
396 C	0.32920	0.09497	0.57583
397 A	0.32645	0.09826	0.57529
398 A	0.32530	0.09968	0.57502
399 A	0.32482	0.10030	0.57489
400 G	0.32482	0.10054	0.57465
401 A	0.32519	0.10070	0.57411
402 T	0.32792	0.09769	0.57439
403 G	0.32904	0.09612	0.57484
404 A	0.33149	0.09300	0.5755
405 A	0.33448	0.08826	0.57726
406 C	0.33873	0.08022	0.58105
407 C	0.34506	0.07274	0.5822
408 T	0.34723	0.07143	0.58135
409 A	0.34787	0.07222	0.57991
410 A	0.34899	0.07150	0.57951
411 T	0.35054	0.06960	0.57986
412 T	0.35098	0.06439	0.58463
413 T	0.35118	0.04473	0.60409
414 G	0.35070	0.03573	0.61357
415 A	0.35036	0.03194	0.6177
416 A	0.35018	0.02838	0.62145
417 G	0.35013	0.02567	0.6242
418 G	0.35034	0.02448	0.62518
419 T	0.35090	0.02204	0.62706
420 T	0.35126	0.02034	0.62839
421 G	0.35140	0.02043	0.62817
422 G	0.35163	0.02304	0.62533
423 G	0.35196	0.02743	0.62061
424 G	0.35247	0.03084	0.61669
425 T	0.35264	0.03700	0.61036
426 A	0.35259	0.04255	0.60486
427 A	0.35273	0.04842	0.59884
428 A	0.35300	0.05024	0.59676
429 G	0.35349	0.05013	0.59638
430 T	0.35454	0.04922	0.59623
431 T	0.35636	0.04776	0.59589
432 T	0.35812	0.04646	0.59542
433 T	0.35895	0.04608	0.59498
434 A	0.35918	0.04655	0.59427
435 T	0.35951	0.04643	0.59405
436 T	0.35973	0.04677	0.5935
437 T	0.35982	0.04753	0.59265
438 A	0.35976	0.04781	0.59243
439 G	0.36005	0.04734	0.59261
440 T	0.36056	0.04672	0.59272
441 T	0.36057	0.04680	0.59263
442 C	0.35552	0.05217	0.59231
443 C	0.35253	0.05587	0.59159
444 G	0.35281	0.05806	0.58914
445 A	0.35557	0.05596	0.58847
446 T	0.36182	0.05028	0.5879
447 A	0.36651	0.04653	0.58696
448 T	0.37340	0.04094	0.58565
449 C	0.37486	0.04206	0.58307
450 A	0.36741	0.05190	0.58069
451 T	0.35955	0.06184	0.57861
452 T	0.33606	0.08843	0.57551
453 G	0.29969	0.12803	0.57228
454 C	0.27308	0.15752	0.5694
455 A	0.24874	0.18313	0.56812
456 A	0.22749	0.20513	0.56738
457 G	0.21884	0.21416	0.56699
458 G	0.21412	0.21930	0.56658
459 C	0.21210	0.22195	0.56595
460 A	0.21008	0.22895	0.56097
461 A	0.20919	0.23143	0.55938
462 A	0.20884	0.23173	0.55943
463 G	0.20869	0.23127	0.56004
464 A	0.20895	0.23028	0.56077
465 T	0.20951	0.22383	0.56666
466 C	0.20965	0.22016	0.57019
467 C	0.21112	0.21857	0.57031
468 A	0.21139	0.21988	0.56873
469 A	0.21161	0.22177	0.56662
470 A	0.21222	0.22190	0.56588
471 A	0.21350	0.22111	0.56539
472 G	0.21593	0.21578	0.56828
473 A	0.21857	0.19625	0.58518
474 A	0.22158	0.17684	0.60158
475 T	0.22548	0.14231	0.63221
476 T	0.22813	0.11532	0.65654
477 T	0.22917	0.10925	0.66158
478 A	0.22836	0.10912	0.66253
479 G	0.22731	0.10548	0.66722
480 T	0.22702	0.10940	0.66359
481 G	0.22553	0.11447	0.66001
482 A	0.22058	0.12686	0.65255
483 T	0.21965	0.13154	0.64881
484 G	0.20992	0.15295	0.63712
485 A	0.20424	0.16099	0.63476
486 T	0.20213	0.16365	0.63422
487 G	0.19763	0.16897	0.6334
488 A	0.19615	0.17183	0.63201
489 C	0.19556	0.17332	0.63112
490 T	0.19596	0.17930	0.62474
491 A	0.19609	0.18472	0.61919
492 T	0.19740	0.18446	0.61814
493 A	0.19584	0.18792	0.61623
494 A	0.19447	0.19055	0.61498
495 A	0.19436	0.19001	0.61563
496 C	0.19586	0.18758	0.61657
497 A	0.19875	0.18451	0.61674
498 A	0.20878	0.17416	0.61706
499 C	0.22777	0.15444	0.61779
500 T	0.25389	0.12799	0.61812
501 T	0.26655	0.11459	0.61886
502 T	0.27467	0.10520	0.62013
503 T	0.27790	0.10160	0.6205
504 A	0.27908	0.10002	0.6209
505 G	0.28234	0.08999	0.62767
506 A	0.28681	0.08088	0.63232
507 T	0.29780	0.06165	0.64055
508 T	0.29584	0.06388	0.64028
509 T	0.28535	0.08264	0.63201
510 G	0.25605	0.13106	0.61289
511 A	0.23661	0.16389	0.5995
512 G	0.22326	0.18425	0.59249
513 T	0.22368	0.19560	0.58072
514 G	0.22383	0.21225	0.56392
515 A	0.22366	0.22233	0.55401
516 A	0.22486	0.23088	0.54427
517 T	0.22550	0.23856	0.53594
518 T	0.22362	0.24805	0.52833
519 T	0.21996	0.26505	0.51498
520 A	0.21568	0.29260	0.49172
521 A	0.21443	0.29667	0.48889
522 A	0.21359	0.29938	0.48703
523 T	0.21314	0.30106	0.48579
524 A	0.21210	0.30251	0.48539
525 C	0.21173	0.30227	0.486
526 A	0.21059	0.30507	0.48434
527 G	0.21013	0.30531	0.48456
528 A	0.21101	0.30489	0.4841
529 G	0.21414	0.30186	0.484
530 A	0.21813	0.29915	0.48272
531 A	0.22576	0.28398	0.49026
532 G	0.23951	0.25397	0.50652
533 T	0.26577	0.19857	0.53566
534 T	0.27758	0.17273	0.54969
535 G	0.28167	0.16338	0.55495
536 A	0.29116	0.16259	0.54625
537 T	0.30621	0.15796	0.53583
538 G	0.30691	0.17772	0.51536
539 A	0.31112	0.17901	0.50986
540 T	0.31907	0.17765	0.50328
541 A	0.31501	0.19929	0.48571
542 A	0.31587	0.22105	0.46308
543 C	0.32230	0.21641	0.46128
544 A	0.30946	0.24635	0.44419
545 A	0.29042	0.28017	0.42941
546 T	0.28218	0.29061	0.42721
547 C	0.25515	0.32332	0.42152
548 A	0.22972	0.35865	0.41163
549 A	0.21217	0.37858	0.40925
550 C	0.20690	0.38453	0.40857
551 A	0.20097	0.39507	0.40396
552 A	0.19768	0.40061	0.4017
553 A	0.19707	0.40150	0.40142
554 T	0.19798	0.40042	0.4016
555 A	0.19623	0.40253	0.40125
556 G	0.19658	0.40076	0.40266
557 G	0.19839	0.39740	0.40421
558 G	0.20268	0.39087	0.40645
559 G	0.20900	0.38453	0.40647
560 A	0.21875	0.37493	0.40633
561 A	0.23558	0.35464	0.40978
562 G	0.24299	0.34241	0.41461
563 A	0.25169	0.33091	0.41741
564 A	0.26980	0.30344	0.42676
565 A	0.29394	0.26925	0.43681
566 A	0.30289	0.24629	0.45081
567 A	0.32351	0.20980	0.46669
568 G	0.34119	0.16749	0.49132
569 A	0.34799	0.14603	0.50598
570 T	0.36091	0.10278	0.53631
571 T	0.37240	0.06739	0.56022
572 T	0.37590	0.04902	0.57508
573 T	0.37735	0.04198	0.58066
574 T	0.37911	0.03428	0.5866
575 T	0.37960	0.02944	0.59096
576 C	0.37950	0.02694	0.59356
577 G	0.37951	0.02616	0.59433
578 G	0.38042	0.02402	0.59556
579 T	0.38243	0.02155	0.59602
580 T	0.38347	0.02109	0.59545
581 C	0.38417	0.02194	0.59389
582 T	0.38574	0.02593	0.58833
583 T	0.38682	0.03037	0.58281
584 G	0.38714	0.03716	0.57569
585 T	0.38806	0.04030	0.57164
586 G	0.38889	0.04504	0.56607
587 T	0.39009	0.04661	0.56331
588 T	0.39049	0.04927	0.56024
589 G	0.39013	0.05542	0.55445
590 T	0.39033	0.05892	0.55076
591 T	0.38997	0.06328	0.54675
592 T	0.38958	0.07018	0.54024
593 T	0.38889	0.08375	0.52736
594 T	0.38731	0.09969	0.51301
595 G	0.38194	0.13107	0.48699
596 A	0.37896	0.16303	0.458
597 T	0.37089	0.18958	0.43952
598 A	0.35199	0.23199	0.41602
599 A	0.34336	0.24822	0.40842
600 T	0.33679	0.25972	0.40349
601 G	0.32848	0.26932	0.4022
602 A	0.32484	0.27479	0.40037
603 A	0.32446	0.27638	0.39916
604 A	0.32616	0.27611	0.39773
605 C	0.33324	0.27027	0.39649
606 T	0.33880	0.27066	0.39053
607 T	0.34204	0.27181	0.38615
608 A	0.33762	0.28451	0.37788
609 T	0.33285	0.29677	0.37038
610 G	0.31672	0.31548	0.3678
611 A	0.30269	0.33366	0.36365
612 T	0.29553	0.34225	0.36222
613 A	0.25957	0.38314	0.35728
614 C	0.23458	0.40989	0.35554
615 A	0.20509	0.44863	0.34628
616 A	0.18487	0.47871	0.33642
617 A	0.17784	0.49557	0.32659
618 A	0.19284	0.48060	0.32657
619 G	0.20399	0.47161	0.3244
620 A	0.21139	0.45773	0.33088
621 T	0.21720	0.43648	0.34632
622 G	0.17450	0.48266	0.34284
623 G	0.14552	0.51918	0.33531
624 A	0.11953	0.55360	0.32687
625 A	0.10155	0.58255	0.3159
626 A	0.09359	0.59722	0.3092
627 A	0.09018	0.60274	0.30708
628 A	0.09166	0.60162	0.30672
629 T	0.09697	0.59517	0.30785
630 A	0.09685	0.59708	0.30607
631 A	0.09917	0.59078	0.31006
632 A	0.10260	0.57899	0.31841
633 A	0.10462	0.55866	0.33672
634 T	0.10983	0.53253	0.35764
635 A	0.11224	0.51798	0.36978
636 T	0.11965	0.47731	0.40304
637 A	0.12214	0.45757	0.42029
638 A	0.12990	0.42882	0.44128
639 A	0.13630	0.40343	0.46027
640 T	0.14467	0.38833	0.46701
641 A	0.14484	0.40110	0.45406
642 T	0.15076	0.39115	0.45808
643 A	0.15231	0.39393	0.45377
644 A	0.15872	0.37716	0.46412
645 T	0.17626	0.32344	0.5003
646 T	0.18924	0.29699	0.51377
647 G	0.19503	0.28708	0.51789
648 G	0.19934	0.28369	0.51697
649 T	0.20489	0.28830	0.50681
650 T	0.20472	0.31148	0.48379
651 A	0.19962	0.34362	0.45675
652 G	0.19895	0.34790	0.45315
653 A	0.20117	0.35293	0.4459
654 A	0.19763	0.36550	0.43687
655 T	0.19695	0.37106	0.43199
656 C	0.17997	0.40449	0.41554
657 G	0.15684	0.47008	0.37308
658 A	0.14424	0.52006	0.3357
659 A	0.14078	0.55681	0.30241
660 A	0.14739	0.56654	0.28607
661 G	0.15871	0.55671	0.28457
662 A	0.17365	0.54147	0.28487
663 A	0.19445	0.51919	0.28636
664 T	0.22401	0.48720	0.28879
665 C	0.23498	0.47707	0.28795
666 G	0.24710	0.47632	0.27658
667 A	0.25413	0.47427	0.2716
668 A	0.26618	0.46381	0.27001
669 T	0.28823	0.44300	0.26877
670 T	0.29604	0.43562	0.26835
671 C	0.28683	0.44054	0.27263
672 A	0.26804	0.46365	0.26831
673 G	0.26635	0.46566	0.26799
674 A	0.25901	0.47588	0.26511
675 A	0.22493	0.51518	0.25989
676 G	0.21226	0.53495	0.25279
677 A	0.21318	0.53121	0.25561
678 A	0.21721	0.52058	0.26221
679 A	0.23910	0.47762	0.28328
680 T	0.27875	0.41316	0.30809
681 C	0.29936	0.37917	0.32148
682 C	0.31330	0.36390	0.32279
683 A	0.31815	0.37184	0.31001
684 A	0.31333	0.39255	0.29411
685 G	0.28266	0.43857	0.27876
686 T	0.26557	0.46669	0.26774
687 A	0.24735	0.49322	0.25944
688 A	0.23586	0.51506	0.24909
689 A	0.23978	0.51460	0.24561
690 T	0.24526	0.50448	0.25026
691 A	0.24192	0.50740	0.25069
692 T	0.24464	0.49684	0.25851
693 A	0.24405	0.48784	0.2681
694 T	0.24563	0.46813	0.28623
695 T	0.24615	0.44978	0.30407
696 A	0.24503	0.44079	0.31417
697 A	0.24732	0.42225	0.33042
698 A	0.25285	0.37793	0.36922
699 A	0.26016	0.34511	0.39473
700 T	0.26536	0.32032	0.41431
701 T	0.26574	0.30861	0.42565
702 C	0.26535	0.30161	0.43303
703 A	0.26612	0.30082	0.43307
704 A	0.26805	0.29707	0.43488
705 T	0.27309	0.29011	0.4368
706 A	0.28443	0.28602	0.42954
707 A	0.30161	0.27552	0.42288
708 T	0.32106	0.22662	0.45232
709 T	0.32854	0.21445	0.45701
710 A	0.32718	0.21236	0.46046
711 T	0.33973	0.21119	0.44908
712 T	0.33818	0.27436	0.38745
713 A	0.33159	0.32903	0.33939
714 T	0.33453	0.34209	0.32338
715 T	0.33109	0.35936	0.30955
716 A	0.32751	0.37175	0.30075
717 T	0.32896	0.37659	0.29445
718 T	0.32640	0.38253	0.29106
719 A	0.32102	0.38928	0.2897
720 T	0.31968	0.38920	0.29112
721 T	0.31771	0.39006	0.29223
722 A	0.31276	0.39428	0.29296
723 T	0.31000	0.39597	0.29402
724 C	0.30724	0.39768	0.29508
725 C	0.30480	0.40033	0.29487
726 A	0.30187	0.40530	0.29283
727 A	0.30182	0.40740	0.29077
728 A	0.30367	0.40791	0.28841
729 A	0.31046	0.40364	0.28591
730 G	0.32073	0.39481	0.28446
731 A	0.33406	0.38264	0.2833
732 T	0.35964	0.35167	0.2887
733 G	0.37400	0.32870	0.2973
734 A	0.40439	0.29593	0.29969
735 T	0.48657	0.20447	0.30895
736 T	0.53761	0.14656	0.31583
737 T	0.55659	0.12752	0.31589
738 T	0.56454	0.11992	0.31555
739 T	0.56480	0.11792	0.31728
740 T	0.56287	0.12181	0.31532
741 T	0.55708	0.13183	0.31109
742 A	0.54576	0.14069	0.31354
743 C	0.53960	0.14207	0.31832
744 A	0.52939	0.15334	0.31728
745 T	0.50874	0.17453	0.31674
746 C	0.43762	0.24910	0.31328
747 A	0.34382	0.36494	0.29125
748 G	0.28248	0.44225	0.27527
749 A	0.22918	0.51574	0.25507
750 A	0.22020	0.53586	0.24394
751 G	0.21793	0.54136	0.24071
752 A	0.21740	0.54250	0.24011
753 A	0.21921	0.54050	0.24029
754 T	0.22285	0.53844	0.23871
755 T	0.21759	0.55486	0.22754
756 A	0.21275	0.58183	0.20542
757 A	0.20982	0.60852	0.18167
758 G	0.20207	0.61923	0.17869
759 A	0.19332	0.63460	0.17208
760 G	0.18568	0.64485	0.16948
761 A	0.18461	0.65465	0.16075
762 C	0.18237	0.65557	0.16206
763 A	0.18177	0.66582	0.15241
764 A	0.18233	0.67112	0.14655
765 T	0.18115	0.66976	0.14909
766 A	0.17668	0.67637	0.14694
767 A	0.17523	0.67527	0.14951
768 A	0.18002	0.64423	0.17575
769 A	0.18645	0.56868	0.24487
770 A	0.20815	0.46223	0.32962
771 A	0.21857	0.39336	0.38807
772 C	0.23485	0.32219	0.44296
773 T	0.23928	0.32555	0.43516
774 A	0.21165	0.37857	0.40978
775 C	0.19326	0.41560	0.39114
776 A	0.16455	0.46987	0.36557
777 A	0.15464	0.50378	0.34158
778 G	0.15783	0.53901	0.30317
779 A	0.17503	0.57002	0.25495
780 A	0.19581	0.57998	0.22422
781 A	0.20124	0.61057	0.18819
782 A	0.21143	0.60241	0.18616
783 A	0.22147	0.58980	0.18873
784 T	0.23897	0.56328	0.19776
785 T	0.24293	0.55267	0.20439
786 A	0.24288	0.54774	0.20937
787 T	0.24576	0.53680	0.21744
788 C	0.23806	0.53877	0.22318
789 G	0.23168	0.54279	0.22553
790 G	0.22111	0.55401	0.22488
791 A	0.21617	0.56028	0.22355
792 A	0.21306	0.56385	0.2231
793 A	0.21518	0.56096	0.22387
794 A	0.22024	0.54306	0.2367
795 T	0.23036	0.52202	0.24763
796 A	0.24692	0.49165	0.26144
797 G	0.27671	0.42788	0.2954
798 T	0.30467	0.37500	0.32033
799 G	0.32476	0.32715	0.34809
800 C	0.35027	0.29287	0.35686
801 T	0.39763	0.25095	0.35142
802 A	0.43591	0.22264	0.34145
803 A	0.46295	0.19838	0.33867
804 T	0.50793	0.15435	0.33772
805 T	0.51640	0.14844	0.33516
806 T	0.51933	0.15322	0.32745
807 T	0.50977	0.17684	0.31339
808 A	0.48429	0.24031	0.2754
809 A	0.47385	0.25925	0.2669
810 T	0.46494	0.27525	0.25981
811 T	0.45649	0.29389	0.24962
812 A	0.43299	0.31943	0.24758
813 T	0.42191	0.32425	0.25383
814 A	0.41014	0.33479	0.25507
815 T	0.40099	0.34115	0.25786
816 G	0.38675	0.35448	0.25877
817 G	0.38269	0.35921	0.25811
818 G	0.38197	0.36158	0.25645
819 A	0.38093	0.36422	0.25486
820 A	0.38098	0.36497	0.25405
821 G	0.38401	0.36164	0.25435
822 T	0.38840	0.35635	0.25525
823 A	0.38718	0.35990	0.25293
824 G	0.39245	0.35455	0.25299
825 T	0.40250	0.34416	0.25334
826 A	0.40489	0.34218	0.25293
827 T	0.40714	0.33764	0.25522
828 G	0.41059	0.33095	0.25846
829 G	0.42289	0.31561	0.2615
830 A	0.44117	0.28952	0.26932
831 T	0.48658	0.22294	0.29047
832 A	0.50201	0.19574	0.30225
833 T	0.52015	0.16414	0.3157
834 T	0.53555	0.13604	0.32841
835 T	0.53989	0.10602	0.35409
836 C	0.53926	0.09397	0.36678
837 A	0.53825	0.09261	0.36914
838 T	0.53910	0.08915	0.37175
839 C	0.52802	0.09927	0.37272
840 G	0.45292	0.20087	0.34621
841 A	0.36468	0.32665	0.30868
842 A	0.26873	0.46139	0.26988
843 A	0.18669	0.58176	0.23154
844 A	0.11653	0.71327	0.1702
845 A	0.07662	0.78137	0.14201
846 A	0.05983	0.80343	0.13674
847 G	0.05575	0.81393	0.13031
848 G	0.05476	0.82287	0.12237
849 A	0.05482	0.83559	0.10958
850 A	0.05583	0.85319	0.09098
851 T	0.05794	0.85728	0.08478
852 A	0.05329	0.86293	0.08377
853 A	0.05338	0.86278	0.08384
854 A	0.05363	0.86226	0.08412
855 A	0.05287	0.86214	0.08499
856 C	0.05264	0.86124	0.08613
857 C	0.05230	0.86112	0.08659
858 A	0.05077	0.86257	0.08666
859 A	0.05164	0.86109	0.08727
860 A	0.05554	0.85661	0.08785
861 A	0.06054	0.85130	0.08816
862 A	0.06957	0.83360	0.09683
863 A	0.09727	0.72504	0.17769
864 A	0.12997	0.59863	0.27141
865 A	0.16572	0.45807	0.37621
866 A	0.20405	0.33958	0.45638
867 T	0.27618	0.19416	0.52967
868 T	0.30719	0.12373	0.56907
869 C	0.31500	0.09643	0.58857
870 T	0.32103	0.08823	0.59074
871 A	0.31846	0.08864	0.5929
872 G	0.32438	0.08071	0.5949
873 T	0.33872	0.06495	0.59633
874 T	0.34117	0.06154	0.59728
875 C	0.33480	0.06091	0.60429
876 T	0.33031	0.06470	0.605
877 T	0.32101	0.07340	0.60558
878 T	0.29481	0.10059	0.6046
879 A	0.22746	0.17305	0.59949
880 T	0.20306	0.19929	0.59766
881 C	0.18270	0.21894	0.59836
882 A	0.16521	0.23926	0.59554
883 A	0.15334	0.25203	0.59464
884 A	0.14751	0.25772	0.59477
885 T	0.14564	0.25897	0.59539
886 A	0.14412	0.26015	0.59573
887 A	0.14387	0.25821	0.59791
888 T	0.14290	0.25612	0.60098
889 T	0.14145	0.25475	0.6038
890 C	0.13913	0.25468	0.6062
891 T	0.13600	0.25643	0.60757
892 A	0.12905	0.26191	0.60904
893 A	0.12654	0.26202	0.61145
894 T	0.12517	0.25682	0.618
895 T	0.11967	0.26009	0.62023
896 T	0.11229	0.26216	0.62555
897 T	0.10013	0.26776	0.63211
898 G	0.08952	0.26823	0.64224
899 G	0.08602	0.26450	0.64948
900 A	0.08542	0.25477	0.65982
901 A	0.08735	0.22679	0.68586
902 T	0.09502	0.15340	0.75158
903 T	0.09853	0.12091	0.78056
904 C	0.09969	0.09917	0.80115
905 C	0.10136	0.08578	0.81286
906 T	0.10231	0.07988	0.81781
907 T	0.10264	0.07689	0.82047
908 C	0.10273	0.07553	0.82174
909 T	0.10275	0.07584	0.8214
910 A	0.10239	0.07779	0.81982
911 T	0.10207	0.07912	0.81881
912 T	0.10169	0.08186	0.81645
913 G	0.10093	0.09044	0.80863
914 A	0.10057	0.10257	0.79686
915 T	0.10062	0.11021	0.78917
916 G	0.10004	0.13714	0.76282
917 A	0.09970	0.16301	0.73729
918 T	0.09857	0.18303	0.7184
919 A	0.09438	0.25711	0.6485
920 T	0.09043	0.37241	0.53715
921 A	0.07873	0.54581	0.37546
922 G	0.06376	0.73269	0.20356
923 A	0.05731	0.83832	0.10437
924 A	0.05217	0.87767	0.07016
925 A	0.04908	0.90358	0.04734
926 A	0.04728	0.91413	0.03859
927 A	0.04597	0.91925	0.03477
928 G	0.04543	0.92103	0.03353
929 A	0.04529	0.92206	0.03265
930 A	0.04537	0.92201	0.03262
931 A	0.04563	0.92167	0.0327
932 A	0.04625	0.92087	0.03287
933 A	0.04793	0.91871	0.03337
934 C	0.05194	0.91407	0.03399
935 C	0.05787	0.90788	0.03424
936 A	0.07101	0.89462	0.03436
937 A	0.09297	0.87258	0.03444
938 A	0.11195	0.85347	0.03457
939 C	0.14067	0.82422	0.03511
940 A	0.16594	0.79863	0.03543
941 A	0.19984	0.76242	0.03774
942 A	0.28057	0.67685	0.04258
943 T	0.43456	0.51769	0.04776
944 G	0.60458	0.33664	0.05879
945 T	0.80835	0.11707	0.07457
946 T	0.88015	0.03895	0.0809
947 T	0.89528	0.01937	0.08535
948 T	0.90086	0.01205	0.08709
949 T	0.90349	0.00882	0.08769
950 T	0.90392	0.00871	0.08737
951 T	0.90243	0.01195	0.08561
952 T	0.89854	0.02117	0.0803
953 A	0.87043	0.06218	0.0674
954 T	0.78650	0.15696	0.05654
955 A	0.61184	0.33756	0.0506
956 A	0.36321	0.59160	0.04519
957 A	0.16421	0.79129	0.0445
958 A	0.11646	0.83906	0.04447
959 A	0.09128	0.86424	0.04448
960 A	0.07389	0.88158	0.04452
961 C	0.06427	0.89115	0.04458
962 C	0.05797	0.89745	0.04458
963 A	0.05510	0.90038	0.04452
964 G	0.05343	0.90217	0.0444
965 A	0.05250	0.90318	0.04431
966 T	0.05040	0.90530	0.0443
967 T	0.04608	0.90959	0.04433
968 A	0.04131	0.91411	0.04457
969 T	0.03972	0.91498	0.0453
970 C	0.03613	0.91779	0.04609
971 C	0.03315	0.92043	0.04643
972 A	0.03205	0.92216	0.0458
973 A	0.03257	0.92219	0.04524
974 A	0.03494	0.91886	0.04621
975 A	0.04211	0.90887	0.04902
976 T	0.05693	0.86841	0.07466
977 T	0.06573	0.76687	0.1674
978 A	0.06815	0.61145	0.32039
979 A	0.07066	0.35552	0.57382
980 T	0.07103	0.14789	0.78108
981 T	0.07037	0.10420	0.82543
982 G	0.06878	0.08588	0.84534
983 C	0.06794	0.07497	0.85708
984 T	0.06737	0.07546	0.85717
985 A	0.06595	0.08399	0.85006
986 A	0.06486	0.10172	0.83341
987 A	0.05807	0.12892	0.81301
988 A	0.05553	0.14345	0.80102
989 A	0.05385	0.14762	0.79854
990 G	0.05313	0.14511	0.80176
991 G	0.05266	0.18129	0.76604
992 G	0.05250	0.28522	0.66229
993 A	0.05201	0.53426	0.41372
994 A	0.05202	0.73985	0.20814
995 A	0.05279	0.78282	0.16439
996 T	0.05396	0.81740	0.12864
997 A	0.05434	0.85079	0.09486
998 A	0.05495	0.86165	0.0834
999 T	0.05590	0.86878	0.07533
1000 T	0.05652	0.86857	0.07491
1001 A	0.05651	0.86839	0.0751
1002 T	0.05709	0.86673	0.07619
1003 T	0.05672	0.86710	0.07618
1004 C	0.05414	0.87006	0.0758
1005 A	0.05113	0.87791	0.07097
1006 A	0.05016	0.87877	0.07108
1007 A	0.05121	0.87748	0.07131
1008 A	0.05530	0.87254	0.07216
1009 A	0.06589	0.86132	0.07279
1010 C	0.08252	0.83740	0.08008
1011 A	0.09444	0.82367	0.08188
1012 G	0.10717	0.80939	0.08343
1013 A	0.12302	0.79300	0.08398
1014 A	0.16886	0.74669	0.08445
1015 G	0.27372	0.64150	0.08479
1016 C	0.53526	0.37886	0.08588
1017 T	0.76327	0.15045	0.08628
1018 C	0.81210	0.10142	0.08649
1019 T	0.85073	0.06299	0.08628
1020 T	0.87181	0.04208	0.08611
1021 A	0.87644	0.03773	0.08584
1022 T	0.88095	0.03334	0.08571
1023 T	0.88165	0.03267	0.08568
1024 T	0.87989	0.03459	0.08551
1025 T	0.87650	0.03759	0.08591
1026 A	0.85971	0.05374	0.08656
1027 A	0.84276	0.06840	0.08884
1028 T	0.83757	0.07028	0.09215
1029 T	0.82979	0.07646	0.09375
1030 A	0.82472	0.08076	0.09452
1031 A	0.82205	0.08223	0.09571
1032 T	0.82017	0.08311	0.09673
1033 T	0.81536	0.08756	0.09708
1034 T	0.80147	0.10120	0.09733
1035 T	0.74993	0.15357	0.09649
1036 T	0.57524	0.33100	0.09376
1037 G	0.42141	0.48534	0.09325
1038 G	0.36434	0.54337	0.0923
1039 A	0.31534	0.59408	0.09058
1040 A	0.28446	0.62680	0.08874
1041 C	0.27348	0.63856	0.08797
1042 G	0.26486	0.64939	0.08576
1043 A	0.26159	0.65409	0.08432
1044 A	0.26016	0.65568	0.08416
1045 T	0.25967	0.65578	0.08455
1046 A	0.25890	0.65597	0.08513
1047 T	0.25959	0.64941	0.091
1048 A	0.25915	0.64368	0.09717
1049 G	0.25910	0.62578	0.11511
1050 T	0.25943	0.60976	0.13081
1051 T	0.25885	0.60151	0.13964
1052 T	0.25817	0.59606	0.14576
1053 A	0.25633	0.59402	0.14966
1054 A	0.25469	0.59023	0.15508
1055 G	0.25353	0.57712	0.16935
1056 T	0.25295	0.55705	0.18999
1057 A	0.25147	0.53379	0.21473
1058 A	0.25155	0.48122	0.26724
1059 T	0.25401	0.31711	0.42888
1060 G	0.25397	0.19228	0.55375
1061 A	0.25487	0.14320	0.60193
1062 A	0.25708	0.09559	0.64733
1063 T	0.26007	0.06287	0.67706
1064 T	0.26132	0.05224	0.68644
1065 T	0.26271	0.04583	0.69147
1066 T	0.26234	0.04689	0.69077
1067 T	0.26078	0.05619	0.68303
1068 T	0.25796	0.08600	0.65604
1069 T	0.24976	0.13731	0.61293
1070 A	0.23584	0.19334	0.57083
1071 T	0.21729	0.24973	0.53299
1072 G	0.18495	0.31811	0.49694
1073 A	0.14980	0.43993	0.41028
1074 T	0.13331	0.51473	0.35196
1075 G	0.11569	0.55406	0.33025
1076 A	0.10208	0.59897	0.29894
1077 A	0.09590	0.62248	0.28162
1078 A	0.09410	0.63934	0.26657
1079 T	0.09341	0.65179	0.25481
1080 A	0.09054	0.67113	0.23833
1081 G	0.08792	0.69388	0.21821
1082 A	0.08552	0.73135	0.18313
1083 A	0.07206	0.77017	0.15777
1084 A	0.06949	0.79482	0.13569
1085 A	0.06987	0.80171	0.12843
1086 A	0.06981	0.80666	0.12353
1087 A	0.07113	0.80747	0.12141
1088 A	0.07472	0.80385	0.12143
1089 A	0.07933	0.79732	0.12335
1090 G	0.09087	0.78169	0.12744
1091 A	0.11863	0.75007	0.1313
1092 A	0.16332	0.69568	0.141
1093 A	0.21390	0.62991	0.15619
1094 T	0.26615	0.55607	0.17779
1095 A	0.29581	0.49809	0.2061
1096 G	0.36041	0.39937	0.24021
1097 T	0.40774	0.33774	0.25452
1098 A	0.41835	0.31399	0.26766
1099 T	0.43979	0.28137	0.27885
1100 C	0.44463	0.27062	0.28475
1101 A	0.44993	0.26609	0.28398
1102 A	0.45927	0.25600	0.28474
1103 A	0.47759	0.23567	0.28674
1104 A	0.50187	0.20899	0.28914
1105 A	0.54026	0.16819	0.29155
1106 C	0.57038	0.12046	0.30916
1107 T	0.59646	0.09410	0.30944
1108 A	0.60103	0.09506	0.3039
1109 T	0.60514	0.09583	0.29903
1110 T	0.60647	0.10253	0.29101
1111 T	0.60489	0.10789	0.28722
1112 A	0.60206	0.11133	0.28661
1113 T	0.60143	0.11115	0.28742
1114 G	0.60046	0.11208	0.28747
1115 G	0.60017	0.11426	0.28558
1116 T	0.60022	0.11467	0.28511
1117 G	0.59963	0.11613	0.28424
1118 A	0.59904	0.11845	0.28251
1119 T	0.59668	0.12077	0.28255
1120 G	0.59581	0.11899	0.2852
1121 G	0.59577	0.11315	0.29108
1122 T	0.59605	0.10897	0.29498
1123 A	0.59577	0.10359	0.30064
1124 C	0.59632	0.09711	0.30657
1125 A	0.59451	0.09880	0.30669
1126 G	0.59352	0.09935	0.30713
1127 A	0.59330	0.09990	0.30679
1128 A	0.59376	0.09906	0.30718
1129 G	0.59489	0.09771	0.3074
1130 A	0.59980	0.09178	0.30842
1131 A	0.60853	0.07990	0.31157
1132 C	0.61792	0.06675	0.31533
1133 T	0.62838	0.05527	0.31635
1134 T	0.63300	0.04912	0.31788
1135 C	0.63594	0.04471	0.31935
1136 C	0.63823	0.04241	0.31936
1137 T	0.64043	0.04159	0.31798
1138 T	0.64348	0.03859	0.31793
1139 T	0.64465	0.03737	0.31799
1140 A	0.64516	0.03676	0.31809
1141 A	0.64800	0.03309	0.31891
1142 C	0.65090	0.02650	0.3226
1143 T	0.65298	0.02347	0.32356
1144 T	0.65411	0.02222	0.32367
1145 T	0.65490	0.02157	0.32353
1146 A	0.65473	0.02181	0.32347
1147 T	0.65497	0.02113	0.32391
1148 T	0.65498	0.01886	0.32616
1149 T	0.65290	0.01958	0.32752
1150 A	0.64908	0.02278	0.32814
1151 C	0.64689	0.02452	0.32859
1152 A	0.64454	0.02684	0.32862
1153 C	0.64318	0.02817	0.32865
1154 A	0.64243	0.02895	0.32862
1155 A	0.64198	0.02943	0.32859
1156 G	0.64195	0.02945	0.3286
1157 T	0.64251	0.02878	0.32871
1158 T	0.64272	0.02845	0.32884
1159 A	0.64278	0.02763	0.32958
1160 C	0.64393	0.02485	0.33122
1161 T	0.64434	0.02422	0.33144
1162 T	0.64410	0.02406	0.33184
1163 A	0.64375	0.02391	0.33233
1164 T	0.64406	0.02305	0.33289
1165 T	0.64381	0.02297	0.33322
1166 C	0.64277	0.02290	0.33433
1167 T	0.64164	0.02457	0.33379
1168 T	0.64057	0.02616	0.33326
1169 T	0.63930	0.02793	0.33277
1170 A	0.63768	0.03041	0.3319
1171 G	0.63648	0.03240	0.33112
1172 T	0.63612	0.03070	0.33318
1173 T	0.63560	0.02921	0.33519
1174 G	0.63499	0.03166	0.33335
1175 A	0.63433	0.03147	0.3342
1176 T	0.63404	0.03135	0.33461
1177 A	0.63353	0.03214	0.33434
1178 A	0.63339	0.03227	0.33434
1179 C	0.63325	0.03225	0.33451
1180 A	0.63317	0.03294	0.33389
1181 A	0.63316	0.03320	0.33364
1182 A	0.63317	0.03323	0.33361
1183 G	0.63321	0.03316	0.33363
1184 G	0.63342	0.03318	0.3334
1185 T	0.63349	0.03303	0.33348
1186 G	0.63350	0.03354	0.33297
1187 A	0.63367	0.03494	0.33139
1188 A	0.63403	0.03409	0.33188
1189 G	0.63456	0.03191	0.33353
1190 T	0.63600	0.02863	0.33536
1191 T	0.63722	0.02611	0.33667
1192 C	0.63813	0.02387	0.338
1193 A	0.63894	0.02286	0.3382
1194 T	0.63951	0.02197	0.33852
1195 A	0.63797	0.02414	0.33789
1196 C	0.63814	0.02366	0.33819
1197 T	0.64087	0.02116	0.33797
1198 G	0.64089	0.02058	0.33853
1199 T	0.64139	0.01986	0.33874
1200 C	0.64116	0.01983	0.339
1201 T	0.64102	0.02007	0.33892
1202 C	0.63855	0.02262	0.33882
1203 T	0.63171	0.03003	0.33827
1204 A	0.62090	0.04090	0.33819
1205 C	0.61111	0.05075	0.33814
1206 A	0.59939	0.06249	0.33812
1207 A	0.58954	0.07233	0.33813
1208 C	0.58475	0.07690	0.33835
1209 G	0.57966	0.08194	0.33841
1210 C	0.57603	0.08562	0.33835
1211 C	0.57183	0.08996	0.33821
1212 T	0.56748	0.09497	0.33756
1213 A	0.55774	0.10527	0.33698
1214 A	0.55116	0.11218	0.33666
1215 A	0.54514	0.11819	0.33667
1216 G	0.54091	0.12193	0.33716
1217 G	0.53857	0.12246	0.33897
1218 A	0.53856	0.11983	0.34161
1219 C	0.53817	0.11809	0.34374
1220 C	0.53774	0.11806	0.3442
1221 T	0.53740	0.11903	0.34358
1222 A	0.53631	0.12192	0.34176
1223 A	0.53430	0.12407	0.34163
1224 G	0.53274	0.12562	0.34164
1225 T	0.53122	0.12568	0.34311
1226 T	0.52818	0.12127	0.35056
1227 A	0.52089	0.11968	0.35943
1228 A	0.51659	0.11613	0.36727
1229 A	0.51430	0.10842	0.37728
1230 A	0.51264	0.10090	0.38646
1231 G	0.51166	0.09676	0.39159
1232 A	0.51135	0.09217	0.39647
1233 T	0.51085	0.08722	0.40193
1234 A	0.50891	0.08612	0.40497
1235 T	0.50736	0.08409	0.40855
1236 G	0.50488	0.07946	0.41566
1237 A	0.50412	0.07537	0.42052
1238 A	0.50372	0.07012	0.42615
1239 A	0.50353	0.06594	0.43053
1240 C	0.50359	0.06282	0.43359
1241 T	0.50394	0.06313	0.43293
1242 T	0.50398	0.06446	0.43155
1243 A	0.50393	0.06749	0.42859
1244 A	0.50457	0.06799	0.42744
1245 T	0.50639	0.06672	0.42688
1246 G	0.50691	0.06335	0.42974
1247 A	0.50790	0.05998	0.43212
1248 T	0.51025	0.05415	0.4356
1249 T	0.51169	0.04984	0.43847
1250 C	0.51229	0.04621	0.44151
1251 T	0.51362	0.04975	0.43664
1252 A	0.51423	0.05624	0.42953
1253 A	0.51503	0.05800	0.42697
1254 T	0.51628	0.05717	0.42655
1255 G	0.51723	0.05728	0.42548
1256 T	0.51831	0.05592	0.42577
1257 A	0.51913	0.05351	0.42736
1258 G	0.52007	0.05088	0.42905
1259 G	0.52044	0.04923	0.43033
1260 T	0.52073	0.05017	0.4291
1261 G	0.51927	0.05226	0.42846
1262 G	0.51892	0.05481	0.42627
1263 A	0.51466	0.06307	0.42227
1264 A	0.51324	0.06779	0.41897
1265 C	0.51231	0.07078	0.41691
1266 T	0.51373	0.07652	0.40975
1267 G	0.51304	0.08041	0.40655
1268 G	0.51260	0.08327	0.40414
1269 A	0.51208	0.08442	0.4035
1270 A	0.51246	0.08406	0.40347
1271 C	0.51329	0.08312	0.40359
1272 A	0.51573	0.08065	0.40363
1273 C	0.51974	0.07647	0.40379
1274 C	0.52670	0.06949	0.40382
1275 T	0.53473	0.06159	0.40369
1276 T	0.53739	0.05895	0.40367
1277 C	0.53779	0.05852	0.4037
1278 T	0.53796	0.05839	0.40365
1279 T	0.53689	0.05946	0.40365
1280 C	0.53308	0.06285	0.40406
1281 A	0.53098	0.06513	0.40389
1282 A	0.53030	0.06609	0.4036
1283 A	0.53119	0.06482	0.404
1284 A	0.53202	0.06245	0.40553
1285 A	0.53455	0.05915	0.4063
1286 G	0.53908	0.04827	0.41264
1287 A	0.54263	0.04139	0.41599
1288 C	0.54527	0.03477	0.41997
1289 G	0.55161	0.02822	0.42017
1290 T	0.55514	0.02411	0.42075
1291 A	0.55673	0.02348	0.41979
1292 T	0.55714	0.02361	0.41924
1293 T	0.55541	0.02710	0.41749
1294 C	0.55321	0.02991	0.41688
1295 A	0.55161	0.03585	0.41254
1296 G	0.55059	0.03969	0.40972
1297 G	0.54988	0.04426	0.40586
1298 T	0.54967	0.04713	0.40321
1299 T	0.54933	0.04817	0.40251
1300 A	0.54785	0.05070	0.40145
1301 T	0.54697	0.05048	0.40254
1302 A	0.54332	0.05261	0.40406
1303 C	0.54146	0.05068	0.40787
1304 G	0.53973	0.05114	0.40913
1305 C	0.53862	0.05145	0.40993
1306 A	0.53737	0.05303	0.4096
1307 C	0.53556	0.05506	0.40938
1308 A	0.53212	0.05968	0.4082
1309 C	0.52332	0.06936	0.40732
1310 A	0.51741	0.07605	0.40653
1311 A	0.51339	0.08085	0.40576
1312 G	0.51267	0.08227	0.40507
1313 G	0.51271	0.08205	0.40524
1314 C	0.51422	0.08070	0.40508
1315 A	0.51661	0.07810	0.4053
1316 T	0.52110	0.07188	0.40702
1317 T	0.52277	0.06850	0.40873
1318 A	0.52310	0.06738	0.40952
1319 C	0.52374	0.06636	0.40989
1320 T	0.52578	0.06586	0.40836
1321 C	0.52494	0.07042	0.40464
1322 A	0.52407	0.07288	0.40306
1323 A	0.52381	0.07405	0.40214
1324 G	0.52100	0.07705	0.40196
1325 A	0.51088	0.08605	0.40308
1326 C	0.48188	0.11425	0.40388
1327 A	0.45904	0.13757	0.4034
1328 A	0.43584	0.16254	0.40161
