# lcl|CP097583.1_cds_USQ93431.1_1
# AA	inside	membr	outside
1 A	0.64298	0.00000	0.35702
2 T	0.64278	0.00020	0.35702
3 G	0.64267	0.00030	0.35702
4 A	0.64267	0.02806	0.32927
5 A	0.63701	0.07024	0.29275
6 T	0.63701	0.07714	0.28584
7 T	0.59032	0.12587	0.28381
8 T	0.59032	0.12596	0.28372
9 A	0.56795	0.15090	0.28115
10 A	0.56791	0.29599	0.1361
11 A	0.56246	0.31035	0.12718
12 A	0.47230	0.40764	0.12006
13 T	0.26461	0.64575	0.08964
14 T	0.26454	0.64582	0.08964
15 A	0.26454	0.67002	0.06544
16 A	0.25626	0.67830	0.06544
17 A	0.24948	0.68510	0.06542
18 C	0.24897	0.68561	0.06542
19 A	0.23942	0.69516	0.06542
20 T	0.19775	0.73686	0.0654
21 C	0.09445	0.84015	0.0654
22 C	0.08569	0.84893	0.06538
23 A	0.07734	0.85732	0.06534
24 A	0.07384	0.86082	0.06533
25 G	0.07334	0.86111	0.06555
26 G	0.07384	0.86052	0.06563
27 G	0.09772	0.83555	0.06673
28 A	0.13369	0.79296	0.07335
29 T	0.14571	0.77523	0.07906
30 C	0.15387	0.72764	0.1185
31 A	0.15458	0.72521	0.12021
32 A	0.16050	0.70277	0.13673
33 A	0.27134	0.58686	0.1418
34 A	0.28102	0.56789	0.15109
35 C	0.30176	0.46533	0.23291
36 T	0.33794	0.23394	0.42812
37 T	0.34024	0.22731	0.43246
38 T	0.34982	0.21603	0.43416
39 T	0.33889	0.22474	0.43637
40 T	0.33323	0.22897	0.43781
41 T	0.32692	0.21705	0.45603
42 A	0.32241	0.21036	0.46723
43 G	0.32032	0.16865	0.51103
44 A	0.31526	0.12290	0.56185
45 T	0.29418	0.15757	0.54825
46 T	0.28793	0.17503	0.53704
47 G	0.24723	0.24092	0.51185
48 G	0.22501	0.30936	0.46563
49 G	0.21514	0.40489	0.37997
50 A	0.20958	0.57726	0.21316
51 A	0.20306	0.60234	0.1946
52 A	0.19868	0.62416	0.17716
53 A	0.18671	0.66441	0.14889
54 A	0.18222	0.68005	0.13773
55 G	0.17965	0.69757	0.12277
56 A	0.17854	0.71520	0.10625
57 A	0.17750	0.74887	0.07363
58 A	0.17683	0.75253	0.07065
59 G	0.17768	0.74924	0.07307
60 T	0.18027	0.74297	0.07676
61 T	0.18152	0.73684	0.08165
62 C	0.18351	0.72604	0.09046
63 A	0.18487	0.73186	0.08327
64 C	0.18763	0.72734	0.08504
65 A	0.18817	0.73262	0.0792
66 A	0.18499	0.73505	0.07997
67 A	0.19985	0.71692	0.08323
68 C	0.22844	0.66087	0.11069
69 G	0.26056	0.62559	0.11386
70 C	0.30120	0.55001	0.14879
71 A	0.34899	0.49672	0.15429
72 A	0.41984	0.42784	0.15233
73 T	0.54781	0.31157	0.14062
74 C	0.52004	0.34518	0.13479
75 A	0.47517	0.41508	0.10975
76 A	0.46672	0.42551	0.10778
77 A	0.43201	0.48007	0.08792
78 A	0.40643	0.51211	0.08146
79 G	0.38928	0.52971	0.08102
80 T	0.41576	0.50065	0.08359
81 A	0.40972	0.50440	0.08588
82 A	0.40606	0.50506	0.08888
83 C	0.40299	0.50518	0.09183
84 T	0.39734	0.52107	0.08159
85 A	0.38442	0.54831	0.06726
86 A	0.37225	0.57211	0.05563
87 A	0.36818	0.57692	0.0549
88 A	0.36560	0.57947	0.05493
89 T	0.36594	0.57221	0.06185
90 A	0.35991	0.57314	0.06694
91 C	0.35393	0.57332	0.07275
92 A	0.35175	0.57463	0.07362
93 T	0.35394	0.57007	0.07599
94 A	0.36028	0.56338	0.07634
95 A	0.37550	0.54596	0.07854
96 T	0.39592	0.52077	0.08331
97 A	0.40798	0.45772	0.13431
98 T	0.42969	0.36952	0.20079
99 A	0.43606	0.33309	0.23085
100 T	0.45630	0.26921	0.27449
101 T	0.46185	0.23031	0.30784
102 A	0.45771	0.21294	0.32934
103 C	0.45474	0.20891	0.33634
104 A	0.42720	0.25294	0.31985
105 T	0.40387	0.28688	0.30925
106 A	0.32213	0.41775	0.26012
107 A	0.25699	0.53811	0.2049
108 A	0.23401	0.56919	0.1968
109 G	0.20341	0.59496	0.20163
110 A	0.19295	0.60867	0.19837
111 T	0.18946	0.60631	0.20424
112 T	0.17738	0.62335	0.19928
113 A	0.14640	0.66080	0.1928
114 T	0.12910	0.68258	0.18832
115 G	0.11400	0.70986	0.17614
116 A	0.10764	0.72774	0.16461
117 A	0.10484	0.73039	0.16478
118 T	0.10409	0.73107	0.16484
119 T	0.09924	0.73675	0.16401
120 A	0.09085	0.74570	0.16344
121 C	0.08843	0.74808	0.16349
122 A	0.08705	0.75466	0.15829
123 A	0.08683	0.76100	0.15217
124 A	0.08946	0.76067	0.14987
125 A	0.09821	0.75042	0.15138
126 A	0.10939	0.73590	0.15471
127 A	0.13375	0.67798	0.18827
128 A	0.15254	0.62822	0.21924
129 A	0.20584	0.49972	0.29444
130 T	0.27383	0.35323	0.37294
131 A	0.29093	0.29871	0.41035
132 T	0.31523	0.22018	0.46458
133 T	0.32799	0.19079	0.48122
134 T	0.33374	0.17708	0.48917
135 A	0.33607	0.16310	0.50083
136 G	0.34451	0.12670	0.52879
137 G	0.35287	0.10044	0.54669
138 T	0.36950	0.08038	0.55011
139 T	0.37961	0.08025	0.54014
140 G	0.37487	0.09981	0.52532
141 G	0.36830	0.13872	0.49298
142 T	0.36290	0.18356	0.45354
143 T	0.35776	0.24027	0.40196
144 G	0.33782	0.33869	0.32349
145 G	0.33695	0.39594	0.26711
146 A	0.34164	0.48291	0.17545
147 T	0.34352	0.49666	0.15982
148 T	0.34234	0.50075	0.15692
149 T	0.33810	0.50655	0.15536
150 A	0.33393	0.51240	0.15368
151 C	0.33285	0.51437	0.15278
152 C	0.33216	0.51685	0.15099
153 T	0.33194	0.51793	0.15013
154 T	0.33084	0.52042	0.14874
155 T	0.32810	0.52464	0.14726
156 A	0.29524	0.56039	0.14438
157 C	0.28074	0.57624	0.14301
158 A	0.27459	0.58442	0.14099
159 A	0.27043	0.58971	0.13985
160 A	0.27030	0.59100	0.13871
161 A	0.28053	0.58235	0.13711
162 A	0.30080	0.56563	0.13356
163 A	0.33207	0.53252	0.13541
164 A	0.37851	0.47792	0.14358
165 T	0.43385	0.41452	0.15163
166 A	0.47762	0.36507	0.15731
167 T	0.54657	0.27513	0.17829
168 C	0.58703	0.22822	0.18476
169 A	0.65998	0.15442	0.1856
170 T	0.67910	0.13399	0.18691
171 T	0.68274	0.12914	0.18813
172 T	0.68066	0.12944	0.18989
173 C	0.65318	0.15789	0.18893
174 T	0.63845	0.17733	0.18422
175 G	0.61454	0.20495	0.18051
176 A	0.59728	0.22345	0.17928
177 T	0.58314	0.23692	0.17993
178 A	0.54775	0.27186	0.18039
179 T	0.51750	0.26963	0.21287
180 C	0.44490	0.33451	0.22059
181 A	0.35881	0.44453	0.19666
182 A	0.29826	0.53055	0.1712
183 A	0.25730	0.58419	0.1585
184 A	0.23503	0.61147	0.1535
185 A	0.22209	0.62758	0.15032
186 A	0.21437	0.63317	0.15247
187 A	0.20433	0.64046	0.15521
188 T	0.20028	0.64052	0.15919
189 T	0.19021	0.64707	0.16273
190 C	0.16866	0.66802	0.16331
191 A	0.14125	0.70171	0.15704
192 A	0.12941	0.71963	0.15095
193 A	0.12248	0.74354	0.13398
194 A	0.11872	0.75091	0.13037
195 A	0.11856	0.74913	0.13231
196 T	0.12175	0.71258	0.16566
197 T	0.12016	0.69762	0.18222
198 A	0.11089	0.68894	0.20017
199 A	0.10343	0.69418	0.20238
200 A	0.09906	0.68968	0.21126
201 A	0.09954	0.66630	0.23417
202 A	0.10209	0.63338	0.26453
203 A	0.10941	0.55954	0.33105
204 A	0.13574	0.45464	0.40962
205 T	0.16207	0.36697	0.47096
206 T	0.17112	0.32120	0.50767
207 A	0.17266	0.30220	0.52514
208 A	0.17372	0.28592	0.54036
209 A	0.17282	0.27265	0.55453
210 T	0.17162	0.25894	0.56945
211 G	0.16815	0.25352	0.57833
212 A	0.16830	0.24402	0.58769
213 A	0.17061	0.22267	0.60673
214 G	0.17690	0.18947	0.63364
215 A	0.18341	0.17187	0.64472
216 T	0.20215	0.14423	0.65361
217 T	0.20684	0.13445	0.65871
218 T	0.20853	0.12942	0.66205
219 A	0.20768	0.12991	0.6624
220 G	0.20750	0.12398	0.66851
221 A	0.21026	0.11307	0.67667
222 T	0.22383	0.09246	0.68371
223 G	0.23033	0.08556	0.68411
224 T	0.24189	0.07836	0.67975
225 T	0.24442	0.08412	0.67146
226 T	0.24450	0.09694	0.65856
227 T	0.24356	0.11888	0.63757
228 A	0.23972	0.13853	0.62175
229 G	0.23996	0.14711	0.61293
230 T	0.24154	0.14942	0.60904
231 A	0.24225	0.15074	0.60701
232 G	0.24367	0.14956	0.60678
233 T	0.24672	0.14580	0.60748
234 G	0.24716	0.14324	0.6096
235 A	0.24878	0.14106	0.61016
236 T	0.25112	0.13823	0.61065
237 A	0.25162	0.13752	0.61086
238 G	0.25301	0.13500	0.61199
239 G	0.25446	0.13275	0.61279
240 T	0.25638	0.12984	0.61378
241 A	0.25735	0.12874	0.61391
242 T	0.25923	0.12516	0.61561
243 A	0.25950	0.12359	0.61691
244 G	0.26000	0.12196	0.61804
245 G	0.26129	0.12006	0.61865
246 G	0.26727	0.11354	0.6192
247 G	0.27607	0.10378	0.62015
248 G	0.28925	0.08889	0.62185
249 G	0.30612	0.07112	0.62276
250 T	0.33004	0.04700	0.62296
251 C	0.34343	0.03295	0.62361
252 T	0.35313	0.03475	0.61212
253 T	0.35606	0.04112	0.60282
254 A	0.35603	0.05780	0.58616
255 T	0.35589	0.07179	0.57232
256 T	0.35135	0.09281	0.55584
257 T	0.33554	0.12881	0.53565
258 A	0.30538	0.17546	0.51915
259 G	0.28849	0.19323	0.51828
260 G	0.27640	0.20610	0.5175
261 A	0.26546	0.21804	0.5165
262 G	0.25891	0.22523	0.51586
263 C	0.25711	0.22767	0.51522
264 T	0.25682	0.23022	0.51295
265 A	0.25516	0.23280	0.51204
266 A	0.25457	0.23411	0.51132
267 A	0.25439	0.23498	0.51064
268 G	0.25444	0.23553	0.51003
269 C	0.25462	0.23560	0.50978
270 A	0.25472	0.23733	0.50795
271 G	0.25529	0.23794	0.50677
272 G	0.25649	0.23765	0.50586
273 A	0.25876	0.23599	0.50526
274 A	0.26281	0.23230	0.50489
275 T	0.27751	0.21688	0.5056
276 A	0.28683	0.20638	0.5068
277 G	0.30277	0.18771	0.50952
278 A	0.31823	0.16883	0.51294
279 A	0.33483	0.14490	0.52028
280 T	0.35452	0.10518	0.5403
281 T	0.36781	0.06572	0.56648
282 T	0.36890	0.05091	0.5802
283 A	0.36846	0.04340	0.58813
284 T	0.36867	0.03413	0.59719
285 T	0.36723	0.03123	0.60154
286 C	0.36206	0.03464	0.60331
287 A	0.35819	0.03979	0.60201
288 G	0.35794	0.03912	0.60294
289 G	0.35850	0.03811	0.60339
290 C	0.35969	0.03679	0.60353
291 T	0.36114	0.03581	0.60304
292 C	0.36218	0.03523	0.60259
293 C	0.36388	0.03695	0.59917
294 T	0.36476	0.05286	0.58238
295 T	0.36478	0.07264	0.56258
296 T	0.36213	0.08564	0.55224
297 T	0.35207	0.10794	0.53999
298 A	0.33447	0.13682	0.52871
299 A	0.32156	0.15392	0.52453
300 T	0.31218	0.16521	0.5226
301 A	0.29867	0.18014	0.52119
302 A	0.29650	0.18297	0.52053
303 A	0.29583	0.18428	0.51988
304 A	0.29639	0.18448	0.51913
305 A	0.29690	0.18436	0.51875
306 T	0.29883	0.18123	0.51994
307 A	0.29945	0.17982	0.52073
308 A	0.30076	0.17668	0.52256
309 A	0.30126	0.17117	0.52757
310 C	0.30276	0.16442	0.53283
311 C	0.30320	0.16312	0.53367
312 T	0.30410	0.16233	0.53357
313 C	0.30506	0.16198	0.53297
314 A	0.30684	0.16112	0.53204
315 A	0.31008	0.15841	0.53151
316 A	0.31702	0.15148	0.5315
317 T	0.33795	0.12971	0.53234
318 T	0.35818	0.10860	0.53322
319 A	0.36679	0.09394	0.53927
320 T	0.37664	0.06881	0.55455
321 T	0.38285	0.04268	0.57447
322 T	0.38436	0.03000	0.58565
323 T	0.38423	0.02326	0.59251
324 C	0.37725	0.02321	0.59954
325 G	0.36758	0.03657	0.59585
326 C	0.36031	0.04574	0.59395
327 A	0.35532	0.05143	0.59324
328 G	0.34964	0.05828	0.59208
329 G	0.34631	0.06290	0.59079
330 A	0.34486	0.06440	0.59074
331 C	0.34451	0.06469	0.5908
332 A	0.34416	0.06545	0.59039
333 T	0.34414	0.06638	0.58949
334 C	0.34405	0.06796	0.58799
335 A	0.34415	0.06844	0.58741
336 T	0.34456	0.06845	0.58699
337 G	0.34447	0.06837	0.58717
338 T	0.34444	0.06837	0.58719
339 C	0.34053	0.07227	0.5872
340 T	0.33699	0.07596	0.58705
341 C	0.33088	0.08238	0.58674
342 A	0.32411	0.09049	0.58539
343 G	0.31906	0.09596	0.58498
344 G	0.31753	0.09774	0.58474
345 T	0.31705	0.09852	0.58443
346 A	0.31453	0.10250	0.58296
347 A	0.31526	0.09491	0.58983
348 T	0.31931	0.08065	0.60005
349 T	0.32021	0.07271	0.60707
350 A	0.31935	0.06961	0.61104
351 T	0.31997	0.06386	0.61617
352 T	0.32015	0.06057	0.61927
353 T	0.31926	0.05992	0.62081
354 A	0.31602	0.06261	0.62138
355 A	0.31305	0.06494	0.622
356 C	0.31255	0.06485	0.6226
357 T	0.31320	0.06492	0.62188
358 A	0.31176	0.06730	0.62094
359 A	0.31102	0.06803	0.62096
360 T	0.31023	0.06833	0.62143
361 T	0.30885	0.06992	0.62123
362 T	0.30628	0.06845	0.62527
363 A	0.29955	0.07338	0.62707
364 A	0.29408	0.07523	0.6307
365 T	0.29035	0.07515	0.6345
366 T	0.28543	0.07711	0.63747
367 A	0.27538	0.08905	0.63557
368 A	0.27184	0.09423	0.63394
369 T	0.27276	0.09305	0.63419
370 T	0.27264	0.09638	0.63099
371 A	0.26989	0.10872	0.6214
372 T	0.26896	0.12002	0.61102
373 T	0.26702	0.13014	0.60285
374 T	0.26230	0.14361	0.59409
375 A	0.22260	0.19656	0.58085
376 A	0.17002	0.26123	0.56875
377 A	0.15633	0.27734	0.56633
378 A	0.14637	0.29088	0.56275
379 G	0.13962	0.29946	0.56092
380 A	0.13719	0.30379	0.55902
381 T	0.13538	0.30665	0.55796
382 A	0.13000	0.31380	0.5562
383 A	0.12826	0.31525	0.55649
384 A	0.12820	0.31415	0.55766
385 A	0.12900	0.31068	0.56032
386 A	0.13066	0.30231	0.56703
387 A	0.13357	0.29198	0.57445
388 T	0.13670	0.28075	0.58256
389 G	0.13810	0.27344	0.58846
390 G	0.14088	0.26290	0.59623
391 G	0.14367	0.25686	0.59947
392 C	0.14691	0.25236	0.60074
393 A	0.15169	0.24849	0.59982
394 A	0.16448	0.23419	0.60133
395 T	0.18254	0.21561	0.60185
396 T	0.19263	0.20806	0.59931
397 A	0.19905	0.20696	0.594
398 A	0.20929	0.16215	0.62856
399 T	0.22120	0.09855	0.68024
400 A	0.22494	0.08519	0.68987
401 T	0.23207	0.07151	0.69642
402 T	0.23567	0.06715	0.69718
403 A	0.23776	0.06279	0.69944
404 T	0.24004	0.05751	0.70244
405 T	0.24103	0.05204	0.70693
406 T	0.23801	0.05458	0.70742
407 C	0.22831	0.07301	0.69868
408 T	0.22591	0.12117	0.65292
409 A	0.22363	0.13538	0.64099
410 A	0.22130	0.14547	0.63324
411 A	0.22031	0.15161	0.62807
412 T	0.22013	0.15806	0.62181
413 C	0.21896	0.16285	0.61819
414 A	0.21546	0.17093	0.61361
415 G	0.21381	0.17292	0.61327
416 G	0.21473	0.17232	0.61295
417 A	0.21376	0.17466	0.61159
418 A	0.21607	0.17272	0.61121
419 C	0.22259	0.16601	0.6114
420 T	0.23333	0.15540	0.61126
421 A	0.23620	0.15262	0.61118
422 C	0.23987	0.14895	0.61118
423 T	0.24338	0.14584	0.61078
424 T	0.24389	0.14648	0.60964
425 T	0.24117	0.15124	0.60759
426 A	0.22786	0.16492	0.60722
427 G	0.22305	0.16949	0.60746
428 A	0.22218	0.16831	0.60951
429 A	0.22265	0.16300	0.61435
430 C	0.23183	0.14319	0.62499
431 C	0.27276	0.09990	0.62735
432 T	0.28741	0.08426	0.62832
433 G	0.29624	0.07419	0.62957
434 C	0.30427	0.06575	0.62998
435 T	0.30937	0.06101	0.62961
436 T	0.31006	0.05961	0.63034
437 T	0.30506	0.06112	0.63382
438 A	0.30107	0.06302	0.63591
439 A	0.29782	0.06532	0.63686
440 C	0.29667	0.06259	0.64074
441 C	0.29391	0.06495	0.64114
442 T	0.28983	0.07011	0.64006
443 T	0.28447	0.07702	0.63852
444 T	0.27901	0.08683	0.63416
445 A	0.27202	0.09763	0.63035
446 G	0.26918	0.10267	0.62816
447 A	0.26850	0.10858	0.62292
448 A	0.26716	0.10944	0.6234
449 T	0.26558	0.10080	0.63362
450 T	0.25819	0.10792	0.63389
451 T	0.23518	0.14055	0.62428
452 T	0.19051	0.20521	0.60428
453 A	0.12545	0.28362	0.59093
454 A	0.08001	0.33721	0.58277
455 A	0.06875	0.35168	0.57957
456 A	0.06264	0.35924	0.57812
457 A	0.05763	0.36470	0.57768
458 A	0.05501	0.36703	0.57796
459 A	0.05306	0.36737	0.57957
460 G	0.05024	0.36458	0.58519
461 A	0.04877	0.36292	0.58831
462 A	0.04820	0.35985	0.59195
463 A	0.04771	0.35559	0.5967
464 T	0.04864	0.34783	0.60353
465 C	0.04757	0.34226	0.61017
466 G	0.04570	0.34315	0.61115
467 A	0.04638	0.34620	0.60743
468 A	0.04800	0.34942	0.60258
469 A	0.04986	0.35215	0.598
470 A	0.05936	0.34320	0.59744
471 T	0.06890	0.32524	0.60586
472 A	0.07433	0.31691	0.60876
473 A	0.08142	0.29776	0.62082
474 A	0.09296	0.26375	0.64329
475 T	0.11039	0.20106	0.68855
476 A	0.10019	0.16130	0.73851
477 C	0.09188	0.13187	0.77625
478 G	0.08122	0.15408	0.7647
479 G	0.06267	0.20857	0.72877
480 A	0.04500	0.27269	0.68232
481 A	0.03051	0.30183	0.66765
482 A	0.02367	0.31276	0.66358
483 A	0.01938	0.31703	0.66359
484 G	0.01767	0.31864	0.66369
485 A	0.01641	0.32035	0.66324
486 A	0.01578	0.32051	0.66371
487 A	0.01578	0.31884	0.66537
488 A	0.01677	0.31478	0.66845
489 A	0.01938	0.30841	0.67221
490 G	0.02537	0.29901	0.67562
491 C	0.03302	0.28910	0.67787
492 T	0.03903	0.28259	0.67838
493 C	0.04043	0.28098	0.67858
494 A	0.04179	0.27990	0.67831
495 A	0.04511	0.27673	0.67816
496 A	0.04678	0.27515	0.67808
497 A	0.05079	0.26985	0.67936
498 A	0.06489	0.25416	0.68095
499 T	0.09224	0.20457	0.70319
500 T	0.10725	0.17404	0.71872
501 A	0.11854	0.14892	0.73255
502 A	0.14476	0.10404	0.7512
503 T	0.18023	0.05033	0.76945
504 T	0.19168	0.02774	0.78058
505 T	0.19395	0.02318	0.78287
506 T	0.19202	0.02810	0.77988
507 T	0.18470	0.03861	0.7767
508 G	0.17097	0.05464	0.7744
509 T	0.15824	0.06696	0.7748
510 G	0.13294	0.09221	0.77486
511 A	0.11952	0.10552	0.77496
512 C	0.11595	0.10896	0.77509
513 C	0.11241	0.11259	0.775
514 A	0.10847	0.11669	0.77485
515 C	0.10647	0.11875	0.77478
516 T	0.10618	0.11915	0.77467
517 G	0.10591	0.11943	0.77465
518 A	0.10575	0.11959	0.77466
519 T	0.10579	0.11941	0.7748
520 G	0.10546	0.11965	0.77488
521 C	0.10539	0.11939	0.77522
522 T	0.10508	0.11970	0.77522
523 G	0.10415	0.12060	0.77525
524 A	0.10426	0.12043	0.77531
525 T	0.10582	0.11877	0.77542
526 A	0.10657	0.11790	0.77553
527 A	0.10804	0.11434	0.77763
528 A	0.11194	0.10575	0.78231
529 T	0.11810	0.09057	0.79134
530 G	0.12140	0.07611	0.80249
531 T	0.12422	0.05989	0.81589
532 A	0.12384	0.04991	0.82624
533 T	0.12366	0.02991	0.84643
534 T	0.12266	0.02099	0.85635
535 T	0.11994	0.02216	0.8579
536 T	0.11341	0.02962	0.85697
537 A	0.10264	0.04470	0.85266
538 T	0.09683	0.05466	0.84851
539 T	0.08805	0.06756	0.84439
540 A	0.07395	0.08585	0.84019
541 G	0.06364	0.09951	0.83685
542 A	0.05934	0.10448	0.83618
543 T	0.05677	0.10715	0.83609
544 A	0.05244	0.11140	0.83616
545 T	0.04964	0.11373	0.83663
546 C	0.04358	0.11913	0.83729
547 G	0.04151	0.12182	0.83667
548 C	0.03971	0.12435	0.83594
549 C	0.03839	0.12649	0.83512
550 A	0.03766	0.12885	0.83348
551 A	0.03726	0.13002	0.83273
552 A	0.03648	0.13118	0.83234
553 A	0.03606	0.13169	0.83225
554 A	0.03601	0.13164	0.83235
555 A	0.03641	0.12984	0.83375
556 G	0.03698	0.12725	0.83578
557 A	0.03826	0.12322	0.83852
558 A	0.04081	0.11554	0.84365
559 G	0.04534	0.10076	0.8539
560 G	0.05264	0.08207	0.86529
561 T	0.05937	0.06921	0.87142
562 T	0.06301	0.05901	0.87797
563 A	0.06513	0.04817	0.8867
564 T	0.06593	0.03932	0.89476
565 G	0.06494	0.03645	0.8986
566 A	0.06423	0.03464	0.90112
567 A	0.06361	0.03119	0.9052
568 A	0.06371	0.02760	0.90869
569 C	0.06430	0.02050	0.9152
570 A	0.06567	0.01782	0.91651
571 T	0.06729	0.01499	0.91773
572 T	0.06808	0.01354	0.91838
573 T	0.06865	0.01267	0.91868
574 T	0.06863	0.01280	0.91857
575 T	0.06835	0.01221	0.91944
576 T	0.06804	0.01202	0.91995
577 A	0.06765	0.01215	0.9202
578 T	0.06740	0.01218	0.92042
579 C	0.06688	0.01258	0.92055
580 C	0.06641	0.01303	0.92056
581 C	0.06572	0.01372	0.92057
582 A	0.06538	0.01408	0.92055
583 A	0.06536	0.01410	0.92054
584 A	0.06555	0.01390	0.92055
585 T	0.06624	0.01314	0.92062
586 T	0.06670	0.01209	0.9212
587 C	0.06683	0.00943	0.92374
588 T	0.06687	0.00805	0.92507
589 A	0.06687	0.00723	0.9259
590 T	0.06688	0.00655	0.92657
591 T	0.06682	0.00638	0.9268
592 G	0.06677	0.00633	0.9269
593 G	0.06680	0.00590	0.9273
594 T	0.06690	0.00551	0.92759
595 G	0.06694	0.00510	0.92795
596 G	0.06706	0.00453	0.92841
597 T	0.06738	0.00377	0.92885
598 C	0.06739	0.00322	0.92939
599 G	0.06740	0.00296	0.92964
600 T	0.06741	0.00270	0.92988
601 T	0.06742	0.00258	0.93
602 T	0.06742	0.00232	0.93026
603 T	0.06741	0.00216	0.93044
604 A	0.06736	0.00159	0.93105
605 G	0.06735	0.00119	0.93147
606 T	0.06734	0.00105	0.93161
607 G	0.06732	0.00104	0.93164
608 T	0.06730	0.00107	0.93163
609 T	0.06729	0.00115	0.93157
610 T	0.06727	0.00117	0.93156
611 T	0.06725	0.00118	0.93157
612 A	0.06722	0.00120	0.93158
613 A	0.06721	0.00118	0.93161
614 C	0.06721	0.00110	0.93169
615 T	0.06718	0.00109	0.93172
616 A	0.06713	0.00114	0.93173
617 T	0.06711	0.00114	0.93174
618 T	0.06705	0.00118	0.93176
619 G	0.06695	0.00127	0.93177
620 T	0.06692	0.00129	0.93179
621 C	0.06687	0.00131	0.93182
622 G	0.06687	0.00131	0.93181
623 G	0.06689	0.00129	0.93181
624 T	0.06697	0.00121	0.93182
625 A	0.06702	0.00118	0.93181
626 T	0.06713	0.00106	0.93181
627 T	0.06721	0.00093	0.93186
628 T	0.06721	0.00090	0.9319
629 T	0.06718	0.00090	0.93192
630 A	0.06713	0.00092	0.93195
631 C	0.06712	0.00089	0.93198
632 C	0.06718	0.00082	0.93201
633 T	0.06719	0.00081	0.932
634 T	0.06716	0.00083	0.93201
635 T	0.06710	0.00090	0.932
636 T	0.06701	0.00100	0.93199
637 A	0.06686	0.00118	0.93195
638 T	0.06679	0.00122	0.93198
639 T	0.06666	0.00133	0.93201
640 T	0.06657	0.00140	0.93202
641 T	0.06646	0.00147	0.93208
642 T	0.06617	0.00171	0.93212
643 G	0.06569	0.00219	0.93212
644 C	0.06549	0.00238	0.93214
645 T	0.06521	0.00269	0.93209
646 A	0.06495	0.00298	0.93207
647 A	0.06477	0.00318	0.93205
648 T	0.06471	0.00323	0.93206
649 T	0.06458	0.00338	0.93205
650 T	0.06438	0.00356	0.93206
651 A	0.06410	0.00386	0.93204
652 G	0.06399	0.00397	0.93204
653 A	0.06383	0.00411	0.93206
654 T	0.06371	0.00420	0.93209
655 G	0.06359	0.00432	0.93209
656 T	0.06352	0.00440	0.93209
657 A	0.06331	0.00460	0.93209
658 G	0.06319	0.00465	0.93217
659 A	0.06313	0.00463	0.93224
660 A	0.06310	0.00450	0.9324
661 G	0.06309	0.00433	0.93258
662 C	0.06312	0.00405	0.93282
663 T	0.06315	0.00404	0.93282
664 A	0.06315	0.00413	0.93272
665 T	0.06318	0.00400	0.93282
666 T	0.06316	0.00373	0.9331
667 T	0.06307	0.00370	0.93324
668 T	0.06286	0.00359	0.93355
669 A	0.06000	0.00621	0.93379
670 C	0.05729	0.00872	0.93399
671 A	0.05463	0.01160	0.93377
672 A	0.05238	0.01394	0.93367
673 G	0.05042	0.01583	0.93375
674 G	0.04968	0.01640	0.93391
675 T	0.04915	0.01694	0.9339
676 G	0.04864	0.01734	0.93402
677 C	0.04840	0.01751	0.93409
678 T	0.04827	0.01760	0.93412
679 A	0.04809	0.01778	0.93413
680 A	0.04796	0.01781	0.93423
681 A	0.04749	0.01822	0.93429
682 C	0.04740	0.01825	0.93435
683 A	0.04736	0.01823	0.93441
684 A	0.04735	0.01820	0.93445
685 G	0.04735	0.01816	0.93449
686 C	0.04744	0.01803	0.93453
687 T	0.04751	0.01798	0.9345
688 T	0.04728	0.01824	0.93449
689 A	0.04707	0.01848	0.93445
690 T	0.04693	0.01850	0.93457
691 A	0.04660	0.01870	0.9347
692 A	0.04645	0.01585	0.93769
693 A	0.04638	0.01319	0.94044
694 G	0.04634	0.01038	0.94328
695 A	0.04642	0.00837	0.94521
696 T	0.04648	0.00647	0.94705
697 A	0.04647	0.00588	0.94765
698 C	0.04652	0.00533	0.94815
699 T	0.04659	0.00574	0.94766
700 T	0.04654	0.00594	0.94752
701 T	0.04644	0.00636	0.9472
702 A	0.04569	0.00739	0.94692
703 A	0.04525	0.00793	0.94682
704 C	0.04498	0.00777	0.94725
705 T	0.04445	0.00864	0.94691
706 G	0.04394	0.01011	0.94596
707 A	0.04370	0.01048	0.94582
708 T	0.04363	0.01058	0.94579
709 A	0.04350	0.01078	0.94572
710 A	0.04347	0.01064	0.94589
711 C	0.04354	0.01010	0.94637
712 T	0.04362	0.00993	0.94645
713 T	0.04353	0.01021	0.94626
714 A	0.04334	0.01043	0.94622
715 G	0.04319	0.01051	0.9463
716 A	0.04288	0.01079	0.94633
717 T	0.04256	0.01078	0.94665
718 A	0.04230	0.01095	0.94675
719 C	0.04233	0.01080	0.94686
720 A	0.04247	0.01077	0.94676
721 A	0.04270	0.01056	0.94674
722 A	0.04343	0.00984	0.94672
723 T	0.04397	0.00927	0.94676
724 T	0.04438	0.00879	0.94683
725 T	0.04466	0.00771	0.94763
726 A	0.04462	0.00733	0.94806
727 A	0.04464	0.00697	0.9484
728 C	0.04493	0.00619	0.94888
729 T	0.04569	0.00516	0.94915
730 T	0.04528	0.00557	0.94914
731 A	0.04445	0.00648	0.94907
732 T	0.04413	0.00675	0.94912
733 C	0.04336	0.00751	0.94913
734 A	0.04275	0.00825	0.949
735 A	0.04237	0.00864	0.94899
736 T	0.04256	0.00831	0.94913
737 A	0.04258	0.00813	0.94929
738 T	0.04256	0.00796	0.94947
739 G	0.04240	0.00766	0.94993
740 C	0.04232	0.00733	0.95035
741 T	0.04225	0.00723	0.95052
742 G	0.04218	0.00723	0.95059
743 T	0.04229	0.00710	0.95062
744 A	0.04231	0.00708	0.95062
745 G	0.04238	0.00698	0.95064
746 C	0.04248	0.00681	0.95072
747 T	0.04251	0.00679	0.9507
748 A	0.04229	0.00704	0.95067
749 G	0.04222	0.00704	0.95074
750 A	0.04221	0.00701	0.95078
751 T	0.04231	0.00690	0.95079
752 A	0.04228	0.00665	0.95107
753 T	0.04241	0.00575	0.95184
754 T	0.04235	0.00499	0.95266
755 T	0.04176	0.00529	0.95296
756 A	0.04013	0.00664	0.95323
757 A	0.03859	0.00810	0.95331
758 T	0.03777	0.00901	0.95321
759 G	0.03535	0.01229	0.95235
760 T	0.03453	0.01332	0.95215
761 A	0.03263	0.01523	0.95214
762 T	0.03159	0.01619	0.95222
763 A	0.02915	0.01878	0.95207
764 C	0.02733	0.02066	0.95201
765 C	0.02388	0.02442	0.95169
766 A	0.02222	0.02695	0.95082
767 A	0.02057	0.02959	0.94984
768 A	0.01947	0.03105	0.94947
769 T	0.01896	0.03169	0.94936
770 T	0.01790	0.03283	0.94927
771 A	0.01633	0.03432	0.94935
772 A	0.01538	0.03519	0.94944
773 A	0.01499	0.03550	0.94951
774 T	0.01474	0.03567	0.94959
775 A	0.01421	0.03615	0.94964
776 A	0.01393	0.03625	0.94982
777 A	0.01381	0.03607	0.95012
778 A	0.01380	0.03539	0.95081
779 A	0.01395	0.03366	0.95238
780 A	0.01433	0.03157	0.9541
781 A	0.01481	0.02964	0.95555
782 C	0.01571	0.02591	0.95838
783 A	0.01605	0.02494	0.95901
784 G	0.01621	0.02340	0.96039
785 A	0.01647	0.02248	0.96105
786 A	0.01706	0.02019	0.96276
787 T	0.01772	0.01813	0.96415
788 T	0.01817	0.01392	0.96791
789 A	0.01874	0.01155	0.96971
790 T	0.01951	0.00870	0.97179
791 T	0.01973	0.00715	0.97312
792 T	0.01976	0.00639	0.97384
793 G	0.01971	0.00546	0.97483
794 T	0.01976	0.00430	0.97594
795 T	0.01974	0.00376	0.97651
796 A	0.01968	0.00387	0.97645
797 G	0.01968	0.00378	0.97654
798 T	0.01975	0.00346	0.97679
799 T	0.01975	0.00333	0.97692
800 A	0.01971	0.00335	0.97693
801 T	0.01964	0.00332	0.97704
802 G	0.01959	0.00331	0.9771
803 A	0.01960	0.00326	0.97714
804 A	0.01961	0.00321	0.97718
805 C	0.01966	0.00311	0.97722
806 C	0.01978	0.00300	0.97723
807 T	0.01990	0.00287	0.97722
808 C	0.01995	0.00284	0.9772
809 A	0.02000	0.00285	0.97715
810 T	0.02009	0.00277	0.97714
811 T	0.02022	0.00267	0.97711
812 T	0.02032	0.00266	0.97702
813 A	0.02034	0.00278	0.97688
814 T	0.02045	0.00262	0.97694
815 T	0.02045	0.00257	0.97697
816 A	0.02047	0.00251	0.97701
817 G	0.02058	0.00241	0.97701
818 C	0.02085	0.00222	0.97693
819 T	0.02125	0.00215	0.97659
820 T	0.02144	0.00201	0.97655
821 T	0.02133	0.00212	0.97655
822 T	0.02102	0.00242	0.97657
823 G	0.02036	0.00306	0.97659
824 C	0.01996	0.00337	0.97667
825 C	0.01973	0.00358	0.97668
826 G	0.01962	0.00373	0.97665
827 A	0.01955	0.00384	0.97661
828 A	0.01952	0.00391	0.97657
829 T	0.01950	0.00396	0.97654
830 G	0.01942	0.00408	0.9765
831 G	0.01928	0.00422	0.97649
832 T	0.01930	0.00421	0.97649
833 G	0.01924	0.00432	0.97644
834 G	0.01921	0.00435	0.97645
835 A	0.01926	0.00430	0.97643
836 A	0.01936	0.00420	0.97644
837 A	0.01932	0.00423	0.97645
838 C	0.01934	0.00416	0.9765
839 A	0.01940	0.00411	0.97649
840 A	0.01949	0.00402	0.9765
841 T	0.01966	0.00383	0.97651
842 T	0.01990	0.00359	0.97652
843 A	0.01979	0.00369	0.97652
844 T	0.01965	0.00348	0.97686
845 T	0.01934	0.00338	0.97728
846 T	0.01866	0.00339	0.97795
847 G	0.01674	0.00503	0.97823
848 C	0.01481	0.00687	0.97833
849 A	0.01332	0.00874	0.97794
850 G	0.01214	0.01001	0.97785
851 A	0.01078	0.01150	0.97772
852 A	0.01003	0.01235	0.97762
853 T	0.00962	0.01285	0.97752
854 C	0.00845	0.01410	0.97745
855 A	0.00800	0.01522	0.97678
856 G	0.00777	0.01566	0.97657
857 A	0.00767	0.01596	0.97636
858 A	0.00762	0.01610	0.97628
859 G	0.00761	0.01614	0.97625
860 G	0.00756	0.01614	0.97629
861 T	0.00754	0.01616	0.9763
862 A	0.00746	0.01623	0.97631
863 A	0.00741	0.01627	0.97632
864 A	0.00739	0.01626	0.97634
865 A	0.00739	0.01616	0.97644
866 A	0.00740	0.01581	0.97679
867 T	0.00740	0.01524	0.97736
868 G	0.00739	0.01475	0.97785
869 A	0.00741	0.01414	0.97845
870 A	0.00743	0.01262	0.97994
871 A	0.00751	0.01082	0.98167
872 A	0.00787	0.00907	0.98306
873 A	0.00804	0.00765	0.98431
874 G	0.00823	0.00589	0.98588
875 G	0.00846	0.00477	0.98676
876 A	0.00874	0.00396	0.9873
877 C	0.00911	0.00251	0.98838
878 T	0.00978	0.00161	0.98862
879 T	0.01002	0.00125	0.98872
880 T	0.01016	0.00110	0.98874
881 T	0.01021	0.00106	0.98873
882 T	0.01022	0.00109	0.98869
883 G	0.01021	0.00112	0.98866
884 T	0.01022	0.00137	0.98841
885 A	0.01020	0.00198	0.98782
886 G	0.01019	0.00220	0.9876
887 G	0.01020	0.00230	0.98751
888 T	0.01019	0.00240	0.98741
889 T	0.01013	0.00254	0.98733
890 C	0.00992	0.00275	0.98734
891 G	0.00986	0.00286	0.98728
892 G	0.00983	0.00295	0.98722
893 T	0.00984	0.00300	0.98717
894 C	0.00982	0.00304	0.98714
895 A	0.00982	0.00313	0.98705
896 A	0.00981	0.00315	0.98704
897 T	0.00981	0.00315	0.98704
898 A	0.00980	0.00316	0.98704
899 A	0.00981	0.00315	0.98704
900 C	0.00984	0.00312	0.98705
901 T	0.00991	0.00304	0.98705
902 C	0.00995	0.00300	0.98705
903 T	0.01002	0.00294	0.98704
904 A	0.01004	0.00293	0.98704
905 C	0.01009	0.00288	0.98703
906 A	0.01019	0.00278	0.98703
907 G	0.01049	0.00248	0.98703
908 A	0.01113	0.00181	0.98706
909 T	0.01153	0.00137	0.98709
910 T	0.01168	0.00120	0.98712
911 T	0.01176	0.00104	0.9872
912 A	0.01178	0.00094	0.98728
913 C	0.01178	0.00073	0.98749
914 A	0.01181	0.00066	0.98753
915 T	0.01189	0.00053	0.98758
916 T	0.01192	0.00050	0.98757
917 C	0.01184	0.00059	0.98757
918 T	0.01178	0.00074	0.98748
919 T	0.01148	0.00116	0.98736
920 T	0.01093	0.00181	0.98726
921 A	0.01041	0.00234	0.98725
922 G	0.01025	0.00252	0.98724
923 G	0.01016	0.00260	0.98724
924 A	0.01013	0.00263	0.98724
925 C	0.01013	0.00263	0.98724
926 A	0.01013	0.00265	0.98722
927 A	0.01014	0.00266	0.9872
928 T	0.01015	0.00266	0.98719
929 T	0.01013	0.00269	0.98717
930 T	0.01009	0.00274	0.98717
931 A	0.01003	0.00279	0.98718
932 T	0.00999	0.00282	0.98718
933 A	0.00988	0.00292	0.98719
934 C	0.00980	0.00296	0.98723
935 A	0.00976	0.00300	0.98724
936 A	0.00973	0.00302	0.98724
937 G	0.00972	0.00303	0.98725
938 A	0.00971	0.00305	0.98724
939 A	0.00973	0.00304	0.98723
940 G	0.00978	0.00269	0.98754
941 G	0.00988	0.00235	0.98777
942 T	0.01001	0.00185	0.98814
943 T	0.01009	0.00133	0.98857
944 C	0.01010	0.00097	0.98893
945 T	0.01011	0.00090	0.98899
946 C	0.01012	0.00087	0.98901
947 G	0.01012	0.00092	0.98897
948 T	0.01013	0.00098	0.98889
949 A	0.01013	0.00119	0.98868
950 T	0.01012	0.00128	0.98861
951 A	0.01005	0.00156	0.98839
952 A	0.01002	0.00165	0.98833
953 T	0.01000	0.00159	0.9884
954 G	0.00995	0.00158	0.98848
955 T	0.00993	0.00154	0.98853
956 T	0.00991	0.00148	0.98861
957 C	0.00982	0.00154	0.98864
958 G	0.00972	0.00166	0.98861
959 A	0.00967	0.00172	0.98861
960 A	0.00946	0.00193	0.9886
961 A	0.00939	0.00201	0.9886
962 C	0.00938	0.00202	0.9886
963 A	0.00935	0.00206	0.98859
964 A	0.00934	0.00208	0.98858
965 T	0.00933	0.00209	0.98858
966 T	0.00929	0.00215	0.98856
967 C	0.00920	0.00228	0.98851
968 T	0.00915	0.00243	0.98841
969 A	0.00897	0.00276	0.98827
970 A	0.00888	0.00301	0.98811
971 A	0.00890	0.00303	0.98807
972 T	0.00910	0.00284	0.98806
973 G	0.00912	0.00276	0.98812
974 T	0.00932	0.00249	0.9882
975 T	0.00935	0.00240	0.98826
976 A	0.00930	0.00242	0.98828
977 C	0.00930	0.00235	0.98836
978 T	0.00930	0.00234	0.98836
979 A	0.00930	0.00234	0.98837
980 A	0.00932	0.00228	0.9884
981 T	0.00935	0.00219	0.98846
982 A	0.00935	0.00217	0.98848
983 T	0.00936	0.00196	0.98867
984 G	0.00934	0.00193	0.98872
985 A	0.00934	0.00193	0.98873
986 A	0.00933	0.00194	0.98873
987 A	0.00929	0.00197	0.98873
988 G	0.00929	0.00193	0.98878
989 A	0.00934	0.00182	0.98884
990 T	0.00943	0.00163	0.98894
991 G	0.00949	0.00150	0.98901
992 A	0.00962	0.00123	0.98915
993 T	0.00977	0.00095	0.98928
994 T	0.00981	0.00087	0.98931
995 G	0.00982	0.00084	0.98934
996 T	0.00983	0.00079	0.98939
997 T	0.00982	0.00080	0.98938
998 T	0.00972	0.00095	0.98933
999 C	0.00951	0.00113	0.98936
1000 G	0.00936	0.00128	0.98936
1001 T	0.00922	0.00142	0.98936
1002 A	0.00893	0.00171	0.98936
1003 C	0.00877	0.00187	0.98935
1004 C	0.00865	0.00202	0.98933
1005 A	0.00855	0.00224	0.98921
1006 A	0.00849	0.00246	0.98905
1007 T	0.00850	0.00261	0.9889
1008 G	0.00844	0.00277	0.98879
1009 A	0.00843	0.00288	0.9887
1010 T	0.00844	0.00294	0.98862
1011 T	0.00835	0.00304	0.98861
1012 G	0.00813	0.00331	0.98855
1013 A	0.00799	0.00350	0.98851
1014 T	0.00791	0.00359	0.9885
1015 C	0.00776	0.00378	0.98846
1016 A	0.00757	0.00406	0.98837
1017 A	0.00754	0.00414	0.98833
1018 G	0.00752	0.00416	0.98831
1019 A	0.00751	0.00419	0.9883
1020 A	0.00753	0.00418	0.9883
1021 T	0.00760	0.00397	0.98844
1022 T	0.00761	0.00374	0.98866
1023 A	0.00760	0.00365	0.98875
1024 G	0.00759	0.00356	0.98885
1025 A	0.00761	0.00345	0.98894
1026 T	0.00763	0.00347	0.98891
1027 A	0.00763	0.00380	0.98857
1028 A	0.00773	0.00397	0.98829
1029 A	0.00790	0.00392	0.98819
1030 T	0.00809	0.00382	0.98809
1031 T	0.00817	0.00381	0.98803
1032 A	0.00823	0.00380	0.98798
1033 A	0.00833	0.00368	0.98799
1034 A	0.00838	0.00353	0.98809
1035 T	0.00848	0.00320	0.98833
1036 T	0.00855	0.00296	0.9885
1037 T	0.00860	0.00282	0.98858
1038 T	0.00863	0.00270	0.98867
1039 T	0.00865	0.00255	0.9888
1040 T	0.00862	0.00257	0.98881
1041 A	0.00833	0.00289	0.98877
1042 G	0.00820	0.00303	0.98877
1043 C	0.00810	0.00313	0.98877
1044 T	0.00794	0.00334	0.98873
1045 A	0.00752	0.00384	0.98865
1046 A	0.00739	0.00399	0.98862
1047 C	0.00745	0.00395	0.98859
1048 A	0.00755	0.00389	0.98856
1049 A	0.00775	0.00371	0.98854
1050 A	0.00823	0.00323	0.98854
1051 T	0.00866	0.00280	0.98853
1052 C	0.00886	0.00265	0.98849
1053 T	0.00901	0.00287	0.98812
1054 T	0.00908	0.00283	0.98809
1055 T	0.00906	0.00291	0.98802
1056 T	0.00895	0.00307	0.98798
1057 T	0.00873	0.00332	0.98795
1058 C	0.00812	0.00397	0.98791
1059 T	0.00787	0.00442	0.98771
1060 G	0.00746	0.00508	0.98746
1061 A	0.00714	0.00581	0.98705
1062 A	0.00697	0.00640	0.98664
1063 A	0.00692	0.00678	0.9863
1064 T	0.00691	0.00664	0.98645
1065 A	0.00684	0.00661	0.98655
1066 A	0.00684	0.00649	0.98667
1067 A	0.00688	0.00627	0.98685
1068 T	0.00694	0.00583	0.98723
1069 C	0.00691	0.00579	0.9873
1070 A	0.00686	0.00629	0.98685
1071 A	0.00681	0.00685	0.98634
1072 A	0.00679	0.00738	0.98582
1073 A	0.00677	0.00790	0.98534
1074 A	0.00678	0.00822	0.98499
1075 A	0.00687	0.00835	0.98478
1076 T	0.00729	0.00802	0.98469
1077 A	0.00737	0.00788	0.98476
1078 T	0.00749	0.00757	0.98494
1079 T	0.00754	0.00736	0.9851
1080 A	0.00749	0.00723	0.98528
1081 C	0.00744	0.00668	0.98587
1082 A	0.00711	0.00688	0.98601
1083 A	0.00707	0.00666	0.98627
1084 G	0.00720	0.00632	0.98648
1085 C	0.00741	0.00598	0.98661
1086 T	0.00753	0.00588	0.98659
1087 A	0.00720	0.00632	0.98648
1088 C	0.00662	0.00698	0.9864
1089 G	0.00625	0.00751	0.98625
1090 A	0.00605	0.00820	0.98574
1091 A	0.00599	0.00849	0.98552
1092 A	0.00607	0.00863	0.98529
1093 C	0.00652	0.00812	0.98535
1094 A	0.00705	0.00753	0.98542
1095 A	0.00758	0.00695	0.98547
1096 G	0.00805	0.00643	0.98553
1097 C	0.00839	0.00606	0.98555
1098 C	0.00864	0.00581	0.98556
1099 C	0.00882	0.00563	0.98555
1100 A	0.00887	0.00560	0.98553
1101 T	0.00890	0.00559	0.98551
1102 A	0.00886	0.00566	0.98549
1103 T	0.00884	0.00564	0.98552
1104 A	0.00870	0.00572	0.98558
1105 G	0.00853	0.00535	0.98611
1106 A	0.00843	0.00522	0.98635
1107 A	0.00834	0.00505	0.98661
1108 G	0.00830	0.00490	0.9868
1109 G	0.00835	0.00465	0.987
1110 A	0.00851	0.00420	0.9873
1111 G	0.00868	0.00346	0.98786
1112 G	0.00887	0.00296	0.98817
1113 C	0.00937	0.00232	0.9883
1114 G	0.00961	0.00206	0.98833
1115 T	0.00986	0.00179	0.98834
1116 T	0.00988	0.00178	0.98834
1117 C	0.00987	0.00180	0.98832
1118 C	0.00987	0.00184	0.98828
1119 T	0.00987	0.00205	0.98807
1120 A	0.00987	0.00241	0.98772
1121 A	0.00986	0.00279	0.98735
1122 T	0.00986	0.00295	0.98719
1123 A	0.00982	0.00310	0.98708
1124 T	0.00962	0.00342	0.98696
1125 A	0.00917	0.00411	0.98672
1126 G	0.00900	0.00443	0.98657
1127 A	0.00895	0.00441	0.98663
1128 A	0.00897	0.00429	0.98673
1129 A	0.00904	0.00413	0.98683
1130 T	0.00914	0.00393	0.98693
1131 C	0.00917	0.00386	0.98697
1132 A	0.00914	0.00394	0.98692
1133 C	0.00916	0.00395	0.98689
1134 A	0.00917	0.00397	0.98687
1135 A	0.00922	0.00391	0.98687
1136 T	0.00929	0.00384	0.98686
1137 T	0.00935	0.00378	0.98687
1138 C	0.00937	0.00375	0.98687
1139 C	0.00942	0.00370	0.98688
1140 T	0.00950	0.00363	0.98687
1141 C	0.00951	0.00364	0.98685
1142 A	0.00963	0.00362	0.98675
1143 A	0.00992	0.00337	0.98671
1144 T	0.01030	0.00303	0.98666
1145 T	0.01045	0.00290	0.98664
1146 A	0.01055	0.00282	0.98663
1147 G	0.01071	0.00243	0.98686
1148 A	0.01098	0.00180	0.98722
1149 T	0.01118	0.00150	0.98732
1150 G	0.01122	0.00152	0.98726
1151 A	0.01130	0.00156	0.98713
1152 A	0.01135	0.00160	0.98705
1153 T	0.01138	0.00161	0.98701
1154 A	0.01139	0.00157	0.98704
1155 T	0.01144	0.00146	0.9871
1156 A	0.01147	0.00142	0.98711
1157 A	0.01149	0.00136	0.98715
1158 C	0.01150	0.00133	0.98717
1159 T	0.01150	0.00133	0.98717
1160 T	0.01150	0.00133	0.98718
1161 A	0.01151	0.00132	0.98717
1162 G	0.01151	0.00132	0.98717
1163 G	0.01153	0.00129	0.98718
1164 T	0.01158	0.00122	0.9872
1165 T	0.01167	0.00110	0.98723
1166 A	0.01171	0.00105	0.98724
1167 C	0.01175	0.00100	0.98725
1168 C	0.01182	0.00094	0.98724
1169 T	0.01191	0.00088	0.98721
1170 T	0.01198	0.00083	0.9872
1171 A	0.01205	0.00078	0.98716
1172 T	0.01218	0.00066	0.98716
1173 T	0.01230	0.00053	0.98717
1174 T	0.01240	0.00042	0.98718
1175 A	0.01246	0.00035	0.98719
1176 C	0.01253	0.00028	0.9872
1177 T	0.01255	0.00026	0.98719
1178 T	0.01255	0.00027	0.98718
1179 T	0.01256	0.00027	0.98718
1180 T	0.01255	0.00028	0.98716
1181 T	0.01254	0.00030	0.98716
1182 T	0.01251	0.00033	0.98715
1183 C	0.01247	0.00038	0.98714
1184 A	0.01245	0.00047	0.98708
1185 A	0.01243	0.00052	0.98705
1186 A	0.01241	0.00055	0.98704
1187 A	0.01241	0.00056	0.98704
1188 A	0.01241	0.00055	0.98704
1189 G	0.01241	0.00054	0.98705
1190 C	0.01243	0.00051	0.98706
1191 T	0.01244	0.00050	0.98706
1192 T	0.01246	0.00048	0.98706
1193 G	0.01247	0.00048	0.98705
1194 T	0.01248	0.00047	0.98705
1195 G	0.01247	0.00049	0.98703
1196 C	0.01247	0.00053	0.987
1197 T	0.01246	0.00077	0.98677
1198 A	0.01245	0.00080	0.98674
1199 T	0.01245	0.00082	0.98673
1200 G	0.01242	0.00086	0.98671
1201 T	0.01241	0.00090	0.98669
1202 C	0.01237	0.00091	0.98672
1203 T	0.01237	0.00092	0.98671
1204 G	0.01235	0.00096	0.98669
1205 G	0.01236	0.00096	0.98668
1206 C	0.01237	0.00093	0.98669
1207 T	0.01243	0.00093	0.98664
1208 A	0.01244	0.00095	0.98661
1209 T	0.01243	0.00099	0.98659
1210 T	0.01238	0.00108	0.98653
1211 T	0.01231	0.00120	0.98649
1212 A	0.01221	0.00135	0.98644
1213 A	0.01211	0.00153	0.98635
1214 T	0.01205	0.00166	0.98629
1215 A	0.01196	0.00182	0.98622
1216 G	0.01193	0.00192	0.98615
1217 A	0.01190	0.00208	0.98602
1218 A	0.01190	0.00222	0.98588
1219 A	0.01193	0.00232	0.98575
1220 T	0.01214	0.00226	0.9856
1221 T	0.01210	0.00237	0.98553
1222 A	0.01205	0.00242	0.98553
1223 A	0.01203	0.00241	0.98556
1224 T	0.01204	0.00236	0.98559
1225 C	0.01203	0.00234	0.98562
1226 C	0.01205	0.00239	0.98557
1227 T	0.01209	0.00274	0.98516
1228 T	0.01207	0.00303	0.9849
1229 T	0.01201	0.00330	0.98468
1230 T	0.01192	0.00344	0.98464
1231 G	0.01167	0.00372	0.9846
1232 A	0.01160	0.00380	0.98459
1233 T	0.01162	0.00369	0.98469
1234 C	0.01154	0.00368	0.98478
1235 A	0.01148	0.00370	0.98482
1236 A	0.01147	0.00365	0.98488
1237 C	0.01126	0.00382	0.98491
1238 C	0.01101	0.00422	0.98477
1239 A	0.01075	0.00530	0.98395
1240 G	0.01065	0.00636	0.983
1241 G	0.01064	0.00807	0.98129
1242 A	0.01057	0.01108	0.97835
1243 G	0.01061	0.01251	0.97688
1244 T	0.01062	0.01530	0.97407
1245 A	0.01048	0.01890	0.97062
1246 G	0.01046	0.02146	0.96808
1247 A	0.01047	0.02358	0.96595
1248 A	0.01052	0.02489	0.96459
1249 A	0.01064	0.02608	0.96329
1250 T	0.01111	0.02566	0.96324
1251 T	0.01134	0.02549	0.96317
1252 T	0.01144	0.02542	0.96314
1253 A	0.01140	0.02551	0.96309
1254 C	0.01134	0.02545	0.96322
1255 A	0.01128	0.02570	0.96302
1256 A	0.01101	0.02615	0.96284
1257 A	0.01073	0.02663	0.96265
1258 A	0.01046	0.02718	0.96236
1259 A	0.01032	0.02748	0.9622
1260 A	0.01019	0.02761	0.96219
1261 A	0.01031	0.02751	0.96217
1262 A	0.01097	0.02692	0.96212
1263 A	0.01212	0.02575	0.96213
1264 A	0.01409	0.02369	0.96222
1265 T	0.01782	0.01973	0.96244
1266 G	0.01955	0.01788	0.96258
1267 T	0.02306	0.01428	0.96266
1268 C	0.02609	0.01112	0.96278
1269 T	0.02863	0.00855	0.96282
1270 T	0.02997	0.00720	0.96283
1271 C	0.03078	0.00638	0.96284
1272 T	0.03161	0.00555	0.96284
1273 C	0.03175	0.00540	0.96284
1274 T	0.03193	0.00522	0.96285
1275 T	0.03208	0.00506	0.96286
1276 T	0.03223	0.00489	0.96287
1277 T	0.03231	0.00476	0.96293
1278 A	0.03243	0.00460	0.96297
1279 A	0.03259	0.00416	0.96325
1280 A	0.03284	0.00360	0.96356
1281 T	0.03325	0.00286	0.9639
1282 A	0.03348	0.00244	0.96408
1283 A	0.03383	0.00185	0.96432
1284 A	0.03422	0.00124	0.96453
1285 T	0.03463	0.00055	0.96482
1286 A	0.03483	0.00023	0.96494
1287 A	0.03494	0.00000	0.96506
