# lcl|CP097583.1_cds_USQ93160.1_1
# AA	inside	membr	outside
1 A	0.90516	0.00000	0.09484
2 T	0.90448	0.00067	0.09484
3 G	0.90395	0.00121	0.09484
4 T	0.90395	0.00340	0.09265
5 A	0.87171	0.04084	0.08745
6 T	0.87170	0.04217	0.08612
7 C	0.47093	0.44418	0.08489
8 A	0.47092	0.44430	0.08478
9 A	0.40843	0.50866	0.08291
10 A	0.40837	0.55375	0.03788
11 A	0.40406	0.56043	0.03551
12 T	0.37434	0.59061	0.03505
13 A	0.32598	0.64050	0.03352
14 T	0.32597	0.64051	0.03352
15 T	0.32597	0.64970	0.02432
16 T	0.32132	0.65436	0.02432
17 T	0.30831	0.66749	0.0242
18 T	0.30761	0.66866	0.02373
19 A	0.27746	0.69919	0.02335
20 A	0.16567	0.81540	0.01893
21 A	0.08095	0.90011	0.01894
22 T	0.07845	0.90266	0.01889
23 T	0.07311	0.90785	0.01904
24 A	0.06244	0.91884	0.01872
25 A	0.05378	0.92458	0.02164
26 A	0.04639	0.92958	0.02403
27 A	0.04341	0.91597	0.04062
28 A	0.04500	0.88383	0.07117
29 A	0.04595	0.87066	0.0834
30 A	0.05320	0.52623	0.42057
31 A	0.05572	0.51201	0.43226
32 T	0.06152	0.43832	0.50015
33 A	0.08950	0.41525	0.49525
34 T	0.09045	0.42217	0.48739
35 T	0.08888	0.41433	0.49678
36 G	0.07657	0.42697	0.49647
37 A	0.06641	0.45146	0.48213
38 A	0.06697	0.44997	0.48306
39 T	0.05424	0.48493	0.46084
40 G	0.04911	0.47832	0.47256
41 A	0.04496	0.50471	0.45033
42 A	0.04139	0.52239	0.43622
43 G	0.04090	0.45424	0.50486
44 T	0.02922	0.65908	0.3117
45 A	0.01835	0.71088	0.27077
46 G	0.01676	0.74435	0.2389
47 A	0.01576	0.78616	0.19808
48 A	0.01588	0.79679	0.18732
49 A	0.01605	0.80488	0.17907
50 A	0.01781	0.80839	0.17381
51 T	0.02098	0.81514	0.16388
52 A	0.02208	0.85541	0.12252
53 A	0.02377	0.87665	0.09958
54 A	0.02613	0.88131	0.09256
55 A	0.02905	0.87947	0.09148
56 T	0.04633	0.85794	0.09573
57 A	0.06286	0.84361	0.09353
58 A	0.08396	0.82288	0.09317
59 T	0.13188	0.76269	0.10543
60 T	0.14825	0.73925	0.11251
61 A	0.15020	0.74250	0.1073
62 A	0.16850	0.73428	0.09721
63 A	0.17977	0.74040	0.07984
64 G	0.21795	0.70531	0.07674
65 A	0.27142	0.65997	0.06861
66 A	0.32392	0.60478	0.07129
67 T	0.57997	0.33803	0.082
68 T	0.60044	0.31360	0.08597
69 A	0.58144	0.34574	0.07282
70 C	0.52109	0.42681	0.0521
71 A	0.38151	0.59073	0.02777
72 A	0.33827	0.64292	0.01881
73 A	0.26279	0.72259	0.01461
74 A	0.26177	0.72606	0.01218
75 C	0.28950	0.69902	0.01148
76 A	0.29995	0.69129	0.00876
77 T	0.30255	0.68877	0.00869
78 T	0.27711	0.71460	0.0083
79 A	0.16710	0.82522	0.00767
80 A	0.12482	0.86787	0.0073
81 C	0.09317	0.89867	0.00817
82 G	0.08374	0.90849	0.00777
83 A	0.08120	0.91116	0.00764
84 A	0.08856	0.90332	0.00812
85 A	0.10755	0.88269	0.00975
86 T	0.12778	0.86169	0.01054
87 A	0.12639	0.86183	0.01177
88 A	0.13497	0.84978	0.01525
89 A	0.13720	0.84380	0.019
90 A	0.13976	0.83558	0.02466
91 A	0.14404	0.80197	0.05399
92 A	0.15997	0.74855	0.09149
93 A	0.18612	0.63063	0.18325
94 T	0.21595	0.46095	0.3231
95 T	0.22479	0.40345	0.37176
96 A	0.22576	0.33931	0.43493
97 T	0.22618	0.32003	0.45379
98 T	0.22289	0.31292	0.46419
99 A	0.21972	0.31193	0.46836
100 G	0.21731	0.30288	0.47981
101 A	0.21330	0.28657	0.50013
102 A	0.20882	0.20151	0.58966
103 T	0.20238	0.17109	0.62653
104 C	0.16441	0.19110	0.64448
105 G	0.10871	0.35169	0.53961
106 G	0.07185	0.45062	0.47754
107 A	0.04915	0.59838	0.35247
108 A	0.03791	0.74265	0.21943
109 A	0.03228	0.79470	0.17302
110 C	0.02986	0.81702	0.15312
111 A	0.02814	0.88092	0.09094
112 A	0.02717	0.90894	0.06389
113 A	0.02743	0.92443	0.04814
114 A	0.02929	0.92307	0.04765
115 T	0.03278	0.91942	0.0478
116 A	0.03468	0.91656	0.04875
117 T	0.03859	0.91111	0.05029
118 C	0.04057	0.90719	0.05224
119 T	0.04389	0.90273	0.05338
120 A	0.04361	0.90265	0.05373
121 G	0.04539	0.90001	0.0546
122 G	0.04955	0.89495	0.0555
123 A	0.04895	0.89614	0.05491
124 A	0.05074	0.89055	0.05871
125 A	0.05662	0.87771	0.06568
126 A	0.06587	0.85886	0.07527
127 A	0.08450	0.80271	0.1128
128 A	0.18391	0.65042	0.16567
129 A	0.26196	0.53507	0.20298
130 G	0.40633	0.36398	0.22969
131 G	0.56384	0.19384	0.24232
132 T	0.63320	0.12082	0.24598
133 T	0.66627	0.08959	0.24414
134 T	0.69654	0.06252	0.24093
135 T	0.70700	0.05863	0.23437
136 T	0.71114	0.06304	0.22582
137 T	0.70788	0.07646	0.21567
138 T	0.70025	0.10606	0.19369
139 T	0.66016	0.17000	0.16984
140 T	0.61891	0.22709	0.154
141 A	0.55177	0.32865	0.11958
142 A	0.48058	0.43445	0.08496
143 A	0.45617	0.46721	0.07661
144 T	0.44855	0.47542	0.07603
145 A	0.44160	0.48521	0.07319
146 T	0.44068	0.48654	0.07278
147 T	0.43526	0.49518	0.06955
148 T	0.41226	0.52384	0.0639
149 T	0.36110	0.58369	0.0552
150 A	0.29976	0.65202	0.04823
151 A	0.26735	0.68991	0.04273
152 A	0.25320	0.70959	0.0372
153 A	0.24750	0.71964	0.03287
154 G	0.24532	0.72485	0.02983
155 A	0.24803	0.72638	0.02558
156 A	0.24807	0.72961	0.02232
157 A	0.25575	0.72135	0.02291
158 T	0.27035	0.70312	0.02653
159 T	0.28045	0.68974	0.02982
160 A	0.28637	0.67615	0.03748
161 A	0.30944	0.64009	0.05046
162 T	0.33490	0.56242	0.10269
163 A	0.34670	0.52057	0.13272
164 A	0.36922	0.44510	0.18568
165 T	0.39422	0.36127	0.24451
166 T	0.38514	0.35805	0.25681
167 A	0.30830	0.44770	0.24401
168 C	0.27086	0.47468	0.25446
169 A	0.24545	0.49865	0.25589
170 A	0.22096	0.51299	0.26606
171 A	0.20598	0.49964	0.29439
172 C	0.19731	0.44892	0.35377
173 C	0.18397	0.43509	0.38093
174 A	0.16277	0.51330	0.32393
175 G	0.13880	0.59092	0.27028
176 A	0.12351	0.73755	0.13894
177 A	0.11603	0.79082	0.09315
178 A	0.11419	0.80931	0.0765
179 T	0.11513	0.80218	0.08269
180 T	0.10806	0.81590	0.07604
181 C	0.09647	0.83588	0.06764
182 A	0.08912	0.86995	0.04093
183 A	0.08411	0.89071	0.02517
184 A	0.08119	0.89845	0.02037
185 A	0.08074	0.89976	0.0195
186 A	0.08409	0.89573	0.02018
187 G	0.08632	0.88289	0.03079
188 A	0.09116	0.86779	0.04104
189 A	0.10157	0.83757	0.06086
190 T	0.12282	0.73637	0.14081
191 T	0.12597	0.69593	0.17811
192 G	0.12775	0.67066	0.2016
193 A	0.12977	0.64620	0.22403
194 A	0.13392	0.62665	0.23943
195 A	0.13812	0.60577	0.25611
196 A	0.15751	0.56969	0.27279
197 A	0.22916	0.47397	0.29687
198 A	0.28720	0.38396	0.32884
199 G	0.40977	0.24342	0.34681
200 T	0.48053	0.16573	0.35375
201 T	0.50833	0.14209	0.34958
202 A	0.52309	0.14354	0.33337
203 T	0.53927	0.14569	0.31503
204 T	0.54617	0.21680	0.23702
205 T	0.55254	0.25010	0.19736
206 T	0.55796	0.28032	0.16172
207 T	0.55653	0.33725	0.10622
208 A	0.51336	0.40014	0.0865
209 T	0.48681	0.43534	0.07784
210 T	0.44664	0.48235	0.07101
211 T	0.36803	0.56838	0.06359
212 C	0.28072	0.66642	0.05286
213 T	0.24404	0.70657	0.04939
214 A	0.19295	0.75994	0.04712
215 A	0.16562	0.78824	0.04614
216 A	0.13916	0.81532	0.04551
217 C	0.10768	0.84732	0.04501
218 A	0.07408	0.88284	0.04308
219 A	0.05949	0.89881	0.0417
220 A	0.05715	0.90221	0.04064
221 A	0.05964	0.89979	0.04056
222 A	0.06525	0.89427	0.04049
223 A	0.07424	0.88507	0.04069
224 A	0.09029	0.86779	0.04192
225 C	0.11653	0.83792	0.04555
226 A	0.15933	0.79451	0.04616
227 T	0.26645	0.68591	0.04764
228 T	0.30756	0.64362	0.04881
229 A	0.33220	0.61903	0.04877
230 A	0.36977	0.57659	0.05364
231 T	0.39072	0.48208	0.1272
232 T	0.40014	0.42357	0.17629
233 T	0.40586	0.37571	0.21843
234 A	0.40998	0.31307	0.27695
235 T	0.41773	0.22621	0.35606
236 T	0.41621	0.19380	0.38999
237 T	0.40896	0.16666	0.42438
238 A	0.34433	0.23812	0.41755
239 A	0.27657	0.31828	0.40515
240 A	0.23910	0.39413	0.36677
241 G	0.19181	0.46076	0.34743
242 A	0.15702	0.53322	0.30976
243 A	0.13061	0.62717	0.24222
244 A	0.11096	0.72932	0.15972
245 A	0.08855	0.81806	0.09339
246 A	0.06080	0.89662	0.04258
247 A	0.04511	0.91594	0.03894
248 A	0.04225	0.92049	0.03726
249 A	0.04194	0.92149	0.03657
250 A	0.04232	0.92093	0.03675
251 C	0.04406	0.91803	0.0379
252 T	0.04780	0.91389	0.03831
253 T	0.04959	0.91182	0.03858
254 T	0.05047	0.91069	0.03883
255 C	0.05052	0.91042	0.03906
256 T	0.05079	0.91039	0.03882
257 T	0.05066	0.90943	0.03991
258 A	0.04732	0.91218	0.04049
259 G	0.04663	0.91019	0.04318
260 A	0.05128	0.90241	0.04631
261 A	0.07173	0.82481	0.10346
262 A	0.10819	0.72828	0.16353
263 A	0.18107	0.61712	0.20182
264 T	0.24250	0.50337	0.25414
265 A	0.28853	0.42387	0.28759
266 A	0.35571	0.33123	0.31307
267 A	0.43205	0.23695	0.331
268 A	0.49266	0.15370	0.35364
269 T	0.54147	0.07422	0.3843
270 T	0.54418	0.05886	0.39695
271 T	0.53978	0.07202	0.38819
272 T	0.52234	0.10316	0.37451
273 A	0.45726	0.19837	0.34437
274 A	0.38127	0.29850	0.32024
275 A	0.29126	0.42860	0.28014
276 T	0.24595	0.51172	0.24233
277 G	0.18448	0.59962	0.21591
278 A	0.11831	0.71530	0.16639
279 A	0.08560	0.78365	0.13074
280 A	0.06333	0.83307	0.1036
281 A	0.05489	0.84866	0.09645
282 G	0.05253	0.85844	0.08903
283 T	0.05187	0.85961	0.08852
284 T	0.04921	0.86277	0.08803
285 A	0.04388	0.86967	0.08645
286 A	0.04203	0.87269	0.08527
287 C	0.04128	0.87357	0.08515
288 A	0.04111	0.87511	0.08378
289 A	0.04195	0.87497	0.08308
290 A	0.04412	0.87344	0.08244
291 A	0.04656	0.87116	0.08229
292 G	0.04866	0.86844	0.0829
293 A	0.05545	0.85459	0.08995
294 A	0.06967	0.82863	0.10171
295 A	0.08469	0.78895	0.12636
296 A	0.11414	0.69672	0.18913
297 A	0.14307	0.59226	0.26468
298 A	0.18732	0.45569	0.357
299 T	0.23039	0.36093	0.40868
300 A	0.25415	0.28392	0.46193
301 G	0.29851	0.18185	0.51965
302 A	0.33584	0.11786	0.5463
303 T	0.36495	0.06573	0.56931
304 G	0.37364	0.04776	0.5786
305 T	0.38408	0.03342	0.5825
306 T	0.38652	0.02853	0.58495
307 A	0.38776	0.02446	0.58778
308 C	0.38975	0.01778	0.59247
309 T	0.39222	0.01424	0.59354
310 T	0.39334	0.01243	0.59423
311 T	0.39459	0.01070	0.59471
312 G	0.39457	0.01072	0.59471
313 C	0.39480	0.01047	0.59473
314 C	0.39436	0.01119	0.59445
315 T	0.39443	0.01193	0.59364
316 T	0.39432	0.01305	0.59263
317 C	0.39367	0.01459	0.59173
318 T	0.39287	0.01575	0.59138
319 T	0.39100	0.01792	0.59107
320 T	0.38885	0.02067	0.59049
321 T	0.38664	0.02358	0.58978
322 C	0.38377	0.02823	0.588
323 A	0.38228	0.03127	0.58645
324 A	0.38236	0.03143	0.58621
325 T	0.38310	0.03065	0.58625
326 T	0.38326	0.03047	0.58627
327 T	0.38308	0.03054	0.58638
328 C	0.38255	0.03075	0.5867
329 C	0.38093	0.03226	0.5868
330 G	0.37436	0.03883	0.58681
331 C	0.37014	0.04313	0.58674
332 A	0.36776	0.04569	0.58655
333 A	0.36712	0.04654	0.58634
334 G	0.36669	0.04696	0.58636
335 G	0.36679	0.04626	0.58695
336 G	0.36688	0.04586	0.58726
337 T	0.36760	0.04392	0.58848
338 G	0.36793	0.04342	0.58865
339 T	0.36864	0.04205	0.58931
340 A	0.36859	0.04122	0.59018
341 T	0.36856	0.03874	0.5927
342 G	0.36759	0.03667	0.59574
343 C	0.36733	0.03465	0.59802
344 A	0.36715	0.03379	0.59905
345 T	0.36850	0.03074	0.60076
346 C	0.36822	0.03006	0.60172
347 C	0.36600	0.03278	0.60123
348 T	0.36345	0.03855	0.59801
349 T	0.35707	0.04781	0.59512
350 T	0.34589	0.06450	0.5896
351 A	0.32848	0.08412	0.58741
352 A	0.31768	0.09535	0.58696
353 A	0.30474	0.10262	0.59263
354 T	0.29198	0.11448	0.59354
355 C	0.26515	0.14616	0.58869
356 A	0.24256	0.18156	0.57588
357 A	0.22625	0.20590	0.56784
358 A	0.21947	0.21832	0.56221
359 T	0.21727	0.22256	0.56017
360 G	0.21387	0.22742	0.55871
361 A	0.21248	0.22923	0.55828
362 T	0.21206	0.22971	0.55823
363 T	0.21093	0.23063	0.55844
364 A	0.20843	0.23311	0.55846
365 A	0.20686	0.23399	0.55915
366 A	0.20542	0.23502	0.55956
367 G	0.20328	0.23673	0.55999
368 A	0.20207	0.23799	0.55994
369 A	0.20169	0.23657	0.56174
370 A	0.20239	0.23228	0.56533
371 T	0.20539	0.22387	0.57074
372 A	0.20694	0.21567	0.57738
373 G	0.21121	0.19930	0.58949
374 A	0.21355	0.18358	0.60288
375 A	0.21585	0.17141	0.61274
376 A	0.21909	0.15637	0.62454
377 A	0.22689	0.13489	0.63822
378 T	0.23951	0.09560	0.66489
379 T	0.25189	0.06242	0.68569
380 T	0.25703	0.04251	0.70046
381 T	0.25983	0.03382	0.70635
382 T	0.26077	0.03019	0.70904
383 T	0.26120	0.02675	0.71204
384 C	0.26111	0.02467	0.71422
385 T	0.26095	0.02472	0.71434
386 T	0.26070	0.02455	0.71475
387 A	0.26025	0.02475	0.715
388 A	0.26012	0.02463	0.71525
389 G	0.25921	0.02487	0.71592
390 T	0.25895	0.02328	0.71777
391 T	0.25771	0.02441	0.71788
392 T	0.25506	0.03036	0.71457
393 G	0.25111	0.03887	0.71002
394 G	0.25013	0.04414	0.70573
395 G	0.24967	0.04497	0.70536
396 A	0.24976	0.04588	0.70437
397 T	0.25098	0.04474	0.70428
398 A	0.25121	0.04481	0.70397
399 C	0.25094	0.04536	0.70369
400 T	0.25092	0.04603	0.70305
401 C	0.24968	0.04834	0.70198
402 T	0.24912	0.04972	0.70116
403 A	0.24711	0.05290	0.69999
404 T	0.24565	0.05543	0.69892
405 T	0.23948	0.06312	0.6974
406 C	0.23201	0.07274	0.69525
407 A	0.22524	0.08244	0.69233
408 T	0.22115	0.08875	0.69011
409 G	0.21146	0.10332	0.68522
410 A	0.20559	0.11372	0.68068
411 A	0.19636	0.12497	0.67867
412 G	0.19264	0.12663	0.68073
413 G	0.18854	0.12923	0.68223
414 G	0.18700	0.12870	0.68431
415 A	0.18850	0.12526	0.68623
416 C	0.19193	0.11903	0.68904
417 A	0.19436	0.12071	0.68493
418 G	0.19434	0.12401	0.68165
419 A	0.19483	0.12725	0.67793
420 A	0.19466	0.12888	0.67645
421 A	0.19375	0.13038	0.67587
422 T	0.19387	0.12884	0.67729
423 A	0.19333	0.12885	0.67782
424 G	0.19368	0.12635	0.67997
425 A	0.19400	0.12486	0.68114
426 A	0.19464	0.12121	0.68415
427 A	0.19376	0.11770	0.68855
428 C	0.19541	0.10617	0.69842
429 T	0.19867	0.09799	0.70334
430 G	0.20061	0.09185	0.70754
431 A	0.20274	0.08834	0.70893
432 T	0.20736	0.07825	0.71439
433 T	0.20986	0.07429	0.71585
434 T	0.20900	0.06538	0.72563
435 A	0.20121	0.07018	0.72862
436 T	0.19647	0.06972	0.73381
437 A	0.19150	0.07256	0.73594
438 C	0.18914	0.07309	0.73777
439 A	0.18865	0.07574	0.73561
440 A	0.19308	0.07064	0.73628
441 T	0.19681	0.06606	0.73713
442 T	0.19939	0.06338	0.73724
443 T	0.19853	0.06502	0.73645
444 C	0.19414	0.06900	0.73686
445 G	0.19086	0.07767	0.73147
446 A	0.18886	0.08393	0.72721
447 A	0.18859	0.08639	0.72502
448 A	0.18907	0.08855	0.72239
449 T	0.19034	0.08735	0.72231
450 G	0.19089	0.08469	0.72443
451 T	0.19232	0.08314	0.72454
452 T	0.19282	0.08289	0.72428
453 A	0.19271	0.08322	0.72407
454 A	0.19348	0.08193	0.72459
455 A	0.19472	0.07961	0.72567
456 T	0.19647	0.07570	0.72783
457 A	0.19579	0.07449	0.72972
458 T	0.19609	0.06792	0.73599
459 G	0.18878	0.07410	0.73712
460 A	0.17993	0.08631	0.73375
461 G	0.17230	0.09553	0.73217
462 T	0.16436	0.10856	0.72707
463 A	0.15261	0.12545	0.72194
464 A	0.14779	0.13535	0.71686
465 A	0.14703	0.13596	0.71701
466 A	0.14753	0.13420	0.71827
467 A	0.14860	0.13008	0.72132
468 T	0.15477	0.12076	0.72447
469 C	0.15810	0.11552	0.72639
470 A	0.15793	0.11591	0.72616
471 T	0.16009	0.11375	0.72615
472 C	0.15936	0.11435	0.72629
473 C	0.15889	0.11482	0.72629
474 T	0.15885	0.11499	0.72616
475 T	0.15790	0.11595	0.72615
476 C	0.15600	0.11788	0.72612
477 A	0.15147	0.12270	0.72584
478 A	0.14889	0.12532	0.72578
479 G	0.14819	0.12522	0.72658
480 A	0.14877	0.12340	0.72783
481 G	0.15040	0.12063	0.72896
482 A	0.15421	0.10869	0.7371
483 T	0.16225	0.08996	0.74779
484 A	0.16598	0.07791	0.7561
485 T	0.17110	0.06067	0.76823
486 G	0.17354	0.04770	0.77877
487 C	0.17688	0.03992	0.7832
488 A	0.17719	0.03904	0.78377
489 A	0.17772	0.03762	0.78466
490 G	0.17873	0.03536	0.78591
491 A	0.17947	0.03407	0.78646
492 T	0.18067	0.03199	0.78734
493 T	0.18166	0.02736	0.79098
494 C	0.18215	0.02443	0.79342
495 T	0.18252	0.02303	0.79445
496 T	0.18268	0.02430	0.79302
497 T	0.18254	0.02892	0.78855
498 T	0.18044	0.03790	0.78167
499 T	0.17610	0.05615	0.76774
500 A	0.16882	0.07062	0.76056
501 T	0.16570	0.07850	0.75579
502 T	0.15882	0.09099	0.75018
503 T	0.14895	0.10526	0.74579
504 A	0.13831	0.12115	0.74055
505 A	0.13251	0.12951	0.73797
506 A	0.12651	0.13692	0.73657
507 A	0.12278	0.14187	0.73535
508 A	0.12118	0.14486	0.73396
509 A	0.12030	0.14777	0.73192
510 T	0.11999	0.14794	0.73207
511 A	0.11979	0.14771	0.7325
512 A	0.11984	0.14711	0.73305
513 T	0.11985	0.14667	0.73348
514 C	0.11978	0.14667	0.73355
515 C	0.11977	0.14694	0.73329
516 A	0.11961	0.14819	0.73221
517 G	0.12004	0.14868	0.73129
518 A	0.12124	0.14824	0.73053
519 A	0.12483	0.14468	0.73048
520 A	0.13188	0.13724	0.73087
521 A	0.14161	0.12255	0.73583
522 T	0.16051	0.09216	0.74733
523 C	0.17188	0.06584	0.76227
524 T	0.18074	0.05296	0.76631
525 T	0.18553	0.04522	0.76924
526 T	0.18766	0.04233	0.77002
527 T	0.18789	0.04046	0.77166
528 A	0.18371	0.04479	0.7715
529 A	0.18148	0.04138	0.77715
530 G	0.18067	0.03890	0.78042
531 A	0.18116	0.03708	0.78176
532 A	0.18308	0.03418	0.78273
533 C	0.18254	0.03394	0.78352
534 T	0.18058	0.03613	0.78329
535 C	0.17656	0.04023	0.78321
536 A	0.17368	0.04411	0.78222
537 T	0.17269	0.04607	0.78124
538 A	0.17210	0.04703	0.78087
539 C	0.17282	0.04597	0.78121
540 T	0.17343	0.04538	0.7812
541 T	0.17341	0.04520	0.78139
542 C	0.17265	0.04587	0.78147
543 T	0.17137	0.04718	0.78145
544 C	0.17031	0.04827	0.78142
545 C	0.16986	0.04879	0.78135
546 T	0.16975	0.04895	0.78131
547 A	0.16880	0.04996	0.78124
548 T	0.16965	0.04896	0.78139
549 T	0.17046	0.04809	0.78145
550 C	0.16917	0.04841	0.78242
551 A	0.16834	0.04643	0.78523
552 A	0.16825	0.04462	0.78713
553 A	0.16853	0.04465	0.78682
554 T	0.16878	0.04470	0.78652
555 T	0.16814	0.04810	0.78377
556 A	0.16563	0.04991	0.78447
557 A	0.16244	0.05075	0.78681
558 A	0.15879	0.05036	0.79086
559 A	0.15710	0.04929	0.7936
560 C	0.15560	0.04931	0.79509
561 T	0.15467	0.05253	0.79281
562 A	0.15374	0.05958	0.78669
563 T	0.15315	0.06218	0.78467
564 G	0.15185	0.06475	0.7834
565 T	0.15123	0.06718	0.78159
566 T	0.15019	0.06961	0.78019
567 A	0.14478	0.07523	0.77999
568 A	0.13859	0.08217	0.77924
569 A	0.13149	0.09141	0.7771
570 A	0.12486	0.09726	0.77788
571 C	0.12020	0.10050	0.77929
572 A	0.11791	0.10255	0.77955
573 A	0.11583	0.10347	0.78069
574 C	0.11580	0.10209	0.78211
575 G	0.11594	0.10230	0.78176
576 T	0.11802	0.10055	0.78143
577 A	0.11894	0.09976	0.7813
578 A	0.12162	0.09635	0.78204
579 T	0.12261	0.09330	0.78409
580 A	0.12294	0.08903	0.78803
581 A	0.12353	0.08421	0.79226
582 A	0.12524	0.07917	0.79559
583 T	0.12756	0.07345	0.799
584 C	0.13101	0.06773	0.80126
585 T	0.13799	0.06000	0.80201
586 T	0.13914	0.05862	0.80223
587 T	0.13700	0.06075	0.80225
588 G	0.13058	0.06775	0.80167
589 A	0.12916	0.06944	0.8014
590 A	0.12819	0.06588	0.80593
591 A	0.12873	0.05935	0.81192
592 A	0.13174	0.04907	0.81919
593 T	0.13399	0.03954	0.82647
594 T	0.13458	0.03446	0.83095
595 A	0.13463	0.03216	0.8332
596 T	0.13493	0.02942	0.83564
597 T	0.13459	0.02848	0.83693
598 T	0.13424	0.02771	0.83805
599 C	0.13333	0.02812	0.83856
600 T	0.13286	0.02858	0.83856
601 T	0.13081	0.03095	0.83824
602 C	0.12668	0.03531	0.83801
603 T	0.12113	0.04170	0.83716
604 G	0.10624	0.05885	0.83491
605 G	0.09415	0.07432	0.83153
606 A	0.08875	0.08483	0.82641
607 A	0.08616	0.09347	0.82036
608 A	0.08569	0.09673	0.81758
609 A	0.08604	0.09746	0.8165
610 G	0.08685	0.09637	0.81678
611 T	0.08792	0.09116	0.82092
612 A	0.08840	0.09200	0.81961
613 T	0.08849	0.09441	0.8171
614 A	0.08808	0.09758	0.81433
615 T	0.08751	0.10025	0.81223
616 A	0.08656	0.10421	0.80924
617 G	0.08611	0.10552	0.80836
618 A	0.08587	0.10673	0.8074
619 A	0.08578	0.10824	0.80597
620 G	0.08584	0.10827	0.80589
621 A	0.08577	0.10890	0.80532
622 G	0.08586	0.10886	0.80528
623 A	0.08607	0.10932	0.80461
624 T	0.08702	0.10691	0.80607
625 A	0.08730	0.10844	0.80426
626 A	0.08811	0.10249	0.8094
627 A	0.09006	0.08774	0.82219
628 G	0.09301	0.07354	0.83346
629 A	0.09739	0.06569	0.83693
630 C	0.10355	0.05768	0.83878
631 G	0.10745	0.05578	0.83677
632 A	0.11092	0.05396	0.83512
633 T	0.11505	0.05083	0.83412
634 G	0.11697	0.04907	0.83397
635 A	0.12005	0.04606	0.83389
636 T	0.12447	0.04077	0.83475
637 A	0.12713	0.03739	0.83548
638 C	0.12943	0.03406	0.8365
639 T	0.13259	0.03048	0.83693
640 C	0.13312	0.02983	0.83705
641 A	0.13176	0.03290	0.83535
642 T	0.13210	0.03280	0.8351
643 A	0.12956	0.03569	0.83475
644 G	0.12957	0.03561	0.83482
645 T	0.13164	0.03346	0.83489
646 C	0.13220	0.03264	0.83517
647 A	0.13215	0.03278	0.83507
648 T	0.13632	0.02853	0.83515
649 C	0.13605	0.02883	0.83513
650 A	0.13600	0.02898	0.83502
651 A	0.13664	0.02839	0.83497
652 T	0.13862	0.02632	0.83505
653 T	0.13959	0.02529	0.83512
654 T	0.14106	0.02376	0.83518
655 A	0.14131	0.02330	0.83539
656 C	0.14176	0.02256	0.83568
657 T	0.14187	0.02228	0.83584
658 C	0.14184	0.02223	0.83593
659 A	0.14180	0.02228	0.83593
660 A	0.14190	0.02213	0.83597
661 T	0.14211	0.02186	0.83603
662 T	0.14221	0.02146	0.83633
663 A	0.14203	0.02119	0.83678
664 G	0.14303	0.01727	0.8397
665 A	0.14314	0.01537	0.8415
666 T	0.14348	0.01132	0.8452
667 G	0.14348	0.00951	0.84702
668 G	0.14355	0.00836	0.84808
669 T	0.14374	0.00729	0.84897
670 T	0.14384	0.00637	0.84979
671 T	0.14382	0.00600	0.85018
672 T	0.14373	0.00568	0.85058
673 T	0.14366	0.00566	0.85067
674 A	0.14344	0.00570	0.85087
675 T	0.14313	0.00573	0.85113
676 G	0.14256	0.00603	0.8514
677 T	0.14224	0.00602	0.85174
678 C	0.14175	0.00624	0.852
679 G	0.14117	0.00735	0.85147
680 G	0.14097	0.00800	0.85103
681 T	0.14089	0.00835	0.85076
682 T	0.14077	0.00865	0.85057
683 T	0.14048	0.00927	0.85025
684 T	0.14000	0.01002	0.84999
685 A	0.13945	0.01077	0.84977
686 A	0.13917	0.01095	0.84989
687 A	0.13900	0.01096	0.85003
688 G	0.13892	0.01100	0.85009
689 T	0.13895	0.01137	0.84968
690 T	0.13884	0.01229	0.84887
691 A	0.13847	0.01334	0.84819
692 G	0.13844	0.01386	0.84771
693 T	0.13865	0.01449	0.84686
694 T	0.13869	0.01504	0.84628
695 T	0.13861	0.01552	0.84587
696 A	0.13822	0.01686	0.84492
697 A	0.13763	0.01819	0.84419
698 T	0.13723	0.01909	0.84368
699 A	0.13634	0.02028	0.84338
700 G	0.13623	0.02077	0.843
701 A	0.13639	0.02073	0.84289
702 T	0.13709	0.01967	0.84324
703 T	0.13717	0.01952	0.84332
704 T	0.13667	0.01998	0.84335
705 A	0.13245	0.02427	0.84327
706 G	0.13032	0.02623	0.84345
707 T	0.12850	0.02779	0.8437
708 A	0.12173	0.03449	0.84378
709 G	0.11765	0.03868	0.84366
710 A	0.11522	0.04107	0.84371
711 A	0.11424	0.04199	0.84377
712 A	0.11384	0.04234	0.84383
713 T	0.11460	0.04133	0.84407
714 C	0.11450	0.04107	0.84443
715 A	0.11477	0.04071	0.84452
716 T	0.11525	0.04009	0.84466
717 T	0.11470	0.04052	0.84478
718 A	0.11349	0.04158	0.84493
719 C	0.11366	0.04097	0.84538
720 A	0.11422	0.03976	0.84602
721 T	0.11512	0.03829	0.84658
722 C	0.11578	0.03678	0.84745
723 T	0.11656	0.03584	0.84759
724 T	0.11690	0.03544	0.84766
725 T	0.11683	0.03506	0.84812
726 T	0.11655	0.03482	0.84863
727 G	0.11593	0.03476	0.84931
728 T	0.11559	0.03073	0.85368
729 T	0.11531	0.02863	0.85606
730 A	0.11454	0.02731	0.85815
731 A	0.11433	0.02142	0.86425
732 A	0.11438	0.01708	0.86854
733 C	0.11427	0.01451	0.87122
734 A	0.11392	0.01492	0.87116
735 T	0.11376	0.01486	0.87139
736 A	0.11348	0.01542	0.8711
737 T	0.11340	0.01542	0.87119
738 T	0.11293	0.01654	0.87052
739 T	0.11213	0.01797	0.8699
740 T	0.11042	0.02238	0.8672
741 T	0.10877	0.02905	0.86217
742 G	0.10598	0.04030	0.85373
743 G	0.10406	0.04868	0.84726
744 A	0.10335	0.06126	0.8354
745 G	0.10297	0.07484	0.82218
746 A	0.10258	0.08458	0.81283
747 A	0.10251	0.08647	0.81102
748 G	0.10253	0.08776	0.80971
749 A	0.10258	0.08851	0.80891
750 A	0.10271	0.08824	0.80905
751 C	0.10297	0.08794	0.80909
752 A	0.10303	0.08948	0.80749
753 A	0.10312	0.08990	0.80698
754 A	0.10324	0.09054	0.80622
755 A	0.10341	0.09068	0.80591
756 A	0.10368	0.09050	0.80583
757 A	0.10468	0.08906	0.80625
758 T	0.10556	0.08773	0.80671
759 A	0.10617	0.08654	0.80728
760 A	0.10706	0.08494	0.808
761 G	0.10841	0.08225	0.80934
762 A	0.11107	0.07787	0.81106
763 C	0.11665	0.06965	0.8137
764 T	0.12614	0.05908	0.81477
765 T	0.13535	0.04841	0.81624
766 C	0.14117	0.04163	0.8172
767 G	0.15097	0.03158	0.81745
768 T	0.16316	0.01925	0.81758
769 C	0.17002	0.01203	0.81795
770 C	0.17231	0.00967	0.81802
771 T	0.17468	0.00730	0.81802
772 T	0.17610	0.00588	0.81802
773 C	0.17658	0.00545	0.81798
774 T	0.17728	0.00507	0.81764
775 T	0.17869	0.00428	0.81703
776 A	0.17899	0.00442	0.8166
777 T	0.17930	0.00413	0.81657
778 T	0.17871	0.00469	0.81659
779 T	0.17710	0.00623	0.81667
780 T	0.17450	0.00879	0.81671
781 C	0.16999	0.01330	0.81672
782 C	0.16627	0.01707	0.81666
783 T	0.16252	0.02116	0.81632
784 T	0.15556	0.02821	0.81623
785 T	0.14612	0.03780	0.81609
786 T	0.13557	0.04853	0.81591
787 A	0.10934	0.07506	0.8156
788 C	0.09455	0.08997	0.81549
789 T	0.08658	0.09798	0.81544
790 A	0.07859	0.10598	0.81543
791 A	0.07358	0.11099	0.81543
792 A	0.07110	0.11346	0.81544
793 C	0.06980	0.11474	0.81545
794 C	0.06900	0.11553	0.81547
795 A	0.06862	0.11592	0.81546
796 A	0.06862	0.11590	0.81548
797 G	0.06894	0.11552	0.81554
798 T	0.06952	0.11487	0.81562
799 T	0.06987	0.11409	0.81604
800 T	0.06984	0.11294	0.81722
801 T	0.06972	0.11145	0.81882
802 G	0.06955	0.10926	0.82119
803 A	0.06943	0.10662	0.82396
804 A	0.06935	0.10173	0.82892
805 G	0.06938	0.09593	0.83469
806 T	0.06970	0.08968	0.84062
807 A	0.06976	0.08048	0.84976
808 G	0.06987	0.06817	0.86195
809 A	0.07002	0.05853	0.87145
810 T	0.07028	0.03664	0.89309
811 T	0.07030	0.02521	0.90449
812 T	0.07016	0.01991	0.90993
813 A	0.06953	0.01972	0.91076
814 G	0.06808	0.02508	0.90683
815 T	0.06718	0.03602	0.89681
816 A	0.06295	0.05876	0.87828
817 A	0.05878	0.08324	0.85798
818 T	0.05485	0.10393	0.84122
819 G	0.04626	0.13187	0.82186
820 G	0.04083	0.14849	0.81067
821 A	0.03769	0.15899	0.80332
822 A	0.03609	0.16421	0.79971
823 G	0.03523	0.16537	0.7994
824 G	0.03477	0.16620	0.79903
825 G	0.03446	0.16666	0.79888
826 G	0.03436	0.16686	0.79878
827 C	0.03435	0.16688	0.79878
828 A	0.03431	0.16713	0.79857
829 A	0.03433	0.16738	0.79829
830 A	0.03438	0.16753	0.7981
831 C	0.03439	0.16774	0.79787
832 A	0.03448	0.16816	0.79736
833 A	0.03476	0.16817	0.79708
834 A	0.03557	0.16743	0.797
835 A	0.03759	0.16527	0.79714
836 A	0.04225	0.16007	0.79768
837 G	0.05115	0.14907	0.79978
838 A	0.06455	0.13441	0.80105
839 A	0.08761	0.10676	0.80563
840 A	0.11343	0.07617	0.81041
841 T	0.13516	0.04943	0.81541
842 T	0.15081	0.02668	0.82251
843 T	0.15705	0.01718	0.82577
844 T	0.15956	0.01428	0.82617
845 A	0.16046	0.01578	0.82376
846 T	0.16054	0.01674	0.82272
847 T	0.16049	0.01756	0.82195
848 T	0.15977	0.02023	0.82
849 A	0.15737	0.02534	0.81728
850 G	0.15636	0.02739	0.81625
851 A	0.15565	0.02956	0.81479
852 A	0.15567	0.03031	0.81402
853 A	0.15580	0.03070	0.81351
854 T	0.15618	0.03035	0.81347
855 A	0.15656	0.03020	0.81325
856 T	0.15680	0.03017	0.81303
857 T	0.15674	0.03044	0.81282
858 A	0.15635	0.03110	0.81255
859 G	0.15600	0.03131	0.81268
860 G	0.15570	0.03166	0.81264
861 A	0.15530	0.03239	0.81231
862 G	0.15494	0.03283	0.81223
863 C	0.15404	0.03385	0.81211
864 T	0.15410	0.03413	0.81177
865 G	0.15386	0.03461	0.81154
866 G	0.15394	0.03483	0.81124
867 A	0.15550	0.03363	0.81086
868 T	0.15907	0.03044	0.8105
869 T	0.16059	0.02887	0.81054
870 A	0.16001	0.02925	0.81074
871 A	0.15994	0.02864	0.81141
872 T	0.16149	0.02497	0.81354
873 T	0.16035	0.02518	0.81447
874 C	0.15753	0.02731	0.81516
875 A	0.15504	0.02969	0.81528
876 T	0.15385	0.03076	0.8154
877 C	0.15065	0.03389	0.81545
878 C	0.14769	0.03683	0.81548
879 C	0.14579	0.03874	0.81547
880 C	0.14495	0.03961	0.81543
881 A	0.14447	0.04025	0.81528
882 A	0.14435	0.04043	0.81523
883 G	0.14454	0.04020	0.81526
884 T	0.14511	0.03944	0.81545
885 A	0.14534	0.03883	0.81583
886 T	0.14568	0.03656	0.81776
887 T	0.14590	0.03526	0.81884
888 A	0.14572	0.03464	0.81964
889 G	0.14561	0.03383	0.82056
890 A	0.14569	0.03345	0.82087
891 T	0.14592	0.03277	0.82131
892 A	0.14618	0.03241	0.82142
893 A	0.14629	0.03095	0.82275
894 T	0.14638	0.02814	0.82548
895 G	0.14600	0.02739	0.82661
896 T	0.14580	0.02580	0.8284
897 A	0.14451	0.02523	0.83026
898 G	0.14432	0.02259	0.83309
899 G	0.14424	0.02104	0.83472
900 T	0.14424	0.01962	0.83615
901 T	0.14415	0.01987	0.83599
902 T	0.14397	0.02067	0.83536
903 T	0.14293	0.02312	0.83395
904 G	0.14071	0.02802	0.83127
905 A	0.13943	0.03393	0.82665
906 T	0.13837	0.03794	0.82369
907 A	0.13740	0.04304	0.81956
908 A	0.13703	0.04742	0.81555
909 T	0.13689	0.04896	0.81415
910 A	0.13620	0.04993	0.81387
911 A	0.13601	0.05001	0.81398
912 A	0.13595	0.04989	0.81416
913 A	0.13605	0.04957	0.81437
914 C	0.13631	0.04894	0.81474
915 A	0.13672	0.04849	0.81479
916 T	0.13751	0.04750	0.81499
917 A	0.13775	0.04709	0.81516
918 T	0.13852	0.04595	0.81553
919 A	0.13886	0.04543	0.8157
920 C	0.13996	0.04290	0.81713
921 T	0.14084	0.04192	0.81724
922 G	0.14148	0.04113	0.81739
923 G	0.14303	0.03953	0.81744
924 T	0.14668	0.03578	0.81753
925 T	0.14917	0.03315	0.81769
926 T	0.15067	0.03038	0.81895
927 A	0.15293	0.02590	0.82117
928 G	0.15627	0.02087	0.82286
929 C	0.15852	0.01735	0.82413
930 C	0.16067	0.01465	0.82469
931 T	0.16353	0.01208	0.82439
932 T	0.16401	0.01194	0.82405
933 T	0.16245	0.01386	0.82369
934 G	0.16014	0.01727	0.82259
935 G	0.15842	0.01978	0.8218
936 T	0.15716	0.02325	0.81959
937 A	0.15225	0.02922	0.81853
938 T	0.14988	0.03219	0.81793
939 G	0.13301	0.04974	0.81726
940 G	0.12460	0.05879	0.81662
941 G	0.11858	0.06502	0.8164
942 A	0.11480	0.06906	0.81615
943 A	0.11246	0.07153	0.81601
944 T	0.11111	0.07297	0.81592
945 C	0.10736	0.07719	0.81545
946 G	0.10236	0.08478	0.81286
947 A	0.09848	0.09331	0.80821
948 A	0.09464	0.10139	0.80397
949 A	0.09220	0.10825	0.79955
950 G	0.09025	0.11028	0.79948
951 A	0.08867	0.11152	0.79981
952 A	0.08796	0.11117	0.80087
953 T	0.08761	0.10893	0.80346
954 C	0.08562	0.10885	0.80554
955 A	0.08387	0.11030	0.80583
956 C	0.08242	0.11069	0.80689
957 A	0.08160	0.11340	0.805
958 A	0.08146	0.11536	0.80318
959 T	0.08371	0.11342	0.80287
960 G	0.08237	0.11260	0.80503
961 T	0.08160	0.11348	0.80492
962 T	0.07877	0.10190	0.81933
963 A	0.06942	0.10883	0.82174
964 A	0.06532	0.11284	0.82184
965 A	0.06052	0.12585	0.81363
966 A	0.05944	0.13822	0.80233
967 A	0.05886	0.15565	0.7855
968 A	0.05939	0.15890	0.78171
969 A	0.06174	0.15621	0.78205
970 A	0.06579	0.15071	0.78349
971 A	0.06937	0.14526	0.78537
972 T	0.07360	0.13907	0.78733
973 A	0.07377	0.13786	0.78837
974 T	0.07437	0.13632	0.78932
975 A	0.07405	0.13774	0.78822
976 A	0.07362	0.14050	0.78589
977 A	0.07365	0.13991	0.78644
978 A	0.07410	0.13860	0.7873
979 A	0.07471	0.13752	0.78778
980 A	0.07790	0.13364	0.78846
981 T	0.08219	0.12932	0.7885
982 A	0.08401	0.13143	0.78456
983 T	0.08850	0.12633	0.78516
984 T	0.09115	0.12263	0.78621
985 A	0.09232	0.11954	0.78815
986 G	0.09596	0.10857	0.79546
987 A	0.10181	0.10028	0.7979
988 C	0.11266	0.08577	0.80156
989 A	0.12639	0.07348	0.80013
990 T	0.14761	0.05278	0.7996
991 T	0.15529	0.04624	0.79847
992 T	0.15801	0.04358	0.79841
993 T	0.15870	0.04299	0.7983
994 T	0.15858	0.04294	0.79848
995 A	0.15727	0.04451	0.79822
996 C	0.15587	0.04586	0.79827
997 A	0.15464	0.05011	0.79525
998 A	0.15542	0.04926	0.79532
999 T	0.15839	0.04614	0.79546
1000 A	0.15809	0.04715	0.79476
1001 A	0.15792	0.04767	0.79441
1002 C	0.15906	0.04634	0.7946
1003 G	0.16074	0.04489	0.79437
1004 A	0.16277	0.04313	0.7941
1005 T	0.16885	0.03687	0.79427
1006 A	0.17176	0.03386	0.79438
1007 T	0.17381	0.03156	0.79463
1008 T	0.17494	0.02929	0.79576
1009 C	0.17487	0.02870	0.79642
1010 G	0.17550	0.02795	0.79655
1011 T	0.17703	0.02636	0.79661
1012 T	0.17859	0.02478	0.79663
1013 T	0.17962	0.02372	0.79665
1014 T	0.18050	0.02278	0.79671
1015 T	0.18079	0.02211	0.79711
1016 T	0.18092	0.02153	0.79756
1017 A	0.18107	0.02076	0.79817
1018 A	0.18140	0.01913	0.79947
1019 A	0.18182	0.01665	0.80153
1020 T	0.18469	0.01140	0.80391
1021 C	0.18505	0.00970	0.80525
1022 A	0.18548	0.00886	0.80566
1023 A	0.18639	0.00668	0.80692
1024 T	0.18708	0.00470	0.80822
1025 T	0.18737	0.00373	0.8089
1026 T	0.18764	0.00319	0.80917
1027 G	0.18785	0.00244	0.80971
1028 T	0.18794	0.00200	0.81007
1029 T	0.18798	0.00151	0.8105
1030 T	0.18802	0.00119	0.81079
1031 A	0.18805	0.00084	0.81111
1032 A	0.18813	0.00000	0.81187
