# lcl|CP097583.1_cds_USQ93537.1_1
# AA	inside	membr	outside
1 A	0.23526	0.00000	0.76474
2 T	0.23016	0.00510	0.76474
3 G	0.22496	0.01031	0.76474
4 A	0.22496	0.05802	0.71703
5 A	0.18011	0.16113	0.65877
6 A	0.18011	0.17373	0.64617
7 A	0.09839	0.26114	0.64048
8 A	0.09838	0.26127	0.64035
9 T	0.09564	0.26511	0.63925
10 A	0.09563	0.38461	0.51976
11 A	0.09490	0.38896	0.51615
12 A	0.08933	0.39469	0.51598
13 G	0.07880	0.40563	0.51557
14 A	0.07880	0.40563	0.51557
15 A	0.07880	0.40694	0.51426
16 C	0.07877	0.40698	0.51426
17 T	0.07871	0.40706	0.51424
18 T	0.07870	0.40712	0.51419
19 T	0.07856	0.40731	0.51414
20 T	0.07718	0.41097	0.51186
21 A	0.06853	0.41961	0.51186
22 A	0.06846	0.41991	0.51163
23 A	0.06882	0.41919	0.51199
24 A	0.07113	0.41653	0.51234
25 A	0.07588	0.40285	0.52127
26 T	0.08301	0.38774	0.52925
27 A	0.11654	0.34587	0.53758
28 A	0.16185	0.26114	0.57701
29 G	0.17575	0.24116	0.58309
30 C	0.19717	0.15660	0.64623
31 T	0.20459	0.14910	0.6463
32 G	0.20975	0.14293	0.64732
33 T	0.30372	0.04955	0.64672
34 T	0.30562	0.04751	0.64688
35 T	0.30513	0.04539	0.64949
36 A	0.30301	0.03885	0.65814
37 T	0.30096	0.04062	0.65842
38 C	0.29614	0.04496	0.6589
39 T	0.28212	0.06011	0.65777
40 T	0.26870	0.07364	0.65766
41 C	0.25411	0.08795	0.65795
42 A	0.23886	0.10660	0.65455
43 G	0.22839	0.11714	0.65447
44 A	0.20868	0.13443	0.65689
45 A	0.18511	0.15829	0.6566
46 G	0.18223	0.16102	0.65676
47 A	0.17824	0.16501	0.65675
48 A	0.17643	0.16645	0.65712
49 G	0.17655	0.17279	0.65066
50 T	0.17766	0.17306	0.64929
51 T	0.17770	0.17303	0.64928
52 T	0.17131	0.18145	0.64723
53 T	0.15746	0.19852	0.64402
54 T	0.14833	0.21113	0.64054
55 A	0.13028	0.23892	0.6308
56 A	0.12122	0.25103	0.62774
57 A	0.11584	0.25750	0.62666
58 A	0.11377	0.26073	0.6255
59 A	0.11377	0.25707	0.62916
60 T	0.11445	0.25045	0.6351
61 T	0.11432	0.24345	0.64223
62 T	0.11489	0.23073	0.65437
63 T	0.11375	0.22208	0.66417
64 A	0.11260	0.21264	0.67476
65 A	0.11385	0.19657	0.68958
66 T	0.11388	0.18380	0.70231
67 A	0.11401	0.16708	0.71891
68 C	0.11405	0.14768	0.73827
69 A	0.11459	0.14475	0.74066
70 A	0.11610	0.13878	0.74511
71 G	0.11763	0.13411	0.74826
72 T	0.12838	0.12219	0.74943
73 T	0.13274	0.11762	0.74965
74 A	0.13337	0.11354	0.75309
75 T	0.13520	0.09875	0.76604
76 G	0.13684	0.08264	0.78051
77 A	0.13947	0.07223	0.7883
78 T	0.14908	0.05007	0.80085
79 G	0.15186	0.04112	0.80702
80 G	0.15427	0.03665	0.80907
81 T	0.15676	0.03862	0.80462
82 T	0.15262	0.05771	0.78967
83 T	0.14319	0.08562	0.77119
84 A	0.11199	0.15873	0.72927
85 A	0.09635	0.21152	0.69213
86 G	0.08923	0.24557	0.6652
87 T	0.08399	0.25493	0.66108
88 A	0.07187	0.27293	0.65519
89 A	0.06416	0.28304	0.6528
90 T	0.05983	0.28780	0.65237
91 C	0.05082	0.29800	0.65119
92 A	0.04404	0.31072	0.64524
93 A	0.03948	0.31908	0.64144
94 G	0.03798	0.32080	0.64123
95 A	0.03411	0.32486	0.64103
96 A	0.03311	0.32586	0.64102
97 G	0.03273	0.32522	0.64205
98 C	0.03221	0.32520	0.64259
99 A	0.03223	0.32548	0.64229
100 A	0.03294	0.32581	0.64125
101 A	0.03250	0.32677	0.64072
102 A	0.03378	0.32529	0.64093
103 A	0.03589	0.32283	0.64129
104 A	0.04274	0.31242	0.64484
105 A	0.05848	0.28952	0.652
106 A	0.07950	0.25688	0.66362
107 G	0.12156	0.18490	0.69353
108 A	0.15866	0.13243	0.7089
109 T	0.18669	0.09567	0.71765
110 A	0.19172	0.08421	0.72407
111 T	0.19855	0.06389	0.73756
112 C	0.20090	0.05202	0.74709
113 T	0.20287	0.04592	0.75121
114 T	0.20362	0.03986	0.75652
115 A	0.20623	0.03380	0.75998
116 T	0.20890	0.02778	0.76332
117 T	0.20740	0.02796	0.76465
118 C	0.20528	0.02492	0.7698
119 A	0.20305	0.02598	0.77097
120 T	0.20223	0.02584	0.77193
121 G	0.20113	0.02664	0.77223
122 G	0.20126	0.02633	0.77241
123 T	0.20118	0.02653	0.77229
124 T	0.19794	0.02890	0.77316
125 T	0.18916	0.03879	0.77205
126 G	0.16242	0.06834	0.76924
127 A	0.13990	0.09679	0.76332
128 A	0.13112	0.10762	0.76125
129 T	0.12569	0.11462	0.75969
130 A	0.12397	0.11954	0.75649
131 T	0.12337	0.12167	0.75496
132 T	0.12162	0.12629	0.75209
133 A	0.11651	0.13745	0.74604
134 T	0.11412	0.14123	0.74466
135 T	0.10001	0.15791	0.74208
136 A	0.08362	0.17411	0.74227
137 G	0.07186	0.18463	0.74351
138 A	0.06372	0.19115	0.74513
139 T	0.05883	0.19468	0.74649
140 C	0.05550	0.19621	0.74828
141 A	0.05357	0.19746	0.74898
142 A	0.05290	0.19727	0.74983
143 A	0.05286	0.19714	0.74999
144 T	0.05337	0.19624	0.75039
145 A	0.05324	0.19722	0.74953
146 A	0.05300	0.19556	0.75145
147 A	0.05332	0.19001	0.75666
148 A	0.05453	0.17828	0.76719
149 A	0.05667	0.15186	0.79147
150 T	0.06267	0.12457	0.81276
151 A	0.06330	0.11565	0.82105
152 C	0.06487	0.10762	0.82751
153 A	0.06675	0.10492	0.82834
154 A	0.06790	0.10340	0.82871
155 A	0.07043	0.09948	0.83009
156 T	0.07705	0.08839	0.83456
157 A	0.07847	0.08604	0.83549
158 T	0.08130	0.06537	0.85332
159 T	0.08154	0.04760	0.87087
160 T	0.08131	0.03579	0.8829
161 T	0.07895	0.03089	0.89016
162 C	0.07234	0.03317	0.89449
163 C	0.07105	0.03314	0.89581
164 G	0.06958	0.03435	0.89607
165 A	0.06951	0.03430	0.89619
166 C	0.07010	0.03359	0.89631
167 A	0.07073	0.03316	0.89612
168 A	0.07191	0.03186	0.89624
169 T	0.07349	0.02940	0.89712
170 T	0.07394	0.02852	0.89754
171 T	0.07365	0.02853	0.89782
172 A	0.07301	0.02814	0.89886
173 T	0.07272	0.02715	0.90013
174 T	0.07203	0.02611	0.90186
175 A	0.07098	0.02630	0.90272
176 A	0.07089	0.02537	0.90374
177 A	0.07127	0.02400	0.90473
178 C	0.07171	0.02277	0.90553
179 A	0.07212	0.02219	0.90569
180 T	0.07339	0.02058	0.90602
181 T	0.07356	0.02009	0.90635
182 T	0.07356	0.01968	0.90676
183 T	0.07352	0.01929	0.90718
184 A	0.07345	0.01632	0.91022
185 C	0.07344	0.00974	0.91682
186 T	0.07350	0.00862	0.91788
187 T	0.07356	0.00746	0.91898
188 C	0.07348	0.00724	0.91928
189 T	0.07344	0.00724	0.91932
190 A	0.07353	0.00714	0.91933
191 T	0.07376	0.00675	0.91949
192 A	0.07385	0.00657	0.91957
193 T	0.07419	0.00606	0.91976
194 T	0.07438	0.00505	0.92057
195 T	0.07466	0.00365	0.92169
196 G	0.07472	0.00294	0.92234
197 C	0.07478	0.00216	0.92306
198 T	0.07481	0.00171	0.92347
199 T	0.07480	0.00163	0.92357
200 T	0.07473	0.00166	0.92361
201 T	0.07463	0.00175	0.92362
202 T	0.07453	0.00185	0.92362
203 T	0.07422	0.00214	0.92363
204 A	0.07392	0.00247	0.92361
205 T	0.07382	0.00253	0.92365
206 T	0.07367	0.00266	0.92367
207 A	0.07334	0.00293	0.92373
208 T	0.07319	0.00299	0.92382
209 G	0.07299	0.00311	0.9239
210 G	0.07279	0.00323	0.92398
211 A	0.07271	0.00320	0.9241
212 C	0.07268	0.00310	0.92422
213 A	0.07265	0.00310	0.92425
214 T	0.07264	0.00307	0.92428
215 C	0.07262	0.00306	0.92432
216 G	0.07261	0.00306	0.92432
217 G	0.07261	0.00306	0.92433
218 G	0.07263	0.00300	0.92436
219 T	0.07269	0.00291	0.9244
220 T	0.07273	0.00285	0.92442
221 T	0.07278	0.00273	0.92448
222 T	0.07279	0.00264	0.92458
223 T	0.07269	0.00261	0.9247
224 T	0.07244	0.00272	0.92484
225 A	0.07231	0.00271	0.92498
226 G	0.07230	0.00236	0.92534
227 C	0.07235	0.00193	0.92572
228 T	0.07238	0.00185	0.92577
229 T	0.07237	0.00178	0.92585
230 T	0.07224	0.00181	0.92594
231 T	0.07134	0.00275	0.9259
232 T	0.07042	0.00377	0.9258
233 G	0.06930	0.00484	0.92586
234 T	0.06867	0.00553	0.92579
235 A	0.06774	0.00659	0.92566
236 T	0.06711	0.00730	0.92558
237 T	0.06550	0.00905	0.92545
238 A	0.06375	0.01105	0.9252
239 A	0.06306	0.01192	0.92501
240 T	0.06268	0.01258	0.92474
241 G	0.06216	0.01334	0.92449
242 A	0.06189	0.01373	0.92437
243 A	0.06150	0.01414	0.92436
244 A	0.06040	0.01521	0.92439
245 A	0.05983	0.01570	0.92447
246 A	0.05924	0.01614	0.92462
247 C	0.05903	0.01606	0.92491
248 C	0.05887	0.01611	0.92501
249 A	0.05874	0.01624	0.92502
250 G	0.05866	0.01629	0.92505
251 T	0.05869	0.01624	0.92507
252 A	0.05866	0.01625	0.92509
253 G	0.05870	0.01599	0.92532
254 G	0.05884	0.01466	0.9265
255 T	0.05912	0.01322	0.92766
256 T	0.05925	0.01179	0.92897
257 T	0.05934	0.01085	0.92981
258 A	0.05935	0.00981	0.93084
259 G	0.05942	0.00865	0.93193
260 C	0.05956	0.00689	0.93355
261 C	0.05978	0.00572	0.93451
262 A	0.05994	0.00540	0.93466
263 T	0.06024	0.00495	0.9348
264 T	0.06044	0.00461	0.93495
265 A	0.06046	0.00455	0.93499
266 T	0.06045	0.00418	0.93537
267 T	0.06040	0.00300	0.93661
268 A	0.06032	0.00251	0.93717
269 T	0.06030	0.00192	0.93777
270 G	0.06026	0.00172	0.93802
271 G	0.06023	0.00157	0.93819
272 T	0.06023	0.00144	0.93832
273 T	0.06022	0.00138	0.93841
274 G	0.06021	0.00137	0.93842
275 T	0.06021	0.00133	0.93845
276 T	0.06021	0.00132	0.93847
277 A	0.06021	0.00131	0.93849
278 T	0.06021	0.00127	0.93852
279 T	0.06020	0.00124	0.93855
280 G	0.06020	0.00120	0.93861
281 T	0.06019	0.00113	0.93868
282 T	0.06019	0.00110	0.93871
283 A	0.06018	0.00109	0.93873
284 A	0.06019	0.00104	0.93877
285 T	0.06024	0.00095	0.93881
286 G	0.06026	0.00090	0.93884
287 G	0.06029	0.00084	0.93887
288 T	0.06037	0.00071	0.93891
289 G	0.06040	0.00066	0.93894
290 T	0.06045	0.00055	0.939
291 T	0.06054	0.00039	0.93907
292 T	0.06060	0.00031	0.93909
293 T	0.06063	0.00025	0.93911
294 T	0.06064	0.00023	0.93913
295 T	0.06062	0.00025	0.93913
296 C	0.06059	0.00027	0.93914
297 T	0.06058	0.00034	0.93908
298 T	0.06054	0.00045	0.93902
299 T	0.06046	0.00060	0.93895
300 T	0.05965	0.00143	0.93893
301 T	0.05763	0.00349	0.93887
302 T	0.05421	0.00701	0.93879
303 T	0.04673	0.01472	0.93855
304 C	0.03521	0.02658	0.9382
305 A	0.02701	0.03542	0.93757
306 A	0.02347	0.03899	0.93754
307 G	0.02089	0.04160	0.93751
308 A	0.01933	0.04316	0.93751
309 A	0.01855	0.04395	0.93751
310 C	0.01833	0.04416	0.93752
311 G	0.01817	0.04431	0.93752
312 C	0.01809	0.04440	0.93752
313 A	0.01806	0.04442	0.93751
314 A	0.01806	0.04443	0.93751
315 A	0.01805	0.04444	0.93751
316 G	0.01804	0.04442	0.93754
317 C	0.01804	0.04440	0.93756
318 T	0.01803	0.04435	0.93761
319 G	0.01801	0.04433	0.93767
320 G	0.01802	0.04425	0.93773
321 A	0.01804	0.04414	0.93782
322 A	0.01808	0.04390	0.93802
323 A	0.01810	0.04187	0.94003
324 G	0.01816	0.03764	0.94421
325 A	0.01831	0.03245	0.94924
326 T	0.01860	0.02415	0.95726
327 T	0.01900	0.01411	0.9669
328 T	0.01949	0.00739	0.97312
329 T	0.01950	0.00482	0.97567
330 A	0.01949	0.00302	0.97749
331 T	0.01949	0.00162	0.97889
332 C	0.01948	0.00090	0.97962
333 T	0.01947	0.00079	0.97973
334 T	0.01947	0.00077	0.97977
335 C	0.01941	0.00086	0.97973
336 T	0.01909	0.00160	0.97931
337 T	0.01828	0.00313	0.97859
338 T	0.01637	0.00632	0.97731
339 A	0.01170	0.01300	0.9753
340 G	0.00920	0.01685	0.97396
341 G	0.00826	0.01902	0.97272
342 A	0.00794	0.02037	0.97169
343 A	0.00777	0.02094	0.97129
344 G	0.00764	0.02135	0.97101
345 T	0.00759	0.02215	0.97027
346 A	0.00751	0.02288	0.96961
347 T	0.00737	0.02325	0.96938
348 G	0.00718	0.02347	0.96936
349 A	0.00707	0.02358	0.96936
350 T	0.00704	0.02360	0.96937
351 A	0.00697	0.02365	0.96937
352 C	0.00694	0.02367	0.96939
353 C	0.00699	0.02361	0.9694
354 T	0.00699	0.02362	0.96939
355 A	0.00691	0.02373	0.96936
356 A	0.00680	0.02384	0.96936
357 T	0.00682	0.02382	0.96935
358 A	0.00681	0.02377	0.96942
359 A	0.00719	0.02273	0.97009
360 A	0.00801	0.02078	0.97121
361 A	0.00958	0.01711	0.97331
362 T	0.01183	0.01042	0.97775
363 T	0.01288	0.00716	0.97996
364 C	0.01342	0.00589	0.9807
365 A	0.01371	0.00556	0.98072
366 A	0.01385	0.00542	0.98073
367 G	0.01397	0.00528	0.98074
368 T	0.01455	0.00477	0.98068
369 T	0.01483	0.00444	0.98073
370 T	0.01457	0.00454	0.9809
371 A	0.01386	0.00507	0.98107
372 T	0.01308	0.00569	0.98123
373 C	0.01138	0.00729	0.98133
374 G	0.01026	0.00837	0.98137
375 T	0.00976	0.00886	0.98138
376 G	0.00887	0.00988	0.98125
377 A	0.00856	0.01022	0.98122
378 T	0.00840	0.01035	0.98125
379 G	0.00799	0.01060	0.98141
380 G	0.00751	0.01101	0.98149
381 T	0.00719	0.01133	0.98148
382 A	0.00683	0.01170	0.98147
383 A	0.00667	0.01182	0.98151
384 A	0.00655	0.01189	0.98156
385 A	0.00645	0.01190	0.98165
386 T	0.00642	0.01166	0.98192
387 A	0.00632	0.01144	0.98223
388 G	0.00636	0.01100	0.98265
389 A	0.00643	0.01069	0.98289
390 A	0.00650	0.01030	0.9832
391 T	0.00665	0.00965	0.9837
392 T	0.00667	0.00915	0.98418
393 T	0.00666	0.00855	0.98479
394 A	0.00663	0.00786	0.98552
395 T	0.00661	0.00702	0.98637
396 T	0.00635	0.00590	0.98774
397 G	0.00606	0.00535	0.98859
398 A	0.00592	0.00512	0.98896
399 T	0.00592	0.00442	0.98966
400 G	0.00567	0.00455	0.98978
401 T	0.00559	0.00457	0.98984
402 A	0.00541	0.00457	0.99003
403 A	0.00534	0.00429	0.99037
404 T	0.00539	0.00398	0.99064
405 T	0.00533	0.00383	0.99085
406 A	0.00521	0.00389	0.99089
407 A	0.00515	0.00386	0.99099
408 T	0.00511	0.00380	0.99109
409 T	0.00501	0.00383	0.99116
410 T	0.00481	0.00393	0.99126
411 A	0.00437	0.00432	0.99131
412 A	0.00424	0.00441	0.99135
413 C	0.00413	0.00448	0.99139
414 A	0.00402	0.00457	0.99141
415 A	0.00394	0.00463	0.99142
416 T	0.00392	0.00461	0.99146
417 A	0.00387	0.00461	0.99152
418 G	0.00385	0.00458	0.99157
419 G	0.00387	0.00423	0.9919
420 T	0.00394	0.00382	0.99224
421 G	0.00401	0.00357	0.99243
422 A	0.00414	0.00330	0.99256
423 T	0.00440	0.00278	0.99281
424 T	0.00453	0.00254	0.99292
425 T	0.00462	0.00230	0.99308
426 A	0.00464	0.00219	0.99316
427 A	0.00468	0.00208	0.99324
428 T	0.00475	0.00185	0.9934
429 T	0.00482	0.00162	0.99356
430 T	0.00484	0.00147	0.99369
431 T	0.00483	0.00135	0.99383
432 T	0.00480	0.00126	0.99394
433 T	0.00477	0.00114	0.99409
434 T	0.00473	0.00090	0.99437
435 A	0.00467	0.00087	0.99446
436 G	0.00465	0.00079	0.99456
437 A	0.00465	0.00072	0.99464
438 T	0.00463	0.00065	0.99471
439 G	0.00459	0.00067	0.99474
440 T	0.00456	0.00066	0.99478
441 A	0.00439	0.00082	0.99479
442 G	0.00434	0.00086	0.9948
443 G	0.00432	0.00088	0.9948
444 A	0.00430	0.00089	0.9948
445 A	0.00431	0.00089	0.99481
446 G	0.00431	0.00088	0.99481
447 T	0.00433	0.00086	0.99482
448 G	0.00433	0.00085	0.99482
449 T	0.00433	0.00084	0.99483
450 T	0.00432	0.00085	0.99484
451 A	0.00430	0.00086	0.99484
452 T	0.00429	0.00084	0.99487
453 A	0.00425	0.00085	0.9949
454 C	0.00422	0.00081	0.99497
455 C	0.00419	0.00081	0.995
456 T	0.00418	0.00082	0.99501
457 G	0.00414	0.00084	0.99501
458 C	0.00414	0.00082	0.99503
459 T	0.00413	0.00084	0.99503
460 G	0.00409	0.00088	0.99504
461 A	0.00408	0.00087	0.99505
462 T	0.00404	0.00087	0.9951
463 G	0.00389	0.00099	0.99513
464 C	0.00378	0.00092	0.99529
465 T	0.00372	0.00095	0.99533
466 A	0.00361	0.00105	0.99533
467 G	0.00356	0.00110	0.99534
468 A	0.00352	0.00114	0.99535
469 T	0.00349	0.00116	0.99534
470 T	0.00345	0.00119	0.99536
471 A	0.00336	0.00127	0.99537
472 G	0.00330	0.00131	0.99539
473 T	0.00328	0.00132	0.99541
474 A	0.00321	0.00136	0.99542
475 G	0.00316	0.00139	0.99545
476 A	0.00314	0.00137	0.99549
477 A	0.00313	0.00134	0.99553
478 G	0.00311	0.00131	0.99558
479 C	0.00310	0.00128	0.99562
480 T	0.00310	0.00126	0.99564
481 A	0.00310	0.00125	0.99565
482 A	0.00310	0.00123	0.99566
483 T	0.00310	0.00119	0.9957
484 A	0.00310	0.00117	0.99572
485 A	0.00311	0.00108	0.99581
486 T	0.00312	0.00089	0.996
487 T	0.00312	0.00075	0.99613
488 T	0.00312	0.00066	0.99621
489 T	0.00311	0.00058	0.99631
490 T	0.00310	0.00054	0.99636
491 A	0.00308	0.00051	0.99642
492 T	0.00306	0.00048	0.99646
493 G	0.00304	0.00045	0.99652
494 T	0.00304	0.00038	0.99659
495 T	0.00300	0.00038	0.99662
496 G	0.00291	0.00049	0.99661
497 A	0.00286	0.00057	0.99657
498 T	0.00282	0.00063	0.99655
499 A	0.00277	0.00067	0.99655
500 A	0.00275	0.00068	0.99657
501 T	0.00275	0.00067	0.99658
502 T	0.00273	0.00068	0.99658
503 C	0.00271	0.00070	0.99659
504 T	0.00270	0.00071	0.99659
505 A	0.00270	0.00072	0.99659
506 T	0.00269	0.00072	0.99659
507 G	0.00269	0.00073	0.99658
508 T	0.00269	0.00073	0.99658
509 T	0.00268	0.00073	0.99659
510 A	0.00260	0.00081	0.99659
511 A	0.00251	0.00088	0.9966
512 C	0.00246	0.00090	0.99663
513 A	0.00240	0.00095	0.99664
514 G	0.00236	0.00097	0.99666
515 G	0.00233	0.00098	0.99668
516 G	0.00232	0.00098	0.9967
517 G	0.00232	0.00098	0.9967
518 A	0.00233	0.00093	0.99673
519 A	0.00237	0.00081	0.99681
520 A	0.00244	0.00069	0.99687
521 T	0.00250	0.00059	0.99691
522 T	0.00251	0.00053	0.99696
523 G	0.00251	0.00050	0.99698
524 T	0.00252	0.00048	0.997
525 T	0.00252	0.00046	0.99701
526 C	0.00252	0.00045	0.99703
527 C	0.00252	0.00044	0.99704
528 T	0.00252	0.00044	0.99704
529 T	0.00252	0.00044	0.99704
530 T	0.00250	0.00046	0.99704
531 G	0.00237	0.00060	0.99703
532 A	0.00229	0.00068	0.99703
533 A	0.00224	0.00064	0.99712
534 T	0.00220	0.00060	0.9972
535 A	0.00212	0.00062	0.99725
536 G	0.00209	0.00060	0.99731
537 A	0.00206	0.00058	0.99735
538 A	0.00204	0.00058	0.99738
539 C	0.00203	0.00057	0.9974
540 T	0.00202	0.00058	0.9974
541 T	0.00201	0.00060	0.9974
542 G	0.00198	0.00062	0.9974
543 T	0.00197	0.00063	0.9974
544 G	0.00195	0.00066	0.9974
545 A	0.00194	0.00067	0.9974
546 T	0.00193	0.00067	0.9974
547 C	0.00192	0.00068	0.99741
548 C	0.00191	0.00068	0.99741
549 T	0.00190	0.00069	0.99741
550 A	0.00189	0.00071	0.9974
551 A	0.00189	0.00071	0.9974
552 T	0.00189	0.00070	0.9974
553 G	0.00189	0.00068	0.99743
554 T	0.00190	0.00054	0.99756
555 T	0.00190	0.00045	0.99764
556 A	0.00190	0.00042	0.99768
557 A	0.00190	0.00038	0.99772
558 T	0.00190	0.00032	0.99779
559 A	0.00189	0.00029	0.99782
560 A	0.00189	0.00027	0.99784
561 T	0.00189	0.00024	0.99787
562 A	0.00189	0.00022	0.99789
563 T	0.00189	0.00020	0.9979
564 T	0.00189	0.00018	0.99792
565 G	0.00189	0.00016	0.99794
566 A	0.00189	0.00016	0.99795
567 T	0.00189	0.00014	0.99797
568 G	0.00189	0.00013	0.99798
569 T	0.00189	0.00013	0.99799
570 T	0.00189	0.00012	0.99798
571 A	0.00188	0.00012	0.99799
572 T	0.00188	0.00012	0.998
573 T	0.00188	0.00011	0.99801
574 T	0.00186	0.00012	0.99802
575 C	0.00183	0.00015	0.99802
576 T	0.00181	0.00017	0.99802
577 G	0.00179	0.00019	0.99802
578 A	0.00178	0.00020	0.99802
579 A	0.00178	0.00021	0.99802
580 A	0.00178	0.00020	0.99802
581 T	0.00179	0.00019	0.99803
582 T	0.00178	0.00019	0.99803
583 C	0.00178	0.00019	0.99804
584 C	0.00177	0.00019	0.99804
585 T	0.00177	0.00019	0.99804
586 A	0.00177	0.00020	0.99803
587 A	0.00177	0.00020	0.99803
588 C	0.00177	0.00020	0.99803
589 T	0.00178	0.00019	0.99803
590 T	0.00177	0.00019	0.99804
591 G	0.00176	0.00021	0.99804
592 G	0.00175	0.00021	0.99804
593 T	0.00175	0.00021	0.99804
594 A	0.00175	0.00021	0.99804
595 T	0.00175	0.00020	0.99805
596 A	0.00175	0.00019	0.99806
597 T	0.00174	0.00018	0.99809
598 G	0.00172	0.00017	0.99811
599 C	0.00167	0.00020	0.99813
600 A	0.00162	0.00025	0.99813
601 G	0.00160	0.00027	0.99813
602 G	0.00158	0.00029	0.99813
603 A	0.00156	0.00030	0.99813
604 A	0.00156	0.00031	0.99813
605 C	0.00156	0.00030	0.99814
606 A	0.00156	0.00029	0.99815
607 A	0.00156	0.00029	0.99815
608 C	0.00156	0.00029	0.99815
609 T	0.00156	0.00030	0.99814
610 G	0.00156	0.00030	0.99814
611 T	0.00156	0.00030	0.99813
612 T	0.00156	0.00030	0.99813
613 T	0.00156	0.00030	0.99814
614 C	0.00155	0.00029	0.99817
615 A	0.00151	0.00032	0.99817
616 C	0.00150	0.00033	0.99817
617 A	0.00149	0.00035	0.99816
618 A	0.00148	0.00035	0.99816
619 G	0.00147	0.00036	0.99816
620 G	0.00147	0.00035	0.99817
621 T	0.00147	0.00033	0.9982
622 A	0.00147	0.00028	0.99825
623 G	0.00148	0.00022	0.9983
624 T	0.00148	0.00020	0.99833
625 G	0.00148	0.00018	0.99834
626 C	0.00148	0.00017	0.99835
627 T	0.00148	0.00016	0.99836
628 A	0.00148	0.00016	0.99836
629 A	0.00148	0.00016	0.99836
630 A	0.00148	0.00016	0.99836
631 G	0.00149	0.00016	0.99836
632 C	0.00150	0.00014	0.99836
633 T	0.00151	0.00013	0.99836
634 A	0.00151	0.00013	0.99836
635 T	0.00151	0.00012	0.99837
636 T	0.00151	0.00012	0.99837
637 G	0.00151	0.00011	0.99837
638 T	0.00151	0.00008	0.9984
639 T	0.00152	0.00006	0.99842
640 T	0.00152	0.00005	0.99843
641 A	0.00152	0.00005	0.99844
642 T	0.00151	0.00005	0.99844
643 T	0.00151	0.00005	0.99844
644 C	0.00149	0.00006	0.99845
645 T	0.00148	0.00008	0.99844
646 A	0.00146	0.00010	0.99844
647 T	0.00145	0.00011	0.99844
648 C	0.00143	0.00013	0.99844
649 G	0.00134	0.00022	0.99844
650 C	0.00125	0.00032	0.99843
651 T	0.00117	0.00046	0.99838
652 G	0.00102	0.00064	0.99833
653 G	0.00097	0.00073	0.9983
654 A	0.00094	0.00079	0.99827
655 A	0.00093	0.00081	0.99827
656 A	0.00093	0.00081	0.99826
657 T	0.00093	0.00081	0.99827
658 A	0.00093	0.00081	0.99827
659 C	0.00093	0.00081	0.99827
660 T	0.00092	0.00081	0.99827
661 C	0.00091	0.00082	0.99827
662 A	0.00091	0.00083	0.99827
663 A	0.00090	0.00084	0.99827
664 A	0.00089	0.00084	0.99827
665 T	0.00089	0.00084	0.99827
666 C	0.00088	0.00084	0.99828
667 G	0.00088	0.00083	0.9983
668 G	0.00087	0.00082	0.99831
669 A	0.00087	0.00082	0.99831
670 G	0.00087	0.00083	0.99831
671 A	0.00087	0.00083	0.99831
672 A	0.00088	0.00073	0.99839
673 G	0.00090	0.00060	0.99849
674 T	0.00097	0.00044	0.99859
675 T	0.00100	0.00029	0.99871
676 T	0.00102	0.00023	0.99876
677 C	0.00102	0.00020	0.99878
678 T	0.00102	0.00022	0.99876
679 A	0.00100	0.00027	0.99873
680 A	0.00097	0.00032	0.99872
681 T	0.00095	0.00035	0.9987
682 T	0.00094	0.00042	0.99864
683 T	0.00092	0.00053	0.99855
684 A	0.00089	0.00059	0.99852
685 G	0.00087	0.00061	0.99851
686 T	0.00086	0.00064	0.9985
687 A	0.00083	0.00071	0.99847
688 C	0.00079	0.00078	0.99843
689 A	0.00077	0.00090	0.99832
690 A	0.00076	0.00098	0.99826
691 A	0.00076	0.00103	0.99821
692 A	0.00077	0.00104	0.99819
693 T	0.00079	0.00103	0.99818
694 A	0.00080	0.00102	0.99818
695 T	0.00081	0.00101	0.99818
696 T	0.00081	0.00101	0.99818
697 G	0.00081	0.00102	0.99818
698 A	0.00080	0.00103	0.99817
699 T	0.00079	0.00104	0.99817
700 A	0.00074	0.00110	0.99816
701 A	0.00071	0.00112	0.99817
702 A	0.00071	0.00110	0.99819
703 G	0.00071	0.00106	0.99824
704 G	0.00071	0.00103	0.99826
705 C	0.00074	0.00098	0.99828
706 G	0.00082	0.00090	0.99828
707 T	0.00087	0.00084	0.99829
708 A	0.00088	0.00084	0.99828
709 A	0.00090	0.00081	0.99828
710 G	0.00095	0.00075	0.99831
711 T	0.00101	0.00064	0.99835
712 A	0.00108	0.00055	0.99836
713 C	0.00113	0.00048	0.99838
714 T	0.00117	0.00044	0.99839
715 C	0.00115	0.00046	0.99839
716 T	0.00112	0.00050	0.99838
717 T	0.00099	0.00063	0.99838
718 G	0.00077	0.00086	0.99837
719 A	0.00065	0.00098	0.99836
720 A	0.00055	0.00109	0.99837
721 A	0.00044	0.00118	0.99838
722 A	0.00034	0.00126	0.9984
723 A	0.00029	0.00127	0.99844
724 G	0.00026	0.00125	0.99848
725 A	0.00025	0.00126	0.9985
726 A	0.00024	0.00125	0.99852
727 A	0.00024	0.00122	0.99854
728 T	0.00025	0.00119	0.99856
729 T	0.00025	0.00117	0.99858
730 C	0.00024	0.00117	0.99859
731 A	0.00023	0.00117	0.99859
732 T	0.00022	0.00118	0.9986
733 A	0.00021	0.00120	0.9986
734 A	0.00020	0.00120	0.9986
735 A	0.00020	0.00120	0.99861
736 G	0.00020	0.00115	0.99865
737 T	0.00020	0.00110	0.9987
738 T	0.00021	0.00103	0.99876
739 A	0.00021	0.00098	0.99881
740 T	0.00022	0.00084	0.99894
741 T	0.00022	0.00067	0.9991
742 A	0.00022	0.00058	0.9992
743 A	0.00022	0.00048	0.99929
744 A	0.00023	0.00037	0.99939
745 G	0.00023	0.00027	0.99949
746 T	0.00024	0.00021	0.99955
747 A	0.00024	0.00018	0.99958
748 A	0.00025	0.00015	0.9996
749 T	0.00025	0.00013	0.99962
750 T	0.00025	0.00012	0.99962
751 A	0.00025	0.00012	0.99963
752 G	0.00025	0.00010	0.99964
753 T	0.00026	0.00009	0.99965
754 A	0.00026	0.00008	0.99966
755 T	0.00026	0.00007	0.99967
756 T	0.00026	0.00006	0.99968
757 A	0.00026	0.00005	0.99969
758 T	0.00026	0.00005	0.9997
759 C	0.00026	0.00004	0.9997
760 G	0.00026	0.00004	0.9997
761 C	0.00027	0.00004	0.9997
762 T	0.00027	0.00004	0.9997
763 T	0.00027	0.00004	0.9997
764 C	0.00027	0.00003	0.9997
765 A	0.00027	0.00003	0.9997
766 T	0.00027	0.00003	0.9997
767 C	0.00028	0.00003	0.9997
768 T	0.00028	0.00003	0.9997
769 T	0.00028	0.00002	0.9997
770 T	0.00028	0.00002	0.9997
771 G	0.00028	0.00002	0.9997
772 G	0.00028	0.00002	0.9997
773 C	0.00028	0.00002	0.99971
774 T	0.00028	0.00001	0.99971
775 T	0.00029	0.00001	0.99971
776 T	0.00029	0.00001	0.99971
777 T	0.00029	0.00001	0.99971
778 T	0.00029	0.00001	0.99971
779 T	0.00029	0.00001	0.99971
780 A	0.00029	0.00001	0.99971
781 G	0.00029	0.00001	0.99971
782 T	0.00029	0.00001	0.99971
783 T	0.00029	0.00001	0.99971
784 T	0.00029	0.00001	0.99971
785 T	0.00029	0.00001	0.9997
786 T	0.00029	0.00001	0.9997
787 T	0.00028	0.00001	0.9997
788 T	0.00028	0.00001	0.9997
789 A	0.00028	0.00002	0.9997
790 A	0.00028	0.00002	0.9997
791 T	0.00028	0.00002	0.9997
792 T	0.00028	0.00002	0.9997
793 T	0.00028	0.00002	0.9997
794 G	0.00028	0.00002	0.9997
795 T	0.00028	0.00002	0.9997
796 A	0.00028	0.00002	0.9997
797 T	0.00028	0.00002	0.9997
798 A	0.00028	0.00002	0.9997
799 T	0.00027	0.00002	0.9997
800 G	0.00027	0.00002	0.9997
801 G	0.00027	0.00002	0.9997
802 C	0.00027	0.00002	0.9997
803 G	0.00027	0.00002	0.9997
804 T	0.00027	0.00002	0.9997
805 T	0.00027	0.00002	0.9997
806 A	0.00027	0.00002	0.9997
807 T	0.00027	0.00002	0.9997
808 A	0.00027	0.00002	0.9997
809 G	0.00027	0.00002	0.9997
810 T	0.00027	0.00002	0.9997
811 A	0.00027	0.00002	0.9997
812 C	0.00028	0.00002	0.9997
813 T	0.00028	0.00002	0.9997
814 G	0.00027	0.00002	0.9997
815 T	0.00027	0.00002	0.9997
816 T	0.00027	0.00003	0.9997
817 G	0.00027	0.00003	0.9997
818 C	0.00027	0.00003	0.9997
819 A	0.00027	0.00004	0.99969
820 G	0.00027	0.00004	0.9997
821 A	0.00027	0.00004	0.9997
822 T	0.00027	0.00004	0.9997
823 G	0.00027	0.00004	0.9997
824 C	0.00026	0.00004	0.9997
825 A	0.00026	0.00004	0.9997
826 A	0.00027	0.00004	0.9997
827 C	0.00027	0.00004	0.9997
828 T	0.00027	0.00003	0.9997
829 T	0.00027	0.00003	0.9997
830 G	0.00027	0.00003	0.9997
831 G	0.00027	0.00003	0.9997
832 G	0.00027	0.00003	0.9997
833 C	0.00027	0.00003	0.9997
834 A	0.00027	0.00003	0.9997
835 G	0.00027	0.00003	0.9997
836 A	0.00027	0.00003	0.9997
837 T	0.00028	0.00003	0.9997
838 G	0.00028	0.00002	0.9997
839 T	0.00028	0.00002	0.9997
840 T	0.00028	0.00002	0.9997
841 T	0.00028	0.00002	0.9997
842 T	0.00028	0.00001	0.9997
843 T	0.00028	0.00002	0.9997
844 A	0.00028	0.00002	0.9997
845 A	0.00028	0.00002	0.9997
846 A	0.00028	0.00002	0.9997
847 T	0.00028	0.00002	0.9997
848 C	0.00028	0.00002	0.9997
849 T	0.00028	0.00002	0.9997
850 T	0.00028	0.00002	0.9997
851 C	0.00028	0.00002	0.9997
852 T	0.00028	0.00002	0.9997
853 A	0.00027	0.00002	0.9997
854 T	0.00027	0.00002	0.9997
855 T	0.00027	0.00003	0.9997
856 A	0.00027	0.00003	0.9997
857 C	0.00027	0.00003	0.9997
858 T	0.00027	0.00003	0.9997
859 G	0.00027	0.00003	0.9997
860 T	0.00027	0.00003	0.9997
861 A	0.00027	0.00003	0.9997
862 G	0.00027	0.00003	0.9997
863 C	0.00027	0.00003	0.9997
864 T	0.00027	0.00003	0.9997
865 T	0.00027	0.00003	0.99969
866 T	0.00027	0.00003	0.99969
867 A	0.00027	0.00004	0.99969
868 G	0.00027	0.00004	0.99969
869 G	0.00027	0.00004	0.99969
870 A	0.00027	0.00004	0.99969
871 A	0.00027	0.00005	0.99968
872 T	0.00027	0.00005	0.99968
873 G	0.00027	0.00006	0.99967
874 T	0.00027	0.00007	0.99966
875 T	0.00027	0.00010	0.99963
876 A	0.00026	0.00012	0.99962
877 G	0.00026	0.00012	0.99961
878 T	0.00026	0.00012	0.99961
879 A	0.00026	0.00013	0.99961
880 G	0.00025	0.00013	0.99961
881 C	0.00025	0.00013	0.99961
882 G	0.00025	0.00014	0.9996
883 A	0.00025	0.00015	0.99959
884 A	0.00026	0.00016	0.99958
885 T	0.00026	0.00016	0.99958
886 A	0.00026	0.00016	0.99958
887 T	0.00026	0.00015	0.99958
888 T	0.00026	0.00015	0.99958
889 C	0.00026	0.00015	0.99958
890 C	0.00026	0.00015	0.99958
891 A	0.00026	0.00016	0.99958
892 G	0.00026	0.00016	0.99958
893 A	0.00026	0.00016	0.99958
894 A	0.00026	0.00016	0.99957
895 G	0.00027	0.00016	0.99957
896 G	0.00028	0.00014	0.99957
897 A	0.00029	0.00013	0.99957
898 T	0.00032	0.00010	0.99957
899 T	0.00034	0.00009	0.99957
900 A	0.00034	0.00008	0.99957
901 T	0.00034	0.00008	0.99958
902 T	0.00034	0.00008	0.99959
903 G	0.00034	0.00008	0.99959
904 C	0.00034	0.00007	0.99959
905 C	0.00035	0.00007	0.99959
906 G	0.00035	0.00006	0.99959
907 T	0.00036	0.00005	0.99959
908 C	0.00037	0.00005	0.99959
909 T	0.00037	0.00005	0.99959
910 A	0.00037	0.00005	0.99959
911 T	0.00037	0.00005	0.99958
912 T	0.00037	0.00005	0.99958
913 A	0.00037	0.00006	0.99958
914 A	0.00037	0.00005	0.99958
915 T	0.00038	0.00005	0.99958
916 T	0.00038	0.00004	0.99958
917 T	0.00038	0.00005	0.99957
918 A	0.00037	0.00007	0.99956
919 A	0.00037	0.00009	0.99954
920 G	0.00037	0.00011	0.99953
921 T	0.00037	0.00013	0.9995
922 T	0.00037	0.00014	0.9995
923 T	0.00036	0.00015	0.99949
924 A	0.00035	0.00016	0.99949
925 G	0.00035	0.00017	0.99948
926 C	0.00035	0.00017	0.99948
927 T	0.00035	0.00017	0.99948
928 A	0.00034	0.00018	0.99948
929 T	0.00034	0.00018	0.99947
930 C	0.00034	0.00019	0.99947
931 G	0.00034	0.00020	0.99946
932 G	0.00034	0.00021	0.99945
933 A	0.00034	0.00022	0.99944
934 T	0.00034	0.00022	0.99944
935 C	0.00034	0.00023	0.99943
936 G	0.00034	0.00027	0.99939
937 C	0.00034	0.00033	0.99934
938 A	0.00034	0.00046	0.99921
939 A	0.00034	0.00052	0.99915
940 A	0.00035	0.00055	0.99911
941 G	0.00036	0.00056	0.99908
942 A	0.00037	0.00059	0.99904
943 A	0.00039	0.00058	0.99904
944 T	0.00041	0.00055	0.99904
945 G	0.00041	0.00056	0.99903
946 G	0.00040	0.00057	0.99903
947 C	0.00040	0.00060	0.99901
948 T	0.00040	0.00063	0.99897
949 A	0.00039	0.00072	0.99889
950 A	0.00038	0.00081	0.99882
951 A	0.00038	0.00084	0.99879
952 C	0.00038	0.00086	0.99877
953 A	0.00036	0.00088	0.99875
954 A	0.00036	0.00089	0.99875
955 A	0.00036	0.00088	0.99876
956 A	0.00037	0.00087	0.99876
957 C	0.00039	0.00085	0.99876
958 G	0.00042	0.00082	0.99876
959 C	0.00049	0.00075	0.99876
960 T	0.00058	0.00066	0.99876
961 T	0.00067	0.00057	0.99876
962 T	0.00070	0.00054	0.99875
963 A	0.00071	0.00054	0.99875
964 A	0.00073	0.00053	0.99874
965 T	0.00076	0.00050	0.99874
966 T	0.00075	0.00051	0.99874
967 A	0.00074	0.00052	0.99874
968 A	0.00074	0.00052	0.99874
969 A	0.00075	0.00050	0.99875
970 C	0.00079	0.00045	0.99876
971 A	0.00083	0.00043	0.99875
972 A	0.00091	0.00034	0.99875
973 T	0.00099	0.00027	0.99874
974 T	0.00102	0.00024	0.99874
975 A	0.00103	0.00024	0.99873
976 T	0.00104	0.00021	0.99875
977 T	0.00104	0.00020	0.99877
978 T	0.00104	0.00020	0.99877
979 T	0.00104	0.00020	0.99876
980 C	0.00103	0.00021	0.99876
981 A	0.00102	0.00025	0.99873
982 G	0.00102	0.00028	0.99871
983 T	0.00102	0.00029	0.99868
984 T	0.00101	0.00034	0.99865
985 G	0.00099	0.00036	0.99865
986 A	0.00099	0.00037	0.99864
987 A	0.00099	0.00037	0.99864
988 A	0.00099	0.00037	0.99864
989 C	0.00099	0.00035	0.99865
990 A	0.00100	0.00034	0.99866
991 T	0.00101	0.00033	0.99866
992 T	0.00101	0.00033	0.99866
993 G	0.00100	0.00034	0.99866
994 A	0.00101	0.00033	0.99865
995 A	0.00102	0.00032	0.99866
996 T	0.00104	0.00031	0.99866
997 T	0.00104	0.00029	0.99866
998 C	0.00105	0.00028	0.99867
999 T	0.00105	0.00028	0.99867
1000 A	0.00105	0.00028	0.99867
1001 C	0.00105	0.00028	0.99867
1002 T	0.00106	0.00027	0.99867
1003 A	0.00107	0.00026	0.99867
1004 C	0.00109	0.00022	0.99868
1005 T	0.00112	0.00020	0.99867
1006 G	0.00114	0.00020	0.99866
1007 T	0.00116	0.00017	0.99866
1008 T	0.00117	0.00018	0.99866
1009 A	0.00117	0.00020	0.99863
1010 T	0.00118	0.00019	0.99863
1011 T	0.00118	0.00019	0.99864
1012 T	0.00118	0.00019	0.99863
1013 G	0.00117	0.00019	0.99863
1014 T	0.00116	0.00021	0.99863
1015 A	0.00114	0.00023	0.99862
1016 C	0.00113	0.00025	0.99861
1017 T	0.00112	0.00032	0.99856
1018 G	0.00110	0.00046	0.99844
1019 A	0.00109	0.00067	0.99824
1020 T	0.00106	0.00090	0.99804
1021 A	0.00099	0.00107	0.99795
1022 A	0.00095	0.00115	0.99791
1023 A	0.00090	0.00123	0.99787
1024 A	0.00085	0.00131	0.99785
1025 C	0.00082	0.00136	0.99782
1026 A	0.00080	0.00145	0.99775
1027 G	0.00079	0.00147	0.99775
1028 G	0.00080	0.00148	0.99773
1029 T	0.00082	0.00148	0.99771
1030 A	0.00083	0.00150	0.99767
1031 C	0.00084	0.00149	0.99767
1032 T	0.00086	0.00152	0.99762
1033 T	0.00087	0.00152	0.9976
1034 T	0.00087	0.00154	0.99759
1035 A	0.00086	0.00156	0.99758
1036 A	0.00085	0.00159	0.99756
1037 C	0.00085	0.00158	0.99758
1038 A	0.00084	0.00164	0.99751
1039 G	0.00085	0.00171	0.99744
1040 A	0.00090	0.00184	0.99727
1041 A	0.00100	0.00191	0.99708
1042 A	0.00116	0.00190	0.99694
1043 A	0.00134	0.00182	0.99683
1044 T	0.00144	0.00170	0.99686
1045 A	0.00147	0.00167	0.99686
1046 A	0.00150	0.00163	0.99688
1047 A	0.00153	0.00157	0.9969
1048 T	0.00156	0.00151	0.99693
1049 T	0.00161	0.00144	0.99696
1050 A	0.00162	0.00142	0.99696
1051 A	0.00163	0.00139	0.99697
1052 C	0.00167	0.00135	0.99699
1053 T	0.00170	0.00132	0.99699
1054 T	0.00172	0.00130	0.99699
1055 G	0.00174	0.00127	0.99698
1056 T	0.00174	0.00127	0.99698
1057 C	0.00174	0.00130	0.99697
1058 A	0.00172	0.00144	0.99684
1059 T	0.00175	0.00151	0.99675
1060 A	0.00174	0.00168	0.99658
1061 A	0.00179	0.00170	0.99652
1062 A	0.00187	0.00165	0.99647
1063 A	0.00207	0.00147	0.99647
1064 T	0.00227	0.00126	0.99646
1065 A	0.00243	0.00112	0.99645
1066 T	0.00256	0.00100	0.99644
1067 T	0.00260	0.00096	0.99644
1068 A	0.00259	0.00095	0.99646
1069 T	0.00260	0.00093	0.99646
1070 T	0.00259	0.00093	0.99648
1071 C	0.00252	0.00099	0.99649
1072 C	0.00250	0.00102	0.99649
1073 C	0.00247	0.00104	0.99648
1074 T	0.00244	0.00110	0.99647
1075 G	0.00237	0.00120	0.99643
1076 G	0.00233	0.00126	0.99641
1077 A	0.00228	0.00133	0.99639
1078 G	0.00225	0.00136	0.99639
1079 G	0.00224	0.00136	0.9964
1080 A	0.00227	0.00132	0.99641
1081 C	0.00241	0.00115	0.99643
1082 A	0.00253	0.00106	0.99641
1083 T	0.00271	0.00088	0.99642
1084 G	0.00275	0.00083	0.99641
1085 T	0.00280	0.00080	0.99641
1086 T	0.00281	0.00079	0.9964
1087 G	0.00281	0.00080	0.99639
1088 A	0.00282	0.00079	0.99639
1089 T	0.00284	0.00077	0.99639
1090 A	0.00282	0.00078	0.9964
1091 T	0.00281	0.00077	0.99642
1092 T	0.00275	0.00082	0.99644
1093 A	0.00253	0.00102	0.99645
1094 C	0.00237	0.00111	0.99652
1095 A	0.00224	0.00128	0.99648
1096 G	0.00219	0.00137	0.99644
1097 G	0.00219	0.00140	0.99641
1098 T	0.00221	0.00142	0.99636
1099 A	0.00219	0.00156	0.99625
1100 A	0.00217	0.00165	0.99618
1101 T	0.00218	0.00166	0.99616
1102 G	0.00218	0.00169	0.99614
1103 G	0.00219	0.00171	0.9961
1104 T	0.00221	0.00174	0.99605
1105 T	0.00223	0.00183	0.99593
1106 T	0.00223	0.00201	0.99577
1107 T	0.00216	0.00236	0.99548
1108 A	0.00185	0.00316	0.99498
1109 A	0.00170	0.00353	0.99477
1110 T	0.00160	0.00371	0.99468
1111 A	0.00145	0.00395	0.99459
1112 A	0.00137	0.00408	0.99455
1113 A	0.00129	0.00417	0.99455
1114 A	0.00121	0.00424	0.99454
1115 A	0.00119	0.00420	0.99461
1116 A	0.00118	0.00402	0.99479
1117 G	0.00119	0.00385	0.99496
1118 G	0.00126	0.00369	0.99505
1119 T	0.00133	0.00360	0.99507
1120 G	0.00138	0.00361	0.99501
1121 A	0.00146	0.00366	0.99487
1122 A	0.00161	0.00361	0.99478
1123 T	0.00177	0.00352	0.99471
1124 T	0.00180	0.00361	0.9946
1125 T	0.00182	0.00381	0.99438
1126 A	0.00178	0.00425	0.99396
1127 A	0.00180	0.00442	0.99378
1128 A	0.00189	0.00447	0.99364
1129 A	0.00208	0.00440	0.99353
1130 A	0.00237	0.00408	0.99355
1131 T	0.00289	0.00329	0.99382
1132 T	0.00302	0.00311	0.99387
1133 T	0.00296	0.00323	0.99382
1134 A	0.00271	0.00371	0.99357
1135 G	0.00250	0.00404	0.99346
1136 A	0.00238	0.00427	0.99336
1137 T	0.00225	0.00441	0.99334
1138 A	0.00211	0.00459	0.9933
1139 G	0.00201	0.00472	0.99327
1140 A	0.00194	0.00492	0.99315
1141 G	0.00188	0.00513	0.993
1142 A	0.00187	0.00540	0.99274
1143 A	0.00192	0.00542	0.99265
1144 A	0.00207	0.00538	0.99255
1145 A	0.00222	0.00537	0.99242
1146 A	0.00234	0.00527	0.99239
1147 C	0.00248	0.00510	0.99241
1148 A	0.00268	0.00497	0.99235
1149 T	0.00306	0.00458	0.99235
1150 G	0.00319	0.00447	0.99235
1151 A	0.00334	0.00434	0.99233
1152 T	0.00349	0.00419	0.99233
1153 A	0.00354	0.00410	0.99236
1154 A	0.00359	0.00396	0.99244
1155 G	0.00372	0.00370	0.99258
1156 G	0.00391	0.00334	0.99275
1157 T	0.00426	0.00274	0.993
1158 T	0.00445	0.00236	0.99319
1159 T	0.00456	0.00215	0.99329
1160 T	0.00461	0.00200	0.99339
1161 A	0.00462	0.00190	0.99348
1162 A	0.00464	0.00178	0.99358
1163 G	0.00474	0.00159	0.99368
1164 C	0.00487	0.00140	0.99373
1165 A	0.00510	0.00119	0.99371
1166 A	0.00522	0.00109	0.9937
1167 A	0.00537	0.00095	0.99368
1168 T	0.00560	0.00073	0.99368
1169 T	0.00566	0.00067	0.99367
1170 A	0.00570	0.00063	0.99368
1171 T	0.00577	0.00054	0.99369
1172 T	0.00579	0.00051	0.9937
1173 T	0.00581	0.00048	0.99371
1174 A	0.00582	0.00045	0.99372
1175 T	0.00584	0.00043	0.99373
1176 T	0.00584	0.00042	0.99374
1177 T	0.00584	0.00041	0.99375
1178 C	0.00584	0.00041	0.99376
1179 T	0.00584	0.00042	0.99374
1180 G	0.00584	0.00044	0.99372
1181 C	0.00584	0.00045	0.99371
1182 T	0.00585	0.00047	0.99368
1183 A	0.00584	0.00050	0.99366
1184 T	0.00585	0.00048	0.99367
1185 A	0.00584	0.00048	0.99367
1186 G	0.00585	0.00047	0.99368
1187 T	0.00588	0.00043	0.9937
1188 C	0.00592	0.00038	0.9937
1189 T	0.00595	0.00035	0.9937
1190 G	0.00597	0.00033	0.9937
1191 T	0.00599	0.00032	0.99369
1192 T	0.00599	0.00034	0.99367
1193 C	0.00599	0.00035	0.99366
1194 T	0.00600	0.00039	0.99361
1195 G	0.00600	0.00040	0.9936
1196 A	0.00600	0.00040	0.9936
1197 A	0.00600	0.00041	0.99359
1198 G	0.00601	0.00041	0.99359
1199 C	0.00603	0.00038	0.99359
1200 T	0.00603	0.00038	0.99358
1201 A	0.00599	0.00044	0.99357
1202 A	0.00599	0.00046	0.99356
1203 T	0.00600	0.00046	0.99354
1204 T	0.00598	0.00054	0.99348
1205 T	0.00591	0.00061	0.99348
1206 A	0.00552	0.00101	0.99347
1207 A	0.00513	0.00143	0.99345
1208 T	0.00480	0.00176	0.99345
1209 C	0.00422	0.00234	0.99344
1210 G	0.00346	0.00318	0.99336
1211 A	0.00312	0.00356	0.99331
1212 C	0.00296	0.00373	0.99331
1213 G	0.00285	0.00384	0.99331
1214 A	0.00283	0.00387	0.99331
1215 T	0.00284	0.00385	0.99331
1216 C	0.00284	0.00384	0.99332
1217 C	0.00287	0.00382	0.99331
1218 T	0.00288	0.00383	0.9933
1219 A	0.00287	0.00385	0.99328
1220 T	0.00287	0.00388	0.99324
1221 T	0.00283	0.00397	0.99321
1222 A	0.00277	0.00405	0.99318
1223 A	0.00272	0.00413	0.99315
1224 T	0.00269	0.00414	0.99316
1225 A	0.00263	0.00424	0.99313
1226 A	0.00260	0.00424	0.99315
1227 A	0.00261	0.00421	0.99318
1228 A	0.00261	0.00417	0.99322
1229 A	0.00262	0.00372	0.99365
1230 A	0.00266	0.00321	0.99413
1231 G	0.00267	0.00274	0.99458
1232 A	0.00270	0.00229	0.99501
1233 T	0.00278	0.00158	0.99564
1234 T	0.00282	0.00127	0.99591
1235 T	0.00283	0.00115	0.99602
1236 T	0.00283	0.00115	0.99602
1237 C	0.00281	0.00137	0.99582
1238 A	0.00278	0.00241	0.99481
1239 A	0.00268	0.00364	0.99368
1240 A	0.00265	0.00480	0.99255
1241 T	0.00266	0.00545	0.9919
1242 A	0.00263	0.00607	0.99131
1243 A	0.00264	0.00638	0.99098
1244 T	0.00268	0.00641	0.99092
1245 A	0.00269	0.00644	0.99087
1246 G	0.00271	0.00640	0.99089
1247 G	0.00275	0.00637	0.99087
1248 T	0.00282	0.00626	0.99092
1249 A	0.00283	0.00622	0.99095
1250 G	0.00287	0.00615	0.99098
1251 T	0.00291	0.00609	0.99099
1252 C	0.00293	0.00607	0.99101
1253 C	0.00293	0.00606	0.99101
1254 C	0.00294	0.00606	0.99101
1255 A	0.00295	0.00604	0.99101
1256 C	0.00296	0.00603	0.991
1257 A	0.00298	0.00602	0.99099
1258 G	0.00304	0.00597	0.99099
1259 A	0.00317	0.00584	0.99099
1260 A	0.00350	0.00549	0.99101
1261 G	0.00453	0.00443	0.99104
1262 G	0.00579	0.00305	0.99115
1263 T	0.00711	0.00169	0.9912
1264 T	0.00778	0.00099	0.99123
1265 C	0.00820	0.00053	0.99127
1266 T	0.00848	0.00025	0.99127
1267 T	0.00854	0.00021	0.99125
1268 T	0.00854	0.00022	0.99124
1269 T	0.00845	0.00033	0.99122
1270 T	0.00830	0.00052	0.99118
1271 T	0.00809	0.00076	0.99114
1272 A	0.00747	0.00140	0.99112
1273 A	0.00706	0.00181	0.99112
1274 T	0.00683	0.00205	0.99113
1275 T	0.00642	0.00245	0.99113
1276 G	0.00586	0.00300	0.99114
1277 C	0.00563	0.00323	0.99114
1278 C	0.00549	0.00337	0.99115
1279 G	0.00535	0.00351	0.99115
1280 C	0.00520	0.00366	0.99115
1281 T	0.00497	0.00389	0.99115
1282 C	0.00436	0.00451	0.99113
1283 G	0.00408	0.00480	0.99112
1284 T	0.00400	0.00490	0.9911
1285 A	0.00383	0.00511	0.99107
1286 A	0.00372	0.00525	0.99103
1287 A	0.00365	0.00534	0.99101
1288 T	0.00362	0.00537	0.991
1289 A	0.00359	0.00541	0.99101
1290 T	0.00358	0.00539	0.99103
1291 A	0.00354	0.00542	0.99105
1292 A	0.00352	0.00530	0.99117
1293 T	0.00353	0.00503	0.99143
1294 T	0.00351	0.00488	0.99162
1295 T	0.00346	0.00440	0.99214
1296 G	0.00330	0.00437	0.99232
1297 G	0.00321	0.00452	0.99227
1298 A	0.00315	0.00445	0.9924
1299 T	0.00312	0.00408	0.99281
1300 A	0.00306	0.00398	0.99295
1301 T	0.00304	0.00389	0.99306
1302 A	0.00302	0.00381	0.99317
1303 G	0.00301	0.00364	0.99335
1304 A	0.00300	0.00347	0.99353
1305 T	0.00301	0.00299	0.994
1306 G	0.00301	0.00292	0.99406
1307 A	0.00302	0.00313	0.99385
1308 A	0.00304	0.00328	0.99368
1309 A	0.00306	0.00349	0.99345
1310 T	0.00308	0.00368	0.99324
1311 T	0.00308	0.00416	0.99277
1312 A	0.00302	0.00506	0.99192
1313 G	0.00298	0.00598	0.99104
1314 A	0.00295	0.00785	0.9892
1315 A	0.00295	0.00858	0.98847
1316 A	0.00300	0.00926	0.98774
1317 T	0.00317	0.01011	0.98673
1318 A	0.00322	0.01190	0.98488
1319 A	0.00336	0.01235	0.98429
1320 T	0.00364	0.01210	0.98427
1321 T	0.00375	0.01206	0.9842
1322 T	0.00378	0.01210	0.98412
1323 T	0.00380	0.01216	0.98404
1324 C	0.00380	0.01223	0.98397
1325 A	0.00379	0.01238	0.98383
1326 A	0.00373	0.01248	0.98379
1327 G	0.00378	0.01245	0.98376
1328 T	0.00389	0.01237	0.98374
1329 A	0.00396	0.01231	0.98373
1330 G	0.00415	0.01211	0.98374
