# lcl|CP097583.1_cds_USQ93480.1_1
# AA	inside	membr	outside
1 A	0.60397	0.00000	0.39603
2 T	0.59849	0.00548	0.39603
3 G	0.59419	0.00979	0.39603
4 A	0.59419	0.09520	0.31061
5 A	0.50464	0.27598	0.21939
6 A	0.50463	0.30126	0.19412
7 A	0.20089	0.62149	0.17762
8 A	0.20088	0.62170	0.17742
9 A	0.18820	0.63605	0.17575
10 A	0.18819	0.71550	0.09632
11 T	0.18698	0.72045	0.09258
12 A	0.15424	0.75445	0.09131
13 A	0.13272	0.78348	0.08381
14 A	0.13272	0.78348	0.08381
15 A	0.13272	0.81009	0.0572
16 G	0.13232	0.81049	0.0572
17 T	0.13168	0.81175	0.05657
18 T	0.13164	0.81282	0.05554
19 T	0.13045	0.81468	0.05487
20 T	0.12150	0.84099	0.03751
21 A	0.09405	0.86831	0.03764
22 A	0.09418	0.86974	0.03609
23 T	0.09791	0.86653	0.03555
24 T	0.10289	0.86254	0.03457
25 A	0.10362	0.85542	0.04095
26 A	0.10623	0.84992	0.04385
27 A	0.17005	0.77747	0.05249
28 A	0.24043	0.63026	0.1293
29 A	0.26976	0.58775	0.14249
30 T	0.32039	0.25638	0.42323
31 T	0.32856	0.24352	0.42792
32 C	0.33082	0.23278	0.4364
33 A	0.36391	0.25353	0.38255
34 T	0.35519	0.31755	0.32726
35 A	0.34311	0.32744	0.32945
36 T	0.34399	0.32318	0.33282
37 G	0.34212	0.35398	0.3039
38 A	0.36030	0.34252	0.29718
39 A	0.35519	0.37984	0.26497
40 T	0.35833	0.37850	0.26318
41 T	0.35319	0.38703	0.25978
42 A	0.31388	0.45869	0.22744
43 G	0.30888	0.46386	0.22725
44 A	0.27632	0.58788	0.1358
45 A	0.25834	0.60679	0.13488
46 T	0.25077	0.61601	0.13323
47 T	0.23152	0.64054	0.12794
48 A	0.19739	0.68019	0.12241
49 C	0.17593	0.72123	0.10284
50 A	0.15992	0.75236	0.08773
51 A	0.15156	0.77123	0.07721
52 G	0.13347	0.79617	0.07037
53 A	0.12625	0.81794	0.0558
54 A	0.12413	0.82625	0.04962
55 A	0.13302	0.81402	0.05297
56 A	0.18515	0.74980	0.06505
57 T	0.24676	0.67335	0.07988
58 G	0.25258	0.65447	0.09295
59 C	0.26542	0.63380	0.10078
60 T	0.28100	0.61788	0.10111
61 G	0.26864	0.62971	0.10166
62 A	0.26116	0.63702	0.10182
63 A	0.23698	0.66041	0.1026
64 A	0.22844	0.66631	0.10526
65 A	0.23351	0.62131	0.14517
66 A	0.22036	0.61398	0.16567
67 G	0.28978	0.50032	0.2099
68 G	0.26575	0.48907	0.24518
69 C	0.25809	0.47599	0.26592
70 G	0.26017	0.47382	0.266
71 A	0.25534	0.47846	0.2662
72 T	0.27772	0.44940	0.27288
73 A	0.27493	0.44620	0.27887
74 T	0.28510	0.43716	0.27774
75 A	0.28252	0.43058	0.2869
76 A	0.28651	0.43632	0.27716
77 T	0.28866	0.44715	0.26419
78 T	0.28324	0.46426	0.2525
79 A	0.27407	0.49394	0.23199
80 A	0.27205	0.50455	0.2234
81 T	0.27151	0.50830	0.22019
82 T	0.26597	0.53755	0.19648
83 T	0.26064	0.56117	0.17819
84 A	0.25019	0.59984	0.14998
85 A	0.24504	0.60463	0.15033
86 A	0.24127	0.59713	0.1616
87 A	0.23840	0.58651	0.17509
88 G	0.23826	0.56735	0.19439
89 A	0.24013	0.55143	0.20843
90 A	0.24330	0.53658	0.22012
91 T	0.24931	0.50410	0.24659
92 G	0.25284	0.48848	0.25868
93 T	0.26796	0.46288	0.26916
94 T	0.27854	0.44250	0.27896
95 T	0.28253	0.44358	0.27389
96 A	0.28431	0.44043	0.27525
97 G	0.29224	0.43433	0.27343
98 A	0.30402	0.42917	0.26681
99 A	0.33033	0.41658	0.2531
100 T	0.36352	0.41063	0.22585
101 T	0.38271	0.42527	0.19202
102 A	0.39771	0.45659	0.1457
103 A	0.40746	0.48544	0.1071
104 A	0.42367	0.48153	0.0948
105 T	0.46224	0.45411	0.08366
106 T	0.48977	0.43290	0.07733
107 T	0.51643	0.41634	0.06724
108 A	0.52125	0.42887	0.04988
109 A	0.52697	0.42408	0.04895
110 A	0.53050	0.41821	0.05128
111 T	0.54110	0.40761	0.0513
112 T	0.54655	0.40330	0.05015
113 C	0.52698	0.42381	0.04922
114 A	0.50819	0.44338	0.04842
115 T	0.49621	0.45605	0.04773
116 T	0.45951	0.49387	0.04662
117 A	0.36629	0.58867	0.04503
118 C	0.30304	0.65367	0.04329
119 A	0.21141	0.75282	0.03578
120 A	0.14683	0.81835	0.03482
121 A	0.13112	0.83438	0.0345
122 A	0.14472	0.82040	0.03488
123 A	0.17588	0.78901	0.03512
124 C	0.21667	0.74324	0.0401
125 A	0.26473	0.69420	0.04107
126 T	0.30962	0.64694	0.04344
127 A	0.32378	0.63165	0.04456
128 T	0.33507	0.61859	0.04634
129 A	0.31201	0.64072	0.04726
130 C	0.30042	0.64110	0.05848
131 A	0.28854	0.65130	0.06016
132 T	0.26524	0.67410	0.06067
133 A	0.22175	0.72253	0.05572
134 A	0.17031	0.77795	0.05174
135 T	0.13924	0.80936	0.05139
136 A	0.09605	0.82531	0.07864
137 A	0.06365	0.82506	0.11129
138 A	0.04261	0.82196	0.13543
139 G	0.03764	0.79597	0.1664
140 A	0.03376	0.74142	0.22482
141 A	0.03103	0.69059	0.27839
142 A	0.03484	0.60212	0.36304
143 T	0.03425	0.53556	0.43019
144 G	0.03210	0.51635	0.45155
145 C	0.03055	0.51108	0.45836
146 A	0.02810	0.54201	0.42989
147 A	0.02768	0.56544	0.40689
148 G	0.02745	0.59046	0.38209
149 A	0.02676	0.65365	0.31959
150 A	0.02648	0.70571	0.26781
151 A	0.02692	0.75327	0.21981
152 A	0.02635	0.78443	0.18922
153 A	0.02692	0.78563	0.18745
154 A	0.03102	0.78902	0.17997
155 T	0.03658	0.76455	0.19887
156 A	0.04168	0.73980	0.21852
157 A	0.04600	0.70174	0.25226
158 T	0.05117	0.68802	0.26081
159 A	0.05361	0.70307	0.24332
160 A	0.05668	0.76945	0.17387
161 A	0.06293	0.82400	0.11307
162 A	0.07531	0.82392	0.10076
163 A	0.09565	0.81249	0.09186
164 T	0.10632	0.81047	0.08321
165 T	0.10426	0.81346	0.08228
166 C	0.09665	0.82104	0.08231
167 A	0.08843	0.83514	0.07644
168 A	0.08416	0.84412	0.07172
169 C	0.09834	0.83157	0.07009
170 A	0.11497	0.83032	0.05471
171 A	0.14072	0.81388	0.04541
172 G	0.20120	0.76236	0.03644
173 A	0.24912	0.72714	0.02374
174 A	0.31094	0.66914	0.01992
175 T	0.37231	0.60849	0.0192
176 A	0.38244	0.59824	0.01933
177 T	0.41538	0.56298	0.02164
178 G	0.39373	0.58387	0.0224
179 A	0.39044	0.58707	0.02249
180 A	0.37563	0.60146	0.02292
181 C	0.35489	0.62162	0.02348
182 A	0.35879	0.61801	0.0232
183 A	0.41763	0.55968	0.02269
184 A	0.46029	0.51826	0.02145
185 A	0.45629	0.52296	0.02075
186 A	0.43848	0.54097	0.02055
187 A	0.42508	0.54819	0.02673
188 T	0.38699	0.57311	0.0399
189 A	0.25766	0.69299	0.04935
190 A	0.17236	0.77436	0.05328
191 A	0.12296	0.82964	0.0474
192 A	0.09455	0.86837	0.03707
193 A	0.07988	0.88421	0.0359
194 A	0.07164	0.89236	0.036
195 A	0.07531	0.88647	0.03821
196 T	0.08266	0.87182	0.04552
197 A	0.07597	0.87343	0.0506
198 T	0.07133	0.86363	0.06504
199 G	0.05026	0.86840	0.08134
200 A	0.04108	0.86850	0.09043
201 G	0.03576	0.84669	0.11755
202 A	0.03209	0.83152	0.13638
203 A	0.03185	0.80027	0.16787
204 T	0.03217	0.75401	0.21382
205 G	0.03055	0.73086	0.23859
206 A	0.02889	0.71416	0.25695
207 A	0.02717	0.69401	0.27882
208 A	0.02519	0.67726	0.29755
209 A	0.02454	0.64804	0.32743
210 A	0.02396	0.62255	0.35349
211 G	0.02525	0.55776	0.41698
212 A	0.02847	0.42852	0.54301
213 G	0.03460	0.34739	0.61801
214 A	0.05076	0.28762	0.66162
215 T	0.07365	0.24715	0.6792
216 T	0.08146	0.22687	0.69167
217 T	0.08371	0.23641	0.67988
218 T	0.08315	0.27360	0.64325
219 A	0.08061	0.30251	0.61688
220 T	0.08063	0.30927	0.61009
221 T	0.07826	0.32661	0.59513
222 G	0.07608	0.34314	0.58078
223 A	0.07516	0.38247	0.54237
224 T	0.07559	0.42978	0.49464
225 T	0.07036	0.56212	0.36753
226 A	0.04737	0.78835	0.16428
227 A	0.03683	0.86882	0.09435
228 A	0.03380	0.91366	0.05254
229 A	0.03450	0.91402	0.05148
230 A	0.03628	0.91178	0.05195
231 A	0.04217	0.90482	0.05301
232 A	0.05211	0.89450	0.0534
233 C	0.06471	0.88051	0.05478
234 A	0.06980	0.87845	0.05175
235 A	0.07913	0.87105	0.04982
236 T	0.09314	0.85816	0.0487
237 G	0.09795	0.85484	0.04721
238 G	0.11363	0.84192	0.04445
239 A	0.13491	0.82356	0.04153
240 A	0.17745	0.78224	0.04031
241 T	0.22552	0.73442	0.04006
242 T	0.25286	0.70986	0.03728
243 A	0.25040	0.71907	0.03053
244 G	0.22857	0.74378	0.02764
245 A	0.23011	0.74549	0.02441
246 A	0.24348	0.73337	0.02316
247 A	0.27412	0.70362	0.02226
248 A	0.40304	0.56876	0.0282
249 T	0.59588	0.35643	0.04769
250 A	0.62667	0.32103	0.05229
251 T	0.64518	0.30385	0.05097
252 A	0.60692	0.34987	0.04321
253 A	0.57728	0.38538	0.03734
254 A	0.51820	0.44385	0.03795
255 A	0.41001	0.55133	0.03866
256 A	0.36516	0.59527	0.03958
257 A	0.32045	0.63785	0.04171
258 C	0.29103	0.66397	0.045
259 A	0.20866	0.74703	0.04431
260 A	0.11910	0.83535	0.04555
261 C	0.08571	0.86807	0.04622
262 G	0.07532	0.88203	0.04264
263 A	0.07138	0.89707	0.03155
264 A	0.07128	0.90153	0.02719
265 A	0.07478	0.89636	0.02886
266 T	0.08256	0.87735	0.04009
267 T	0.08443	0.83202	0.08355
268 A	0.08083	0.81159	0.10759
269 A	0.08056	0.78133	0.13811
270 T	0.08457	0.74242	0.17301
271 C	0.08476	0.72261	0.19262
272 A	0.08544	0.72714	0.18743
273 G	0.08742	0.71221	0.20037
274 T	0.09068	0.70401	0.20531
275 T	0.09337	0.69337	0.21325
276 A	0.08706	0.72672	0.18622
277 A	0.08389	0.69480	0.22131
278 A	0.08236	0.61347	0.30416
279 A	0.08180	0.57646	0.34174
280 A	0.08173	0.52570	0.39256
281 A	0.08232	0.49334	0.42434
282 T	0.08422	0.40939	0.50639
283 G	0.08509	0.33983	0.57508
284 A	0.08671	0.35993	0.55336
285 A	0.09110	0.39864	0.51026
286 A	0.10206	0.39256	0.50538
287 T	0.10889	0.39568	0.49543
288 T	0.11070	0.41523	0.47408
289 A	0.11087	0.45299	0.43614
290 C	0.11108	0.46678	0.42214
291 T	0.11164	0.57580	0.31256
292 A	0.11123	0.75934	0.12943
293 A	0.11319	0.80138	0.08542
294 A	0.11891	0.81733	0.06377
295 T	0.13447	0.80300	0.06253
296 T	0.14226	0.79355	0.06419
297 A	0.14678	0.79034	0.06288
298 A	0.16183	0.77691	0.06127
299 C	0.19477	0.73975	0.06548
300 A	0.21434	0.73700	0.04866
301 T	0.23622	0.71607	0.04771
302 T	0.24547	0.70856	0.04598
303 A	0.24390	0.71323	0.04287
304 A	0.22841	0.73066	0.04094
305 C	0.21175	0.74738	0.04087
306 A	0.20504	0.75542	0.03954
307 A	0.23506	0.72511	0.03983
308 G	0.28193	0.67778	0.04028
309 A	0.29834	0.66124	0.04042
310 G	0.32760	0.63175	0.04065
311 C	0.38721	0.57096	0.04184
312 T	0.45749	0.50097	0.04154
313 A	0.48229	0.47786	0.03985
314 A	0.57719	0.38266	0.04015
315 T	0.72833	0.23019	0.04148
316 T	0.75291	0.20494	0.04215
317 T	0.75284	0.20259	0.04457
318 C	0.70752	0.24688	0.0456
319 A	0.65047	0.30406	0.04546
320 A	0.61574	0.33758	0.04668
321 C	0.59392	0.35823	0.04785
322 A	0.57852	0.37362	0.04786
323 T	0.58329	0.36851	0.04819
324 T	0.57090	0.37949	0.04961
325 A	0.53993	0.40895	0.05112
326 A	0.48638	0.45779	0.05583
327 G	0.41652	0.50173	0.08175
328 T	0.40225	0.49120	0.10655
329 T	0.36947	0.51048	0.12005
330 A	0.30706	0.57028	0.12266
331 A	0.25764	0.62162	0.12073
332 T	0.23614	0.64478	0.11907
333 A	0.19929	0.68060	0.1201
334 G	0.17345	0.70393	0.12261
335 G	0.16172	0.71470	0.12358
336 T	0.16070	0.71712	0.12218
337 G	0.15658	0.72699	0.11642
338 A	0.15496	0.73160	0.11344
339 A	0.15432	0.73059	0.11509
340 A	0.15414	0.71907	0.12679
341 A	0.15419	0.67794	0.16787
342 T	0.15494	0.61907	0.22599
343 T	0.15501	0.58331	0.26168
344 T	0.15439	0.56415	0.28147
345 A	0.15224	0.55756	0.2902
346 G	0.15099	0.55021	0.29879
347 A	0.15035	0.54461	0.30504
348 A	0.15049	0.52110	0.3284
349 A	0.15113	0.47330	0.37556
350 A	0.15272	0.40065	0.44663
351 A	0.15568	0.38154	0.46278
352 T	0.16227	0.33594	0.50179
353 G	0.16822	0.27442	0.55737
354 G	0.17539	0.22977	0.59483
355 T	0.18207	0.22586	0.59206
356 G	0.18488	0.25075	0.56438
357 T	0.18794	0.31211	0.49995
358 G	0.18946	0.38434	0.4262
359 A	0.19114	0.51313	0.29573
360 T	0.19602	0.55495	0.24902
361 A	0.19500	0.60330	0.20169
362 A	0.19209	0.64930	0.15861
363 T	0.18936	0.68782	0.12283
364 G	0.18127	0.71984	0.09889
365 A	0.17439	0.74465	0.08096
366 A	0.17144	0.75204	0.07652
367 A	0.17521	0.75105	0.07373
368 T	0.18665	0.73871	0.07463
369 G	0.18999	0.73655	0.07347
370 C	0.19468	0.73670	0.06862
371 A	0.19866	0.74336	0.05798
372 A	0.19909	0.74472	0.05619
373 A	0.20234	0.74290	0.05476
374 A	0.21217	0.73360	0.05423
375 T	0.22263	0.72352	0.05386
376 C	0.22958	0.71641	0.05401
377 A	0.23991	0.70688	0.05321
378 A	0.27094	0.67601	0.05305
379 A	0.33661	0.61006	0.05333
380 T	0.42944	0.51667	0.05389
381 A	0.51100	0.43402	0.05497
382 T	0.64865	0.29066	0.0607
383 T	0.69127	0.24452	0.0642
384 A	0.71390	0.21698	0.06913
385 A	0.73892	0.18559	0.0755
386 T	0.76840	0.14801	0.08359
387 T	0.77624	0.13060	0.09316
388 A	0.75777	0.14153	0.10069
389 C	0.74868	0.14307	0.10825
390 T	0.74295	0.14719	0.10986
391 G	0.70397	0.18756	0.10847
392 A	0.68149	0.21028	0.10823
393 T	0.67086	0.22052	0.10862
394 G	0.64173	0.25134	0.10693
395 A	0.64011	0.25171	0.10818
396 T	0.64157	0.24929	0.10914
397 A	0.63958	0.24846	0.11196
398 T	0.63921	0.24618	0.11461
399 T	0.63849	0.24516	0.11635
400 T	0.63053	0.25089	0.11858
401 C	0.61845	0.26241	0.11915
402 T	0.60883	0.27525	0.11592
403 T	0.59831	0.28850	0.1132
404 G	0.58775	0.30034	0.11191
405 G	0.57465	0.31520	0.11015
406 T	0.56529	0.32756	0.10716
407 A	0.55849	0.33310	0.1084
408 T	0.55413	0.33628	0.10959
409 A	0.54760	0.34713	0.10527
410 A	0.54472	0.34419	0.1111
411 A	0.54298	0.32064	0.13637
412 G	0.54144	0.30610	0.15246
413 A	0.54141	0.29687	0.16172
414 T	0.54371	0.25853	0.19776
415 A	0.54259	0.23939	0.21802
416 A	0.54061	0.22571	0.23369
417 C	0.53537	0.19851	0.26612
418 G	0.53344	0.21267	0.25388
419 A	0.53316	0.24291	0.22394
420 A	0.53313	0.29666	0.1702
421 A	0.53392	0.34995	0.11612
422 T	0.53731	0.36305	0.09963
423 T	0.53765	0.38350	0.07885
424 A	0.53273	0.40254	0.06473
425 T	0.53280	0.39407	0.07313
426 T	0.52156	0.40145	0.07699
427 A	0.50791	0.41082	0.08127
428 A	0.49893	0.41104	0.09003
429 C	0.49206	0.40897	0.09897
430 G	0.48582	0.41211	0.10207
431 G	0.48339	0.41346	0.10315
432 A	0.48693	0.41207	0.101
433 A	0.48778	0.41658	0.09564
434 C	0.48829	0.42166	0.09005
435 T	0.48926	0.42762	0.08312
436 A	0.48386	0.44023	0.07591
437 A	0.48133	0.45500	0.06367
438 A	0.48030	0.45914	0.06056
439 G	0.48075	0.45892	0.06033
440 G	0.48428	0.44882	0.06689
441 A	0.50191	0.42752	0.07058
442 G	0.53641	0.38868	0.07491
443 A	0.59781	0.32513	0.07706
444 T	0.66763	0.25126	0.0811
445 T	0.68828	0.22864	0.08309
446 T	0.71609	0.19748	0.08643
447 T	0.73263	0.17386	0.0935
448 A	0.73503	0.16835	0.09662
449 T	0.73919	0.14833	0.11248
450 T	0.74169	0.13591	0.12239
451 T	0.74309	0.12813	0.12878
452 A	0.74201	0.12386	0.13413
453 T	0.74181	0.11717	0.14102
454 A	0.72947	0.12802	0.14252
455 A	0.72013	0.13638	0.14349
456 A	0.72351	0.13037	0.14612
457 T	0.73241	0.11812	0.14948
458 T	0.73624	0.11277	0.15099
459 G	0.73680	0.11353	0.14968
460 T	0.74458	0.11343	0.14198
461 A	0.74092	0.13451	0.12456
462 T	0.73479	0.15636	0.10884
463 T	0.70575	0.21686	0.07739
464 T	0.67205	0.25585	0.07209
465 T	0.64039	0.28924	0.07037
466 G	0.53341	0.39992	0.06666
467 A	0.42995	0.50613	0.06392
468 C	0.34881	0.58969	0.0615
469 C	0.30410	0.63874	0.05716
470 A	0.26031	0.68852	0.05117
471 C	0.22893	0.72294	0.04813
472 A	0.19637	0.76127	0.04236
473 A	0.17251	0.78807	0.03942
474 T	0.16041	0.80171	0.03788
475 A	0.14621	0.82147	0.03231
476 A	0.13775	0.83240	0.02985
477 A	0.13142	0.82663	0.04196
478 A	0.12946	0.81527	0.05527
479 A	0.12907	0.80992	0.06102
480 A	0.12861	0.80957	0.06182
481 G	0.13090	0.81425	0.05485
482 A	0.13632	0.81131	0.05237
483 A	0.14451	0.80418	0.0513
484 A	0.16155	0.77830	0.06016
485 A	0.17843	0.74446	0.07712
486 T	0.20719	0.67297	0.11984
487 G	0.21064	0.63282	0.15654
488 A	0.21240	0.60626	0.18134
489 A	0.21669	0.51352	0.26979
490 A	0.22522	0.40029	0.37449
491 T	0.23563	0.30083	0.46354
492 T	0.24387	0.25544	0.50069
493 T	0.24800	0.21308	0.53893
494 T	0.24856	0.18248	0.56897
495 A	0.24741	0.15458	0.598
496 A	0.24639	0.12727	0.62634
497 C	0.24582	0.11023	0.64396
498 T	0.25236	0.09310	0.65455
499 T	0.25580	0.08268	0.66152
500 C	0.25594	0.07655	0.6675
501 G	0.25559	0.07679	0.66761
502 G	0.25612	0.07936	0.66453
503 C	0.25833	0.08847	0.6532
504 T	0.26968	0.11790	0.61242
505 A	0.27374	0.16193	0.56434
506 T	0.28047	0.18486	0.53467
507 T	0.28059	0.22355	0.49585
508 T	0.27587	0.33302	0.39111
509 T	0.26631	0.46495	0.26874
510 A	0.19852	0.63109	0.1704
511 G	0.16899	0.70207	0.12894
512 A	0.13342	0.77863	0.08794
513 A	0.10846	0.81823	0.07332
514 A	0.09667	0.83696	0.06637
515 T	0.09397	0.84279	0.06324
516 G	0.08688	0.85392	0.0592
517 A	0.08506	0.85611	0.05883
518 A	0.08576	0.85480	0.05945
519 A	0.08404	0.85624	0.05973
520 T	0.08250	0.85670	0.0608
521 C	0.07611	0.86357	0.06032
522 A	0.07226	0.87308	0.05467
523 G	0.07160	0.87353	0.05488
524 A	0.07217	0.87254	0.0553
525 A	0.07827	0.86577	0.05596
526 A	0.09778	0.84546	0.05676
527 C	0.14470	0.79478	0.06053
528 G	0.19176	0.74613	0.06212
529 A	0.22631	0.71168	0.06201
530 A	0.27435	0.66140	0.06425
531 A	0.40080	0.52870	0.0705
532 T	0.53861	0.38294	0.07845
533 T	0.62484	0.22922	0.14594
534 A	0.64497	0.18054	0.1745
535 T	0.66624	0.12341	0.21034
536 T	0.64609	0.13399	0.21992
537 A	0.49749	0.30827	0.19423
538 G	0.34704	0.48898	0.16398
539 A	0.24038	0.63133	0.12829
540 A	0.18457	0.72296	0.09247
541 A	0.14318	0.77019	0.08663
542 A	0.10890	0.81621	0.07489
543 A	0.09740	0.83079	0.0718
544 A	0.08745	0.84208	0.07047
545 C	0.08182	0.85159	0.06659
546 T	0.07719	0.86895	0.05386
547 A	0.06642	0.91167	0.02192
548 A	0.04993	0.94099	0.00908
549 A	0.04189	0.94993	0.00819
550 A	0.03566	0.95631	0.00803
551 A	0.03063	0.96057	0.0088
552 G	0.02926	0.96097	0.00977
553 C	0.02857	0.96108	0.01035
554 A	0.02739	0.96331	0.0093
555 A	0.02642	0.96518	0.0084
556 A	0.02637	0.96591	0.00772
557 A	0.02836	0.96283	0.00881
558 A	0.03140	0.95729	0.01132
559 A	0.04552	0.90532	0.04915
560 A	0.07686	0.71385	0.20929
561 T	0.11128	0.53095	0.35777
562 G	0.14204	0.40240	0.45557
563 A	0.17439	0.32333	0.50227
564 A	0.18278	0.27836	0.53886
565 C	0.19658	0.22581	0.57761
566 A	0.20170	0.22373	0.57458
567 A	0.21680	0.20485	0.57835
568 T	0.23240	0.18849	0.5791
569 T	0.24576	0.18276	0.57148
570 T	0.26705	0.17890	0.55405
571 T	0.27108	0.18507	0.54385
572 T	0.26473	0.20108	0.5342
573 T	0.25347	0.24937	0.49716
574 A	0.23630	0.42123	0.34247
575 A	0.21359	0.52145	0.26495
576 A	0.19979	0.57445	0.22577
577 A	0.19177	0.60692	0.20131
578 A	0.18713	0.61886	0.194
579 A	0.18024	0.63262	0.18715
580 T	0.17233	0.65135	0.17631
581 T	0.15731	0.68313	0.15956
582 A	0.12265	0.74440	0.13295
583 G	0.10622	0.78867	0.10511
584 A	0.10011	0.81067	0.08922
585 T	0.09722	0.81960	0.08318
586 A	0.09283	0.82937	0.07781
587 A	0.09138	0.83376	0.07487
588 A	0.09351	0.83049	0.076
589 G	0.10542	0.81595	0.07863
590 A	0.11754	0.80411	0.07835
591 T	0.14190	0.77617	0.08192
592 C	0.15734	0.75543	0.08723
593 G	0.18208	0.73211	0.08581
594 T	0.21681	0.70147	0.08173
595 A	0.23674	0.68949	0.07377
596 A	0.27485	0.65562	0.06952
597 T	0.41686	0.50905	0.07409
598 A	0.47533	0.43377	0.0909
599 A	0.50884	0.38913	0.10203
600 T	0.53272	0.35651	0.11076
601 A	0.50097	0.38715	0.11187
602 A	0.48275	0.40316	0.11409
603 A	0.47557	0.40682	0.11761
604 A	0.49060	0.37697	0.13244
605 A	0.51518	0.31945	0.16536
606 T	0.54918	0.26944	0.18138
607 T	0.55751	0.26230	0.18019
608 T	0.53817	0.28640	0.17542
609 A	0.49794	0.33712	0.16494
610 G	0.48507	0.35572	0.1592
611 A	0.47656	0.36502	0.15842
612 A	0.47336	0.36712	0.15952
613 T	0.47661	0.36170	0.16169
614 T	0.47487	0.36211	0.16301
615 C	0.47239	0.36285	0.16476
616 G	0.47063	0.36401	0.16536
617 C	0.47110	0.36303	0.16587
618 C	0.47837	0.35577	0.16587
619 T	0.48806	0.35036	0.16157
620 T	0.49158	0.34922	0.1592
621 A	0.49203	0.34984	0.15812
622 T	0.49306	0.34851	0.15843
623 T	0.49055	0.34530	0.16415
624 A	0.47929	0.31801	0.2027
625 G	0.47776	0.29141	0.23083
626 T	0.48112	0.26904	0.24984
627 A	0.47540	0.26935	0.25525
628 A	0.47181	0.26535	0.26284
629 G	0.47129	0.25536	0.27335
630 T	0.45578	0.27266	0.27156
631 G	0.43516	0.29358	0.27126
632 A	0.42576	0.30200	0.27225
633 A	0.42241	0.32500	0.25259
634 T	0.41481	0.35126	0.23393
635 T	0.39087	0.38922	0.21991
636 A	0.35003	0.44985	0.20012
637 G	0.31661	0.50347	0.17992
638 A	0.30145	0.54944	0.14911
639 A	0.29615	0.56486	0.13899
640 T	0.29390	0.57638	0.12972
641 A	0.29155	0.59016	0.11829
642 T	0.29417	0.59468	0.11115
643 G	0.29359	0.59526	0.11114
644 A	0.29325	0.59441	0.11234
645 T	0.29093	0.59459	0.11448
646 A	0.28408	0.59840	0.11751
647 C	0.27927	0.59086	0.12987
648 A	0.26134	0.60916	0.1295
649 G	0.25030	0.62314	0.12656
650 A	0.24580	0.63457	0.11963
651 A	0.24861	0.63766	0.11373
652 A	0.25564	0.62935	0.11501
653 A	0.26930	0.58234	0.14837
654 T	0.29144	0.53271	0.17586
655 G	0.31117	0.49429	0.19453
656 A	0.34399	0.45652	0.19949
657 T	0.37620	0.40957	0.21423
658 A	0.38463	0.37377	0.24161
659 A	0.39344	0.33037	0.27619
660 T	0.41484	0.27727	0.30789
661 C	0.43514	0.24276	0.3221
662 C	0.44048	0.23413	0.32539
663 G	0.44467	0.23390	0.32143
664 G	0.44776	0.23945	0.31279
665 T	0.44667	0.25653	0.29681
666 T	0.41521	0.31774	0.26704
667 A	0.34377	0.47662	0.17961
668 A	0.29811	0.57817	0.12372
669 A	0.25931	0.65714	0.08355
670 A	0.24374	0.68190	0.07435
671 A	0.23717	0.68070	0.08213
672 A	0.23576	0.67553	0.0887
673 G	0.24225	0.66510	0.09265
674 T	0.25075	0.65652	0.09274
675 A	0.25105	0.65910	0.08985
676 A	0.25293	0.65580	0.09127
677 A	0.25596	0.65120	0.09284
678 T	0.26087	0.64206	0.09708
679 G	0.26449	0.63675	0.09876
680 A	0.26580	0.63501	0.09919
681 A	0.26700	0.62901	0.10398
682 T	0.26836	0.62227	0.10936
683 A	0.26808	0.62685	0.10506
684 T	0.26955	0.62781	0.10263
685 A	0.27042	0.64727	0.08232
686 A	0.27590	0.64333	0.08077
687 A	0.28710	0.62551	0.08738
688 A	0.30884	0.59197	0.0992
689 A	0.34480	0.51996	0.13524
690 T	0.44039	0.35711	0.2025
691 A	0.49186	0.26627	0.24187
692 T	0.53844	0.18470	0.27686
693 G	0.55235	0.16004	0.2876
694 T	0.56618	0.14251	0.2913
695 T	0.57036	0.13448	0.29516
696 T	0.56812	0.13764	0.29424
697 A	0.56493	0.14252	0.29255
698 T	0.56423	0.14572	0.29005
699 C	0.55669	0.16922	0.27408
700 A	0.54926	0.19832	0.25242
701 T	0.54342	0.21439	0.24219
702 T	0.52893	0.23041	0.24066
703 A	0.51689	0.24263	0.24048
704 G	0.51543	0.24424	0.24033
705 A	0.51955	0.23955	0.2409
706 C	0.52957	0.22785	0.24258
707 C	0.54241	0.21447	0.24313
708 T	0.57037	0.18624	0.24338
709 T	0.58042	0.17636	0.24323
710 C	0.58103	0.17590	0.24307
711 T	0.58247	0.17562	0.24191
712 T	0.58169	0.17743	0.24088
713 A	0.58121	0.17902	0.23977
714 T	0.58308	0.17778	0.23914
715 T	0.58368	0.17768	0.23864
716 T	0.58505	0.17514	0.23981
717 A	0.58347	0.17698	0.23955
718 A	0.58247	0.17799	0.23954
719 T	0.58837	0.16667	0.24496
720 A	0.59139	0.15927	0.24934
721 A	0.59807	0.14592	0.25601
722 T	0.61690	0.11486	0.26824
723 T	0.63552	0.08600	0.27848
724 T	0.64179	0.07176	0.28645
725 T	0.64239	0.05903	0.29858
726 T	0.63859	0.05454	0.30687
727 T	0.63134	0.05994	0.30872
728 T	0.61947	0.07315	0.30738
729 G	0.60014	0.09797	0.3019
730 A	0.59499	0.11394	0.29107
731 A	0.59168	0.11912	0.2892
732 T	0.58921	0.12173	0.28906
733 A	0.58399	0.12682	0.28919
734 T	0.58126	0.13168	0.28706
735 C	0.57422	0.14373	0.28205
736 A	0.56820	0.15512	0.27668
737 T	0.56671	0.15551	0.27778
738 T	0.56007	0.16093	0.279
739 A	0.54252	0.17753	0.27994
740 C	0.52863	0.18806	0.28331
741 C	0.52076	0.19373	0.28552
742 G	0.51058	0.20923	0.2802
743 C	0.50375	0.22484	0.27141
744 T	0.49908	0.24660	0.25431
745 T	0.49084	0.26794	0.24121
746 T	0.47264	0.31529	0.21208
747 A	0.42239	0.43062	0.14699
748 G	0.39803	0.47455	0.12743
749 G	0.38479	0.49782	0.11739
750 A	0.37730	0.51455	0.10815
751 A	0.37461	0.51665	0.10874
752 G	0.37639	0.51336	0.11025
753 A	0.38211	0.52869	0.0892
754 A	0.38348	0.55090	0.06562
755 A	0.38520	0.56141	0.05339
756 A	0.38901	0.56334	0.04765
757 A	0.39294	0.55828	0.04878
758 A	0.39998	0.54498	0.05504
759 T	0.40611	0.53092	0.06297
760 A	0.40689	0.52775	0.06536
761 A	0.40845	0.51937	0.07218
762 A	0.41121	0.49969	0.08909
763 G	0.41429	0.48175	0.10396
764 A	0.42008	0.46827	0.11165
765 A	0.43332	0.44405	0.12263
766 T	0.45494	0.40971	0.13535
767 T	0.47457	0.38092	0.14451
768 A	0.48326	0.36921	0.14752
769 A	0.50735	0.33673	0.15592
770 T	0.57906	0.23370	0.18724
771 T	0.60052	0.20773	0.19175
772 T	0.61297	0.18897	0.19806
773 T	0.61079	0.19838	0.19083
774 G	0.59280	0.21903	0.18817
775 G	0.58852	0.22960	0.18188
776 C	0.56908	0.26317	0.16774
777 T	0.57064	0.27895	0.15041
778 C	0.54163	0.31083	0.14755
779 T	0.51871	0.34749	0.13379
780 T	0.48094	0.39159	0.12747
781 T	0.40732	0.46994	0.12274
782 C	0.28654	0.59314	0.12031
783 A	0.22172	0.66326	0.11502
784 G	0.18573	0.70626	0.10802
785 A	0.16254	0.73322	0.10424
786 A	0.14470	0.75305	0.10225
787 A	0.12508	0.77443	0.10049
788 A	0.10902	0.79202	0.09896
789 A	0.10166	0.79970	0.09864
790 A	0.09808	0.80305	0.09887
791 A	0.09927	0.79861	0.10213
792 A	0.10355	0.79151	0.10494
793 C	0.11338	0.77893	0.10769
794 A	0.12287	0.76937	0.10777
795 A	0.12483	0.76510	0.11007
796 A	0.13530	0.74329	0.12141
797 A	0.14316	0.71789	0.13895
798 A	0.15366	0.69864	0.14769
799 T	0.18224	0.60747	0.21029
800 T	0.19797	0.53726	0.26477
801 T	0.19835	0.45573	0.34591
802 T	0.19375	0.39412	0.41213
803 G	0.17945	0.38429	0.43626
804 T	0.16067	0.39601	0.44332
805 G	0.11761	0.49150	0.39088
806 A	0.09558	0.55472	0.3497
807 T	0.09129	0.56131	0.34741
808 G	0.07726	0.61524	0.3075
809 A	0.06906	0.64907	0.28186
810 A	0.06511	0.65256	0.28233
811 G	0.06219	0.64833	0.28949
812 A	0.06040	0.65351	0.28609
813 A	0.06064	0.66264	0.27672
814 G	0.06140	0.66912	0.26948
815 A	0.06205	0.68535	0.2526
816 A	0.06300	0.69986	0.23714
817 A	0.06554	0.70065	0.2338
818 T	0.06764	0.70123	0.23113
819 A	0.06711	0.71568	0.21722
820 A	0.06737	0.72856	0.20408
821 A	0.06811	0.74001	0.19188
822 T	0.07075	0.75234	0.17691
823 A	0.07041	0.78482	0.14476
824 A	0.07400	0.82231	0.10369
825 A	0.08430	0.83065	0.08506
826 A	0.11612	0.80290	0.08098
827 G	0.16877	0.73696	0.09427
828 T	0.33940	0.52908	0.13152
829 T	0.42011	0.43134	0.14856
830 T	0.44227	0.41347	0.14427
831 T	0.45399	0.39714	0.14888
832 C	0.43216	0.41640	0.15144
833 A	0.39649	0.45646	0.14705
834 A	0.31645	0.53938	0.14417
835 C	0.28264	0.57798	0.13938
836 A	0.26892	0.61089	0.12019
837 A	0.25833	0.66050	0.08117
838 A	0.24489	0.70395	0.05116
839 T	0.23025	0.72633	0.04343
840 G	0.16269	0.80227	0.03504
841 A	0.14884	0.82659	0.02457
842 A	0.15250	0.82740	0.0201
843 A	0.16423	0.81459	0.02118
844 G	0.17824	0.79899	0.02277
845 A	0.20187	0.77456	0.02357
846 A	0.24082	0.73338	0.02581
847 C	0.29736	0.67520	0.02745
848 A	0.32964	0.64253	0.02783
849 C	0.35431	0.61738	0.02831
850 A	0.36889	0.60282	0.02829
851 T	0.38007	0.59143	0.0285
852 T	0.38414	0.58683	0.02903
853 T	0.38789	0.57927	0.03284
854 T	0.37732	0.58617	0.0365
855 A	0.34995	0.58356	0.06649
856 A	0.33134	0.56547	0.1032
857 A	0.31841	0.49621	0.18538
858 T	0.31395	0.46046	0.22559
859 A	0.30066	0.45163	0.2477
860 A	0.33573	0.39526	0.26902
861 T	0.37017	0.32998	0.29985
862 T	0.37298	0.30026	0.32677
863 C	0.37033	0.25194	0.37773
864 T	0.36862	0.26743	0.36395
865 T	0.32821	0.33649	0.3353
866 T	0.24678	0.48000	0.27322
867 A	0.15856	0.60663	0.23481
868 A	0.12468	0.65144	0.22388
869 A	0.10690	0.68071	0.21238
870 T	0.09340	0.70995	0.19664
871 A	0.07239	0.76981	0.15781
872 A	0.05960	0.82826	0.11214
873 A	0.05055	0.86524	0.08422
874 A	0.04705	0.87779	0.07516
875 T	0.04526	0.88499	0.06975
876 A	0.04162	0.88996	0.06841
877 G	0.04092	0.88011	0.07897
878 A	0.04127	0.85393	0.1048
879 A	0.04273	0.83137	0.1259
880 A	0.04559	0.81075	0.14367
881 A	0.05679	0.78592	0.15729
882 C	0.06698	0.74423	0.18879
883 A	0.07740	0.73007	0.19253
884 A	0.09301	0.71307	0.19392
885 T	0.12163	0.67814	0.20023
886 T	0.14133	0.65636	0.20231
887 T	0.16421	0.63042	0.20537
888 A	0.18381	0.56150	0.25468
889 T	0.23131	0.42868	0.34001
890 T	0.25162	0.36186	0.38652
891 A	0.25139	0.41344	0.33517
892 A	0.24927	0.52384	0.22689
893 A	0.24815	0.60904	0.1428
894 A	0.27315	0.64034	0.08652
895 A	0.31028	0.59626	0.09347
896 T	0.34284	0.55581	0.10135
897 G	0.34120	0.55577	0.10302
898 T	0.34088	0.55723	0.10189
899 C	0.31332	0.58616	0.10053
900 A	0.25717	0.65135	0.09147
901 G	0.18531	0.73269	0.08201
902 A	0.12834	0.80744	0.06423
903 A	0.09857	0.86065	0.04078
904 G	0.07393	0.89777	0.02829
905 A	0.05838	0.91642	0.0252
906 A	0.04916	0.92649	0.02436
907 A	0.04932	0.92663	0.02405
908 A	0.05207	0.92425	0.02367
909 C	0.05895	0.91738	0.02367
910 G	0.06515	0.91441	0.02043
911 A	0.07662	0.90516	0.01822
912 A	0.08977	0.89258	0.01765
913 A	0.12869	0.85331	0.01799
914 A	0.19750	0.78096	0.02154
915 A	0.31098	0.65329	0.03573
916 A	0.39325	0.55097	0.05577
917 T	0.45822	0.47043	0.07134
918 T	0.43263	0.48496	0.08241
919 A	0.35234	0.56318	0.08448
920 A	0.27236	0.63476	0.09288
921 A	0.16964	0.72997	0.10038
922 A	0.10826	0.76490	0.12685
923 A	0.07078	0.74991	0.17932
924 A	0.07526	0.67763	0.24711
925 A	0.08955	0.60311	0.30734
926 T	0.10884	0.55035	0.34081
927 G	0.11087	0.52421	0.36491
928 T	0.10829	0.51298	0.37872
929 C	0.10259	0.50911	0.3883
930 A	0.09601	0.51404	0.38995
931 G	0.09373	0.51386	0.39242
932 A	0.09411	0.51236	0.39354
933 T	0.09811	0.50662	0.39528
934 T	0.10044	0.50318	0.39638
935 C	0.09961	0.49731	0.40308
936 T	0.09851	0.49745	0.40404
937 T	0.09663	0.49992	0.40345
938 T	0.09414	0.50289	0.40298
939 A	0.09124	0.50677	0.40198
940 A	0.09016	0.50551	0.40432
941 A	0.09071	0.45203	0.45726
942 T	0.09673	0.35695	0.54632
943 A	0.09961	0.27702	0.62338
944 G	0.10426	0.18239	0.71335
945 T	0.10884	0.11661	0.77455
946 T	0.11048	0.07411	0.81541
947 C	0.11120	0.06620	0.82259
948 T	0.11184	0.07044	0.81772
949 T	0.11212	0.07539	0.81249
950 A	0.11154	0.09416	0.79429
951 T	0.11171	0.10762	0.78066
952 T	0.11117	0.13320	0.75563
953 T	0.10894	0.20627	0.68479
954 T	0.10311	0.37187	0.52502
955 A	0.09837	0.56838	0.33325
956 A	0.09301	0.69634	0.21064
957 A	0.08904	0.78224	0.12871
958 A	0.08736	0.82872	0.08392
959 T	0.08802	0.83836	0.07362
960 T	0.08517	0.85318	0.06166
961 A	0.08100	0.87719	0.04181
962 A	0.07950	0.88693	0.03356
963 A	0.07834	0.88842	0.03324
964 A	0.07761	0.88948	0.03291
965 A	0.07754	0.89077	0.03169
966 A	0.07602	0.89422	0.02976
967 C	0.07539	0.89878	0.02582
968 A	0.07533	0.90606	0.01861
969 A	0.07700	0.90518	0.01783
970 A	0.07955	0.90347	0.01699
971 T	0.08778	0.89541	0.01681
972 A	0.09500	0.88831	0.01668
973 C	0.12346	0.85791	0.01863
974 A	0.14736	0.83333	0.01932
975 A	0.18372	0.79524	0.02104
976 A	0.27213	0.70424	0.02363
977 C	0.46050	0.51064	0.02885
978 T	0.65427	0.31545	0.03028
979 A	0.76015	0.20470	0.03515
980 T	0.83542	0.12501	0.03957
981 T	0.86455	0.09371	0.04174
982 T	0.86522	0.09264	0.04213
983 C	0.84874	0.10539	0.04587
984 T	0.79032	0.16340	0.04627
985 A	0.68945	0.26512	0.04542
986 A	0.64498	0.31047	0.04454
987 A	0.61457	0.33986	0.04556
988 G	0.57873	0.37453	0.04674
989 A	0.56106	0.38948	0.04947
990 T	0.56325	0.38535	0.05139
991 C	0.56207	0.38592	0.05201
992 A	0.55590	0.39540	0.0487
993 T	0.55437	0.40025	0.04537
994 T	0.55143	0.40362	0.04496
995 T	0.52466	0.43059	0.04475
996 A	0.41136	0.54441	0.04423
997 A	0.29164	0.66371	0.04465
998 C	0.24476	0.70994	0.0453
999 A	0.20526	0.75022	0.04452
1000 A	0.17313	0.78294	0.04392
1001 C	0.16003	0.79554	0.04444
1002 T	0.15417	0.80171	0.04412
1003 A	0.14820	0.80803	0.04377
1004 T	0.14793	0.80045	0.05162
1005 A	0.14675	0.79347	0.05977
1006 T	0.14845	0.77132	0.08023
1007 T	0.14941	0.69279	0.1578
1008 T	0.14811	0.59427	0.25763
1009 A	0.14293	0.55923	0.29784
1010 A	0.13734	0.53779	0.32487
1011 T	0.13351	0.51060	0.35589
1012 C	0.12761	0.50545	0.36694
1013 A	0.12621	0.51948	0.35431
1014 A	0.12581	0.53395	0.34024
1015 A	0.12820	0.54862	0.32319
1016 T	0.13097	0.59230	0.27674
1017 T	0.12924	0.66040	0.21037
1018 A	0.11919	0.67358	0.20722
1019 A	0.11548	0.58636	0.29816
1020 A	0.11402	0.48904	0.39694
1021 A	0.11361	0.45835	0.42805
1022 A	0.11475	0.43033	0.45492
1023 T	0.11635	0.39894	0.48471
1024 T	0.11662	0.39388	0.4895
1025 T	0.11660	0.40521	0.47819
1026 T	0.11627	0.43464	0.44909
1027 A	0.11372	0.51165	0.37464
1028 A	0.11183	0.63097	0.25721
1029 A	0.11054	0.76837	0.12109
1030 A	0.11039	0.80839	0.08122
1031 T	0.10980	0.80978	0.08042
1032 A	0.10634	0.81612	0.07753
1033 A	0.10527	0.82100	0.07372
1034 G	0.10839	0.81772	0.0739
1035 C	0.11631	0.80957	0.07412
1036 A	0.13200	0.80711	0.06089
1037 A	0.15707	0.78679	0.05614
1038 A	0.19104	0.75515	0.05381
1039 A	0.25403	0.69299	0.05298
1040 T	0.32645	0.61828	0.05527
1041 T	0.35804	0.57670	0.06526
1042 A	0.36340	0.56829	0.06831
1043 T	0.36930	0.56230	0.0684
1044 C	0.34836	0.58381	0.06784
1045 A	0.30483	0.63313	0.06204
1046 A	0.26721	0.67280	0.05999
1047 A	0.24832	0.69327	0.0584
1048 C	0.24592	0.69676	0.05732
1049 A	0.25235	0.69861	0.04904
1050 A	0.30815	0.64729	0.04455
1051 A	0.39305	0.56597	0.04098
1052 T	0.52935	0.42879	0.04186
1053 T	0.56127	0.39618	0.04255
1054 A	0.55896	0.39652	0.04452
1055 A	0.56590	0.38470	0.0494
1056 T	0.57787	0.36694	0.0552
1057 C	0.58251	0.35895	0.05854
1058 T	0.58922	0.35141	0.05936
1059 T	0.59989	0.34034	0.05977
1060 T	0.60325	0.33680	0.05995
1061 T	0.60435	0.33555	0.0601
1062 A	0.60482	0.33496	0.06023
1063 A	0.60510	0.33367	0.06123
1064 A	0.60569	0.33051	0.06379
1065 A	0.60700	0.32300	0.07
1066 A	0.60902	0.30971	0.08127
1067 A	0.61159	0.27885	0.10956
1068 T	0.61882	0.22294	0.15824
1069 A	0.62172	0.18277	0.19551
1070 A	0.62495	0.14746	0.22758
1071 A	0.62824	0.11714	0.25463
1072 T	0.63739	0.07339	0.28922
1073 A	0.64265	0.04423	0.31312
1074 A	0.64823	0.00000	0.35178
