# lcl|CP097583.1_cds_USQ93567.1_1
# AA	inside	membr	outside
1 T	0.55256	0.00000	0.44744
2 T	0.55216	0.00040	0.44744
3 G	0.55192	0.00064	0.44744
4 G	0.55192	0.04396	0.40412
5 A	0.55024	0.09225	0.35751
6 T	0.55024	0.09534	0.35442
7 A	0.52802	0.11877	0.35321
8 A	0.52802	0.11880	0.35318
9 A	0.52238	0.12485	0.35277
10 T	0.52238	0.17284	0.30479
11 T	0.52036	0.17973	0.29992
12 A	0.46164	0.24053	0.29782
13 T	0.42208	0.28408	0.29384
14 T	0.42206	0.28410	0.29384
15 T	0.42206	0.28537	0.29257
16 A	0.41582	0.29162	0.29257
17 T	0.40573	0.30171	0.29256
18 C	0.40516	0.30231	0.29254
19 C	0.39077	0.31670	0.29253
20 A	0.34948	0.35818	0.29235
21 A	0.30229	0.40536	0.29235
22 T	0.30127	0.40637	0.29237
23 C	0.29688	0.41072	0.29241
24 C	0.29951	0.40805	0.29244
25 T	0.30591	0.40090	0.29319
26 C	0.30613	0.40050	0.29337
27 T	0.34216	0.36451	0.29333
28 T	0.37299	0.33359	0.29342
29 T	0.36650	0.34103	0.29247
30 A	0.35230	0.34139	0.30631
31 G	0.33758	0.35780	0.30462
32 A	0.32496	0.36360	0.31144
33 A	0.35940	0.33136	0.30924
34 T	0.36302	0.33135	0.30563
35 T	0.36249	0.29595	0.34156
36 A	0.35443	0.29596	0.34961
37 T	0.34599	0.32185	0.33216
38 T	0.33326	0.35326	0.31347
39 A	0.22016	0.48907	0.29077
40 G	0.18906	0.51631	0.29463
41 A	0.17792	0.52834	0.29374
42 A	0.16590	0.52901	0.30509
43 A	0.15583	0.51501	0.32916
44 A	0.14406	0.49893	0.35701
45 A	0.13938	0.50463	0.35599
46 G	0.13713	0.50599	0.35688
47 A	0.13555	0.52291	0.34154
48 G	0.13498	0.53994	0.32509
49 T	0.13514	0.58543	0.27944
50 T	0.13476	0.62365	0.24158
51 A	0.13295	0.65041	0.21665
52 A	0.13312	0.64754	0.21934
53 A	0.13643	0.63595	0.22762
54 A	0.13942	0.61858	0.242
55 A	0.14555	0.59720	0.25725
56 C	0.16011	0.56678	0.27311
57 T	0.17912	0.54728	0.2736
58 A	0.19632	0.53210	0.27158
59 A	0.22641	0.49389	0.2797
60 T	0.25391	0.45720	0.2889
61 T	0.26888	0.43411	0.29701
62 T	0.27566	0.32997	0.39437
63 T	0.26339	0.33627	0.40035
64 A	0.22850	0.38833	0.38317
65 A	0.18458	0.48892	0.32649
66 A	0.16064	0.56552	0.27384
67 G	0.15025	0.58175	0.268
68 A	0.13768	0.61067	0.25164
69 A	0.14433	0.60994	0.24574
70 G	0.16148	0.59845	0.24006
71 G	0.18405	0.58940	0.22655
72 A	0.23443	0.54836	0.21721
73 T	0.27544	0.50743	0.21712
74 T	0.29404	0.48968	0.21628
75 G	0.29006	0.49349	0.21645
76 A	0.28290	0.50611	0.21099
77 C	0.25201	0.53959	0.20841
78 A	0.19053	0.60892	0.20054
79 C	0.15088	0.65359	0.19552
80 A	0.12087	0.69133	0.1878
81 A	0.10403	0.71459	0.18138
82 A	0.09162	0.72879	0.17959
83 A	0.08196	0.73893	0.17912
84 A	0.07793	0.74252	0.17956
85 A	0.08678	0.72398	0.18924
86 A	0.10685	0.68466	0.20849
87 A	0.12947	0.62615	0.24438
88 G	0.18765	0.52750	0.28485
89 T	0.24456	0.45482	0.30061
90 A	0.25087	0.44137	0.30775
91 T	0.26177	0.42762	0.31061
92 A	0.24593	0.44718	0.30689
93 T	0.23814	0.45338	0.30847
94 C	0.21321	0.47789	0.3089
95 A	0.18075	0.51888	0.30038
96 A	0.16426	0.54507	0.29066
97 A	0.15120	0.57084	0.27796
98 A	0.14756	0.57358	0.27886
99 A	0.14955	0.56825	0.28219
100 A	0.15238	0.52875	0.31887
101 T	0.16281	0.45292	0.38427
102 T	0.16843	0.40810	0.42347
103 T	0.17132	0.37689	0.45179
104 T	0.16997	0.36524	0.46479
105 A	0.16090	0.37112	0.46798
106 G	0.15353	0.37250	0.47398
107 A	0.14836	0.37814	0.47351
108 A	0.14515	0.38247	0.47238
109 A	0.14361	0.38949	0.4669
110 A	0.14651	0.39789	0.4556
111 T	0.15497	0.38824	0.45679
112 G	0.16038	0.37831	0.46131
113 G	0.16656	0.36212	0.47132
114 T	0.18280	0.34016	0.47705
115 T	0.19313	0.32969	0.47718
116 T	0.19690	0.32662	0.47648
117 A	0.19839	0.32108	0.48053
118 A	0.20312	0.30284	0.49404
119 A	0.20927	0.29966	0.49107
120 T	0.22082	0.29366	0.48553
121 A	0.21902	0.32780	0.45318
122 A	0.20399	0.37725	0.41875
123 A	0.19599	0.41915	0.38486
124 T	0.19214	0.45305	0.35481
125 T	0.17671	0.48923	0.33405
126 A	0.14465	0.54011	0.31525
127 A	0.13437	0.56206	0.30357
128 A	0.13275	0.56328	0.30397
129 A	0.13379	0.55613	0.31008
130 G	0.14131	0.54329	0.31539
131 A	0.15077	0.53042	0.31881
132 A	0.16550	0.51303	0.32147
133 C	0.18887	0.48824	0.32289
134 C	0.20384	0.47312	0.32304
135 T	0.22061	0.45630	0.32309
136 C	0.22349	0.45349	0.32301
137 C	0.22639	0.45150	0.32211
138 T	0.23321	0.44620	0.32058
139 C	0.23009	0.45066	0.31925
140 A	0.23301	0.45012	0.31687
141 A	0.24224	0.44188	0.31588
142 A	0.26107	0.42310	0.31583
143 A	0.28236	0.39892	0.31872
144 A	0.31890	0.35680	0.3243
145 G	0.36103	0.28522	0.35375
146 G	0.40899	0.21656	0.37445
147 T	0.45434	0.15783	0.38783
148 T	0.47633	0.11930	0.40437
149 T	0.48719	0.08712	0.4257
150 T	0.48994	0.07634	0.43373
151 T	0.48834	0.07370	0.43796
152 G	0.47135	0.08955	0.43909
153 G	0.45976	0.10257	0.43766
154 A	0.45044	0.12130	0.42825
155 A	0.44371	0.13170	0.42458
156 A	0.44065	0.13827	0.42108
157 A	0.43949	0.14600	0.41451
158 A	0.43992	0.14802	0.41206
159 A	0.44183	0.14310	0.41507
160 T	0.44549	0.13612	0.41838
161 T	0.44752	0.13043	0.42204
162 T	0.44849	0.12302	0.42848
163 T	0.44919	0.11928	0.43154
164 T	0.44899	0.11730	0.4337
165 T	0.44788	0.11684	0.43527
166 T	0.44560	0.11831	0.43609
167 A	0.44240	0.12113	0.43647
168 T	0.44148	0.12161	0.43691
169 C	0.44005	0.12272	0.43723
170 A	0.43954	0.12336	0.4371
171 A	0.43993	0.12274	0.43733
172 T	0.44308	0.11808	0.43884
173 T	0.44468	0.11452	0.44079
174 T	0.44620	0.11064	0.44316
175 G	0.44730	0.09287	0.45982
176 A	0.45017	0.07972	0.47011
177 T	0.45895	0.06132	0.47973
178 G	0.46243	0.05173	0.48584
179 A	0.46702	0.04440	0.48858
180 T	0.47606	0.03364	0.49031
181 T	0.48053	0.02863	0.49084
182 A	0.48234	0.02763	0.49003
183 T	0.48522	0.02657	0.48821
184 T	0.48642	0.02824	0.48533
185 T	0.48715	0.02968	0.48317
186 T	0.48785	0.03093	0.48121
187 A	0.48819	0.03314	0.47867
188 T	0.48847	0.03253	0.479
189 T	0.48827	0.03260	0.47912
190 T	0.48798	0.03203	0.47999
191 A	0.48717	0.03473	0.47809
192 T	0.48692	0.03608	0.47701
193 A	0.48650	0.03849	0.47501
194 T	0.48656	0.03981	0.47363
195 T	0.48598	0.04307	0.47095
196 T	0.48574	0.04624	0.46802
197 T	0.48516	0.04868	0.46616
198 G	0.48396	0.05165	0.46439
199 T	0.48372	0.05220	0.46408
200 T	0.48304	0.05314	0.46382
201 A	0.48121	0.05515	0.46364
202 A	0.48050	0.05593	0.46357
203 C	0.48064	0.05580	0.46357
204 A	0.48102	0.05559	0.46338
205 A	0.48264	0.05402	0.46334
206 T	0.48673	0.04998	0.4633
207 T	0.49097	0.04591	0.46313
208 T	0.49385	0.04368	0.46248
209 G	0.49589	0.04236	0.46174
210 T	0.49869	0.04102	0.46029
211 T	0.49922	0.04147	0.45931
212 T	0.49962	0.04161	0.45877
213 A	0.49837	0.04387	0.45776
214 A	0.49983	0.04174	0.45843
215 T	0.50244	0.03848	0.45908
216 T	0.50522	0.03488	0.45991
217 A	0.50694	0.03257	0.46049
218 C	0.51048	0.02761	0.46191
219 T	0.51364	0.02454	0.46183
220 T	0.51418	0.02417	0.46165
221 T	0.51430	0.02372	0.46198
222 T	0.51289	0.02532	0.46179
223 T	0.51159	0.02630	0.46211
224 T	0.50820	0.02819	0.46361
225 T	0.49821	0.03750	0.46429
226 A	0.47578	0.06004	0.46418
227 C	0.45824	0.07773	0.46403
228 A	0.41040	0.12769	0.46191
229 G	0.37370	0.16681	0.45949
230 G	0.35119	0.19245	0.45637
231 A	0.33953	0.20857	0.45191
232 A	0.33398	0.21909	0.44693
233 T	0.33170	0.22163	0.44667
234 T	0.32382	0.22939	0.44678
235 A	0.30957	0.24323	0.4472
236 T	0.29667	0.25452	0.44881
237 C	0.27202	0.27882	0.44917
238 G	0.25141	0.30119	0.4474
239 A	0.23617	0.32024	0.44359
240 A	0.22276	0.33818	0.43906
241 A	0.20841	0.35308	0.4385
242 A	0.19362	0.36838	0.438
243 T	0.18070	0.37988	0.43942
244 A	0.15955	0.40066	0.43979
245 C	0.14683	0.41036	0.44281
246 A	0.13500	0.42352	0.44149
247 A	0.12928	0.42863	0.44209
248 A	0.12606	0.42712	0.44682
249 A	0.12374	0.41549	0.46077
250 G	0.12273	0.40427	0.473
251 A	0.12338	0.35858	0.51803
252 A	0.12502	0.32195	0.55303
253 G	0.12749	0.29597	0.57654
254 A	0.13117	0.28122	0.58761
255 A	0.13567	0.26823	0.5961
256 T	0.13690	0.25742	0.60568
257 T	0.13708	0.24501	0.61791
258 A	0.13643	0.23160	0.63197
259 G	0.13614	0.21383	0.65002
260 T	0.13618	0.19437	0.66944
261 A	0.13424	0.18754	0.67822
262 G	0.13618	0.17329	0.69054
263 A	0.13988	0.15923	0.70089
264 A	0.14054	0.14523	0.71423
265 A	0.14149	0.12814	0.73038
266 G	0.14388	0.10904	0.74708
267 T	0.14817	0.08510	0.76674
268 T	0.15044	0.07045	0.7791
269 T	0.15293	0.05831	0.78875
270 T	0.15418	0.05327	0.79256
271 T	0.15460	0.05349	0.79191
272 T	0.15471	0.05816	0.78713
273 A	0.15433	0.07151	0.77416
274 A	0.15451	0.08301	0.76248
275 T	0.15603	0.08784	0.75613
276 T	0.15692	0.09750	0.74558
277 T	0.15798	0.10997	0.73205
278 T	0.15819	0.12050	0.72132
279 A	0.15700	0.13264	0.71036
280 A	0.15557	0.14018	0.70424
281 T	0.15653	0.14059	0.70288
282 A	0.15403	0.14383	0.70214
283 A	0.15737	0.14021	0.70242
284 T	0.16464	0.13044	0.70492
285 T	0.16583	0.12890	0.70527
286 A	0.16513	0.13114	0.70373
287 T	0.16528	0.13202	0.7027
288 T	0.16467	0.13653	0.69881
289 T	0.16268	0.14011	0.69721
290 T	0.15938	0.14361	0.69701
291 A	0.15597	0.14726	0.69677
292 A	0.15487	0.14836	0.69678
293 G	0.15522	0.14768	0.69709
294 C	0.15846	0.14389	0.69765
295 A	0.16580	0.13640	0.6978
296 A	0.18177	0.12003	0.6982
297 C	0.19747	0.10379	0.69874
298 G	0.20692	0.09403	0.69905
299 C	0.21938	0.08082	0.6998
300 T	0.23483	0.06485	0.70032
301 T	0.24382	0.05518	0.701
302 T	0.25114	0.04709	0.70177
303 T	0.25529	0.04060	0.70412
304 T	0.25588	0.03846	0.70567
305 T	0.25320	0.03775	0.70905
306 A	0.24454	0.04568	0.70979
307 G	0.23936	0.05023	0.71041
308 G	0.23589	0.05318	0.71093
309 A	0.23576	0.05295	0.71129
310 G	0.23565	0.05499	0.70936
311 T	0.23861	0.06073	0.70067
312 T	0.23620	0.08946	0.67434
313 T	0.22805	0.15651	0.61545
314 T	0.21779	0.17892	0.60329
315 A	0.19610	0.20864	0.59526
316 T	0.18926	0.22094	0.5898
317 A	0.17897	0.23869	0.58234
318 C	0.17282	0.24501	0.58216
319 G	0.16870	0.25031	0.581
320 A	0.16659	0.25473	0.57867
321 A	0.16437	0.25791	0.57772
322 C	0.15991	0.26290	0.57718
323 A	0.15671	0.26728	0.576
324 T	0.15637	0.26817	0.57546
325 A	0.15566	0.26921	0.57514
326 G	0.15529	0.26934	0.57537
327 T	0.15524	0.26926	0.5755
328 A	0.15496	0.26676	0.57829
329 A	0.15466	0.25992	0.58542
330 A	0.15484	0.25499	0.59017
331 G	0.15628	0.24991	0.59381
332 A	0.15953	0.24472	0.59575
333 A	0.16678	0.23573	0.59749
334 A	0.17799	0.22189	0.60012
335 A	0.20794	0.18470	0.60736
336 T	0.26900	0.11004	0.62096
337 T	0.28501	0.07783	0.63716
338 C	0.29146	0.04806	0.66048
339 C	0.29587	0.03995	0.66418
340 T	0.30106	0.03431	0.66462
341 T	0.30158	0.03674	0.66168
342 A	0.30197	0.03714	0.66089
343 T	0.30404	0.03570	0.66026
344 T	0.30411	0.03626	0.65964
345 T	0.29887	0.03865	0.66248
346 C	0.29436	0.04235	0.66329
347 T	0.29092	0.05231	0.65677
348 T	0.28318	0.06435	0.65248
349 A	0.27516	0.08131	0.64353
350 T	0.27349	0.09104	0.63547
351 T	0.26641	0.10925	0.62434
352 A	0.25766	0.13446	0.60789
353 A	0.25287	0.14382	0.60331
354 T	0.24710	0.15477	0.59813
355 A	0.20450	0.21057	0.58493
356 A	0.17449	0.24248	0.58303
357 A	0.13487	0.28427	0.58086
358 A	0.12099	0.29823	0.58078
359 A	0.11156	0.30774	0.5807
360 C	0.10605	0.31313	0.58081
361 A	0.10284	0.31635	0.58082
362 C	0.10007	0.31904	0.58088
363 A	0.09937	0.31995	0.58069
364 A	0.10259	0.31670	0.5807
365 A	0.10476	0.31441	0.58083
366 A	0.10805	0.31003	0.58193
367 T	0.11416	0.30196	0.58389
368 C	0.11757	0.28849	0.59395
369 T	0.12233	0.27817	0.59951
370 T	0.12432	0.27185	0.60383
371 A	0.12214	0.26844	0.60942
372 C	0.12570	0.25689	0.61741
373 G	0.12835	0.25353	0.61813
374 C	0.13515	0.23909	0.62576
375 T	0.14496	0.22644	0.6286
376 A	0.14257	0.22872	0.62872
377 A	0.14191	0.23179	0.6263
378 A	0.15014	0.19200	0.65786
379 G	0.15010	0.16862	0.68129
380 T	0.14932	0.12905	0.72164
381 A	0.14378	0.13445	0.72177
382 T	0.14165	0.13620	0.72215
383 T	0.13506	0.15875	0.70619
384 A	0.11090	0.20304	0.68606
385 A	0.09570	0.22035	0.68395
386 G	0.08652	0.22803	0.68544
387 A	0.08173	0.23565	0.68263
388 G	0.07990	0.23770	0.6824
389 A	0.07911	0.24017	0.68072
390 T	0.07849	0.24034	0.68117
391 A	0.07742	0.24205	0.68052
392 A	0.07653	0.24455	0.67892
393 A	0.07629	0.24487	0.67884
394 G	0.07569	0.24575	0.67857
395 A	0.07545	0.24686	0.67769
396 A	0.07652	0.24425	0.67923
397 T	0.07823	0.24307	0.6787
398 T	0.07872	0.24293	0.67835
399 A	0.07578	0.25222	0.672
400 A	0.07832	0.24945	0.67223
401 A	0.08157	0.24535	0.67309
402 A	0.08591	0.23980	0.67429
403 T	0.09942	0.22014	0.68045
404 T	0.11703	0.19593	0.68705
405 A	0.12494	0.18624	0.68883
406 A	0.14069	0.16466	0.69466
407 T	0.16081	0.12371	0.71548
408 T	0.16527	0.10600	0.72873
409 T	0.16521	0.09827	0.73652
410 T	0.16071	0.10023	0.73906
411 C	0.15120	0.11135	0.73745
412 A	0.13712	0.14164	0.72125
413 A	0.12573	0.15952	0.71475
414 A	0.11797	0.17112	0.71092
415 G	0.11333	0.17752	0.70916
416 A	0.11183	0.18184	0.70633
417 A	0.11543	0.17878	0.70578
418 G	0.11913	0.17443	0.70644
419 A	0.12411	0.16907	0.70682
420 A	0.13099	0.16142	0.70759
421 A	0.13792	0.15250	0.70958
422 T	0.14809	0.13736	0.71455
423 A	0.15107	0.13236	0.71657
424 G	0.15375	0.12714	0.71911
425 T	0.15622	0.12288	0.7209
426 T	0.15708	0.12107	0.72185
427 G	0.15691	0.12005	0.72304
428 T	0.15758	0.11787	0.72455
429 T	0.15644	0.11771	0.72585
430 G	0.15319	0.11920	0.72761
431 G	0.15185	0.11839	0.72976
432 A	0.15159	0.11619	0.73222
433 G	0.15273	0.10798	0.7393
434 A	0.15632	0.09680	0.74688
435 T	0.17373	0.06723	0.75904
436 A	0.18026	0.05382	0.76593
437 T	0.18553	0.04045	0.77402
438 T	0.18748	0.03409	0.77843
439 G	0.18845	0.03095	0.7806
440 T	0.18920	0.02965	0.78115
441 T	0.18916	0.03064	0.7802
442 T	0.18895	0.03224	0.77881
443 A	0.18840	0.03404	0.77756
444 T	0.18833	0.03513	0.77654
445 T	0.18801	0.03695	0.77504
446 T	0.18721	0.03860	0.77418
447 A	0.18606	0.04264	0.7713
448 G	0.18588	0.04566	0.76845
449 A	0.18577	0.04796	0.76628
450 A	0.18558	0.04894	0.76548
451 A	0.18542	0.04991	0.76467
452 T	0.18562	0.04830	0.76608
453 G	0.18519	0.04628	0.76853
454 G	0.18482	0.04571	0.76947
455 G	0.18486	0.04531	0.76983
456 A	0.18532	0.04506	0.76962
457 G	0.18666	0.04403	0.76931
458 A	0.18854	0.04315	0.76831
459 T	0.19252	0.03931	0.76817
460 A	0.19372	0.03826	0.76802
461 T	0.19584	0.03603	0.76812
462 T	0.19746	0.03396	0.76857
463 G	0.19829	0.03266	0.76906
464 T	0.20006	0.03022	0.76972
465 T	0.20162	0.02798	0.7704
466 C	0.20198	0.02672	0.7713
467 C	0.20254	0.02588	0.77159
468 T	0.20308	0.02547	0.77144
469 G	0.20273	0.02588	0.77139
470 C	0.20489	0.02362	0.77148
471 T	0.20786	0.02143	0.7707
472 G	0.20960	0.02101	0.76939
473 A	0.21095	0.02019	0.76885
474 T	0.21286	0.01864	0.76849
475 T	0.21284	0.02006	0.7671
476 T	0.20798	0.02539	0.76663
477 A	0.20210	0.03174	0.76616
478 A	0.19970	0.03467	0.76563
479 G	0.19757	0.03706	0.76536
480 A	0.19526	0.04020	0.76454
481 T	0.19437	0.04233	0.76331
482 T	0.18874	0.05028	0.76098
483 A	0.17882	0.06503	0.75615
484 A	0.17310	0.07291	0.75398
485 T	0.17002	0.07692	0.75306
486 A	0.16386	0.08469	0.75145
487 A	0.16040	0.08834	0.75126
488 A	0.15911	0.08941	0.75148
489 A	0.15846	0.08926	0.75228
490 A	0.15765	0.08918	0.75318
491 C	0.15743	0.08797	0.75461
492 T	0.15771	0.08706	0.75522
493 C	0.15769	0.08704	0.75527
494 A	0.15814	0.08701	0.75485
495 T	0.15945	0.08597	0.75459
496 G	0.15983	0.08577	0.75441
497 A	0.16057	0.08480	0.75463
498 T	0.16240	0.08227	0.75533
499 T	0.16327	0.07540	0.76133
500 T	0.16294	0.07013	0.76694
501 A	0.16018	0.07054	0.76928
502 A	0.15997	0.06840	0.77163
503 A	0.16053	0.06453	0.77494
504 A	0.16176	0.06000	0.77824
505 G	0.16415	0.04987	0.78598
506 T	0.16925	0.03624	0.79451
507 T	0.17082	0.03142	0.79776
508 A	0.17067	0.03532	0.794
509 A	0.17115	0.03594	0.79291
510 T	0.17073	0.03774	0.79153
511 G	0.17032	0.03809	0.79159
512 A	0.17008	0.03851	0.79142
513 A	0.17011	0.03803	0.79186
514 G	0.17034	0.03702	0.79264
515 C	0.17078	0.03655	0.79268
516 T	0.17145	0.03648	0.79207
517 A	0.17190	0.03693	0.79117
518 T	0.17233	0.03708	0.79059
519 T	0.17251	0.03835	0.78913
520 T	0.17256	0.03851	0.78894
521 T	0.17244	0.03832	0.78924
522 A	0.17076	0.03966	0.78958
523 A	0.16969	0.03959	0.79071
524 C	0.16839	0.03790	0.7937
525 G	0.16583	0.04028	0.79389
526 G	0.16348	0.04311	0.7934
527 G	0.16215	0.04552	0.79233
528 A	0.16100	0.05010	0.78889
529 G	0.16071	0.05091	0.78838
530 A	0.16209	0.04947	0.78844
531 G	0.16755	0.04347	0.78897
532 A	0.17250	0.03847	0.78904
533 C	0.17673	0.03378	0.78949
534 T	0.17843	0.03184	0.78973
535 T	0.17924	0.03086	0.7899
536 T	0.17951	0.03054	0.78995
537 A	0.17883	0.03123	0.78994
538 C	0.17876	0.03131	0.78993
539 C	0.17921	0.03085	0.78994
540 T	0.17988	0.03039	0.78973
541 G	0.18009	0.03034	0.78957
542 T	0.18101	0.02974	0.78925
543 T	0.18018	0.03093	0.78889
544 A	0.17910	0.03265	0.78825
545 T	0.17865	0.03160	0.78975
546 A	0.17780	0.03192	0.79027
547 A	0.17732	0.03169	0.79098
548 A	0.17733	0.02972	0.79295
549 A	0.17715	0.02835	0.79451
550 A	0.17714	0.02776	0.7951
551 A	0.17968	0.02478	0.79554
552 T	0.18016	0.02344	0.7964
553 A	0.17989	0.02380	0.79631
554 G	0.18008	0.02351	0.7964
555 T	0.18060	0.02315	0.79625
556 T	0.18086	0.02302	0.79613
557 G	0.18077	0.02329	0.79595
558 T	0.18082	0.02343	0.79575
559 A	0.18080	0.02367	0.79553
560 T	0.18087	0.02317	0.79596
561 T	0.18088	0.02332	0.79581
562 A	0.18073	0.02346	0.7958
563 T	0.18089	0.02296	0.79615
564 A	0.18090	0.02269	0.79642
565 T	0.18107	0.02203	0.79689
566 C	0.18120	0.02108	0.79772
567 T	0.18180	0.02046	0.79775
568 A	0.18177	0.02118	0.79705
569 A	0.18222	0.02063	0.79715
570 T	0.18299	0.01968	0.79733
571 A	0.18348	0.01936	0.79717
572 A	0.18444	0.01761	0.79795
573 A	0.18591	0.01509	0.79899
574 T	0.18759	0.01285	0.79957
575 T	0.18825	0.01202	0.79972
576 T	0.18878	0.01118	0.80004
577 G	0.18890	0.01116	0.79994
578 T	0.18920	0.01114	0.79966
579 T	0.18915	0.01166	0.79918
580 T	0.18887	0.01244	0.7987
581 T	0.18838	0.01342	0.79821
582 A	0.18733	0.01497	0.7977
583 A	0.18688	0.01567	0.79745
584 A	0.18713	0.01548	0.79739
585 T	0.18743	0.01507	0.7975
586 A	0.18755	0.01485	0.7976
587 A	0.18805	0.01417	0.79778
588 T	0.18875	0.01319	0.79806
589 T	0.18915	0.01254	0.79831
590 C	0.18952	0.01199	0.7985
591 T	0.19020	0.01118	0.79863
592 C	0.19028	0.01105	0.79867
593 C	0.19037	0.01099	0.79863
594 T	0.19063	0.01087	0.7985
595 A	0.19071	0.01105	0.79824
596 A	0.19094	0.01090	0.79816
597 T	0.19143	0.01049	0.79809
598 T	0.19170	0.01025	0.79805
599 T	0.19184	0.00993	0.79823
600 A	0.19163	0.00983	0.79854
601 G	0.19179	0.00925	0.79897
602 T	0.19228	0.00807	0.79965
603 T	0.19274	0.00697	0.8003
604 T	0.19301	0.00605	0.80094
605 T	0.19310	0.00509	0.80182
606 C	0.19266	0.00514	0.8022
607 A	0.19227	0.00563	0.80209
608 T	0.19207	0.00605	0.80188
609 G	0.18864	0.00995	0.80142
610 G	0.18702	0.01183	0.80115
611 A	0.18608	0.01294	0.80098
612 T	0.18531	0.01366	0.80102
613 A	0.18452	0.01453	0.80095
614 C	0.18421	0.01478	0.801
615 T	0.18413	0.01503	0.80084
616 A	0.18401	0.01563	0.80035
617 A	0.18406	0.01585	0.80009
618 T	0.18422	0.01606	0.79972
619 A	0.18414	0.01712	0.79874
620 T	0.18380	0.01746	0.79873
621 T	0.18341	0.01799	0.79861
622 A	0.18273	0.01851	0.79876
623 T	0.18230	0.01852	0.79919
624 T	0.18140	0.01916	0.79943
625 T	0.17915	0.02125	0.7996
626 C	0.17609	0.02411	0.79981
627 A	0.17367	0.02659	0.79975
628 G	0.17200	0.02814	0.79985
629 G	0.17165	0.02822	0.80012
630 A	0.17151	0.02826	0.80022
631 A	0.17150	0.02806	0.80044
632 A	0.17193	0.02398	0.80409
633 T	0.17233	0.02173	0.80594
634 G	0.17242	0.02047	0.80711
635 C	0.17256	0.01949	0.80794
636 T	0.17276	0.01885	0.80839
637 C	0.17278	0.01865	0.80857
638 A	0.17293	0.01870	0.80837
639 T	0.17336	0.01837	0.80827
640 G	0.17353	0.01842	0.80804
641 G	0.17400	0.01846	0.80754
642 T	0.17499	0.01836	0.80665
643 G	0.17514	0.01861	0.80625
644 T	0.17544	0.01842	0.80614
645 T	0.17472	0.01929	0.80599
646 G	0.17429	0.02235	0.80335
647 T	0.17429	0.02168	0.80402
648 T	0.17402	0.02053	0.80544
649 A	0.17344	0.01982	0.80674
650 T	0.17310	0.01935	0.80755
651 C	0.17077	0.02285	0.80638
652 A	0.16533	0.02911	0.80557
653 A	0.15127	0.04405	0.80468
654 A	0.13970	0.05613	0.80418
655 G	0.13350	0.06277	0.80374
656 C	0.12696	0.06997	0.80307
657 A	0.11968	0.08270	0.79762
658 G	0.11442	0.08913	0.79645
659 G	0.10885	0.09715	0.794
660 G	0.10173	0.10755	0.79072
661 A	0.09782	0.11418	0.78801
662 C	0.09690	0.11666	0.78644
663 A	0.09565	0.12484	0.77951
664 A	0.09584	0.12560	0.77856
665 A	0.09697	0.12455	0.77848
666 T	0.09887	0.12253	0.7786
667 A	0.09943	0.12194	0.77864
668 C	0.10038	0.11971	0.77991
669 C	0.10270	0.11696	0.78034
670 C	0.10220	0.11764	0.78016
671 A	0.09672	0.12488	0.7784
672 A	0.09061	0.13234	0.77705
673 A	0.08741	0.13599	0.7766
674 T	0.08556	0.13703	0.7774
675 A	0.07824	0.14037	0.78139
676 G	0.07643	0.12645	0.79712
677 G	0.07542	0.11652	0.80807
678 A	0.07458	0.11393	0.8115
679 A	0.07481	0.11107	0.81412
680 A	0.07974	0.10482	0.81544
681 A	0.08168	0.10069	0.81763
682 A	0.08498	0.09166	0.82336
683 T	0.08974	0.07821	0.83204
684 T	0.09192	0.07095	0.83713
685 A	0.09190	0.06992	0.83818
686 C	0.09067	0.06951	0.83982
687 C	0.08752	0.07237	0.84011
688 C	0.08432	0.07622	0.83946
689 A	0.08191	0.08232	0.83577
690 A	0.08095	0.08990	0.82915
691 T	0.08040	0.09797	0.82162
692 T	0.07793	0.10995	0.81212
693 A	0.07382	0.12439	0.80179
694 A	0.07135	0.12222	0.80644
695 T	0.06982	0.11732	0.81286
696 A	0.06423	0.12281	0.81297
697 T	0.06364	0.12461	0.81175
698 C	0.06165	0.12475	0.81361
699 T	0.06169	0.12603	0.81227
700 A	0.06041	0.12958	0.81001
701 T	0.06187	0.12872	0.80941
702 A	0.06144	0.13009	0.80847
703 C	0.06283	0.12924	0.80792
704 A	0.06095	0.13378	0.80527
705 A	0.05126	0.14541	0.80332
706 A	0.04320	0.15590	0.80089
707 A	0.03729	0.16524	0.79747
708 A	0.03340	0.17236	0.79423
709 A	0.03045	0.17397	0.79558
710 A	0.02883	0.17498	0.79619
711 A	0.02803	0.17597	0.79599
712 G	0.02961	0.17885	0.79154
713 A	0.03456	0.17896	0.78647
714 A	0.04128	0.17822	0.7805
715 A	0.05014	0.16771	0.78215
716 A	0.05998	0.15405	0.78597
717 A	0.06304	0.14661	0.79035
718 A	0.06626	0.13843	0.79531
719 C	0.07229	0.12458	0.80312
720 T	0.08066	0.11403	0.80531
721 C	0.08447	0.10822	0.80731
722 C	0.08671	0.10575	0.80754
723 T	0.08867	0.10446	0.80687
724 T	0.08895	0.10497	0.80609
725 T	0.08186	0.11306	0.80508
726 A	0.06848	0.12787	0.80365
727 G	0.06513	0.12926	0.80561
728 A	0.06354	0.12328	0.81318
729 A	0.06406	0.11616	0.81978
730 A	0.06610	0.11175	0.82215
731 A	0.06924	0.11235	0.81841
732 A	0.07133	0.12027	0.80839
733 A	0.07498	0.12155	0.80346
734 A	0.07930	0.12091	0.7998
735 T	0.08593	0.11287	0.8012
736 A	0.08952	0.10852	0.80196
737 T	0.09436	0.10280	0.80284
738 T	0.09223	0.10443	0.80334
739 C	0.08689	0.11002	0.80308
740 A	0.08225	0.11626	0.8015
741 A	0.07964	0.11960	0.80076
742 C	0.07872	0.12093	0.80036
743 A	0.07805	0.12253	0.79943
744 A	0.07833	0.12285	0.79882
745 T	0.07951	0.12091	0.79958
746 T	0.08055	0.11913	0.80032
747 A	0.08027	0.11861	0.80112
748 T	0.08171	0.10757	0.81072
749 C	0.08213	0.09412	0.82376
750 G	0.08247	0.09058	0.82696
751 A	0.08497	0.08666	0.82837
752 A	0.08721	0.08327	0.82952
753 A	0.09107	0.07825	0.83067
754 G	0.09951	0.06863	0.83187
755 T	0.11326	0.05101	0.83574
756 A	0.11955	0.04278	0.83768
757 T	0.12505	0.03549	0.83946
758 T	0.12582	0.03366	0.84052
759 A	0.12631	0.03192	0.84177
760 A	0.12697	0.02936	0.84367
761 G	0.12781	0.02490	0.84728
762 T	0.12928	0.01898	0.85174
763 T	0.13139	0.01364	0.85496
764 T	0.13222	0.01109	0.85669
765 T	0.13254	0.01065	0.85681
766 A	0.13256	0.01074	0.85671
767 T	0.13281	0.01030	0.85689
768 T	0.13266	0.01105	0.85628
769 A	0.13221	0.01250	0.85529
770 T	0.13225	0.01206	0.8557
771 T	0.13205	0.01230	0.85565
772 T	0.13152	0.01268	0.8558
773 G	0.13043	0.01343	0.85615
774 T	0.12972	0.01409	0.8562
775 A	0.12877	0.01506	0.85618
776 T	0.12858	0.01523	0.85619
777 C	0.12814	0.01566	0.8562
778 T	0.12808	0.01579	0.85614
779 T	0.12792	0.01593	0.85614
780 G	0.12743	0.01645	0.85612
781 G	0.12737	0.01659	0.85605
782 T	0.12762	0.01639	0.85599
783 C	0.12760	0.01642	0.85598
784 A	0.12769	0.01645	0.85587
785 T	0.12851	0.01570	0.85579
786 T	0.12909	0.01518	0.85573
787 A	0.12925	0.01506	0.85568
788 T	0.12999	0.01435	0.85566
789 T	0.13070	0.01348	0.85582
790 A	0.13088	0.01344	0.85567
791 A	0.13162	0.01281	0.85557
792 T	0.13287	0.01143	0.85571
793 T	0.13291	0.01197	0.85512
794 T	0.13289	0.01254	0.85456
795 T	0.13264	0.01304	0.85433
796 A	0.13211	0.01345	0.85444
797 T	0.13192	0.01294	0.85514
798 T	0.13120	0.01300	0.8558
799 T	0.13014	0.01388	0.85598
800 T	0.12784	0.01604	0.85611
801 G	0.12534	0.01861	0.85604
802 A	0.12431	0.01971	0.85598
803 A	0.12349	0.02025	0.85626
804 T	0.12345	0.02014	0.85641
805 T	0.12326	0.02047	0.85627
806 T	0.12282	0.02125	0.85594
807 A	0.12201	0.02299	0.85499
808 T	0.12162	0.02441	0.85398
809 T	0.11879	0.02973	0.85148
810 A	0.11624	0.03623	0.84753
811 A	0.11435	0.04229	0.84336
812 A	0.11285	0.04720	0.83996
813 A	0.11222	0.05036	0.83742
814 A	0.11242	0.05094	0.83664
815 A	0.11286	0.05108	0.83606
816 T	0.11434	0.04986	0.83579
817 T	0.11505	0.05012	0.83484
818 T	0.11504	0.05054	0.83442
819 T	0.11479	0.05140	0.83381
820 A	0.11417	0.05283	0.833
821 T	0.11387	0.05265	0.83348
822 A	0.11310	0.05254	0.83436
823 T	0.11303	0.05033	0.83664
824 T	0.11278	0.04875	0.83848
825 A	0.11188	0.04931	0.83882
826 C	0.11143	0.04919	0.83938
827 A	0.11101	0.05082	0.83816
828 A	0.11001	0.05176	0.83823
829 G	0.10979	0.05155	0.83867
830 G	0.11046	0.05018	0.83936
831 A	0.11134	0.04913	0.83953
832 C	0.11393	0.04345	0.84262
833 A	0.11749	0.03946	0.84305
834 A	0.12168	0.03489	0.84344
835 A	0.12519	0.03259	0.84221
836 T	0.12809	0.03191	0.84001
837 A	0.12877	0.03681	0.83442
838 G	0.12971	0.03796	0.83233
839 A	0.13091	0.03890	0.83019
840 T	0.13288	0.03817	0.82895
841 T	0.13374	0.03716	0.8291
842 T	0.13424	0.03636	0.8294
843 T	0.13415	0.03619	0.82966
844 A	0.13317	0.03701	0.82982
845 C	0.13224	0.03707	0.83069
846 G	0.13146	0.03828	0.83026
847 A	0.13156	0.03904	0.82941
848 T	0.13205	0.03866	0.82929
849 A	0.13222	0.03893	0.82885
850 A	0.13320	0.03808	0.82873
851 T	0.13360	0.03658	0.82982
852 T	0.13366	0.03591	0.83043
853 A	0.13360	0.03572	0.83069
854 A	0.13375	0.03536	0.83089
855 A	0.13381	0.03520	0.83099
856 C	0.13515	0.03358	0.83127
857 A	0.13657	0.03218	0.83125
858 A	0.13946	0.02923	0.8313
859 A	0.14338	0.02523	0.83139
860 T	0.14968	0.01881	0.83151
861 T	0.15238	0.01605	0.83157
862 A	0.15435	0.01379	0.83186
863 T	0.15610	0.01165	0.83225
864 T	0.15674	0.01059	0.83267
865 T	0.15706	0.00976	0.83318
866 T	0.15742	0.00878	0.8338
867 A	0.15761	0.00780	0.83459
868 T	0.15787	0.00664	0.83548
869 C	0.15838	0.00540	0.83623
870 T	0.15939	0.00429	0.83632
871 T	0.15995	0.00369	0.83636
872 C	0.16047	0.00311	0.83642
873 T	0.16069	0.00292	0.83639
874 A	0.16062	0.00301	0.83637
875 T	0.16063	0.00290	0.83647
876 G	0.16065	0.00278	0.83657
877 A	0.16078	0.00262	0.8366
878 T	0.16096	0.00209	0.83695
879 T	0.16104	0.00192	0.83703
880 T	0.16109	0.00183	0.83708
881 T	0.16101	0.00195	0.83704
882 A	0.16051	0.00258	0.8369
883 G	0.16031	0.00293	0.83677
884 C	0.16023	0.00305	0.83672
885 T	0.16019	0.00324	0.83657
886 G	0.16009	0.00336	0.83655
887 T	0.16006	0.00342	0.83652
888 A	0.15986	0.00364	0.8365
889 G	0.15981	0.00368	0.83651
890 C	0.15981	0.00361	0.83659
891 T	0.15981	0.00368	0.83652
892 G	0.15980	0.00381	0.83639
893 T	0.15984	0.00388	0.83628
894 T	0.15985	0.00390	0.83625
895 A	0.15983	0.00390	0.83627
896 T	0.15984	0.00371	0.83645
897 T	0.15963	0.00372	0.83665
898 C	0.15929	0.00397	0.83673
899 C	0.15882	0.00447	0.83671
900 G	0.15768	0.00591	0.83641
901 G	0.15718	0.00700	0.83583
902 A	0.15706	0.00757	0.83537
903 A	0.15693	0.00835	0.83473
904 G	0.15695	0.00858	0.83448
905 G	0.15710	0.00814	0.83476
906 T	0.15714	0.00824	0.83462
907 T	0.15711	0.00849	0.8344
908 T	0.15698	0.00887	0.83416
909 A	0.15655	0.00961	0.83384
910 T	0.15635	0.00976	0.83389
911 T	0.15564	0.01036	0.83401
912 A	0.15455	0.01146	0.834
913 G	0.15423	0.01178	0.83399
914 C	0.15418	0.01187	0.83395
915 T	0.15419	0.01197	0.83383
916 A	0.15411	0.01219	0.8337
917 T	0.15410	0.01226	0.83363
918 T	0.15389	0.01258	0.83353
919 A	0.15363	0.01286	0.83351
920 T	0.15359	0.01261	0.8338
921 A	0.15294	0.01296	0.8341
922 A	0.15286	0.01255	0.83459
923 C	0.15312	0.01117	0.8357
924 T	0.15359	0.01038	0.83603
925 A	0.15352	0.01045	0.83602
926 T	0.15401	0.00993	0.83606
927 T	0.15404	0.01010	0.83586
928 A	0.15360	0.01090	0.8355
929 T	0.15339	0.01111	0.8355
930 T	0.15234	0.01216	0.8355
931 T	0.15062	0.01350	0.83588
932 T	0.14711	0.01661	0.83629
933 A	0.14166	0.02185	0.8365
934 G	0.13885	0.02384	0.83731
935 C	0.13685	0.02506	0.83809
936 T	0.13433	0.02741	0.83826
937 T	0.12805	0.03373	0.83822
938 C	0.11508	0.04680	0.83812
939 A	0.09369	0.06940	0.83691
940 G	0.08446	0.08026	0.83529
941 G	0.07692	0.09067	0.83242
942 G	0.07033	0.10230	0.82738
943 A	0.06357	0.11728	0.81915
944 T	0.05884	0.12504	0.81612
945 A	0.05083	0.13790	0.81127
946 A	0.04567	0.14633	0.808
947 A	0.04254	0.15088	0.80657
948 A	0.04135	0.15308	0.80557
949 A	0.04081	0.15417	0.80503
950 A	0.04071	0.15412	0.80517
951 A	0.04087	0.15360	0.80554
952 T	0.04116	0.15231	0.80653
953 T	0.04107	0.15081	0.80812
954 A	0.04041	0.14981	0.80979
955 A	0.03994	0.14719	0.81286
956 T	0.03930	0.14359	0.81711
957 A	0.03762	0.14458	0.8178
958 A	0.03594	0.14841	0.81565
959 A	0.03520	0.14864	0.81616
960 G	0.03490	0.14357	0.82153
961 A	0.03483	0.13366	0.8315
962 A	0.03611	0.11365	0.85024
963 A	0.03837	0.10360	0.85803
964 A	0.04234	0.09347	0.86418
965 A	0.04857	0.08160	0.86983
966 T	0.05741	0.06574	0.87686
967 G	0.06058	0.05919	0.88023
968 T	0.06497	0.05097	0.88406
969 T	0.06722	0.04801	0.88477
970 A	0.06802	0.04759	0.88439
971 T	0.06902	0.04682	0.88416
972 T	0.06918	0.04740	0.88343
973 G	0.06849	0.05041	0.8811
974 T	0.06738	0.05672	0.87591
975 T	0.06402	0.07390	0.86208
976 A	0.05972	0.09988	0.8404
977 A	0.05734	0.10886	0.8338
978 A	0.05651	0.11210	0.83138
979 A	0.05683	0.11236	0.8308
980 A	0.05875	0.10992	0.83134
981 T	0.06482	0.10285	0.83233
982 T	0.06760	0.10128	0.83113
983 T	0.06809	0.10285	0.82907
984 A	0.06713	0.10887	0.82401
985 A	0.06694	0.10970	0.82336
986 A	0.06724	0.10954	0.82322
987 A	0.06898	0.10800	0.82302
988 A	0.07172	0.10530	0.82298
989 C	0.07579	0.10121	0.823
990 T	0.08073	0.09668	0.82258
991 T	0.08092	0.09752	0.82156
992 T	0.07792	0.10124	0.82083
993 A	0.06793	0.11277	0.8193
994 G	0.06386	0.11692	0.81922
995 A	0.06301	0.11683	0.82017
996 A	0.06489	0.11331	0.8218
997 A	0.07061	0.10495	0.82444
998 C	0.08565	0.08566	0.82869
999 T	0.10676	0.06148	0.83176
1000 T	0.11139	0.05534	0.83327
1001 T	0.11109	0.05487	0.83404
1002 G	0.10554	0.06019	0.83427
1003 G	0.10400	0.06152	0.83448
1004 G	0.10364	0.06103	0.83532
1005 C	0.10482	0.05922	0.83596
1006 G	0.10687	0.05687	0.83627
1007 C	0.11190	0.05136	0.83674
1008 T	0.11248	0.05084	0.83668
1009 A	0.10949	0.05440	0.83611
1010 T	0.10612	0.05840	0.83548
1011 A	0.09648	0.06904	0.83448
1012 A	0.09577	0.07086	0.83338
1013 A	0.09590	0.06997	0.83414
1014 T	0.09696	0.06494	0.8381
1015 A	0.09732	0.06024	0.84244
1016 T	0.09865	0.05071	0.85064
1017 T	0.09626	0.05212	0.85163
1018 A	0.09386	0.05681	0.84933
1019 T	0.09314	0.05764	0.84922
1020 T	0.09202	0.05930	0.84867
1021 T	0.09115	0.05942	0.84943
1022 G	0.08965	0.06032	0.85003
1023 T	0.08661	0.06253	0.85085
1024 A	0.08501	0.06302	0.85198
1025 C	0.08421	0.05986	0.85593
1026 T	0.08285	0.06440	0.85275
1027 G	0.08113	0.07112	0.84774
1028 A	0.08000	0.08368	0.83633
1029 T	0.07784	0.09600	0.82615
1030 A	0.07483	0.10432	0.82085
1031 A	0.07372	0.10578	0.8205
1032 A	0.07378	0.10305	0.82318
1033 A	0.07386	0.09939	0.82676
1034 C	0.07443	0.09037	0.8352
1035 A	0.07507	0.09338	0.83154
1036 G	0.07592	0.09270	0.83138
1037 G	0.07655	0.09371	0.82975
1038 A	0.07760	0.09554	0.82686
1039 A	0.07909	0.09557	0.82534
1040 C	0.08247	0.08852	0.829
1041 T	0.08622	0.08631	0.82747
1042 T	0.08791	0.08456	0.82753
1043 T	0.08860	0.08489	0.82652
1044 A	0.08633	0.08917	0.8245
1045 A	0.08385	0.09442	0.82173
1046 C	0.08252	0.09340	0.82408
1047 A	0.08174	0.10059	0.81767
1048 A	0.07991	0.11091	0.80918
1049 G	0.08265	0.11627	0.80108
1050 A	0.08650	0.11318	0.80032
1051 A	0.09533	0.10448	0.80018
1052 A	0.10039	0.09784	0.80178
1053 T	0.10356	0.09194	0.8045
1054 C	0.10095	0.09418	0.80487
1055 A	0.09593	0.10176	0.80231
1056 A	0.09342	0.10576	0.80083
1057 A	0.09245	0.10652	0.80104
1058 T	0.09540	0.10322	0.80139
1059 G	0.09386	0.10460	0.80155
1060 A	0.09458	0.10365	0.80177
1061 C	0.09802	0.09962	0.80237
1062 T	0.09962	0.09791	0.80248
1063 A	0.09752	0.09998	0.80249
1064 T	0.09957	0.09774	0.80269
1065 C	0.09956	0.09750	0.80294
1066 A	0.10058	0.09637	0.80305
1067 A	0.10343	0.09115	0.80542
1068 T	0.10902	0.08296	0.80802
1069 C	0.11146	0.07916	0.80938
1070 A	0.11738	0.07314	0.80949
1071 A	0.12453	0.06297	0.81249
1072 T	0.13233	0.05289	0.81478
1073 T	0.13332	0.05086	0.81582
1074 A	0.13331	0.05097	0.81572
1075 T	0.13502	0.04518	0.81979
1076 A	0.13262	0.04645	0.82092
1077 T	0.12910	0.04732	0.82358
1078 T	0.12141	0.05135	0.82723
1079 T	0.11451	0.05738	0.8281
1080 A	0.10053	0.07464	0.82483
1081 A	0.08384	0.09508	0.82108
1082 A	0.07407	0.10436	0.82156
1083 T	0.06918	0.10772	0.8231
1084 T	0.06437	0.11312	0.8225
1085 A	0.05946	0.12008	0.82046
1086 T	0.05595	0.12451	0.81954
1087 G	0.04900	0.13818	0.81282
1088 A	0.04625	0.14481	0.80893
1089 G	0.04169	0.15243	0.80589
1090 A	0.03990	0.15692	0.80318
1091 A	0.03895	0.15996	0.8011
1092 A	0.03825	0.16182	0.79992
1093 A	0.03845	0.16133	0.80021
1094 T	0.03892	0.16075	0.80033
1095 A	0.03900	0.16081	0.80019
1096 A	0.03951	0.15966	0.80082
1097 A	0.04050	0.15770	0.8018
1098 A	0.04169	0.15548	0.80282
1099 A	0.04441	0.14865	0.80694
1100 T	0.04836	0.13638	0.81526
1101 T	0.05068	0.12339	0.82592
1102 A	0.05202	0.11450	0.83348
1103 A	0.05528	0.09997	0.84475
1104 T	0.05996	0.07752	0.86253
1105 T	0.06145	0.06301	0.87554
1106 C	0.06215	0.05584	0.88201
1107 G	0.06385	0.05199	0.88417
1108 A	0.06685	0.04793	0.88523
1109 G	0.07022	0.04243	0.88735
1110 T	0.07915	0.02943	0.89142
1111 T	0.08338	0.02451	0.89211
1112 T	0.08597	0.02058	0.89346
1113 G	0.08684	0.02823	0.88492
1114 A	0.08786	0.04259	0.86956
1115 T	0.08844	0.06159	0.84997
1116 A	0.08330	0.07935	0.83735
1117 T	0.08224	0.08758	0.83018
1118 T	0.07890	0.10230	0.81879
1119 A	0.07327	0.11930	0.80743
1120 G	0.07008	0.12318	0.80674
1121 A	0.06776	0.12614	0.80609
1122 T	0.06580	0.12871	0.80549
1123 T	0.06413	0.13117	0.8047
1124 C	0.06245	0.13340	0.80415
1125 A	0.06148	0.13539	0.80314
1126 A	0.06107	0.13710	0.80183
1127 A	0.06088	0.13776	0.80136
1128 T	0.06057	0.13833	0.80109
1129 A	0.06007	0.13891	0.80102
1130 T	0.06061	0.13816	0.80123
1131 A	0.06050	0.13824	0.80126
1132 A	0.06069	0.13789	0.80142
1133 C	0.06142	0.13682	0.80176
1134 A	0.06301	0.13510	0.80188
1135 A	0.06677	0.13105	0.80218
1136 A	0.07804	0.11923	0.80272
1137 A	0.09599	0.10076	0.80325
1138 T	0.12144	0.07449	0.80407
1139 T	0.13488	0.05436	0.81076
1140 A	0.14009	0.04705	0.81285
1141 G	0.14750	0.03492	0.81758
1142 T	0.15566	0.02162	0.82272
1143 T	0.15640	0.01795	0.82565
1144 A	0.15668	0.01588	0.82744
1145 C	0.15751	0.01290	0.82959
1146 T	0.15842	0.01192	0.82967
1147 T	0.15555	0.01581	0.82864
1148 A	0.15006	0.02519	0.82474
1149 T	0.14675	0.02927	0.82399
1150 G	0.13729	0.04123	0.82147
1151 G	0.13465	0.04502	0.82033
1152 T	0.13394	0.04612	0.81994
1153 G	0.13265	0.04913	0.81822
1154 T	0.13198	0.05065	0.81737
1155 T	0.13135	0.05223	0.81642
1156 T	0.13022	0.05439	0.81539
1157 T	0.12877	0.05592	0.81531
1158 A	0.12692	0.05786	0.81522
1159 T	0.12646	0.05835	0.8152
1160 G	0.12602	0.05878	0.8152
1161 C	0.12543	0.05937	0.8152
1162 A	0.12492	0.05992	0.81516
1163 A	0.12495	0.05993	0.81512
1164 C	0.12448	0.06043	0.8151
1165 A	0.12412	0.06105	0.81483
1166 A	0.12433	0.06107	0.8146
1167 T	0.12518	0.06007	0.81474
1168 A	0.12566	0.05951	0.81482
1169 A	0.12673	0.05818	0.81509
1170 T	0.12952	0.05056	0.81991
1171 T	0.13436	0.03982	0.82581
1172 A	0.13583	0.03421	0.82995
1173 T	0.13959	0.02151	0.83891
1174 T	0.14124	0.01659	0.84217
1175 T	0.14198	0.01460	0.84342
1176 T	0.14296	0.01209	0.84495
1177 T	0.14367	0.01003	0.8463
1178 C	0.14393	0.00840	0.84767
1179 T	0.14439	0.00732	0.8483
1180 T	0.14403	0.00743	0.84854
1181 C	0.14238	0.00873	0.84889
1182 T	0.13504	0.01812	0.84684
1183 G	0.11417	0.04199	0.84384
1184 A	0.10214	0.06006	0.8378
1185 A	0.09447	0.07472	0.83082
1186 A	0.09019	0.08618	0.82363
1187 A	0.08669	0.10037	0.81294
1188 A	0.08394	0.11022	0.80583
1189 G	0.08194	0.11622	0.80183
1190 T	0.08113	0.12022	0.79864
1191 A	0.08018	0.12425	0.79557
1192 A	0.07967	0.12674	0.79359
1193 A	0.07954	0.12758	0.79288
1194 T	0.07962	0.12753	0.79285
1195 T	0.07961	0.12749	0.7929
1196 A	0.07946	0.12761	0.79294
1197 T	0.07938	0.12760	0.79302
1198 C	0.07925	0.12762	0.79313
1199 C	0.07918	0.12764	0.79318
1200 A	0.07911	0.12771	0.79319
1201 A	0.07909	0.12769	0.79322
1202 A	0.07930	0.12739	0.7933
1203 T	0.08000	0.12647	0.79353
1204 A	0.08052	0.12463	0.79485
1205 A	0.08276	0.11347	0.80377
1206 G	0.08607	0.08938	0.82455
1207 G	0.09176	0.07208	0.83615
1208 A	0.09830	0.05935	0.84235
1209 A	0.10623	0.04763	0.84613
1210 A	0.11892	0.03168	0.8494
1211 T	0.12994	0.01719	0.85287
1212 T	0.13497	0.00980	0.85522
1213 T	0.13704	0.00660	0.85635
1214 T	0.13811	0.00513	0.85676
1215 T	0.13866	0.00499	0.85636
1216 G	0.13882	0.00597	0.85521
1217 T	0.13887	0.00672	0.85442
1218 T	0.13881	0.00728	0.85391
1219 T	0.13865	0.00826	0.85309
1220 T	0.13847	0.00982	0.85171
1221 T	0.13719	0.01195	0.85085
1222 G	0.13485	0.01434	0.85081
1223 A	0.13316	0.01599	0.85085
1224 T	0.13255	0.01656	0.85089
1225 T	0.13146	0.01771	0.85082
1226 C	0.12984	0.01932	0.85084
1227 C	0.12793	0.02124	0.85083
1228 G	0.12640	0.02280	0.8508
1229 T	0.12564	0.02359	0.85076
1230 C	0.12465	0.02460	0.85075
1231 G	0.12411	0.02517	0.85071
1232 A	0.12421	0.02511	0.85068
1233 T	0.12458	0.02477	0.85065
1234 C	0.12441	0.02496	0.85064
1235 A	0.12456	0.02482	0.85061
1236 G	0.12500	0.02436	0.85063
1237 T	0.12597	0.02337	0.85066
1238 C	0.12696	0.02237	0.85067
1239 T	0.12916	0.02021	0.85064
1240 T	0.13058	0.01873	0.85069
1241 T	0.13113	0.01821	0.85067
1242 T	0.13125	0.01835	0.8504
1243 A	0.13083	0.01969	0.84948
1244 T	0.13073	0.01958	0.84969
1245 A	0.12998	0.01966	0.85036
1246 G	0.12968	0.01858	0.85175
1247 A	0.12936	0.01913	0.8515
1248 T	0.12920	0.01865	0.85215
1249 T	0.12834	0.01983	0.85182
1250 T	0.12634	0.02268	0.85099
1251 A	0.12140	0.03303	0.84556
1252 G	0.11923	0.03690	0.84386
1253 G	0.11854	0.03877	0.84269
1254 T	0.11830	0.04071	0.841
1255 A	0.11763	0.04393	0.83844
1256 A	0.11745	0.04588	0.83667
1257 T	0.11742	0.04693	0.83565
1258 T	0.11734	0.04959	0.83307
1259 T	0.11719	0.05486	0.82795
1260 A	0.11701	0.06091	0.82207
1261 T	0.11687	0.06305	0.82009
1262 T	0.11577	0.06604	0.81819
1263 G	0.11430	0.06945	0.81625
1264 A	0.11400	0.07126	0.81473
1265 A	0.11391	0.07197	0.81411
1266 A	0.11472	0.07102	0.81426
1267 T	0.11633	0.06936	0.81431
1268 T	0.11774	0.06791	0.81435
1269 A	0.11784	0.06878	0.81338
1270 A	0.11852	0.06925	0.81223
1271 A	0.11923	0.06952	0.81125
1272 T	0.12104	0.06802	0.81093
1273 A	0.12336	0.06554	0.8111
1274 T	0.13129	0.05300	0.81571
1275 T	0.13381	0.04853	0.81765
1276 T	0.13450	0.04730	0.8182
1277 A	0.13380	0.04790	0.8183
1278 C	0.13468	0.04625	0.81907
1279 C	0.13572	0.04514	0.81914
1280 A	0.13601	0.04538	0.81862
1281 A	0.13487	0.04704	0.81809
1282 C	0.13909	0.04275	0.81816
1283 T	0.14276	0.03924	0.81799
1284 T	0.13629	0.04585	0.81786
1285 G	0.11518	0.06622	0.8186
1286 C	0.09557	0.08606	0.81837
1287 A	0.08396	0.10583	0.8102
1288 A	0.07071	0.12941	0.79988
1289 G	0.05641	0.15239	0.7912
1290 A	0.04781	0.16839	0.78379
1291 G	0.04327	0.17687	0.77986
1292 A	0.04218	0.18149	0.77633
1293 A	0.04275	0.18112	0.77613
1294 A	0.04371	0.17994	0.77635
1295 A	0.04483	0.17849	0.77668
1296 T	0.04661	0.17566	0.77773
1297 C	0.04662	0.17500	0.77838
1298 C	0.04644	0.17502	0.77854
1299 A	0.04571	0.17599	0.77829
1300 A	0.04515	0.17665	0.77819
1301 A	0.04484	0.17696	0.7782
1302 A	0.04433	0.17759	0.77809
1303 A	0.04455	0.17659	0.77886
1304 T	0.04491	0.17044	0.78465
1305 A	0.04436	0.16758	0.78806
1306 A	0.04441	0.16265	0.79294
1307 A	0.04477	0.15323	0.802
1308 A	0.04571	0.13195	0.82234
1309 G	0.04802	0.11114	0.84084
1310 A	0.05766	0.09851	0.84383
1311 A	0.06998	0.07596	0.85405
1312 T	0.08065	0.05148	0.86787
1313 T	0.08598	0.03838	0.87564
1314 T	0.08758	0.03289	0.87952
1315 C	0.08788	0.03158	0.88054
1316 C	0.08719	0.03391	0.87891
1317 T	0.08626	0.04078	0.87295
1318 T	0.08456	0.04729	0.86815
1319 T	0.08338	0.05235	0.86426
1320 T	0.08178	0.06171	0.85651
1321 G	0.07847	0.07324	0.84829
1322 A	0.07631	0.09003	0.83366
1323 T	0.07486	0.10625	0.81889
1324 A	0.07393	0.10929	0.81678
1325 G	0.07366	0.11105	0.81528
1326 T	0.07373	0.11531	0.81096
1327 A	0.07339	0.11802	0.8086
1328 C	0.07337	0.11840	0.80824
1329 A	0.07352	0.12018	0.80629
