# lcl|CP097583.1_cds_USQ93592.1_1
# AA	inside	membr	outside
1 T	0.69114	0.00000	0.30887
2 T	0.69079	0.00035	0.30887
3 G	0.69058	0.00056	0.30887
4 T	0.69058	0.00533	0.30409
5 T	0.68594	0.01844	0.29562
6 T	0.68594	0.02228	0.29179
7 T	0.59359	0.11802	0.28839
8 A	0.59359	0.11809	0.28832
9 T	0.58043	0.13236	0.28721
10 A	0.58039	0.25274	0.16687
11 A	0.57832	0.25770	0.16398
12 A	0.56603	0.27064	0.16333
13 T	0.55936	0.27997	0.16067
14 T	0.55936	0.27997	0.16067
15 T	0.55936	0.29831	0.14234
16 T	0.55875	0.29891	0.14234
17 A	0.55681	0.30164	0.14155
18 T	0.55676	0.30303	0.14022
19 A	0.55404	0.30792	0.13804
20 A	0.53091	0.36804	0.10106
21 A	0.51469	0.38441	0.10091
22 G	0.51406	0.38917	0.09678
23 T	0.51295	0.39435	0.09271
24 T	0.50998	0.40484	0.08517
25 A	0.50467	0.41459	0.08074
26 A	0.50188	0.42099	0.07713
27 A	0.50396	0.41611	0.07992
28 A	0.51028	0.41467	0.07505
29 A	0.51552	0.41372	0.07076
30 T	0.53477	0.33360	0.13164
31 G	0.53746	0.33247	0.13007
32 A	0.54288	0.32312	0.134
33 T	0.63879	0.22717	0.13404
34 T	0.64172	0.22476	0.13352
35 C	0.64160	0.21915	0.13925
36 T	0.64217	0.21859	0.13925
37 C	0.64029	0.22248	0.13722
38 A	0.64765	0.22176	0.13059
39 A	0.64494	0.25547	0.09959
40 C	0.64628	0.25901	0.09471
41 A	0.64710	0.27165	0.08124
42 A	0.64924	0.27595	0.07482
43 G	0.67820	0.22799	0.09381
44 A	0.67870	0.24004	0.08126
45 T	0.68336	0.23596	0.08069
46 A	0.68632	0.24312	0.07056
47 T	0.69355	0.24054	0.06591
48 A	0.69544	0.23461	0.06995
49 G	0.69825	0.22871	0.07305
50 A	0.70331	0.22191	0.07477
51 A	0.71534	0.20790	0.07676
52 C	0.72870	0.19381	0.07749
53 C	0.74113	0.18693	0.07194
54 A	0.74572	0.18477	0.06951
55 T	0.75604	0.17476	0.06919
56 T	0.75866	0.17299	0.06836
57 A	0.75952	0.17256	0.06793
58 C	0.76191	0.16749	0.0706
59 C	0.76930	0.15707	0.07363
60 T	0.77355	0.15301	0.07343
61 C	0.77804	0.14845	0.07351
62 A	0.80122	0.12811	0.07066
63 T	0.80968	0.12057	0.06975
64 T	0.82359	0.10741	0.069
65 C	0.82842	0.10192	0.06966
66 T	0.83336	0.09940	0.06724
67 T	0.84708	0.08413	0.06879
68 A	0.84404	0.08649	0.06947
69 T	0.83992	0.08965	0.07043
70 T	0.79970	0.13179	0.06851
71 C	0.71377	0.21980	0.06643
72 A	0.65383	0.29489	0.05129
73 G	0.60669	0.34485	0.04845
74 A	0.56601	0.38941	0.04457
75 A	0.52599	0.43153	0.04248
76 A	0.51341	0.44483	0.04176
77 C	0.50975	0.44677	0.04348
78 A	0.50531	0.45181	0.04288
79 G	0.50174	0.45522	0.04304
80 A	0.49850	0.45849	0.04301
81 T	0.49909	0.45731	0.0436
82 A	0.49784	0.45815	0.04401
83 G	0.49883	0.45387	0.04729
84 A	0.49936	0.44990	0.05074
85 T	0.50241	0.44208	0.05551
86 C	0.49905	0.44239	0.05857
87 T	0.47111	0.46987	0.05902
88 G	0.41269	0.52930	0.05801
89 A	0.37290	0.57245	0.05465
90 A	0.31577	0.63146	0.05277
91 A	0.26049	0.68610	0.05341
92 A	0.20880	0.71568	0.07552
93 A	0.16990	0.70041	0.12968
94 G	0.14231	0.64278	0.2149
95 A	0.13187	0.61993	0.2482
96 A	0.12366	0.61510	0.26124
97 A	0.11532	0.63578	0.2489
98 T	0.11232	0.62093	0.26674
99 T	0.09690	0.62727	0.27582
100 G	0.07556	0.64342	0.28102
101 A	0.05963	0.65681	0.28356
102 A	0.05251	0.65994	0.28754
103 C	0.04820	0.65937	0.29243
104 C	0.04450	0.66471	0.29079
105 A	0.04030	0.68246	0.27725
106 G	0.03621	0.71267	0.25112
107 A	0.03162	0.76564	0.20273
108 A	0.02944	0.80549	0.16508
109 A	0.02738	0.82865	0.14397
110 A	0.02711	0.79793	0.17495
111 G	0.02846	0.74615	0.22539
112 A	0.03165	0.71706	0.25129
113 A	0.03464	0.67323	0.29213
114 A	0.03787	0.62771	0.33442
115 A	0.04227	0.58592	0.37181
116 A	0.04862	0.55347	0.39791
117 A	0.05624	0.53469	0.40908
118 G	0.07196	0.51657	0.41148
119 A	0.09487	0.54314	0.36199
120 T	0.13829	0.51737	0.34434
121 A	0.15264	0.52298	0.32438
122 T	0.15677	0.53230	0.31094
123 T	0.15513	0.55841	0.28646
124 A	0.14798	0.61921	0.23281
125 A	0.14378	0.67610	0.18013
126 A	0.14095	0.72635	0.1327
127 A	0.14296	0.77263	0.08441
128 A	0.15463	0.77954	0.06584
129 A	0.17997	0.76247	0.05757
130 G	0.22572	0.71456	0.05973
131 A	0.25321	0.68764	0.05915
132 T	0.27346	0.66619	0.06035
133 A	0.27296	0.66811	0.05893
134 C	0.27506	0.66621	0.05873
135 A	0.26012	0.68311	0.05677
136 G	0.23193	0.71397	0.0541
137 A	0.23789	0.70870	0.05342
138 A	0.25409	0.69272	0.05319
139 A	0.27099	0.67596	0.05304
140 A	0.30115	0.64468	0.05417
141 A	0.34390	0.60024	0.05586
142 T	0.43038	0.51066	0.05897
143 T	0.47110	0.46764	0.06126
144 A	0.49591	0.43912	0.06497
145 C	0.52845	0.40136	0.07019
146 C	0.56709	0.35891	0.074
147 T	0.62434	0.29867	0.07699
148 C	0.67235	0.24874	0.07891
149 A	0.72176	0.19856	0.07967
150 T	0.77247	0.14736	0.08017
151 T	0.79225	0.12633	0.08142
152 C	0.80103	0.11381	0.08517
153 T	0.80479	0.10875	0.08646
154 T	0.80775	0.09988	0.09237
155 A	0.80910	0.09399	0.09691
156 T	0.81228	0.08198	0.10574
157 T	0.81418	0.07373	0.11209
158 A	0.81603	0.04356	0.1404
159 A	0.81917	0.00000	0.18083
