# lcl|CP097583.1_cds_USQ93366.1_1
# AA	inside	membr	outside
1 A	0.06595	0.00000	0.93405
2 T	0.06586	0.00010	0.93405
3 G	0.06580	0.00015	0.93405
4 A	0.06580	0.00061	0.93359
5 T	0.06525	0.00134	0.93341
6 G	0.06525	0.00141	0.93334
7 G	0.06259	0.00413	0.93327
8 G	0.06259	0.00414	0.93327
9 A	0.06247	0.00430	0.93324
10 T	0.06247	0.00548	0.93205
11 G	0.06244	0.00558	0.93199
12 T	0.06226	0.00578	0.93195
13 G	0.06192	0.00636	0.93172
14 T	0.06192	0.00636	0.93172
15 A	0.06192	0.01100	0.92708
16 G	0.06191	0.01100	0.92708
17 A	0.06190	0.01107	0.92703
18 T	0.06190	0.01121	0.92689
19 G	0.06187	0.01131	0.92683
20 T	0.06179	0.01227	0.92594
21 T	0.06147	0.01259	0.92594
22 G	0.06143	0.01295	0.92562
23 T	0.06144	0.01334	0.92523
24 T	0.06138	0.01399	0.92463
25 G	0.06117	0.01529	0.92353
26 A	0.06109	0.01624	0.92267
27 T	0.06140	0.01597	0.92263
28 G	0.06139	0.01588	0.92273
29 A	0.06142	0.01607	0.92252
30 T	0.06169	0.01377	0.92454
31 G	0.06172	0.01363	0.92465
32 T	0.06184	0.01334	0.92483
33 T	0.06272	0.01234	0.92495
34 C	0.06276	0.01225	0.92499
35 C	0.06288	0.01210	0.92502
36 A	0.06299	0.01211	0.9249
37 G	0.06312	0.01219	0.92469
38 T	0.06698	0.00873	0.92429
39 A	0.06690	0.00997	0.92313
40 G	0.06711	0.01049	0.92241
41 T	0.06738	0.01060	0.92202
42 T	0.06691	0.01138	0.92172
43 A	0.06659	0.01190	0.92151
44 G	0.06560	0.01299	0.92141
45 A	0.06575	0.01313	0.92112
46 A	0.06610	0.01327	0.92063
47 A	0.06669	0.01331	0.92
48 T	0.06809	0.01195	0.91996
49 T	0.06860	0.01138	0.92003
50 T	0.06811	0.01183	0.92007
51 A	0.06775	0.01209	0.92016
52 G	0.06756	0.01221	0.92024
53 C	0.06729	0.01242	0.92029
54 T	0.06686	0.01288	0.92026
55 C	0.06553	0.01423	0.92024
56 G	0.06440	0.01549	0.9201
57 A	0.06308	0.01699	0.91993
58 G	0.06249	0.01769	0.91982
59 C	0.06244	0.01776	0.91981
60 A	0.06251	0.01799	0.91949
61 G	0.06299	0.01755	0.91946
62 G	0.06423	0.01626	0.91952
63 T	0.06528	0.01523	0.91949
64 T	0.06567	0.01498	0.91934
65 T	0.06576	0.01439	0.91985
66 A	0.06547	0.01434	0.92019
67 G	0.06529	0.01388	0.92083
68 A	0.06520	0.01421	0.92058
69 A	0.06547	0.01404	0.92049
70 T	0.06616	0.01345	0.92039
71 T	0.06629	0.01335	0.92037
72 T	0.06601	0.01366	0.92033
73 G	0.06510	0.01461	0.92029
74 G	0.06453	0.01588	0.91959
75 A	0.06332	0.01867	0.91801
76 A	0.06282	0.01939	0.9178
77 A	0.06267	0.01918	0.91815
78 A	0.06259	0.01788	0.91953
79 A	0.06267	0.01672	0.92061
80 C	0.06285	0.01521	0.92193
81 T	0.06300	0.01472	0.92227
82 G	0.06308	0.01457	0.92234
83 T	0.06337	0.01444	0.9222
84 T	0.06351	0.01477	0.92171
85 A	0.06342	0.01575	0.92082
86 G	0.06336	0.01698	0.91966
87 T	0.06272	0.02030	0.91697
88 A	0.06076	0.02299	0.91625
89 A	0.05983	0.02391	0.91626
90 A	0.05533	0.02824	0.91643
91 G	0.05404	0.02916	0.91679
92 C	0.05330	0.02958	0.91711
93 T	0.05254	0.03041	0.91704
94 A	0.05088	0.03219	0.91693
95 A	0.05016	0.03280	0.91703
96 G	0.05046	0.03197	0.91757
97 A	0.05098	0.03115	0.91787
98 G	0.05228	0.02867	0.91904
99 T	0.05277	0.02770	0.91952
100 T	0.05275	0.02753	0.91971
101 A	0.05240	0.02776	0.91983
102 T	0.05207	0.02797	0.91997
103 C	0.05146	0.02850	0.92005
104 C	0.05099	0.02893	0.92008
105 A	0.05071	0.02920	0.92009
106 G	0.05081	0.02908	0.92012
107 C	0.05120	0.02867	0.92013
108 A	0.05192	0.02795	0.92014
109 A	0.05308	0.02668	0.92024
110 A	0.05579	0.02301	0.9212
111 T	0.05681	0.02003	0.92316
112 G	0.05706	0.01868	0.92426
113 T	0.05734	0.01240	0.93026
114 T	0.05744	0.01024	0.93231
115 T	0.05749	0.00892	0.93359
116 T	0.05751	0.00797	0.93452
117 T	0.05744	0.00694	0.93561
118 G	0.05706	0.00687	0.93607
119 A	0.05683	0.00794	0.93523
120 A	0.05625	0.00965	0.9341
121 G	0.05456	0.01243	0.93301
122 G	0.05394	0.01408	0.93198
123 T	0.05382	0.01518	0.93099
124 A	0.05359	0.01715	0.92926
125 T	0.05341	0.01924	0.92735
126 T	0.05317	0.02179	0.92505
127 A	0.05265	0.03094	0.91641
128 T	0.05173	0.03399	0.91428
129 A	0.04929	0.03796	0.91276
130 A	0.04620	0.04230	0.9115
131 A	0.04527	0.04352	0.91121
132 A	0.04428	0.04462	0.91111
133 G	0.04388	0.04492	0.9112
134 G	0.04370	0.04504	0.91127
135 T	0.04369	0.04496	0.91136
136 G	0.04350	0.04508	0.91142
137 C	0.04347	0.04507	0.91147
138 C	0.04333	0.04554	0.91113
139 A	0.04324	0.04622	0.91053
140 A	0.04329	0.04671	0.91001
141 A	0.04367	0.04632	0.91002
142 A	0.04474	0.04523	0.91003
143 A	0.04635	0.04307	0.91057
144 T	0.04841	0.03898	0.9126
145 C	0.04953	0.03719	0.91328
146 A	0.05072	0.03661	0.91267
147 A	0.05278	0.03532	0.91191
148 G	0.05532	0.03339	0.9113
149 A	0.05828	0.03114	0.91058
150 T	0.06750	0.02187	0.91064
151 T	0.06945	0.01874	0.91181
152 A	0.07007	0.01598	0.91395
153 T	0.06977	0.01342	0.91682
154 A	0.06596	0.01678	0.91725
155 C	0.06362	0.01843	0.91795
156 A	0.05909	0.02348	0.91743
157 G	0.05797	0.02476	0.91727
158 A	0.05715	0.02593	0.91692
159 A	0.05677	0.02638	0.91684
160 G	0.05685	0.02648	0.91667
161 T	0.05716	0.02665	0.91619
162 A	0.05718	0.02845	0.91437
163 G	0.05749	0.02825	0.91426
164 A	0.05755	0.02819	0.91426
165 A	0.05752	0.02813	0.91436
166 A	0.05748	0.02801	0.91451
167 C	0.05761	0.02768	0.91472
168 C	0.05800	0.02716	0.91484
169 C	0.05885	0.02627	0.91487
170 C	0.05979	0.02534	0.91487
171 G	0.06056	0.02461	0.91483
172 T	0.06143	0.02379	0.91479
173 T	0.06175	0.02350	0.91475
174 A	0.06184	0.02342	0.91474
175 G	0.06201	0.02283	0.91516
176 A	0.06245	0.02056	0.91698
177 T	0.06303	0.01585	0.92112
178 T	0.06316	0.01323	0.92362
179 T	0.06283	0.00992	0.92724
180 A	0.06089	0.01131	0.9278
181 G	0.06005	0.01180	0.92814
182 C	0.05935	0.01259	0.92806
183 A	0.05877	0.01509	0.92613
184 G	0.05920	0.01568	0.92511
185 A	0.06092	0.01507	0.92401
186 A	0.06109	0.01530	0.92361
187 A	0.06118	0.01543	0.92339
188 A	0.06121	0.01536	0.92343
189 T	0.06107	0.01539	0.92355
190 C	0.06094	0.01540	0.92366
191 T	0.06079	0.01553	0.92368
192 A	0.06056	0.01575	0.92368
193 G	0.06044	0.01585	0.92371
194 C	0.06034	0.01594	0.92372
195 C	0.05987	0.01645	0.92368
196 A	0.05893	0.01766	0.92341
197 A	0.05792	0.01884	0.92324
198 G	0.05760	0.01938	0.92303
199 G	0.05747	0.01955	0.92297
200 G	0.05745	0.01958	0.92296
201 A	0.05750	0.01920	0.9233
202 A	0.05769	0.01780	0.9245
203 C	0.05832	0.01490	0.92679
204 G	0.05895	0.01337	0.92768
205 G	0.05967	0.01201	0.92832
206 C	0.06153	0.00964	0.92883
207 T	0.06267	0.00849	0.92884
208 G	0.06345	0.00769	0.92886
209 G	0.06383	0.00718	0.92898
210 A	0.06408	0.00692	0.929
211 G	0.06427	0.00669	0.92904
212 C	0.06436	0.00638	0.92925
213 T	0.06442	0.00653	0.92905
214 G	0.06442	0.00686	0.92871
215 T	0.06444	0.00719	0.92838
216 A	0.06436	0.00802	0.92761
217 G	0.06430	0.00865	0.92705
218 A	0.06427	0.00863	0.92711
219 A	0.06421	0.00811	0.92768
220 G	0.06419	0.00750	0.92831
221 G	0.06432	0.00726	0.92841
222 G	0.06431	0.00780	0.92789
223 G	0.06440	0.00879	0.92681
224 T	0.06457	0.00889	0.92653
225 T	0.06452	0.00944	0.92604
226 G	0.06439	0.01011	0.9255
227 T	0.06432	0.01054	0.92515
228 C	0.06347	0.01204	0.92449
229 A	0.06242	0.01370	0.92388
230 A	0.06130	0.01533	0.92336
231 G	0.06040	0.01679	0.92281
232 A	0.05948	0.01802	0.9225
233 C	0.05903	0.01855	0.92242
234 A	0.05811	0.01977	0.92212
235 A	0.05804	0.01992	0.92204
236 C	0.05838	0.01958	0.92205
237 T	0.05881	0.01927	0.92192
238 G	0.05891	0.01941	0.92167
239 T	0.05954	0.01895	0.92152
240 A	0.05976	0.01886	0.92138
241 A	0.06005	0.01854	0.9214
242 A	0.06038	0.01791	0.92171
243 T	0.06098	0.01709	0.92193
244 A	0.06114	0.01686	0.922
245 C	0.06174	0.01617	0.92209
246 A	0.06267	0.01541	0.92192
247 A	0.06311	0.01519	0.9217
248 T	0.06384	0.01448	0.92168
249 T	0.06444	0.01384	0.92172
250 A	0.06461	0.01371	0.92167
251 A	0.06501	0.01251	0.92248
252 A	0.06545	0.01100	0.92355
253 G	0.06593	0.00930	0.92476
254 A	0.06658	0.00787	0.92554
255 T	0.06712	0.00652	0.92636
256 A	0.06723	0.00620	0.92657
257 T	0.06754	0.00498	0.92747
258 T	0.06761	0.00458	0.9278
259 G	0.06761	0.00445	0.92795
260 G	0.06770	0.00441	0.9279
261 T	0.06790	0.00423	0.92788
262 T	0.06798	0.00447	0.92754
263 A	0.06791	0.00483	0.92726
264 T	0.06766	0.00539	0.92695
265 G	0.06683	0.00628	0.9269
266 G	0.06625	0.00727	0.92648
267 A	0.06602	0.00776	0.92622
268 A	0.06595	0.00789	0.92615
269 C	0.06605	0.00776	0.92619
270 T	0.06623	0.00759	0.92617
271 T	0.06609	0.00776	0.92615
272 A	0.06583	0.00803	0.92614
273 C	0.06572	0.00809	0.92619
274 G	0.06568	0.00813	0.92619
275 A	0.06571	0.00808	0.92621
276 T	0.06585	0.00792	0.92623
277 A	0.06594	0.00783	0.92623
278 C	0.06612	0.00763	0.92625
279 T	0.06645	0.00726	0.92629
280 T	0.06659	0.00709	0.92632
281 T	0.06671	0.00694	0.92636
282 G	0.06681	0.00680	0.9264
283 T	0.06704	0.00653	0.92642
284 G	0.06722	0.00626	0.92652
285 T	0.06765	0.00571	0.92665
286 A	0.06802	0.00517	0.92682
287 A	0.06843	0.00447	0.9271
288 A	0.06859	0.00352	0.92788
289 T	0.06913	0.00238	0.92849
290 T	0.06941	0.00181	0.92878
291 A	0.06953	0.00153	0.92895
292 T	0.06958	0.00126	0.92916
293 T	0.06962	0.00105	0.92933
294 T	0.06965	0.00077	0.92958
295 T	0.06967	0.00050	0.92984
296 G	0.06967	0.00034	0.92999
297 G	0.06968	0.00022	0.93009
298 T	0.06970	0.00015	0.93015
299 A	0.06971	0.00011	0.93018
300 A	0.06974	0.00000	0.93026
