# lcl|CP097583.1_cds_USQ93310.1_1
# AA	inside	membr	outside
1 A	0.69017	0.00000	0.30983
2 T	0.68980	0.00037	0.30983
3 G	0.68959	0.00058	0.30983
4 T	0.68959	0.00098	0.30943
5 C	0.68705	0.00395	0.309
6 T	0.68705	0.00430	0.30864
7 A	0.68223	0.00937	0.30839
8 C	0.68223	0.00937	0.30839
9 T	0.68171	0.00998	0.30831
10 T	0.68170	0.02073	0.29756
11 T	0.67851	0.02556	0.29592
12 C	0.46761	0.23755	0.29483
13 G	0.30110	0.42048	0.27842
14 A	0.30107	0.42051	0.27842
15 A	0.30107	0.58281	0.11611
16 A	0.29918	0.58470	0.11611
17 A	0.29519	0.58949	0.11531
18 A	0.29512	0.59145	0.11343
19 T	0.29436	0.59368	0.11196
20 T	0.28701	0.69251	0.02048
21 A	0.27511	0.70461	0.02028
22 G	0.27489	0.70694	0.01817
23 A	0.27486	0.71107	0.01407
24 T	0.27490	0.71124	0.01386
25 T	0.27490	0.71032	0.01478
26 T	0.27480	0.71002	0.01518
27 T	0.27442	0.70955	0.01604
28 C	0.26956	0.71319	0.01726
29 A	0.26314	0.72156	0.01531
30 A	0.26109	0.72323	0.01568
31 A	0.25984	0.72572	0.01444
32 A	0.25945	0.72539	0.01516
33 A	0.27007	0.71100	0.01893
34 A	0.27435	0.69448	0.03118
35 T	0.28558	0.46838	0.24604
36 T	0.30036	0.32306	0.37658
37 A	0.30417	0.31665	0.37918
38 A	0.42514	0.19776	0.37711
39 A	0.42173	0.20773	0.37053
40 G	0.42129	0.21089	0.36782
41 C	0.42116	0.20888	0.36996
42 A	0.42031	0.21084	0.36885
43 T	0.51171	0.11641	0.37188
44 T	0.51009	0.12373	0.36618
45 C	0.50740	0.14882	0.34377
46 G	0.50331	0.16865	0.32804
47 T	0.49882	0.20847	0.29272
48 T	0.46477	0.26042	0.2748
49 A	0.23735	0.62869	0.13396
50 A	0.16597	0.75498	0.07905
51 A	0.14668	0.76960	0.08372
52 C	0.13562	0.77507	0.0893
53 A	0.12677	0.78330	0.08992
54 A	0.11677	0.79408	0.08915
55 C	0.10740	0.80480	0.0878
56 A	0.10076	0.81504	0.0842
57 T	0.09422	0.82592	0.07986
58 G	0.08334	0.83961	0.07705
59 A	0.07764	0.84799	0.07437
60 A	0.07286	0.85623	0.0709
61 G	0.07290	0.84519	0.08191
62 A	0.07845	0.83522	0.08632
63 A	0.08730	0.82342	0.08928
64 A	0.09104	0.81551	0.09345
65 C	0.09874	0.80142	0.09983
66 T	0.10511	0.79667	0.09822
67 A	0.11242	0.79383	0.09375
68 A	0.12734	0.78207	0.09059
69 A	0.14503	0.76458	0.09038
70 A	0.17867	0.73670	0.08462
71 A	0.20159	0.66764	0.13077
72 T	0.33724	0.30559	0.35717
73 T	0.37893	0.20787	0.41321
74 T	0.37575	0.21500	0.40925
75 A	0.36438	0.33569	0.29994
76 A	0.35080	0.40857	0.24063
77 A	0.34871	0.41564	0.23565
78 A	0.33959	0.42028	0.24012
79 A	0.34235	0.41209	0.24556
80 T	0.34797	0.40861	0.24341
81 A	0.34879	0.49840	0.1528
82 A	0.35078	0.53884	0.11039
83 A	0.35386	0.54462	0.10152
84 T	0.35359	0.54627	0.10014
85 G	0.35175	0.55713	0.09111
86 A	0.35219	0.57546	0.07235
87 T	0.35307	0.58204	0.06489
88 G	0.35170	0.59804	0.05026
89 A	0.35383	0.60744	0.03873
90 A	0.36014	0.60398	0.03588
91 G	0.36615	0.60148	0.03237
92 A	0.37204	0.59722	0.03074
93 T	0.38978	0.57912	0.03111
94 G	0.39804	0.56962	0.03235
95 T	0.42586	0.54108	0.03306
96 T	0.44711	0.51814	0.03474
97 A	0.46933	0.49212	0.03856
98 T	0.56499	0.38463	0.05037
99 T	0.61250	0.32347	0.06402
100 A	0.62021	0.31291	0.06688
101 C	0.62756	0.29544	0.077
102 A	0.63329	0.28900	0.07771
103 G	0.64750	0.27394	0.07855
104 T	0.74809	0.17183	0.08009
105 T	0.80319	0.11704	0.07978
106 T	0.82109	0.10116	0.07775
107 A	0.82609	0.09708	0.07683
108 T	0.83569	0.08683	0.07748
109 A	0.84279	0.08138	0.07582
110 A	0.84816	0.07855	0.07329
111 T	0.86594	0.06168	0.07238
112 T	0.87689	0.06121	0.0619
113 A	0.86261	0.09550	0.04188
114 T	0.84342	0.11658	0.04
115 T	0.73511	0.23170	0.03319
116 T	0.59503	0.37514	0.02984
117 A	0.39451	0.57899	0.02651
118 C	0.22466	0.75167	0.02367
119 A	0.14271	0.83801	0.01928
120 A	0.08919	0.89412	0.0167
121 A	0.06998	0.91443	0.01559
122 A	0.05911	0.92575	0.01515
123 T	0.05104	0.93397	0.01499
124 A	0.03392	0.95120	0.01488
125 A	0.02884	0.95615	0.01501
126 A	0.02809	0.95652	0.0154
127 G	0.02813	0.95597	0.01589
128 A	0.02893	0.95460	0.01647
129 T	0.03173	0.95047	0.0178
130 C	0.03344	0.94733	0.01924
131 A	0.03446	0.94640	0.01914
132 A	0.03649	0.94397	0.01954
133 A	0.03990	0.93969	0.02042
134 A	0.04239	0.93656	0.02105
135 A	0.05284	0.92360	0.02356
136 A	0.07204	0.87262	0.05534
137 A	0.07654	0.80631	0.11715
138 T	0.08605	0.63010	0.28386
139 T	0.09036	0.48993	0.41971
140 A	0.09286	0.32665	0.58049
141 T	0.09592	0.18863	0.71545
142 T	0.09897	0.11119	0.78984
143 T	0.10023	0.06059	0.83919
144 T	0.10032	0.05025	0.84943
145 G	0.10024	0.05061	0.84914
146 G	0.10019	0.05783	0.84197
147 T	0.10018	0.05468	0.84515
148 T	0.09935	0.07958	0.82106
149 A	0.09736	0.14882	0.75382
150 T	0.09540	0.24238	0.66223
151 C	0.09448	0.34119	0.56432
152 A	0.09380	0.52391	0.38229
153 A	0.09333	0.60694	0.29973
154 A	0.09336	0.66561	0.24104
155 T	0.09336	0.69480	0.21184
156 G	0.08694	0.73334	0.17972
157 A	0.08532	0.76122	0.15347
158 T	0.08434	0.77586	0.13981
159 T	0.08334	0.78934	0.12732
160 T	0.08228	0.81020	0.10751
161 T	0.07953	0.83342	0.08704
162 A	0.07442	0.88770	0.03787
163 A	0.07254	0.89419	0.03327
164 A	0.07201	0.89738	0.03061
165 A	0.07060	0.90118	0.02821
166 A	0.07102	0.90155	0.02743
167 C	0.07427	0.89806	0.02767
168 A	0.08054	0.89171	0.02775
169 A	0.09122	0.88082	0.02796
170 A	0.10316	0.86856	0.02828
171 A	0.14314	0.82767	0.02919
172 C	0.24093	0.72801	0.03106
173 C	0.37529	0.59149	0.03322
174 T	0.51351	0.45286	0.03363
175 T	0.65844	0.30813	0.03343
176 A	0.69898	0.26906	0.03196
177 T	0.73547	0.23346	0.03107
178 A	0.75281	0.21592	0.03128
179 T	0.78708	0.17361	0.03931
180 T	0.81419	0.14326	0.04255
181 T	0.83051	0.12441	0.04507
182 C	0.84017	0.11353	0.04631
183 A	0.85485	0.09992	0.04524
184 A	0.87066	0.08368	0.04566
185 T	0.91544	0.03647	0.04809
186 T	0.91858	0.03292	0.04851
187 A	0.91367	0.03922	0.04711
188 T	0.91251	0.03842	0.04906
189 T	0.90217	0.04752	0.05032
190 T	0.87554	0.07364	0.05083
191 A	0.76966	0.18176	0.04858
192 C	0.66284	0.28995	0.0472
193 A	0.49189	0.47398	0.03413
194 A	0.34300	0.63284	0.02416
195 A	0.22573	0.75724	0.01703
196 G	0.18298	0.80061	0.01641
197 A	0.14114	0.84318	0.01568
198 A	0.12079	0.86384	0.01537
199 A	0.10520	0.87905	0.01575
200 C	0.10008	0.88367	0.01625
201 T	0.09712	0.88628	0.0166
202 T	0.09254	0.89058	0.01688
203 C	0.08369	0.89914	0.01717
204 C	0.07887	0.90393	0.0172
205 A	0.07556	0.90726	0.01718
206 A	0.07574	0.90665	0.01761
207 A	0.07616	0.90591	0.01794
208 T	0.07679	0.90509	0.01812
209 C	0.07634	0.90337	0.02029
210 T	0.07556	0.89621	0.02823
211 A	0.07035	0.89324	0.03641
212 A	0.06790	0.88057	0.05154
213 A	0.06793	0.85230	0.07978
214 C	0.07132	0.76231	0.16637
215 A	0.07337	0.66712	0.25951
216 A	0.08506	0.49602	0.41892
217 A	0.09391	0.34865	0.55744
218 T	0.10078	0.23496	0.66425
219 T	0.10161	0.20230	0.69609
220 A	0.10202	0.16186	0.73612
221 A	0.10228	0.13390	0.76382
222 T	0.10225	0.10101	0.79675
223 T	0.10180	0.09725	0.80094
224 T	0.09684	0.16155	0.74162
225 A	0.08607	0.33250	0.58142
226 G	0.07291	0.51107	0.41602
227 A	0.06622	0.66018	0.2736
228 A	0.05621	0.79016	0.15363
229 A	0.05099	0.85693	0.09208
230 A	0.05001	0.88502	0.06497
231 T	0.05004	0.89767	0.05228
232 A	0.04982	0.90653	0.04365
233 A	0.04977	0.90889	0.04134
234 T	0.05015	0.90596	0.04389
235 T	0.05021	0.90530	0.04449
236 T	0.04986	0.90639	0.04374
237 A	0.04940	0.90694	0.04366
238 T	0.04968	0.90651	0.04381
239 A	0.04978	0.90640	0.04382
240 T	0.05123	0.90489	0.04388
241 C	0.05187	0.90489	0.04325
242 A	0.05346	0.90719	0.03934
243 A	0.05836	0.90663	0.03501
244 A	0.06534	0.90323	0.03143
245 A	0.07116	0.89886	0.02998
246 A	0.09240	0.87779	0.02981
247 A	0.18048	0.78413	0.0354
248 A	0.36213	0.59157	0.0463
249 T	0.55992	0.38002	0.06005
250 A	0.69172	0.24283	0.06546
251 T	0.81282	0.11315	0.07403
252 T	0.85334	0.06909	0.07757
253 T	0.86573	0.05652	0.07775
254 T	0.86314	0.05967	0.07719
255 A	0.84828	0.07442	0.07729
256 T	0.84055	0.08228	0.07717
257 T	0.82727	0.09623	0.07649
258 T	0.79749	0.12623	0.07628
259 C	0.67390	0.25003	0.07606
260 A	0.55255	0.37249	0.07496
261 T	0.45541	0.47091	0.07367
262 C	0.34103	0.58702	0.07196
263 A	0.29015	0.64159	0.06826
264 A	0.27945	0.65392	0.06664
265 A	0.27890	0.65581	0.06529
266 A	0.27874	0.65726	0.064
267 T	0.27931	0.65655	0.06415
268 T	0.27366	0.66101	0.06532
269 T	0.26302	0.67154	0.06543
270 A	0.24909	0.68736	0.06355
271 A	0.23831	0.69967	0.06202
272 A	0.23293	0.70712	0.05995
273 T	0.22939	0.71317	0.05744
274 T	0.22113	0.72758	0.05129
275 T	0.21361	0.73733	0.04907
276 A	0.19317	0.75974	0.04709
277 A	0.18216	0.76490	0.05294
278 A	0.17840	0.74702	0.07459
279 T	0.17749	0.71963	0.10288
280 A	0.17689	0.69156	0.13154
281 A	0.17696	0.64917	0.17387
282 T	0.17757	0.52467	0.29777
283 A	0.17800	0.42494	0.39706
284 T	0.17911	0.33569	0.4852
285 T	0.18020	0.25896	0.56084
286 G	0.18125	0.25924	0.55951
287 A	0.18171	0.32257	0.49571
288 A	0.18327	0.39912	0.41761
289 T	0.18519	0.46845	0.34636
290 T	0.18036	0.51985	0.29979
291 A	0.17068	0.60266	0.22665
292 A	0.16448	0.64404	0.19147
293 A	0.16368	0.65289	0.18343
294 A	0.16510	0.65097	0.18393
295 A	0.16955	0.64362	0.18683
296 A	0.17899	0.63217	0.18884
297 T	0.19121	0.61470	0.19409
298 T	0.19609	0.61803	0.18588
299 T	0.19679	0.61438	0.18883
300 T	0.18652	0.63373	0.17976
301 G	0.16421	0.65977	0.17601
302 A	0.14505	0.68860	0.16635
303 A	0.13228	0.70193	0.16579
304 A	0.11971	0.71545	0.16484
305 C	0.11437	0.72093	0.1647
306 A	0.10908	0.73619	0.15473
307 C	0.10506	0.74991	0.14503
308 A	0.10240	0.78546	0.11214
309 A	0.13331	0.77446	0.09222
310 A	0.20303	0.72169	0.07529
311 A	0.30544	0.62502	0.06954
312 T	0.41719	0.51237	0.07044
313 T	0.47136	0.45034	0.0783
314 T	0.51586	0.39629	0.08786
315 T	0.49912	0.40715	0.09373
316 C	0.45056	0.45406	0.09539
317 C	0.42315	0.48210	0.09475
318 A	0.40288	0.50571	0.09142
319 A	0.39832	0.51214	0.08954
320 A	0.39890	0.51291	0.08819
321 T	0.40947	0.50334	0.08719
322 A	0.40096	0.51274	0.08631
323 A	0.35083	0.55487	0.09431
324 A	0.30197	0.58530	0.11273
325 G	0.27922	0.59181	0.12897
326 A	0.25210	0.61223	0.13567
327 A	0.23202	0.63293	0.13505
328 A	0.22087	0.63735	0.14178
329 A	0.22974	0.61978	0.15048
330 A	0.24110	0.59599	0.16291
331 G	0.27039	0.54695	0.18266
332 C	0.28826	0.51892	0.19282
333 T	0.30487	0.51354	0.18159
334 T	0.30305	0.52433	0.17262
335 T	0.29179	0.54035	0.16786
336 G	0.27426	0.55619	0.16955
337 A	0.25364	0.57573	0.17063
338 T	0.23909	0.54082	0.2201
339 G	0.20030	0.54278	0.25692
340 C	0.17380	0.56838	0.25781
341 A	0.15134	0.64485	0.20381
342 A	0.13459	0.70191	0.1635
343 A	0.12376	0.73736	0.13889
344 T	0.12130	0.74823	0.13047
345 A	0.11807	0.75023	0.13171
346 A	0.12120	0.69210	0.1867
347 A	0.12529	0.63409	0.24062
348 A	0.12811	0.60195	0.26994
349 A	0.13185	0.56877	0.29937
350 A	0.14434	0.52851	0.32715
351 C	0.14640	0.50251	0.35109
352 A	0.15139	0.49506	0.35355
353 T	0.15727	0.48836	0.35437
354 A	0.15929	0.48764	0.35308
355 A	0.16280	0.48638	0.35082
356 T	0.17441	0.47441	0.35118
357 T	0.18003	0.45946	0.3605
358 A	0.15983	0.48645	0.35372
359 A	0.14715	0.50876	0.34409
360 A	0.14272	0.55203	0.30524
361 A	0.14751	0.58393	0.26857
362 A	0.16746	0.53669	0.29585
363 T	0.21663	0.45920	0.32417
364 T	0.27235	0.38509	0.34256
365 T	0.29872	0.34990	0.35138
366 C	0.30175	0.34522	0.35303
367 T	0.29657	0.36845	0.33498
368 A	0.28044	0.39828	0.32128
369 T	0.26980	0.41399	0.31622
370 A	0.25042	0.43718	0.3124
371 A	0.24507	0.44260	0.31233
372 T	0.24582	0.43968	0.3145
373 A	0.24313	0.44088	0.31599
374 T	0.24251	0.43935	0.31814
375 C	0.24001	0.44126	0.31873
376 A	0.23853	0.45168	0.30979
377 A	0.23779	0.46045	0.30176
378 A	0.24075	0.46216	0.29709
379 A	0.23978	0.46628	0.29395
380 A	0.24247	0.46445	0.29309
381 A	0.26018	0.42371	0.31611
382 G	0.28498	0.38260	0.33242
383 G	0.33868	0.31697	0.34434
384 A	0.39340	0.25612	0.35049
385 T	0.41362	0.22838	0.35799
386 G	0.42203	0.21548	0.36249
387 T	0.43721	0.19668	0.36611
388 T	0.44539	0.18122	0.3734
389 A	0.44863	0.17087	0.38049
390 T	0.46057	0.14426	0.39517
391 T	0.46884	0.12125	0.40991
392 T	0.47083	0.10769	0.42148
393 T	0.46583	0.09781	0.43635
394 C	0.44601	0.11231	0.44168
395 A	0.41996	0.15381	0.42623
396 C	0.39463	0.19028	0.41509
397 G	0.38626	0.22667	0.38706
398 G	0.38272	0.24639	0.37089
399 A	0.38909	0.25917	0.35175
400 A	0.39689	0.26079	0.34232
401 A	0.40210	0.25867	0.33922
402 A	0.40639	0.24978	0.34383
403 T	0.40934	0.23990	0.35075
404 T	0.41035	0.23510	0.35455
405 T	0.41041	0.23269	0.3569
406 G	0.41010	0.23134	0.35856
407 G	0.40964	0.23099	0.35937
408 T	0.40922	0.23106	0.35972
409 A	0.40611	0.23405	0.35984
410 C	0.39221	0.24783	0.35996
411 A	0.37512	0.26805	0.35682
412 G	0.36469	0.28259	0.35272
413 G	0.35827	0.29121	0.35051
414 G	0.35573	0.29482	0.34945
415 A	0.35488	0.29530	0.34982
416 A	0.35596	0.28594	0.3581
417 A	0.36094	0.26071	0.37835
418 A	0.38380	0.21238	0.40382
419 C	0.40865	0.16092	0.43042
420 T	0.44215	0.12061	0.43724
421 T	0.45677	0.10323	0.44
422 T	0.46744	0.09196	0.4406
423 T	0.47010	0.08891	0.44099
424 C	0.46660	0.09245	0.44095
425 T	0.46486	0.09444	0.4407
426 T	0.45990	0.10011	0.44
427 C	0.45241	0.10877	0.43882
428 T	0.44516	0.12041	0.43442
429 T	0.42578	0.14247	0.43175
430 A	0.38913	0.18161	0.42926
431 A	0.37559	0.19670	0.42771
432 A	0.36895	0.20363	0.42742
433 A	0.36681	0.19229	0.4409
434 G	0.36891	0.17271	0.45838
435 T	0.37301	0.15913	0.46787
436 T	0.37316	0.15465	0.47219
437 T	0.36872	0.15931	0.47196
438 A	0.35017	0.18349	0.46634
439 G	0.33068	0.20700	0.46232
440 C	0.31771	0.22296	0.45934
441 T	0.30534	0.24980	0.44486
442 A	0.28568	0.28793	0.42638
443 A	0.27829	0.30740	0.41431
444 A	0.27684	0.31688	0.40628
445 A	0.27697	0.32233	0.4007
446 A	0.27760	0.31991	0.40249
447 T	0.27989	0.31270	0.40741
448 T	0.28243	0.30873	0.40885
449 T	0.28318	0.30868	0.40814
450 A	0.27690	0.31498	0.40812
451 A	0.27612	0.31371	0.41016
452 T	0.27542	0.30493	0.41965
453 T	0.27066	0.29376	0.43558
454 A	0.25875	0.30430	0.43696
455 A	0.25247	0.31245	0.43507
456 A	0.24933	0.32493	0.42574
457 A	0.24771	0.32936	0.42294
458 A	0.24888	0.32760	0.42351
459 A	0.25089	0.32267	0.42644
460 A	0.25467	0.31197	0.43336
461 A	0.26369	0.28469	0.45162
462 T	0.27383	0.25253	0.47364
463 A	0.27981	0.23260	0.48759
464 T	0.29655	0.20234	0.50111
465 T	0.30990	0.17250	0.51761
466 C	0.31800	0.15804	0.52396
467 C	0.32433	0.15043	0.52525
468 T	0.33098	0.14367	0.52535
469 G	0.33328	0.14180	0.52492
470 T	0.33959	0.13595	0.52446
471 A	0.34583	0.13046	0.52372
472 T	0.35744	0.11809	0.52447
473 T	0.36654	0.09970	0.53376
474 A	0.37416	0.08904	0.53679
475 T	0.38519	0.07427	0.54054
476 T	0.39532	0.05901	0.54567
477 T	0.39992	0.04656	0.55352
478 A	0.40398	0.04230	0.55372
479 T	0.41404	0.03674	0.54922
480 T	0.41696	0.04099	0.54206
481 T	0.41661	0.05463	0.52876
482 T	0.41268	0.07798	0.50934
483 T	0.40742	0.08578	0.50679
484 A	0.40001	0.09362	0.50637
485 T	0.39246	0.10133	0.5062
486 G	0.37338	0.12058	0.50603
487 C	0.35526	0.13895	0.50578
488 C	0.34135	0.15395	0.50471
489 T	0.32950	0.16693	0.50357
490 G	0.30703	0.19179	0.50118
491 A	0.29171	0.20898	0.49931
492 T	0.27912	0.22286	0.49802
493 C	0.27149	0.23083	0.49767
494 T	0.26679	0.23603	0.49718
495 A	0.25601	0.24719	0.4968
496 A	0.25187	0.25160	0.49652
497 C	0.24921	0.25436	0.49643
498 A	0.23986	0.26388	0.49627
499 A	0.23157	0.27223	0.4962
500 G	0.23059	0.27301	0.4964
501 A	0.23204	0.27146	0.4965
502 C	0.23787	0.26551	0.49662
503 A	0.24402	0.25884	0.49714
504 A	0.25473	0.24614	0.49913
505 T	0.27048	0.22594	0.50359
506 T	0.26908	0.22292	0.508
507 T	0.26120	0.22795	0.51084
508 A	0.23929	0.24786	0.51286
509 A	0.22863	0.24306	0.5283
510 A	0.22017	0.23446	0.54537
511 A	0.21352	0.22552	0.56096
512 A	0.21245	0.21297	0.57458
513 T	0.21412	0.18784	0.59803
514 A	0.21377	0.17161	0.61462
515 C	0.21314	0.15311	0.63375
516 T	0.21197	0.14848	0.63955
517 T	0.20857	0.14938	0.64206
518 G	0.20516	0.15111	0.64372
519 G	0.20246	0.15848	0.63907
520 A	0.20088	0.17021	0.62891
521 A	0.20019	0.16569	0.63412
522 T	0.19981	0.16435	0.63584
523 A	0.19750	0.17831	0.62418
524 A	0.19615	0.19225	0.6116
525 T	0.19561	0.19197	0.61243
526 A	0.19493	0.19388	0.61119
527 G	0.19545	0.19066	0.61389
528 T	0.19690	0.18810	0.615
529 G	0.19704	0.18719	0.61576
530 A	0.19807	0.18216	0.61977
531 T	0.20276	0.16071	0.63653
532 A	0.20438	0.15456	0.64107
533 T	0.20575	0.14683	0.64741
534 T	0.20573	0.14147	0.6528
535 T	0.20526	0.14111	0.65363
536 T	0.20425	0.14375	0.652
537 A	0.20134	0.14903	0.64964
538 G	0.19870	0.15419	0.64711
539 A	0.19748	0.16550	0.63702
540 A	0.19695	0.17911	0.62395
541 A	0.19864	0.18913	0.61223
542 G	0.20565	0.18579	0.60856
543 T	0.21832	0.18392	0.59775
544 A	0.22283	0.18749	0.58968
545 A	0.23082	0.18383	0.58535
546 A	0.24718	0.16817	0.58465
547 T	0.26703	0.14919	0.58378
548 T	0.27344	0.14359	0.58296
549 T	0.27798	0.13979	0.58223
550 A	0.27992	0.14190	0.57818
551 A	0.28235	0.14065	0.577
552 T	0.28659	0.13646	0.57695
553 T	0.28910	0.13418	0.57673
554 A	0.28839	0.13551	0.57611
555 T	0.29074	0.13340	0.57586
556 T	0.28974	0.13480	0.57545
557 T	0.28539	0.13933	0.57528
558 A	0.27578	0.14909	0.57513
559 A	0.27246	0.15177	0.57577
560 A	0.27352	0.14880	0.57768
561 A	0.27665	0.14359	0.57975
562 A	0.28821	0.13062	0.58117
563 A	0.30557	0.11132	0.5831
564 T	0.32377	0.09110	0.58513
565 A	0.33078	0.08287	0.58635
566 T	0.34403	0.06845	0.58752
567 T	0.35056	0.06082	0.58862
568 C	0.35334	0.05750	0.58916
569 C	0.35541	0.05532	0.58927
570 T	0.35863	0.05208	0.58928
571 T	0.36039	0.05033	0.58928
572 G	0.36177	0.04891	0.58931
573 T	0.36575	0.04490	0.58934
574 T	0.36689	0.04359	0.58952
575 T	0.36727	0.04243	0.5903
576 A	0.36759	0.04097	0.59144
577 A	0.36837	0.03655	0.59508
578 T	0.36935	0.03098	0.59967
579 T	0.36994	0.02678	0.60328
580 T	0.36980	0.02310	0.6071
581 T	0.36919	0.01743	0.61337
582 A	0.36508	0.01928	0.61564
583 G	0.36205	0.02121	0.61674
584 A	0.36108	0.02246	0.61646
585 T	0.36083	0.02328	0.61589
586 G	0.36004	0.02773	0.61223
587 A	0.35982	0.03078	0.60941
588 T	0.35961	0.03301	0.60738
589 T	0.35911	0.03538	0.60551
590 T	0.35855	0.03742	0.60403
591 T	0.35794	0.03931	0.60275
592 G	0.35719	0.04008	0.60273
593 G	0.35687	0.04043	0.6027
594 T	0.35670	0.04058	0.60272
595 T	0.35635	0.04085	0.60281
596 C	0.35581	0.04133	0.60287
597 T	0.35495	0.04230	0.60275
598 G	0.35333	0.04418	0.60249
599 A	0.35246	0.04581	0.60173
600 A	0.35208	0.04741	0.60051
601 A	0.35198	0.04885	0.59916
602 A	0.35223	0.04839	0.59938
603 T	0.35334	0.04635	0.60032
604 A	0.35367	0.04520	0.60113
605 T	0.35512	0.04002	0.60486
606 G	0.35552	0.03752	0.60695
607 A	0.35689	0.03591	0.6072
608 A	0.35877	0.03377	0.60745
609 T	0.36420	0.02750	0.6083
610 A	0.36728	0.02415	0.60858
611 T	0.37041	0.02056	0.60903
612 T	0.37197	0.01840	0.60963
613 T	0.37273	0.01707	0.6102
614 T	0.37308	0.01632	0.6106
615 T	0.37318	0.01586	0.61096
616 T	0.37319	0.01578	0.61103
617 T	0.37315	0.01589	0.61096
618 T	0.37310	0.01616	0.61073
619 A	0.37299	0.01671	0.6103
620 G	0.37304	0.01618	0.61078
621 A	0.37317	0.01508	0.61174
622 G	0.37385	0.01368	0.61247
623 A	0.37494	0.01237	0.61269
624 T	0.37650	0.01057	0.61293
625 G	0.37700	0.01006	0.61294
626 A	0.37764	0.00938	0.61298
627 T	0.37845	0.00814	0.61341
628 A	0.37869	0.00782	0.61349
629 T	0.37915	0.00715	0.6137
630 T	0.37971	0.00650	0.61379
631 T	0.37991	0.00634	0.61375
632 T	0.38000	0.00629	0.61371
633 T	0.38007	0.00619	0.61375
634 T	0.38009	0.00615	0.61376
635 T	0.38005	0.00615	0.6138
636 G	0.37989	0.00624	0.61388
637 C	0.37996	0.00605	0.61399
638 C	0.38026	0.00570	0.61403
639 T	0.38088	0.00508	0.61405
640 C	0.38134	0.00464	0.61403
641 T	0.38208	0.00396	0.61395
642 T	0.38270	0.00344	0.61386
643 T	0.38280	0.00355	0.61364
644 T	0.38262	0.00393	0.61345
645 A	0.38230	0.00445	0.61325
646 T	0.38226	0.00444	0.61329
647 A	0.38193	0.00496	0.61311
648 T	0.38195	0.00488	0.61317
649 T	0.38155	0.00538	0.61307
650 A	0.38078	0.00652	0.6127
651 T	0.38022	0.00794	0.61183
652 C	0.37900	0.00975	0.61124
653 G	0.37699	0.01284	0.61017
654 T	0.37165	0.01917	0.60918
655 T	0.36358	0.02806	0.60835
656 A	0.34965	0.04269	0.60766
657 T	0.34159	0.05078	0.60763
658 G	0.32780	0.06449	0.60771
659 A	0.32294	0.06919	0.60787
660 A	0.31937	0.07262	0.60801
661 C	0.31746	0.07443	0.60811
662 A	0.31628	0.07561	0.60812
663 T	0.31558	0.07628	0.60813
664 A	0.31457	0.07732	0.60811
665 A	0.31410	0.07774	0.60816
666 C	0.31398	0.07772	0.6083
667 T	0.31392	0.07740	0.60868
668 T	0.31354	0.07738	0.60908
669 G	0.31255	0.07810	0.60936
670 C	0.31235	0.07795	0.6097
671 C	0.31220	0.07801	0.60979
672 A	0.31228	0.07761	0.61011
673 A	0.31290	0.07638	0.61072
674 T	0.31484	0.07384	0.61132
675 T	0.31588	0.07191	0.61221
676 T	0.31678	0.06832	0.61489
677 T	0.31719	0.05851	0.6243
678 T	0.31725	0.04703	0.63572
679 T	0.31688	0.03437	0.64876
680 T	0.31530	0.02853	0.65618
681 T	0.31293	0.02222	0.66486
682 A	0.30603	0.02803	0.66595
683 G	0.29996	0.03300	0.66704
684 T	0.29566	0.03700	0.66734
685 A	0.28982	0.04296	0.66723
686 G	0.28667	0.04660	0.66672
687 T	0.28605	0.04836	0.66559
688 A	0.28519	0.05259	0.66223
689 A	0.28468	0.05599	0.65932
690 T	0.28435	0.06078	0.65486
691 T	0.28364	0.07194	0.64442
692 T	0.28031	0.08534	0.63436
693 T	0.27402	0.10003	0.62596
694 G	0.24860	0.13436	0.61704
695 A	0.23447	0.15776	0.60777
696 T	0.22706	0.16851	0.60443
697 G	0.20637	0.19258	0.60105
698 A	0.19629	0.20543	0.59827
699 A	0.18744	0.21573	0.59683
700 A	0.17947	0.22532	0.59521
701 A	0.17576	0.22914	0.59511
702 A	0.17466	0.22926	0.59608
703 G	0.17431	0.22731	0.59838
704 A	0.17520	0.22445	0.60034
705 A	0.17716	0.21673	0.60612
706 T	0.17933	0.20860	0.61206
707 T	0.17988	0.20388	0.61624
708 A	0.17706	0.20301	0.61994
709 C	0.17504	0.20349	0.62147
710 A	0.17381	0.20867	0.61752
711 A	0.17579	0.20944	0.61478
712 A	0.17859	0.21064	0.61076
713 A	0.18598	0.20429	0.60974
714 T	0.20072	0.18929	0.60999
715 T	0.21313	0.17015	0.61672
716 A	0.21939	0.15582	0.6248
717 T	0.22785	0.11939	0.65276
718 T	0.23372	0.09925	0.66703
719 T	0.23544	0.09096	0.6736
720 T	0.23673	0.07838	0.68488
721 A	0.23674	0.07913	0.68413
722 A	0.23595	0.07601	0.68804
723 T	0.23612	0.07112	0.69276
724 T	0.23195	0.07862	0.68943
725 A	0.22777	0.08607	0.68616
726 T	0.22496	0.09578	0.67926
727 A	0.22041	0.10454	0.67505
728 A	0.21892	0.10724	0.67383
729 T	0.21786	0.10999	0.67214
730 A	0.21614	0.11524	0.66862
731 A	0.21608	0.11940	0.66452
732 A	0.21684	0.12262	0.66054
733 G	0.22037	0.11997	0.65967
734 A	0.22369	0.12183	0.65449
735 T	0.22917	0.11509	0.65573
736 T	0.23117	0.11265	0.65618
737 T	0.23208	0.11196	0.65596
738 T	0.23215	0.11208	0.65577
739 C	0.22685	0.11785	0.6553
740 A	0.22364	0.12596	0.6504
741 T	0.22080	0.13513	0.64406
742 A	0.21326	0.14861	0.63812
743 A	0.20897	0.15809	0.63294
744 T	0.20884	0.16265	0.62852
745 G	0.20316	0.16986	0.62698
746 A	0.20372	0.16771	0.62858
747 T	0.20987	0.15657	0.63356
748 A	0.21134	0.15350	0.63517
749 T	0.21717	0.14712	0.63571
750 C	0.21628	0.15130	0.63242
751 A	0.21043	0.15909	0.63049
752 A	0.20940	0.15936	0.63124
753 A	0.21065	0.15704	0.63231
754 A	0.21623	0.15089	0.63289
755 C	0.22242	0.14394	0.63364
756 C	0.22576	0.13965	0.63458
757 T	0.23105	0.13507	0.63387
758 T	0.22973	0.13768	0.63259
759 G	0.22747	0.14296	0.62957
760 A	0.22673	0.14745	0.62582
761 A	0.22621	0.15342	0.62037
762 A	0.22708	0.14898	0.62394
763 A	0.23195	0.14097	0.62708
764 T	0.23931	0.12895	0.63174
765 A	0.24240	0.11838	0.63922
766 A	0.24696	0.10660	0.64644
767 T	0.25210	0.09336	0.65455
768 C	0.25445	0.08412	0.66143
769 A	0.25456	0.08969	0.65575
770 G	0.25607	0.09295	0.65097
771 A	0.25795	0.09919	0.64287
772 A	0.26035	0.10064	0.63901
773 T	0.26688	0.09280	0.64032
774 T	0.26926	0.08461	0.64613
775 A	0.26739	0.08627	0.64634
776 T	0.26640	0.08622	0.64739
777 T	0.26429	0.08803	0.64768
778 A	0.25878	0.09517	0.64606
779 A	0.25505	0.09894	0.646
780 G	0.25471	0.09815	0.64713
781 C	0.25545	0.09584	0.64871
782 A	0.25758	0.09429	0.64813
783 A	0.26093	0.09216	0.64691
784 T	0.26662	0.08589	0.64749
785 T	0.26880	0.08363	0.64757
786 A	0.26894	0.08351	0.64756
787 A	0.26926	0.08225	0.64848
788 C	0.27019	0.07839	0.65142
789 T	0.27171	0.07602	0.65227
790 G	0.27253	0.07478	0.65269
791 A	0.27504	0.07170	0.65327
792 C	0.28284	0.06321	0.65395
793 T	0.29026	0.05589	0.65386
794 T	0.29914	0.04668	0.65418
795 T	0.30381	0.04183	0.65437
796 T	0.30476	0.04077	0.65448
797 A	0.30552	0.03982	0.65465
798 T	0.30761	0.03480	0.65759
799 A	0.30933	0.03115	0.65952
800 A	0.31078	0.02720	0.66202
801 T	0.31446	0.01831	0.66723
802 T	0.31687	0.01243	0.6707
803 T	0.31770	0.01008	0.67222
804 T	0.31830	0.00872	0.67298
805 G	0.31935	0.00702	0.67363
806 A	0.32073	0.00517	0.6741
807 T	0.32121	0.00421	0.67458
808 T	0.32159	0.00326	0.67515
809 C	0.32184	0.00231	0.67586
810 T	0.32213	0.00185	0.67602
811 T	0.32220	0.00169	0.67611
812 A	0.32225	0.00158	0.67617
813 T	0.32239	0.00130	0.67631
814 T	0.32251	0.00111	0.67638
815 A	0.32259	0.00077	0.67664
816 A	0.32287	0.00000	0.67713
