# lcl|CP097583.1_cds_USQ93522.1_1
# AA	inside	membr	outside
1 A	0.26610	0.00000	0.7339
2 T	0.26352	0.00258	0.7339
3 G	0.26169	0.00441	0.7339
4 T	0.26169	0.28037	0.45794
5 T	0.23670	0.53951	0.2238
6 A	0.23670	0.58007	0.18323
7 G	0.12263	0.70212	0.17525
8 A	0.12263	0.70231	0.17506
9 A	0.11168	0.71493	0.17339
10 A	0.11167	0.77432	0.11401
11 A	0.11107	0.77846	0.11046
12 A	0.10296	0.78836	0.10868
13 A	0.09595	0.80009	0.10395
14 A	0.09595	0.80010	0.10395
15 T	0.09595	0.85787	0.04618
16 A	0.09465	0.85917	0.04618
17 A	0.09272	0.86255	0.04473
18 T	0.09263	0.86739	0.03998
19 A	0.08863	0.87378	0.03759
20 A	0.07806	0.90507	0.01687
21 A	0.06244	0.92078	0.01679
22 A	0.06375	0.91974	0.01651
23 A	0.06870	0.91413	0.01718
24 A	0.08932	0.89133	0.01936
25 A	0.12528	0.83169	0.04303
26 C	0.16576	0.77816	0.05608
27 T	0.43242	0.49496	0.07262
28 T	0.60439	0.30867	0.08694
29 T	0.62773	0.28126	0.09101
30 T	0.63545	0.21437	0.15018
31 T	0.63223	0.21773	0.15003
32 C	0.62284	0.21795	0.15921
33 A	0.60512	0.25663	0.13824
34 A	0.59847	0.28858	0.11295
35 T	0.60050	0.28911	0.11039
36 A	0.59910	0.30333	0.09757
37 A	0.59937	0.31054	0.09009
38 A	0.64468	0.26847	0.08686
39 A	0.63043	0.30559	0.06399
40 A	0.63294	0.30381	0.06325
41 T	0.64400	0.29152	0.06447
42 T	0.64899	0.28495	0.06605
43 A	0.66073	0.26729	0.07199
44 A	0.65892	0.26207	0.07901
45 A	0.66019	0.26126	0.07855
46 T	0.66098	0.26118	0.07784
47 T	0.66002	0.26342	0.07656
48 A	0.65913	0.26593	0.07495
49 T	0.65958	0.26611	0.07431
50 T	0.65952	0.26651	0.07398
51 A	0.65788	0.26772	0.0744
52 T	0.65830	0.26430	0.07739
53 T	0.65878	0.25959	0.08163
54 A	0.65763	0.25559	0.08678
55 A	0.65990	0.24247	0.09763
56 C	0.68289	0.18101	0.1361
57 T	0.70836	0.14972	0.14192
58 G	0.71462	0.14243	0.14295
59 T	0.73034	0.12580	0.14386
60 A	0.73602	0.12096	0.14302
61 A	0.74139	0.11427	0.14434
62 T	0.76753	0.07052	0.16194
63 T	0.77362	0.05815	0.16824
64 T	0.77700	0.05296	0.17004
65 T	0.77954	0.04883	0.17164
66 A	0.78053	0.04611	0.17336
67 G	0.78327	0.03959	0.17714
68 C	0.78559	0.03497	0.17944
69 T	0.78813	0.03202	0.17985
70 T	0.78981	0.02971	0.18049
71 T	0.79129	0.02768	0.18103
72 A	0.79187	0.02710	0.18103
73 T	0.79276	0.02567	0.18157
74 T	0.79346	0.02237	0.18417
75 T	0.79287	0.02167	0.18547
76 G	0.79161	0.02246	0.18593
77 T	0.79137	0.02179	0.18684
78 G	0.79060	0.02296	0.18644
79 G	0.79069	0.02442	0.18489
80 T	0.79250	0.02539	0.18211
81 T	0.79378	0.03131	0.17491
82 T	0.79401	0.03916	0.16682
83 T	0.79396	0.04396	0.16207
84 A	0.79243	0.05320	0.15437
85 T	0.79229	0.05952	0.1482
86 T	0.79184	0.06359	0.14457
87 T	0.79076	0.06751	0.14173
88 A	0.78957	0.06912	0.14131
89 T	0.78891	0.06973	0.14136
90 A	0.77981	0.07896	0.14123
91 T	0.77697	0.08174	0.14129
92 C	0.77260	0.08619	0.14121
93 T	0.76877	0.09097	0.14026
94 A	0.76289	0.09894	0.13817
95 G	0.75794	0.10522	0.13684
96 T	0.74848	0.11877	0.13275
97 A	0.73210	0.14195	0.12594
98 A	0.71250	0.16474	0.12276
99 A	0.70276	0.17613	0.12111
100 G	0.69863	0.18128	0.12008
101 T	0.69749	0.18427	0.11824
102 A	0.69133	0.19632	0.11234
103 A	0.68938	0.19925	0.11136
104 A	0.69561	0.19276	0.11163
105 T	0.70475	0.18247	0.11279
106 G	0.70778	0.17825	0.11396
107 C	0.71418	0.17013	0.1157
108 T	0.71975	0.16443	0.11583
109 T	0.72184	0.16182	0.11635
110 T	0.72280	0.16019	0.11701
111 T	0.72155	0.16089	0.11756
112 A	0.71920	0.16279	0.118
113 C	0.71726	0.15474	0.12799
114 A	0.71090	0.15833	0.13078
115 G	0.70827	0.15650	0.13522
116 G	0.70769	0.15346	0.13885
117 T	0.70873	0.14853	0.14274
118 G	0.70809	0.14629	0.14562
119 A	0.71117	0.13368	0.15515
120 A	0.71754	0.11178	0.17068
121 G	0.72099	0.08687	0.19215
122 T	0.72373	0.07533	0.20094
123 G	0.72477	0.07027	0.20496
124 A	0.72700	0.06482	0.20818
125 G	0.73289	0.05079	0.21632
126 T	0.73489	0.04262	0.22249
127 T	0.73532	0.03966	0.22501
128 C	0.73496	0.03940	0.22564
129 T	0.73154	0.04288	0.22558
130 T	0.71855	0.05735	0.2241
131 C	0.66505	0.11357	0.22138
132 G	0.63151	0.15836	0.21013
133 G	0.62374	0.18318	0.19309
134 T	0.61714	0.20653	0.17633
135 A	0.59476	0.25073	0.15451
136 T	0.57547	0.27565	0.14889
137 T	0.56468	0.28597	0.14936
138 A	0.53207	0.32622	0.14171
139 G	0.50992	0.36813	0.12195
140 A	0.48956	0.41935	0.09109
141 A	0.47543	0.46253	0.06204
142 G	0.45557	0.48422	0.0602
143 A	0.45166	0.48956	0.05879
144 A	0.44927	0.49237	0.05836
145 T	0.44945	0.49209	0.05845
146 C	0.44671	0.49492	0.05837
147 T	0.44334	0.50000	0.05666
148 A	0.43590	0.51101	0.05309
149 A	0.43199	0.51665	0.05136
150 A	0.42798	0.52257	0.04945
151 A	0.42672	0.52359	0.04968
152 A	0.42676	0.51826	0.05498
153 A	0.42949	0.49772	0.0728
154 A	0.43564	0.43096	0.1334
155 C	0.45044	0.37956	0.17
156 T	0.46808	0.35430	0.17762
157 A	0.47559	0.34123	0.18319
158 T	0.49343	0.29791	0.20866
159 C	0.48656	0.28319	0.23025
160 G	0.47798	0.29156	0.23046
161 G	0.47944	0.27148	0.24908
162 A	0.49702	0.24819	0.2548
163 A	0.52458	0.21612	0.25931
164 T	0.55214	0.19761	0.25025
165 T	0.54999	0.18880	0.26121
166 T	0.53978	0.21582	0.24439
167 T	0.52411	0.29142	0.18447
168 A	0.48721	0.43807	0.07472
169 A	0.45334	0.48607	0.06059
170 A	0.43118	0.51441	0.05441
171 T	0.42600	0.51615	0.05784
172 A	0.41743	0.52761	0.05496
173 C	0.41218	0.53331	0.05451
174 A	0.40474	0.54794	0.04732
175 A	0.40291	0.55544	0.04166
176 A	0.40264	0.55710	0.04026
177 A	0.40300	0.55707	0.03993
178 A	0.40357	0.55628	0.04015
179 T	0.40620	0.54823	0.04557
180 T	0.40773	0.53728	0.05499
181 A	0.40819	0.53358	0.05824
182 A	0.40909	0.52271	0.0682
183 T	0.41431	0.50538	0.08032
184 G	0.41635	0.49898	0.08467
185 A	0.42297	0.49236	0.08467
186 A	0.43933	0.47360	0.08707
187 T	0.47395	0.43063	0.09543
188 T	0.49546	0.39701	0.10753
189 G	0.51534	0.37052	0.11414
190 G	0.57334	0.29913	0.12752
191 A	0.66805	0.18026	0.15169
192 T	0.68696	0.12700	0.18604
193 T	0.69805	0.09131	0.21063
194 C	0.70294	0.07568	0.22138
195 T	0.70973	0.06540	0.22487
196 T	0.71142	0.06146	0.22712
197 C	0.70691	0.06359	0.22949
198 T	0.70165	0.07150	0.22686
199 C	0.66029	0.11890	0.22081
200 T	0.63849	0.15412	0.20739
201 T	0.55671	0.25791	0.18537
202 A	0.37452	0.47080	0.15467
203 A	0.30961	0.55240	0.13798
204 A	0.27541	0.59870	0.1259
205 G	0.24569	0.64582	0.10849
206 A	0.22586	0.69982	0.07433
207 A	0.20930	0.74003	0.05067
208 G	0.16332	0.80914	0.02753
209 A	0.14011	0.83495	0.02494
210 A	0.11652	0.85972	0.02376
211 A	0.10915	0.86725	0.0236
212 T	0.11004	0.86554	0.02442
213 C	0.10120	0.87420	0.02459
214 A	0.09351	0.88370	0.0228
215 A	0.08514	0.89395	0.02091
216 A	0.07910	0.90222	0.01867
217 A	0.07370	0.90931	0.01699
218 A	0.06185	0.92159	0.01657
219 A	0.06115	0.91812	0.02073
220 A	0.06252	0.90437	0.03312
221 A	0.06683	0.88121	0.05196
222 T	0.07748	0.78908	0.13343
223 A	0.08550	0.74247	0.17202
224 G	0.09831	0.64006	0.26163
225 C	0.11909	0.49033	0.39058
226 G	0.13009	0.45610	0.41381
227 A	0.13841	0.43989	0.42169
228 A	0.15657	0.42359	0.41984
229 A	0.18728	0.40636	0.40635
230 A	0.20975	0.38252	0.40773
231 T	0.23334	0.29649	0.47017
232 T	0.23435	0.26085	0.5048
233 T	0.22945	0.23975	0.53081
234 A	0.21273	0.26951	0.51777
235 C	0.18839	0.29257	0.51904
236 A	0.16697	0.40412	0.42891
237 A	0.14560	0.43760	0.4168
238 G	0.13641	0.46068	0.40291
239 A	0.13348	0.48137	0.38516
240 T	0.12980	0.49649	0.3737
241 C	0.11982	0.51236	0.36782
242 A	0.10966	0.58177	0.30858
243 A	0.10617	0.61145	0.28238
244 G	0.10576	0.63656	0.25768
245 T	0.10658	0.67849	0.21493
246 T	0.10792	0.69949	0.19258
247 A	0.10864	0.71593	0.17543
248 T	0.11207	0.73033	0.15761
249 A	0.11188	0.76108	0.12704
250 A	0.11750	0.80656	0.07594
251 A	0.13192	0.80582	0.06226
252 A	0.15322	0.79048	0.0563
253 T	0.16452	0.78015	0.05533
254 T	0.16833	0.77800	0.05367
255 A	0.16956	0.78312	0.04732
256 A	0.17852	0.77374	0.04773
257 A	0.19679	0.74810	0.05511
258 A	0.20531	0.72180	0.07289
259 A	0.29330	0.61635	0.09035
260 A	0.32281	0.56663	0.11056
261 T	0.35627	0.52398	0.11974
262 G	0.37561	0.50838	0.116
263 A	0.39822	0.50104	0.10074
264 A	0.43112	0.47478	0.09409
265 T	0.50066	0.39705	0.1023
266 T	0.52449	0.37338	0.10214
267 A	0.53604	0.36997	0.09399
268 T	0.57340	0.33127	0.09532
269 C	0.58654	0.31792	0.09554
270 A	0.59420	0.31405	0.09176
271 A	0.60915	0.29870	0.09216
272 C	0.63907	0.26579	0.09515
273 T	0.69453	0.21449	0.09098
274 T	0.68756	0.23021	0.08223
275 C	0.62141	0.30720	0.07139
276 A	0.56260	0.37390	0.06351
277 A	0.49007	0.45774	0.0522
278 T	0.44866	0.50352	0.04782
279 A	0.26710	0.69539	0.03752
280 C	0.19580	0.76625	0.03795
281 A	0.16252	0.79891	0.03857
282 A	0.14446	0.81530	0.04024
283 A	0.13044	0.82885	0.0407
284 C	0.11450	0.84521	0.04029
285 A	0.10248	0.86260	0.03492
286 G	0.11119	0.86208	0.02673
287 A	0.11831	0.85672	0.02497
288 A	0.11627	0.85852	0.02521
289 A	0.11633	0.85735	0.02631
290 T	0.12222	0.83197	0.04581
291 C	0.11520	0.82989	0.05491
292 G	0.09947	0.84343	0.0571
293 A	0.09242	0.85556	0.05202
294 A	0.08644	0.87107	0.04249
295 A	0.08573	0.87677	0.0375
296 A	0.08913	0.87410	0.03677
297 A	0.09652	0.83344	0.07004
298 A	0.10630	0.73774	0.15596
299 A	0.11479	0.66446	0.22075
300 T	0.12830	0.57231	0.29939
301 A	0.13457	0.51683	0.3486
302 T	0.14543	0.32781	0.52676
303 T	0.14591	0.25605	0.59804
304 G	0.14544	0.24153	0.61302
305 G	0.14555	0.25349	0.60095
306 A	0.14584	0.29950	0.55465
307 A	0.14637	0.33082	0.52281
308 A	0.15091	0.32648	0.52262
309 T	0.16038	0.32728	0.51234
310 T	0.16013	0.34247	0.4974
311 T	0.15603	0.43440	0.40957
312 G	0.14121	0.54849	0.3103
313 A	0.13464	0.56959	0.29577
314 A	0.13089	0.57571	0.2934
315 T	0.12927	0.56693	0.3038
316 A	0.12423	0.58108	0.29469
317 C	0.12875	0.57284	0.29841
318 A	0.12922	0.58593	0.28485
319 A	0.12800	0.58861	0.2834
320 T	0.12446	0.59228	0.28325
321 T	0.11206	0.60523	0.28271
322 G	0.09238	0.62733	0.28029
323 C	0.07471	0.65134	0.27395
324 G	0.06316	0.69709	0.23975
325 G	0.05481	0.74971	0.19548
326 A	0.05704	0.78637	0.15658
327 A	0.07135	0.78540	0.14325
328 A	0.09760	0.77064	0.13175
329 A	0.15554	0.71799	0.12647
330 T	0.20942	0.66505	0.12554
331 A	0.22365	0.65184	0.12451
332 A	0.24879	0.62586	0.12536
333 A	0.27167	0.59965	0.12868
334 A	0.36349	0.50235	0.13416
335 T	0.45466	0.39661	0.14873
336 T	0.46805	0.37592	0.15604
337 A	0.46789	0.37163	0.16048
338 A	0.44047	0.39366	0.16587
339 T	0.43042	0.39150	0.17808
340 G	0.37117	0.44408	0.18475
341 A	0.33387	0.47638	0.18975
342 A	0.32470	0.47879	0.19651
343 T	0.32345	0.47041	0.20614
344 G	0.32091	0.45735	0.22173
345 G	0.32162	0.43762	0.24076
346 G	0.33144	0.41036	0.2582
347 A	0.37165	0.35983	0.26852
348 T	0.42246	0.30029	0.27725
349 T	0.45873	0.25851	0.28276
350 C	0.46667	0.24596	0.28737
351 T	0.47269	0.23741	0.2899
352 T	0.47539	0.23357	0.29104
353 C	0.47392	0.23476	0.29132
354 T	0.46269	0.24770	0.28961
355 C	0.44515	0.26707	0.28778
356 T	0.43640	0.28359	0.28001
357 T	0.41299	0.32679	0.26022
358 A	0.32928	0.44444	0.22628
359 A	0.24455	0.56477	0.19068
360 A	0.19480	0.64553	0.15967
361 A	0.14286	0.67992	0.17723
362 A	0.13372	0.66132	0.20496
363 A	0.12674	0.62795	0.24531
364 G	0.12111	0.63919	0.2397
365 A	0.11452	0.73544	0.15004
366 T	0.10926	0.80591	0.08483
367 A	0.09986	0.84110	0.05904
368 A	0.09570	0.85522	0.04909
369 A	0.09354	0.85602	0.05045
370 A	0.09279	0.85602	0.05118
371 C	0.09239	0.85697	0.05064
372 A	0.09170	0.87135	0.03696
373 G	0.09163	0.88326	0.02511
374 A	0.09167	0.88772	0.02061
375 A	0.09169	0.88923	0.01908
376 A	0.09241	0.88728	0.02032
377 T	0.09546	0.86409	0.04045
378 G	0.09826	0.83980	0.06194
379 A	0.10680	0.81808	0.07511
380 A	0.12591	0.78086	0.09323
381 A	0.15491	0.68294	0.16215
382 G	0.19214	0.57420	0.23366
383 A	0.23342	0.49777	0.26882
384 T	0.27225	0.42427	0.30348
385 A	0.28719	0.43900	0.27381
386 A	0.31356	0.44007	0.24636
387 A	0.35998	0.41521	0.22481
388 T	0.46422	0.30289	0.23289
389 T	0.51585	0.24727	0.23688
390 T	0.53768	0.23247	0.22985
391 T	0.54410	0.23462	0.22127
392 C	0.54434	0.24514	0.21051
393 A	0.54406	0.28097	0.17497
394 A	0.54603	0.28249	0.17148
395 T	0.55852	0.27428	0.1672
396 T	0.56835	0.27659	0.15505
397 T	0.55980	0.29856	0.14165
398 C	0.51901	0.36159	0.11939
399 A	0.45564	0.43519	0.10917
400 A	0.34261	0.56191	0.09547
401 T	0.30174	0.60882	0.08944
402 A	0.21720	0.70072	0.08208
403 C	0.17524	0.74906	0.07569
404 A	0.15002	0.78347	0.06651
405 A	0.13501	0.80418	0.06082
406 G	0.11488	0.83022	0.05489
407 A	0.10743	0.84699	0.04558
408 A	0.11404	0.84772	0.03825
409 G	0.12648	0.84755	0.02597
410 A	0.14265	0.83269	0.02466
411 A	0.13887	0.83676	0.02438
412 A	0.14120	0.83393	0.02487
413 T	0.15782	0.81589	0.0263
414 C	0.14523	0.82725	0.02752
415 A	0.13295	0.83988	0.02717
416 A	0.13124	0.84193	0.02682
417 A	0.12517	0.84865	0.02617
418 A	0.12048	0.85361	0.02591
419 A	0.10416	0.86827	0.02758
420 A	0.10956	0.84476	0.04567
421 A	0.12465	0.78494	0.0904
422 A	0.13004	0.71497	0.15499
423 T	0.14460	0.57811	0.27729
424 A	0.14471	0.53660	0.3187
425 G	0.14029	0.46485	0.39486
426 T	0.13988	0.43869	0.42143
427 G	0.12807	0.43656	0.43537
428 A	0.12152	0.43736	0.44113
429 A	0.12238	0.42811	0.44951
430 A	0.12895	0.42495	0.4461
431 A	0.13315	0.41859	0.44826
432 T	0.14430	0.38614	0.46956
433 T	0.14240	0.37461	0.48299
434 T	0.13725	0.37117	0.49158
435 A	0.12329	0.39579	0.48091
436 C	0.10767	0.41348	0.47885
437 A	0.09647	0.51672	0.38682
438 A	0.08353	0.53171	0.38477
439 G	0.07529	0.54571	0.379
440 A	0.07347	0.55203	0.37449
441 T	0.07246	0.55844	0.36909
442 C	0.06887	0.55407	0.37707
443 A	0.06629	0.62516	0.30855
444 A	0.06568	0.65259	0.28173
445 G	0.06784	0.66558	0.26658
446 T	0.07317	0.69062	0.23621
447 T	0.07969	0.70220	0.21811
448 A	0.08534	0.70995	0.20471
449 T	0.09653	0.71567	0.1878
450 A	0.10079	0.74253	0.15668
451 A	0.10802	0.78462	0.10736
452 A	0.12113	0.78839	0.09048
453 A	0.14229	0.77638	0.08132
454 T	0.16123	0.76020	0.07857
455 T	0.16649	0.75892	0.07459
456 A	0.16939	0.76511	0.06551
457 A	0.18133	0.75486	0.06382
458 A	0.19733	0.73422	0.06845
459 A	0.21109	0.71076	0.07815
460 A	0.30110	0.61245	0.08645
461 A	0.32741	0.57490	0.09769
462 T	0.36319	0.53331	0.10351
463 G	0.37655	0.52942	0.09403
464 A	0.39232	0.53431	0.07338
465 A	0.42607	0.51794	0.056
466 T	0.50799	0.43610	0.05591
467 T	0.53059	0.41790	0.05151
468 A	0.52964	0.42936	0.04099
469 T	0.55720	0.40220	0.0406
470 C	0.56959	0.39071	0.0397
471 A	0.58017	0.38372	0.03611
472 A	0.59737	0.36655	0.03607
473 C	0.63722	0.32590	0.03688
474 T	0.69332	0.27132	0.03535
475 T	0.69123	0.27779	0.03098
476 C	0.63145	0.34563	0.02292
477 A	0.54685	0.43348	0.01968
478 A	0.44731	0.53517	0.01752
479 T	0.39396	0.58771	0.01833
480 A	0.24635	0.73505	0.01859
481 C	0.17317	0.80733	0.0195
482 A	0.13269	0.84706	0.02025
483 A	0.10907	0.86939	0.02155
484 G	0.09147	0.88583	0.0227
485 A	0.07490	0.90249	0.02261
486 A	0.07636	0.90061	0.02302
487 G	0.09250	0.87817	0.02932
488 A	0.10864	0.85829	0.03307
489 A	0.10964	0.85254	0.03782
490 A	0.11478	0.83803	0.04718
491 T	0.12265	0.80557	0.07178
492 C	0.11000	0.81022	0.07978
493 A	0.09373	0.82768	0.07858
494 A	0.07823	0.84746	0.07431
495 A	0.07082	0.85867	0.07051
496 A	0.06315	0.86839	0.06847
497 A	0.05468	0.87567	0.06965
498 A	0.05256	0.84788	0.09956
499 A	0.05582	0.77166	0.17253
500 A	0.05656	0.68358	0.25986
501 T	0.05726	0.57900	0.36375
502 A	0.05202	0.53510	0.41288
503 T	0.04818	0.42415	0.52766
504 T	0.04063	0.38779	0.57159
505 G	0.02540	0.38969	0.58491
506 G	0.01923	0.39963	0.58114
507 A	0.01621	0.42509	0.5587
508 G	0.01559	0.44492	0.53949
509 A	0.01562	0.49669	0.48768
510 A	0.01630	0.55759	0.42611
511 A	0.01589	0.61338	0.37073
512 T	0.01621	0.68053	0.30326
513 A	0.01608	0.76440	0.21952
514 A	0.01626	0.79885	0.18489
515 A	0.01693	0.81598	0.16709
516 A	0.02116	0.81635	0.16249
517 G	0.02965	0.80897	0.16137
518 A	0.03951	0.80724	0.15325
519 A	0.04651	0.80612	0.14737
520 A	0.05281	0.80178	0.14541
521 A	0.06127	0.79783	0.1409
522 A	0.07715	0.79482	0.12803
523 A	0.11165	0.76699	0.12136
524 T	0.14367	0.73156	0.12477
525 T	0.16851	0.70310	0.12839
526 A	0.17455	0.69468	0.13077
527 T	0.18896	0.67496	0.13608
528 C	0.17232	0.68681	0.14087
529 G	0.13723	0.75887	0.1039
530 A	0.14580	0.76448	0.08972
531 A	0.17026	0.76115	0.0686
532 A	0.21817	0.72901	0.05281
533 A	0.27318	0.68690	0.03992
534 C	0.33646	0.62800	0.03554
535 A	0.38180	0.59432	0.02388
536 T	0.44751	0.53567	0.01682
537 A	0.44679	0.53852	0.0147
538 A	0.44359	0.54291	0.0135
539 T	0.44627	0.54067	0.01307
540 A	0.42839	0.55858	0.01303
541 C	0.42307	0.56360	0.01333
542 A	0.41970	0.56746	0.01284
543 A	0.42164	0.56590	0.01245
544 A	0.42977	0.55794	0.0123
545 A	0.44766	0.54018	0.01217
546 A	0.45989	0.52789	0.01222
547 A	0.46823	0.51636	0.01541
548 T	0.48136	0.49763	0.02102
549 A	0.48834	0.48351	0.02815
550 G	0.49327	0.46675	0.03998
551 A	0.49960	0.43469	0.06571
552 C	0.53618	0.34988	0.11395
553 A	0.55330	0.32335	0.12335
554 A	0.57932	0.28881	0.13187
555 A	0.60213	0.25872	0.13915
556 T	0.62162	0.22375	0.15464
557 T	0.62751	0.20825	0.16425
558 T	0.63483	0.16218	0.20299
559 G	0.63756	0.14396	0.21848
560 G	0.63855	0.12740	0.23405
561 T	0.63943	0.13707	0.2235
562 T	0.63889	0.12495	0.23616
563 T	0.63506	0.11576	0.24917
564 T	0.59558	0.16067	0.24375
565 A	0.56753	0.20335	0.22912
566 C	0.54907	0.24059	0.21034
567 A	0.53674	0.27550	0.18775
568 A	0.53069	0.28568	0.18362
569 A	0.52881	0.28833	0.18286
570 T	0.52638	0.29028	0.18335
571 C	0.52126	0.29611	0.18263
572 C	0.51657	0.30722	0.17621
573 G	0.51384	0.31157	0.1746
574 T	0.51242	0.31525	0.17234
575 T	0.51037	0.31986	0.16978
576 G	0.50716	0.32438	0.16846
577 C	0.50686	0.32493	0.16821
578 A	0.50710	0.32507	0.16783
579 A	0.50785	0.32457	0.16758
580 A	0.51011	0.32242	0.16747
581 C	0.51585	0.31608	0.16806
582 A	0.52197	0.31023	0.1678
583 A	0.53858	0.29235	0.16907
584 T	0.57314	0.25544	0.17141
585 T	0.57838	0.24704	0.17457
586 A	0.58192	0.23807	0.18
587 C	0.59352	0.18014	0.22634
588 A	0.60836	0.14379	0.24785
589 G	0.62804	0.10851	0.26345
590 G	0.64640	0.08753	0.26607
591 T	0.65407	0.08016	0.26576
592 T	0.65558	0.08168	0.26275
593 G	0.65411	0.08301	0.26289
594 G	0.65473	0.07964	0.26562
595 T	0.66120	0.06836	0.27044
596 T	0.66083	0.06615	0.27301
597 T	0.66095	0.06480	0.27426
598 T	0.65714	0.06943	0.27344
599 C	0.64348	0.08810	0.26842
600 T	0.62889	0.12846	0.24265
601 A	0.60554	0.16645	0.22801
602 G	0.59796	0.17760	0.22444
603 T	0.59385	0.18431	0.22184
604 T	0.58832	0.19285	0.21883
605 C	0.58017	0.20223	0.2176
606 T	0.57322	0.21425	0.21254
607 A	0.56026	0.23224	0.2075
608 A	0.55115	0.24731	0.20154
609 A	0.53446	0.26682	0.19872
610 G	0.52259	0.28152	0.19589
611 A	0.51777	0.28819	0.19403
612 A	0.51931	0.28666	0.19403
613 T	0.52759	0.27499	0.19742
614 T	0.53319	0.26882	0.198
615 T	0.53448	0.26751	0.19801
616 T	0.52959	0.27464	0.19577
617 T	0.51388	0.29517	0.19096
618 A	0.47334	0.34481	0.18185
619 A	0.43664	0.39065	0.17272
620 A	0.43027	0.40282	0.16691
621 A	0.42767	0.40450	0.16783
622 G	0.43203	0.38492	0.18305
623 G	0.45602	0.34423	0.19976
624 T	0.46915	0.31326	0.2176
625 T	0.44709	0.33559	0.21731
626 C	0.41008	0.37558	0.21434
627 T	0.39113	0.40944	0.19943
628 A	0.36392	0.45511	0.18098
629 A	0.33596	0.49382	0.17023
630 A	0.31901	0.51500	0.166
631 A	0.30944	0.53419	0.15637
632 A	0.30317	0.54747	0.14937
633 A	0.25652	0.60662	0.13686
634 G	0.20475	0.65921	0.13604
635 A	0.15188	0.72844	0.11968
636 T	0.13642	0.76059	0.10299
637 G	0.10987	0.81605	0.07408
638 A	0.09982	0.82802	0.07216
639 A	0.09744	0.82742	0.07513
640 A	0.09652	0.81350	0.08997
641 A	0.10208	0.77480	0.12313
642 C	0.11048	0.73553	0.15399
643 A	0.11381	0.74837	0.13783
644 A	0.11945	0.76744	0.11311
645 A	0.12097	0.79360	0.08543
646 A	0.12480	0.79089	0.0843
647 A	0.13292	0.77872	0.08837
648 T	0.14947	0.71856	0.13198
649 T	0.15678	0.66668	0.17654
650 C	0.16084	0.64381	0.19535
651 A	0.16834	0.64527	0.18638
652 A	0.17093	0.63971	0.18936
653 A	0.17059	0.64076	0.18865
654 A	0.17420	0.63220	0.1936
655 A	0.20045	0.60451	0.19504
656 T	0.23163	0.51635	0.25202
657 A	0.24074	0.45438	0.30488
658 G	0.25550	0.38387	0.36063
659 G	0.27092	0.37026	0.35882
660 T	0.29314	0.38089	0.32597
661 G	0.26605	0.50869	0.22526
662 A	0.23773	0.57473	0.18754
663 A	0.21732	0.63543	0.14725
664 A	0.19986	0.66705	0.13308
665 A	0.19082	0.68298	0.12619
666 C	0.18625	0.68969	0.12406
667 A	0.19412	0.69706	0.10883
668 A	0.20742	0.69146	0.10112
669 A	0.20542	0.70078	0.0938
670 A	0.19731	0.72292	0.07976
671 A	0.18776	0.74493	0.06731
672 T	0.17291	0.77429	0.0528
673 G	0.15164	0.78992	0.05844
674 A	0.14323	0.79368	0.06309
675 A	0.14389	0.78606	0.07005
676 A	0.14569	0.77492	0.07938
677 C	0.14581	0.76452	0.08967
678 C	0.14383	0.76622	0.08994
679 G	0.13582	0.78340	0.08078
680 A	0.13577	0.79130	0.07294
681 A	0.14475	0.78640	0.06884
682 A	0.15876	0.77634	0.0649
683 G	0.20630	0.72463	0.06907
684 A	0.30043	0.60062	0.09895
685 A	0.34409	0.52347	0.13244
686 T	0.39844	0.44029	0.16128
687 T	0.42080	0.39503	0.18417
688 A	0.42876	0.37355	0.19769
689 T	0.43464	0.34464	0.22072
690 A	0.44199	0.32202	0.23598
691 G	0.44719	0.30286	0.24995
692 A	0.45410	0.28557	0.26033
693 A	0.46858	0.25538	0.27604
694 A	0.48339	0.22065	0.29596
695 T	0.50697	0.16900	0.32403
696 T	0.51045	0.13894	0.35062
697 G	0.51133	0.11477	0.37391
698 G	0.51263	0.10001	0.38736
699 T	0.51477	0.08805	0.39718
700 G	0.51601	0.07962	0.40436
701 A	0.51927	0.06799	0.41273
702 T	0.53127	0.04266	0.42607
703 T	0.53878	0.02252	0.43869
704 A	0.54196	0.01191	0.44613
705 A	0.54643	0.00000	0.45358
