# lcl|CP097583.1_cds_USQ93402.1_1
# AA	inside	membr	outside
1 A	0.49312	0.00000	0.50688
2 T	0.48962	0.00350	0.50688
3 G	0.48694	0.00618	0.50688
4 C	0.48694	0.01581	0.49725
5 A	0.41884	0.13444	0.44672
6 A	0.41884	0.14653	0.43463
7 A	0.25648	0.31462	0.42889
8 G	0.25648	0.31467	0.42886
9 A	0.24705	0.32548	0.42747
10 A	0.24703	0.40871	0.34426
11 T	0.24575	0.41246	0.34179
12 C	0.22466	0.43548	0.33987
13 A	0.19587	0.49907	0.30506
14 A	0.19586	0.49908	0.30506
15 A	0.19586	0.57858	0.22556
16 A	0.19470	0.57974	0.22556
17 A	0.18862	0.58827	0.22311
18 A	0.18847	0.59302	0.21851
19 T	0.18685	0.59615	0.217
20 A	0.17823	0.63341	0.18836
21 T	0.17147	0.63929	0.18924
22 T	0.17175	0.64020	0.18805
23 T	0.17154	0.64074	0.18772
24 T	0.17037	0.64356	0.18607
25 A	0.16833	0.64457	0.1871
26 A	0.16719	0.64429	0.18853
27 A	0.17252	0.63033	0.19715
28 A	0.20536	0.53985	0.25479
29 A	0.21553	0.52117	0.2633
30 A	0.22462	0.37729	0.39809
31 C	0.22995	0.35923	0.41082
32 G	0.23688	0.34047	0.42265
33 T	0.31855	0.25300	0.42845
34 C	0.32367	0.24563	0.4307
35 G	0.33689	0.22749	0.43561
36 T	0.36836	0.19021	0.44144
37 A	0.37142	0.20396	0.42463
38 A	0.41703	0.15950	0.42346
39 A	0.42214	0.17263	0.40522
40 G	0.43814	0.14730	0.41456
41 T	0.45038	0.13220	0.41742
42 T	0.45592	0.13013	0.41395
43 T	0.47816	0.10130	0.42054
44 G	0.47867	0.11448	0.40684
45 T	0.48191	0.11219	0.4059
46 T	0.48360	0.11201	0.4044
47 T	0.48482	0.11550	0.39968
48 T	0.48500	0.12107	0.39393
49 T	0.48387	0.13454	0.38159
50 T	0.47928	0.14410	0.37663
51 T	0.44856	0.18397	0.36747
52 A	0.39375	0.24875	0.3575
53 C	0.35734	0.28983	0.35283
54 T	0.33813	0.32943	0.33244
55 G	0.27464	0.41580	0.30957
56 A	0.24967	0.45464	0.2957
57 A	0.23728	0.47467	0.28805
58 A	0.22985	0.48588	0.28426
59 A	0.23162	0.48521	0.28317
60 T	0.24918	0.46782	0.28301
61 A	0.24972	0.46833	0.28195
62 A	0.26775	0.45121	0.28104
63 A	0.27421	0.44622	0.27958
64 T	0.28816	0.43257	0.27926
65 T	0.29632	0.42462	0.27905
66 T	0.29097	0.43063	0.2784
67 A	0.28726	0.43434	0.27841
68 C	0.28015	0.44071	0.27914
69 T	0.27774	0.44389	0.27836
70 A	0.27006	0.45323	0.27672
71 A	0.26680	0.45709	0.27611
72 A	0.27502	0.44690	0.27808
73 A	0.27935	0.43710	0.28355
74 T	0.29302	0.37707	0.32991
75 T	0.30400	0.30936	0.38663
76 G	0.30782	0.27184	0.42033
77 A	0.32354	0.24069	0.43578
78 T	0.34239	0.17291	0.4847
79 T	0.34894	0.15228	0.49878
80 T	0.34839	0.14710	0.50452
81 T	0.33882	0.16083	0.50035
82 A	0.30541	0.21519	0.4794
83 A	0.27496	0.27968	0.44536
84 A	0.26241	0.30858	0.42901
85 G	0.25908	0.31634	0.42458
86 A	0.25897	0.31870	0.42233
87 T	0.25901	0.32042	0.42058
88 A	0.25672	0.32421	0.41907
89 T	0.25651	0.31719	0.4263
90 T	0.25426	0.31343	0.43231
91 G	0.25277	0.31052	0.43671
92 A	0.25272	0.31283	0.43446
93 A	0.25419	0.30522	0.44058
94 T	0.25563	0.29617	0.4482
95 T	0.25611	0.29177	0.45212
96 A	0.25278	0.29467	0.45255
97 T	0.25125	0.29846	0.45028
98 T	0.24721	0.30673	0.44607
99 A	0.24073	0.32088	0.43839
100 A	0.23950	0.32957	0.43093
101 G	0.24290	0.32814	0.42896
102 T	0.24968	0.33174	0.41857
103 A	0.25194	0.36154	0.38652
104 A	0.26108	0.37580	0.36312
105 A	0.28275	0.35036	0.36689
106 T	0.32061	0.29381	0.38558
107 T	0.33657	0.27715	0.38627
108 T	0.34057	0.28091	0.37852
109 A	0.33935	0.28246	0.37819
110 T	0.33905	0.28175	0.37921
111 G	0.33744	0.28141	0.38115
112 A	0.33869	0.28042	0.3809
113 C	0.34253	0.27642	0.38104
114 T	0.34715	0.29460	0.35824
115 A	0.34960	0.32530	0.32511
116 A	0.35061	0.33549	0.3139
117 T	0.34118	0.35205	0.30676
118 A	0.31781	0.38149	0.3007
119 G	0.30604	0.39503	0.29893
120 A	0.29783	0.41231	0.28986
121 G	0.29676	0.41220	0.29105
122 G	0.30203	0.40417	0.2938
123 A	0.31051	0.39771	0.29178
124 A	0.32132	0.38921	0.28947
125 A	0.33892	0.37375	0.28732
126 A	0.37616	0.33844	0.28539
127 A	0.41206	0.30619	0.28175
128 T	0.44208	0.27940	0.27852
129 T	0.45325	0.26860	0.27816
130 T	0.45828	0.26187	0.27985
131 T	0.45950	0.25770	0.28279
132 A	0.44967	0.26450	0.28583
133 C	0.44602	0.26449	0.2895
134 C	0.44391	0.26591	0.29018
135 A	0.44094	0.27278	0.28627
136 A	0.44359	0.27178	0.28463
137 G	0.46799	0.24782	0.28419
138 T	0.49624	0.22021	0.28355
139 A	0.49296	0.22408	0.28295
140 T	0.49375	0.21074	0.29551
141 A	0.48708	0.19691	0.31601
142 A	0.48783	0.18267	0.3295
143 T	0.49564	0.16271	0.34164
144 T	0.49413	0.15876	0.34711
145 A	0.48518	0.16684	0.34798
146 C	0.47760	0.17279	0.34961
147 A	0.46910	0.19441	0.33649
148 G	0.45984	0.20519	0.33497
149 G	0.43560	0.23488	0.32952
150 A	0.43665	0.24196	0.3214
151 A	0.44130	0.23782	0.32088
152 C	0.44350	0.22902	0.32749
153 T	0.44476	0.22548	0.32977
154 T	0.44484	0.22366	0.33151
155 C	0.43988	0.22393	0.33618
156 A	0.43668	0.22907	0.33425
157 G	0.43637	0.23017	0.33346
158 T	0.43964	0.22333	0.33704
159 T	0.43982	0.22559	0.33458
160 A	0.43504	0.23717	0.32779
161 A	0.43113	0.24054	0.32833
162 A	0.42387	0.23534	0.3408
163 T	0.42357	0.22647	0.34996
164 G	0.42089	0.21644	0.36267
165 G	0.41912	0.21329	0.36759
166 C	0.41862	0.21265	0.36873
167 A	0.41888	0.22630	0.35482
168 A	0.41560	0.22764	0.35676
169 A	0.41144	0.22870	0.35986
170 A	0.41961	0.21605	0.36434
171 A	0.41816	0.21572	0.36612
172 C	0.42228	0.18285	0.39487
173 G	0.42714	0.18700	0.38586
174 T	0.42766	0.19756	0.37478
175 T	0.42678	0.20182	0.37139
176 T	0.42167	0.21136	0.36697
177 A	0.41544	0.22152	0.36304
178 G	0.41299	0.22154	0.36547
179 C	0.41380	0.22041	0.3658
180 T	0.41486	0.23096	0.35418
181 A	0.41168	0.24342	0.3449
182 A	0.40385	0.25463	0.34152
183 A	0.40359	0.25346	0.34294
184 G	0.40623	0.24774	0.34603
185 C	0.40285	0.24206	0.3551
186 T	0.40136	0.25494	0.3437
187 A	0.39947	0.26470	0.33583
188 T	0.39981	0.27028	0.32991
189 A	0.39652	0.27748	0.326
190 A	0.40507	0.27024	0.32469
191 A	0.40877	0.26161	0.32962
192 A	0.41414	0.24861	0.33725
193 A	0.42196	0.23531	0.34273
194 T	0.43751	0.21264	0.34985
195 A	0.44358	0.20218	0.35424
196 T	0.45768	0.18157	0.36076
197 C	0.46650	0.16708	0.36642
198 T	0.47060	0.16059	0.36881
199 C	0.47341	0.15259	0.374
200 G	0.47682	0.14594	0.37723
201 T	0.48178	0.14025	0.37798
202 C	0.48426	0.13866	0.37707
203 A	0.49061	0.13458	0.37481
204 T	0.49612	0.12796	0.37593
205 A	0.49362	0.11904	0.38734
206 T	0.49138	0.11552	0.3931
207 G	0.47784	0.12895	0.3932
208 G	0.46754	0.13718	0.39529
209 C	0.46787	0.13086	0.40127
210 T	0.45829	0.14682	0.39489
211 A	0.40406	0.21935	0.37659
212 T	0.38717	0.24983	0.363
213 C	0.32748	0.34627	0.32625
214 A	0.26490	0.47330	0.2618
215 A	0.22677	0.54213	0.2311
216 A	0.20463	0.56730	0.22806
217 A	0.15353	0.62100	0.22547
218 A	0.14880	0.62617	0.22503
219 A	0.14621	0.62827	0.22553
220 C	0.14199	0.63167	0.22634
221 A	0.14130	0.63220	0.2265
222 A	0.14092	0.63202	0.22706
223 A	0.14170	0.63047	0.22782
224 A	0.14286	0.62848	0.22865
225 T	0.14447	0.62555	0.22999
226 G	0.14627	0.61944	0.23429
227 A	0.14798	0.61383	0.23819
228 A	0.14923	0.60523	0.24555
229 A	0.15093	0.59683	0.25224
230 A	0.15370	0.57938	0.26691
231 A	0.16097	0.55725	0.28178
232 A	0.16596	0.53285	0.30119
233 A	0.18175	0.48389	0.33436
234 C	0.21095	0.37621	0.41284
235 A	0.23674	0.32916	0.4341
236 T	0.28065	0.23071	0.48864
237 T	0.33070	0.13391	0.53538
238 T	0.34872	0.08629	0.565
239 A	0.35039	0.06858	0.58103
240 A	0.35276	0.00000	0.64725
