# lcl|CP097583.1_cds_USQ93170.1_1
# AA	inside	membr	outside
1 A	0.32510	0.00000	0.6749
2 T	0.32505	0.00005	0.6749
3 G	0.32504	0.00006	0.6749
4 T	0.32504	0.00011	0.67485
5 C	0.32488	0.00032	0.6748
6 T	0.32488	0.00035	0.67477
7 T	0.32343	0.00182	0.67475
8 T	0.32343	0.00182	0.67475
9 T	0.32067	0.00464	0.67469
10 A	0.32066	0.00816	0.67119
11 A	0.31993	0.00916	0.67091
12 T	0.31302	0.01621	0.67076
13 T	0.29339	0.03724	0.66937
14 T	0.29338	0.03725	0.66937
15 T	0.29338	0.08432	0.6223
16 T	0.28933	0.08837	0.6223
17 T	0.27734	0.10076	0.6219
18 T	0.27645	0.10261	0.62094
19 A	0.23648	0.14315	0.62036
20 A	0.13330	0.25360	0.6131
21 A	0.05698	0.32992	0.6131
22 A	0.05527	0.33167	0.61306
23 A	0.05465	0.33229	0.61306
24 T	0.05449	0.33245	0.61306
25 C	0.05425	0.33251	0.61323
26 T	0.05410	0.33266	0.61324
27 T	0.05389	0.33284	0.61327
28 A	0.05371	0.33300	0.61329
29 A	0.05343	0.33324	0.61333
30 A	0.05337	0.33249	0.61415
31 A	0.05335	0.33183	0.61483
32 T	0.05363	0.32813	0.61825
33 A	0.05634	0.32418	0.61948
34 A	0.05681	0.32226	0.62093
35 A	0.05824	0.31371	0.62805
36 A	0.06020	0.29379	0.64601
37 G	0.06158	0.28541	0.65301
38 T	0.10669	0.23039	0.66292
39 T	0.10798	0.21111	0.68092
40 T	0.10944	0.18624	0.70432
41 T	0.11011	0.17222	0.71768
42 A	0.11047	0.14355	0.74599
43 T	0.11440	0.06128	0.82432
44 T	0.11444	0.00643	0.87913
45 T	0.11450	0.00392	0.88158
46 C	0.11451	0.00278	0.8827
47 T	0.11455	0.00268	0.88277
48 T	0.11452	0.00267	0.88281
49 A	0.11433	0.00284	0.88284
50 T	0.11418	0.00279	0.88303
51 T	0.11416	0.00269	0.88314
52 T	0.11407	0.00262	0.88331
53 T	0.11379	0.00284	0.88336
54 C	0.11306	0.00374	0.8832
55 T	0.11274	0.00458	0.88268
56 T	0.11227	0.00511	0.88262
57 A	0.11094	0.00665	0.88241
58 A	0.11019	0.00747	0.88234
59 T	0.11019	0.00747	0.88233
60 C	0.11016	0.00748	0.88236
61 T	0.11021	0.00743	0.88236
62 T	0.11027	0.00737	0.88236
63 T	0.11026	0.00738	0.88236
64 T	0.11026	0.00738	0.88237
65 C	0.11020	0.00743	0.88237
66 T	0.11022	0.00742	0.88236
67 T	0.11026	0.00738	0.88236
68 T	0.11027	0.00737	0.88235
69 T	0.11029	0.00740	0.88231
70 T	0.11034	0.00741	0.88225
71 T	0.11031	0.00745	0.88225
72 A	0.10979	0.00785	0.88236
73 A	0.10961	0.00785	0.88254
74 A	0.10961	0.00771	0.88268
75 T	0.10996	0.00706	0.88297
76 A	0.11018	0.00642	0.88339
77 T	0.11065	0.00495	0.88441
78 T	0.11112	0.00394	0.88494
79 T	0.11119	0.00346	0.88535
80 T	0.11125	0.00266	0.88609
81 T	0.11114	0.00238	0.88648
82 T	0.11099	0.00249	0.88652
83 T	0.11079	0.00266	0.88656
84 A	0.11028	0.00314	0.88658
85 A	0.11015	0.00322	0.88662
86 T	0.11012	0.00317	0.88672
87 T	0.11002	0.00319	0.88679
88 C	0.10991	0.00319	0.88689
89 C	0.10988	0.00320	0.88692
90 T	0.10984	0.00323	0.88693
91 G	0.10978	0.00329	0.88693
92 T	0.10984	0.00321	0.88694
93 T	0.10986	0.00318	0.88695
94 T	0.10986	0.00309	0.88704
95 T	0.10977	0.00263	0.8876
96 T	0.10961	0.00257	0.88782
97 G	0.10943	0.00268	0.8879
98 C	0.10938	0.00270	0.88791
99 T	0.10938	0.00279	0.88784
100 T	0.10933	0.00303	0.88764
101 T	0.10930	0.00337	0.88734
102 A	0.10918	0.00397	0.88685
103 A	0.10912	0.00409	0.8868
104 T	0.10911	0.00389	0.887
105 T	0.10906	0.00379	0.88715
106 A	0.10892	0.00378	0.8873
107 C	0.10887	0.00338	0.88775
108 T	0.10877	0.00349	0.88774
109 G	0.10845	0.00410	0.88745
110 A	0.10826	0.00472	0.88702
111 T	0.10821	0.00502	0.88678
112 G	0.10811	0.00539	0.8865
113 G	0.10787	0.00625	0.88588
114 T	0.10774	0.00672	0.88554
115 G	0.10762	0.00724	0.88514
116 G	0.10748	0.00741	0.88512
117 A	0.10738	0.00750	0.88512
118 G	0.10730	0.00747	0.88523
119 G	0.10725	0.00736	0.88539
120 C	0.10702	0.00745	0.88553
121 G	0.10677	0.00770	0.88553
122 G	0.10677	0.00770	0.88554
123 G	0.10689	0.00759	0.88552
124 A	0.10713	0.00740	0.88547
125 C	0.10755	0.00693	0.88553
126 T	0.10763	0.00679	0.88557
127 A	0.10762	0.00682	0.88557
128 A	0.10759	0.00681	0.88561
129 T	0.10746	0.00678	0.88576
130 C	0.10671	0.00748	0.88582
131 A	0.10624	0.00784	0.88591
132 A	0.10626	0.00754	0.8862
133 C	0.10650	0.00709	0.88641
134 T	0.10665	0.00690	0.88645
135 A	0.10666	0.00683	0.8865
136 T	0.10727	0.00596	0.88676
137 C	0.10738	0.00574	0.88688
138 T	0.10741	0.00570	0.88689
139 T	0.10687	0.00617	0.88696
140 T	0.10581	0.00726	0.88693
141 T	0.10425	0.00881	0.88695
142 A	0.10150	0.01153	0.88697
143 A	0.10028	0.01245	0.88726
144 T	0.09947	0.01294	0.88758
145 C	0.09769	0.01459	0.88772
146 C	0.09680	0.01544	0.88777
147 T	0.09587	0.01638	0.88775
148 A	0.09402	0.01829	0.88769
149 A	0.09335	0.01898	0.88767
150 T	0.09324	0.01910	0.88767
151 G	0.09298	0.01932	0.8877
152 A	0.09284	0.01923	0.88793
153 T	0.09273	0.01849	0.88879
154 T	0.09250	0.01833	0.88917
155 A	0.09061	0.02035	0.88905
156 T	0.09005	0.02108	0.88887
157 G	0.08903	0.02302	0.88795
158 A	0.08837	0.02430	0.88733
159 A	0.08779	0.02547	0.88674
160 A	0.08727	0.02640	0.88633
161 T	0.08667	0.02673	0.88661
162 A	0.08558	0.02724	0.88718
163 G	0.08531	0.02622	0.88847
164 A	0.08516	0.02512	0.88971
165 T	0.08506	0.02317	0.89178
166 T	0.08473	0.02308	0.89219
167 A	0.08429	0.02472	0.891
168 T	0.08317	0.02435	0.89248
169 A	0.08149	0.02538	0.89313
170 G	0.08038	0.02554	0.89408
171 T	0.07964	0.02491	0.89545
172 C	0.07846	0.02559	0.89595
173 A	0.07736	0.02683	0.89581
174 A	0.07697	0.02708	0.89594
175 A	0.07683	0.02712	0.89605
176 G	0.07683	0.02698	0.89619
177 A	0.07705	0.02657	0.89638
178 C	0.07761	0.02382	0.89858
179 A	0.07822	0.02295	0.89883
180 T	0.07944	0.02105	0.89951
181 A	0.08012	0.02000	0.89988
182 A	0.08084	0.01883	0.90033
183 T	0.08168	0.01756	0.90076
184 T	0.08136	0.01711	0.90153
185 C	0.08016	0.01728	0.90257
186 A	0.07930	0.01832	0.90239
187 A	0.07904	0.01939	0.90157
188 A	0.07897	0.01982	0.90121
189 A	0.07960	0.01924	0.90116
190 T	0.08151	0.01728	0.90121
191 T	0.08167	0.01567	0.90266
192 T	0.08162	0.01402	0.90436
193 T	0.08129	0.01318	0.90552
194 G	0.07945	0.01436	0.90619
195 G	0.07862	0.01427	0.9071
196 C	0.07800	0.01413	0.90788
197 G	0.07761	0.01433	0.90806
198 A	0.07741	0.01443	0.90816
199 C	0.07739	0.01438	0.90823
200 A	0.07736	0.01441	0.90824
201 C	0.07733	0.01443	0.90824
202 G	0.07744	0.01434	0.90822
203 A	0.07756	0.01424	0.90821
204 A	0.07760	0.01420	0.90819
205 G	0.07764	0.01406	0.9083
206 A	0.07771	0.01391	0.90838
207 T	0.07799	0.01257	0.90945
208 G	0.07811	0.01103	0.91086
209 G	0.07854	0.00963	0.91183
210 A	0.07942	0.00834	0.91224
211 C	0.07995	0.00737	0.91268
212 A	0.08036	0.00706	0.91258
213 T	0.08085	0.00660	0.91255
214 G	0.08105	0.00633	0.91262
215 T	0.08116	0.00623	0.91261
216 T	0.08116	0.00623	0.91262
217 T	0.08113	0.00449	0.91438
218 T	0.08103	0.00377	0.91521
219 T	0.08083	0.00332	0.91585
220 G	0.08025	0.00355	0.9162
221 C	0.07998	0.00366	0.91635
222 T	0.07973	0.00402	0.91625
223 A	0.07907	0.00491	0.91602
224 G	0.07887	0.00516	0.91597
225 T	0.07874	0.00531	0.91595
226 A	0.07853	0.00553	0.91594
227 A	0.07844	0.00557	0.91599
228 T	0.07844	0.00548	0.91608
229 G	0.07842	0.00544	0.91614
230 C	0.07840	0.00543	0.91618
231 A	0.07838	0.00549	0.91613
232 A	0.07840	0.00551	0.91609
233 G	0.07843	0.00550	0.91607
234 A	0.07849	0.00550	0.916
235 A	0.07869	0.00532	0.916
236 T	0.07894	0.00501	0.91606
237 G	0.07906	0.00482	0.91612
238 T	0.07930	0.00454	0.91616
239 T	0.07949	0.00432	0.91618
240 T	0.07945	0.00434	0.91621
241 T	0.07929	0.00451	0.91619
242 A	0.07907	0.00489	0.91604
243 T	0.07900	0.00473	0.91626
244 G	0.07884	0.00481	0.91635
245 A	0.07887	0.00468	0.91645
246 T	0.07909	0.00388	0.91702
247 T	0.07915	0.00361	0.91724
248 T	0.07915	0.00348	0.91737
249 T	0.07910	0.00335	0.91755
250 C	0.07902	0.00335	0.91764
251 C	0.07895	0.00341	0.91764
252 A	0.07873	0.00377	0.9175
253 G	0.07862	0.00402	0.91736
254 G	0.07860	0.00426	0.91714
255 A	0.07849	0.00481	0.9167
256 A	0.07839	0.00515	0.91646
257 T	0.07836	0.00526	0.91638
258 G	0.07812	0.00558	0.9163
259 A	0.07805	0.00577	0.91619
260 A	0.07804	0.00583	0.91614
261 A	0.07808	0.00578	0.91613
262 A	0.07822	0.00561	0.91616
263 T	0.07846	0.00525	0.91629
264 G	0.07858	0.00493	0.91649
265 G	0.07881	0.00448	0.91671
266 T	0.07896	0.00424	0.9168
267 T	0.07895	0.00409	0.91695
268 C	0.07858	0.00438	0.91704
269 C	0.07818	0.00476	0.91706
270 T	0.07796	0.00499	0.91705
271 T	0.07764	0.00533	0.91704
272 G	0.07716	0.00581	0.91703
273 C	0.07689	0.00610	0.917
274 A	0.07677	0.00624	0.91699
275 G	0.07685	0.00595	0.9172
276 A	0.07688	0.00584	0.91728
277 A	0.07702	0.00566	0.91732
278 C	0.07738	0.00518	0.91743
279 T	0.07756	0.00489	0.91755
280 T	0.07761	0.00477	0.91762
281 A	0.07755	0.00464	0.91781
282 T	0.07757	0.00455	0.91788
283 C	0.07747	0.00463	0.9179
284 A	0.07732	0.00496	0.91772
285 A	0.07711	0.00529	0.91759
286 G	0.07696	0.00548	0.91756
287 A	0.07638	0.00619	0.91744
288 G	0.07606	0.00658	0.91736
289 T	0.07602	0.00652	0.91746
290 A	0.07594	0.00645	0.91761
291 T	0.07593	0.00582	0.91826
292 G	0.07586	0.00540	0.91875
293 C	0.07585	0.00528	0.91887
294 T	0.07580	0.00632	0.91788
295 A	0.07501	0.00938	0.91561
296 A	0.07456	0.01068	0.91476
297 T	0.07413	0.01184	0.91403
298 A	0.07370	0.01253	0.91377
299 A	0.07348	0.01268	0.91383
300 A	0.07338	0.01264	0.91398
301 A	0.07335	0.01250	0.91415
302 C	0.07335	0.01228	0.91437
303 T	0.07318	0.01239	0.91442
304 C	0.07266	0.01289	0.91445
305 A	0.07250	0.01325	0.91426
306 A	0.07235	0.01359	0.91405
307 A	0.07243	0.01348	0.91409
308 T	0.07259	0.01308	0.91434
309 A	0.07263	0.01287	0.91449
310 G	0.07271	0.01202	0.91526
311 C	0.07282	0.01156	0.91562
312 C	0.07288	0.01145	0.91567
313 A	0.07289	0.01159	0.91552
314 G	0.07314	0.01147	0.91539
315 T	0.07370	0.01105	0.91525
316 A	0.07392	0.01088	0.9152
317 A	0.07497	0.00975	0.91528
318 T	0.07706	0.00663	0.91631
319 G	0.07772	0.00538	0.9169
320 C	0.07837	0.00422	0.91741
321 T	0.07866	0.00378	0.91757
322 A	0.07871	0.00368	0.91761
323 T	0.07873	0.00357	0.9177
324 T	0.07874	0.00350	0.91776
325 A	0.07874	0.00347	0.91779
326 A	0.07877	0.00312	0.91812
327 C	0.07883	0.00241	0.91876
328 A	0.07900	0.00208	0.91892
329 T	0.07924	0.00168	0.91908
330 C	0.07927	0.00157	0.91916
331 G	0.07929	0.00158	0.91913
332 G	0.07932	0.00161	0.91908
333 T	0.07940	0.00158	0.91903
334 T	0.07942	0.00171	0.91887
335 T	0.07943	0.00193	0.91864
336 G	0.07932	0.00219	0.91848
337 A	0.07930	0.00240	0.91829
338 A	0.07938	0.00239	0.91823
339 T	0.07947	0.00227	0.91826
340 T	0.07953	0.00223	0.91825
341 T	0.07956	0.00223	0.91821
342 T	0.07954	0.00223	0.91823
343 T	0.07939	0.00237	0.91824
344 T	0.07919	0.00257	0.91824
345 T	0.07894	0.00280	0.91826
346 C	0.07863	0.00310	0.91827
347 C	0.07815	0.00357	0.91828
348 T	0.07740	0.00432	0.91827
349 C	0.07626	0.00547	0.91827
350 C	0.07573	0.00600	0.91827
351 A	0.07524	0.00650	0.91826
352 G	0.07487	0.00687	0.91825
353 C	0.07459	0.00716	0.91825
354 T	0.07440	0.00741	0.91818
355 A	0.07436	0.00756	0.91808
356 A	0.07446	0.00757	0.91797
357 A	0.07469	0.00747	0.91784
358 T	0.07498	0.00734	0.91769
359 T	0.07519	0.00704	0.91777
360 T	0.07527	0.00696	0.91777
361 T	0.07516	0.00731	0.91752
362 T	0.07488	0.00780	0.91731
363 T	0.07450	0.00837	0.91712
364 A	0.07388	0.00943	0.9167
365 A	0.07339	0.01026	0.91635
366 A	0.07298	0.01082	0.91621
367 G	0.07273	0.01089	0.91637
368 T	0.07216	0.01153	0.91631
369 A	0.07152	0.01246	0.91602
370 A	0.07135	0.01265	0.916
371 T	0.07127	0.01226	0.91646
372 T	0.07113	0.01200	0.91687
373 A	0.07092	0.01203	0.91705
374 A	0.07077	0.01199	0.91724
375 A	0.07047	0.01216	0.91737
376 A	0.06929	0.01325	0.91746
377 C	0.06824	0.01414	0.91762
378 A	0.06758	0.01501	0.91741
379 G	0.06712	0.01576	0.91711
380 G	0.06717	0.01619	0.91664
381 T	0.06748	0.01601	0.91651
382 T	0.06755	0.01610	0.91635
383 A	0.06749	0.01608	0.91643
384 T	0.06763	0.01576	0.9166
385 C	0.06728	0.01626	0.91646
386 A	0.06700	0.01769	0.91531
387 A	0.06707	0.01812	0.91481
388 A	0.06725	0.01795	0.9148
389 T	0.06750	0.01741	0.91509
390 A	0.06689	0.01786	0.91526
391 G	0.06634	0.01764	0.91602
392 C	0.06597	0.01746	0.91657
393 C	0.06505	0.01869	0.91626
394 A	0.06403	0.02088	0.91509
395 A	0.06377	0.02173	0.9145
396 A	0.06373	0.02206	0.91421
397 G	0.06376	0.02218	0.91406
398 A	0.06389	0.02181	0.9143
399 A	0.06414	0.02021	0.91565
400 T	0.06437	0.01862	0.91701
401 A	0.06451	0.01768	0.9178
402 C	0.06477	0.01672	0.91851
403 G	0.06512	0.01622	0.91867
404 G	0.06530	0.01596	0.91874
405 T	0.06557	0.01560	0.91883
406 G	0.06573	0.01535	0.91892
407 G	0.06599	0.01506	0.91895
408 T	0.06666	0.01414	0.9192
409 G	0.06745	0.01359	0.91895
410 A	0.06789	0.01319	0.91892
411 T	0.06812	0.01295	0.91893
412 A	0.06804	0.01321	0.91875
413 A	0.06804	0.01273	0.91923
414 A	0.06816	0.01194	0.9199
415 A	0.06841	0.01081	0.92077
416 T	0.06909	0.00878	0.92213
417 T	0.07024	0.00649	0.92327
418 T	0.07068	0.00555	0.92377
419 G	0.07081	0.00526	0.92393
420 T	0.07092	0.00512	0.92397
421 G	0.07092	0.00519	0.92388
422 A	0.07094	0.00530	0.92376
423 T	0.07101	0.00537	0.92362
424 T	0.07106	0.00547	0.92348
425 T	0.07106	0.00585	0.92309
426 T	0.07099	0.00668	0.92233
427 A	0.07045	0.00806	0.92148
428 A	0.07016	0.00864	0.9212
429 A	0.06989	0.00912	0.92099
430 G	0.06949	0.00975	0.92076
431 A	0.06964	0.00970	0.92066
432 T	0.07030	0.00895	0.92074
433 G	0.07017	0.00920	0.92063
434 A	0.07030	0.00921	0.92049
435 T	0.07050	0.00912	0.92037
436 G	0.07049	0.00926	0.92025
437 G	0.07061	0.00923	0.92017
438 T	0.07072	0.00926	0.92002
439 G	0.07070	0.00930	0.92
440 T	0.07078	0.00921	0.92001
441 T	0.07077	0.00919	0.92003
442 G	0.07067	0.00929	0.92005
443 C	0.07059	0.00938	0.92003
444 C	0.07061	0.00943	0.91996
445 A	0.07068	0.00977	0.91956
446 T	0.07092	0.00970	0.91938
447 G	0.07111	0.00963	0.91927
448 A	0.07147	0.00945	0.91908
449 T	0.07233	0.00858	0.91909
450 T	0.07301	0.00746	0.91953
451 A	0.07312	0.00722	0.91966
452 A	0.07338	0.00671	0.9199
453 T	0.07371	0.00586	0.92043
454 G	0.07384	0.00557	0.92059
455 A	0.07398	0.00539	0.92064
456 T	0.07424	0.00477	0.92099
457 A	0.07439	0.00453	0.92108
458 T	0.07459	0.00411	0.92129
459 T	0.07470	0.00390	0.9214
460 G	0.07462	0.00400	0.92138
461 T	0.07463	0.00400	0.92137
462 T	0.07460	0.00408	0.92132
463 A	0.07448	0.00442	0.92111
464 G	0.07441	0.00467	0.92092
465 A	0.07443	0.00499	0.92058
466 T	0.07451	0.00537	0.92012
467 A	0.07452	0.00666	0.91882
468 T	0.07484	0.00785	0.91731
469 T	0.07477	0.00847	0.91676
470 A	0.07444	0.00987	0.91569
471 T	0.07437	0.01090	0.91473
472 A	0.07428	0.01253	0.91319
473 C	0.07427	0.01318	0.91255
474 T	0.07436	0.01476	0.91087
475 T	0.07429	0.01642	0.90929
476 T	0.07412	0.01783	0.90806
477 A	0.07315	0.01973	0.90712
478 A	0.07257	0.02074	0.9067
479 A	0.07249	0.02104	0.90647
480 T	0.07251	0.02097	0.90653
481 G	0.07242	0.02101	0.90656
482 A	0.07247	0.02092	0.90662
483 T	0.07257	0.02066	0.90677
484 C	0.07242	0.02072	0.90686
485 A	0.07230	0.02083	0.90687
486 A	0.07227	0.02080	0.90693
487 G	0.07237	0.02066	0.90697
488 G	0.07267	0.02035	0.90698
489 G	0.07324	0.01979	0.90696
490 A	0.07462	0.01829	0.90708
491 A	0.07624	0.01650	0.90725
492 A	0.07709	0.01539	0.90752
493 G	0.07854	0.01350	0.90797
494 C	0.08048	0.01129	0.90823
495 T	0.08320	0.00843	0.90837
496 T	0.08462	0.00694	0.90844
497 T	0.08608	0.00538	0.90854
498 T	0.08700	0.00435	0.90865
499 T	0.08747	0.00374	0.90879
500 T	0.08767	0.00258	0.90975
501 C	0.08769	0.00197	0.91034
502 T	0.08779	0.00189	0.91033
503 T	0.08775	0.00198	0.91027
504 T	0.08766	0.00219	0.91014
505 T	0.08744	0.00272	0.90984
506 T	0.08714	0.00343	0.90942
507 T	0.08665	0.00391	0.90944
508 A	0.08609	0.00434	0.90958
509 A	0.08569	0.00457	0.90975
510 T	0.08539	0.00474	0.90987
511 C	0.08465	0.00543	0.90992
512 C	0.08399	0.00627	0.90974
513 T	0.08373	0.00673	0.90954
514 A	0.08319	0.00768	0.90913
515 G	0.08279	0.00846	0.90876
516 T	0.08270	0.00909	0.90822
517 C	0.08260	0.00967	0.90774
518 A	0.08228	0.01260	0.90512
519 A	0.08212	0.01591	0.90197
520 T	0.08194	0.01953	0.89853
521 T	0.08171	0.02252	0.89578
522 G	0.08089	0.02863	0.89048
523 A	0.08037	0.03529	0.88434
524 A	0.08023	0.03878	0.881
525 T	0.08018	0.04186	0.87795
526 G	0.08009	0.04690	0.87301
527 A	0.08019	0.05113	0.86868
528 A	0.08042	0.05339	0.86619
529 A	0.08066	0.05458	0.86476
530 T	0.08077	0.05476	0.86447
531 A	0.08050	0.05471	0.86479
532 A	0.08037	0.05453	0.8651
533 A	0.08026	0.05432	0.86542
534 A	0.08022	0.05363	0.86614
535 C	0.08033	0.05282	0.86684
536 A	0.08056	0.05258	0.86686
537 A	0.08103	0.05183	0.86714
538 G	0.08165	0.05104	0.86731
539 T	0.08252	0.05023	0.86726
540 A	0.08308	0.04977	0.86714
541 G	0.08571	0.04699	0.8673
542 A	0.08944	0.04305	0.86751
543 T	0.09484	0.03739	0.86777
544 A	0.09813	0.03382	0.86806
545 T	0.10412	0.02700	0.86888
546 C	0.10904	0.02156	0.8694
547 A	0.11189	0.01861	0.8695
548 C	0.11502	0.01533	0.86964
549 T	0.12064	0.00969	0.86967
550 T	0.12448	0.00587	0.86965
551 T	0.12621	0.00416	0.86962
552 T	0.12711	0.00321	0.86968
553 T	0.12734	0.00297	0.86969
554 G	0.12738	0.00266	0.86997
555 T	0.12746	0.00243	0.8701
556 G	0.12751	0.00229	0.8702
557 A	0.12761	0.00215	0.87023
558 T	0.12774	0.00198	0.87028
559 T	0.12794	0.00179	0.87027
560 G	0.12799	0.00176	0.87024
561 T	0.12812	0.00172	0.87016
562 G	0.12816	0.00186	0.86998
563 A	0.12826	0.00186	0.86988
564 T	0.12848	0.00177	0.86975
565 A	0.12850	0.00179	0.8697
566 T	0.12856	0.00176	0.86969
567 G	0.12853	0.00183	0.86964
568 T	0.12853	0.00183	0.86963
569 C	0.12852	0.00185	0.86963
570 T	0.12856	0.00185	0.86959
571 T	0.12855	0.00186	0.86959
572 C	0.12856	0.00185	0.86959
573 T	0.12860	0.00182	0.86958
574 T	0.12861	0.00184	0.86955
575 C	0.12857	0.00188	0.86955
576 T	0.12858	0.00187	0.86955
577 T	0.12859	0.00187	0.86954
578 T	0.12854	0.00193	0.86953
579 C	0.12843	0.00204	0.86953
580 A	0.12837	0.00210	0.86953
581 T	0.12841	0.00205	0.86955
582 T	0.12845	0.00201	0.86955
583 A	0.12844	0.00204	0.86952
584 C	0.12854	0.00194	0.86952
585 T	0.12870	0.00181	0.86948
586 A	0.12861	0.00211	0.86927
587 G	0.12866	0.00215	0.86919
588 T	0.12870	0.00219	0.8691
589 G	0.12869	0.00235	0.86896
590 T	0.12872	0.00254	0.86874
591 T	0.12866	0.00290	0.86844
592 A	0.12860	0.00343	0.86797
593 T	0.12860	0.00397	0.86743
594 T	0.12856	0.00540	0.86604
595 G	0.12848	0.00976	0.86177
596 A	0.12845	0.01214	0.8594
597 T	0.12841	0.01323	0.85835
598 T	0.12830	0.01423	0.85746
599 T	0.12818	0.01442	0.8574
600 T	0.12790	0.01475	0.85735
601 G	0.12740	0.01523	0.85736
602 T	0.12712	0.01547	0.85741
603 C	0.12662	0.01595	0.85742
604 A	0.12616	0.01686	0.85698
605 G	0.12592	0.01785	0.85623
606 T	0.12569	0.01993	0.85438
607 A	0.12545	0.02245	0.8521
608 A	0.12533	0.02449	0.85018
609 T	0.12549	0.02630	0.84821
610 T	0.12552	0.02683	0.84765
611 T	0.12544	0.02733	0.84723
612 A	0.12374	0.02969	0.84657
613 A	0.12250	0.03160	0.84589
614 C	0.12173	0.03263	0.84564
615 A	0.11977	0.03537	0.84486
616 G	0.11881	0.03674	0.84445
617 A	0.12020	0.03565	0.84415
618 T	0.12516	0.03087	0.84398
619 T	0.12660	0.02974	0.84366
620 T	0.12664	0.02976	0.84361
621 T	0.12566	0.03094	0.84339
622 T	0.12344	0.03411	0.84245
623 T	0.11714	0.04205	0.84081
624 A	0.10294	0.05741	0.83965
625 G	0.09614	0.06413	0.83973
626 A	0.09194	0.06827	0.83979
627 A	0.08932	0.07074	0.83995
628 A	0.08895	0.07085	0.84019
629 C	0.09046	0.06899	0.84055
630 A	0.09225	0.06714	0.84061
631 G	0.09384	0.06546	0.84069
632 C	0.09577	0.06363	0.8406
633 T	0.09655	0.06488	0.83857
634 A	0.09673	0.06920	0.83407
635 A	0.09734	0.07165	0.83101
636 T	0.09818	0.07133	0.83049
637 T	0.09839	0.07175	0.82986
638 T	0.09830	0.07170	0.82999
639 T	0.09749	0.07213	0.83038
640 G	0.09561	0.07496	0.82944
641 A	0.09374	0.07833	0.82793
642 T	0.09325	0.07791	0.82884
643 G	0.09241	0.07792	0.82966
644 A	0.09197	0.07745	0.83058
645 A	0.09237	0.07676	0.83087
646 T	0.09363	0.07140	0.83498
647 T	0.09304	0.06532	0.84164
648 G	0.09077	0.06962	0.83961
649 G	0.08954	0.08323	0.82723
650 T	0.08872	0.10146	0.80982
651 A	0.08651	0.14172	0.77176
652 G	0.08453	0.17458	0.7409
653 A	0.08306	0.21239	0.70456
654 A	0.08256	0.22491	0.69254
655 A	0.08271	0.23148	0.6858
656 A	0.08473	0.23330	0.68197
657 A	0.08971	0.22944	0.68086
658 T	0.09546	0.22398	0.68055
659 T	0.09790	0.22232	0.67978
660 A	0.09952	0.22198	0.67851
661 T	0.10230	0.22041	0.67728
662 T	0.10323	0.21993	0.67684
663 A	0.10250	0.22107	0.67643
664 T	0.10297	0.22180	0.67523
665 T	0.10196	0.22573	0.67231
666 A	0.09896	0.23316	0.66788
667 A	0.09730	0.23994	0.66276
668 A	0.09822	0.24123	0.66054
669 A	0.09669	0.24313	0.66019
670 G	0.10122	0.23692	0.66186
671 G	0.10997	0.22647	0.66357
672 T	0.12832	0.20746	0.66421
673 G	0.14649	0.18887	0.66464
674 A	0.18527	0.14913	0.66561
675 A	0.21819	0.11522	0.6666
676 T	0.25300	0.07884	0.66816
677 T	0.25864	0.07246	0.6689
678 T	0.25435	0.07655	0.66909
679 T	0.24127	0.08947	0.66926
680 C	0.20001	0.13095	0.66904
681 A	0.16767	0.16452	0.66781
682 G	0.14481	0.18744	0.66775
683 A	0.13888	0.19346	0.66766
684 T	0.13384	0.19859	0.66758
685 G	0.12490	0.20754	0.66757
686 C	0.11790	0.21281	0.6693
687 A	0.11587	0.21548	0.66865
688 G	0.11681	0.21411	0.66907
689 A	0.12014	0.21116	0.6687
690 A	0.12547	0.20734	0.66719
691 T	0.12817	0.20744	0.66439
692 T	0.12745	0.20959	0.66297
693 A	0.10535	0.24165	0.65301
694 G	0.08708	0.26274	0.65018
695 T	0.07630	0.28479	0.63891
696 A	0.06124	0.32425	0.61451
697 G	0.05675	0.35959	0.58366
698 A	0.05495	0.38649	0.55855
699 A	0.05404	0.39898	0.54697
700 A	0.05357	0.40057	0.54586
701 T	0.05340	0.39004	0.55656
702 A	0.05284	0.37437	0.57279
703 G	0.05294	0.33156	0.6155
704 G	0.05375	0.30239	0.64386
705 C	0.05398	0.28457	0.66145
706 A	0.05429	0.28402	0.66169
707 T	0.05504	0.28157	0.6634
708 A	0.05529	0.28451	0.6602
709 G	0.05559	0.28771	0.65669
710 C	0.05638	0.30012	0.64349
711 A	0.05740	0.35698	0.58562
712 A	0.05961	0.43345	0.50694
713 A	0.06353	0.49876	0.43771
714 A	0.06888	0.54507	0.38604
715 A	0.07752	0.55904	0.36344
716 T	0.09371	0.52977	0.37653
717 G	0.09935	0.52944	0.3712
718 G	0.11196	0.52773	0.36031
719 A	0.13794	0.52824	0.33382
720 T	0.17305	0.52135	0.30559
721 T	0.19438	0.55681	0.24881
722 T	0.20459	0.56126	0.23415
723 A	0.20749	0.56215	0.23036
724 A	0.20643	0.56565	0.22791
725 T	0.20528	0.56990	0.22482
726 C	0.19753	0.58112	0.22135
727 C	0.19100	0.59336	0.21565
728 A	0.18856	0.59945	0.21198
729 A	0.18788	0.60236	0.20977
730 A	0.18746	0.60488	0.20766
731 A	0.19484	0.59874	0.20642
732 C	0.20727	0.58749	0.20524
733 A	0.22840	0.57240	0.1992
734 A	0.28175	0.51984	0.1984
735 A	0.35425	0.44797	0.19778
736 A	0.42362	0.37857	0.19781
737 T	0.48526	0.31687	0.19787
738 C	0.50433	0.29744	0.19823
739 A	0.48262	0.31918	0.19821
740 C	0.47532	0.32634	0.19834
741 C	0.42697	0.37508	0.19795
742 A	0.36470	0.43918	0.19612
743 A	0.30500	0.50046	0.19455
744 A	0.28172	0.52560	0.19268
745 G	0.23954	0.56991	0.19055
746 A	0.19256	0.61676	0.19068
747 A	0.16573	0.64086	0.19341
748 A	0.13985	0.66328	0.19687
749 T	0.12592	0.66898	0.20509
750 C	0.08197	0.70783	0.2102
751 A	0.05908	0.72953	0.21138
752 A	0.04797	0.73937	0.21266
753 A	0.03996	0.74542	0.21462
754 A	0.03041	0.75272	0.21687
755 C	0.02496	0.75563	0.21942
756 C	0.02425	0.75398	0.22176
757 A	0.02193	0.75675	0.22132
758 A	0.02148	0.75815	0.22037
759 A	0.02089	0.75921	0.2199
760 A	0.02042	0.75923	0.22034
761 T	0.02031	0.74756	0.23213
762 T	0.01878	0.69573	0.28548
763 A	0.01679	0.66277	0.32044
764 A	0.01542	0.59430	0.39027
765 A	0.01634	0.51222	0.47144
766 A	0.01705	0.43091	0.55204
767 A	0.01867	0.35101	0.63032
768 T	0.02106	0.28492	0.69401
769 T	0.02160	0.23113	0.74727
770 A	0.02182	0.20881	0.76937
771 T	0.02208	0.19002	0.7879
772 A	0.02182	0.19271	0.78547
773 T	0.02062	0.17841	0.80097
774 T	0.01834	0.21126	0.7704
775 A	0.01482	0.25866	0.72652
776 A	0.01007	0.33404	0.65588
777 G	0.00794	0.40133	0.59072
778 A	0.00690	0.51728	0.47582
779 A	0.00648	0.59210	0.40142
780 A	0.00713	0.65897	0.3339
781 A	0.00853	0.73121	0.26026
782 A	0.00976	0.76667	0.22357
783 A	0.01074	0.78809	0.20117
784 A	0.01210	0.80189	0.18601
785 T	0.01422	0.79938	0.18641
786 A	0.01577	0.79633	0.18791
787 A	0.01698	0.79340	0.18961
788 A	0.01917	0.79048	0.19035
789 C	0.02232	0.78673	0.19096
790 C	0.02503	0.78471	0.19026
791 A	0.02806	0.78403	0.18791
792 A	0.03374	0.78038	0.18587
793 A	0.04465	0.77115	0.18421
794 A	0.05887	0.75910	0.18204
795 A	0.08168	0.73813	0.18019
796 G	0.11263	0.70660	0.18076
797 T	0.17346	0.64337	0.18317
798 A	0.22162	0.59203	0.18635
799 G	0.29407	0.51549	0.19045
800 G	0.36956	0.43843	0.19201
801 C	0.48865	0.31897	0.19238
802 C	0.56365	0.24389	0.19246
803 A	0.62844	0.17937	0.19219
804 T	0.70307	0.10486	0.19207
805 G	0.72239	0.08590	0.1917
806 C	0.73398	0.07446	0.19155
807 T	0.73050	0.07878	0.19071
808 A	0.68314	0.12642	0.19044
809 T	0.63242	0.17698	0.1906
810 C	0.55175	0.25760	0.19064
811 A	0.49211	0.31760	0.19029
812 C	0.42298	0.38693	0.19009
813 C	0.33613	0.47535	0.18852
814 A	0.30608	0.50606	0.18786
815 A	0.28952	0.52265	0.18783
816 A	0.27641	0.53564	0.18795
817 A	0.26934	0.54258	0.18808
818 C	0.26674	0.54416	0.1891
819 C	0.25021	0.55881	0.19098
820 G	0.23282	0.57581	0.19136
821 C	0.21834	0.58996	0.19171
822 T	0.20730	0.60251	0.19019
823 T	0.18611	0.62509	0.1888
824 T	0.15530	0.65681	0.18789
825 A	0.12268	0.69020	0.18712
826 A	0.10861	0.70376	0.18764
827 A	0.10208	0.70551	0.19241
828 A	0.09893	0.69628	0.20478
829 A	0.09702	0.68616	0.21682
830 A	0.09610	0.66387	0.24004
831 A	0.09444	0.61445	0.29111
832 G	0.09275	0.55178	0.35547
833 G	0.09221	0.47973	0.42806
834 A	0.09185	0.43765	0.4705
835 A	0.09202	0.38001	0.52798
836 C	0.09331	0.30142	0.60527
837 T	0.09387	0.28504	0.62109
838 A	0.09377	0.28191	0.62432
839 A	0.09372	0.28032	0.62596
840 A	0.09352	0.28105	0.62543
841 A	0.09317	0.28438	0.62245
842 A	0.09306	0.26657	0.64037
843 A	0.09326	0.24038	0.66636
844 G	0.09407	0.21881	0.68713
845 T	0.09636	0.23248	0.67117
846 T	0.09724	0.26325	0.63951
847 G	0.09668	0.28929	0.61403
848 T	0.09675	0.30214	0.60111
849 T	0.09541	0.34646	0.55813
850 G	0.09258	0.39033	0.51709
851 G	0.09072	0.41451	0.49477
852 A	0.09002	0.43557	0.4744
853 A	0.09020	0.43554	0.47427
854 A	0.09183	0.43214	0.47602
855 T	0.09383	0.42834	0.47783
856 A	0.09510	0.42634	0.47856
857 C	0.09771	0.42276	0.47952
858 C	0.10021	0.42025	0.47954
859 T	0.10213	0.41909	0.47878
860 G	0.10346	0.41926	0.47729
861 G	0.10584	0.42009	0.47406
862 A	0.10730	0.42149	0.47121
863 G	0.11204	0.41892	0.46903
864 G	0.11897	0.41277	0.46826
865 A	0.13468	0.39754	0.46778
866 A	0.15089	0.38136	0.46774
867 A	0.17591	0.35599	0.4681
868 A	0.23552	0.29602	0.46846
869 T	0.32643	0.20420	0.46937
870 T	0.39269	0.13672	0.47059
871 G	0.41931	0.10931	0.47138
872 T	0.46105	0.06646	0.47249
873 T	0.47994	0.04539	0.47467
874 T	0.48610	0.03745	0.47644
875 T	0.49085	0.03190	0.47724
876 T	0.48903	0.03323	0.47774
877 C	0.48473	0.03724	0.47803
878 C	0.48096	0.04096	0.47809
879 T	0.47509	0.04693	0.47798
880 G	0.46327	0.05887	0.47786
881 A	0.45588	0.06653	0.47759
882 G	0.45475	0.06790	0.47735
883 G	0.45618	0.06630	0.47752
884 T	0.45989	0.06042	0.47969
885 G	0.46212	0.05623	0.48165
886 T	0.46446	0.05480	0.48073
887 T	0.46389	0.05808	0.47803
888 T	0.45207	0.07810	0.46983
889 G	0.41928	0.11505	0.46566
890 A	0.39068	0.15217	0.45715
891 A	0.36944	0.18304	0.44752
892 G	0.34644	0.21593	0.43763
893 C	0.33816	0.24075	0.42109
894 A	0.33108	0.26802	0.4009
895 A	0.32479	0.28882	0.38638
896 T	0.32161	0.29679	0.3816
897 T	0.31634	0.31045	0.37321
898 G	0.30841	0.33233	0.35926
899 A	0.30537	0.36994	0.32469
900 T	0.30333	0.37724	0.31942
901 A	0.30102	0.37872	0.32027
902 T	0.29997	0.37531	0.32472
903 G	0.29753	0.36974	0.33273
904 G	0.29643	0.36750	0.33607
905 C	0.29596	0.36809	0.33594
906 A	0.29492	0.37399	0.3311
907 G	0.29526	0.37659	0.32815
908 A	0.29680	0.37880	0.32439
909 A	0.29887	0.37847	0.32265
910 A	0.30150	0.37589	0.32261
911 A	0.30827	0.35744	0.33428
912 A	0.31258	0.32397	0.36345
913 A	0.32155	0.28696	0.39149
914 A	0.33425	0.25448	0.41126
915 A	0.34795	0.21654	0.4355
916 T	0.37004	0.18891	0.44105
917 A	0.38405	0.17865	0.4373
918 T	0.39619	0.16694	0.43686
919 G	0.39416	0.16657	0.43927
920 A	0.39771	0.16187	0.44042
921 G	0.40589	0.15154	0.44257
922 T	0.44199	0.12323	0.43479
923 C	0.44393	0.12745	0.42862
924 T	0.43902	0.16540	0.39558
925 T	0.42626	0.18738	0.38636
926 T	0.40104	0.22016	0.3788
927 T	0.38072	0.24821	0.37106
928 G	0.33866	0.29116	0.37018
929 C	0.32849	0.30086	0.37064
930 A	0.32223	0.30867	0.36911
931 T	0.32189	0.30960	0.3685
932 C	0.30739	0.32451	0.3681
933 T	0.29164	0.34165	0.3667
934 A	0.23971	0.39583	0.36446
935 A	0.21589	0.42078	0.36333
936 A	0.19807	0.43941	0.36252
937 A	0.19214	0.44567	0.36218
938 A	0.19000	0.44717	0.36282
939 A	0.19028	0.44554	0.36417
940 G	0.19714	0.43599	0.36686
941 A	0.20219	0.42937	0.36845
942 A	0.20322	0.42354	0.37324
943 A	0.20789	0.41560	0.3765
944 A	0.21847	0.40009	0.38144
945 T	0.23396	0.37788	0.38817
946 A	0.24250	0.35234	0.40517
947 T	0.27405	0.29391	0.43204
948 T	0.28390	0.25346	0.46264
949 C	0.28897	0.22083	0.4902
950 T	0.29350	0.20632	0.50019
951 T	0.29366	0.18579	0.52056
952 T	0.29307	0.17939	0.52754
953 T	0.29222	0.17460	0.53318
954 T	0.29147	0.17388	0.53466
955 G	0.28910	0.16417	0.54673
956 A	0.28368	0.16192	0.55439
957 T	0.27871	0.12623	0.59506
958 A	0.25991	0.14637	0.59372
959 T	0.23768	0.17500	0.58732
960 A	0.19525	0.28314	0.52161
961 A	0.18338	0.35929	0.45732
962 A	0.17619	0.41449	0.40931
963 A	0.17262	0.43557	0.39182
964 A	0.17095	0.44265	0.38639
965 A	0.17063	0.44797	0.3814
966 T	0.16961	0.45822	0.37217
967 A	0.16501	0.47750	0.35749
968 A	0.16340	0.49675	0.33985
969 T	0.16267	0.49876	0.33857
970 A	0.16152	0.50110	0.33737
971 G	0.16117	0.50128	0.33755
972 T	0.16135	0.50031	0.33834
973 C	0.16143	0.49968	0.3389
974 A	0.16184	0.50359	0.33456
975 T	0.16348	0.50743	0.32909
976 G	0.16455	0.51287	0.32259
977 A	0.16683	0.51489	0.31828
978 A	0.17243	0.51230	0.31526
979 A	0.18184	0.49596	0.3222
980 A	0.19068	0.47816	0.33116
981 A	0.21364	0.43479	0.35156
982 A	0.23954	0.38459	0.37587
983 C	0.30806	0.27434	0.41759
984 A	0.37477	0.19922	0.42601
985 T	0.42827	0.13939	0.43234
986 T	0.44750	0.11778	0.43472
987 A	0.45318	0.11059	0.43622
988 G	0.45863	0.10438	0.43699
989 G	0.46835	0.09152	0.44013
990 A	0.48388	0.07154	0.44457
991 T	0.50484	0.04835	0.44681
992 T	0.50993	0.04230	0.44777
993 T	0.51179	0.03933	0.44888
994 G	0.50794	0.04275	0.44931
995 C	0.49931	0.05118	0.44951
996 G	0.49250	0.05804	0.44946
997 C	0.48993	0.06134	0.44873
998 T	0.49453	0.05788	0.44758
999 T	0.49650	0.05663	0.44688
1000 C	0.49306	0.06073	0.44621
1001 A	0.48411	0.07166	0.44424
1002 T	0.47730	0.07890	0.4438
1003 T	0.46192	0.09437	0.44371
1004 T	0.43706	0.11984	0.4431
1005 T	0.41441	0.14354	0.44205
1006 C	0.39164	0.16637	0.44199
1007 C	0.37286	0.18516	0.44198
1008 T	0.36204	0.19600	0.44196
1009 T	0.33636	0.22169	0.44195
1010 C	0.29581	0.26224	0.44195
1011 C	0.26899	0.28912	0.44189
1012 C	0.24273	0.31565	0.44162
1013 A	0.22785	0.33144	0.44072
1014 A	0.22253	0.33698	0.44049
1015 A	0.22022	0.33940	0.44038
1016 A	0.21859	0.34078	0.44064
1017 T	0.21806	0.33723	0.44472
1018 G	0.21713	0.32825	0.45461
1019 A	0.21723	0.32012	0.46265
1020 A	0.21811	0.31033	0.47156
1021 T	0.21958	0.30309	0.47733
1022 T	0.21948	0.29776	0.48276
1023 A	0.21836	0.29452	0.48713
1024 G	0.21828	0.28194	0.49978
1025 A	0.21807	0.27285	0.50908
1026 A	0.21794	0.25634	0.52573
1027 G	0.21858	0.22641	0.55501
1028 T	0.21978	0.20133	0.57889
1029 T	0.21972	0.17774	0.60254
1030 T	0.21912	0.16072	0.62016
1031 A	0.21843	0.15781	0.62376
1032 T	0.21809	0.14490	0.637
1033 G	0.21636	0.13780	0.64584
1034 A	0.21579	0.14852	0.63569
1035 A	0.21532	0.15855	0.62613
1036 T	0.21370	0.19869	0.58761
1037 T	0.20942	0.23722	0.55336
1038 A	0.19262	0.30737	0.50001
1039 A	0.15569	0.39282	0.45149
1040 A	0.13714	0.43208	0.43078
1041 G	0.12832	0.46175	0.40993
1042 A	0.12266	0.48941	0.38793
1043 A	0.12119	0.49818	0.38062
1044 A	0.12029	0.50298	0.37673
1045 G	0.12040	0.50547	0.37413
1046 A	0.12198	0.50316	0.37486
1047 T	0.12357	0.50112	0.37531
1048 A	0.12363	0.50135	0.37503
1049 G	0.12398	0.50078	0.37524
1050 C	0.12521	0.49942	0.37537
1051 A	0.12652	0.49825	0.37522
1052 A	0.12796	0.49662	0.37542
1053 C	0.13423	0.48980	0.37597
1054 A	0.14211	0.48172	0.37617
1055 A	0.15450	0.46915	0.37634
1056 C	0.17887	0.44278	0.37835
1057 A	0.20936	0.41174	0.37891
1058 A	0.24508	0.37516	0.37977
1059 T	0.30853	0.30733	0.38414
1060 A	0.34188	0.26960	0.38852
1061 G	0.38757	0.21001	0.40242
1062 T	0.43406	0.12597	0.43997
1063 G	0.45128	0.09178	0.45693
1064 T	0.47253	0.06445	0.46302
1065 T	0.48717	0.05469	0.45814
1066 T	0.48495	0.07034	0.44471
1067 A	0.46970	0.09302	0.43728
1068 T	0.46518	0.09967	0.43514
1069 A	0.45772	0.10923	0.43304
1070 G	0.45311	0.11517	0.43172
1071 A	0.45102	0.11974	0.42923
1072 T	0.45101	0.11983	0.42916
1073 T	0.45044	0.12041	0.42915
1074 A	0.44939	0.12192	0.4287
1075 A	0.44893	0.12327	0.42781
1076 T	0.44867	0.12392	0.42741
1077 T	0.44601	0.12660	0.42738
1078 A	0.44417	0.12883	0.427
1079 A	0.44277	0.12995	0.42728
1080 G	0.44146	0.13030	0.42823
1081 A	0.44101	0.13075	0.42824
1082 G	0.44120	0.12994	0.42887
1083 A	0.44254	0.12756	0.4299
1084 G	0.44549	0.12361	0.43089
1085 T	0.45194	0.11629	0.43176
1086 T	0.45642	0.11039	0.43319
1087 A	0.45862	0.10709	0.43428
1088 A	0.46492	0.09731	0.43776
1089 T	0.47848	0.07533	0.44619
1090 T	0.48553	0.05241	0.46206
1091 T	0.48878	0.04290	0.46832
1092 T	0.49096	0.03497	0.47407
1093 T	0.49185	0.03079	0.47737
1094 C	0.49102	0.02991	0.47907
1095 T	0.48921	0.03419	0.47659
1096 G	0.48571	0.03857	0.47572
1097 A	0.48539	0.03930	0.47531
1098 T	0.48661	0.03826	0.47513
1099 T	0.48662	0.03887	0.4745
1100 C	0.48393	0.03826	0.4778
1101 T	0.48193	0.03902	0.47905
1102 A	0.47942	0.04049	0.48009
1103 G	0.47849	0.04043	0.48109
1104 C	0.47870	0.03993	0.48137
1105 C	0.47863	0.04026	0.48112
1106 A	0.47889	0.04107	0.48004
1107 T	0.47999	0.04012	0.4799
1108 A	0.48047	0.04007	0.47946
1109 T	0.48122	0.03949	0.47929
1110 G	0.48141	0.03939	0.4792
1111 C	0.48192	0.03887	0.47921
1112 T	0.48203	0.04064	0.47732
1113 T	0.47909	0.04625	0.47467
1114 A	0.46941	0.06429	0.4663
1115 T	0.46698	0.07191	0.46111
1116 A	0.46272	0.08806	0.44922
1117 A	0.46166	0.09679	0.44156
1118 A	0.46228	0.09643	0.44129
1119 T	0.46331	0.09334	0.44335
1120 T	0.46289	0.09439	0.44271
1121 T	0.46046	0.09879	0.44075
1122 A	0.45789	0.10156	0.44056
1123 A	0.45665	0.10089	0.44246
1124 T	0.45517	0.10064	0.44418
1125 T	0.45148	0.10255	0.44597
1126 C	0.44702	0.10611	0.44687
1127 A	0.44261	0.11061	0.44678
1128 A	0.44018	0.11283	0.447
1129 C	0.43827	0.11444	0.44729
1130 C	0.43596	0.11732	0.44672
1131 T	0.43546	0.11838	0.44616
1132 A	0.43389	0.12096	0.44515
1133 A	0.43310	0.12147	0.44544
1134 A	0.43313	0.12115	0.44571
1135 C	0.43506	0.11797	0.44697
1136 A	0.43809	0.11019	0.45172
1137 C	0.44751	0.09038	0.4621
1138 G	0.45247	0.08303	0.46449
1139 G	0.46116	0.07197	0.46686
1140 T	0.46665	0.06757	0.46578
1141 C	0.45609	0.07975	0.46417
1142 T	0.43839	0.11229	0.44932
1143 A	0.40908	0.15056	0.44036
1144 G	0.39711	0.16493	0.43796
1145 A	0.38004	0.19197	0.42799
1146 A	0.36260	0.22097	0.41643
1147 A	0.35782	0.23160	0.41057
1148 T	0.35575	0.23737	0.40689
1149 A	0.35057	0.24115	0.40828
1150 G	0.34787	0.23994	0.41219
1151 A	0.34692	0.23891	0.41417
1152 G	0.34606	0.23730	0.41664
1153 C	0.34346	0.23804	0.4185
1154 C	0.34120	0.23988	0.41892
1155 C	0.33897	0.24202	0.41901
1156 C	0.33586	0.24568	0.41847
1157 A	0.33310	0.24996	0.41694
1158 A	0.33129	0.25303	0.41568
1159 A	0.33045	0.25553	0.41402
1160 A	0.33006	0.25638	0.41356
1161 A	0.33033	0.25611	0.41356
1162 A	0.33196	0.24989	0.41816
1163 A	0.33533	0.23748	0.42719
1164 A	0.34151	0.21445	0.44404
1165 T	0.36102	0.16821	0.47077
1166 T	0.37088	0.13320	0.49593
1167 A	0.37249	0.12072	0.50679
1168 A	0.38006	0.09657	0.52337
1169 C	0.38746	0.06859	0.54394
1170 C	0.39180	0.06071	0.54749
1171 G	0.39364	0.06425	0.54211
1172 T	0.39327	0.07766	0.52908
1173 T	0.38987	0.09351	0.51663
1174 T	0.38117	0.12246	0.49637
1175 A	0.37672	0.13516	0.48812
1176 T	0.37400	0.13596	0.49004
1177 T	0.36831	0.14169	0.49
1178 G	0.36617	0.14269	0.49114
1179 T	0.36618	0.14130	0.49252
1180 G	0.36717	0.13826	0.49456
1181 G	0.36818	0.13599	0.49584
1182 T	0.36976	0.13371	0.49653
1183 A	0.37035	0.13274	0.49691
1184 A	0.37106	0.13149	0.49745
1185 A	0.37214	0.12996	0.4979
1186 T	0.37324	0.12815	0.49862
1187 T	0.37363	0.12717	0.4992
1188 A	0.37371	0.12674	0.49954
1189 A	0.37382	0.12577	0.50042
1190 A	0.37404	0.12312	0.50283
1191 A	0.37449	0.12048	0.50503
1192 A	0.37579	0.11686	0.50734
1193 A	0.38032	0.10914	0.51053
1194 A	0.39134	0.09169	0.51698
1195 T	0.41403	0.06035	0.52562
1196 G	0.42845	0.03724	0.53432
1197 A	0.45267	0.00000	0.54733
