# lcl|CP097583.1_cds_USQ93274.1_1
# AA	inside	membr	outside
1 T	0.53656	0.00000	0.46344
2 T	0.53598	0.00058	0.46344
3 G	0.53573	0.00083	0.46344
4 G	0.53573	0.00596	0.45831
5 A	0.53417	0.01634	0.44949
6 T	0.53417	0.01707	0.44875
7 T	0.53008	0.02141	0.44851
8 T	0.53008	0.02141	0.4485
9 T	0.52857	0.02302	0.44841
10 A	0.52856	0.02827	0.44317
11 T	0.52812	0.02899	0.44289
12 T	0.50935	0.04794	0.44271
13 A	0.45614	0.10318	0.44068
14 A	0.45613	0.10319	0.44068
15 T	0.45613	0.12655	0.41733
16 G	0.45432	0.12835	0.41733
17 A	0.45301	0.12989	0.4171
18 A	0.45297	0.13033	0.4167
19 T	0.45200	0.13155	0.41645
20 T	0.44001	0.15179	0.40819
21 T	0.42235	0.16947	0.40818
22 G	0.42122	0.17302	0.40576
23 A	0.42086	0.17546	0.40368
24 A	0.42127	0.17764	0.40109
25 T	0.42312	0.17789	0.39899
26 T	0.42350	0.18010	0.3964
27 A	0.42671	0.17848	0.39481
28 T	0.43353	0.17257	0.3939
29 T	0.43347	0.17400	0.39253
30 T	0.43305	0.17235	0.39459
31 T	0.43141	0.17400	0.3946
32 T	0.42863	0.17577	0.3956
33 A	0.42163	0.18142	0.39695
34 A	0.41845	0.18356	0.39798
35 G	0.41789	0.16722	0.41489
36 A	0.41796	0.12754	0.45449
37 A	0.41774	0.12654	0.45571
38 T	0.43822	0.10445	0.45733
39 T	0.43625	0.10455	0.45919
40 G	0.43518	0.10517	0.45965
41 A	0.43513	0.10429	0.46058
42 A	0.43518	0.10308	0.46174
43 T	0.44224	0.08461	0.47315
44 G	0.44189	0.07299	0.48512
45 T	0.44438	0.07215	0.48347
46 A	0.44439	0.07352	0.48209
47 A	0.44663	0.07294	0.48043
48 T	0.44981	0.07165	0.47855
49 T	0.45198	0.07053	0.47749
50 A	0.45268	0.07073	0.4766
51 T	0.45559	0.06547	0.47894
52 T	0.45671	0.06192	0.48137
53 C	0.45649	0.05913	0.48438
54 T	0.45758	0.05749	0.48492
55 T	0.45859	0.05564	0.48578
56 T	0.45887	0.05111	0.49002
57 T	0.45783	0.05115	0.49102
58 T	0.45557	0.05325	0.49118
59 T	0.45416	0.05281	0.49302
60 A	0.45197	0.05407	0.49396
61 A	0.45087	0.05403	0.4951
62 C	0.45039	0.05205	0.49755
63 T	0.45024	0.05248	0.49727
64 A	0.44911	0.05546	0.49543
65 T	0.44893	0.05720	0.49386
66 T	0.44424	0.06549	0.49027
67 A	0.42846	0.08991	0.48162
68 A	0.42165	0.10485	0.47351
69 G	0.41107	0.12431	0.46462
70 A	0.40649	0.14863	0.44489
71 A	0.40255	0.16973	0.42772
72 T	0.40019	0.17809	0.42172
73 T	0.39669	0.19000	0.41331
74 A	0.39064	0.20434	0.40501
75 T	0.38960	0.20528	0.40512
76 A	0.38668	0.20778	0.40553
77 T	0.38561	0.20787	0.40652
78 T	0.38156	0.21449	0.40395
79 C	0.37026	0.23460	0.39514
80 A	0.34845	0.27136	0.38019
81 T	0.34041	0.28650	0.3731
82 G	0.32984	0.29835	0.37181
83 A	0.32429	0.30451	0.37121
84 T	0.32213	0.30649	0.37138
85 A	0.31827	0.30874	0.373
86 C	0.31776	0.30671	0.37553
87 A	0.31854	0.30488	0.37659
88 A	0.32020	0.30212	0.37768
89 A	0.32366	0.29453	0.38181
90 A	0.33220	0.27233	0.39547
91 G	0.34141	0.25532	0.40328
92 A	0.35482	0.22727	0.41791
93 A	0.37817	0.19587	0.42596
94 T	0.40047	0.16359	0.43594
95 T	0.40748	0.14917	0.44335
96 T	0.41293	0.13754	0.44953
97 C	0.41494	0.13047	0.45459
98 A	0.41039	0.13748	0.45213
99 A	0.40846	0.14126	0.45028
100 A	0.40921	0.14186	0.44893
101 A	0.41431	0.13575	0.44994
102 T	0.42675	0.11678	0.45648
103 T	0.43837	0.09185	0.46978
104 T	0.43445	0.11526	0.45029
105 T	0.42752	0.13778	0.43469
106 T	0.41775	0.18192	0.40033
107 T	0.40595	0.19972	0.39433
108 G	0.38574	0.21971	0.39455
109 T	0.36115	0.24547	0.39338
110 T	0.33765	0.26963	0.39271
111 C	0.30155	0.30584	0.39261
112 C	0.26324	0.34552	0.39125
113 A	0.22527	0.38753	0.38719
114 A	0.20549	0.40919	0.38532
115 C	0.19822	0.41726	0.38452
116 A	0.19445	0.42409	0.38146
117 A	0.19249	0.43282	0.37469
118 A	0.19228	0.43581	0.3719
119 A	0.19234	0.43889	0.36877
120 A	0.19294	0.43850	0.36855
121 A	0.19575	0.43050	0.37375
122 A	0.19933	0.42375	0.37692
123 A	0.20380	0.41657	0.37962
124 G	0.21073	0.40616	0.3831
125 A	0.22094	0.39332	0.38574
126 A	0.24459	0.36450	0.39091
127 T	0.28022	0.31458	0.4052
128 T	0.30235	0.28201	0.41564
129 T	0.32409	0.24740	0.42851
130 A	0.32689	0.23253	0.44059
131 A	0.32797	0.21149	0.46054
132 T	0.32988	0.17113	0.49898
133 T	0.33016	0.15373	0.5161
134 T	0.32871	0.13354	0.53775
135 A	0.32509	0.13121	0.54371
136 T	0.32590	0.10608	0.56802
137 T	0.31694	0.11339	0.56967
138 A	0.30134	0.14805	0.55062
139 A	0.29956	0.17681	0.52364
140 C	0.30355	0.18543	0.51102
141 A	0.30550	0.23237	0.46213
142 T	0.30881	0.23819	0.45301
143 T	0.30958	0.24303	0.44739
144 A	0.30906	0.24441	0.44653
145 T	0.30860	0.24612	0.44528
146 C	0.30078	0.25467	0.44456
147 T	0.29419	0.26262	0.44319
148 C	0.28514	0.27342	0.44143
149 A	0.27876	0.28310	0.43814
150 A	0.27616	0.28882	0.43502
151 G	0.27438	0.29151	0.43411
152 A	0.27408	0.29235	0.43357
153 A	0.27659	0.29017	0.43324
154 A	0.28075	0.28573	0.43351
155 A	0.28532	0.28004	0.43464
156 T	0.29272	0.26999	0.43728
157 G	0.29857	0.26034	0.44109
158 A	0.31320	0.24058	0.44622
159 A	0.32006	0.22951	0.45043
160 G	0.33467	0.20422	0.46112
161 C	0.36457	0.16038	0.47506
162 T	0.39891	0.12334	0.47775
163 C	0.41287	0.10797	0.47917
164 G	0.45086	0.06973	0.47941
165 T	0.46134	0.05931	0.47935
166 T	0.46528	0.05548	0.47925
167 A	0.46608	0.05399	0.47993
168 T	0.46832	0.05051	0.48117
169 T	0.46983	0.03963	0.49054
170 T	0.47037	0.03345	0.49617
171 T	0.47080	0.02671	0.50249
172 G	0.46989	0.02412	0.506
173 T	0.47079	0.02213	0.50708
174 T	0.46918	0.02356	0.50726
175 G	0.46410	0.02950	0.50641
176 C	0.46270	0.03112	0.50618
177 T	0.46253	0.03212	0.50535
178 T	0.46215	0.03360	0.50425
179 A	0.46142	0.03515	0.50344
180 T	0.46041	0.03689	0.5027
181 T	0.45849	0.04021	0.5013
182 T	0.45645	0.04309	0.50045
183 G	0.44072	0.06224	0.49704
184 A	0.42847	0.07682	0.49471
185 G	0.42398	0.08227	0.49374
186 T	0.42083	0.08625	0.49293
187 A	0.41599	0.09264	0.49136
188 A	0.41448	0.09510	0.49042
189 T	0.41378	0.09655	0.48968
190 G	0.41171	0.09930	0.48899
191 A	0.41125	0.10018	0.48857
192 G	0.41187	0.09912	0.48901
193 A	0.41360	0.09696	0.48944
194 A	0.41564	0.09410	0.49026
195 T	0.41857	0.08855	0.49288
196 T	0.42039	0.08510	0.49451
197 T	0.42184	0.08157	0.4966
198 T	0.42260	0.07652	0.50088
199 T	0.42214	0.07699	0.50086
200 C	0.42089	0.08046	0.49865
201 T	0.41844	0.09403	0.48752
202 A	0.41501	0.10516	0.47983
203 A	0.41384	0.10814	0.47802
204 T	0.41448	0.10761	0.47791
205 A	0.41392	0.10827	0.47781
206 T	0.41696	0.08977	0.49327
207 T	0.41789	0.07677	0.50534
208 A	0.41793	0.07104	0.51103
209 G	0.41830	0.06711	0.5146
210 C	0.41969	0.06191	0.5184
211 A	0.42055	0.06112	0.51833
212 T	0.42167	0.05983	0.51849
213 T	0.42086	0.06021	0.51892
214 A	0.41794	0.06515	0.51691
215 T	0.41561	0.07332	0.51107
216 G	0.40681	0.09875	0.49444
217 A	0.40353	0.13230	0.46418
218 G	0.40137	0.15075	0.44789
219 A	0.40025	0.16320	0.43656
220 A	0.40015	0.17232	0.42753
221 A	0.40123	0.17457	0.4242
222 A	0.40369	0.17231	0.42401
223 A	0.40817	0.16613	0.4257
224 T	0.42089	0.14996	0.42915
225 T	0.42756	0.13941	0.43303
226 T	0.42894	0.13614	0.43492
227 C	0.42813	0.13556	0.43631
228 T	0.42790	0.13505	0.43704
229 G	0.42646	0.13639	0.43715
230 C	0.42573	0.13688	0.43739
231 T	0.42550	0.13742	0.43708
232 T	0.42473	0.13849	0.43678
233 T	0.42261	0.14094	0.43645
234 A	0.41713	0.14712	0.43575
235 A	0.41515	0.14892	0.43593
236 G	0.41540	0.14583	0.43876
237 A	0.41777	0.13991	0.44232
238 A	0.42418	0.13031	0.44552
239 C	0.44439	0.10159	0.45401
240 T	0.48211	0.06134	0.45656
241 T	0.50040	0.04163	0.45798
242 T	0.50858	0.03374	0.45768
243 T	0.51119	0.03194	0.45687
244 T	0.51048	0.03440	0.45512
245 A	0.50914	0.03648	0.45438
246 T	0.50826	0.03755	0.45419
247 A	0.50593	0.04079	0.45327
248 A	0.50546	0.04162	0.45292
249 T	0.50580	0.04035	0.45384
250 T	0.50563	0.03897	0.4554
251 T	0.50449	0.03909	0.45642
252 T	0.50069	0.04154	0.45777
253 T	0.49634	0.04696	0.4567
254 T	0.48895	0.05676	0.45428
255 A	0.48164	0.06957	0.44878
256 A	0.47376	0.08150	0.44473
257 T	0.46867	0.08381	0.44752
258 T	0.45457	0.10070	0.44473
259 G	0.40936	0.15207	0.43857
260 A	0.31541	0.25306	0.43153
261 A	0.24703	0.32760	0.42538
262 A	0.21344	0.36387	0.42269
263 G	0.20422	0.37405	0.42174
264 A	0.20070	0.37834	0.42095
265 T	0.20005	0.37891	0.42104
266 A	0.19766	0.38131	0.42103
267 T	0.19801	0.37985	0.42214
268 A	0.19625	0.38119	0.42256
269 A	0.19494	0.38230	0.42276
270 T	0.19435	0.38089	0.42476
271 T	0.19090	0.38389	0.42521
272 T	0.18133	0.39357	0.4251
273 G	0.16032	0.41384	0.42584
274 A	0.14710	0.42571	0.42719
275 A	0.14270	0.42545	0.43185
276 A	0.14041	0.42252	0.43708
277 C	0.14099	0.41188	0.44714
278 A	0.14657	0.40090	0.45253
279 T	0.15319	0.38404	0.46277
280 A	0.15448	0.37567	0.46985
281 A	0.15845	0.36049	0.48107
282 T	0.16500	0.32461	0.51038
283 A	0.17086	0.22869	0.60045
284 T	0.17667	0.14695	0.67639
285 T	0.17891	0.10945	0.71164
286 T	0.17933	0.10637	0.7143
287 T	0.17774	0.11915	0.70311
288 T	0.17249	0.14189	0.68562
289 A	0.16380	0.17094	0.66526
290 A	0.15887	0.18366	0.65747
291 A	0.15784	0.19530	0.64686
292 T	0.15846	0.20450	0.63705
293 T	0.15842	0.20891	0.63268
294 A	0.15795	0.21203	0.63001
295 A	0.15816	0.21105	0.63079
296 T	0.15786	0.20442	0.63771
297 T	0.15458	0.24507	0.60035
298 A	0.14664	0.30737	0.54599
299 A	0.14064	0.34649	0.51287
300 A	0.13739	0.36160	0.501
301 T	0.13493	0.36987	0.49519
302 T	0.12959	0.39143	0.47898
303 A	0.12476	0.41497	0.46027
304 A	0.12309	0.42917	0.44774
305 A	0.12247	0.45111	0.42642
306 A	0.12292	0.46866	0.40842
307 A	0.12453	0.47307	0.40241
308 A	0.12810	0.47422	0.39768
309 A	0.13675	0.46572	0.39753
310 A	0.15199	0.44778	0.40022
311 A	0.17255	0.42118	0.40626
312 T	0.19806	0.38735	0.41459
313 C	0.20823	0.37259	0.41918
314 C	0.22186	0.35815	0.41999
315 T	0.23302	0.34799	0.41899
316 A	0.23686	0.34632	0.41681
317 G	0.24231	0.34143	0.41626
318 A	0.25168	0.33327	0.41505
319 A	0.26547	0.32058	0.41395
320 A	0.31146	0.27371	0.41482
321 A	0.36760	0.20909	0.42332
322 T	0.40886	0.15990	0.43124
323 T	0.42389	0.14000	0.43611
324 G	0.43006	0.12989	0.44005
325 C	0.44409	0.11085	0.44506
326 C	0.46051	0.09212	0.44737
327 A	0.47044	0.08188	0.44768
328 C	0.49218	0.05984	0.44798
329 T	0.51152	0.04063	0.44786
330 G	0.51686	0.03585	0.4473
331 A	0.52105	0.03303	0.44592
332 T	0.52324	0.03133	0.44543
333 T	0.52187	0.03430	0.44383
334 T	0.51892	0.03821	0.44288
335 T	0.51488	0.04595	0.43917
336 A	0.50943	0.05299	0.43758
337 T	0.50594	0.05625	0.4378
338 C	0.49748	0.06475	0.43776
339 T	0.49400	0.07058	0.43542
340 G	0.48380	0.08076	0.43544
341 A	0.48003	0.08461	0.43536
342 A	0.48021	0.08448	0.4353
343 T	0.48289	0.08170	0.43541
344 C	0.48300	0.08070	0.4363
345 T	0.48296	0.08082	0.43622
346 T	0.48288	0.08107	0.43605
347 T	0.48270	0.08124	0.43606
348 T	0.48235	0.08198	0.43567
349 A	0.48194	0.08277	0.4353
350 T	0.48193	0.08147	0.4366
351 T	0.48087	0.08230	0.43683
352 A	0.47755	0.08627	0.43617
353 A	0.47641	0.08718	0.43641
354 A	0.47693	0.08602	0.43706
355 A	0.47751	0.08490	0.43759
356 A	0.47920	0.08088	0.43992
357 A	0.48158	0.07464	0.44378
358 T	0.48689	0.06213	0.45098
359 T	0.48952	0.05324	0.45723
360 A	0.49009	0.04902	0.46089
361 T	0.49108	0.04149	0.46743
362 T	0.49242	0.04109	0.46649
363 T	0.49159	0.04336	0.46504
364 G	0.49035	0.04319	0.46645
365 A	0.48995	0.04391	0.46613
366 T	0.48990	0.04408	0.46602
367 T	0.48966	0.04453	0.46581
368 C	0.48580	0.04881	0.46539
369 T	0.48353	0.05287	0.46359
370 A	0.47957	0.06267	0.45776
371 T	0.47820	0.06683	0.45496
372 T	0.47597	0.07275	0.45128
373 G	0.47091	0.07881	0.45027
374 A	0.46850	0.08066	0.45084
375 T	0.46593	0.08076	0.45332
376 A	0.46062	0.08498	0.45441
377 C	0.45638	0.08910	0.45452
378 A	0.45093	0.09637	0.4527
379 A	0.44545	0.10439	0.45016
380 C	0.44381	0.10694	0.44925
381 A	0.44272	0.10834	0.44894
382 G	0.44280	0.10852	0.44867
383 A	0.44444	0.10679	0.44876
384 A	0.44688	0.10418	0.44893
385 C	0.45279	0.09766	0.44955
386 T	0.46104	0.08816	0.45081
387 T	0.46274	0.08532	0.45195
388 T	0.46310	0.08450	0.45239
389 T	0.46269	0.08474	0.45257
390 A	0.46207	0.08521	0.45273
391 G	0.46202	0.08013	0.45786
392 G	0.46351	0.07520	0.46129
393 T	0.46903	0.06601	0.46496
394 T	0.47125	0.06450	0.46425
395 A	0.46924	0.06752	0.46324
396 T	0.46695	0.06729	0.46575
397 A	0.46142	0.07204	0.46654
398 G	0.45926	0.07165	0.46909
399 A	0.45900	0.06851	0.47248
400 A	0.45956	0.06450	0.47594
401 A	0.46156	0.05719	0.48124
402 T	0.46487	0.04793	0.48719
403 T	0.46577	0.04531	0.48892
404 A	0.46506	0.04476	0.49018
405 T	0.46434	0.04488	0.49078
406 A	0.46305	0.04629	0.49066
407 T	0.46266	0.04647	0.49088
408 T	0.46201	0.04673	0.49127
409 A	0.46097	0.04745	0.49158
410 T	0.46056	0.04704	0.4924
411 T	0.45899	0.04762	0.49339
412 C	0.45488	0.05101	0.4941
413 T	0.45305	0.05254	0.49441
414 A	0.45125	0.05413	0.49463
415 G	0.45093	0.05410	0.49497
416 A	0.45153	0.05328	0.49519
417 T	0.45506	0.04889	0.49605
418 T	0.45801	0.04051	0.50148
419 T	0.45932	0.03558	0.50511
420 G	0.45892	0.03108	0.51
421 C	0.45893	0.02892	0.51215
422 T	0.45917	0.02862	0.51222
423 T	0.45775	0.03059	0.51166
424 T	0.45504	0.03436	0.5106
425 A	0.45158	0.03851	0.50991
426 T	0.44968	0.04096	0.50936
427 A	0.44474	0.04656	0.5087
428 G	0.44241	0.04901	0.50858
429 T	0.44148	0.04923	0.50929
430 T	0.43964	0.05059	0.50976
431 G	0.43375	0.05628	0.50996
432 T	0.43177	0.05925	0.50897
433 G	0.42979	0.06227	0.50794
434 G	0.42871	0.06309	0.5082
435 T	0.42810	0.06237	0.50953
436 T	0.42577	0.06560	0.50863
437 T	0.42193	0.07038	0.50769
438 G	0.41614	0.07789	0.50598
439 A	0.41278	0.08345	0.50376
440 G	0.41046	0.08705	0.50249
441 A	0.40881	0.09100	0.50019
442 A	0.40670	0.09453	0.49878
443 T	0.40594	0.09575	0.49831
444 A	0.40236	0.10282	0.49482
445 A	0.39955	0.10620	0.49425
446 G	0.39773	0.10699	0.49529
447 T	0.39749	0.10730	0.49521
448 G	0.39564	0.11381	0.49055
449 A	0.39332	0.12862	0.47806
450 A	0.39210	0.14212	0.46578
451 T	0.39102	0.15080	0.45817
452 T	0.38800	0.16038	0.45163
453 A	0.37686	0.18402	0.43913
454 G	0.37187	0.19131	0.43681
455 T	0.37182	0.19518	0.433
456 T	0.37023	0.20002	0.42975
457 A	0.36265	0.21319	0.42415
458 A	0.36044	0.21651	0.42305
459 T	0.36080	0.21384	0.42535
460 T	0.35700	0.21475	0.42825
461 T	0.34906	0.22004	0.4309
462 A	0.32983	0.24058	0.42958
463 A	0.31767	0.25788	0.42445
464 A	0.30780	0.27048	0.42173
465 A	0.29620	0.28602	0.41779
466 A	0.28656	0.29905	0.41439
467 T	0.28465	0.29941	0.41594
468 A	0.27069	0.31534	0.41397
469 A	0.26488	0.32330	0.41181
470 A	0.26620	0.32238	0.41142
471 A	0.27382	0.31391	0.41227
472 A	0.28874	0.29772	0.41354
473 A	0.30937	0.27538	0.41525
474 T	0.32332	0.25907	0.41761
475 A	0.33136	0.24879	0.41985
476 T	0.34467	0.22555	0.42978
477 T	0.34973	0.21592	0.43434
478 T	0.35005	0.21368	0.43626
479 A	0.33846	0.22372	0.43782
480 T	0.33298	0.22030	0.44672
481 T	0.32269	0.22428	0.45303
482 T	0.30639	0.23627	0.45734
483 G	0.27976	0.25855	0.46169
484 A	0.25792	0.27616	0.46592
485 A	0.25388	0.26662	0.4795
486 T	0.25760	0.25056	0.49184
487 A	0.25769	0.23853	0.50378
488 A	0.26351	0.21938	0.51711
489 T	0.26871	0.20146	0.52983
490 G	0.26938	0.19289	0.53773
491 C	0.27229	0.17574	0.55196
492 T	0.27575	0.16655	0.5577
493 C	0.27652	0.16459	0.55889
494 A	0.27733	0.16512	0.55755
495 A	0.27965	0.16377	0.55658
496 A	0.28307	0.16083	0.55611
497 T	0.28738	0.15505	0.55757
498 T	0.28983	0.15280	0.55738
499 T	0.29029	0.15179	0.55792
500 T	0.28866	0.15540	0.55594
501 A	0.28516	0.16372	0.55111
502 A	0.28261	0.16158	0.55581
503 T	0.28203	0.15366	0.56432
504 T	0.27817	0.16053	0.56129
505 T	0.26684	0.19190	0.54125
506 A	0.23689	0.25839	0.50471
507 T	0.21523	0.28946	0.49531
508 G	0.17974	0.34615	0.4741
509 G	0.16492	0.38668	0.4484
510 T	0.15589	0.41649	0.42761
511 A	0.14139	0.44733	0.41129
512 A	0.12933	0.46876	0.40191
513 A	0.12530	0.47920	0.39549
514 G	0.12413	0.48538	0.39049
515 G	0.12344	0.49303	0.38352
516 A	0.12341	0.50686	0.36974
517 A	0.12423	0.51083	0.36494
518 A	0.12498	0.51247	0.36255
519 A	0.12557	0.51348	0.36094
520 A	0.12648	0.51381	0.35971
521 A	0.12817	0.51168	0.36015
522 A	0.13225	0.50626	0.36149
523 G	0.13907	0.49650	0.36443
524 A	0.15111	0.48206	0.36683
525 A	0.16741	0.46213	0.37046
526 A	0.18279	0.44451	0.37269
527 G	0.20332	0.41804	0.37864
528 A	0.24557	0.36328	0.39114
529 T	0.31359	0.26268	0.42373
530 T	0.34769	0.20447	0.44784
531 T	0.37054	0.14896	0.4805
532 T	0.38817	0.12042	0.49141
533 T	0.39709	0.10420	0.49872
534 A	0.39976	0.09226	0.50798
535 C	0.40394	0.07758	0.51849
536 C	0.41017	0.06913	0.5207
537 T	0.41647	0.06292	0.52061
538 C	0.42274	0.05720	0.52007
539 T	0.43185	0.04990	0.51824
540 T	0.41958	0.06606	0.51436
541 C	0.39867	0.09016	0.51116
542 A	0.38198	0.11919	0.49883
543 T	0.36910	0.16758	0.46332
544 A	0.33203	0.23866	0.42931
545 A	0.30556	0.29642	0.39802
546 A	0.29719	0.31453	0.38828
547 A	0.28937	0.32850	0.38214
548 A	0.28409	0.33691	0.379
549 T	0.28408	0.33787	0.37805
550 T	0.28046	0.34328	0.37626
551 T	0.27777	0.34932	0.37292
552 A	0.27446	0.35274	0.37279
553 G	0.27377	0.35262	0.37362
554 T	0.27336	0.35213	0.37451
555 T	0.27172	0.35298	0.3753
556 C	0.26858	0.35526	0.37616
557 A	0.26588	0.35833	0.37579
558 A	0.26362	0.36051	0.37587
559 A	0.26196	0.36187	0.37617
560 T	0.26243	0.36041	0.37716
561 G	0.25807	0.36353	0.3784
562 A	0.25861	0.35651	0.38487
563 T	0.26289	0.33386	0.40325
564 A	0.26250	0.31583	0.42167
565 A	0.27085	0.29289	0.43626
566 A	0.30528	0.24650	0.44823
567 A	0.33691	0.18498	0.47811
568 T	0.36657	0.13481	0.49863
569 A	0.37198	0.12050	0.50752
570 T	0.37660	0.10529	0.5181
571 T	0.37349	0.10364	0.52288
572 A	0.34554	0.13076	0.5237
573 C	0.33184	0.14023	0.52793
574 T	0.32677	0.14309	0.53014
575 T	0.31751	0.15030	0.53219
576 G	0.30233	0.16520	0.53246
577 T	0.29275	0.17486	0.53238
578 C	0.27131	0.19618	0.53252
579 T	0.25745	0.21151	0.53104
580 A	0.23351	0.24019	0.52631
581 A	0.22849	0.24832	0.52319
582 T	0.22652	0.25303	0.52045
583 G	0.21973	0.26222	0.51806
584 T	0.21491	0.26733	0.51776
585 T	0.20219	0.28423	0.51357
586 A	0.16994	0.32920	0.50086
587 G	0.15676	0.34859	0.49465
588 A	0.15239	0.36207	0.48554
589 A	0.15184	0.37188	0.47627
590 A	0.15658	0.36863	0.4748
591 T	0.16381	0.36047	0.47573
592 A	0.16421	0.35970	0.47609
593 A	0.16538	0.35753	0.47709
594 A	0.16869	0.34663	0.48468
595 T	0.17390	0.31072	0.51538
596 T	0.17671	0.28843	0.53487
597 T	0.17851	0.27677	0.54472
598 T	0.17909	0.26789	0.55301
599 T	0.17854	0.26087	0.56058
600 A	0.17456	0.26176	0.56368
601 G	0.17163	0.25139	0.57698
602 A	0.17298	0.24497	0.58205
603 T	0.17821	0.22230	0.59949
604 G	0.17930	0.22805	0.59265
605 A	0.17985	0.25017	0.56997
606 A	0.17490	0.28010	0.545
607 A	0.17372	0.30672	0.51957
608 A	0.16108	0.34244	0.49648
609 A	0.15401	0.37517	0.47083
610 A	0.14284	0.43014	0.42702
611 A	0.14089	0.45552	0.40359
612 T	0.14600	0.50455	0.34945
613 A	0.12961	0.54714	0.32325
614 A	0.11885	0.56630	0.31484
615 A	0.10934	0.57935	0.31131
616 T	0.10564	0.58486	0.30949
617 C	0.09724	0.59482	0.30794
618 G	0.09187	0.60104	0.30709
619 A	0.09123	0.60173	0.30704
620 A	0.09136	0.60156	0.30708
621 T	0.09458	0.59801	0.3074
622 C	0.09499	0.59721	0.3078
623 C	0.09561	0.59513	0.30925
624 A	0.09565	0.59499	0.30936
625 C	0.09758	0.59279	0.30963
626 A	0.09787	0.59330	0.30884
627 A	0.10247	0.58925	0.30828
628 A	0.12170	0.56924	0.30906
629 A	0.15236	0.53210	0.31554
630 A	0.18463	0.49378	0.32159
631 A	0.22373	0.42999	0.34628
632 A	0.28174	0.34478	0.37347
633 T	0.34091	0.25634	0.40276
634 G	0.36523	0.21540	0.41937
635 A	0.42123	0.15241	0.42636
636 T	0.45742	0.09793	0.44465
637 T	0.46843	0.07709	0.45448
638 T	0.47158	0.06475	0.46368
639 T	0.47196	0.06204	0.466
640 T	0.47092	0.07118	0.45791
641 T	0.46625	0.09405	0.43969
642 A	0.46229	0.11997	0.41775
643 T	0.46103	0.13721	0.40176
644 T	0.45804	0.14950	0.39246
645 A	0.45405	0.16768	0.37827
646 A	0.45209	0.17505	0.37286
647 T	0.45008	0.17884	0.37108
648 A	0.43277	0.19901	0.36822
649 A	0.42490	0.20768	0.36742
650 A	0.42353	0.20849	0.36797
651 T	0.42195	0.21075	0.3673
652 T	0.41744	0.22055	0.36201
653 A	0.41009	0.23119	0.35871
654 T	0.40536	0.23778	0.35687
655 A	0.36392	0.28382	0.35226
656 A	0.34333	0.30795	0.34872
657 A	0.33303	0.32141	0.34556
658 G	0.32979	0.32928	0.34093
659 G	0.32643	0.34305	0.33052
660 T	0.33040	0.34301	0.32659
661 A	0.32928	0.34427	0.32645
662 A	0.33335	0.33846	0.32819
663 A	0.34950	0.31954	0.33096
664 C	0.37424	0.28812	0.33764
665 C	0.39696	0.26332	0.33972
666 T	0.41737	0.24513	0.33751
667 T	0.42438	0.24183	0.33379
668 T	0.42777	0.23851	0.33371
669 A	0.41141	0.25545	0.33314
670 A	0.39740	0.26800	0.33459
671 G	0.39317	0.25327	0.35357
672 C	0.39245	0.24467	0.36288
673 A	0.39333	0.24228	0.36439
674 G	0.39513	0.23893	0.36593
675 T	0.40019	0.23180	0.36801
676 A	0.39680	0.23377	0.36943
677 A	0.39595	0.23204	0.372
678 A	0.39813	0.19070	0.41117
679 G	0.40124	0.16614	0.43262
680 G	0.40503	0.15395	0.44102
681 A	0.41121	0.14422	0.44457
682 G	0.42200	0.12706	0.45094
683 T	0.42773	0.11933	0.45294
684 T	0.42909	0.11560	0.45531
685 A	0.42951	0.11990	0.45059
686 G	0.43046	0.11967	0.44987
687 A	0.43185	0.12477	0.44338
688 T	0.43383	0.12042	0.44574
689 T	0.43670	0.11381	0.44949
690 T	0.44020	0.10847	0.45133
691 A	0.44079	0.10558	0.45363
692 T	0.44157	0.09440	0.46403
693 T	0.44164	0.08885	0.46952
694 T	0.44154	0.09166	0.46681
695 T	0.44044	0.09604	0.46352
696 A	0.43834	0.10766	0.45401
697 A	0.43703	0.12262	0.44035
698 A	0.43655	0.13211	0.43134
699 T	0.43755	0.13344	0.42902
700 A	0.43508	0.14749	0.41744
701 A	0.43287	0.16963	0.3975
702 A	0.43094	0.19506	0.374
703 T	0.43415	0.20981	0.35604
704 T	0.43244	0.21779	0.34977
705 A	0.42710	0.22500	0.3479
706 A	0.42625	0.22694	0.34681
707 G	0.42775	0.22568	0.34658
708 C	0.43405	0.21912	0.34683
709 C	0.43791	0.21536	0.34673
710 T	0.44675	0.20696	0.34629
711 T	0.44898	0.20517	0.34585
712 C	0.44962	0.20460	0.34578
713 G	0.45054	0.20396	0.34551
714 A	0.45196	0.20265	0.34538
715 A	0.45596	0.19850	0.34553
716 C	0.46298	0.19102	0.346
717 T	0.47163	0.18239	0.34598
718 G	0.47510	0.17782	0.34708
719 G	0.48216	0.16902	0.34881
720 A	0.49352	0.15688	0.3496
721 G	0.50400	0.14609	0.34991
722 A	0.51337	0.13653	0.35009
723 A	0.52745	0.12050	0.35205
724 A	0.54781	0.09711	0.35507
725 A	0.57137	0.06932	0.35931
726 A	0.59017	0.04809	0.36174
727 G	0.60028	0.03333	0.36638
728 T	0.60666	0.02081	0.37253
729 T	0.60950	0.01526	0.37523
730 T	0.61035	0.01347	0.37618
731 C	0.60979	0.01460	0.37561
732 G	0.60980	0.01888	0.37132
733 T	0.61015	0.02486	0.36499
734 T	0.61023	0.02969	0.36008
735 A	0.60982	0.03149	0.35869
736 T	0.60989	0.03164	0.35847
737 A	0.60943	0.03246	0.35811
738 T	0.60941	0.03214	0.35845
739 C	0.60921	0.03210	0.35869
740 C	0.60947	0.03180	0.35873
741 T	0.60964	0.03174	0.35862
742 C	0.60980	0.03160	0.3586
743 A	0.61007	0.03138	0.35855
744 C	0.61077	0.03072	0.35851
745 G	0.61178	0.02988	0.35834
746 C	0.61315	0.02863	0.35822
747 T	0.61452	0.02788	0.35759
748 T	0.61478	0.02812	0.35711
749 T	0.61454	0.02864	0.35682
750 A	0.61141	0.03181	0.35678
751 A	0.60975	0.03347	0.35677
752 G	0.60930	0.03356	0.35714
753 A	0.60948	0.03312	0.3574
754 C	0.61114	0.03041	0.35845
755 A	0.61546	0.02578	0.35875
756 T	0.62148	0.01954	0.35897
757 G	0.62458	0.01620	0.35921
758 C	0.62556	0.01481	0.35962
759 G	0.62560	0.01469	0.35971
760 T	0.62595	0.01374	0.36031
761 T	0.62582	0.01365	0.36052
762 C	0.62539	0.01377	0.36084
763 G	0.62501	0.01403	0.36096
764 C	0.62498	0.01376	0.36126
765 T	0.62490	0.01381	0.36129
766 A	0.62453	0.01434	0.36113
767 C	0.62436	0.01460	0.36105
768 T	0.62441	0.01526	0.36032
769 A	0.62399	0.01745	0.35856
770 T	0.62407	0.01762	0.35831
771 T	0.62181	0.02002	0.35816
772 T	0.61898	0.02293	0.35809
773 T	0.60950	0.02990	0.36061
774 A	0.57369	0.06520	0.36111
775 G	0.55477	0.08480	0.36043
776 T	0.54307	0.09918	0.35775
777 A	0.52154	0.12766	0.3508
778 A	0.50645	0.14608	0.34747
779 A	0.50051	0.15212	0.34737
780 T	0.49660	0.15577	0.34764
781 A	0.49054	0.16169	0.34777
782 A	0.48769	0.16421	0.34809
783 C	0.48665	0.16485	0.34851
784 G	0.48593	0.16538	0.34869
785 G	0.48533	0.16566	0.34902
786 A	0.48476	0.16602	0.34922
787 G	0.48430	0.16645	0.34925
788 C	0.48285	0.16808	0.34908
789 A	0.48194	0.16922	0.34884
790 G	0.48187	0.16908	0.34906
791 A	0.48269	0.16820	0.34911
792 T	0.48474	0.16543	0.34983
793 T	0.48521	0.16419	0.3506
794 T	0.48511	0.15850	0.3564
795 A	0.48443	0.15427	0.3613
796 A	0.48444	0.14240	0.37316
797 G	0.48375	0.10915	0.4071
798 A	0.48461	0.09469	0.42069
799 G	0.48717	0.08447	0.42835
800 T	0.49405	0.06695	0.439
801 T	0.49662	0.05330	0.45008
802 G	0.49636	0.05143	0.45221
803 T	0.49603	0.05080	0.45317
804 T	0.49465	0.05110	0.45426
805 C	0.49242	0.05932	0.44825
806 A	0.49096	0.07868	0.43035
807 A	0.49005	0.08540	0.42455
808 G	0.48977	0.08911	0.42111
809 A	0.48970	0.09307	0.41722
810 A	0.48977	0.09309	0.41714
811 T	0.49024	0.09103	0.41874
812 T	0.49050	0.09000	0.4195
813 G	0.48964	0.09229	0.41807
814 C	0.48968	0.09484	0.41548
815 T	0.48963	0.10464	0.40573
816 A	0.48870	0.10916	0.40214
817 G	0.48856	0.11145	0.39999
818 G	0.48931	0.11379	0.3969
819 A	0.49027	0.11753	0.3922
820 C	0.49259	0.11402	0.3934
821 A	0.49564	0.11323	0.39113
822 T	0.50217	0.10893	0.3889
823 G	0.50689	0.10688	0.38623
824 C	0.50739	0.10840	0.38421
825 T	0.50967	0.11409	0.37623
826 A	0.50860	0.12635	0.36505
827 A	0.50904	0.13009	0.36087
828 T	0.51736	0.12477	0.35787
829 T	0.52449	0.12762	0.34789
830 T	0.51781	0.14384	0.33835
831 A	0.49681	0.17747	0.32572
832 A	0.48318	0.19392	0.3229
833 A	0.47427	0.20387	0.32186
834 A	0.42660	0.25239	0.32101
835 A	0.39599	0.28269	0.32132
836 C	0.38383	0.29382	0.32235
837 A	0.37704	0.30038	0.32258
838 A	0.38230	0.29481	0.32289
839 C	0.38453	0.29184	0.32363
840 C	0.38614	0.29004	0.32382
841 C	0.38890	0.28732	0.32377
842 A	0.39302	0.28344	0.32354
843 A	0.39382	0.28296	0.32322
844 A	0.39758	0.27941	0.32301
845 T	0.40445	0.27241	0.32314
846 T	0.40929	0.26593	0.32479
847 T	0.41170	0.25890	0.32941
848 A	0.41544	0.25185	0.33271
849 T	0.42514	0.23409	0.34077
850 A	0.42848	0.22379	0.34773
851 C	0.43460	0.20590	0.3595
852 T	0.44608	0.18862	0.36529
853 T	0.45482	0.17318	0.37201
854 A	0.46075	0.15792	0.38134
855 T	0.46190	0.14885	0.38925
856 A	0.45921	0.14665	0.39414
857 T	0.45873	0.09554	0.44572
858 T	0.45569	0.06631	0.478
859 T	0.44905	0.05799	0.49296
860 C	0.43761	0.06434	0.49805
861 T	0.42930	0.07713	0.49357
862 G	0.42034	0.08965	0.49
863 A	0.41745	0.09623	0.48632
864 T	0.41655	0.09755	0.4859
865 A	0.41504	0.09985	0.48512
866 T	0.41491	0.09872	0.48637
867 T	0.41468	0.09834	0.48698
868 T	0.41409	0.09975	0.48617
869 G	0.41226	0.10507	0.48267
870 T	0.41081	0.11355	0.47564
871 T	0.40424	0.15849	0.43727
872 T	0.39118	0.20652	0.4023
873 A	0.37202	0.25615	0.37183
874 A	0.35324	0.29635	0.35041
875 A	0.34683	0.30875	0.34442
876 A	0.34473	0.31719	0.33808
877 A	0.34584	0.31758	0.33657
878 A	0.34767	0.31526	0.33707
879 T	0.34860	0.31150	0.3399
880 A	0.34781	0.31796	0.33423
881 A	0.34846	0.32190	0.32964
882 A	0.34865	0.32157	0.32978
883 T	0.35450	0.31113	0.33438
884 T	0.35560	0.30955	0.33486
885 T	0.34982	0.31358	0.3366
886 T	0.33750	0.33349	0.32901
887 T	0.31058	0.36685	0.32256
888 A	0.26647	0.41776	0.31577
889 G	0.22840	0.45914	0.31246
890 A	0.21637	0.47317	0.31046
891 A	0.21254	0.47628	0.31118
892 A	0.21449	0.47209	0.31342
893 A	0.22507	0.45774	0.31719
894 T	0.26435	0.40797	0.32767
895 C	0.29696	0.36116	0.34187
896 A	0.32423	0.32275	0.35301
897 T	0.34366	0.29036	0.36598
898 C	0.34741	0.28220	0.37039
899 C	0.35158	0.27677	0.37166
900 T	0.35343	0.27488	0.37169
901 A	0.35302	0.27489	0.37209
902 G	0.35390	0.27353	0.37257
903 G	0.36313	0.26393	0.37295
904 A	0.37493	0.25143	0.37364
905 A	0.38601	0.23029	0.3837
906 T	0.40125	0.19992	0.39883
907 T	0.41171	0.17248	0.41581
908 T	0.41377	0.15084	0.43539
909 T	0.41300	0.14196	0.44505
910 G	0.40799	0.13595	0.45606
911 A	0.40442	0.13424	0.46133
912 T	0.39738	0.12976	0.47286
913 A	0.36513	0.18328	0.45159
914 A	0.32166	0.26271	0.41563
915 A	0.17976	0.45877	0.36147
916 A	0.11264	0.57973	0.30764
917 A	0.07179	0.66928	0.25893
918 A	0.04798	0.71305	0.23897
919 A	0.03043	0.75318	0.21639
920 T	0.02904	0.75934	0.21162
921 A	0.02642	0.76666	0.20691
922 A	0.02464	0.77124	0.20412
923 A	0.02447	0.77150	0.20403
924 T	0.02469	0.77042	0.20489
925 A	0.02481	0.76977	0.20541
926 A	0.02522	0.76891	0.20587
927 A	0.02597	0.76776	0.20627
928 A	0.02675	0.76648	0.20677
929 A	0.02759	0.76457	0.20784
930 A	0.02907	0.76096	0.20997
931 A	0.03295	0.75313	0.21392
932 C	0.04086	0.73670	0.22245
933 A	0.05089	0.72193	0.22718
934 A	0.06861	0.69755	0.23384
935 A	0.08632	0.67081	0.24287
936 A	0.11644	0.61418	0.26938
937 A	0.15750	0.53869	0.30381
938 G	0.21624	0.32467	0.45908
939 G	0.27603	0.19115	0.53282
940 T	0.33318	0.09109	0.57572
941 A	0.35499	0.04667	0.59834
942 A	0.38098	0.00000	0.61901
