# lcl|CP097583.1_cds_USQ93478.1_1
# AA	inside	membr	outside
1 A	0.18872	0.00000	0.81127
2 T	0.18864	0.00009	0.81127
3 G	0.18856	0.00017	0.81127
4 A	0.18856	0.00454	0.80689
5 T	0.18829	0.00702	0.80469
6 T	0.18829	0.00740	0.8043
7 A	0.18380	0.01211	0.80409
8 T	0.18380	0.01212	0.80408
9 T	0.18313	0.01283	0.80404
10 T	0.18312	0.01393	0.80294
11 T	0.18240	0.01472	0.80288
12 A	0.16300	0.03416	0.80284
13 T	0.14498	0.05237	0.80264
14 C	0.14497	0.05238	0.80264
15 A	0.14497	0.05781	0.79721
16 A	0.14431	0.05847	0.79721
17 T	0.14332	0.05954	0.79714
18 T	0.14321	0.05991	0.79688
19 G	0.13942	0.06377	0.7968
20 A	0.13436	0.07011	0.79554
21 A	0.11407	0.09039	0.79553
22 A	0.11350	0.09099	0.7955
23 C	0.11353	0.09093	0.79554
24 T	0.11427	0.09025	0.79547
25 A	0.11416	0.09036	0.79547
26 G	0.11413	0.09035	0.79552
27 T	0.11728	0.08710	0.79562
28 T	0.11845	0.08583	0.79571
29 G	0.11829	0.08560	0.79612
30 T	0.11744	0.08193	0.80063
31 G	0.11477	0.08338	0.80184
32 A	0.11227	0.08307	0.80466
33 T	0.11018	0.08287	0.80695
34 G	0.10413	0.08708	0.80879
35 A	0.09871	0.07910	0.82219
36 A	0.09514	0.06925	0.83561
37 A	0.09046	0.07292	0.83662
38 C	0.09214	0.06978	0.83808
39 A	0.08999	0.07095	0.83906
40 A	0.08943	0.06960	0.84096
41 G	0.08951	0.06770	0.84279
42 C	0.08929	0.06478	0.84593
43 A	0.09002	0.06199	0.84799
44 T	0.08938	0.04500	0.86563
45 T	0.08881	0.04500	0.86619
46 G	0.08723	0.04669	0.86608
47 C	0.08655	0.04801	0.86544
48 A	0.08581	0.05158	0.86261
49 G	0.08518	0.05568	0.85914
50 T	0.08488	0.05869	0.85642
51 T	0.08456	0.05974	0.85569
52 G	0.08343	0.06159	0.85498
53 T	0.08232	0.06463	0.85305
54 A	0.08002	0.06547	0.85451
55 A	0.07938	0.06381	0.85681
56 A	0.07924	0.06113	0.85963
57 A	0.07905	0.05636	0.86459
58 G	0.07890	0.05392	0.86719
59 A	0.07892	0.05071	0.87037
60 T	0.07879	0.04675	0.87446
61 G	0.07834	0.04596	0.8757
62 G	0.07822	0.04554	0.87625
63 G	0.07798	0.04947	0.87255
64 A	0.07789	0.05149	0.87062
65 A	0.07796	0.05171	0.87033
66 A	0.07814	0.05161	0.87025
67 G	0.07875	0.05030	0.87095
68 A	0.07978	0.04873	0.87149
69 T	0.08116	0.04586	0.87298
70 A	0.08233	0.04395	0.87373
71 T	0.08596	0.03928	0.87477
72 T	0.09109	0.03326	0.87565
73 T	0.09487	0.02870	0.87643
74 T	0.09583	0.02703	0.87714
75 A	0.09628	0.02552	0.8782
76 T	0.09791	0.02268	0.87941
77 C	0.09817	0.02057	0.88126
78 T	0.09809	0.02039	0.88152
79 A	0.09729	0.02118	0.88153
80 A	0.09758	0.02081	0.88161
81 T	0.10082	0.01742	0.88176
82 G	0.10063	0.01758	0.88179
83 T	0.10122	0.01673	0.88205
84 G	0.10185	0.01573	0.88243
85 A	0.10281	0.01473	0.88245
86 T	0.10732	0.01002	0.88266
87 T	0.10944	0.00784	0.88273
88 T	0.10992	0.00733	0.88275
89 T	0.10979	0.00746	0.88275
90 T	0.10877	0.00848	0.88274
91 T	0.10599	0.01129	0.88272
92 C	0.07827	0.03904	0.88269
93 G	0.05356	0.06381	0.88262
94 C	0.04523	0.07219	0.88258
95 A	0.03416	0.08338	0.88245
96 A	0.02748	0.09014	0.88237
97 A	0.02396	0.09372	0.88232
98 T	0.02296	0.09469	0.88235
99 A	0.02214	0.09555	0.8823
100 A	0.02180	0.09563	0.88257
101 A	0.02181	0.09513	0.88306
102 A	0.02192	0.09397	0.88411
103 T	0.02203	0.09289	0.88507
104 A	0.02203	0.09230	0.88567
105 T	0.02210	0.09119	0.88671
106 C	0.02184	0.09102	0.88713
107 A	0.02161	0.09114	0.88725
108 T	0.02170	0.09096	0.88734
109 C	0.02165	0.09093	0.88742
110 A	0.02159	0.09098	0.88742
111 A	0.02159	0.09096	0.88745
112 A	0.02163	0.09014	0.88823
113 A	0.02163	0.08848	0.88988
114 A	0.02163	0.08572	0.89265
115 T	0.02170	0.05415	0.92415
116 T	0.02169	0.02948	0.94883
117 T	0.02154	0.02054	0.95792
118 G	0.02139	0.01146	0.96715
119 G	0.02134	0.00623	0.97243
120 C	0.02132	0.00365	0.97503
121 G	0.02133	0.00327	0.97539
122 G	0.02140	0.00296	0.97564
123 C	0.02151	0.00273	0.97576
124 G	0.02157	0.00287	0.97557
125 T	0.02159	0.00299	0.97543
126 A	0.02158	0.00297	0.97545
127 G	0.02159	0.00287	0.97554
128 T	0.02156	0.00285	0.9756
129 T	0.02152	0.00249	0.97599
130 C	0.02139	0.00233	0.97629
131 C	0.02125	0.00247	0.97628
132 A	0.02117	0.00279	0.97604
133 G	0.02114	0.00290	0.97596
134 A	0.02099	0.00341	0.9756
135 A	0.02091	0.00369	0.9754
136 T	0.02090	0.00371	0.9754
137 T	0.02074	0.00380	0.97546
138 A	0.02028	0.00431	0.97541
139 G	0.02007	0.00436	0.97557
140 C	0.02000	0.00422	0.97577
141 T	0.01995	0.00417	0.97588
142 T	0.01976	0.00432	0.97592
143 C	0.01951	0.00455	0.97594
144 T	0.01916	0.00492	0.97592
145 C	0.01875	0.00537	0.97589
146 G	0.01840	0.00577	0.97583
147 T	0.01839	0.00578	0.97582
148 A	0.01828	0.00591	0.97581
149 A	0.01823	0.00596	0.97582
150 A	0.01807	0.00610	0.97583
151 C	0.01802	0.00603	0.97595
152 A	0.01803	0.00597	0.976
153 T	0.01813	0.00575	0.97613
154 G	0.01814	0.00564	0.97623
155 T	0.01832	0.00539	0.97629
156 A	0.01831	0.00538	0.97631
157 G	0.01858	0.00490	0.97652
158 A	0.01873	0.00462	0.97665
159 A	0.01878	0.00450	0.97672
160 A	0.01888	0.00424	0.97688
161 T	0.01906	0.00364	0.97731
162 T	0.01906	0.00349	0.97744
163 A	0.01905	0.00336	0.97759
164 T	0.01907	0.00310	0.97783
165 T	0.01907	0.00277	0.97816
166 A	0.01906	0.00245	0.97849
167 C	0.01907	0.00199	0.97894
168 T	0.01906	0.00175	0.97919
169 T	0.01902	0.00159	0.97939
170 T	0.01889	0.00169	0.97941
171 G	0.01861	0.00198	0.97941
172 G	0.01844	0.00225	0.97931
173 T	0.01829	0.00242	0.9793
174 T	0.01800	0.00286	0.97914
175 T	0.01780	0.00307	0.97914
176 T	0.01750	0.00338	0.97912
177 A	0.01703	0.00384	0.97914
178 G	0.01680	0.00406	0.97914
179 C	0.01669	0.00416	0.97915
180 A	0.01639	0.00464	0.97896
181 G	0.01627	0.00478	0.97895
182 A	0.01583	0.00523	0.97893
183 A	0.01542	0.00566	0.97892
184 G	0.01520	0.00589	0.97891
185 C	0.01514	0.00592	0.97894
186 T	0.01511	0.00598	0.9789
187 T	0.01504	0.00611	0.97885
188 T	0.01490	0.00629	0.97881
189 A	0.01462	0.00661	0.97877
190 A	0.01448	0.00682	0.9787
191 G	0.01433	0.00697	0.9787
192 A	0.01398	0.00741	0.9786
193 A	0.01372	0.00756	0.97872
194 A	0.01292	0.00810	0.97898
195 A	0.01198	0.00875	0.97927
196 G	0.01144	0.00890	0.97966
197 C	0.01117	0.00862	0.98021
198 T	0.01096	0.00867	0.98037
199 C	0.01051	0.00901	0.98049
200 A	0.01004	0.00946	0.9805
201 A	0.00976	0.00971	0.98052
202 A	0.00956	0.00988	0.98055
203 T	0.00960	0.00959	0.98082
204 A	0.00947	0.00960	0.98093
205 A	0.00942	0.00909	0.98148
206 A	0.00941	0.00856	0.98203
207 T	0.00942	0.00808	0.98249
208 C	0.00941	0.00776	0.98283
209 C	0.00944	0.00762	0.98294
210 T	0.00949	0.00753	0.98298
211 C	0.00950	0.00748	0.98303
212 G	0.00951	0.00744	0.98305
213 A	0.00951	0.00743	0.98306
214 G	0.00958	0.00728	0.98314
215 A	0.00974	0.00683	0.98342
216 A	0.00979	0.00651	0.98369
217 A	0.00984	0.00532	0.98484
218 T	0.00988	0.00397	0.98615
219 T	0.00989	0.00310	0.98701
220 G	0.00990	0.00252	0.98758
221 A	0.00991	0.00223	0.98785
222 T	0.00995	0.00172	0.98832
223 T	0.00998	0.00128	0.98874
224 T	0.00999	0.00099	0.98902
225 G	0.00999	0.00080	0.98921
226 G	0.00998	0.00070	0.98932
227 T	0.00997	0.00063	0.98941
228 A	0.00987	0.00068	0.98945
229 G	0.00983	0.00067	0.98949
230 C	0.00980	0.00068	0.98952
231 T	0.00975	0.00076	0.98948
232 G	0.00966	0.00084	0.98949
233 T	0.00961	0.00090	0.98949
234 A	0.00953	0.00097	0.9895
235 A	0.00950	0.00100	0.9895
236 C	0.00947	0.00096	0.98957
237 T	0.00945	0.00098	0.98958
238 C	0.00942	0.00100	0.98957
239 A	0.00941	0.00102	0.98957
240 A	0.00940	0.00103	0.98958
241 G	0.00940	0.00103	0.98958
242 G	0.00941	0.00101	0.98958
243 C	0.00943	0.00098	0.98959
244 C	0.00947	0.00093	0.9896
245 C	0.00951	0.00089	0.9896
246 T	0.00955	0.00085	0.9896
247 G	0.00956	0.00083	0.98961
248 G	0.00958	0.00081	0.98961
249 T	0.00960	0.00079	0.98961
250 T	0.00962	0.00075	0.98963
251 T	0.00962	0.00065	0.98974
252 A	0.00962	0.00061	0.98978
253 A	0.00962	0.00056	0.98981
254 T	0.00966	0.00046	0.98989
255 A	0.00966	0.00038	0.98997
256 G	0.00967	0.00030	0.99004
257 G	0.00968	0.00022	0.99011
258 T	0.00969	0.00016	0.99014
259 T	0.00969	0.00013	0.99018
260 C	0.00970	0.00010	0.9902
261 T	0.00970	0.00009	0.99021
262 T	0.00970	0.00009	0.99021
263 T	0.00970	0.00009	0.99021
264 A	0.00970	0.00010	0.9902
265 T	0.00970	0.00011	0.9902
266 T	0.00969	0.00011	0.9902
267 T	0.00968	0.00013	0.9902
268 G	0.00966	0.00015	0.99019
269 C	0.00965	0.00016	0.99019
270 T	0.00965	0.00018	0.99017
271 G	0.00963	0.00022	0.99015
272 G	0.00962	0.00024	0.99014
273 T	0.00961	0.00027	0.99012
274 A	0.00960	0.00030	0.9901
275 T	0.00960	0.00031	0.99009
276 T	0.00959	0.00032	0.9901
277 A	0.00958	0.00033	0.9901
278 A	0.00958	0.00032	0.9901
279 T	0.00957	0.00033	0.9901
280 G	0.00955	0.00034	0.9901
281 C	0.00955	0.00035	0.9901
282 T	0.00954	0.00035	0.9901
283 G	0.00946	0.00044	0.9901
284 C	0.00942	0.00047	0.9901
285 A	0.00939	0.00050	0.9901
286 A	0.00938	0.00052	0.9901
287 A	0.00938	0.00051	0.99011
288 C	0.00938	0.00050	0.99011
289 A	0.00938	0.00050	0.99011
290 C	0.00940	0.00046	0.99014
291 T	0.00942	0.00043	0.99015
292 T	0.00943	0.00042	0.99016
293 T	0.00944	0.00040	0.99016
294 T	0.00945	0.00038	0.99017
295 G	0.00944	0.00037	0.99018
296 C	0.00945	0.00035	0.9902
297 T	0.00941	0.00038	0.99021
298 T	0.00934	0.00045	0.99021
299 A	0.00921	0.00057	0.99022
300 C	0.00915	0.00062	0.99022
301 A	0.00911	0.00068	0.99021
302 T	0.00909	0.00069	0.99022
303 T	0.00906	0.00072	0.99022
304 T	0.00902	0.00076	0.99022
305 A	0.00897	0.00081	0.99022
306 T	0.00892	0.00078	0.99029
307 G	0.00878	0.00091	0.99031
308 A	0.00870	0.00097	0.99033
309 T	0.00868	0.00098	0.99035
310 A	0.00864	0.00101	0.99036
311 A	0.00862	0.00102	0.99036
312 A	0.00862	0.00102	0.99037
313 C	0.00862	0.00101	0.99037
314 C	0.00861	0.00101	0.99038
315 T	0.00861	0.00101	0.99037
316 T	0.00860	0.00102	0.99037
317 T	0.00859	0.00104	0.99037
318 A	0.00856	0.00108	0.99037
319 A	0.00853	0.00110	0.99037
320 T	0.00853	0.00103	0.99044
321 A	0.00852	0.00098	0.9905
322 G	0.00852	0.00087	0.99061
323 G	0.00852	0.00083	0.99065
324 T	0.00854	0.00080	0.99066
325 G	0.00854	0.00082	0.99063
326 T	0.00856	0.00082	0.99062
327 T	0.00856	0.00078	0.99065
328 A	0.00855	0.00076	0.99068
329 A	0.00855	0.00072	0.99074
330 T	0.00857	0.00057	0.99087
331 C	0.00857	0.00049	0.99095
332 A	0.00857	0.00048	0.99096
333 T	0.00857	0.00045	0.99097
334 T	0.00857	0.00045	0.99098
335 T	0.00857	0.00045	0.99098
336 G	0.00856	0.00046	0.99098
337 A	0.00856	0.00046	0.99099
338 T	0.00856	0.00045	0.991
339 A	0.00855	0.00044	0.991
340 G	0.00854	0.00044	0.99102
341 G	0.00851	0.00044	0.99105
342 C	0.00849	0.00044	0.99108
343 C	0.00847	0.00045	0.99108
344 A	0.00850	0.00044	0.99106
345 T	0.00855	0.00041	0.99104
346 A	0.00856	0.00042	0.99102
347 T	0.00859	0.00040	0.99101
348 T	0.00861	0.00040	0.99099
349 T	0.00860	0.00041	0.99099
350 A	0.00856	0.00045	0.99099
351 T	0.00854	0.00046	0.99099
352 T	0.00849	0.00052	0.99099
353 C	0.00834	0.00066	0.99099
354 T	0.00821	0.00079	0.991
355 T	0.00782	0.00118	0.991
356 C	0.00681	0.00219	0.99099
357 C	0.00595	0.00307	0.99099
358 C	0.00557	0.00347	0.99097
359 A	0.00526	0.00382	0.99092
360 A	0.00516	0.00395	0.99089
361 A	0.00511	0.00403	0.99086
362 T	0.00509	0.00406	0.99085
363 A	0.00507	0.00407	0.99086
364 G	0.00506	0.00405	0.9909
365 A	0.00505	0.00405	0.9909
366 G	0.00504	0.00405	0.99091
367 A	0.00504	0.00405	0.9909
368 A	0.00505	0.00406	0.99089
369 T	0.00505	0.00408	0.99087
370 G	0.00503	0.00412	0.99085
371 A	0.00502	0.00415	0.99083
372 A	0.00502	0.00415	0.99083
373 A	0.00503	0.00410	0.99087
374 T	0.00504	0.00403	0.99093
375 A	0.00504	0.00395	0.99101
376 A	0.00504	0.00375	0.99121
377 A	0.00504	0.00354	0.99142
378 A	0.00505	0.00309	0.99186
379 T	0.00508	0.00203	0.99289
380 T	0.00511	0.00121	0.99368
381 T	0.00513	0.00087	0.994
382 C	0.00515	0.00061	0.99424
383 C	0.00517	0.00054	0.99429
384 T	0.00519	0.00050	0.99431
385 T	0.00520	0.00048	0.99432
386 C	0.00521	0.00046	0.99432
387 A	0.00522	0.00046	0.99432
388 T	0.00526	0.00043	0.99432
389 T	0.00527	0.00042	0.99431
390 A	0.00528	0.00040	0.99433
391 G	0.00531	0.00037	0.99432
392 T	0.00536	0.00029	0.99435
393 T	0.00540	0.00023	0.99437
394 C	0.00543	0.00019	0.99438
395 T	0.00546	0.00018	0.99436
396 T	0.00547	0.00021	0.99431
397 T	0.00546	0.00035	0.9942
398 T	0.00544	0.00086	0.9937
399 G	0.00536	0.00131	0.99333
400 A	0.00532	0.00138	0.9933
401 T	0.00529	0.00145	0.99327
402 T	0.00520	0.00155	0.99324
403 T	0.00511	0.00166	0.99324
404 C	0.00495	0.00183	0.99322
405 A	0.00482	0.00199	0.9932
406 G	0.00471	0.00211	0.99318
407 G	0.00466	0.00217	0.99317
408 A	0.00464	0.00219	0.99317
409 G	0.00463	0.00220	0.99317
410 G	0.00463	0.00219	0.99317
411 A	0.00464	0.00218	0.99317
412 C	0.00466	0.00216	0.99318
413 A	0.00467	0.00214	0.99318
414 T	0.00469	0.00213	0.99319
415 A	0.00469	0.00213	0.99318
416 C	0.00470	0.00211	0.99319
417 G	0.00472	0.00211	0.99317
418 G	0.00474	0.00209	0.99317
419 A	0.00479	0.00204	0.99317
420 A	0.00493	0.00188	0.99319
421 T	0.00546	0.00134	0.9932
422 T	0.00580	0.00088	0.99331
423 G	0.00584	0.00077	0.99339
424 T	0.00588	0.00064	0.99348
425 T	0.00590	0.00051	0.99359
426 T	0.00590	0.00046	0.99364
427 T	0.00591	0.00039	0.9937
428 A	0.00590	0.00036	0.99374
429 T	0.00589	0.00030	0.99381
430 T	0.00583	0.00034	0.99383
431 T	0.00561	0.00061	0.99379
432 T	0.00524	0.00108	0.99368
433 A	0.00426	0.00233	0.99341
434 A	0.00363	0.00324	0.99314
435 G	0.00334	0.00358	0.99308
436 A	0.00318	0.00381	0.99301
437 A	0.00314	0.00386	0.993
438 T	0.00313	0.00388	0.99299
439 C	0.00311	0.00391	0.99299
440 A	0.00310	0.00392	0.99298
441 C	0.00310	0.00392	0.99298
442 T	0.00310	0.00392	0.99297
443 T	0.00310	0.00393	0.99297
444 C	0.00307	0.00396	0.99297
445 C	0.00307	0.00397	0.99296
446 A	0.00307	0.00400	0.99293
447 A	0.00307	0.00401	0.99293
448 A	0.00308	0.00400	0.99292
449 T	0.00311	0.00397	0.99292
450 T	0.00311	0.00396	0.99292
451 A	0.00302	0.00402	0.99296
452 A	0.00296	0.00401	0.99303
453 A	0.00294	0.00387	0.9932
454 G	0.00296	0.00353	0.99351
455 A	0.00304	0.00311	0.99385
456 A	0.00328	0.00206	0.99466
457 A	0.00354	0.00123	0.99522
458 T	0.00362	0.00087	0.99551
459 C	0.00368	0.00067	0.99566
460 G	0.00369	0.00064	0.99568
461 G	0.00369	0.00063	0.99567
462 T	0.00368	0.00065	0.99566
463 A	0.00365	0.00068	0.99567
464 C	0.00366	0.00067	0.99567
465 T	0.00367	0.00068	0.99565
466 A	0.00367	0.00072	0.99561
467 C	0.00367	0.00075	0.99558
468 T	0.00367	0.00089	0.99544
469 T	0.00361	0.00106	0.99533
470 T	0.00356	0.00127	0.99518
471 A	0.00346	0.00147	0.99507
472 G	0.00336	0.00162	0.99502
473 A	0.00331	0.00164	0.99505
474 T	0.00329	0.00154	0.99517
475 G	0.00320	0.00155	0.99525
476 A	0.00315	0.00156	0.99529
477 C	0.00311	0.00157	0.99532
478 G	0.00308	0.00161	0.99532
479 C	0.00305	0.00164	0.9953
480 A	0.00303	0.00174	0.99523
481 G	0.00301	0.00178	0.9952
482 T	0.00301	0.00179	0.9952
483 A	0.00300	0.00180	0.9952
484 G	0.00300	0.00179	0.9952
485 G	0.00302	0.00175	0.99524
486 C	0.00303	0.00171	0.99526
487 G	0.00303	0.00178	0.99519
488 A	0.00308	0.00192	0.99501
489 A	0.00315	0.00201	0.99484
490 A	0.00327	0.00203	0.9947
491 T	0.00347	0.00187	0.99466
492 T	0.00358	0.00170	0.99471
493 T	0.00366	0.00160	0.99474
494 A	0.00369	0.00154	0.99478
495 T	0.00367	0.00150	0.99483
496 G	0.00349	0.00173	0.99478
497 A	0.00337	0.00192	0.99471
498 T	0.00332	0.00197	0.99471
499 A	0.00325	0.00204	0.9947
500 A	0.00322	0.00207	0.99472
501 A	0.00320	0.00208	0.99472
502 A	0.00321	0.00204	0.99476
503 T	0.00327	0.00194	0.99478
504 T	0.00329	0.00191	0.9948
505 G	0.00327	0.00192	0.99481
506 C	0.00327	0.00191	0.99482
507 T	0.00327	0.00191	0.99482
508 A	0.00327	0.00191	0.99482
509 G	0.00328	0.00191	0.99482
510 A	0.00337	0.00182	0.99482
511 A	0.00356	0.00162	0.99481
512 C	0.00375	0.00143	0.99481
513 T	0.00394	0.00128	0.99478
514 T	0.00398	0.00131	0.99471
515 T	0.00398	0.00134	0.99468
516 A	0.00399	0.00137	0.99465
517 A	0.00402	0.00136	0.99462
518 A	0.00407	0.00125	0.99468
519 T	0.00419	0.00092	0.99489
520 T	0.00429	0.00071	0.995
521 T	0.00431	0.00066	0.99503
522 A	0.00400	0.00095	0.99504
523 G	0.00380	0.00114	0.99506
524 G	0.00375	0.00118	0.99507
525 T	0.00372	0.00119	0.99508
526 T	0.00370	0.00121	0.99509
527 A	0.00367	0.00124	0.9951
528 T	0.00364	0.00124	0.99512
529 C	0.00358	0.00129	0.99513
530 C	0.00349	0.00138	0.99513
531 C	0.00340	0.00148	0.99513
532 G	0.00332	0.00156	0.99512
533 G	0.00328	0.00162	0.9951
534 A	0.00327	0.00164	0.99508
535 G	0.00328	0.00163	0.99509
536 G	0.00333	0.00158	0.99509
537 T	0.00342	0.00147	0.99511
538 C	0.00344	0.00141	0.99514
539 C	0.00347	0.00138	0.99515
540 T	0.00348	0.00138	0.99514
541 A	0.00347	0.00143	0.99511
542 T	0.00346	0.00149	0.99505
543 A	0.00341	0.00169	0.9949
544 A	0.00338	0.00185	0.99476
545 T	0.00337	0.00169	0.99494
546 T	0.00331	0.00185	0.99484
547 G	0.00307	0.00255	0.99439
548 A	0.00284	0.00374	0.99342
549 A	0.00274	0.00495	0.99231
550 A	0.00268	0.00641	0.99092
551 A	0.00265	0.00722	0.99013
552 A	0.00264	0.00756	0.98981
553 T	0.00264	0.00751	0.98986
554 T	0.00263	0.00751	0.98986
555 A	0.00262	0.00752	0.98986
556 G	0.00262	0.00751	0.98987
557 C	0.00262	0.00753	0.98985
558 A	0.00261	0.00760	0.98979
559 T	0.00261	0.00764	0.98975
560 T	0.00261	0.00769	0.9897
561 A	0.00261	0.00774	0.98965
562 A	0.00261	0.00776	0.98963
563 A	0.00262	0.00775	0.98963
564 A	0.00263	0.00771	0.98966
565 G	0.00268	0.00763	0.98969
566 G	0.00283	0.00743	0.98975
567 A	0.00302	0.00721	0.98977
568 G	0.00329	0.00691	0.9898
569 A	0.00372	0.00647	0.98981
570 A	0.00436	0.00569	0.98995
571 G	0.00536	0.00453	0.9901
572 A	0.00646	0.00340	0.99015
573 T	0.00785	0.00196	0.99018
574 T	0.00858	0.00124	0.99019
575 T	0.00890	0.00092	0.99018
576 A	0.00894	0.00089	0.99017
577 T	0.00902	0.00079	0.99019
578 T	0.00906	0.00074	0.99019
579 T	0.00906	0.00074	0.9902
580 T	0.00905	0.00076	0.99019
581 C	0.00902	0.00081	0.99017
582 A	0.00894	0.00092	0.99014
583 T	0.00888	0.00098	0.99014
584 T	0.00870	0.00116	0.99014
585 T	0.00828	0.00159	0.99014
586 C	0.00763	0.00223	0.99013
587 C	0.00710	0.00276	0.99013
588 A	0.00661	0.00326	0.99013
589 C	0.00610	0.00377	0.99013
590 G	0.00575	0.00412	0.99013
591 C	0.00558	0.00430	0.99013
592 C	0.00544	0.00444	0.99012
593 C	0.00534	0.00455	0.99011
594 T	0.00534	0.00462	0.99004
595 T	0.00529	0.00481	0.9899
596 A	0.00519	0.00502	0.98978
597 T	0.00515	0.00514	0.98971
598 T	0.00501	0.00536	0.98962
599 T	0.00474	0.00569	0.98957
600 A	0.00415	0.00640	0.98944
601 A	0.00374	0.00693	0.98933
602 A	0.00363	0.00717	0.9892
603 A	0.00356	0.00728	0.98915
604 A	0.00354	0.00727	0.9892
605 A	0.00354	0.00715	0.98931
606 T	0.00354	0.00700	0.98945
607 A	0.00353	0.00683	0.98964
608 A	0.00352	0.00647	0.99
609 A	0.00353	0.00594	0.99054
610 A	0.00353	0.00542	0.99104
611 A	0.00354	0.00493	0.99153
612 T	0.00355	0.00433	0.99211
613 T	0.00356	0.00398	0.99246
614 T	0.00356	0.00381	0.99263
615 A	0.00355	0.00372	0.99273
616 A	0.00357	0.00361	0.99283
617 A	0.00364	0.00345	0.99291
618 T	0.00386	0.00313	0.99301
619 T	0.00399	0.00293	0.99308
620 T	0.00406	0.00272	0.99322
621 T	0.00407	0.00256	0.99337
622 A	0.00403	0.00244	0.99353
623 G	0.00406	0.00205	0.99388
624 C	0.00417	0.00183	0.99401
625 T	0.00433	0.00169	0.99399
626 T	0.00438	0.00167	0.99394
627 T	0.00433	0.00181	0.99386
628 T	0.00419	0.00200	0.99381
629 C	0.00384	0.00243	0.99373
630 A	0.00357	0.00304	0.99339
631 G	0.00342	0.00377	0.9928
632 G	0.00336	0.00436	0.99228
633 T	0.00336	0.00475	0.99189
634 T	0.00329	0.00509	0.99162
635 T	0.00315	0.00552	0.99134
636 A	0.00280	0.00615	0.99104
637 A	0.00259	0.00653	0.99088
638 A	0.00253	0.00663	0.99083
639 A	0.00252	0.00666	0.99081
640 A	0.00255	0.00668	0.99078
641 G	0.00263	0.00660	0.99077
642 T	0.00275	0.00650	0.99076
643 A	0.00271	0.00657	0.99072
644 A	0.00272	0.00657	0.99071
645 A	0.00279	0.00648	0.99073
646 A	0.00295	0.00632	0.99072
647 T	0.00317	0.00607	0.99076
648 T	0.00325	0.00600	0.99075
649 A	0.00324	0.00609	0.99067
650 T	0.00332	0.00606	0.99062
651 A	0.00326	0.00626	0.99047
652 A	0.00327	0.00619	0.99054
653 A	0.00360	0.00569	0.9907
654 T	0.00449	0.00468	0.99083
655 T	0.00508	0.00401	0.99091
656 T	0.00540	0.00367	0.99093
657 T	0.00542	0.00366	0.99091
658 A	0.00520	0.00402	0.99079
659 T	0.00515	0.00392	0.99093
660 T	0.00492	0.00408	0.991
661 A	0.00464	0.00453	0.99083
662 A	0.00445	0.00489	0.99067
663 T	0.00439	0.00507	0.99054
664 A	0.00410	0.00570	0.9902
665 A	0.00384	0.00612	0.99003
666 A	0.00299	0.00719	0.98981
667 A	0.00261	0.00768	0.98972
668 G	0.00245	0.00787	0.98968
669 A	0.00234	0.00805	0.98961
670 A	0.00224	0.00822	0.98954
671 A	0.00226	0.00820	0.98954
672 A	0.00235	0.00806	0.98959
673 A	0.00251	0.00789	0.98959
674 A	0.00278	0.00755	0.98968
675 T	0.00305	0.00718	0.98977
676 A	0.00312	0.00707	0.98982
677 T	0.00322	0.00688	0.98989
678 T	0.00328	0.00673	0.98999
679 G	0.00330	0.00660	0.9901
680 A	0.00339	0.00636	0.99025
681 T	0.00366	0.00573	0.99062
682 T	0.00375	0.00542	0.99084
683 C	0.00382	0.00506	0.99112
684 A	0.00399	0.00476	0.99125
685 G	0.00419	0.00442	0.99139
686 A	0.00434	0.00419	0.99147
687 T	0.00471	0.00359	0.9917
688 A	0.00489	0.00324	0.99188
689 T	0.00519	0.00201	0.99279
690 T	0.00531	0.00148	0.9932
691 A	0.00536	0.00124	0.9934
692 A	0.00541	0.00102	0.99357
693 T	0.00550	0.00076	0.99374
694 A	0.00552	0.00066	0.99382
695 G	0.00555	0.00056	0.9939
696 T	0.00561	0.00045	0.99394
697 A	0.00563	0.00042	0.99395
698 T	0.00565	0.00038	0.99398
699 T	0.00564	0.00037	0.99399
700 T	0.00561	0.00039	0.99401
701 G	0.00559	0.00039	0.99403
702 T	0.00558	0.00037	0.99405
703 G	0.00558	0.00036	0.99405
704 C	0.00558	0.00035	0.99407
705 T	0.00559	0.00035	0.99406
706 T	0.00559	0.00037	0.99405
707 C	0.00558	0.00039	0.99403
708 T	0.00556	0.00042	0.99402
709 T	0.00553	0.00046	0.99401
710 T	0.00551	0.00048	0.99401
711 T	0.00548	0.00051	0.99401
712 C	0.00544	0.00056	0.99401
713 A	0.00542	0.00058	0.99401
714 A	0.00540	0.00058	0.99401
715 T	0.00540	0.00058	0.99402
716 C	0.00539	0.00058	0.99403
717 T	0.00538	0.00059	0.99403
718 A	0.00538	0.00059	0.99403
719 G	0.00538	0.00058	0.99404
720 T	0.00538	0.00057	0.99405
721 G	0.00538	0.00056	0.99406
722 T	0.00538	0.00053	0.99408
723 C	0.00531	0.00056	0.99412
724 G	0.00529	0.00057	0.99414
725 C	0.00528	0.00059	0.99413
726 A	0.00526	0.00064	0.9941
727 G	0.00526	0.00069	0.99405
728 A	0.00527	0.00075	0.99398
729 T	0.00528	0.00081	0.9939
730 G	0.00527	0.00105	0.99368
731 T	0.00526	0.00148	0.99326
732 T	0.00521	0.00234	0.99244
733 T	0.00519	0.00344	0.99137
734 T	0.00513	0.00467	0.9902
735 A	0.00499	0.00572	0.98928
736 A	0.00493	0.00590	0.98916
737 T	0.00489	0.00602	0.9891
738 A	0.00451	0.00651	0.98898
739 A	0.00415	0.00701	0.98884
740 C	0.00397	0.00728	0.98875
741 A	0.00379	0.00768	0.98853
742 A	0.00370	0.00778	0.98852
743 A	0.00366	0.00784	0.9885
744 A	0.00364	0.00786	0.9885
745 A	0.00363	0.00787	0.9885
746 C	0.00362	0.00780	0.98857
747 T	0.00364	0.00778	0.98858
748 A	0.00364	0.00779	0.98857
749 A	0.00367	0.00777	0.98857
750 A	0.00371	0.00772	0.98857
751 A	0.00379	0.00764	0.98857
752 G	0.00391	0.00749	0.9886
753 A	0.00429	0.00705	0.98866
754 G	0.00499	0.00627	0.98874
755 C	0.00622	0.00494	0.98884
756 T	0.00741	0.00374	0.98885
757 T	0.00833	0.00288	0.98879
758 T	0.00877	0.00244	0.98879
759 A	0.00877	0.00245	0.98877
760 A	0.00880	0.00242	0.98878
761 A	0.00888	0.00196	0.98916
762 T	0.00903	0.00145	0.98953
763 T	0.00910	0.00120	0.98971
764 T	0.00917	0.00101	0.98981
765 A	0.00895	0.00120	0.98985
766 T	0.00880	0.00131	0.9899
767 A	0.00855	0.00154	0.98991
768 T	0.00845	0.00161	0.98993
769 C	0.00834	0.00171	0.98994
770 C	0.00829	0.00176	0.98996
771 T	0.00828	0.00177	0.98995
772 T	0.00823	0.00182	0.98995
773 C	0.00810	0.00196	0.98995
774 T	0.00796	0.00211	0.98993
775 A	0.00769	0.00244	0.98986
776 A	0.00754	0.00265	0.98981
777 A	0.00750	0.00272	0.98978
778 G	0.00750	0.00274	0.98976
779 A	0.00754	0.00270	0.98975
780 T	0.00766	0.00258	0.98976
781 T	0.00772	0.00252	0.98977
782 T	0.00775	0.00246	0.98979
783 A	0.00775	0.00245	0.98979
784 A	0.00776	0.00242	0.98982
785 T	0.00777	0.00237	0.98985
786 A	0.00778	0.00232	0.9899
787 A	0.00780	0.00218	0.99002
788 T	0.00782	0.00191	0.99027
789 T	0.00781	0.00175	0.99043
790 G	0.00779	0.00160	0.9906
791 T	0.00778	0.00159	0.99064
792 A	0.00776	0.00155	0.99069
793 G	0.00775	0.00147	0.99079
794 G	0.00773	0.00144	0.99083
795 T	0.00773	0.00136	0.99091
796 G	0.00773	0.00126	0.99102
797 G	0.00774	0.00118	0.99109
798 A	0.00779	0.00102	0.9912
799 G	0.00784	0.00086	0.99131
800 T	0.00787	0.00081	0.99132
801 A	0.00788	0.00086	0.99125
802 G	0.00790	0.00085	0.99124
803 C	0.00793	0.00082	0.99124
804 T	0.00796	0.00082	0.99121
805 T	0.00798	0.00085	0.99117
806 C	0.00799	0.00089	0.99111
807 T	0.00801	0.00090	0.99109
808 A	0.00801	0.00092	0.99107
809 A	0.00801	0.00093	0.99106
810 T	0.00801	0.00093	0.99105
811 C	0.00800	0.00096	0.99105
812 A	0.00800	0.00105	0.99096
813 A	0.00803	0.00109	0.99089
814 T	0.00810	0.00113	0.99077
815 T	0.00812	0.00116	0.99073
816 T	0.00811	0.00126	0.99063
817 T	0.00809	0.00146	0.99045
818 T	0.00804	0.00165	0.99031
819 G	0.00794	0.00188	0.99018
820 A	0.00790	0.00204	0.99006
821 A	0.00792	0.00207	0.99001
822 A	0.00793	0.00207	0.99
823 A	0.00796	0.00204	0.98999
824 A	0.00804	0.00196	0.99
825 T	0.00807	0.00193	0.99
826 C	0.00809	0.00193	0.98998
827 A	0.00812	0.00197	0.98991
828 A	0.00816	0.00197	0.98987
829 T	0.00821	0.00193	0.98986
830 T	0.00821	0.00195	0.98984
831 T	0.00817	0.00203	0.9898
832 A	0.00810	0.00216	0.98974
833 A	0.00806	0.00227	0.98967
834 A	0.00805	0.00229	0.98966
835 A	0.00813	0.00219	0.98968
836 A	0.00825	0.00205	0.98969
837 T	0.00847	0.00179	0.98974
838 G	0.00855	0.00165	0.9898
839 C	0.00870	0.00144	0.98986
840 T	0.00890	0.00122	0.98989
841 T	0.00902	0.00106	0.98991
842 T	0.00910	0.00095	0.98995
843 T	0.00916	0.00086	0.98998
844 C	0.00918	0.00084	0.98998
845 C	0.00918	0.00083	0.98998
846 A	0.00919	0.00086	0.98995
847 G	0.00920	0.00087	0.98993
848 A	0.00922	0.00089	0.98989
849 A	0.00925	0.00088	0.98987
850 T	0.00933	0.00081	0.98986
851 T	0.00938	0.00076	0.98986
852 A	0.00940	0.00077	0.98983
853 A	0.00942	0.00074	0.98984
854 G	0.00946	0.00065	0.98989
855 A	0.00952	0.00054	0.98994
856 T	0.00960	0.00045	0.98995
857 T	0.00963	0.00040	0.98996
858 G	0.00962	0.00040	0.98998
859 G	0.00962	0.00040	0.98997
860 T	0.00963	0.00040	0.98997
861 C	0.00963	0.00040	0.98997
862 A	0.00963	0.00039	0.98997
863 T	0.00964	0.00039	0.98997
864 C	0.00964	0.00038	0.98997
865 C	0.00965	0.00038	0.98997
866 C	0.00966	0.00037	0.98997
867 T	0.00967	0.00036	0.98997
868 T	0.00968	0.00034	0.98997
869 C	0.00969	0.00033	0.98997
870 C	0.00971	0.00031	0.98997
871 C	0.00975	0.00028	0.98997
872 C	0.00976	0.00027	0.98997
873 T	0.00979	0.00026	0.98995
874 A	0.00981	0.00026	0.98993
875 T	0.00985	0.00023	0.98992
876 A	0.00986	0.00024	0.9899
877 T	0.00987	0.00025	0.98989
878 A	0.00987	0.00024	0.98989
879 T	0.00986	0.00025	0.9899
880 T	0.00981	0.00028	0.9899
881 G	0.00978	0.00030	0.98991
882 C	0.00976	0.00032	0.98991
883 A	0.00974	0.00036	0.9899
884 C	0.00973	0.00038	0.98989
885 T	0.00973	0.00041	0.98986
886 G	0.00970	0.00046	0.98984
887 A	0.00968	0.00050	0.98983
888 T	0.00966	0.00052	0.98982
889 C	0.00965	0.00054	0.98981
890 A	0.00965	0.00055	0.98981
891 A	0.00964	0.00056	0.9898
892 G	0.00964	0.00056	0.9898
893 C	0.00964	0.00055	0.98981
894 A	0.00964	0.00055	0.98981
895 G	0.00965	0.00054	0.9898
896 C	0.00967	0.00053	0.98981
897 T	0.00969	0.00051	0.9898
898 A	0.00969	0.00053	0.98978
899 T	0.00971	0.00050	0.9898
900 G	0.00971	0.00049	0.98979
901 A	0.00971	0.00049	0.9898
902 T	0.00971	0.00044	0.98985
903 C	0.00970	0.00041	0.9899
904 G	0.00968	0.00048	0.98983
905 G	0.00966	0.00060	0.98975
906 A	0.00963	0.00077	0.98959
907 G	0.00963	0.00079	0.98958
908 T	0.00964	0.00080	0.98955
909 T	0.00964	0.00080	0.98956
910 G	0.00962	0.00080	0.98958
911 C	0.00961	0.00080	0.98959
912 T	0.00960	0.00081	0.98959
913 G	0.00959	0.00084	0.98957
914 C	0.00959	0.00086	0.98956
915 T	0.00959	0.00090	0.98951
916 T	0.00958	0.00096	0.98946
917 A	0.00957	0.00100	0.98943
918 T	0.00957	0.00100	0.98943
919 T	0.00957	0.00101	0.98942
920 A	0.00956	0.00101	0.98942
921 T	0.00956	0.00101	0.98943
922 C	0.00950	0.00107	0.98943
923 A	0.00946	0.00114	0.9894
924 A	0.00934	0.00128	0.98937
925 A	0.00929	0.00138	0.98933
926 A	0.00925	0.00145	0.9893
927 T	0.00932	0.00141	0.98926
928 A	0.00937	0.00141	0.98921
929 T	0.00951	0.00130	0.98919
930 A	0.00950	0.00140	0.9891
931 T	0.00951	0.00149	0.98899
932 T	0.00949	0.00175	0.98876
933 T	0.00942	0.00239	0.98819
934 G	0.00924	0.00277	0.98799
935 G	0.00914	0.00324	0.98762
936 T	0.00913	0.00347	0.9874
937 T	0.00909	0.00358	0.98733
938 C	0.00902	0.00369	0.98729
939 T	0.00897	0.00392	0.98712
940 T	0.00877	0.00440	0.98682
941 C	0.00844	0.00495	0.98661
942 T	0.00823	0.00560	0.98617
943 A	0.00786	0.00641	0.98574
944 A	0.00765	0.00691	0.98544
945 A	0.00746	0.00728	0.98527
946 G	0.00739	0.00752	0.98509
947 G	0.00734	0.00776	0.9849
948 A	0.00733	0.00843	0.98423
949 A	0.00736	0.00921	0.98342
950 A	0.00740	0.01020	0.9824
951 G	0.00747	0.01181	0.98072
952 A	0.00752	0.01578	0.9767
953 A	0.00762	0.01759	0.97478
954 A	0.00776	0.01909	0.97314
955 A	0.00803	0.02020	0.97177
956 A	0.00861	0.02017	0.97122
957 A	0.00889	0.02028	0.97083
958 T	0.00937	0.02030	0.97033
959 A	0.00959	0.02068	0.96974
960 T	0.00976	0.02072	0.96952
961 A	0.00983	0.02089	0.96928
962 A	0.01001	0.02084	0.96914
963 T	0.01041	0.02029	0.96931
964 T	0.01064	0.01978	0.96958
965 T	0.01078	0.01948	0.96974
966 A	0.01073	0.01937	0.9699
967 A	0.01075	0.01918	0.97006
968 C	0.01075	0.01904	0.97021
969 A	0.01044	0.01933	0.97023
970 G	0.01045	0.01931	0.97024
971 C	0.01117	0.01857	0.97026
972 G	0.01201	0.01773	0.97026
973 A	0.01315	0.01659	0.97026
974 A	0.01528	0.01444	0.97028
975 T	0.01962	0.01009	0.9703
976 C	0.02140	0.00829	0.97032
977 C	0.02295	0.00673	0.97033
978 T	0.02427	0.00541	0.97033
979 G	0.02475	0.00492	0.97033
980 A	0.02530	0.00437	0.97033
981 T	0.02612	0.00354	0.97033
982 T	0.02681	0.00284	0.97035
983 T	0.02710	0.00252	0.97038
984 A	0.02732	0.00225	0.97043
985 T	0.02753	0.00191	0.97055
986 C	0.02762	0.00173	0.97065
987 T	0.02767	0.00164	0.97069
988 A	0.02771	0.00154	0.97075
989 T	0.02782	0.00126	0.97092
990 A	0.02784	0.00114	0.97102
991 T	0.02787	0.00096	0.97117
992 G	0.02790	0.00038	0.97173
993 A	0.02794	0.00000	0.97206
