# lcl|CP097583.1_cds_USQ93148.1_1
# AA	inside	membr	outside
1 T	0.42400	0.00000	0.576
2 T	0.42320	0.00080	0.576
3 G	0.42281	0.00119	0.576
4 C	0.42281	0.00280	0.57439
5 G	0.41036	0.02015	0.56949
6 T	0.41036	0.02100	0.56865
7 T	0.38090	0.05094	0.56816
8 A	0.38090	0.05097	0.56813
9 T	0.37761	0.05492	0.56747
10 G	0.37760	0.13485	0.48756
11 A	0.37433	0.15166	0.47402
12 T	0.35610	0.17673	0.46717
13 G	0.30893	0.24628	0.4448
14 A	0.30892	0.24628	0.4448
15 A	0.30892	0.26648	0.42461
16 T	0.30837	0.26702	0.42461
17 A	0.30618	0.26957	0.42425
18 T	0.30612	0.26981	0.42407
19 C	0.30410	0.27199	0.42391
20 T	0.29985	0.28325	0.4169
21 A	0.28938	0.29373	0.41689
22 C	0.28923	0.29442	0.41635
23 G	0.28956	0.29601	0.41443
24 T	0.29036	0.29601	0.41363
25 T	0.28759	0.29855	0.41386
26 T	0.27690	0.31054	0.41256
27 A	0.25045	0.33913	0.41042
28 C	0.22479	0.35390	0.42131
29 A	0.19552	0.39991	0.40458
30 A	0.17584	0.43677	0.38739
31 G	0.16649	0.47767	0.35583
32 A	0.16545	0.50764	0.32691
33 A	0.22912	0.48827	0.28261
34 A	0.24111	0.48676	0.27213
35 T	0.25768	0.46129	0.28103
36 T	0.27278	0.41884	0.30838
37 A	0.26839	0.42541	0.3062
38 A	0.27575	0.41848	0.30577
39 A	0.27241	0.42165	0.30594
40 A	0.27236	0.41978	0.30786
41 C	0.27263	0.41624	0.31113
42 C	0.27076	0.41745	0.31179
43 A	0.26383	0.42952	0.30664
44 T	0.24557	0.45207	0.30237
45 A	0.19721	0.51758	0.28521
46 A	0.17365	0.54492	0.28143
47 A	0.14965	0.57139	0.27897
48 A	0.13762	0.58123	0.28114
49 A	0.13312	0.57696	0.28992
50 A	0.13567	0.55061	0.31373
51 A	0.14116	0.51766	0.34118
52 G	0.16187	0.46861	0.36952
53 A	0.20825	0.40316	0.3886
54 T	0.24965	0.35091	0.39944
55 A	0.27995	0.31546	0.40459
56 T	0.32165	0.26653	0.41182
57 C	0.32975	0.25274	0.41751
58 T	0.33198	0.24988	0.41814
59 C	0.30751	0.27611	0.41638
60 C	0.29099	0.29808	0.41093
61 A	0.27943	0.32315	0.39741
62 A	0.26546	0.34683	0.38771
63 T	0.26008	0.35831	0.38161
64 A	0.23221	0.39994	0.36785
65 A	0.20963	0.43485	0.35552
66 T	0.20091	0.43121	0.36789
67 G	0.17126	0.44791	0.38083
68 A	0.16896	0.41510	0.41594
69 A	0.17014	0.39040	0.43947
70 G	0.17328	0.36020	0.46651
71 T	0.17856	0.34030	0.48114
72 T	0.18161	0.33069	0.4877
73 C	0.18214	0.32728	0.49058
74 C	0.18105	0.32805	0.49089
75 A	0.17806	0.33307	0.48887
76 C	0.17449	0.33991	0.4856
77 A	0.16945	0.35976	0.47079
78 G	0.16578	0.37265	0.46157
79 G	0.16563	0.38847	0.4459
80 A	0.16689	0.40103	0.43208
81 A	0.17123	0.40690	0.42186
82 T	0.18127	0.38182	0.43692
83 T	0.18852	0.37349	0.43799
84 A	0.19618	0.37075	0.43308
85 A	0.20285	0.37093	0.42622
86 A	0.20959	0.36654	0.42387
87 A	0.22253	0.34009	0.43739
88 T	0.24102	0.30008	0.4589
89 A	0.24844	0.28190	0.46966
90 T	0.25467	0.24938	0.49595
91 T	0.25437	0.26728	0.47835
92 C	0.24792	0.28912	0.46297
93 T	0.24032	0.32780	0.43188
94 A	0.23047	0.39291	0.37662
95 A	0.22568	0.41616	0.35816
96 A	0.22342	0.43475	0.34183
97 A	0.22350	0.43738	0.33912
98 A	0.22600	0.43240	0.3416
99 A	0.23117	0.42367	0.34516
100 A	0.24641	0.40301	0.35058
101 C	0.25821	0.38669	0.3551
102 T	0.27617	0.36822	0.3556
103 A	0.28859	0.35543	0.35598
104 A	0.30111	0.34250	0.35639
105 C	0.32016	0.32293	0.35692
106 T	0.33856	0.30439	0.35706
107 C	0.35322	0.28894	0.35784
108 T	0.37528	0.26695	0.35778
109 G	0.38387	0.25863	0.35749
110 A	0.39471	0.24809	0.3572
111 T	0.40217	0.24024	0.3576
112 A	0.41165	0.23016	0.3582
113 A	0.43254	0.20441	0.36306
114 T	0.49070	0.13725	0.37204
115 T	0.51391	0.10590	0.38019
116 C	0.53463	0.07744	0.38793
117 T	0.56922	0.03858	0.3922
118 T	0.57897	0.02654	0.39449
119 A	0.58539	0.01955	0.39506
120 T	0.58863	0.01566	0.39571
121 T	0.58950	0.01453	0.39597
122 C	0.58739	0.01562	0.39699
123 T	0.58387	0.02016	0.39598
124 C	0.57811	0.02688	0.39502
125 A	0.57108	0.03710	0.39183
126 T	0.56132	0.04972	0.38897
127 A	0.53828	0.07830	0.38342
128 A	0.52304	0.09510	0.38186
129 T	0.51495	0.10370	0.38134
130 T	0.49724	0.12135	0.38141
131 T	0.47738	0.14052	0.38211
132 C	0.43767	0.17943	0.3829
133 G	0.38780	0.22934	0.38286
134 G	0.36537	0.25186	0.38277
135 C	0.35626	0.26086	0.38289
136 G	0.34366	0.27358	0.38275
137 A	0.33630	0.28102	0.38267
138 T	0.33404	0.28319	0.38277
139 C	0.33192	0.28514	0.38294
140 A	0.33030	0.28674	0.38296
141 G	0.32961	0.28660	0.38379
142 A	0.32947	0.28604	0.38449
143 C	0.32931	0.28528	0.38541
144 G	0.32838	0.28637	0.38525
145 A	0.32826	0.28468	0.38705
146 T	0.32923	0.28031	0.39047
147 A	0.32608	0.28025	0.39367
148 G	0.32638	0.27551	0.39811
149 A	0.32754	0.26543	0.40703
150 A	0.33189	0.23585	0.43226
151 T	0.33335	0.21428	0.45237
152 A	0.33176	0.20411	0.46414
153 T	0.33178	0.18050	0.48772
154 T	0.33078	0.16300	0.50622
155 A	0.32803	0.14186	0.53011
156 T	0.32674	0.10972	0.56355
157 G	0.32557	0.09462	0.57981
158 A	0.32482	0.09234	0.58284
159 T	0.32400	0.08964	0.58636
160 T	0.32300	0.09161	0.58539
161 C	0.32113	0.09640	0.58247
162 A	0.31581	0.12040	0.56379
163 G	0.31128	0.13858	0.55014
164 A	0.30895	0.17250	0.51855
165 A	0.30781	0.19416	0.49804
166 G	0.30700	0.21314	0.47986
167 G	0.30748	0.22863	0.46388
168 T	0.30855	0.24919	0.44227
169 A	0.30901	0.27286	0.41813
170 A	0.30986	0.28324	0.4069
171 A	0.31094	0.28485	0.40421
172 T	0.31375	0.28099	0.40526
173 T	0.31548	0.27935	0.40518
174 A	0.31682	0.27813	0.40505
175 A	0.31982	0.27152	0.40867
176 C	0.32310	0.26714	0.40976
177 A	0.32687	0.26339	0.40974
178 T	0.33842	0.25054	0.41104
179 C	0.34338	0.24492	0.41169
180 A	0.34550	0.24521	0.4093
181 A	0.35064	0.24387	0.40549
182 T	0.36550	0.23243	0.40207
183 T	0.37560	0.23028	0.39413
184 A	0.37377	0.25186	0.37436
185 A	0.38725	0.23709	0.37566
186 A	0.39918	0.22145	0.37938
187 T	0.42976	0.18846	0.38179
188 A	0.44746	0.17020	0.38234
189 C	0.47333	0.14494	0.38172
190 C	0.48856	0.13145	0.37998
191 C	0.50653	0.11596	0.37751
192 T	0.52170	0.10243	0.37587
193 T	0.50315	0.12221	0.37463
194 C	0.46623	0.16117	0.3726
195 A	0.41527	0.21361	0.37112
196 C	0.39516	0.23425	0.37059
197 G	0.37916	0.25033	0.37051
198 A	0.36735	0.26225	0.3704
199 C	0.36204	0.26763	0.37033
200 T	0.35960	0.27020	0.3702
201 C	0.35421	0.27569	0.3701
202 A	0.35175	0.27833	0.36993
203 A	0.35188	0.27819	0.36994
204 A	0.35476	0.27526	0.36998
205 A	0.35894	0.27074	0.37033
206 A	0.36688	0.26221	0.37091
207 C	0.38470	0.23611	0.37919
208 A	0.38780	0.23129	0.38091
209 A	0.38898	0.22841	0.38261
210 C	0.38986	0.22623	0.3839
211 A	0.39104	0.22514	0.38382
212 A	0.39427	0.22142	0.38431
213 T	0.39943	0.20963	0.39094
214 A	0.40283	0.20103	0.39613
215 T	0.40579	0.19348	0.40074
216 T	0.40712	0.15810	0.43477
217 A	0.40774	0.12026	0.47199
218 T	0.40849	0.06602	0.52548
219 T	0.40799	0.04997	0.54204
220 T	0.40657	0.03926	0.55416
221 T	0.40229	0.04082	0.55689
222 T	0.39271	0.05570	0.55159
223 T	0.37408	0.08549	0.54042
224 C	0.33336	0.12619	0.54045
225 A	0.29459	0.17795	0.52746
226 T	0.26990	0.21494	0.51516
227 A	0.24416	0.26553	0.49031
228 C	0.23452	0.27610	0.48938
229 G	0.23056	0.28339	0.48605
230 A	0.22937	0.28940	0.48124
231 T	0.22886	0.29151	0.47963
232 C	0.22817	0.29485	0.47699
233 A	0.22803	0.29835	0.47362
234 T	0.22861	0.29934	0.47205
235 A	0.22813	0.30406	0.46781
236 T	0.22769	0.30838	0.46393
237 T	0.22725	0.31310	0.45965
238 A	0.22642	0.31728	0.4563
239 A	0.22508	0.32161	0.45331
240 A	0.22436	0.32403	0.45161
241 A	0.22402	0.32543	0.45055
242 A	0.22454	0.32488	0.45058
243 A	0.22608	0.32349	0.45043
244 A	0.23126	0.31323	0.45551
245 G	0.24204	0.28695	0.47101
246 A	0.25693	0.25402	0.48905
247 T	0.26532	0.20305	0.53164
248 G	0.27688	0.15818	0.56494
249 G	0.28885	0.12600	0.58514
250 T	0.31113	0.09439	0.59448
251 C	0.31342	0.10213	0.58445
252 T	0.31720	0.10154	0.58127
253 T	0.31948	0.10290	0.57762
254 A	0.31287	0.11714	0.56999
255 T	0.31232	0.11802	0.56966
256 C	0.30921	0.12297	0.56781
257 A	0.30576	0.13643	0.55781
258 A	0.30785	0.14134	0.55081
259 C	0.31161	0.14356	0.54484
260 T	0.31391	0.15399	0.53211
261 A	0.31235	0.17931	0.50834
262 G	0.31241	0.19474	0.49285
263 A	0.31276	0.21477	0.47246
264 A	0.31043	0.23518	0.45439
265 A	0.30990	0.24116	0.44893
266 A	0.31330	0.23643	0.45027
267 T	0.31596	0.23204	0.45201
268 A	0.31423	0.23289	0.45288
269 G	0.31518	0.23111	0.45371
270 C	0.31630	0.22996	0.45373
271 G	0.31798	0.22977	0.45225
272 A	0.32130	0.22841	0.45029
273 A	0.33185	0.21793	0.45023
274 T	0.35029	0.19978	0.44994
275 T	0.35413	0.19618	0.44969
276 A	0.35316	0.19503	0.4518
277 C	0.35603	0.18304	0.46094
278 A	0.35553	0.18076	0.4637
279 A	0.35733	0.17515	0.46751
280 C	0.36834	0.16007	0.47159
281 C	0.38060	0.14672	0.47269
282 T	0.39128	0.13620	0.47253
283 A	0.40255	0.12488	0.47256
284 A	0.41672	0.10938	0.47389
285 G	0.42407	0.10281	0.47312
286 G	0.43752	0.09476	0.46773
287 T	0.45122	0.08357	0.46521
288 T	0.45206	0.08125	0.46669
289 A	0.43642	0.09604	0.46754
290 T	0.43439	0.09637	0.46924
291 T	0.42920	0.09904	0.47176
292 C	0.41232	0.11491	0.47277
293 C	0.40833	0.11889	0.47278
294 G	0.40747	0.12025	0.47228
295 A	0.40912	0.11860	0.47227
296 A	0.40978	0.11792	0.47231
297 T	0.41084	0.11680	0.47236
298 A	0.41144	0.11591	0.47265
299 T	0.41181	0.11179	0.4764
300 T	0.41188	0.10924	0.47888
301 C	0.41195	0.10739	0.48067
302 T	0.41204	0.10682	0.48114
303 A	0.41211	0.10638	0.48151
304 G	0.41227	0.10572	0.48201
305 A	0.41278	0.10475	0.48247
306 A	0.41430	0.10225	0.48345
307 A	0.41622	0.09563	0.48815
308 A	0.41907	0.08564	0.49528
309 A	0.42615	0.07034	0.5035
310 T	0.43396	0.05126	0.51478
311 A	0.43606	0.03518	0.52876
312 A	0.43791	0.00000	0.56209
