# lcl|CP097583.1_cds_USQ93218.1_1
# AA	inside	membr	outside
1 A	0.64787	0.00000	0.35214
2 T	0.64602	0.00185	0.35214
3 G	0.64246	0.00540	0.35214
4 A	0.64246	0.05120	0.30634
5 A	0.51093	0.26269	0.22639
6 A	0.51092	0.28706	0.20202
7 A	0.32808	0.47980	0.19212
8 A	0.32807	0.48008	0.19185
9 A	0.30996	0.50188	0.18817
10 T	0.30992	0.53685	0.15323
11 T	0.30541	0.54338	0.1512
12 A	0.19059	0.65904	0.15037
13 T	0.11668	0.73503	0.14829
14 C	0.11665	0.73506	0.14829
15 A	0.11665	0.77774	0.10562
16 A	0.11322	0.78116	0.10562
17 T	0.11165	0.78277	0.10558
18 T	0.11156	0.78300	0.10544
19 A	0.10903	0.78567	0.10531
20 C	0.10436	0.79278	0.10285
21 A	0.09914	0.79796	0.10291
22 T	0.09996	0.79923	0.1008
23 T	0.09993	0.80204	0.09803
24 A	0.09807	0.80830	0.09363
25 A	0.09865	0.81058	0.09077
26 A	0.10003	0.80628	0.09369
27 A	0.13271	0.76503	0.10226
28 A	0.19896	0.57560	0.22544
29 A	0.22663	0.53982	0.23355
30 A	0.24482	0.36366	0.39152
31 A	0.25182	0.35074	0.39744
32 G	0.25902	0.30105	0.43993
33 T	0.29644	0.23947	0.46408
34 T	0.30094	0.24493	0.45412
35 T	0.30556	0.17514	0.5193
36 A	0.30534	0.14648	0.54818
37 A	0.30603	0.14902	0.54495
38 T	0.32458	0.12672	0.54871
39 C	0.28879	0.16620	0.54501
40 G	0.25163	0.21909	0.52929
41 G	0.22874	0.27962	0.49164
42 G	0.20783	0.46279	0.32938
43 A	0.19383	0.49777	0.30841
44 G	0.18257	0.62000	0.19743
45 A	0.18189	0.63318	0.18493
46 A	0.18451	0.63061	0.18489
47 C	0.18904	0.62292	0.18804
48 T	0.19205	0.62081	0.18714
49 C	0.18354	0.64521	0.17125
50 C	0.17874	0.66336	0.1579
51 A	0.16972	0.67990	0.15039
52 A	0.16091	0.69197	0.14712
53 A	0.15547	0.69871	0.14582
54 T	0.16086	0.69414	0.14501
55 C	0.15979	0.69558	0.14463
56 A	0.16387	0.69254	0.14359
57 A	0.17634	0.68016	0.1435
58 A	0.17774	0.67909	0.14316
59 T	0.18340	0.67181	0.14479
60 T	0.18718	0.66748	0.14534
61 A	0.18555	0.66445	0.15
62 A	0.19272	0.62661	0.18068
63 A	0.20405	0.58363	0.21232
64 A	0.23884	0.52615	0.23502
65 A	0.37717	0.36497	0.25786
66 C	0.40960	0.31283	0.27757
67 G	0.51119	0.20303	0.28578
68 C	0.53153	0.18066	0.28781
69 T	0.53748	0.17828	0.28424
70 A	0.53839	0.17964	0.28196
71 A	0.54029	0.17948	0.28023
72 T	0.56132	0.14869	0.28998
73 G	0.57172	0.13336	0.29492
74 T	0.58342	0.10689	0.30969
75 T	0.58738	0.09088	0.32174
76 T	0.58522	0.08822	0.32657
77 T	0.57710	0.09813	0.32477
78 A	0.56693	0.11223	0.32084
79 G	0.56063	0.12290	0.31648
80 G	0.54973	0.14128	0.30898
81 T	0.54554	0.16360	0.29086
82 T	0.53534	0.18682	0.27783
83 T	0.51018	0.22294	0.26688
84 G	0.40635	0.34547	0.24818
85 A	0.33197	0.43409	0.23394
86 A	0.28119	0.49333	0.22548
87 A	0.22793	0.55553	0.21654
88 A	0.21530	0.58225	0.20245
89 A	0.20856	0.59777	0.19367
90 G	0.20518	0.60919	0.18563
91 A	0.20159	0.62922	0.16919
92 T	0.20396	0.63327	0.16277
93 T	0.20046	0.63863	0.16091
94 A	0.18876	0.65440	0.15683
95 A	0.18019	0.66419	0.15562
96 T	0.17586	0.66711	0.15704
97 C	0.16571	0.67707	0.15722
98 A	0.15554	0.69007	0.15439
99 A	0.15394	0.69173	0.15432
100 A	0.15779	0.68564	0.15657
101 A	0.16366	0.67489	0.16145
102 A	0.17479	0.65991	0.1653
103 G	0.19084	0.61691	0.19224
104 T	0.21795	0.56233	0.21973
105 T	0.23170	0.52569	0.24261
106 A	0.23780	0.49948	0.26272
107 T	0.25141	0.41283	0.33577
108 A	0.25571	0.36894	0.37535
109 A	0.25962	0.33211	0.40827
110 A	0.26686	0.29103	0.44211
111 A	0.28205	0.27868	0.43928
112 G	0.29060	0.28328	0.42612
113 A	0.30127	0.30040	0.39833
114 T	0.31990	0.29719	0.38291
115 A	0.32640	0.30020	0.3734
116 A	0.33078	0.29677	0.37245
117 T	0.33823	0.27851	0.38326
118 G	0.33931	0.26938	0.39132
119 T	0.34176	0.26376	0.39448
120 T	0.34069	0.26041	0.3989
121 G	0.33711	0.27007	0.39283
122 A	0.33542	0.28575	0.37883
123 A	0.33379	0.30413	0.36207
124 G	0.33312	0.32869	0.33818
125 T	0.33367	0.33404	0.33229
126 T	0.32728	0.36689	0.30583
127 A	0.31488	0.39134	0.29377
128 T	0.30956	0.39940	0.29105
129 C	0.30010	0.41250	0.28739
130 A	0.28938	0.43972	0.27091
131 G	0.28974	0.43806	0.2722
132 A	0.29738	0.43020	0.27242
133 G	0.31025	0.41736	0.2724
134 G	0.32589	0.40275	0.27136
135 C	0.35265	0.37463	0.27272
136 A	0.38897	0.34067	0.27035
137 T	0.41549	0.31564	0.26886
138 T	0.41948	0.31379	0.26672
139 A	0.41020	0.32509	0.26472
140 T	0.40211	0.33457	0.26332
141 T	0.38090	0.35532	0.26378
142 A	0.33854	0.39851	0.26295
143 A	0.29982	0.43556	0.26462
144 A	0.28904	0.44270	0.26826
145 A	0.29295	0.43604	0.27102
146 A	0.30582	0.41873	0.27546
147 A	0.33126	0.38883	0.27991
148 A	0.34440	0.37079	0.28482
149 T	0.38013	0.32240	0.29747
150 T	0.39463	0.29224	0.31314
151 C	0.39729	0.27951	0.32321
152 A	0.40066	0.26985	0.32949
153 T	0.41292	0.24858	0.33849
154 C	0.41354	0.24311	0.34335
155 A	0.41468	0.24077	0.34455
156 T	0.41800	0.23584	0.34616
157 T	0.41999	0.22944	0.35057
158 T	0.42010	0.22664	0.35326
159 A	0.41741	0.22771	0.35489
160 G	0.41770	0.21210	0.37019
161 T	0.41962	0.18684	0.39354
162 T	0.41935	0.16172	0.41893
163 G	0.41600	0.14821	0.43578
164 T	0.41394	0.13297	0.45309
165 A	0.40515	0.12322	0.47162
166 G	0.39687	0.10508	0.49805
167 T	0.39139	0.10592	0.50269
168 T	0.37507	0.13666	0.48827
169 G	0.34675	0.20915	0.4441
170 A	0.33836	0.28368	0.37795
171 A	0.32998	0.35467	0.31535
172 G	0.32374	0.41131	0.26495
173 A	0.32118	0.44913	0.22969
174 A	0.31983	0.47018	0.20999
175 A	0.31636	0.49415	0.18948
176 T	0.31724	0.49614	0.18662
177 T	0.31746	0.49770	0.18484
178 A	0.31643	0.50052	0.18305
179 T	0.31666	0.49971	0.18363
180 T	0.31630	0.49947	0.18423
181 A	0.31638	0.49814	0.18548
182 A	0.31661	0.49414	0.18926
183 T	0.31697	0.49188	0.19115
184 A	0.31718	0.49055	0.19228
185 A	0.31768	0.48695	0.19537
186 A	0.31921	0.47982	0.20097
187 G	0.32274	0.46975	0.20751
188 A	0.32884	0.45375	0.2174
189 G	0.33864	0.43249	0.22887
190 A	0.35530	0.40734	0.23737
191 G	0.38240	0.36177	0.25583
192 C	0.43255	0.28730	0.28015
193 A	0.49783	0.21654	0.28563
194 A	0.56429	0.14383	0.29189
195 T	0.62447	0.07779	0.29774
196 T	0.65678	0.04284	0.30038
197 A	0.67043	0.02747	0.3021
198 A	0.68946	0.00000	0.31054
