# lcl|CP097583.1_cds_USQ93127.1_1
# AA	inside	membr	outside
1 A	0.55487	0.00000	0.44513
2 T	0.55445	0.00042	0.44513
3 G	0.55408	0.00080	0.44513
4 A	0.55408	0.00949	0.43643
5 A	0.54881	0.02084	0.43035
6 G	0.54881	0.02166	0.42953
7 A	0.54317	0.02754	0.42929
8 A	0.54317	0.02755	0.42929
9 T	0.54305	0.02770	0.42925
10 T	0.54305	0.03023	0.42672
11 T	0.54296	0.03054	0.4265
12 T	0.53994	0.03376	0.4263
13 T	0.53128	0.04455	0.42417
14 T	0.53126	0.04457	0.42417
15 T	0.53126	0.12183	0.34692
16 A	0.50734	0.14575	0.34692
17 T	0.47053	0.18451	0.34496
18 A	0.46757	0.19050	0.34194
19 A	0.39508	0.26492	0.34
20 A	0.24542	0.42963	0.32495
21 A	0.03934	0.63576	0.3249
22 A	0.02976	0.64665	0.32358
23 A	0.02518	0.65185	0.32297
24 T	0.02302	0.65448	0.3225
25 A	0.01851	0.65964	0.32185
26 A	0.01733	0.66084	0.32183
27 A	0.02347	0.65420	0.32234
28 A	0.02750	0.64577	0.32673
29 T	0.02792	0.64487	0.32721
30 T	0.02731	0.64119	0.33151
31 C	0.02333	0.64501	0.33166
32 A	0.01803	0.65176	0.33021
33 A	0.01276	0.65732	0.32992
34 A	0.01059	0.65997	0.32945
35 A	0.01130	0.65756	0.33115
36 A	0.01340	0.65066	0.33594
37 A	0.01562	0.64411	0.34028
38 A	0.08338	0.56914	0.34748
39 A	0.08521	0.53129	0.3835
40 T	0.09287	0.46912	0.43802
41 A	0.09568	0.44260	0.46173
42 T	0.09657	0.37066	0.53277
43 A	0.10356	0.24881	0.64763
44 A	0.09670	0.09295	0.81036
45 T	0.09821	0.07665	0.82514
46 A	0.09782	0.07323	0.82896
47 A	0.09818	0.07311	0.82871
48 T	0.09925	0.07092	0.82983
49 T	0.09622	0.07416	0.82962
50 A	0.07015	0.09990	0.82994
51 T	0.06798	0.10176	0.83026
52 G	0.06461	0.10348	0.8319
53 A	0.06318	0.10339	0.83343
54 A	0.06164	0.10059	0.83777
55 T	0.06271	0.09344	0.84385
56 C	0.06209	0.08820	0.8497
57 T	0.06122	0.09029	0.84849
58 A	0.05979	0.09860	0.84162
59 T	0.05960	0.10006	0.84035
60 T	0.05923	0.10124	0.83953
61 T	0.05885	0.10327	0.83788
62 T	0.05820	0.10406	0.83774
63 G	0.05434	0.10792	0.83774
64 A	0.05326	0.10814	0.8386
65 G	0.05232	0.10735	0.84034
66 A	0.05061	0.10815	0.84125
67 C	0.05079	0.10195	0.84725
68 A	0.05190	0.10097	0.84713
69 A	0.05621	0.09563	0.84817
70 A	0.06179	0.08876	0.84944
71 T	0.06717	0.08253	0.85031
72 T	0.06986	0.07737	0.85277
73 A	0.07115	0.05296	0.87589
74 T	0.07309	0.04869	0.87822
75 T	0.07310	0.04576	0.88113
76 A	0.07270	0.04473	0.88256
77 T	0.07247	0.04313	0.8844
78 A	0.07196	0.04266	0.88538
79 G	0.07187	0.04133	0.8868
80 C	0.07431	0.03717	0.88852
81 A	0.08110	0.02952	0.88938
82 T	0.08343	0.02668	0.88989
83 C	0.08441	0.02517	0.89042
84 T	0.08579	0.02368	0.89053
85 A	0.08633	0.02294	0.89073
86 T	0.08674	0.01912	0.89414
87 A	0.08633	0.01881	0.89486
88 T	0.08655	0.01755	0.89589
89 T	0.08589	0.01540	0.89871
90 A	0.08343	0.01654	0.90002
91 T	0.08150	0.01750	0.901
92 C	0.07623	0.02230	0.90147
93 A	0.07199	0.02662	0.90139
94 G	0.07082	0.02773	0.90144
95 G	0.07068	0.02777	0.90155
96 C	0.07162	0.02671	0.90166
97 T	0.07258	0.02572	0.9017
98 T	0.07296	0.02486	0.90219
99 A	0.07295	0.02428	0.90277
100 T	0.07305	0.02357	0.90337
101 C	0.07302	0.02298	0.904
102 T	0.07297	0.02249	0.90454
103 G	0.07284	0.02242	0.90474
104 T	0.07280	0.02228	0.90492
105 T	0.07176	0.02341	0.90483
106 G	0.06891	0.02657	0.90453
107 T	0.06575	0.03064	0.90361
108 A	0.06003	0.03696	0.90301
109 A	0.05713	0.03991	0.90296
110 T	0.05639	0.04011	0.90351
111 A	0.05484	0.04161	0.90355
112 A	0.05420	0.04127	0.90454
113 A	0.05406	0.03915	0.9068
114 A	0.05395	0.03697	0.90908
115 A	0.05371	0.03236	0.91393
116 T	0.05376	0.02824	0.91801
117 T	0.05357	0.02724	0.9192
118 C	0.05323	0.02704	0.91972
119 T	0.05304	0.02732	0.91964
120 T	0.05279	0.02771	0.9195
121 T	0.05250	0.02819	0.9193
122 C	0.05215	0.02868	0.91917
123 T	0.05195	0.02925	0.9188
124 A	0.05163	0.03015	0.91821
125 A	0.05128	0.03066	0.91807
126 T	0.05087	0.03093	0.9182
127 A	0.05032	0.03141	0.91826
128 A	0.05030	0.02980	0.9199
129 A	0.05058	0.02621	0.92321
130 T	0.05189	0.02091	0.92719
131 T	0.05247	0.01470	0.93283
132 C	0.05214	0.01229	0.93556
133 A	0.05179	0.01231	0.93591
134 T	0.05161	0.01185	0.93654
135 T	0.05041	0.01287	0.93672
136 A	0.04774	0.01548	0.93678
137 A	0.04636	0.01680	0.93685
138 A	0.04579	0.01688	0.93732
139 G	0.04558	0.01663	0.93779
140 G	0.04558	0.01610	0.93833
141 T	0.04583	0.01527	0.93891
142 C	0.04599	0.01460	0.93941
143 C	0.04621	0.01420	0.93958
144 T	0.04663	0.01389	0.93948
145 T	0.04683	0.01386	0.93931
146 T	0.04690	0.01383	0.93927
147 T	0.04692	0.01385	0.93923
148 T	0.04674	0.01398	0.93927
149 T	0.04629	0.01396	0.93975
150 T	0.04387	0.01596	0.94016
151 A	0.04040	0.01936	0.94024
152 A	0.03864	0.02092	0.94044
153 A	0.03469	0.02473	0.94058
154 A	0.03287	0.02619	0.94093
155 T	0.03152	0.02674	0.94174
156 A	0.02993	0.02764	0.94243
157 A	0.02916	0.02785	0.94299
158 T	0.02879	0.02696	0.94425
159 A	0.02810	0.02567	0.94623
160 T	0.02777	0.02482	0.94741
161 T	0.02717	0.02500	0.94783
162 A	0.02608	0.02594	0.94799
163 A	0.02554	0.02630	0.94816
164 A	0.02527	0.02643	0.94829
165 A	0.02516	0.02632	0.94852
166 A	0.02517	0.02603	0.9488
167 C	0.02543	0.02534	0.94923
168 T	0.02578	0.02477	0.94946
169 A	0.02589	0.02430	0.94981
170 C	0.02607	0.02337	0.95056
171 T	0.02638	0.02274	0.95088
172 T	0.02658	0.02223	0.95119
173 T	0.02673	0.01975	0.95351
174 T	0.02686	0.01682	0.95631
175 G	0.02691	0.01542	0.95766
176 T	0.02702	0.01127	0.96171
177 A	0.02708	0.00936	0.96357
178 G	0.02718	0.00772	0.9651
179 A	0.02734	0.00603	0.96663
180 T	0.02764	0.00468	0.96767
181 T	0.02778	0.00383	0.96839
182 T	0.02793	0.00285	0.96922
183 T	0.02797	0.00236	0.96966
184 T	0.02800	0.00180	0.9702
185 T	0.02802	0.00104	0.97093
186 A	0.02798	0.00074	0.97128
187 T	0.02797	0.00054	0.97149
188 G	0.02796	0.00049	0.97155
189 T	0.02795	0.00050	0.97155
190 T	0.02795	0.00060	0.97145
191 T	0.02794	0.00065	0.97141
192 T	0.02794	0.00065	0.97141
193 A	0.02793	0.00066	0.97142
194 T	0.02791	0.00066	0.97143
195 T	0.02786	0.00070	0.97144
196 C	0.02776	0.00079	0.97146
197 C	0.02768	0.00087	0.97145
198 T	0.02762	0.00092	0.97145
199 T	0.02756	0.00098	0.97146
200 T	0.02749	0.00105	0.97146
201 A	0.02737	0.00117	0.97146
202 C	0.02734	0.00120	0.97146
203 T	0.02732	0.00122	0.97145
204 T	0.02707	0.00148	0.97145
205 A	0.02665	0.00192	0.97142
206 T	0.02640	0.00218	0.97143
207 T	0.02572	0.00285	0.97143
208 A	0.02465	0.00390	0.97145
209 T	0.02427	0.00423	0.9715
210 C	0.02386	0.00461	0.97153
211 C	0.02368	0.00478	0.97154
212 C	0.02362	0.00484	0.97154
213 T	0.02367	0.00481	0.97153
214 T	0.02363	0.00485	0.97152
215 T	0.02358	0.00491	0.97151
216 A	0.02352	0.00497	0.9715
217 T	0.02348	0.00500	0.97152
218 A	0.02343	0.00498	0.9716
219 T	0.02325	0.00501	0.97174
220 T	0.02299	0.00516	0.97185
221 C	0.02223	0.00582	0.97195
222 T	0.02151	0.00652	0.97196
223 A	0.02015	0.00791	0.97194
224 A	0.01911	0.00895	0.97194
225 A	0.01867	0.00943	0.9719
226 A	0.01854	0.00957	0.97189
227 A	0.01848	0.00930	0.97222
228 A	0.01848	0.00877	0.97275
229 A	0.01848	0.00837	0.97316
230 G	0.01848	0.00756	0.97396
231 T	0.01848	0.00659	0.97493
232 T	0.01848	0.00619	0.97533
233 T	0.01847	0.00586	0.97568
234 C	0.01844	0.00567	0.97588
235 G	0.01844	0.00561	0.97595
236 C	0.01844	0.00555	0.976
237 T	0.01845	0.00552	0.97602
238 T	0.01845	0.00550	0.97605
239 T	0.01845	0.00550	0.97604
240 T	0.01837	0.00556	0.97607
241 A	0.01818	0.00574	0.97609
242 T	0.01807	0.00546	0.97647
243 A	0.01781	0.00527	0.97692
244 G	0.01770	0.00444	0.97786
245 G	0.01769	0.00373	0.97859
246 A	0.01773	0.00262	0.97964
247 G	0.01779	0.00171	0.9805
248 C	0.01787	0.00131	0.98083
249 T	0.01791	0.00125	0.98084
250 T	0.01792	0.00125	0.98083
251 T	0.01792	0.00127	0.98081
252 T	0.01791	0.00131	0.98078
253 T	0.01788	0.00134	0.98079
254 T	0.01783	0.00137	0.98079
255 A	0.01770	0.00149	0.98081
256 T	0.01760	0.00157	0.98083
257 C	0.01741	0.00174	0.98085
258 A	0.01713	0.00201	0.98085
259 G	0.01688	0.00226	0.98086
260 A	0.01679	0.00236	0.98085
261 A	0.01672	0.00242	0.98086
262 G	0.01669	0.00243	0.98087
263 G	0.01672	0.00228	0.981
264 T	0.01676	0.00204	0.98119
265 A	0.01678	0.00192	0.9813
266 T	0.01681	0.00166	0.98153
267 C	0.01681	0.00157	0.98162
268 G	0.01682	0.00155	0.98164
269 C	0.01683	0.00153	0.98165
270 A	0.01685	0.00151	0.98165
271 T	0.01688	0.00147	0.98164
272 T	0.01693	0.00143	0.98164
273 T	0.01696	0.00139	0.98164
274 T	0.01696	0.00140	0.98165
275 T	0.01694	0.00134	0.98172
276 T	0.01691	0.00129	0.9818
277 T	0.01685	0.00126	0.98189
278 G	0.01674	0.00123	0.98203
279 T	0.01666	0.00122	0.98212
280 A	0.01644	0.00135	0.98221
281 A	0.01630	0.00131	0.98239
282 T	0.01621	0.00120	0.98259
283 A	0.01598	0.00136	0.98266
284 A	0.01589	0.00138	0.98273
285 G	0.01588	0.00134	0.98277
286 C	0.01588	0.00133	0.98279
287 G	0.01588	0.00133	0.98279
288 T	0.01588	0.00132	0.9828
289 T	0.01588	0.00132	0.9828
290 C	0.01587	0.00133	0.9828
291 T	0.01586	0.00135	0.98279
292 A	0.01583	0.00138	0.98279
293 G	0.01582	0.00139	0.9828
294 T	0.01580	0.00141	0.98279
295 T	0.01579	0.00144	0.98278
296 A	0.01573	0.00148	0.98278
297 T	0.01571	0.00145	0.98283
298 G	0.01565	0.00147	0.98288
299 T	0.01562	0.00145	0.98292
300 A	0.01555	0.00148	0.98298
301 T	0.01554	0.00139	0.98307
302 A	0.01553	0.00134	0.98313
303 T	0.01555	0.00112	0.98332
304 A	0.01553	0.00102	0.98345
305 A	0.01552	0.00093	0.98355
306 T	0.01551	0.00073	0.98376
307 C	0.01548	0.00068	0.98383
308 C	0.01547	0.00069	0.98384
309 T	0.01546	0.00070	0.98385
310 A	0.01544	0.00071	0.98385
311 T	0.01544	0.00072	0.98385
312 T	0.01541	0.00074	0.98385
313 T	0.01537	0.00078	0.98386
314 T	0.01532	0.00081	0.98387
315 A	0.01525	0.00085	0.9839
316 A	0.01523	0.00085	0.98392
317 G	0.01522	0.00083	0.98396
318 T	0.01523	0.00078	0.98399
319 T	0.01524	0.00073	0.98404
320 T	0.01522	0.00071	0.98407
321 A	0.01519	0.00070	0.98411
322 A	0.01518	0.00067	0.98415
323 C	0.01518	0.00059	0.98423
324 T	0.01519	0.00056	0.98424
325 T	0.01519	0.00055	0.98427
326 A	0.01518	0.00055	0.98428
327 T	0.01518	0.00053	0.98429
328 G	0.01517	0.00052	0.9843
329 G	0.01517	0.00050	0.98433
330 T	0.01518	0.00046	0.98436
331 T	0.01518	0.00045	0.98437
332 T	0.01518	0.00044	0.98438
333 T	0.01517	0.00043	0.9844
334 A	0.01515	0.00044	0.98441
335 T	0.01515	0.00041	0.98445
336 T	0.01513	0.00039	0.98449
337 T	0.01509	0.00038	0.98453
338 G	0.01505	0.00037	0.98458
339 G	0.01502	0.00038	0.98461
340 G	0.01500	0.00039	0.98461
341 G	0.01499	0.00039	0.98462
342 A	0.01498	0.00039	0.98463
343 A	0.01499	0.00037	0.98464
344 T	0.01499	0.00034	0.98468
345 T	0.01499	0.00032	0.9847
346 T	0.01499	0.00031	0.9847
347 T	0.01499	0.00030	0.98471
348 G	0.01497	0.00031	0.98472
349 C	0.01495	0.00032	0.98472
350 C	0.01493	0.00034	0.98472
351 T	0.01491	0.00038	0.98472
352 A	0.01485	0.00046	0.98469
353 G	0.01478	0.00055	0.98466
354 T	0.01476	0.00061	0.98462
355 T	0.01472	0.00071	0.98457
356 T	0.01467	0.00078	0.98455
357 G	0.01462	0.00084	0.98454
358 T	0.01461	0.00088	0.98451
359 T	0.01458	0.00091	0.98451
360 T	0.01452	0.00097	0.98451
361 T	0.01445	0.00103	0.98452
362 T	0.01435	0.00111	0.98454
363 A	0.01384	0.00163	0.98454
364 A	0.01341	0.00205	0.98454
365 C	0.01320	0.00226	0.98454
366 T	0.01297	0.00254	0.9845
367 A	0.01245	0.00315	0.9844
368 A	0.01177	0.00395	0.98427
369 A	0.01133	0.00456	0.98411
370 A	0.01109	0.00489	0.98403
371 A	0.01096	0.00503	0.98401
372 G	0.01090	0.00508	0.98402
373 A	0.01085	0.00513	0.98401
374 A	0.01085	0.00512	0.98404
375 A	0.01087	0.00504	0.98409
376 G	0.01090	0.00494	0.98416
377 A	0.01096	0.00484	0.9842
378 T	0.01104	0.00469	0.98426
379 T	0.01109	0.00457	0.98434
380 C	0.01111	0.00446	0.98443
381 T	0.01114	0.00440	0.98445
382 T	0.01116	0.00436	0.98449
383 T	0.01116	0.00431	0.98453
384 A	0.01115	0.00430	0.98456
385 T	0.01115	0.00424	0.98461
386 T	0.01115	0.00371	0.98515
387 G	0.01112	0.00333	0.98555
388 A	0.01111	0.00314	0.98575
389 A	0.01116	0.00287	0.98597
390 A	0.01124	0.00235	0.98641
391 A	0.01137	0.00160	0.98702
392 T	0.01157	0.00100	0.98744
393 T	0.01165	0.00069	0.98766
394 T	0.01168	0.00057	0.98775
395 A	0.01169	0.00052	0.9878
396 T	0.01170	0.00047	0.98783
397 T	0.01171	0.00044	0.98785
398 T	0.01171	0.00043	0.98786
399 T	0.01170	0.00044	0.98786
400 T	0.01170	0.00046	0.98785
401 C	0.01168	0.00048	0.98784
402 T	0.01167	0.00051	0.98781
403 A	0.01166	0.00054	0.9878
404 T	0.01166	0.00054	0.9878
405 A	0.01166	0.00055	0.98779
406 A	0.01167	0.00054	0.9878
407 C	0.01170	0.00047	0.98783
408 T	0.01175	0.00041	0.98783
409 T	0.01178	0.00038	0.98784
410 T	0.01181	0.00034	0.98785
411 T	0.01182	0.00032	0.98786
412 A	0.01183	0.00031	0.98786
413 T	0.01185	0.00028	0.98787
414 T	0.01186	0.00026	0.98787
415 T	0.01187	0.00025	0.98787
416 T	0.01187	0.00025	0.98787
417 T	0.01187	0.00025	0.98787
418 A	0.01186	0.00026	0.98788
419 T	0.01187	0.00025	0.98788
420 T	0.01186	0.00026	0.98788
421 A	0.01185	0.00026	0.98788
422 T	0.01185	0.00025	0.9879
423 T	0.01186	0.00023	0.98791
424 C	0.01186	0.00021	0.98793
425 A	0.01188	0.00019	0.98793
426 T	0.01189	0.00017	0.98793
427 T	0.01190	0.00016	0.98794
428 T	0.01190	0.00015	0.98795
429 T	0.01190	0.00015	0.98795
430 A	0.01190	0.00016	0.98795
431 T	0.01190	0.00015	0.98795
432 T	0.01191	0.00014	0.98795
433 T	0.01191	0.00014	0.98795
434 T	0.01191	0.00014	0.98795
435 T	0.01191	0.00014	0.98795
436 T	0.01190	0.00015	0.98795
437 A	0.01190	0.00017	0.98793
438 T	0.01188	0.00019	0.98793
439 T	0.01186	0.00022	0.98792
440 A	0.01181	0.00030	0.98789
441 T	0.01177	0.00037	0.98787
442 A	0.01169	0.00051	0.98779
443 T	0.01163	0.00064	0.98772
444 G	0.01153	0.00081	0.98765
445 T	0.01148	0.00093	0.9876
446 T	0.01141	0.00104	0.98755
447 G	0.01131	0.00121	0.98749
448 A	0.01126	0.00130	0.98743
449 G	0.01125	0.00132	0.98743
450 T	0.01124	0.00132	0.98743
451 A	0.01123	0.00133	0.98743
452 T	0.01123	0.00133	0.98743
453 C	0.01123	0.00133	0.98744
454 A	0.01123	0.00133	0.98744
455 C	0.01123	0.00133	0.98745
456 T	0.01123	0.00133	0.98745
457 T	0.01123	0.00133	0.98743
458 G	0.01122	0.00134	0.98743
459 G	0.01123	0.00134	0.98743
460 A	0.01124	0.00134	0.98742
461 T	0.01125	0.00132	0.98743
462 A	0.01126	0.00132	0.98742
463 A	0.01130	0.00127	0.98743
464 A	0.01135	0.00120	0.98745
465 A	0.01144	0.00103	0.98753
466 T	0.01156	0.00084	0.98761
467 T	0.01166	0.00064	0.98769
468 T	0.01172	0.00054	0.98774
469 G	0.01174	0.00047	0.98779
470 T	0.01177	0.00037	0.98785
471 T	0.01180	0.00032	0.98788
472 T	0.01180	0.00032	0.98788
473 T	0.01180	0.00032	0.98788
474 T	0.01178	0.00035	0.98787
475 T	0.01174	0.00042	0.98784
476 T	0.01168	0.00052	0.9878
477 A	0.01159	0.00061	0.9878
478 G	0.01154	0.00066	0.9878
479 A	0.01151	0.00069	0.9878
480 T	0.01149	0.00071	0.9878
481 C	0.01142	0.00078	0.98779
482 A	0.01138	0.00089	0.98773
483 A	0.01138	0.00099	0.98763
484 A	0.01140	0.00106	0.98754
485 A	0.01143	0.00109	0.98748
486 T	0.01147	0.00109	0.98744
487 T	0.01149	0.00109	0.98742
488 A	0.01150	0.00109	0.98741
489 T	0.01150	0.00110	0.98739
490 T	0.01150	0.00112	0.98738
491 C	0.01148	0.00114	0.98738
492 T	0.01147	0.00117	0.98736
493 T	0.01144	0.00122	0.98734
494 T	0.01140	0.00127	0.98733
495 G	0.01136	0.00133	0.98731
496 A	0.01134	0.00136	0.9873
497 A	0.01135	0.00133	0.98732
498 T	0.01138	0.00125	0.98738
499 T	0.01139	0.00117	0.98743
500 T	0.01138	0.00111	0.98751
501 G	0.01136	0.00110	0.98754
502 A	0.01136	0.00108	0.98756
503 A	0.01136	0.00106	0.98758
504 A	0.01137	0.00099	0.98764
505 G	0.01143	0.00088	0.98769
506 C	0.01154	0.00076	0.98771
507 A	0.01163	0.00067	0.9877
508 A	0.01169	0.00061	0.9877
509 A	0.01174	0.00056	0.9877
510 T	0.01177	0.00053	0.9877
511 A	0.01179	0.00052	0.9877
512 T	0.01182	0.00046	0.98772
513 T	0.01185	0.00042	0.98773
514 T	0.01185	0.00044	0.98771
515 T	0.01186	0.00044	0.9877
516 T	0.01186	0.00044	0.9877
517 G	0.01185	0.00048	0.98767
518 G	0.01185	0.00051	0.98764
519 T	0.01187	0.00049	0.98765
520 T	0.01187	0.00048	0.98765
521 T	0.01187	0.00048	0.98764
522 A	0.01186	0.00049	0.98765
523 C	0.01185	0.00048	0.98767
524 G	0.01185	0.00047	0.98768
525 T	0.01185	0.00046	0.98768
526 C	0.01185	0.00046	0.98768
527 G	0.01185	0.00047	0.98768
528 T	0.01185	0.00047	0.98768
529 G	0.01185	0.00047	0.98768
530 T	0.01185	0.00047	0.98768
531 A	0.01185	0.00048	0.98767
532 G	0.01185	0.00048	0.98767
533 A	0.01186	0.00048	0.98767
534 A	0.01187	0.00047	0.98766
535 A	0.01188	0.00046	0.98766
536 G	0.01193	0.00041	0.98767
537 T	0.01201	0.00032	0.98768
538 T	0.01206	0.00026	0.98768
539 C	0.01209	0.00023	0.98769
540 T	0.01213	0.00018	0.98769
541 G	0.01216	0.00015	0.98768
542 T	0.01217	0.00014	0.98769
543 T	0.01218	0.00013	0.98769
544 T	0.01219	0.00013	0.98769
545 T	0.01219	0.00011	0.9877
546 T	0.01219	0.00010	0.98771
547 T	0.01219	0.00010	0.98771
548 T	0.01219	0.00010	0.9877
549 T	0.01219	0.00010	0.98771
550 T	0.01219	0.00011	0.98771
551 G	0.01218	0.00012	0.9877
552 T	0.01218	0.00013	0.98769
553 A	0.01216	0.00016	0.98768
554 T	0.01216	0.00017	0.98767
555 T	0.01215	0.00020	0.98765
556 A	0.01213	0.00023	0.98764
557 A	0.01212	0.00025	0.98763
558 A	0.01212	0.00026	0.98762
559 T	0.01212	0.00027	0.98761
560 T	0.01212	0.00027	0.98761
561 T	0.01212	0.00028	0.98761
562 G	0.01212	0.00028	0.9876
563 T	0.01212	0.00027	0.9876
564 T	0.01212	0.00028	0.9876
565 T	0.01211	0.00029	0.9876
566 C	0.01210	0.00030	0.9876
567 T	0.01209	0.00031	0.9876
568 T	0.01208	0.00033	0.98759
569 T	0.01207	0.00034	0.98759
570 A	0.01205	0.00037	0.98758
571 T	0.01205	0.00038	0.98756
572 T	0.01205	0.00039	0.98755
573 T	0.01205	0.00039	0.98756
574 A	0.01205	0.00040	0.98755
575 T	0.01206	0.00038	0.98756
576 A	0.01206	0.00037	0.98756
577 T	0.01207	0.00035	0.98758
578 T	0.01208	0.00032	0.98759
579 A	0.01209	0.00030	0.98761
580 T	0.01211	0.00027	0.98762
581 C	0.01212	0.00026	0.98763
582 T	0.01212	0.00025	0.98762
583 T	0.01212	0.00025	0.98762
584 T	0.01213	0.00025	0.98763
585 T	0.01212	0.00025	0.98763
586 A	0.01212	0.00026	0.98762
587 T	0.01212	0.00025	0.98763
588 T	0.01212	0.00024	0.98764
589 T	0.01212	0.00023	0.98766
590 G	0.01212	0.00022	0.98766
591 T	0.01212	0.00021	0.98767
592 G	0.01212	0.00020	0.98768
593 C	0.01214	0.00019	0.98767
594 T	0.01215	0.00033	0.98752
595 T	0.01215	0.00065	0.98719
596 T	0.01212	0.00133	0.98655
597 T	0.01210	0.00265	0.98525
598 A	0.01204	0.00375	0.98421
599 T	0.01201	0.00493	0.98306
600 T	0.01198	0.00671	0.98131
601 T	0.01191	0.00794	0.98014
602 A	0.01184	0.00907	0.97909
603 T	0.01177	0.00973	0.97851
604 A	0.01162	0.01042	0.97795
605 A	0.01124	0.01131	0.97746
606 T	0.01104	0.01178	0.97718
607 A	0.01091	0.01200	0.97709
608 G	0.01080	0.01213	0.97707
609 G	0.01073	0.01222	0.97705
610 A	0.01069	0.01227	0.97704
611 C	0.01066	0.01232	0.97702
612 C	0.01058	0.01247	0.97696
613 A	0.01050	0.01268	0.97682
614 A	0.01047	0.01280	0.97672
615 G	0.01046	0.01285	0.97668
616 A	0.01049	0.01288	0.97663
617 A	0.01070	0.01268	0.97663
618 A	0.01112	0.01223	0.97665
619 G	0.01195	0.01134	0.97671
620 T	0.01365	0.00960	0.97674
621 A	0.01469	0.00849	0.97681
622 C	0.01617	0.00694	0.97689
623 T	0.01810	0.00496	0.97693
624 T	0.01916	0.00385	0.97698
625 T	0.01978	0.00319	0.97704
626 T	0.02011	0.00279	0.97709
627 A	0.02034	0.00248	0.97718
628 T	0.02070	0.00170	0.9776
629 C	0.02090	0.00128	0.97781
630 A	0.02099	0.00110	0.9779
631 T	0.02107	0.00093	0.97801
632 T	0.02113	0.00081	0.97806
633 A	0.02117	0.00073	0.97809
634 T	0.02126	0.00061	0.97813
635 T	0.02134	0.00042	0.97824
636 T	0.02143	0.00023	0.97833
637 T	0.02149	0.00013	0.97838
638 A	0.02151	0.00007	0.97841
639 A	0.02155	0.00000	0.97845
