# lcl|CP097583.1_cds_USQ93379.1_1
# AA	inside	membr	outside
1 A	0.14774	0.00000	0.85226
2 T	0.14616	0.00158	0.85226
3 G	0.14556	0.00218	0.85226
4 C	0.14556	0.02012	0.83432
5 A	0.13693	0.03618	0.82689
6 A	0.13692	0.03771	0.82537
7 A	0.12648	0.04855	0.82497
8 T	0.12648	0.04857	0.82495
9 C	0.12227	0.05316	0.82457
10 A	0.12226	0.14853	0.72921
11 A	0.12117	0.15070	0.72812
12 A	0.09903	0.17308	0.72789
13 A	0.04455	0.22803	0.72741
14 A	0.04454	0.22805	0.72741
15 C	0.04454	0.22935	0.72611
16 T	0.04374	0.23015	0.72611
17 T	0.04222	0.23174	0.72603
18 A	0.04212	0.23187	0.72601
19 A	0.04008	0.23392	0.72599
20 A	0.03569	0.23842	0.72589
21 T	0.03369	0.24023	0.72607
22 C	0.03343	0.24012	0.72644
23 A	0.03345	0.23985	0.72671
24 A	0.03462	0.23839	0.72699
25 C	0.03594	0.23457	0.72949
26 G	0.03679	0.23328	0.72993
27 T	0.05237	0.21716	0.73047
28 A	0.05781	0.20521	0.73699
29 C	0.06019	0.20095	0.73885
30 C	0.06386	0.19227	0.74387
31 A	0.06589	0.19014	0.74397
32 A	0.06963	0.18353	0.74684
33 A	0.15147	0.10127	0.74727
34 T	0.15382	0.09820	0.74797
35 T	0.15014	0.08284	0.76702
36 A	0.14523	0.03504	0.81972
37 T	0.13174	0.04551	0.82275
38 G	0.12570	0.05249	0.82181
39 G	0.10535	0.07413	0.82053
40 T	0.10338	0.07686	0.81977
41 A	0.10033	0.08052	0.81915
42 T	0.09949	0.07943	0.82109
43 C	0.09220	0.08394	0.82386
44 A	0.06818	0.10748	0.82435
45 A	0.05112	0.12447	0.82441
46 C	0.04809	0.12729	0.82462
47 A	0.04514	0.13024	0.82462
48 C	0.04414	0.13121	0.82465
49 C	0.04354	0.13178	0.82468
50 G	0.04317	0.13227	0.82456
51 A	0.04259	0.13287	0.82454
52 C	0.04152	0.13392	0.82455
53 A	0.03964	0.13593	0.82443
54 A	0.03888	0.13686	0.82426
55 A	0.03875	0.13683	0.82442
56 A	0.03873	0.13597	0.8253
57 A	0.03918	0.13439	0.82644
58 T	0.04013	0.12344	0.83644
59 A	0.04052	0.11252	0.84696
60 C	0.04168	0.09526	0.86306
61 A	0.04462	0.08757	0.8678
62 T	0.04795	0.07170	0.88035
63 C	0.04970	0.06775	0.88255
64 A	0.05076	0.06523	0.88401
65 A	0.05100	0.06392	0.88508
66 T	0.05124	0.05411	0.89465
67 G	0.05120	0.03262	0.91619
68 C	0.05131	0.01880	0.9299
69 T	0.05135	0.01521	0.93345
70 T	0.05124	0.01262	0.93614
71 C	0.05099	0.01214	0.93687
72 T	0.05019	0.01313	0.93668
73 G	0.04901	0.01449	0.9365
74 A	0.04807	0.01543	0.9365
75 A	0.04756	0.01543	0.937
76 A	0.04734	0.01435	0.9383
77 T	0.04751	0.01236	0.94013
78 A	0.04764	0.01142	0.94094
79 G	0.04763	0.01035	0.94202
80 C	0.04765	0.00987	0.94247
81 A	0.04768	0.00979	0.94253
82 T	0.04771	0.00962	0.94267
83 C	0.04772	0.00948	0.9428
84 C	0.04776	0.00941	0.94283
85 A	0.04782	0.00935	0.94283
86 T	0.04803	0.00905	0.94292
87 T	0.04808	0.00892	0.943
88 A	0.04809	0.00887	0.94304
89 C	0.04813	0.00861	0.94326
90 T	0.04817	0.00812	0.9437
91 G	0.04820	0.00785	0.94395
92 G	0.04835	0.00755	0.94411
93 T	0.04891	0.00679	0.94429
94 T	0.04933	0.00621	0.94447
95 T	0.04956	0.00507	0.94537
96 A	0.04965	0.00389	0.94646
97 G	0.04990	0.00273	0.94738
98 A	0.05009	0.00202	0.94789
99 C	0.05027	0.00143	0.94829
100 C	0.05043	0.00121	0.94835
101 C	0.05067	0.00095	0.94837
102 T	0.05072	0.00090	0.94837
103 T	0.05065	0.00098	0.94837
104 T	0.05061	0.00102	0.94837
105 T	0.05056	0.00108	0.94836
106 C	0.05048	0.00114	0.94838
107 G	0.05045	0.00115	0.9484
108 T	0.05044	0.00115	0.94842
109 T	0.05037	0.00121	0.94841
110 C	0.04987	0.00171	0.94842
111 C	0.04908	0.00252	0.9484
112 T	0.04791	0.00380	0.9483
113 T	0.04465	0.00721	0.94814
114 A	0.04302	0.00888	0.9481
115 G	0.04210	0.00981	0.94809
116 A	0.04172	0.01020	0.94808
117 A	0.04161	0.01020	0.94818
118 C	0.04156	0.01008	0.94836
119 A	0.04150	0.01006	0.94844
120 A	0.04147	0.01003	0.9485
121 T	0.04142	0.01005	0.94853
122 T	0.04130	0.01016	0.94855
123 A	0.04108	0.01036	0.94856
124 G	0.04104	0.01030	0.94866
125 T	0.04102	0.01023	0.94875
126 C	0.04096	0.01016	0.94888
127 C	0.04093	0.01016	0.94891
128 A	0.04092	0.01021	0.94888
129 T	0.04089	0.01024	0.94887
130 G	0.04084	0.01030	0.94885
131 A	0.04082	0.01033	0.94884
132 T	0.04077	0.01028	0.94894
133 A	0.04075	0.00958	0.94966
134 A	0.04077	0.00839	0.95084
135 A	0.04086	0.00671	0.95243
136 C	0.04100	0.00297	0.95603
137 T	0.04104	0.00192	0.95703
138 C	0.04106	0.00138	0.95757
139 T	0.04106	0.00135	0.95759
140 T	0.04105	0.00140	0.95756
141 T	0.04096	0.00154	0.9575
142 G	0.04071	0.00176	0.95753
143 G	0.04054	0.00194	0.95752
144 A	0.04046	0.00197	0.95757
145 A	0.04040	0.00188	0.95772
146 C	0.04032	0.00171	0.95797
147 G	0.04024	0.00178	0.95798
148 T	0.04024	0.00179	0.95796
149 C	0.04023	0.00182	0.95795
150 A	0.04023	0.00195	0.95782
151 T	0.04025	0.00193	0.95782
152 T	0.04025	0.00190	0.95785
153 T	0.04013	0.00198	0.95789
154 A	0.03972	0.00237	0.95791
155 C	0.03950	0.00250	0.958
156 C	0.03930	0.00267	0.95803
157 G	0.03913	0.00284	0.95803
158 C	0.03882	0.00316	0.95802
159 T	0.03874	0.00323	0.95802
160 A	0.03854	0.00345	0.95801
161 A	0.03836	0.00363	0.958
162 T	0.03835	0.00361	0.95805
163 C	0.03820	0.00373	0.95807
164 A	0.03784	0.00400	0.95816
165 A	0.03762	0.00399	0.95838
166 T	0.03755	0.00390	0.95855
167 A	0.03732	0.00406	0.95862
168 C	0.03722	0.00409	0.95869
169 A	0.03710	0.00412	0.95877
170 C	0.03707	0.00405	0.95887
171 T	0.03710	0.00402	0.95889
172 T	0.03710	0.00401	0.95889
173 T	0.03712	0.00398	0.9589
174 A	0.03703	0.00404	0.95892
175 C	0.03699	0.00403	0.95898
176 A	0.03695	0.00392	0.95912
177 T	0.03690	0.00356	0.95954
178 G	0.03686	0.00339	0.95975
179 G	0.03683	0.00326	0.95991
180 T	0.03682	0.00319	0.95999
181 C	0.03676	0.00300	0.96024
182 A	0.03670	0.00321	0.9601
183 A	0.03668	0.00328	0.96004
184 A	0.03667	0.00337	0.95996
185 A	0.03663	0.00356	0.95981
186 G	0.03661	0.00353	0.95987
187 T	0.03660	0.00314	0.96026
188 T	0.03649	0.00308	0.96044
189 A	0.03627	0.00318	0.96054
190 G	0.03611	0.00310	0.96079
191 A	0.03601	0.00308	0.9609
192 A	0.03596	0.00297	0.96107
193 C	0.03594	0.00285	0.96121
194 C	0.03592	0.00282	0.96127
195 G	0.03591	0.00281	0.96128
196 A	0.03591	0.00280	0.96129
197 T	0.03592	0.00275	0.96134
198 C	0.03589	0.00275	0.96136
199 G	0.03587	0.00274	0.96139
200 C	0.03586	0.00267	0.96147
201 G	0.03584	0.00265	0.96151
202 C	0.03587	0.00260	0.96154
203 G	0.03592	0.00254	0.96154
204 T	0.03609	0.00233	0.96158
205 C	0.03628	0.00211	0.96161
206 A	0.03650	0.00189	0.96161
207 G	0.03673	0.00165	0.96162
208 T	0.03701	0.00132	0.96167
209 T	0.03709	0.00120	0.96171
210 T	0.03710	0.00117	0.96173
211 T	0.03711	0.00103	0.96186
212 T	0.03705	0.00091	0.96204
213 T	0.03691	0.00093	0.96216
214 G	0.03660	0.00119	0.96222
215 T	0.03644	0.00133	0.96223
216 T	0.03565	0.00215	0.9622
217 A	0.03330	0.00458	0.96212
218 A	0.03031	0.00766	0.96203
219 A	0.02860	0.00950	0.96191
220 A	0.02744	0.01069	0.96187
221 A	0.02699	0.01112	0.96189
222 A	0.02658	0.01151	0.96191
223 A	0.02647	0.01160	0.96193
224 C	0.02644	0.01161	0.96196
225 T	0.02639	0.01169	0.96192
226 A	0.02635	0.01177	0.96187
227 A	0.02634	0.01180	0.96186
228 T	0.02632	0.01182	0.96186
229 T	0.02628	0.01186	0.96187
230 T	0.02621	0.01190	0.96189
231 A	0.02611	0.01197	0.96192
232 A	0.02608	0.01192	0.962
233 C	0.02608	0.01175	0.96217
234 T	0.02611	0.01162	0.96227
235 T	0.02612	0.01149	0.96239
236 T	0.02612	0.01136	0.96252
237 T	0.02606	0.01116	0.96278
238 G	0.02590	0.01118	0.96292
239 A	0.02587	0.01031	0.96381
240 A	0.02589	0.00802	0.96609
241 G	0.02596	0.00510	0.96894
242 A	0.02608	0.00348	0.97045
243 T	0.02615	0.00231	0.97154
244 A	0.02615	0.00189	0.97196
245 C	0.02617	0.00142	0.97241
246 G	0.02619	0.00134	0.97248
247 A	0.02621	0.00132	0.97247
248 T	0.02627	0.00126	0.97248
249 T	0.02631	0.00128	0.97241
250 T	0.02633	0.00154	0.97213
251 T	0.02632	0.00192	0.97176
252 T	0.02630	0.00213	0.97158
253 G	0.02626	0.00237	0.97137
254 T	0.02620	0.00284	0.97096
255 T	0.02609	0.00334	0.97058
256 G	0.02597	0.00373	0.9703
257 A	0.02592	0.00405	0.97003
258 T	0.02589	0.00427	0.96983
259 G	0.02586	0.00493	0.96921
260 A	0.02586	0.00542	0.96873
261 T	0.02587	0.00545	0.96868
262 A	0.02587	0.00566	0.96848
263 A	0.02587	0.00564	0.96849
264 T	0.02587	0.00561	0.96852
265 T	0.02585	0.00561	0.96853
266 A	0.02581	0.00565	0.96854
267 C	0.02573	0.00571	0.96855
268 C	0.02564	0.00580	0.96856
269 A	0.02560	0.00585	0.96855
270 A	0.02560	0.00585	0.96854
271 C	0.02566	0.00580	0.96854
272 A	0.02580	0.00567	0.96853
273 A	0.02620	0.00527	0.96853
274 T	0.02697	0.00448	0.96855
275 T	0.02737	0.00405	0.96858
276 T	0.02766	0.00371	0.96863
277 T	0.02798	0.00329	0.96874
278 C	0.02818	0.00294	0.96888
279 C	0.02838	0.00265	0.96897
280 G	0.02862	0.00239	0.96899
281 C	0.02892	0.00208	0.969
282 T	0.02965	0.00134	0.969
283 T	0.03011	0.00089	0.969
284 C	0.03013	0.00087	0.969
285 T	0.03016	0.00087	0.96897
286 T	0.03006	0.00103	0.96891
287 T	0.02995	0.00119	0.96886
288 A	0.02967	0.00154	0.9688
289 G	0.02944	0.00180	0.96877
290 A	0.02934	0.00186	0.96881
291 T	0.02904	0.00212	0.96885
292 G	0.02876	0.00249	0.96875
293 G	0.02865	0.00279	0.96855
294 T	0.02858	0.00289	0.96854
295 T	0.02848	0.00303	0.96849
296 A	0.02833	0.00326	0.96842
297 T	0.02815	0.00344	0.96841
298 C	0.02788	0.00370	0.96841
299 A	0.02748	0.00413	0.96839
300 T	0.02712	0.00451	0.96837
301 C	0.02586	0.00581	0.96833
302 A	0.02478	0.00713	0.96808
303 A	0.02364	0.00856	0.9678
304 A	0.02282	0.00940	0.96778
305 A	0.02253	0.00970	0.96777
306 A	0.02228	0.00995	0.96778
307 A	0.02212	0.00996	0.96792
308 C	0.02207	0.00978	0.96815
309 T	0.02205	0.00973	0.96823
310 A	0.02194	0.00977	0.96828
311 A	0.02194	0.00961	0.96845
312 T	0.02202	0.00935	0.96863
313 A	0.02205	0.00925	0.9687
314 C	0.02210	0.00875	0.96914
315 G	0.02224	0.00839	0.96937
316 T	0.02247	0.00807	0.96946
317 T	0.02250	0.00802	0.96948
318 A	0.02244	0.00806	0.96951
319 T	0.02244	0.00796	0.96959
320 T	0.02236	0.00779	0.96985
321 A	0.02217	0.00769	0.97013
322 G	0.02208	0.00729	0.97063
323 A	0.02207	0.00694	0.97099
324 A	0.02209	0.00573	0.97218
325 A	0.02229	0.00465	0.97306
326 T	0.02255	0.00337	0.97408
327 T	0.02255	0.00273	0.97472
328 A	0.02247	0.00274	0.97479
329 A	0.02246	0.00258	0.97496
330 A	0.02246	0.00240	0.97514
331 T	0.02247	0.00224	0.97529
332 G	0.02249	0.00208	0.97542
333 T	0.02252	0.00191	0.97557
334 C	0.02253	0.00184	0.97563
335 C	0.02250	0.00203	0.97547
336 T	0.02250	0.00256	0.97495
337 T	0.02248	0.00290	0.97461
338 A	0.02243	0.00382	0.97376
339 T	0.02243	0.00413	0.97344
340 G	0.02242	0.00445	0.97312
341 T	0.02246	0.00447	0.97308
342 T	0.02246	0.00450	0.97304
343 G	0.02245	0.00455	0.973
344 A	0.02248	0.00448	0.97305
345 T	0.02250	0.00446	0.97305
346 A	0.02251	0.00456	0.97293
347 G	0.02256	0.00456	0.97288
348 T	0.02265	0.00446	0.97288
349 A	0.02265	0.00448	0.97287
350 A	0.02268	0.00446	0.97285
351 T	0.02279	0.00433	0.97288
352 C	0.02278	0.00443	0.97279
353 A	0.02274	0.00475	0.97251
354 A	0.02272	0.00494	0.97234
355 A	0.02272	0.00515	0.97213
356 A	0.02275	0.00519	0.97206
357 A	0.02285	0.00511	0.97204
358 G	0.02318	0.00473	0.97209
359 T	0.02385	0.00402	0.97213
360 A	0.02423	0.00361	0.97215
361 T	0.02516	0.00262	0.97222
362 C	0.02542	0.00232	0.97227
363 T	0.02567	0.00204	0.97229
364 T	0.02575	0.00194	0.9723
365 C	0.02580	0.00188	0.97232
366 T	0.02587	0.00181	0.97233
367 A	0.02591	0.00177	0.97232
368 C	0.02597	0.00166	0.97236
369 T	0.02610	0.00152	0.97238
370 T	0.02617	0.00146	0.97237
371 G	0.02618	0.00144	0.97238
372 G	0.02623	0.00138	0.97239
373 G	0.02629	0.00130	0.97241
374 A	0.02638	0.00117	0.97245
375 T	0.02656	0.00092	0.97252
376 C	0.02682	0.00061	0.97257
377 A	0.02699	0.00045	0.97257
378 T	0.02719	0.00024	0.97258
379 T	0.02724	0.00021	0.97256
380 T	0.02725	0.00025	0.9725
381 T	0.02723	0.00039	0.97238
382 T	0.02718	0.00071	0.97211
383 T	0.02709	0.00100	0.97191
384 A	0.02683	0.00134	0.97183
385 A	0.02667	0.00152	0.9718
386 A	0.02664	0.00157	0.97178
387 T	0.02663	0.00157	0.9718
388 C	0.02662	0.00158	0.9718
389 A	0.02662	0.00158	0.9718
390 T	0.02663	0.00157	0.9718
391 C	0.02663	0.00157	0.9718
392 C	0.02662	0.00158	0.9718
393 T	0.02659	0.00160	0.9718
394 C	0.02656	0.00164	0.9718
395 A	0.02655	0.00165	0.9718
396 T	0.02655	0.00166	0.97179
397 C	0.02653	0.00167	0.97179
398 T	0.02653	0.00169	0.97178
399 T	0.02653	0.00171	0.97177
400 G	0.02649	0.00178	0.97173
401 A	0.02648	0.00185	0.97167
402 A	0.02651	0.00190	0.9716
403 A	0.02656	0.00190	0.97154
404 A	0.02669	0.00175	0.97156
405 T	0.02697	0.00139	0.97163
406 A	0.02714	0.00113	0.97173
407 T	0.02721	0.00081	0.97197
408 C	0.02723	0.00066	0.9721
409 C	0.02724	0.00065	0.97211
410 C	0.02722	0.00070	0.97208
411 T	0.02721	0.00083	0.97196
412 A	0.02720	0.00099	0.97182
413 A	0.02718	0.00103	0.9718
414 A	0.02717	0.00104	0.97178
415 T	0.02717	0.00104	0.97179
416 A	0.02715	0.00102	0.97182
417 C	0.02715	0.00096	0.97188
418 T	0.02716	0.00096	0.97188
419 A	0.02715	0.00100	0.97185
420 C	0.02715	0.00101	0.97184
421 T	0.02716	0.00101	0.97183
422 G	0.02717	0.00100	0.97183
423 G	0.02719	0.00094	0.97187
424 G	0.02725	0.00087	0.97188
425 C	0.02731	0.00080	0.97189
426 C	0.02738	0.00073	0.97189
427 C	0.02740	0.00072	0.97188
428 A	0.02740	0.00073	0.97186
429 A	0.02741	0.00073	0.97186
430 G	0.02743	0.00071	0.97186
431 T	0.02747	0.00066	0.97187
432 T	0.02751	0.00062	0.97187
433 C	0.02753	0.00057	0.97189
434 A	0.02761	0.00050	0.97188
435 A	0.02771	0.00039	0.9719
436 T	0.02774	0.00035	0.97191
437 G	0.02775	0.00034	0.97191
438 T	0.02777	0.00032	0.97191
439 C	0.02778	0.00029	0.97193
440 A	0.02778	0.00029	0.97193
441 A	0.02779	0.00027	0.97194
442 C	0.02783	0.00022	0.97195
443 T	0.02786	0.00019	0.97195
444 C	0.02788	0.00019	0.97193
445 T	0.02789	0.00024	0.97188
446 A	0.02789	0.00027	0.97184
447 T	0.02789	0.00029	0.97181
448 T	0.02789	0.00030	0.97181
449 G	0.02788	0.00031	0.97181
450 T	0.02786	0.00033	0.97182
451 T	0.02784	0.00035	0.97182
452 C	0.02780	0.00038	0.97182
453 T	0.02776	0.00043	0.97181
454 C	0.02771	0.00048	0.97181
455 A	0.02767	0.00053	0.9718
456 A	0.02766	0.00054	0.9718
457 G	0.02765	0.00055	0.9718
458 C	0.02765	0.00055	0.9718
459 T	0.02765	0.00055	0.9718
460 C	0.02764	0.00056	0.9718
461 A	0.02764	0.00057	0.9718
462 A	0.02764	0.00057	0.9718
463 T	0.02765	0.00056	0.9718
464 T	0.02765	0.00055	0.9718
465 C	0.02765	0.00054	0.97181
466 G	0.02766	0.00053	0.97181
467 C	0.02769	0.00050	0.97181
468 T	0.02774	0.00045	0.9718
469 T	0.02777	0.00043	0.97179
470 A	0.02778	0.00042	0.9718
471 T	0.02779	0.00040	0.97181
472 T	0.02780	0.00038	0.97182
473 T	0.02780	0.00032	0.97188
474 C	0.02779	0.00027	0.97194
475 T	0.02779	0.00030	0.97191
476 T	0.02777	0.00039	0.97183
477 A	0.02774	0.00048	0.97179
478 G	0.02772	0.00059	0.97169
479 T	0.02771	0.00071	0.97158
480 T	0.02770	0.00083	0.97148
481 T	0.02766	0.00107	0.97127
482 A	0.02761	0.00131	0.97108
483 T	0.02760	0.00154	0.97086
484 T	0.02756	0.00179	0.97065
485 T	0.02739	0.00221	0.97041
486 T	0.02713	0.00282	0.97005
487 A	0.02672	0.00373	0.96954
488 A	0.02655	0.00410	0.96935
489 T	0.02647	0.00420	0.96933
490 G	0.02637	0.00436	0.96928
491 A	0.02632	0.00444	0.96924
492 T	0.02631	0.00450	0.96918
493 C	0.02627	0.00459	0.96914
494 A	0.02621	0.00467	0.96912
495 A	0.02619	0.00470	0.96911
496 A	0.02618	0.00472	0.9691
497 A	0.02619	0.00471	0.9691
498 C	0.02628	0.00462	0.96911
499 T	0.02639	0.00448	0.96913
500 A	0.02648	0.00437	0.96915
501 T	0.02664	0.00419	0.96918
502 C	0.02677	0.00406	0.96917
503 A	0.02690	0.00396	0.96914
504 T	0.02713	0.00372	0.96915
505 G	0.02731	0.00357	0.96911
506 T	0.02762	0.00342	0.96896
507 T	0.02784	0.00324	0.96892
508 G	0.02802	0.00294	0.96903
509 T	0.02831	0.00259	0.9691
510 T	0.02870	0.00197	0.96933
511 C	0.02881	0.00186	0.96934
512 G	0.02883	0.00219	0.96898
513 T	0.02887	0.00272	0.96841
514 A	0.02880	0.00322	0.96798
515 T	0.02882	0.00359	0.96759
516 T	0.02882	0.00363	0.96755
517 T	0.02876	0.00370	0.96754
518 A	0.02866	0.00384	0.96749
519 T	0.02856	0.00398	0.96746
520 C	0.02792	0.00470	0.96738
521 A	0.02741	0.00596	0.96664
522 A	0.02556	0.00868	0.96576
523 G	0.02453	0.01018	0.96528
524 A	0.02393	0.01159	0.96447
525 T	0.02319	0.01280	0.96401
526 A	0.02226	0.01380	0.96393
527 A	0.02193	0.01413	0.96394
528 A	0.02191	0.01413	0.96395
529 A	0.02207	0.01396	0.96397
530 C	0.02225	0.01375	0.964
531 C	0.02261	0.01337	0.96401
532 T	0.02315	0.01288	0.96397
533 T	0.02347	0.01256	0.96397
534 T	0.02356	0.01248	0.96396
535 A	0.02364	0.01239	0.96396
536 T	0.02396	0.01206	0.96398
537 C	0.02408	0.01178	0.96414
538 T	0.02429	0.01152	0.9642
539 C	0.02353	0.01224	0.96423
540 T	0.02300	0.01293	0.96406
541 A	0.02160	0.01509	0.9633
542 A	0.02014	0.01765	0.96221
543 A	0.01919	0.01846	0.96235
544 A	0.01895	0.01867	0.96238
545 T	0.01974	0.01609	0.96417
546 G	0.01998	0.01508	0.96494
547 A	0.02055	0.01394	0.96552
548 T	0.02085	0.01295	0.9662
549 T	0.02074	0.01241	0.96685
550 G	0.01880	0.01454	0.96666
551 C	0.01801	0.01607	0.96592
552 T	0.01777	0.02013	0.96209
553 G	0.01712	0.02356	0.95932
554 A	0.01690	0.02640	0.95669
555 T	0.01680	0.02789	0.95531
556 A	0.01653	0.02924	0.95423
557 G	0.01604	0.03031	0.95365
558 T	0.01561	0.03170	0.9527
559 A	0.01543	0.03357	0.951
560 A	0.01535	0.03431	0.95034
561 A	0.01534	0.03476	0.9499
562 A	0.01537	0.03457	0.95006
563 A	0.01553	0.03390	0.95057
564 A	0.01628	0.03194	0.95178
565 T	0.01749	0.02948	0.95303
566 A	0.01785	0.02826	0.95388
567 C	0.01825	0.02670	0.95504
568 T	0.01863	0.02662	0.95475
569 T	0.01885	0.02690	0.95425
570 A	0.01888	0.02697	0.95415
571 G	0.01900	0.02698	0.95402
572 A	0.01940	0.02688	0.95372
573 A	0.02047	0.02392	0.9556
574 C	0.02242	0.02153	0.95606
575 T	0.02719	0.01963	0.95317
576 T	0.03007	0.02563	0.9443
577 T	0.03160	0.02516	0.94324
578 T	0.03215	0.02582	0.94203
579 A	0.03239	0.02711	0.9405
580 A	0.03259	0.02750	0.93991
581 C	0.03322	0.02748	0.93929
582 T	0.03453	0.03173	0.93374
583 A	0.03429	0.03527	0.93044
584 A	0.03225	0.03908	0.92867
585 A	0.02914	0.04248	0.92838
586 G	0.02833	0.04335	0.92832
587 C	0.02476	0.04703	0.92822
588 C	0.02222	0.04983	0.92795
589 C	0.02154	0.05136	0.9271
590 A	0.02091	0.05597	0.92312
591 A	0.02000	0.05764	0.92237
592 C	0.01984	0.05870	0.92145
593 A	0.01950	0.06103	0.91947
594 A	0.01917	0.06151	0.91933
595 G	0.01943	0.06132	0.91925
596 A	0.01989	0.06087	0.91925
597 A	0.02050	0.06024	0.91926
598 C	0.02351	0.05705	0.91944
599 T	0.03269	0.04781	0.91951
600 C	0.03372	0.04671	0.91958
601 C	0.03416	0.04629	0.91955
602 A	0.03430	0.04644	0.91927
603 A	0.03459	0.04628	0.91914
604 C	0.03516	0.04556	0.91928
605 A	0.03814	0.04260	0.91927
606 A	0.04052	0.03982	0.91966
607 A	0.04338	0.03407	0.92255
608 C	0.04481	0.02810	0.92709
609 A	0.04488	0.02752	0.9276
610 A	0.04512	0.02354	0.93134
611 C	0.04628	0.01982	0.9339
612 T	0.04778	0.01857	0.93365
613 T	0.05259	0.01437	0.93304
614 A	0.05269	0.01533	0.93198
615 T	0.05318	0.01667	0.93015
616 T	0.05234	0.02191	0.92575
617 T	0.04742	0.03527	0.91731
618 A	0.04083	0.04315	0.91602
619 A	0.01863	0.06847	0.9129
620 A	0.01769	0.06977	0.91254
621 A	0.01732	0.07019	0.91248
622 C	0.01690	0.07054	0.91257
623 A	0.01682	0.07068	0.9125
624 A	0.01679	0.07065	0.91255
625 T	0.01711	0.06999	0.9129
626 T	0.01726	0.06961	0.91314
627 A	0.01727	0.06949	0.91324
628 A	0.01733	0.06866	0.91402
629 G	0.01739	0.06790	0.91472
630 T	0.01742	0.06747	0.91511
631 A	0.01745	0.06724	0.9153
632 A	0.01763	0.06679	0.91557
633 A	0.01796	0.06610	0.91593
634 A	0.01858	0.06500	0.91642
635 T	0.02008	0.06289	0.91703
636 C	0.02150	0.06070	0.9178
637 A	0.02398	0.05778	0.91824
638 A	0.02650	0.05455	0.91895
639 A	0.03129	0.04819	0.92053
640 T	0.03981	0.03488	0.92531
641 A	0.04155	0.02780	0.93065
642 A	0.04524	0.00000	0.95475
