# lcl|CP097583.1_cds_USQ93582.1_1
# AA	inside	membr	outside
1 A	0.63284	0.00000	0.36717
2 T	0.63052	0.00231	0.36717
3 G	0.62895	0.00389	0.36717
4 G	0.62895	0.04386	0.32719
5 A	0.61636	0.09296	0.29068
6 A	0.61636	0.10042	0.28323
7 A	0.42843	0.29131	0.28027
8 A	0.42842	0.29140	0.28018
9 T	0.41482	0.30676	0.27843
10 A	0.41471	0.54485	0.04044
11 A	0.40523	0.56106	0.03372
12 T	0.30726	0.66034	0.03241
13 A	0.02975	0.94403	0.02622
14 A	0.02973	0.94406	0.02622
15 A	0.02973	0.96256	0.00771
16 A	0.02726	0.96503	0.00771
17 A	0.02421	0.96817	0.00763
18 T	0.02406	0.96851	0.00743
19 A	0.01658	0.97617	0.00725
20 A	0.01047	0.98255	0.00699
21 A	0.00392	0.98903	0.00705
22 A	0.00385	0.98888	0.00727
23 A	0.00454	0.98735	0.00811
24 C	0.00767	0.98306	0.00927
25 G	0.01189	0.97588	0.01223
26 A	0.01589	0.97052	0.01359
27 T	0.05200	0.93235	0.01565
28 A	0.07644	0.90267	0.02089
29 A	0.08384	0.89407	0.02209
30 A	0.09364	0.71164	0.19472
31 A	0.09897	0.68309	0.21794
32 A	0.10987	0.64624	0.2439
33 T	0.33368	0.38198	0.28434
34 T	0.34185	0.35536	0.3028
35 T	0.34416	0.26515	0.3907
36 A	0.34270	0.08139	0.57591
37 A	0.33557	0.10405	0.56038
38 A	0.32937	0.13335	0.53727
39 T	0.28766	0.25906	0.45328
40 A	0.27150	0.29758	0.43092
41 A	0.25266	0.32714	0.4202
42 T	0.24712	0.34189	0.41098
43 G	0.22994	0.37427	0.39578
44 A	0.17254	0.60014	0.22732
45 A	0.07694	0.88405	0.039
46 G	0.06849	0.89891	0.03261
47 A	0.06206	0.91050	0.02744
48 T	0.05919	0.91633	0.02447
49 A	0.05467	0.92516	0.02018
50 C	0.05328	0.92896	0.01777
51 A	0.05241	0.93019	0.0174
52 A	0.04995	0.93320	0.01685
53 A	0.04631	0.93722	0.01647
54 T	0.04712	0.93654	0.01634
55 C	0.04628	0.93765	0.01606
56 A	0.04650	0.93738	0.01612
57 A	0.04868	0.93420	0.01712
58 G	0.05186	0.92920	0.01895
59 A	0.06157	0.91633	0.02209
60 A	0.08264	0.88894	0.02842
61 G	0.11566	0.83222	0.05212
62 T	0.20791	0.70149	0.0906
63 A	0.22763	0.66467	0.1077
64 G	0.24558	0.62381	0.13062
65 A	0.26341	0.59782	0.13878
66 A	0.28345	0.56170	0.15484
67 A	0.43558	0.36359	0.20083
68 T	0.62012	0.09249	0.28739
69 T	0.62880	0.07452	0.29668
70 G	0.62153	0.08581	0.29265
71 T	0.60560	0.13661	0.25779
72 T	0.55468	0.22619	0.21913
73 A	0.43406	0.37529	0.19066
74 A	0.33130	0.49567	0.17303
75 A	0.30568	0.54169	0.15263
76 A	0.29370	0.55352	0.15278
77 T	0.28888	0.55835	0.15277
78 T	0.26904	0.57767	0.15329
79 T	0.22568	0.62123	0.15308
80 C	0.17284	0.67439	0.15276
81 G	0.15562	0.69974	0.14464
82 A	0.14763	0.73020	0.12217
83 A	0.14356	0.73989	0.11655
84 A	0.13551	0.75316	0.11132
85 A	0.12757	0.76681	0.10562
86 T	0.11639	0.78142	0.10219
87 A	0.07312	0.83387	0.093
88 A	0.04639	0.86078	0.09283
89 G	0.04489	0.86017	0.09494
90 A	0.04566	0.86094	0.0934
91 G	0.04787	0.85428	0.09785
92 A	0.05318	0.84368	0.10315
93 A	0.06835	0.80826	0.12339
94 A	0.10587	0.73985	0.15427
95 T	0.14680	0.64117	0.21203
96 A	0.17152	0.52330	0.30519
97 A	0.18901	0.41499	0.396
98 T	0.20944	0.34518	0.44538
99 T	0.21259	0.30565	0.48176
100 G	0.21066	0.28873	0.50061
101 C	0.20998	0.27358	0.51643
102 T	0.20517	0.28241	0.51243
103 A	0.19964	0.30328	0.49708
104 A	0.19729	0.35253	0.45019
105 A	0.20838	0.42116	0.37046
106 A	0.20797	0.49995	0.29208
107 A	0.20792	0.55326	0.23882
108 A	0.20029	0.61043	0.18928
109 A	0.20223	0.61834	0.17943
110 T	0.21045	0.58855	0.201
111 G	0.21043	0.58750	0.20207
112 G	0.21325	0.60840	0.17835
113 T	0.21737	0.60929	0.17334
114 T	0.21842	0.61736	0.16421
115 A	0.21764	0.62194	0.16042
116 T	0.21610	0.62456	0.15934
117 C	0.20365	0.63889	0.15746
118 G	0.19517	0.65332	0.15151
119 C	0.19341	0.67120	0.1354
120 A	0.19042	0.70286	0.10671
121 A	0.18964	0.70925	0.10111
122 A	0.19125	0.70916	0.09959
123 A	0.19639	0.70183	0.10178
124 A	0.20352	0.69288	0.1036
125 C	0.22575	0.65957	0.11468
126 A	0.25648	0.62374	0.11978
127 G	0.31099	0.56221	0.1268
128 A	0.38978	0.47975	0.13047
129 A	0.46888	0.39604	0.13508
130 A	0.54510	0.31437	0.14053
131 T	0.62934	0.21109	0.15957
132 T	0.65514	0.17830	0.16655
133 C	0.65650	0.17288	0.17062
134 C	0.65782	0.17111	0.17107
135 T	0.66635	0.16620	0.16745
136 G	0.65511	0.18003	0.16486
137 A	0.64584	0.18964	0.16451
138 T	0.63921	0.19595	0.16484
139 G	0.60697	0.22564	0.1674
140 T	0.59053	0.22835	0.18111
141 C	0.55573	0.25459	0.18968
142 A	0.54698	0.26278	0.19024
143 C	0.55059	0.25807	0.19134
144 T	0.54695	0.26705	0.18599
145 T	0.53689	0.27943	0.18367
146 T	0.51241	0.30496	0.18263
147 A	0.46067	0.35774	0.18158
148 A	0.41291	0.40663	0.18046
149 C	0.37375	0.44730	0.17895
150 A	0.25695	0.57039	0.17265
151 G	0.19994	0.62880	0.17127
152 A	0.17507	0.65735	0.16758
153 A	0.15783	0.67700	0.16518
154 G	0.14899	0.68751	0.1635
155 A	0.14488	0.68902	0.1661
156 A	0.14394	0.67879	0.17727
157 G	0.14464	0.66313	0.19223
158 T	0.14823	0.65024	0.20153
159 A	0.14983	0.63584	0.21433
160 A	0.15031	0.61868	0.231
161 A	0.15077	0.59621	0.25302
162 T	0.15133	0.55815	0.29051
163 G	0.15149	0.53071	0.3178
164 T	0.15296	0.48959	0.35744
165 G	0.15349	0.46577	0.38075
166 A	0.15443	0.44204	0.40353
167 C	0.15851	0.41048	0.43101
168 T	0.16063	0.39409	0.44528
169 G	0.15978	0.37581	0.46441
170 A	0.15925	0.35175	0.489
171 A	0.16048	0.31628	0.52324
172 T	0.16579	0.27966	0.55456
173 T	0.17159	0.15010	0.67832
174 G	0.17245	0.09306	0.73448
175 G	0.17491	0.06915	0.75595
176 T	0.17696	0.06477	0.75827
177 T	0.17666	0.08299	0.74036
178 T	0.17328	0.14521	0.68151
179 T	0.17013	0.20515	0.62472
180 A	0.16372	0.29007	0.54622
181 T	0.15852	0.35606	0.48542
182 T	0.15056	0.47808	0.37137
183 A	0.13900	0.55432	0.30668
184 A	0.12272	0.60177	0.27552
185 G	0.10303	0.64172	0.25524
186 A	0.08730	0.67932	0.23337
187 A	0.07542	0.71946	0.20511
188 A	0.06649	0.74269	0.19082
189 A	0.06414	0.74995	0.1859
190 A	0.06433	0.75188	0.18378
191 A	0.06573	0.75159	0.18268
192 A	0.06822	0.74915	0.18262
193 T	0.07310	0.74310	0.1838
194 T	0.07625	0.74164	0.18211
195 A	0.07667	0.74674	0.17659
196 A	0.07797	0.74983	0.17219
197 A	0.07962	0.74791	0.17247
198 A	0.08272	0.74382	0.17346
199 A	0.09402	0.73072	0.17526
200 A	0.12574	0.69407	0.1802
201 C	0.20631	0.60469	0.18901
202 G	0.27629	0.53244	0.19128
203 A	0.36573	0.44090	0.19337
204 A	0.42877	0.37898	0.19225
205 T	0.52919	0.27521	0.19559
206 T	0.54209	0.25994	0.19797
207 A	0.49897	0.29578	0.20526
208 G	0.49416	0.28219	0.22365
209 A	0.49124	0.27261	0.23615
210 A	0.50167	0.25172	0.24662
211 T	0.50172	0.24330	0.25498
212 C	0.48947	0.25291	0.25763
213 G	0.42530	0.31846	0.25624
214 C	0.38112	0.36415	0.25472
215 A	0.34216	0.40445	0.2534
216 A	0.30945	0.43873	0.25182
217 G	0.30196	0.44794	0.2501
218 G	0.30546	0.44365	0.2509
219 C	0.30964	0.43888	0.25148
220 A	0.31049	0.43756	0.25196
221 T	0.31139	0.43612	0.25248
222 C	0.30627	0.44102	0.2527
223 A	0.30331	0.44434	0.25235
224 A	0.30104	0.44685	0.25211
225 A	0.30147	0.44585	0.25268
226 A	0.30503	0.44086	0.25411
227 T	0.31343	0.42970	0.25688
228 A	0.31587	0.41391	0.27022
229 A	0.31931	0.36985	0.31084
230 C	0.32608	0.29201	0.38191
231 T	0.32810	0.27538	0.39651
232 T	0.32978	0.26458	0.40563
233 A	0.32980	0.26903	0.40117
234 T	0.33030	0.26792	0.40178
235 A	0.33019	0.25755	0.41225
236 T	0.33148	0.17962	0.48889
237 G	0.33064	0.13197	0.53739
238 G	0.33099	0.09350	0.57551
239 C	0.33230	0.06953	0.59817
240 T	0.33403	0.07053	0.59544
241 T	0.33377	0.07575	0.59048
242 T	0.33342	0.08177	0.58482
243 T	0.33289	0.09269	0.57442
244 A	0.33215	0.09761	0.57024
245 T	0.33205	0.09416	0.57379
246 A	0.33172	0.09331	0.57497
247 G	0.33151	0.09155	0.57694
248 C	0.33141	0.09187	0.57671
249 T	0.32939	0.09905	0.57155
250 A	0.32369	0.10945	0.56686
251 A	0.31939	0.11801	0.5626
252 A	0.31753	0.12438	0.55809
253 G	0.31702	0.12868	0.55429
254 C	0.31805	0.13211	0.54984
255 A	0.32136	0.14429	0.53436
256 A	0.33142	0.13920	0.52938
257 T	0.34215	0.13100	0.52684
258 T	0.34461	0.13099	0.5244
259 A	0.34591	0.13373	0.52036
260 T	0.34973	0.12831	0.52196
261 T	0.35209	0.12545	0.52247
262 A	0.35380	0.12324	0.52296
263 T	0.36018	0.11617	0.52366
264 C	0.36370	0.11169	0.52462
265 G	0.36671	0.10851	0.52477
266 C	0.37437	0.10069	0.52494
267 T	0.37738	0.09903	0.52359
268 T	0.37509	0.10366	0.52126
269 T	0.37015	0.11092	0.51892
270 A	0.36136	0.12142	0.51722
271 A	0.35877	0.12544	0.51578
272 A	0.35994	0.12261	0.51744
273 A	0.36293	0.11471	0.52235
274 G	0.36722	0.10671	0.52607
275 A	0.37402	0.09898	0.52701
276 A	0.38013	0.09167	0.52819
277 T	0.39012	0.08083	0.52905
278 T	0.40433	0.06592	0.52976
279 T	0.40875	0.06114	0.53011
280 C	0.41007	0.05955	0.53038
281 C	0.41171	0.05788	0.5304
282 A	0.41423	0.05600	0.52977
283 T	0.41521	0.05543	0.52936
284 T	0.41582	0.05504	0.52914
285 A	0.41586	0.05524	0.5289
286 T	0.41611	0.05490	0.52898
287 T	0.41566	0.05426	0.53008
288 T	0.41201	0.05747	0.53051
289 A	0.40289	0.06539	0.53172
290 A	0.39910	0.06610	0.53481
291 T	0.39771	0.06182	0.54047
292 T	0.39289	0.06067	0.54644
293 C	0.38589	0.06070	0.55341
294 T	0.38339	0.06379	0.55282
295 A	0.37850	0.07221	0.54929
296 G	0.37511	0.07565	0.54924
297 T	0.37313	0.07826	0.54861
298 T	0.36996	0.08209	0.54796
299 T	0.36461	0.08800	0.54739
300 C	0.35177	0.10102	0.54721
301 G	0.34194	0.11087	0.54719
302 A	0.33817	0.11462	0.54721
303 T	0.33522	0.11733	0.54745
304 C	0.33026	0.12215	0.54759
305 C	0.32853	0.12421	0.54726
306 T	0.32635	0.12805	0.5456
307 G	0.31848	0.13963	0.54189
308 A	0.31234	0.14975	0.53792
309 A	0.30792	0.15891	0.53317
310 A	0.29560	0.17643	0.52797
311 A	0.28442	0.19142	0.52417
312 A	0.27201	0.20192	0.52606
313 A	0.25820	0.21529	0.52652
314 G	0.25143	0.21853	0.53003
315 T	0.24570	0.22525	0.52904
316 G	0.23429	0.24117	0.52454
317 A	0.23107	0.24981	0.51911
318 A	0.22855	0.25483	0.51663
319 A	0.22541	0.26129	0.51329
320 T	0.22455	0.26111	0.51434
321 A	0.22197	0.26276	0.51527
322 A	0.22166	0.25958	0.51876
323 T	0.22124	0.24809	0.53067
324 T	0.21945	0.24144	0.53911
325 A	0.21606	0.24228	0.54166
326 T	0.21359	0.24236	0.54405
327 C	0.20516	0.25075	0.54409
328 A	0.19826	0.26366	0.53808
329 A	0.19439	0.26902	0.5366
330 A	0.19475	0.26742	0.53784
331 A	0.19750	0.26283	0.53966
332 A	0.20185	0.25810	0.54005
333 A	0.20823	0.23980	0.55197
334 A	0.21801	0.21626	0.56572
335 A	0.23011	0.19086	0.57902
336 T	0.24468	0.16072	0.5946
337 A	0.25004	0.14986	0.6001
338 T	0.25868	0.13271	0.60861
339 T	0.26491	0.11824	0.61685
340 A	0.26813	0.11666	0.61521
341 A	0.27233	0.10895	0.61871
342 T	0.28032	0.09791	0.62177
343 T	0.28242	0.09551	0.62206
344 T	0.28417	0.09301	0.62282
345 A	0.28474	0.09493	0.62033
346 G	0.28487	0.09658	0.61855
347 G	0.28538	0.09933	0.61529
348 A	0.28671	0.10811	0.60518
349 A	0.28894	0.10560	0.60546
350 T	0.29452	0.09316	0.61232
351 T	0.29957	0.08260	0.61783
352 G	0.30036	0.07843	0.62121
353 C	0.30072	0.07619	0.6231
354 A	0.30021	0.07700	0.62279
355 G	0.30163	0.07573	0.62264
356 T	0.30333	0.07482	0.62185
357 C	0.30330	0.07643	0.62027
358 G	0.30328	0.07689	0.61983
359 A	0.30435	0.07623	0.61943
360 T	0.30779	0.07278	0.61943
361 A	0.30868	0.07185	0.61947
362 C	0.31250	0.06794	0.61956
363 T	0.31970	0.06045	0.61986
364 C	0.32186	0.05805	0.6201
365 C	0.32399	0.05582	0.62019
366 T	0.32652	0.05328	0.62019
367 C	0.32778	0.05199	0.62023
368 G	0.33086	0.04880	0.62035
369 T	0.33452	0.04510	0.62038
370 G	0.33869	0.04081	0.6205
371 G	0.34992	0.02898	0.6211
372 T	0.35315	0.02567	0.62118
373 T	0.35272	0.02592	0.62136
374 T	0.34941	0.02828	0.62232
375 A	0.34217	0.03583	0.622
376 A	0.34063	0.03731	0.62207
377 T	0.34019	0.03681	0.623
378 A	0.33907	0.03760	0.62334
379 G	0.33902	0.03643	0.62456
380 T	0.34034	0.03405	0.62561
381 T	0.33590	0.03781	0.62629
382 C	0.30853	0.06536	0.62612
383 C	0.28953	0.08616	0.6243
384 T	0.27933	0.09956	0.6211
385 A	0.26879	0.11322	0.61799
386 A	0.26175	0.12314	0.61511
387 T	0.25429	0.13312	0.61259
388 A	0.24368	0.14951	0.60681
389 T	0.23887	0.15646	0.60468
390 T	0.22075	0.17883	0.60042
391 A	0.18650	0.21620	0.5973
392 A	0.17213	0.23143	0.59643
393 A	0.16042	0.24378	0.59579
394 A	0.15649	0.24668	0.59683
395 A	0.15564	0.24577	0.59859
396 T	0.15572	0.24263	0.60165
397 G	0.15477	0.23981	0.60543
398 C	0.15552	0.23320	0.61128
399 A	0.15634	0.23194	0.61172
400 G	0.15697	0.23073	0.6123
401 A	0.15729	0.22994	0.61278
402 T	0.15769	0.22881	0.6135
403 A	0.15802	0.22851	0.61347
404 A	0.15885	0.22212	0.61903
405 A	0.16031	0.19249	0.6472
406 T	0.16329	0.16978	0.66692
407 T	0.16603	0.15975	0.67422
408 A	0.16764	0.15639	0.67597
409 A	0.16961	0.15627	0.67411
410 A	0.17155	0.15241	0.67604
411 T	0.17733	0.14279	0.67988
412 A	0.17851	0.14505	0.67644
413 T	0.18312	0.12595	0.69093
414 T	0.18340	0.10244	0.71416
415 A	0.17881	0.09942	0.72177
416 T	0.17784	0.09077	0.73139
417 C	0.17363	0.09614	0.73022
418 G	0.17071	0.11850	0.71078
419 A	0.16796	0.16548	0.66656
420 T	0.16664	0.18161	0.65175
421 T	0.16421	0.18571	0.65008
422 T	0.15713	0.19658	0.64629
423 G	0.14717	0.20666	0.64617
424 G	0.14404	0.20989	0.64607
425 C	0.14228	0.21189	0.64584
426 A	0.14155	0.21320	0.64524
427 C	0.14208	0.21337	0.64455
428 A	0.14334	0.21562	0.64104
429 A	0.14355	0.21745	0.639
430 G	0.14600	0.21691	0.63709
431 A	0.15093	0.21257	0.63649
432 A	0.15942	0.20461	0.63597
433 A	0.17059	0.19282	0.63659
434 T	0.18275	0.17921	0.63803
435 T	0.19014	0.16994	0.63993
436 A	0.19019	0.16991	0.63991
437 A	0.19247	0.16669	0.64083
438 T	0.19655	0.15966	0.64379
439 A	0.18925	0.16821	0.64254
440 A	0.18806	0.16790	0.64404
441 A	0.20320	0.15261	0.64418
442 T	0.24623	0.10617	0.64761
443 T	0.25356	0.09723	0.6492
444 A	0.24499	0.10320	0.65181
445 T	0.24126	0.10006	0.65868
446 C	0.22296	0.11086	0.66618
447 T	0.20108	0.13291	0.66601
448 C	0.14925	0.18558	0.66517
449 A	0.12112	0.22087	0.65802
450 A	0.10349	0.24262	0.65389
451 A	0.10191	0.24451	0.65357
452 G	0.09951	0.24568	0.6548
453 T	0.09772	0.24711	0.65517
454 G	0.09361	0.25020	0.65619
455 C	0.09224	0.25163	0.65613
456 A	0.08943	0.25703	0.65354
457 A	0.08504	0.26369	0.65127
458 A	0.08220	0.26883	0.64898
459 A	0.08204	0.27108	0.64688
460 G	0.08210	0.27246	0.64544
461 A	0.08193	0.27069	0.64739
462 A	0.08327	0.26166	0.65506
463 G	0.08489	0.25401	0.66109
464 G	0.08646	0.25025	0.66329
465 A	0.08723	0.24874	0.66403
466 A	0.08879	0.24248	0.66873
467 A	0.09039	0.23047	0.67915
468 A	0.09277	0.22073	0.6865
469 T	0.09632	0.19671	0.70697
470 T	0.09681	0.17242	0.73077
471 A	0.09616	0.13109	0.77275
472 A	0.09903	0.10653	0.79443
473 C	0.10085	0.09358	0.80556
474 A	0.10006	0.12291	0.77703
475 T	0.10043	0.15574	0.74383
476 T	0.10013	0.18360	0.71626
477 A	0.09912	0.18610	0.71478
478 G	0.09881	0.18786	0.71332
479 A	0.10040	0.18445	0.71515
480 A	0.10082	0.18037	0.7188
481 C	0.10357	0.17441	0.72201
482 A	0.10709	0.17225	0.72066
483 A	0.11109	0.16749	0.72142
484 G	0.11493	0.16217	0.72289
485 T	0.11790	0.15834	0.72376
486 T	0.11819	0.15769	0.72413
487 C	0.11731	0.15755	0.72513
488 A	0.11716	0.15879	0.72405
489 A	0.11751	0.15985	0.72265
490 A	0.11777	0.16103	0.7212
491 A	0.11934	0.15964	0.72102
492 T	0.12114	0.15775	0.72111
493 G	0.12208	0.15457	0.72335
494 G	0.12590	0.14898	0.72511
495 A	0.13258	0.14136	0.72606
496 A	0.14351	0.12913	0.72736
497 C	0.17609	0.09440	0.72952
498 T	0.21523	0.05469	0.73008
499 T	0.23874	0.03041	0.73086
500 T	0.24116	0.02708	0.73176
501 T	0.24215	0.02542	0.73243
502 A	0.24255	0.02466	0.73279
503 C	0.24316	0.02210	0.73474
504 T	0.24382	0.02112	0.73506
505 T	0.24521	0.01966	0.73514
506 T	0.24515	0.01972	0.73514
507 A	0.24449	0.02051	0.73501
508 A	0.24419	0.02095	0.73486
509 G	0.24418	0.01967	0.73615
510 T	0.24499	0.01707	0.73793
511 A	0.24607	0.01480	0.73913
512 A	0.24763	0.01215	0.74022
513 T	0.24938	0.00900	0.74162
514 T	0.24985	0.00759	0.74257
515 T	0.25000	0.00704	0.74296
516 T	0.25000	0.00656	0.74344
517 G	0.24990	0.00647	0.74362
518 G	0.24985	0.00649	0.74366
519 T	0.24985	0.00665	0.7435
520 A	0.24984	0.00689	0.74327
521 C	0.24990	0.00687	0.74323
522 T	0.24995	0.00724	0.74282
523 A	0.24996	0.00795	0.74209
524 T	0.25002	0.00809	0.74188
525 T	0.25006	0.00840	0.74154
526 G	0.25004	0.00874	0.74121
527 G	0.25008	0.00852	0.74141
528 T	0.25012	0.00842	0.74145
529 G	0.25005	0.00851	0.74144
530 G	0.25014	0.00802	0.74184
531 T	0.25034	0.00753	0.74213
532 T	0.25009	0.00783	0.74208
533 T	0.24962	0.00846	0.74193
534 A	0.24929	0.00911	0.7416
535 C	0.24912	0.00940	0.74148
536 A	0.24902	0.00954	0.74144
537 A	0.24902	0.00954	0.74143
538 T	0.24918	0.00935	0.74147
539 G	0.24933	0.00916	0.74151
540 C	0.24942	0.00898	0.74159
541 A	0.24954	0.00879	0.74166
542 C	0.24981	0.00848	0.74171
543 T	0.25000	0.00828	0.74172
544 C	0.25000	0.00828	0.74172
545 C	0.25016	0.00813	0.74172
546 T	0.25070	0.00762	0.74168
547 A	0.25083	0.00754	0.74163
548 T	0.25138	0.00699	0.74162
549 T	0.25163	0.00679	0.74158
550 A	0.25140	0.00703	0.74156
551 T	0.25164	0.00666	0.74169
552 T	0.25079	0.00729	0.74192
553 A	0.24870	0.00923	0.74208
554 A	0.24794	0.00980	0.74226
555 T	0.24768	0.00962	0.7427
556 C	0.24696	0.00981	0.74323
557 T	0.24641	0.01013	0.74346
558 T	0.24216	0.01426	0.74358
559 C	0.23819	0.01815	0.74366
560 C	0.23524	0.02109	0.74366
561 T	0.23345	0.02291	0.74363
562 G	0.23161	0.02478	0.74362
563 A	0.22960	0.02683	0.74356
564 G	0.22852	0.02796	0.74351
565 T	0.22810	0.02835	0.74356
566 T	0.22722	0.02898	0.74379
567 A	0.22432	0.03175	0.74393
568 G	0.22300	0.03277	0.74423
569 C	0.22279	0.03272	0.74449
570 T	0.22273	0.03281	0.74446
571 A	0.22262	0.03299	0.7444
572 T	0.22264	0.03281	0.74455
573 T	0.22258	0.03257	0.74484
574 T	0.22226	0.03285	0.74489
575 T	0.22093	0.03297	0.7461
576 A	0.21750	0.03451	0.74798
577 G	0.21543	0.03610	0.74847
578 G	0.21383	0.03784	0.74833
579 A	0.21312	0.03880	0.74808
580 A	0.21277	0.03885	0.74838
581 T	0.21253	0.03429	0.75318
582 T	0.21200	0.03247	0.75554
583 G	0.21103	0.03204	0.75692
584 G	0.20920	0.03505	0.75576
585 A	0.20594	0.04189	0.75216
586 A	0.20490	0.04310	0.75199
587 G	0.20438	0.04266	0.75296
588 A	0.20358	0.04333	0.75309
589 A	0.20293	0.04342	0.75364
590 T	0.20257	0.04143	0.75599
591 C	0.20175	0.04166	0.75658
592 G	0.20083	0.04721	0.75196
593 T	0.20050	0.05181	0.74769
594 T	0.19863	0.05990	0.74147
595 A	0.19085	0.08065	0.7285
596 A	0.18587	0.09067	0.72346
597 A	0.18178	0.09513	0.72309
598 A	0.17716	0.09864	0.7242
599 A	0.17453	0.09819	0.72727
600 A	0.17289	0.09779	0.72933
601 C	0.17315	0.09565	0.7312
602 C	0.17363	0.09489	0.73149
603 A	0.17387	0.09518	0.73095
604 A	0.17457	0.09481	0.73062
605 T	0.17613	0.09310	0.73077
606 A	0.17675	0.09230	0.73095
607 G	0.17849	0.08902	0.73249
608 T	0.18244	0.08177	0.7358
609 T	0.18368	0.07977	0.73654
610 A	0.18350	0.08039	0.7361
611 A	0.18365	0.08002	0.73633
612 A	0.18403	0.07954	0.73644
613 G	0.18461	0.07909	0.7363
614 A	0.18643	0.07672	0.73685
615 T	0.19354	0.06857	0.73788
616 A	0.19819	0.06387	0.73794
617 A	0.20372	0.05663	0.73965
618 T	0.21488	0.03860	0.74652
619 A	0.21823	0.03105	0.75072
620 A	0.21914	0.02626	0.75459
621 T	0.22002	0.02099	0.75899
622 A	0.22028	0.01900	0.76072
623 T	0.22068	0.01678	0.76254
624 T	0.22099	0.01628	0.76273
625 T	0.22119	0.01589	0.76292
626 G	0.22137	0.01559	0.76304
627 T	0.22171	0.01580	0.76249
628 A	0.22181	0.01570	0.76249
629 T	0.22209	0.01510	0.76281
630 T	0.22231	0.01463	0.76306
631 G	0.22260	0.01418	0.76322
632 C	0.22313	0.01350	0.76336
633 T	0.22410	0.01277	0.76312
634 G	0.22448	0.01305	0.76247
635 A	0.22523	0.01294	0.76183
636 T	0.22663	0.01170	0.76166
637 A	0.22717	0.01141	0.76143
638 T	0.22799	0.01057	0.76144
639 T	0.22892	0.00955	0.76154
640 T	0.22948	0.00896	0.76156
641 T	0.22963	0.00880	0.76157
642 A	0.22976	0.00864	0.7616
643 C	0.22998	0.00840	0.76162
644 A	0.23044	0.00796	0.7616
645 T	0.23179	0.00659	0.76162
646 C	0.23240	0.00598	0.76162
647 T	0.23333	0.00507	0.76161
648 T	0.23381	0.00461	0.76159
649 T	0.23422	0.00418	0.7616
650 C	0.23451	0.00388	0.76162
651 T	0.23459	0.00385	0.76156
652 T	0.23408	0.00438	0.76155
653 T	0.23279	0.00570	0.76152
654 A	0.23099	0.00760	0.7614
655 A	0.22975	0.00902	0.76124
656 G	0.22956	0.00910	0.76134
657 T	0.23005	0.00872	0.76123
658 T	0.23011	0.00906	0.76083
659 T	0.22935	0.01053	0.76012
660 T	0.22859	0.01147	0.75994
661 G	0.22756	0.01299	0.75945
662 A	0.22714	0.01346	0.75939
663 T	0.22698	0.01360	0.75942
664 C	0.22660	0.01396	0.75944
665 A	0.22632	0.01422	0.75945
666 C	0.22571	0.01482	0.75947
667 C	0.22549	0.01507	0.75944
668 G	0.22539	0.01520	0.75942
669 C	0.22533	0.01529	0.75939
670 A	0.22534	0.01537	0.75928
671 T	0.22539	0.01541	0.7592
672 T	0.22528	0.01562	0.75911
673 A	0.22503	0.01606	0.75891
674 T	0.22491	0.01641	0.75867
675 A	0.22346	0.01741	0.75912
676 G	0.22255	0.01695	0.7605
677 A	0.22209	0.01587	0.76204
678 T	0.22184	0.01473	0.76343
679 G	0.22093	0.01481	0.76427
680 G	0.22046	0.01486	0.76468
681 A	0.22014	0.01466	0.76521
682 G	0.22019	0.01366	0.76616
683 C	0.22012	0.01303	0.76685
684 T	0.22025	0.01289	0.76686
685 G	0.21973	0.01347	0.7668
686 A	0.21910	0.01460	0.7663
687 T	0.21846	0.01562	0.76592
688 G	0.21721	0.01678	0.76601
689 C	0.21679	0.01663	0.76658
690 T	0.21592	0.01794	0.76614
691 T	0.21436	0.02017	0.76547
692 C	0.21175	0.02325	0.765
693 A	0.20962	0.02631	0.76407
694 A	0.20904	0.02744	0.76353
695 G	0.20887	0.02783	0.76331
696 A	0.20863	0.02817	0.7632
697 T	0.20890	0.02785	0.76326
698 T	0.20863	0.02683	0.76454
699 T	0.20751	0.02716	0.76534
700 T	0.20589	0.02843	0.76568
701 T	0.20336	0.03117	0.76547
702 A	0.19890	0.03612	0.76499
703 A	0.19614	0.03950	0.76436
704 A	0.19521	0.04036	0.76444
705 T	0.19483	0.04033	0.76484
706 A	0.19386	0.04133	0.76481
707 G	0.19399	0.04104	0.76497
708 A	0.19405	0.04071	0.76525
709 A	0.19458	0.03932	0.7661
710 T	0.19539	0.03724	0.76737
711 T	0.19572	0.03491	0.76937
712 A	0.19597	0.03384	0.77019
713 C	0.19685	0.03122	0.77192
714 T	0.19778	0.02910	0.77312
715 T	0.19819	0.02726	0.77455
716 T	0.19865	0.02617	0.77518
717 A	0.19863	0.02664	0.77473
718 T	0.19879	0.02661	0.77459
719 T	0.19833	0.02650	0.77516
720 A	0.19625	0.02848	0.77527
721 T	0.19492	0.02899	0.77609
722 T	0.19186	0.03302	0.77512
723 A	0.18236	0.04852	0.76911
724 A	0.17215	0.06764	0.76022
725 A	0.16619	0.08466	0.74916
726 T	0.16382	0.09086	0.74532
727 T	0.16048	0.09922	0.7403
728 A	0.15456	0.11189	0.73354
729 T	0.14991	0.12217	0.72792
730 A	0.14372	0.12913	0.72715
731 T	0.13997	0.13307	0.72695
732 T	0.13330	0.14002	0.72668
733 A	0.12279	0.15087	0.72634
734 C	0.11635	0.15746	0.72619
735 A	0.11257	0.16166	0.72576
736 G	0.11003	0.16449	0.72547
737 A	0.10980	0.16478	0.72542
738 A	0.10992	0.16468	0.7254
739 T	0.11039	0.16417	0.72545
740 T	0.11101	0.16311	0.72588
741 A	0.11122	0.16257	0.72621
742 A	0.11173	0.16122	0.72706
743 A	0.11264	0.15818	0.72918
744 A	0.11379	0.15495	0.73126
745 A	0.11695	0.14834	0.73471
746 A	0.12514	0.13070	0.74417
747 A	0.13784	0.10721	0.75496
748 T	0.15711	0.07922	0.76367
749 T	0.16483	0.06690	0.76827
750 T	0.16915	0.05822	0.77263
751 A	0.17213	0.04955	0.77833
752 T	0.17595	0.03895	0.78511
753 T	0.17665	0.03075	0.7926
754 T	0.17706	0.02539	0.79755
755 T	0.17743	0.01898	0.80359
756 T	0.17775	0.01080	0.81146
757 T	0.17789	0.00590	0.81621
758 A	0.17812	0.00284	0.81904
759 A	0.17841	0.00000	0.82159
