# lcl|CP097583.1_cds_USQ93561.1_1
# AA	inside	membr	outside
1 A	0.59536	0.00000	0.40464
2 T	0.59462	0.00074	0.40464
3 G	0.59427	0.00109	0.40464
4 A	0.59427	0.02299	0.38274
5 A	0.59244	0.05558	0.35198
6 A	0.59244	0.06052	0.34704
7 A	0.59148	0.06316	0.34537
8 A	0.59148	0.06319	0.34533
9 A	0.59137	0.06373	0.34489
10 A	0.59137	0.08445	0.32418
11 T	0.59135	0.08604	0.32261
12 A	0.58927	0.08946	0.32127
13 A	0.58810	0.09503	0.31688
14 T	0.58810	0.09503	0.31688
15 A	0.58810	0.11909	0.29281
16 G	0.58806	0.11913	0.29281
17 T	0.58803	0.11944	0.29253
18 T	0.58803	0.12031	0.29166
19 A	0.58793	0.12061	0.29145
20 T	0.58765	0.12554	0.28682
21 T	0.58303	0.13001	0.28696
22 T	0.58100	0.13382	0.28518
23 C	0.57181	0.14690	0.28129
24 T	0.56460	0.15734	0.27806
25 G	0.55786	0.16462	0.27752
26 G	0.55352	0.16951	0.27697
27 A	0.56268	0.16138	0.27594
28 C	0.58640	0.13682	0.27678
29 C	0.58970	0.13373	0.27657
30 G	0.58727	0.13638	0.27635
31 A	0.58475	0.13906	0.27618
32 C	0.58372	0.14013	0.27615
33 A	0.59533	0.12873	0.27594
34 G	0.59646	0.12759	0.27595
35 C	0.60154	0.12102	0.27743
36 A	0.60636	0.11579	0.27786
37 T	0.60857	0.11354	0.27789
38 C	0.62153	0.10049	0.27798
39 C	0.61749	0.10457	0.27794
40 G	0.61364	0.10874	0.27761
41 G	0.60999	0.11285	0.27716
42 A	0.60601	0.11749	0.2765
43 A	0.60894	0.11449	0.27657
44 A	0.60850	0.11193	0.27957
45 A	0.61093	0.10425	0.28482
46 A	0.61540	0.08702	0.29758
47 C	0.61982	0.06976	0.31042
48 T	0.62180	0.06215	0.31605
49 A	0.62268	0.05841	0.31891
50 G	0.62437	0.05245	0.32318
51 T	0.62494	0.04974	0.32533
52 T	0.62523	0.04765	0.32712
53 T	0.62527	0.03984	0.3349
54 G	0.62486	0.03607	0.33906
55 T	0.62480	0.03367	0.34153
56 C	0.62465	0.03138	0.34397
57 T	0.62442	0.03081	0.34477
58 A	0.62364	0.03138	0.34498
59 T	0.62324	0.03144	0.34533
60 T	0.62284	0.03204	0.34513
61 G	0.62211	0.03426	0.34363
62 A	0.62144	0.03359	0.34497
63 A	0.62144	0.03112	0.34744
64 T	0.62174	0.02634	0.35192
65 T	0.62169	0.02220	0.35611
66 G	0.62048	0.02202	0.3575
67 G	0.62005	0.02136	0.35858
68 C	0.62016	0.02077	0.35907
69 T	0.62045	0.02067	0.35888
70 C	0.62053	0.02067	0.3588
71 T	0.62106	0.02057	0.35837
72 T	0.62137	0.02089	0.35774
73 T	0.62120	0.02213	0.35667
74 T	0.62090	0.02315	0.35596
75 T	0.62030	0.02497	0.35474
76 T	0.61969	0.02785	0.35246
77 T	0.61810	0.03259	0.34932
78 T	0.61402	0.04082	0.34516
79 G	0.60420	0.06106	0.33474
80 A	0.59913	0.07288	0.32799
81 A	0.58724	0.08914	0.32362
82 G	0.58426	0.09516	0.32058
83 G	0.58188	0.10250	0.31562
84 A	0.58199	0.11191	0.3061
85 G	0.58411	0.11372	0.30217
86 A	0.58572	0.11547	0.29881
87 A	0.58614	0.11768	0.29618
88 A	0.58686	0.11866	0.29448
89 T	0.58744	0.11866	0.29391
90 T	0.58747	0.12157	0.29096
91 A	0.58705	0.12649	0.28647
92 T	0.58660	0.13022	0.28318
93 T	0.58459	0.13440	0.28101
94 A	0.57771	0.14166	0.28063
95 A	0.57309	0.14605	0.28086
96 T	0.56816	0.14976	0.28207
97 G	0.55033	0.16602	0.28366
98 C	0.53937	0.17602	0.28461
99 A	0.52987	0.18891	0.28121
100 G	0.52370	0.19461	0.28169
101 A	0.51886	0.19890	0.28224
102 T	0.52492	0.18627	0.28881
103 T	0.52471	0.18354	0.29176
104 C	0.52008	0.17653	0.30339
105 A	0.51663	0.17805	0.30533
106 G	0.51557	0.17673	0.3077
107 T	0.52270	0.16866	0.30864
108 T	0.51625	0.17555	0.3082
109 C	0.50438	0.18802	0.3076
110 A	0.49621	0.19736	0.30643
111 A	0.49296	0.20243	0.3046
112 A	0.49095	0.20593	0.30313
113 T	0.49359	0.20350	0.30292
114 T	0.49512	0.20170	0.30318
115 T	0.49530	0.20011	0.30459
116 A	0.48956	0.20584	0.30459
117 T	0.48251	0.20668	0.3108
118 A	0.47543	0.21458	0.31
119 A	0.47100	0.21512	0.31387
120 A	0.46657	0.20773	0.3257
121 A	0.46474	0.20061	0.33465
122 A	0.46550	0.18979	0.34472
123 A	0.45934	0.18687	0.35378
124 T	0.45806	0.17680	0.36514
125 T	0.45241	0.17819	0.36941
126 T	0.43443	0.19470	0.37086
127 G	0.38957	0.23922	0.3712
128 A	0.37588	0.25191	0.3722
129 T	0.36844	0.25814	0.37343
130 A	0.35719	0.26934	0.37347
131 T	0.35525	0.26254	0.38221
132 T	0.35158	0.25604	0.39238
133 G	0.34621	0.25231	0.40149
134 G	0.34447	0.24999	0.40554
135 T	0.34507	0.24691	0.40802
136 T	0.34343	0.24698	0.40959
137 C	0.33988	0.24797	0.41215
138 A	0.33481	0.25529	0.4099
139 G	0.33517	0.25205	0.41278
140 C	0.33526	0.24830	0.41644
141 T	0.33837	0.25212	0.40951
142 A	0.33811	0.26298	0.3989
143 A	0.34008	0.27012	0.3898
144 A	0.34089	0.27330	0.38582
145 A	0.34129	0.27769	0.38102
146 T	0.34374	0.26991	0.38635
147 A	0.34211	0.27445	0.38344
148 A	0.34454	0.26889	0.38657
149 A	0.34505	0.25485	0.40009
150 T	0.34512	0.21285	0.44204
151 A	0.32298	0.24429	0.43273
152 T	0.31540	0.26903	0.41557
153 T	0.29618	0.33626	0.36756
154 A	0.24742	0.47800	0.27458
155 A	0.22057	0.54307	0.23635
156 A	0.20912	0.57772	0.21316
157 G	0.20413	0.58657	0.2093
158 A	0.19680	0.59724	0.20596
159 A	0.19402	0.60080	0.20518
160 A	0.19376	0.59903	0.20722
161 C	0.19195	0.59661	0.21144
162 T	0.19157	0.59630	0.21213
163 A	0.18747	0.60012	0.21242
164 G	0.18705	0.59985	0.2131
165 A	0.18975	0.59702	0.21324
166 C	0.19782	0.58877	0.21341
167 A	0.20200	0.58555	0.21246
168 A	0.20843	0.58028	0.21129
169 A	0.21356	0.57759	0.20886
170 T	0.22096	0.57055	0.20848
171 A	0.22225	0.56737	0.21038
172 A	0.22712	0.55133	0.22155
173 A	0.23834	0.52212	0.23954
174 G	0.27268	0.44697	0.28035
175 C	0.30928	0.38739	0.30333
176 A	0.37011	0.30673	0.32316
177 T	0.46169	0.18102	0.35729
178 C	0.49277	0.13406	0.37317
179 A	0.51219	0.11244	0.37537
180 T	0.52165	0.10109	0.37726
181 T	0.52590	0.08969	0.38441
182 T	0.52642	0.09037	0.38322
183 A	0.51669	0.11888	0.36443
184 T	0.50935	0.13288	0.35776
185 T	0.48420	0.18238	0.33342
186 A	0.42350	0.27906	0.29743
187 A	0.40391	0.32173	0.27435
188 G	0.38676	0.35092	0.26232
189 T	0.37566	0.36835	0.25599
190 A	0.36761	0.38612	0.24627
191 A	0.36668	0.39238	0.24093
192 A	0.36398	0.39753	0.23849
193 G	0.36094	0.40359	0.23548
194 T	0.35738	0.40894	0.23368
195 T	0.34373	0.42286	0.23341
196 G	0.31313	0.45326	0.23362
197 A	0.30173	0.46458	0.2337
198 A	0.29768	0.46821	0.23412
199 C	0.29422	0.47092	0.23486
200 C	0.29330	0.47189	0.23481
201 T	0.29212	0.47381	0.23406
202 G	0.28738	0.48036	0.23226
203 A	0.28459	0.48451	0.2309
204 A	0.28383	0.48560	0.23057
205 G	0.28889	0.47838	0.23274
206 A	0.31097	0.44326	0.24576
207 A	0.33376	0.40594	0.26031
208 T	0.37756	0.32702	0.29542
209 C	0.41476	0.22484	0.36039
210 T	0.44166	0.18523	0.37311
211 T	0.44915	0.17074	0.3801
212 A	0.43303	0.19090	0.37606
213 T	0.42848	0.19595	0.37557
214 A	0.40008	0.23003	0.36989
215 A	0.38807	0.23786	0.37407
216 T	0.38510	0.23391	0.38098
217 A	0.37608	0.24162	0.3823
218 T	0.37474	0.22933	0.39593
219 T	0.36768	0.21221	0.42011
220 T	0.35554	0.22261	0.42185
221 A	0.34248	0.24368	0.41385
222 T	0.33935	0.26130	0.39935
223 A	0.33743	0.31750	0.34506
224 A	0.33753	0.32437	0.3381
225 T	0.33898	0.31790	0.34313
226 T	0.33940	0.31396	0.34665
227 T	0.33817	0.31297	0.34886
228 T	0.33412	0.31808	0.3478
229 C	0.32801	0.32453	0.34747
230 A	0.32248	0.33693	0.34058
231 A	0.32106	0.34303	0.33591
232 A	0.32070	0.34687	0.33243
233 A	0.32137	0.34744	0.33119
234 A	0.32401	0.34142	0.33457
235 G	0.33333	0.31008	0.35659
236 A	0.34050	0.29414	0.36536
237 T	0.35079	0.25331	0.3959
238 G	0.35482	0.23550	0.40968
239 T	0.35943	0.22416	0.41641
240 T	0.36240	0.22771	0.40989
241 A	0.35520	0.27550	0.3693
242 G	0.35299	0.30640	0.34061
243 A	0.35627	0.38504	0.25869
244 A	0.36511	0.41010	0.22478
245 A	0.38191	0.40562	0.21247
246 T	0.43723	0.36699	0.19578
247 T	0.44645	0.37259	0.18096
248 T	0.44634	0.38319	0.17047
249 A	0.44439	0.38640	0.16921
250 A	0.44451	0.38484	0.17065
251 T	0.44555	0.38005	0.1744
252 A	0.43026	0.39060	0.17914
253 C	0.43028	0.38596	0.18375
254 C	0.42931	0.38633	0.18436
255 T	0.42690	0.38963	0.18348
256 A	0.41962	0.39793	0.18244
257 A	0.41415	0.40399	0.18186
258 A	0.41223	0.40637	0.1814
259 A	0.41452	0.40435	0.18112
260 T	0.41887	0.39945	0.18168
261 A	0.42332	0.39477	0.18191
262 A	0.43338	0.38438	0.18224
263 A	0.45638	0.35942	0.1842
264 A	0.50311	0.30374	0.19315
265 A	0.54308	0.25885	0.19807
266 T	0.65022	0.14661	0.20317
267 T	0.68854	0.10546	0.206
268 C	0.69829	0.09286	0.20886
269 C	0.70882	0.08092	0.21027
270 T	0.71771	0.07239	0.2099
271 T	0.72138	0.06880	0.20982
272 T	0.72198	0.06783	0.21019
273 T	0.72199	0.06794	0.21007
274 A	0.72178	0.06713	0.21109
275 T	0.72120	0.04873	0.23007
276 G	0.71940	0.04287	0.23773
277 G	0.71813	0.03792	0.24395
278 T	0.71835	0.03235	0.2493
279 G	0.71784	0.02734	0.25482
280 G	0.71738	0.02496	0.25766
281 G	0.71692	0.02581	0.25727
282 T	0.71661	0.03191	0.25148
283 G	0.71587	0.04586	0.23827
284 G	0.71576	0.05236	0.23187
285 A	0.71587	0.05573	0.2284
286 A	0.71613	0.05737	0.2265
287 G	0.71623	0.05796	0.22581
288 C	0.71641	0.05783	0.22576
289 G	0.71661	0.05849	0.2249
290 G	0.71706	0.05837	0.22456
291 T	0.71790	0.05779	0.22431
292 C	0.71847	0.05740	0.22413
293 T	0.71937	0.05696	0.22367
294 T	0.71980	0.05739	0.22281
295 T	0.71965	0.05851	0.22184
296 A	0.71922	0.05957	0.22121
297 T	0.71923	0.05973	0.22104
298 A	0.71783	0.06122	0.22094
299 T	0.71723	0.06047	0.2223
300 T	0.71545	0.06154	0.22301
301 A	0.70871	0.06799	0.2233
302 A	0.70309	0.07300	0.22391
303 A	0.70153	0.07386	0.22461
304 G	0.70298	0.07134	0.22568
305 C	0.70905	0.06428	0.22667
306 A	0.72189	0.05073	0.22738
307 T	0.72888	0.04322	0.2279
308 C	0.73179	0.03998	0.22824
309 T	0.73371	0.03800	0.22828
310 C	0.73433	0.03737	0.2283
311 T	0.73477	0.03696	0.22827
312 T	0.73534	0.03646	0.22819
313 T	0.73542	0.03677	0.22781
314 T	0.73531	0.03768	0.227
315 T	0.73359	0.04024	0.22616
316 G	0.72880	0.04676	0.22445
317 A	0.72713	0.04979	0.22309
318 T	0.72680	0.05091	0.2223
319 T	0.72228	0.05865	0.21907
320 A	0.70952	0.07608	0.2144
321 T	0.70585	0.07965	0.21451
322 G	0.70157	0.08456	0.21387
323 A	0.69922	0.08702	0.21376
324 A	0.69801	0.08338	0.2186
325 T	0.69796	0.07796	0.22408
326 T	0.69718	0.07564	0.22718
327 A	0.69487	0.07681	0.22832
328 G	0.69310	0.07749	0.22941
329 T	0.69244	0.07770	0.22986
330 T	0.69180	0.07814	0.23006
331 T	0.68957	0.08022	0.23021
332 C	0.68630	0.08329	0.2304
333 T	0.68058	0.08962	0.2298
334 G	0.66574	0.10571	0.22855
335 A	0.64820	0.12515	0.22666
336 G	0.62857	0.14586	0.22557
337 G	0.61896	0.15668	0.22435
338 A	0.60523	0.17108	0.22369
339 T	0.59768	0.17663	0.22569
340 G	0.58028	0.19646	0.22326
341 A	0.57646	0.20175	0.22179
342 A	0.57771	0.19883	0.22346
343 T	0.58234	0.18360	0.23406
344 T	0.58180	0.18280	0.23539
345 T	0.57631	0.18899	0.23471
346 T	0.56499	0.21190	0.22311
347 T	0.54041	0.24434	0.21525
348 A	0.43736	0.35111	0.21153
349 A	0.34656	0.44448	0.20896
350 A	0.32468	0.46516	0.21016
351 T	0.31022	0.47756	0.21221
352 C	0.29055	0.49578	0.21367
353 A	0.27342	0.51417	0.21241
354 T	0.26510	0.52104	0.21386
355 A	0.25615	0.53023	0.21362
356 A	0.24915	0.53642	0.21443
357 G	0.24522	0.53921	0.21558
358 A	0.24461	0.52809	0.22729
359 T	0.24393	0.51205	0.24403
360 A	0.24300	0.50879	0.2482
361 A	0.24406	0.49930	0.25664
362 A	0.24655	0.49419	0.25926
363 T	0.25242	0.47665	0.27093
364 A	0.25414	0.48158	0.26429
365 T	0.25616	0.48250	0.26134
366 A	0.25074	0.49801	0.25125
367 G	0.24987	0.50108	0.24905
368 A	0.24552	0.52219	0.23229
369 T	0.25637	0.50798	0.23564
370 A	0.25928	0.49172	0.24899
371 A	0.26067	0.39997	0.33936
372 T	0.26338	0.30834	0.42828
373 T	0.26007	0.30205	0.43788
374 T	0.25201	0.35763	0.39036
375 A	0.22608	0.54120	0.23272
376 G	0.21763	0.60083	0.18154
377 A	0.20869	0.66018	0.13113
378 A	0.20133	0.66988	0.12879
379 A	0.20013	0.66751	0.13236
380 T	0.20808	0.65647	0.13545
381 A	0.20838	0.65398	0.13765
382 C	0.21036	0.64884	0.1408
383 A	0.21371	0.64440	0.1419
384 A	0.21962	0.63736	0.14301
385 C	0.22566	0.63109	0.14324
386 A	0.22849	0.63194	0.13957
387 A	0.23754	0.62505	0.13742
388 A	0.24999	0.61181	0.1382
389 T	0.26853	0.58858	0.14289
390 G	0.26900	0.59058	0.14043
391 T	0.29079	0.56867	0.14054
392 T	0.27634	0.58770	0.13596
393 A	0.26153	0.61120	0.12727
394 G	0.25985	0.61975	0.1204
395 A	0.26373	0.62007	0.1162
396 A	0.28147	0.60479	0.11373
397 A	0.35302	0.53571	0.11127
398 T	0.51511	0.36267	0.12221
399 A	0.54218	0.32986	0.12796
400 A	0.56270	0.30196	0.13534
401 T	0.55215	0.30462	0.14324
402 T	0.48579	0.37050	0.14371
403 C	0.37392	0.48172	0.14436
404 G	0.23495	0.62387	0.14117
405 A	0.17905	0.68980	0.13115
406 A	0.14718	0.72573	0.12709
407 A	0.13285	0.74630	0.12085
408 A	0.12143	0.76004	0.11852
409 A	0.10861	0.76971	0.12168
410 A	0.10490	0.76829	0.12682
411 A	0.10739	0.76065	0.13196
412 G	0.11215	0.74717	0.14068
413 A	0.12103	0.72070	0.15827
414 T	0.13396	0.68910	0.17695
415 C	0.14188	0.65264	0.20548
416 C	0.15222	0.63369	0.21409
417 T	0.16086	0.62846	0.21068
418 A	0.16154	0.63799	0.20047
419 A	0.16588	0.63855	0.19558
420 A	0.17497	0.63353	0.19149
421 T	0.18574	0.62172	0.19255
422 T	0.18808	0.58808	0.22385
423 A	0.19023	0.56591	0.24386
424 A	0.19380	0.53117	0.27502
425 T	0.20111	0.44416	0.35473
426 T	0.20226	0.35734	0.44041
427 A	0.20366	0.31879	0.47755
428 T	0.20961	0.31193	0.47846
429 A	0.20729	0.40294	0.38977
430 G	0.20810	0.44817	0.34373
431 A	0.19811	0.50470	0.29719
432 T	0.19544	0.51592	0.28864
433 G	0.18853	0.53823	0.27324
434 A	0.18029	0.58020	0.2395
435 A	0.17352	0.62922	0.19726
436 A	0.16757	0.68290	0.14954
437 A	0.16727	0.71894	0.11378
438 A	0.16854	0.72278	0.10868
439 A	0.17079	0.72000	0.10921
440 A	0.17649	0.71220	0.11132
441 T	0.18883	0.69522	0.11595
442 C	0.19440	0.68738	0.11822
443 C	0.20122	0.67998	0.11879
444 A	0.20843	0.67263	0.11893
445 C	0.22069	0.66008	0.11923
446 G	0.23730	0.64356	0.11915
447 T	0.26620	0.61478	0.11902
448 C	0.28355	0.59740	0.11905
449 G	0.31257	0.56855	0.11888
450 T	0.37294	0.51035	0.11671
451 A	0.42443	0.45916	0.11641
452 T	0.53728	0.34274	0.11998
453 T	0.58747	0.29196	0.12056
454 T	0.62089	0.24599	0.13313
455 T	0.61713	0.24296	0.1399
456 A	0.59464	0.26019	0.14517
457 A	0.58879	0.25957	0.15163
458 G	0.61090	0.23062	0.15848
459 C	0.64497	0.19095	0.16408
460 G	0.66700	0.17214	0.16086
461 C	0.65515	0.18791	0.15694
462 T	0.62279	0.23241	0.1448
463 T	0.52597	0.35417	0.11986
464 A	0.38612	0.50589	0.10798
465 T	0.32954	0.56394	0.10651
466 A	0.25701	0.63841	0.10459
467 A	0.22496	0.67096	0.10408
468 A	0.19819	0.69803	0.10378
469 C	0.18340	0.71271	0.10389
470 A	0.16531	0.73341	0.10129
471 A	0.15690	0.74352	0.09958
472 A	0.15762	0.74376	0.09861
473 T	0.16152	0.73972	0.09876
474 T	0.16367	0.73611	0.10022
475 A	0.16386	0.72296	0.11318
476 T	0.16619	0.70577	0.12805
477 T	0.16516	0.69455	0.1403
478 C	0.15432	0.69100	0.15468
479 A	0.14777	0.68555	0.16668
480 A	0.14253	0.67514	0.18234
481 A	0.13935	0.67245	0.18821
482 A	0.14002	0.66657	0.19342
483 T	0.14739	0.64885	0.20376
484 A	0.15205	0.60839	0.23957
485 A	0.16288	0.53752	0.2996
486 T	0.18409	0.38109	0.43481
487 T	0.18824	0.27064	0.54111
488 T	0.18144	0.27955	0.539
489 A	0.16886	0.41122	0.41992
490 A	0.15902	0.44593	0.39504
491 G	0.15395	0.44649	0.39957
492 A	0.14626	0.46754	0.38621
493 T	0.14493	0.46549	0.38957
494 C	0.14001	0.47327	0.38671
495 T	0.13708	0.52362	0.3393
496 G	0.12501	0.64307	0.23192
497 A	0.11483	0.70344	0.18174
498 A	0.10831	0.74341	0.14828
499 A	0.10557	0.76648	0.12794
500 A	0.10016	0.79506	0.10478
501 G	0.09569	0.80274	0.10157
502 A	0.09457	0.80723	0.0982
503 A	0.09376	0.81199	0.09425
504 A	0.09417	0.81975	0.08608
505 A	0.09377	0.83321	0.07301
506 A	0.09482	0.83768	0.0675
507 A	0.09983	0.83866	0.06151
508 A	0.10695	0.83409	0.05897
509 A	0.11695	0.82431	0.05875
510 A	0.13612	0.80339	0.06049
511 G	0.18436	0.74734	0.0683
512 A	0.32720	0.59431	0.07849
513 T	0.38382	0.52717	0.08901
514 A	0.41065	0.49435	0.09501
515 T	0.46466	0.43048	0.10487
516 T	0.49672	0.39239	0.11089
517 C	0.50844	0.37272	0.11885
518 A	0.53625	0.34231	0.12144
519 T	0.62915	0.23976	0.13109
520 T	0.66724	0.19564	0.13712
521 T	0.69352	0.16545	0.14103
522 A	0.70889	0.14851	0.1426
523 T	0.73489	0.11487	0.15025
524 T	0.74578	0.09752	0.1567
525 T	0.75240	0.08815	0.15946
526 G	0.75859	0.08019	0.16122
527 A	0.77019	0.06753	0.16228
528 T	0.78558	0.05002	0.1644
529 A	0.79202	0.04241	0.16557
530 T	0.80256	0.03074	0.1667
531 T	0.80816	0.02445	0.16739
532 T	0.81122	0.02164	0.16714
533 T	0.81271	0.02157	0.16572
534 A	0.81348	0.02404	0.16248
535 T	0.81490	0.02465	0.16045
536 T	0.81505	0.02846	0.1565
537 T	0.81341	0.03928	0.14732
538 T	0.80531	0.06651	0.12818
539 T	0.79195	0.08894	0.11911
540 T	0.77484	0.12008	0.10508
541 T	0.75909	0.14552	0.09539
542 A	0.73806	0.17508	0.08686
543 T	0.72763	0.18872	0.08365
544 T	0.71364	0.20483	0.08152
545 T	0.69150	0.22920	0.07929
546 A	0.63649	0.28675	0.07677
547 G	0.60400	0.32134	0.07466
548 A	0.57541	0.35496	0.06963
549 T	0.56282	0.36848	0.0687
550 A	0.53611	0.39545	0.06844
551 T	0.51063	0.42109	0.06827
552 A	0.45748	0.47477	0.06775
553 C	0.41727	0.51521	0.06753
554 C	0.38840	0.54597	0.06563
555 G	0.37071	0.56789	0.0614
556 A	0.36231	0.58036	0.05733
557 A	0.35992	0.58650	0.05358
558 A	0.35402	0.59478	0.0512
559 A	0.35624	0.59289	0.05087
560 A	0.36804	0.57717	0.05479
561 T	0.39296	0.54092	0.06612
562 A	0.40177	0.51626	0.08197
563 T	0.41605	0.48099	0.10296
564 T	0.42197	0.45681	0.12122
565 T	0.42448	0.43815	0.13737
566 T	0.41810	0.44025	0.14165
567 A	0.37325	0.48000	0.14675
568 A	0.34637	0.49265	0.16098
569 A	0.31937	0.47741	0.20323
570 A	0.30174	0.46583	0.23242
571 G	0.28022	0.45862	0.26117
572 A	0.26173	0.46664	0.27163
573 A	0.25313	0.45850	0.28837
574 A	0.24959	0.44169	0.30872
575 G	0.24669	0.39692	0.35639
576 G	0.24484	0.36922	0.38594
577 T	0.24683	0.35157	0.4016
578 T	0.24828	0.35542	0.3963
579 A	0.24753	0.36548	0.38698
580 A	0.24893	0.35926	0.3918
581 T	0.25015	0.34906	0.40079
582 G	0.24814	0.34754	0.40432
583 T	0.24634	0.34891	0.40475
584 C	0.24041	0.35639	0.4032
585 T	0.23598	0.37478	0.38925
586 A	0.22300	0.40750	0.36951
587 G	0.20883	0.44219	0.34898
588 A	0.20209	0.48055	0.31737
589 T	0.20165	0.51477	0.28358
590 T	0.19494	0.52304	0.28202
591 A	0.17950	0.53599	0.2845
592 G	0.17316	0.52566	0.30118
593 A	0.16845	0.52258	0.30897
594 A	0.16507	0.51000	0.32493
595 G	0.16767	0.49287	0.33946
596 A	0.17908	0.47655	0.34436
597 A	0.19523	0.45807	0.34669
598 A	0.20747	0.44218	0.35034
599 T	0.22589	0.41974	0.35437
600 G	0.23433	0.41342	0.35224
601 T	0.24775	0.40920	0.34305
602 T	0.24755	0.43301	0.31945
603 A	0.23215	0.49669	0.27116
604 A	0.22501	0.56250	0.21249
605 A	0.21603	0.61203	0.17195
606 A	0.21005	0.64667	0.14328
607 A	0.20291	0.66689	0.1302
608 A	0.20517	0.67683	0.118
609 A	0.22304	0.65394	0.12302
610 G	0.24722	0.62093	0.13185
611 G	0.28421	0.57809	0.1377
612 G	0.32977	0.53287	0.13735
613 T	0.37902	0.48221	0.13876
614 T	0.39880	0.45843	0.14277
615 T	0.40482	0.44861	0.14658
616 A	0.40727	0.44368	0.14905
617 T	0.41214	0.43513	0.15273
618 T	0.41322	0.43233	0.15445
619 C	0.41377	0.43366	0.15256
620 A	0.41465	0.44423	0.14112
621 A	0.41599	0.45682	0.12719
622 G	0.41758	0.46887	0.11355
623 A	0.41804	0.48053	0.10143
624 A	0.42995	0.47729	0.09275
625 G	0.45748	0.44480	0.09772
626 T	0.50785	0.38414	0.10801
627 A	0.56064	0.33197	0.10738
628 A	0.60260	0.29102	0.10638
629 A	0.63437	0.26244	0.10319
630 A	0.65598	0.23276	0.11126
631 T	0.67962	0.19720	0.12318
632 A	0.68546	0.19005	0.12449
633 T	0.69028	0.18875	0.12097
634 C	0.69404	0.19966	0.1063
635 T	0.69690	0.21282	0.09027
636 T	0.68573	0.22742	0.08685
637 A	0.64257	0.27807	0.07937
638 T	0.61383	0.30888	0.07728
639 C	0.50323	0.42295	0.07382
640 C	0.42219	0.51483	0.06298
641 A	0.37464	0.57435	0.05102
642 A	0.34392	0.60625	0.04982
643 A	0.32405	0.62697	0.04898
644 A	0.32837	0.62279	0.04884
645 T	0.33409	0.61552	0.05038
646 C	0.32768	0.61584	0.05648
647 A	0.32542	0.61652	0.05806
648 T	0.32331	0.61676	0.05993
649 C	0.31424	0.62523	0.06053
650 C	0.29586	0.64379	0.06035
651 A	0.28354	0.65724	0.05922
652 A	0.28315	0.65753	0.05932
653 A	0.27942	0.66092	0.05966
654 A	0.27856	0.66133	0.06011
655 G	0.27899	0.65543	0.06558
656 C	0.28441	0.63028	0.08531
657 A	0.29994	0.60892	0.09115
658 A	0.31898	0.58096	0.10007
659 A	0.32970	0.55131	0.11899
660 T	0.34876	0.48630	0.16495
661 T	0.35700	0.44956	0.19344
662 T	0.36057	0.33394	0.30549
663 T	0.36399	0.26387	0.37214
664 A	0.35730	0.24108	0.40163
665 A	0.35170	0.24467	0.40364
666 T	0.34531	0.25707	0.39762
667 A	0.33071	0.30448	0.36481
668 T	0.31602	0.33956	0.34442
669 T	0.28118	0.39520	0.32363
670 A	0.24700	0.46561	0.28739
671 T	0.22939	0.51465	0.25596
672 A	0.20635	0.55375	0.23991
673 G	0.19943	0.54824	0.25233
674 G	0.19771	0.54693	0.25536
675 A	0.19463	0.54496	0.26041
676 T	0.19300	0.54285	0.26415
677 A	0.18844	0.54466	0.2669
678 T	0.18661	0.54182	0.27157
679 C	0.18294	0.54418	0.27288
680 G	0.17856	0.54933	0.2721
681 C	0.17563	0.55489	0.26947
682 G	0.17286	0.57270	0.25444
683 A	0.17041	0.60776	0.22183
684 A	0.16985	0.63073	0.19942
685 A	0.17293	0.64496	0.1821
686 T	0.18389	0.64642	0.16969
687 A	0.19393	0.65323	0.15284
688 A	0.22188	0.61849	0.15964
689 A	0.26218	0.56766	0.17016
690 A	0.31353	0.49408	0.19239
691 T	0.36361	0.41909	0.2173
692 C	0.40422	0.33603	0.25975
693 T	0.44988	0.27110	0.27902
694 T	0.47612	0.23829	0.28559
695 T	0.48572	0.21982	0.29446
696 T	0.48331	0.22174	0.29496
697 T	0.46848	0.23827	0.29325
698 T	0.45071	0.25674	0.29255
699 A	0.41608	0.30200	0.28192
700 G	0.38414	0.34705	0.2688
701 A	0.35683	0.42310	0.22008
702 A	0.33913	0.47267	0.18819
703 A	0.32373	0.51024	0.16602
704 A	0.31662	0.52746	0.15592
705 A	0.32260	0.52938	0.14802
706 A	0.35023	0.51145	0.13832
707 A	0.37191	0.49744	0.13065
708 A	0.38372	0.49306	0.12322
709 A	0.38940	0.51687	0.09373
710 T	0.41104	0.50438	0.08458
711 A	0.40672	0.51488	0.07839
712 A	0.40638	0.51848	0.07514
713 G	0.40768	0.51820	0.07412
714 T	0.41081	0.51671	0.07248
715 T	0.41026	0.51723	0.07251
716 T	0.40283	0.52276	0.07441
717 T	0.38218	0.54131	0.07651
718 A	0.33532	0.58525	0.07943
719 A	0.31769	0.59180	0.09051
720 C	0.31100	0.57134	0.11766
721 G	0.30730	0.56064	0.13206
722 A	0.31419	0.53447	0.15134
723 A	0.33054	0.50118	0.16828
724 G	0.37674	0.43961	0.18365
725 C	0.40655	0.39953	0.19392
726 T	0.42476	0.37301	0.20223
727 A	0.42721	0.37186	0.20093
728 A	0.43242	0.36406	0.20351
729 G	0.44206	0.35211	0.20583
730 G	0.45114	0.34133	0.20753
731 A	0.46331	0.32101	0.21568
732 T	0.51061	0.26173	0.22765
733 T	0.52798	0.24137	0.23065
734 T	0.52694	0.24394	0.22911
735 A	0.51645	0.25765	0.2259
736 A	0.50641	0.26897	0.22462
737 T	0.50432	0.26727	0.22841
738 T	0.49878	0.26481	0.23641
739 A	0.49445	0.25484	0.25071
740 T	0.49507	0.22853	0.2764
741 T	0.49137	0.18966	0.31897
742 C	0.47796	0.19010	0.33194
743 G	0.45963	0.20789	0.33248
744 A	0.40129	0.26812	0.33059
745 A	0.38995	0.27855	0.33149
746 A	0.39432	0.27363	0.33205
747 T	0.40801	0.25876	0.33323
748 T	0.41282	0.24825	0.33893
749 C	0.41534	0.23945	0.34521
750 T	0.41766	0.24426	0.33807
751 T	0.41417	0.26302	0.32281
752 T	0.34104	0.36141	0.29755
753 A	0.27184	0.48849	0.23968
754 A	0.25137	0.55672	0.1919
755 A	0.23726	0.62399	0.13875
756 A	0.22940	0.64106	0.12954
757 T	0.23376	0.62782	0.13842
758 A	0.23439	0.62103	0.14458
759 T	0.23546	0.61006	0.15447
760 G	0.23075	0.61159	0.15766
761 C	0.22828	0.60563	0.1661
762 T	0.22520	0.61545	0.15935
763 A	0.21361	0.63787	0.14852
764 A	0.20430	0.65601	0.13969
765 A	0.19606	0.65954	0.1444
766 A	0.19207	0.65253	0.1554
767 G	0.19387	0.59018	0.21595
768 A	0.19419	0.58594	0.21987
769 C	0.19489	0.59542	0.2097
770 A	0.19504	0.67027	0.13469
771 A	0.19579	0.73614	0.06807
772 A	0.19853	0.73728	0.06419
773 A	0.21046	0.72514	0.0644
774 A	0.22971	0.70141	0.06888
775 A	0.25690	0.58619	0.1569
776 C	0.31231	0.46144	0.22624
777 A	0.35613	0.40604	0.23782
778 T	0.40930	0.34985	0.24085
779 G	0.41762	0.35479	0.2276
780 G	0.41813	0.36450	0.21737
781 T	0.42172	0.36528	0.213
782 T	0.41808	0.37076	0.21116
783 T	0.41386	0.37986	0.20629
784 A	0.39304	0.47138	0.13558
785 A	0.38284	0.50410	0.11306
786 A	0.38238	0.49823	0.11939
787 A	0.38209	0.49141	0.1265
788 A	0.36917	0.49559	0.13524
789 C	0.35666	0.50313	0.14021
790 C	0.35324	0.50969	0.13708
791 A	0.36305	0.51067	0.12628
792 A	0.37940	0.49614	0.12446
793 A	0.44843	0.42868	0.12289
794 T	0.50908	0.36786	0.12306
795 T	0.51295	0.36430	0.12275
796 C	0.51302	0.36239	0.12459
797 A	0.51399	0.36507	0.12094
798 A	0.51962	0.36046	0.11992
799 T	0.52996	0.34969	0.12035
800 T	0.53929	0.34111	0.11959
801 T	0.54730	0.33279	0.11991
802 T	0.55060	0.32370	0.1257
803 T	0.53193	0.33697	0.13109
804 A	0.46123	0.40517	0.1336
805 C	0.43983	0.41993	0.14025
806 A	0.43238	0.42768	0.13994
807 A	0.48298	0.36496	0.15207
808 A	0.50217	0.33596	0.16186
809 T	0.50807	0.32677	0.16517
810 T	0.50002	0.33194	0.16804
811 A	0.47825	0.34282	0.17893
812 T	0.46916	0.33656	0.19428
813 A	0.42347	0.37126	0.20527
814 A	0.40641	0.38460	0.20899
815 A	0.40316	0.38364	0.21319
816 T	0.40778	0.37271	0.2195
817 C	0.40710	0.36893	0.22397
818 C	0.40638	0.36837	0.22525
819 T	0.40286	0.37609	0.22106
820 T	0.39612	0.39544	0.20844
821 T	0.38234	0.43515	0.1825
822 A	0.34281	0.50772	0.14947
823 G	0.32704	0.52351	0.14945
824 A	0.31085	0.53147	0.15768
825 T	0.29982	0.51433	0.18585
826 G	0.26773	0.51361	0.21867
827 C	0.25466	0.46481	0.28053
828 A	0.24974	0.46489	0.28538
829 A	0.24854	0.46418	0.28728
830 A	0.24975	0.45948	0.29077
831 T	0.25319	0.45106	0.29575
832 T	0.25055	0.45040	0.29905
833 G	0.24175	0.44172	0.31653
834 G	0.22935	0.44146	0.32919
835 A	0.22018	0.45474	0.32509
836 A	0.21321	0.44921	0.33757
837 A	0.20295	0.46450	0.33255
838 G	0.19417	0.49485	0.31098
839 A	0.18407	0.56857	0.24735
840 A	0.17460	0.64906	0.17635
841 A	0.17163	0.72592	0.10245
842 A	0.17437	0.74053	0.0851
843 A	0.18673	0.73070	0.08257
844 A	0.21091	0.69458	0.09451
845 T	0.24319	0.62727	0.12954
846 A	0.24582	0.60939	0.14479
847 T	0.25066	0.58599	0.16336
848 T	0.25454	0.57047	0.175
849 T	0.25708	0.54263	0.20029
850 T	0.25865	0.53153	0.20983
851 A	0.26161	0.52390	0.21449
852 T	0.26650	0.51440	0.2191
853 A	0.26802	0.51145	0.22053
854 T	0.27088	0.50640	0.22272
855 G	0.27018	0.50559	0.22423
856 A	0.27138	0.50338	0.22525
857 T	0.27929	0.48906	0.23164
858 A	0.29246	0.47972	0.22782
859 A	0.31819	0.46166	0.22015
860 A	0.35279	0.42309	0.22412
861 A	0.38807	0.38424	0.22769
862 A	0.45349	0.31144	0.23508
863 A	0.52918	0.23184	0.23898
864 T	0.61130	0.15143	0.23727
865 T	0.63390	0.13387	0.23224
866 T	0.64277	0.13185	0.22538
867 T	0.63815	0.14778	0.21407
868 T	0.61363	0.19608	0.19029
869 T	0.55710	0.26953	0.17336
870 A	0.44167	0.41383	0.14449
871 A	0.34879	0.54716	0.10406
872 A	0.25023	0.67885	0.07091
873 A	0.18371	0.75737	0.05891
874 A	0.09416	0.86154	0.04429
875 A	0.08163	0.87556	0.04281
876 G	0.07877	0.87720	0.04403
877 G	0.07929	0.87571	0.045
878 A	0.08238	0.87098	0.04664
879 A	0.08966	0.86147	0.04886
880 C	0.09726	0.85205	0.05069
881 C	0.10815	0.84061	0.05124
882 G	0.11950	0.82911	0.05138
883 A	0.12433	0.82421	0.05145
884 A	0.12934	0.81914	0.05152
885 A	0.13340	0.81501	0.05159
886 G	0.14202	0.80589	0.05209
887 A	0.15379	0.79175	0.05446
888 T	0.16925	0.76976	0.06099
889 A	0.17895	0.75127	0.06978
890 A	0.19425	0.71434	0.09141
891 T	0.22141	0.64528	0.13331
892 G	0.23625	0.56830	0.19545
893 A	0.26078	0.44907	0.29014
894 A	0.30022	0.32079	0.37899
895 T	0.33532	0.18172	0.48296
896 A	0.34627	0.10486	0.54887
897 A	0.36188	0.00000	0.63812
