# lcl|CP097583.1_cds_USQ93563.1_1
# AA	inside	membr	outside
1 A	0.66394	0.00000	0.33606
2 T	0.66370	0.00024	0.33606
3 G	0.66351	0.00043	0.33606
4 G	0.66351	0.07800	0.25849
5 A	0.66052	0.18169	0.1578
6 A	0.66052	0.20103	0.13845
7 A	0.63528	0.22955	0.13518
8 T	0.63528	0.22959	0.13513
9 T	0.63169	0.23412	0.13419
10 A	0.63168	0.29517	0.07315
11 A	0.63018	0.29747	0.07235
12 T	0.61726	0.31060	0.07214
13 A	0.58464	0.34415	0.07121
14 A	0.58464	0.34415	0.07121
15 C	0.58464	0.34445	0.07091
16 A	0.58443	0.34467	0.07091
17 G	0.58427	0.34482	0.07091
18 C	0.58426	0.34483	0.07091
19 T	0.58424	0.34485	0.07091
20 G	0.58386	0.34524	0.07091
21 C	0.58379	0.34529	0.07093
22 T	0.58800	0.34106	0.07094
23 C	0.59279	0.33623	0.07098
24 G	0.60366	0.32532	0.07102
25 T	0.63624	0.29247	0.07129
26 T	0.64789	0.28067	0.07144
27 T	0.70529	0.22248	0.07223
28 A	0.76632	0.15904	0.07463
29 T	0.78972	0.13335	0.07693
30 T	0.80376	0.09600	0.10024
31 T	0.80653	0.09056	0.10291
32 T	0.80963	0.08235	0.10802
33 A	0.84369	0.04457	0.11174
34 T	0.84546	0.04010	0.11444
35 T	0.84634	0.02989	0.12377
36 T	0.84699	0.01227	0.14074
37 T	0.84681	0.01872	0.13446
38 T	0.84668	0.02437	0.12894
39 T	0.84609	0.03691	0.117
40 A	0.84563	0.04346	0.11091
41 T	0.84549	0.04668	0.10783
42 T	0.84442	0.05333	0.10225
43 T	0.84312	0.05529	0.10159
44 T	0.83970	0.06592	0.09437
45 T	0.83302	0.07723	0.08975
46 G	0.82050	0.09322	0.08628
47 C	0.81052	0.10569	0.08379
48 T	0.80683	0.11494	0.07822
49 G	0.80431	0.12695	0.06874
50 G	0.80335	0.13679	0.05986
51 A	0.80290	0.14051	0.05659
52 T	0.80264	0.14208	0.05527
53 T	0.80220	0.14355	0.05425
54 A	0.80183	0.14500	0.05317
55 G	0.80183	0.14507	0.0531
56 G	0.80222	0.14456	0.05322
57 A	0.80333	0.14346	0.05321
58 A	0.80672	0.14002	0.05326
59 C	0.81748	0.12886	0.05366
60 T	0.82911	0.11818	0.0527
61 T	0.83521	0.11419	0.0506
62 T	0.84054	0.11213	0.04734
63 A	0.84111	0.11610	0.04279
64 A	0.84193	0.11885	0.03921
65 T	0.84621	0.11552	0.03827
66 A	0.84631	0.11718	0.03651
67 T	0.85485	0.10502	0.04013
68 A	0.85939	0.09705	0.04356
69 T	0.86548	0.08187	0.05265
70 T	0.86676	0.07690	0.05635
71 T	0.86842	0.07541	0.05616
72 T	0.86977	0.07765	0.05257
73 G	0.86781	0.08054	0.05165
74 T	0.86516	0.08316	0.05168
75 T	0.85379	0.09463	0.05158
76 T	0.82135	0.12750	0.05114
77 C	0.73250	0.21726	0.05024
78 C	0.62260	0.33236	0.04504
79 A	0.49633	0.46667	0.03699
80 A	0.40392	0.56386	0.03223
81 A	0.32738	0.64463	0.02798
82 A	0.29133	0.68481	0.02386
83 A	0.26014	0.71981	0.02004
84 A	0.21730	0.76558	0.01712
85 A	0.19834	0.78531	0.01635
86 A	0.18461	0.79903	0.01637
87 A	0.16941	0.81390	0.01669
88 A	0.15537	0.82723	0.0174
89 T	0.14993	0.83148	0.01858
90 A	0.13332	0.84764	0.01903
91 A	0.11701	0.86199	0.021
92 G	0.10732	0.86834	0.02434
93 T	0.10029	0.87198	0.02773
94 G	0.07987	0.89059	0.02954
95 A	0.06460	0.90595	0.02944
96 A	0.04924	0.91810	0.03265
97 A	0.04152	0.92012	0.03837
98 A	0.03537	0.91154	0.05308
99 A	0.02951	0.88135	0.08914
100 A	0.02923	0.80512	0.16565
101 T	0.03304	0.70212	0.26484
102 A	0.03457	0.60060	0.36483
103 A	0.03526	0.52692	0.43782
104 G	0.03646	0.46328	0.50027
105 A	0.03795	0.45429	0.50775
106 A	0.03949	0.44613	0.51437
107 A	0.04073	0.42472	0.53454
108 A	0.04013	0.42155	0.53832
109 A	0.03958	0.42844	0.53198
110 T	0.03893	0.43811	0.52295
111 A	0.03434	0.46735	0.49831
112 G	0.03152	0.47418	0.49431
113 A	0.02990	0.50665	0.46345
114 T	0.02977	0.50992	0.46031
115 G	0.02826	0.51936	0.45238
116 A	0.02819	0.54103	0.43078
117 A	0.02900	0.56526	0.40574
118 A	0.03120	0.57996	0.38884
119 G	0.03356	0.59118	0.37527
120 T	0.03830	0.60342	0.35828
121 A	0.03982	0.63471	0.32547
122 T	0.04297	0.64069	0.31634
123 T	0.04407	0.66247	0.29346
124 G	0.04354	0.70359	0.25287
125 A	0.04445	0.79349	0.16207
126 A	0.04663	0.84107	0.1123
127 A	0.05286	0.86289	0.08425
128 A	0.07013	0.87509	0.05478
129 A	0.09469	0.86301	0.04231
130 A	0.11876	0.84212	0.03912
131 A	0.14309	0.81981	0.0371
132 A	0.17570	0.78667	0.03763
133 A	0.22522	0.73571	0.03908
134 T	0.29400	0.66258	0.04342
135 A	0.32600	0.63099	0.043
136 T	0.37926	0.57977	0.04097
137 T	0.39978	0.56280	0.03742
138 A	0.41019	0.55807	0.03174
139 A	0.43275	0.53600	0.03125
140 A	0.47745	0.49163	0.03092
141 A	0.51420	0.45417	0.03163
142 T	0.55367	0.41385	0.03248
143 C	0.58025	0.38672	0.03304
144 T	0.62133	0.34558	0.03309
145 C	0.63653	0.33037	0.0331
146 A	0.65783	0.30934	0.03283
147 A	0.69716	0.26929	0.03355
148 T	0.79755	0.16841	0.03404
149 T	0.84617	0.11803	0.0358
150 G	0.87098	0.09252	0.0365
151 C	0.89868	0.06172	0.0396
152 T	0.91008	0.04945	0.04047
153 T	0.90141	0.05808	0.04051
154 T	0.89006	0.06931	0.04064
155 C	0.87666	0.08260	0.04074
156 G	0.86176	0.09748	0.04077
157 G	0.85543	0.10354	0.04104
158 C	0.85220	0.10653	0.04127
159 T	0.80636	0.15264	0.041
160 C	0.70260	0.25783	0.03957
161 A	0.67378	0.28941	0.03681
162 A	0.65596	0.30752	0.03652
163 A	0.64422	0.32005	0.03573
164 T	0.63849	0.32550	0.03601
165 T	0.63347	0.33140	0.03513
166 C	0.60013	0.36156	0.03832
167 T	0.56901	0.39235	0.03864
168 T	0.53497	0.42616	0.03888
169 T	0.45229	0.50972	0.03799
170 C	0.35045	0.61232	0.03723
171 A	0.28123	0.68326	0.03551
172 G	0.25604	0.70815	0.03581
173 A	0.23470	0.72916	0.03614
174 A	0.22558	0.73752	0.03691
175 A	0.22211	0.73980	0.0381
176 C	0.21986	0.72610	0.05404
177 T	0.21730	0.71748	0.06522
178 G	0.21175	0.71391	0.07435
179 A	0.20824	0.70793	0.08382
180 A	0.20519	0.70691	0.0879
181 A	0.20147	0.70385	0.09469
182 A	0.19793	0.64736	0.15471
183 C	0.19633	0.53996	0.26372
184 A	0.19570	0.51207	0.29224
185 A	0.19434	0.50372	0.30194
186 A	0.19360	0.49048	0.31593
187 G	0.19393	0.47609	0.32998
188 T	0.19552	0.45986	0.34462
189 T	0.19580	0.36329	0.44091
190 C	0.19538	0.29029	0.51433
191 A	0.19499	0.29104	0.51397
192 T	0.19314	0.29871	0.50815
193 T	0.18793	0.35239	0.45968
194 T	0.17921	0.38214	0.43865
195 A	0.16328	0.47643	0.36028
196 T	0.15323	0.57157	0.27521
197 T	0.13966	0.68552	0.17482
198 A	0.11152	0.78636	0.10211
199 A	0.09905	0.83560	0.06535
200 A	0.09086	0.86012	0.04902
201 A	0.08352	0.87476	0.04172
202 A	0.07708	0.88616	0.03677
203 A	0.07398	0.88974	0.03629
204 A	0.07323	0.88848	0.0383
205 G	0.07301	0.88420	0.04279
206 A	0.07276	0.88200	0.04524
207 A	0.07358	0.87850	0.04793
208 A	0.07797	0.87237	0.04966
209 C	0.07883	0.86944	0.05173
210 A	0.08005	0.87154	0.04841
211 G	0.08334	0.87113	0.04553
212 A	0.08749	0.87086	0.04165
213 A	0.09494	0.86622	0.03885
214 A	0.13659	0.82704	0.03636
215 A	0.22704	0.73078	0.04218
216 T	0.39098	0.55272	0.0563
217 G	0.44991	0.47944	0.07065
218 A	0.53685	0.38388	0.07927
219 T	0.63371	0.29293	0.07335
220 T	0.68571	0.24986	0.06443
221 T	0.68917	0.25325	0.05758
222 A	0.58322	0.36390	0.05288
223 A	0.53003	0.41575	0.05422
224 A	0.49257	0.44915	0.05827
225 T	0.43785	0.50038	0.06177
226 C	0.32130	0.61718	0.06153
227 A	0.21865	0.72658	0.05477
228 A	0.15586	0.79321	0.05093
229 A	0.12304	0.82766	0.0493
230 G	0.08283	0.86918	0.04799
231 A	0.06062	0.89267	0.04671
232 A	0.05249	0.90094	0.04657
233 G	0.05111	0.90242	0.04647
234 A	0.05231	0.90410	0.0436
235 A	0.05477	0.90533	0.03991
236 A	0.05772	0.90358	0.0387
237 A	0.06141	0.90050	0.03808
238 A	0.06643	0.89620	0.03737
239 T	0.07281	0.88969	0.0375
240 A	0.07746	0.88321	0.03933
241 A	0.09251	0.85708	0.05042
242 T	0.11496	0.80670	0.07833
243 T	0.12863	0.74848	0.1229
244 A	0.13656	0.70992	0.15352
245 T	0.14592	0.58908	0.26499
246 T	0.14966	0.52216	0.32817
247 A	0.15055	0.47784	0.37161
248 A	0.15311	0.40259	0.44431
249 T	0.15746	0.29198	0.55056
250 T	0.16174	0.20487	0.63339
251 T	0.15649	0.16800	0.67551
252 A	0.14260	0.17837	0.67903
253 G	0.12432	0.19677	0.67892
254 A	0.10218	0.29067	0.60714
255 A	0.09199	0.37946	0.52854
256 G	0.08095	0.47045	0.44859
257 A	0.07145	0.62462	0.30393
258 G	0.07169	0.70005	0.22825
259 A	0.07232	0.78001	0.14767
260 A	0.07273	0.81676	0.11051
261 A	0.07314	0.82937	0.09748
262 A	0.07483	0.83434	0.09083
263 T	0.07902	0.84543	0.07555
264 T	0.07938	0.85226	0.06836
265 A	0.07877	0.85794	0.06329
266 T	0.07913	0.85836	0.06251
267 T	0.07867	0.85987	0.06146
268 C	0.07790	0.86268	0.05941
269 A	0.07727	0.86808	0.05465
270 T	0.07769	0.86968	0.05264
271 A	0.07755	0.87489	0.04756
272 A	0.07848	0.88133	0.0402
273 A	0.08086	0.88045	0.0387
274 G	0.09003	0.86205	0.04793
275 A	0.10990	0.82948	0.06063
276 A	0.14466	0.77721	0.07812
277 G	0.23091	0.67114	0.09795
278 A	0.33615	0.56125	0.10261
279 A	0.46119	0.42713	0.11167
280 T	0.63071	0.24842	0.12088
281 T	0.69261	0.18514	0.12225
282 A	0.73140	0.14582	0.12278
283 T	0.75329	0.12108	0.12564
284 T	0.75966	0.11083	0.12951
285 G	0.76244	0.10570	0.13186
286 A	0.77771	0.08961	0.13267
287 C	0.79048	0.07506	0.13446
288 T	0.79874	0.06582	0.13543
289 T	0.80117	0.06258	0.13625
290 C	0.79938	0.06345	0.13717
291 T	0.79786	0.06531	0.13682
292 C	0.76795	0.09599	0.13606
293 G	0.74870	0.11867	0.13264
294 A	0.74352	0.12933	0.12715
295 T	0.74076	0.13568	0.12356
296 T	0.70849	0.17477	0.11674
297 T	0.64480	0.24972	0.10548
298 A	0.49069	0.43121	0.0781
299 A	0.36794	0.58512	0.04694
300 A	0.32273	0.63981	0.03747
301 T	0.31988	0.64975	0.03038
302 A	0.31078	0.66562	0.0236
303 T	0.31211	0.66479	0.0231
304 T	0.30724	0.66997	0.02279
305 T	0.29787	0.67908	0.02305
306 A	0.24292	0.73381	0.02327
307 C	0.19896	0.77722	0.02381
308 A	0.17205	0.80398	0.02396
309 C	0.13935	0.83643	0.02422
310 G	0.11828	0.85812	0.0236
311 A	0.10458	0.87225	0.02318
312 A	0.09425	0.88285	0.0229
313 A	0.08543	0.88934	0.02523
314 A	0.07510	0.89723	0.02767
315 A	0.07079	0.86861	0.0606
316 G	0.07213	0.84038	0.08749
317 A	0.07583	0.82100	0.10316
318 A	0.08040	0.79061	0.12899
319 G	0.08933	0.73658	0.17409
320 A	0.10181	0.65660	0.24158
321 A	0.12991	0.49455	0.37554
322 T	0.16459	0.34066	0.49475
323 C	0.17276	0.28911	0.53812
324 T	0.17778	0.28916	0.53306
325 T	0.17893	0.29213	0.52893
326 T	0.17502	0.31224	0.51274
327 A	0.16042	0.35216	0.48742
328 T	0.14832	0.38505	0.46663
329 A	0.14036	0.37143	0.48821
330 T	0.13408	0.39622	0.46969
331 A	0.12241	0.44019	0.43741
332 A	0.11023	0.46363	0.42613
333 T	0.09845	0.49752	0.40403
334 A	0.06632	0.61504	0.31864
335 A	0.05835	0.68561	0.25603
336 A	0.05168	0.69893	0.2494
337 G	0.04525	0.70117	0.25358
338 A	0.04072	0.72020	0.23908
339 A	0.03455	0.74345	0.22199
340 C	0.02953	0.77468	0.19579
341 A	0.02106	0.87471	0.10423
342 A	0.01616	0.90827	0.07557
343 A	0.01466	0.94597	0.03937
344 A	0.01442	0.96288	0.02269
345 A	0.01519	0.96707	0.01773
346 A	0.01824	0.96501	0.01674
347 T	0.03511	0.94646	0.01843
348 A	0.04783	0.93146	0.02071
349 A	0.06999	0.90470	0.02531
350 A	0.10441	0.85728	0.03831
351 T	0.14094	0.81030	0.04876
352 A	0.16199	0.78975	0.04825
353 T	0.21810	0.73501	0.0469
354 A	0.25049	0.71163	0.03788
355 A	0.28862	0.66944	0.04194
356 A	0.32106	0.63011	0.04882
357 T	0.40926	0.51511	0.07564
358 A	0.45875	0.46226	0.07899
359 A	0.47053	0.44688	0.08259
360 A	0.48008	0.43394	0.08598
361 A	0.50514	0.40668	0.08817
362 A	0.53091	0.37519	0.0939
363 A	0.58257	0.31983	0.0976
364 T	0.68433	0.21077	0.1049
365 A	0.70198	0.19313	0.1049
366 T	0.73089	0.16895	0.10017
367 T	0.69813	0.20587	0.096
368 T	0.65678	0.25462	0.0886
369 A	0.55482	0.36861	0.07657
370 G	0.44735	0.48535	0.0673
371 A	0.40023	0.55681	0.04296
372 A	0.35579	0.60535	0.03886
373 G	0.27994	0.68608	0.03397
374 A	0.22998	0.74161	0.02841
375 A	0.16031	0.81111	0.02858
376 C	0.14370	0.82579	0.03051
377 T	0.13814	0.83171	0.03015
378 G	0.09742	0.87457	0.02801
379 C	0.08615	0.88708	0.02677
380 A	0.06345	0.91068	0.02587
381 A	0.03722	0.93760	0.02519
382 A	0.03149	0.93850	0.03002
383 A	0.02450	0.94250	0.033
384 C	0.02331	0.93841	0.03827
385 A	0.02336	0.93468	0.04196
386 A	0.02467	0.92947	0.04586
387 A	0.02735	0.92131	0.05134
388 A	0.03310	0.90244	0.06446
389 T	0.04211	0.86992	0.08798
390 C	0.04731	0.76530	0.18738
391 G	0.05417	0.72542	0.22042
392 A	0.06248	0.66489	0.27263
393 A	0.06924	0.61181	0.31895
394 A	0.08701	0.58307	0.32993
395 A	0.09137	0.56579	0.34284
396 A	0.09717	0.49896	0.40387
397 A	0.10394	0.45903	0.43704
398 T	0.10649	0.40619	0.48732
399 A	0.10578	0.50960	0.38461
400 A	0.10205	0.56325	0.3347
401 T	0.09900	0.61061	0.29039
402 A	0.09438	0.62672	0.2789
403 A	0.08697	0.62360	0.28944
404 T	0.08212	0.63361	0.28427
405 A	0.07621	0.65401	0.26979
406 C	0.06821	0.68591	0.24587
407 A	0.06230	0.84539	0.09231
408 A	0.05736	0.87200	0.07064
409 C	0.05459	0.88402	0.06139
410 A	0.04864	0.92165	0.02971
411 A	0.04581	0.93621	0.01797
412 C	0.04529	0.94478	0.00993
413 A	0.04581	0.94671	0.00748
414 A	0.04964	0.94355	0.0068
415 A	0.05670	0.93646	0.00684
416 A	0.07190	0.92033	0.00777
417 C	0.09219	0.89901	0.0088
418 A	0.11218	0.87803	0.00979
419 A	0.14477	0.84431	0.01091
420 A	0.18866	0.79971	0.01163
421 T	0.27422	0.71308	0.0127
422 T	0.37249	0.61351	0.014
423 A	0.41166	0.56804	0.0203
424 G	0.45980	0.51052	0.02968
425 A	0.48095	0.48326	0.03578
426 A	0.50073	0.45388	0.04539
427 C	0.54196	0.40522	0.05282
428 A	0.56657	0.37738	0.05606
429 A	0.61697	0.32086	0.06218
430 A	0.78401	0.14863	0.06737
431 T	0.83711	0.08949	0.0734
432 T	0.85569	0.06838	0.07593
433 T	0.87798	0.03857	0.08345
434 C	0.88228	0.03046	0.08726
435 T	0.88708	0.02487	0.08805
436 T	0.88637	0.02621	0.08742
437 C	0.88133	0.03389	0.08478
438 T	0.86626	0.06318	0.07056
439 T	0.82893	0.10581	0.06527
440 T	0.76410	0.17986	0.05605
441 G	0.55342	0.39315	0.05343
442 A	0.39951	0.54901	0.05148
443 C	0.33661	0.61198	0.05141
444 T	0.28238	0.66811	0.04951
445 C	0.24507	0.70700	0.04793
446 G	0.21224	0.74217	0.0456
447 A	0.19494	0.76225	0.04281
448 A	0.18509	0.77308	0.04183
449 T	0.17530	0.78267	0.04203
450 A	0.15619	0.80205	0.04176
451 G	0.14596	0.80945	0.04459
452 A	0.13859	0.81564	0.04577
453 A	0.13579	0.81757	0.04665
454 G	0.13334	0.81911	0.04756
455 C	0.13213	0.81906	0.04881
456 A	0.13135	0.82106	0.04759
457 A	0.13087	0.82059	0.04854
458 G	0.13092	0.81944	0.04964
459 A	0.13174	0.81704	0.05122
460 G	0.13490	0.80736	0.05774
461 A	0.14802	0.76441	0.08756
462 A	0.15394	0.70929	0.13677
463 A	0.16346	0.62809	0.20845
464 T	0.16816	0.42594	0.40591
465 T	0.17082	0.29877	0.53041
466 A	0.17178	0.27526	0.55297
467 T	0.17400	0.24745	0.57855
468 T	0.17530	0.26276	0.56194
469 T	0.17599	0.31194	0.51208
470 T	0.17646	0.34468	0.47886
471 A	0.17529	0.34577	0.47894
472 A	0.17401	0.34749	0.4785
473 A	0.17319	0.34503	0.48178
474 A	0.17232	0.33946	0.48822
475 C	0.17210	0.33408	0.49382
476 A	0.17221	0.35499	0.47279
477 A	0.17266	0.40477	0.42257
478 G	0.17325	0.50898	0.31776
479 T	0.17453	0.59076	0.2347
480 T	0.17218	0.65520	0.17263
481 A	0.16718	0.72032	0.1125
482 G	0.16283	0.73681	0.10036
483 A	0.15903	0.78114	0.05983
484 G	0.15873	0.78776	0.05351
485 A	0.16060	0.79212	0.04727
486 C	0.16945	0.79017	0.04037
487 G	0.18409	0.78057	0.03534
488 A	0.21836	0.74958	0.03207
489 T	0.27758	0.69149	0.03093
490 T	0.30617	0.66386	0.02996
491 C	0.33015	0.64075	0.0291
492 T	0.39323	0.57759	0.02918
493 T	0.41979	0.55074	0.02946
494 A	0.42211	0.54800	0.02989
495 T	0.42700	0.54233	0.03066
496 C	0.42586	0.54324	0.0309
497 A	0.41868	0.55119	0.03013
498 A	0.41365	0.55659	0.02976
499 G	0.42731	0.54314	0.02955
500 A	0.47690	0.49439	0.02872
501 A	0.59224	0.37979	0.02797
502 A	0.67645	0.29501	0.02853
503 T	0.74202	0.22617	0.03181
504 A	0.78050	0.18383	0.03567
505 A	0.79125	0.16902	0.03972
506 T	0.83109	0.12617	0.04273
507 A	0.78207	0.17750	0.04043
508 A	0.74954	0.21506	0.0354
509 A	0.72648	0.23941	0.03411
510 T	0.71462	0.25177	0.03361
511 T	0.66774	0.29969	0.03256
512 A	0.37603	0.59383	0.03015
513 C	0.28055	0.68976	0.02968
514 G	0.20061	0.77667	0.02273
515 A	0.14263	0.84141	0.01596
516 A	0.10490	0.88290	0.0122
517 A	0.06674	0.92435	0.00891
518 A	0.02988	0.96376	0.00637
519 A	0.02048	0.96742	0.0121
520 G	0.01532	0.96436	0.02031
521 A	0.01143	0.96291	0.02565
522 A	0.00926	0.96070	0.03003
523 C	0.00852	0.95557	0.0359
524 A	0.00860	0.95476	0.03665
525 A	0.00891	0.95342	0.03767
526 G	0.00909	0.95226	0.03865
527 A	0.00960	0.95090	0.0395
528 A	0.01022	0.94936	0.04042
529 A	0.01118	0.93714	0.05168
530 A	0.01378	0.86603	0.1202
531 A	0.01917	0.81583	0.16501
532 G	0.02227	0.77040	0.20733
533 A	0.02516	0.74267	0.23216
534 A	0.02823	0.67987	0.29189
535 T	0.03222	0.36496	0.60281
536 A	0.03306	0.28694	0.68
537 T	0.04015	0.22678	0.73306
538 A	0.04533	0.20473	0.74994
539 A	0.04842	0.19151	0.76007
540 A	0.05130	0.16462	0.78408
541 T	0.05413	0.13624	0.80962
542 T	0.05381	0.14829	0.7979
543 T	0.04351	0.22112	0.73537
544 A	0.03241	0.63527	0.33232
545 A	0.02526	0.76628	0.20846
546 G	0.02045	0.82813	0.15142
547 A	0.01772	0.87146	0.11082
548 T	0.01623	0.89974	0.08403
549 A	0.01187	0.93945	0.04869
550 A	0.01007	0.95386	0.03606
551 A	0.00934	0.96437	0.0263
552 A	0.00886	0.97217	0.01897
553 A	0.00835	0.97475	0.0169
554 A	0.00855	0.97552	0.01593
555 T	0.00912	0.97523	0.01564
556 A	0.00928	0.97496	0.01576
557 A	0.01002	0.97405	0.01594
558 A	0.01162	0.97217	0.01621
559 G	0.01774	0.96528	0.01699
560 C	0.02575	0.95687	0.01738
561 A	0.04584	0.93686	0.01731
562 A	0.06953	0.91313	0.01734
563 A	0.09330	0.88927	0.01743
564 A	0.11918	0.86319	0.01763
565 A	0.14802	0.83366	0.01832
566 A	0.22911	0.74048	0.03041
567 T	0.67183	0.28498	0.0432
568 T	0.80285	0.14663	0.05052
569 T	0.85133	0.09573	0.05295
570 A	0.86321	0.08457	0.05223
571 T	0.87593	0.07074	0.05332
572 T	0.87520	0.06993	0.05488
573 A	0.85368	0.09086	0.05546
574 A	0.85805	0.08594	0.056
575 T	0.86478	0.07867	0.05654
576 T	0.86340	0.08041	0.0562
577 T	0.85470	0.08889	0.05641
578 T	0.80357	0.14046	0.05597
579 G	0.46795	0.47700	0.05506
580 A	0.39482	0.55578	0.0494
581 C	0.34329	0.61225	0.04447
582 A	0.30658	0.65177	0.04166
583 A	0.28136	0.67773	0.04091
584 T	0.26916	0.69013	0.04072
585 G	0.24292	0.71687	0.04021
586 C	0.21772	0.74253	0.03974
587 A	0.19582	0.76500	0.03918
588 A	0.19272	0.76829	0.03899
589 A	0.19209	0.76898	0.03894
590 A	0.19221	0.76873	0.03906
591 A	0.19303	0.76749	0.03948
592 T	0.19598	0.75943	0.04459
593 T	0.19902	0.74800	0.05299
594 A	0.19997	0.74121	0.05882
595 T	0.20105	0.72632	0.07263
596 C	0.20082	0.70068	0.0985
597 T	0.20030	0.69827	0.10143
598 A	0.19756	0.70149	0.10095
599 A	0.19069	0.70354	0.10576
600 A	0.18226	0.70258	0.11516
601 G	0.17853	0.66318	0.15829
602 A	0.17844	0.35149	0.47007
603 A	0.18269	0.26968	0.54762
604 G	0.18687	0.20292	0.61021
605 T	0.19002	0.16446	0.64552
606 T	0.19044	0.16766	0.6419
607 G	0.18994	0.17535	0.6347
608 T	0.19008	0.17999	0.62992
609 T	0.18882	0.19382	0.61736
610 T	0.18619	0.22740	0.5864
611 A	0.18219	0.33778	0.48003
612 T	0.18018	0.34442	0.4754
613 G	0.17700	0.35095	0.47206
614 A	0.17545	0.35505	0.4695
615 A	0.17420	0.35707	0.46874
616 C	0.17381	0.35814	0.46804
617 A	0.17374	0.35922	0.46703
618 T	0.17448	0.35872	0.4668
619 A	0.17512	0.35841	0.46647
620 A	0.17735	0.35684	0.4658
621 T	0.18147	0.35402	0.4645
622 A	0.18401	0.34602	0.46998
623 T	0.18642	0.33635	0.47723
624 T	0.18779	0.33331	0.4789
625 A	0.18883	0.33485	0.47632
626 G	0.19106	0.33306	0.47589
627 T	0.20161	0.32581	0.47259
628 A	0.21397	0.31898	0.46706
629 T	0.25962	0.27403	0.46635
630 G	0.28653	0.24755	0.46592
631 A	0.32521	0.20965	0.46514
632 T	0.35780	0.17552	0.46668
633 T	0.40366	0.12717	0.46917
634 T	0.46332	0.06588	0.4708
635 T	0.46529	0.06699	0.46772
636 T	0.46090	0.08243	0.45666
637 T	0.44867	0.11295	0.43838
638 T	0.41649	0.16883	0.41467
639 A	0.35172	0.23997	0.40831
640 G	0.29833	0.30044	0.40123
641 A	0.24056	0.37021	0.38923
642 A	0.19978	0.42062	0.3796
643 C	0.18081	0.44269	0.37651
644 A	0.17220	0.45613	0.37168
645 A	0.16093	0.47064	0.36842
646 G	0.15383	0.47872	0.36746
647 A	0.15664	0.47659	0.36677
648 T	0.16086	0.47249	0.36664
649 A	0.16275	0.47007	0.36718
650 G	0.16724	0.46447	0.36829
651 T	0.17366	0.45720	0.36914
652 T	0.17455	0.45690	0.36854
653 T	0.17259	0.46008	0.36733
654 A	0.16707	0.46883	0.3641
655 A	0.15436	0.48480	0.36084
656 A	0.14051	0.50046	0.35903
657 A	0.13162	0.50722	0.36116
658 G	0.13075	0.49775	0.3715
659 G	0.13842	0.47428	0.3873
660 A	0.15528	0.44722	0.39751
661 A	0.17610	0.40314	0.42077
662 G	0.18245	0.34580	0.47176
663 A	0.19091	0.30133	0.50776
664 A	0.20482	0.23655	0.55862
665 T	0.21677	0.18511	0.59812
666 T	0.21775	0.16911	0.61314
667 A	0.21327	0.16702	0.61971
668 T	0.21046	0.15743	0.63211
669 C	0.19601	0.16372	0.64027
670 G	0.16981	0.19293	0.63726
671 G	0.13979	0.23337	0.62684
672 C	0.11990	0.27393	0.60617
673 A	0.11009	0.35004	0.53986
674 A	0.10603	0.38515	0.50882
675 A	0.10429	0.39853	0.49717
676 G	0.10423	0.40346	0.49231
677 A	0.10639	0.40262	0.491
678 A	0.10925	0.38546	0.50529
679 G	0.11210	0.36700	0.52089
680 G	0.11496	0.35437	0.53067
681 A	0.11712	0.34820	0.53467
682 C	0.12166	0.33872	0.53963
683 G	0.12717	0.33355	0.53928
684 T	0.13388	0.32849	0.53763
685 A	0.13456	0.32895	0.5365
686 A	0.13735	0.32639	0.53626
687 T	0.14221	0.32187	0.53592
688 A	0.14175	0.32186	0.53638
689 T	0.14319	0.31600	0.5408
690 A	0.14248	0.31007	0.54744
691 A	0.14248	0.30330	0.55421
692 A	0.14398	0.28602	0.57
693 A	0.15106	0.25178	0.59717
694 G	0.16583	0.20617	0.628
695 C	0.19530	0.15737	0.64733
696 T	0.26252	0.08581	0.65166
697 T	0.28765	0.06203	0.65032
698 T	0.29340	0.05766	0.64894
699 T	0.29195	0.06042	0.64763
700 G	0.28572	0.06792	0.64637
701 A	0.28065	0.07428	0.64506
702 A	0.27361	0.08252	0.64388
703 A	0.27368	0.08229	0.64402
704 T	0.27588	0.07907	0.64505
705 T	0.27530	0.08004	0.64466
706 A	0.27190	0.08257	0.64553
707 T	0.26988	0.08327	0.64684
708 T	0.26435	0.08759	0.64805
709 A	0.25781	0.09336	0.64883
710 C	0.25673	0.09186	0.65141
711 T	0.25677	0.09064	0.65258
712 G	0.25447	0.09225	0.65328
713 G	0.25313	0.09237	0.65451
714 C	0.25124	0.09393	0.65482
715 G	0.24755	0.09880	0.65365
716 T	0.24621	0.10075	0.65305
717 A	0.24620	0.10185	0.65196
718 G	0.24721	0.10177	0.65102
719 A	0.24956	0.10002	0.65043
720 T	0.25453	0.09193	0.65355
721 T	0.25718	0.08880	0.65402
722 T	0.25863	0.08529	0.65609
723 A	0.25578	0.08909	0.65514
724 A	0.25620	0.09011	0.65369
725 T	0.25688	0.08972	0.65339
726 A	0.25237	0.10161	0.64602
727 A	0.25080	0.10745	0.64175
728 T	0.25123	0.10634	0.64243
729 A	0.23512	0.12338	0.64151
730 G	0.22413	0.13270	0.64317
731 A	0.22037	0.13430	0.64533
732 T	0.21837	0.13247	0.64915
733 G	0.21423	0.13659	0.64918
734 A	0.21164	0.14072	0.64764
735 T	0.21005	0.14029	0.64966
736 A	0.20746	0.14125	0.65129
737 A	0.20662	0.14018	0.6532
738 T	0.20715	0.13619	0.65667
739 C	0.20652	0.13532	0.65816
740 C	0.20662	0.13525	0.65813
741 T	0.20726	0.13544	0.65731
742 A	0.20701	0.13582	0.65717
743 A	0.20752	0.13533	0.65715
744 T	0.21090	0.13193	0.65716
745 A	0.21314	0.12944	0.65742
746 C	0.21934	0.11824	0.66242
747 A	0.22574	0.11073	0.66352
748 A	0.23361	0.10148	0.66492
749 T	0.24344	0.08700	0.66957
750 T	0.24956	0.07857	0.67188
751 A	0.25248	0.07466	0.67287
752 T	0.25829	0.05137	0.69034
753 T	0.26046	0.03763	0.7019
754 T	0.26197	0.03160	0.70643
755 T	0.26154	0.02961	0.70885
756 A	0.25921	0.02931	0.71149
757 A	0.25901	0.02720	0.71379
758 G	0.25843	0.02531	0.71626
759 T	0.25851	0.02261	0.71888
760 T	0.25807	0.02277	0.71915
761 G	0.25707	0.02616	0.71677
762 T	0.25637	0.02912	0.71451
763 T	0.25494	0.03185	0.7132
764 T	0.25305	0.03447	0.71248
765 T	0.25081	0.03629	0.7129
766 G	0.24880	0.03801	0.7132
767 A	0.24790	0.03872	0.71338
768 T	0.24729	0.03868	0.71402
769 C	0.24601	0.03982	0.71417
770 C	0.24533	0.04089	0.71378
771 T	0.24224	0.04721	0.71055
772 A	0.23381	0.05964	0.70655
773 T	0.22696	0.06936	0.70368
774 T	0.21276	0.08788	0.69937
775 A	0.20086	0.10482	0.69432
776 G	0.19448	0.11315	0.69237
777 A	0.18860	0.12038	0.69102
778 A	0.18557	0.12255	0.69189
779 G	0.18387	0.12162	0.69451
780 A	0.17853	0.12667	0.69479
781 G	0.17516	0.13169	0.69316
782 A	0.17355	0.13945	0.687
783 A	0.17377	0.14633	0.6799
784 A	0.17713	0.14279	0.68008
785 T	0.18022	0.13818	0.68161
786 T	0.18104	0.13521	0.68375
787 G	0.18043	0.13369	0.68588
788 C	0.17942	0.13366	0.68693
789 G	0.17463	0.13979	0.68558
790 A	0.16858	0.14736	0.68406
791 A	0.16454	0.15199	0.68346
792 A	0.16179	0.15472	0.68349
793 A	0.16087	0.15491	0.68422
794 G	0.16366	0.14634	0.69
795 A	0.16744	0.13250	0.70007
796 A	0.17045	0.11924	0.71031
797 C	0.17509	0.09797	0.72694
798 T	0.18014	0.08503	0.73482
799 T	0.18235	0.08006	0.73758
800 T	0.18347	0.07784	0.73869
801 A	0.18265	0.08007	0.73728
802 G	0.18245	0.07933	0.73822
803 A	0.18297	0.07341	0.74362
804 A	0.18512	0.06748	0.74741
805 G	0.19128	0.05838	0.75034
806 C	0.19944	0.04871	0.75186
807 T	0.20187	0.04739	0.75074
808 T	0.20318	0.04781	0.74901
809 T	0.20388	0.04875	0.74737
810 A	0.20411	0.05059	0.74529
811 A	0.20458	0.05217	0.74325
812 T	0.20602	0.04521	0.74876
813 T	0.20714	0.03786	0.755
814 A	0.20750	0.03384	0.75866
815 T	0.20783	0.03149	0.76067
816 C	0.20249	0.03741	0.76009
817 G	0.19607	0.05260	0.75133
818 A	0.19215	0.06061	0.74723
819 T	0.18383	0.07192	0.74425
820 G	0.17254	0.08531	0.74215
821 G	0.16594	0.09478	0.73928
822 A	0.16151	0.10388	0.73462
823 A	0.15985	0.11072	0.72944
824 G	0.15987	0.11066	0.72947
825 A	0.15820	0.11379	0.72802
826 A	0.15754	0.11446	0.728
827 T	0.15771	0.11451	0.72778
828 C	0.15501	0.11717	0.72782
829 A	0.15403	0.11817	0.7278
830 C	0.15440	0.11773	0.72787
831 T	0.15557	0.11660	0.72783
832 C	0.15448	0.11765	0.72787
833 C	0.15422	0.11791	0.72787
834 T	0.15496	0.11720	0.72785
835 G	0.15214	0.12002	0.72784
836 C	0.15104	0.12100	0.72796
837 A	0.15045	0.12157	0.72797
838 A	0.15132	0.12037	0.72832
839 G	0.15396	0.11243	0.73361
840 T	0.16383	0.09741	0.73876
841 A	0.16550	0.09312	0.74138
842 T	0.16686	0.08137	0.75177
843 T	0.16498	0.07311	0.7619
844 G	0.16231	0.07073	0.76696
845 A	0.16321	0.06756	0.76923
846 A	0.16651	0.06308	0.77042
847 A	0.16736	0.06138	0.77125
848 A	0.16909	0.05978	0.77113
849 A	0.16953	0.05942	0.77105
850 A	0.16855	0.05992	0.77152
851 T	0.16747	0.06009	0.77244
852 A	0.16364	0.06743	0.76894
853 T	0.16282	0.06878	0.76841
854 T	0.16085	0.07091	0.76824
855 T	0.15695	0.07436	0.76869
856 T	0.14624	0.08962	0.76414
857 T	0.12937	0.11059	0.76004
858 A	0.10020	0.14626	0.75354
859 A	0.07562	0.17861	0.74576
860 A	0.05846	0.20167	0.73987
861 A	0.05174	0.21062	0.73764
862 A	0.04924	0.21273	0.73803
863 A	0.04822	0.21262	0.73916
864 A	0.04783	0.21043	0.74174
865 T	0.04851	0.20674	0.74475
866 C	0.04821	0.20353	0.74825
867 C	0.04878	0.20098	0.75025
868 G	0.04958	0.19997	0.75044
869 A	0.05054	0.19908	0.75038
870 A	0.05168	0.19821	0.7501
871 G	0.05403	0.19597	0.75
872 A	0.05615	0.19391	0.74994
873 A	0.05801	0.18993	0.75206
874 A	0.06202	0.18268	0.75529
875 T	0.06892	0.16864	0.76244
876 T	0.07146	0.16096	0.76758
877 G	0.07061	0.15569	0.77369
878 A	0.07158	0.14708	0.78135
879 T	0.07715	0.12639	0.79647
880 G	0.07889	0.11032	0.81079
881 A	0.08359	0.08614	0.83028
882 G	0.09093	0.06181	0.84726
883 T	0.09696	0.04745	0.85559
884 T	0.09718	0.05254	0.85027
885 T	0.09313	0.05939	0.84748
886 A	0.08855	0.06861	0.84285
887 T	0.08365	0.07797	0.83837
888 A	0.07710	0.09093	0.83197
889 C	0.07372	0.09613	0.83015
890 A	0.07089	0.10534	0.82376
891 A	0.06609	0.11386	0.82005
892 G	0.06359	0.11808	0.81833
893 A	0.06133	0.12157	0.81709
894 A	0.05952	0.12420	0.81628
895 A	0.05817	0.12559	0.81624
896 T	0.05807	0.12554	0.81639
897 A	0.05738	0.12639	0.81623
898 G	0.05725	0.12583	0.81692
899 G	0.05744	0.12455	0.81801
900 T	0.05788	0.12269	0.81944
901 G	0.05736	0.12389	0.81876
902 A	0.05714	0.12652	0.81634
903 A	0.05458	0.13075	0.81468
904 G	0.05516	0.12862	0.81622
905 A	0.05541	0.12752	0.81708
906 A	0.05942	0.12182	0.81877
907 G	0.06817	0.10908	0.82275
908 C	0.07360	0.09773	0.82867
909 A	0.07916	0.09066	0.83018
910 G	0.08713	0.07936	0.8335
911 T	0.09625	0.06727	0.83649
912 T	0.09860	0.06366	0.83775
913 T	0.09844	0.06265	0.83891
914 A	0.09558	0.06095	0.84347
915 T	0.09277	0.06083	0.8464
916 G	0.08568	0.06536	0.84896
917 A	0.08163	0.06772	0.85065
918 A	0.07996	0.06759	0.85244
919 G	0.07855	0.06797	0.85347
920 C	0.07811	0.06742	0.85448
921 T	0.07768	0.06845	0.85386
922 A	0.07475	0.07367	0.85157
923 A	0.07220	0.07838	0.84941
924 A	0.07239	0.07844	0.84917
925 A	0.07425	0.07617	0.84959
926 T	0.07648	0.06991	0.85361
927 A	0.07563	0.06924	0.85513
928 G	0.07590	0.06697	0.85714
929 G	0.07628	0.06540	0.85832
930 A	0.07674	0.06476	0.85851
931 T	0.07789	0.06331	0.8588
932 T	0.07917	0.06219	0.85863
933 T	0.07897	0.06236	0.85867
934 A	0.07792	0.06297	0.85912
935 T	0.07736	0.06143	0.86122
936 T	0.07527	0.06025	0.86447
937 G	0.07127	0.06084	0.8679
938 A	0.06809	0.06155	0.87036
939 T	0.06661	0.05728	0.87611
940 G	0.06329	0.05903	0.87768
941 A	0.06120	0.06099	0.8778
942 A	0.06035	0.06236	0.87728
943 G	0.05991	0.06344	0.87665
944 A	0.06019	0.06529	0.87452
945 A	0.06228	0.06160	0.87612
946 T	0.06459	0.05676	0.87865
947 T	0.06502	0.05617	0.87881
948 A	0.06481	0.05740	0.87778
949 G	0.06470	0.05819	0.8771
950 T	0.06489	0.05833	0.87678
951 A	0.06466	0.05930	0.87604
952 A	0.06485	0.05920	0.87595
953 A	0.06530	0.05850	0.8762
954 A	0.06604	0.05733	0.87664
955 T	0.06736	0.05497	0.87767
956 T	0.06824	0.05297	0.87879
957 A	0.06767	0.05225	0.88008
958 T	0.06824	0.05035	0.88142
959 T	0.06835	0.04812	0.88353
960 A	0.06788	0.04563	0.88649
961 G	0.06798	0.04261	0.88942
962 G	0.06858	0.04074	0.89068
963 T	0.07077	0.03652	0.8927
964 A	0.07195	0.03469	0.89337
965 A	0.07451	0.03148	0.89402
966 A	0.07736	0.02782	0.89481
967 T	0.08148	0.02301	0.89551
968 T	0.08283	0.02118	0.89599
969 A	0.08347	0.02039	0.89614
970 C	0.08483	0.01864	0.89653
971 A	0.08650	0.01741	0.89609
972 T	0.08825	0.01618	0.89557
973 T	0.08914	0.01646	0.89439
974 T	0.08798	0.01851	0.89351
975 T	0.08508	0.02317	0.89176
976 A	0.08102	0.02719	0.89179
977 G	0.07900	0.02908	0.89192
978 A	0.07805	0.02995	0.89199
979 A	0.07776	0.02984	0.8924
980 C	0.07808	0.02817	0.89375
981 T	0.07851	0.02763	0.89386
982 A	0.07828	0.02804	0.89368
983 G	0.07842	0.02787	0.89371
984 T	0.07879	0.02783	0.89339
985 T	0.07866	0.02874	0.8926
986 A	0.07822	0.02894	0.89284
987 T	0.07852	0.02778	0.8937
988 G	0.07838	0.02744	0.89418
989 G	0.07809	0.02748	0.89443
990 C	0.07798	0.02746	0.89456
991 C	0.07798	0.02744	0.89458
992 A	0.07805	0.02748	0.89446
993 A	0.07811	0.02753	0.89435
994 A	0.07882	0.02706	0.89412
995 A	0.07973	0.02638	0.89389
996 T	0.08123	0.02461	0.89416
997 G	0.08213	0.02096	0.89691
998 T	0.08358	0.01646	0.89995
999 T	0.08365	0.01324	0.90312
1000 T	0.08352	0.01289	0.90359
1001 T	0.08307	0.01411	0.90283
1002 A	0.08234	0.01476	0.9029
1003 A	0.08199	0.01499	0.90301
1004 A	0.08198	0.01476	0.90326
1005 A	0.08218	0.01389	0.90393
1006 C	0.08246	0.01290	0.90464
1007 A	0.08297	0.01222	0.90481
1008 T	0.08383	0.01098	0.90519
1009 T	0.08396	0.01041	0.90563
1010 C	0.08391	0.01028	0.90581
1011 T	0.08390	0.01046	0.90564
1012 T	0.08387	0.01077	0.90536
1013 T	0.08373	0.01167	0.9046
1014 A	0.08281	0.01295	0.90424
1015 G	0.08239	0.01362	0.90399
1016 A	0.08225	0.01370	0.90404
1017 A	0.08242	0.01341	0.90418
1018 G	0.08278	0.01284	0.90437
1019 T	0.08375	0.01173	0.90451
1020 A	0.08432	0.01100	0.90469
1021 T	0.08523	0.00970	0.90507
1022 C	0.08561	0.00890	0.90549
1023 T	0.08650	0.00782	0.90569
1024 T	0.08706	0.00693	0.90601
1025 T	0.08722	0.00641	0.90637
1026 T	0.08721	0.00624	0.90655
1027 T	0.08708	0.00628	0.90663
1028 T	0.08670	0.00647	0.90683
1029 A	0.08212	0.01097	0.90692
1030 G	0.08084	0.01216	0.90699
1031 C	0.07930	0.01367	0.90703
1032 A	0.07841	0.01463	0.90696
1033 G	0.07797	0.01507	0.90696
1034 G	0.07808	0.01512	0.9068
1035 A	0.07850	0.01505	0.90645
1036 T	0.07928	0.01451	0.90621
1037 G	0.07929	0.01413	0.90659
1038 T	0.07917	0.01452	0.90631
1039 T	0.07856	0.01522	0.90623
1040 T	0.07748	0.01643	0.90609
1041 A	0.07535	0.01895	0.90571
1042 G	0.07363	0.02074	0.90563
1043 C	0.07209	0.02238	0.90553
1044 T	0.06969	0.02510	0.90522
1045 G	0.06374	0.03129	0.90496
1046 C	0.06006	0.03534	0.90461
1047 A	0.05590	0.04057	0.90353
1048 G	0.05292	0.04361	0.90347
1049 A	0.05061	0.04590	0.9035
1050 A	0.04955	0.04682	0.90363
1051 A	0.04925	0.04679	0.90396
1052 C	0.04910	0.04228	0.90862
1053 A	0.04883	0.04164	0.90953
1054 G	0.04868	0.04045	0.91086
1055 G	0.04865	0.04004	0.91131
1056 A	0.04819	0.04078	0.91103
1057 G	0.04784	0.04159	0.91058
1058 A	0.04784	0.04236	0.9098
1059 A	0.04780	0.04285	0.90935
1060 A	0.04816	0.04241	0.90943
1061 A	0.04882	0.04159	0.90959
1062 T	0.04909	0.04029	0.91061
1063 G	0.04919	0.03946	0.91134
1064 A	0.04954	0.03877	0.91169
1065 A	0.04973	0.03772	0.91255
1066 A	0.05004	0.03668	0.91328
1067 T	0.05055	0.03339	0.91606
1068 T	0.05074	0.02823	0.92104
1069 A	0.05083	0.02519	0.92399
1070 T	0.05125	0.02125	0.9275
1071 A	0.05100	0.01919	0.92982
1072 G	0.05071	0.01735	0.93194
1073 C	0.05052	0.01670	0.93278
1074 T	0.05035	0.01738	0.93227
1075 A	0.04969	0.01931	0.93101
1076 G	0.04781	0.02181	0.93039
1077 A	0.04615	0.02508	0.92877
1078 A	0.04545	0.02585	0.9287
1079 A	0.04560	0.02509	0.92931
1080 A	0.04604	0.02400	0.92995
1081 G	0.04710	0.02242	0.93048
1082 C	0.04798	0.02109	0.93093
1083 T	0.04868	0.02029	0.93102
1084 G	0.04923	0.01978	0.931
1085 G	0.04950	0.01960	0.9309
1086 A	0.05045	0.01887	0.93068
1087 C	0.05171	0.01781	0.93048
1088 T	0.05284	0.01692	0.93024
1089 T	0.05400	0.01576	0.93024
1090 T	0.05426	0.01550	0.93024
1091 T	0.05441	0.01533	0.93025
1092 A	0.05416	0.01556	0.93028
1093 C	0.05386	0.01551	0.93062
1094 A	0.05385	0.01540	0.93075
1095 T	0.05403	0.01491	0.93106
1096 G	0.05398	0.01477	0.93125
1097 A	0.05466	0.01388	0.93146
1098 T	0.05591	0.01215	0.93194
1099 A	0.05645	0.00966	0.93388
1100 T	0.05782	0.00653	0.93566
1101 T	0.05784	0.00564	0.93653
1102 G	0.05777	0.00546	0.93676
1103 G	0.05753	0.00581	0.93666
1104 T	0.05735	0.00640	0.93625
1105 A	0.05702	0.00682	0.93617
1106 A	0.05675	0.00711	0.93614
1107 A	0.05641	0.00743	0.93616
1108 G	0.05637	0.00747	0.93616
1109 C	0.05643	0.00771	0.93586
1110 T	0.05649	0.00891	0.9346
1111 T	0.05614	0.01147	0.9324
1112 T	0.05540	0.01386	0.93075
1113 A	0.05489	0.01675	0.92835
1114 G	0.05436	0.01929	0.92635
1115 A	0.05420	0.02016	0.92565
1116 T	0.05423	0.01987	0.9259
1117 T	0.05415	0.01992	0.92593
1118 A	0.05308	0.02100	0.92592
1119 T	0.05193	0.02202	0.92605
1120 C	0.04921	0.02468	0.92611
1121 A	0.04572	0.02825	0.92603
1122 A	0.04263	0.03135	0.92602
1123 A	0.04121	0.03274	0.92604
1124 C	0.04083	0.03300	0.92618
1125 A	0.04031	0.03363	0.92606
1126 G	0.04015	0.03363	0.92622
1127 A	0.04028	0.03355	0.92617
1128 A	0.04034	0.03367	0.926
1129 G	0.04024	0.03375	0.92602
1130 G	0.04042	0.03329	0.9263
1131 A	0.04081	0.03269	0.92649
1132 A	0.04157	0.03158	0.92686
1133 A	0.04339	0.02937	0.92724
1134 T	0.04625	0.02583	0.92792
1135 C	0.04773	0.02363	0.92865
1136 A	0.04945	0.02175	0.9288
1137 T	0.05108	0.01985	0.92907
1138 G	0.05164	0.01928	0.92908
1139 T	0.05173	0.01926	0.92901
1140 T	0.05161	0.01950	0.92888
1141 A	0.05135	0.01909	0.92955
1142 A	0.05113	0.01808	0.93079
1143 A	0.05007	0.01665	0.93329
1144 A	0.04878	0.01459	0.93663
1145 T	0.04747	0.01265	0.93987
1146 C	0.04549	0.01325	0.94126
1147 G	0.04435	0.01504	0.94062
1148 G	0.04391	0.01533	0.94076
1149 A	0.04355	0.01573	0.94071
1150 G	0.04353	0.01570	0.94077
1151 T	0.04378	0.01564	0.94057
1152 C	0.04353	0.01575	0.94071
1153 G	0.04324	0.01687	0.93989
1154 A	0.04293	0.01830	0.93877
1155 A	0.04292	0.01907	0.93801
1156 C	0.04305	0.01900	0.93795
1157 T	0.04327	0.01899	0.93774
1158 T	0.04338	0.01903	0.93759
1159 G	0.04344	0.01912	0.93744
1160 C	0.04344	0.01922	0.93734
1161 T	0.04302	0.01997	0.93701
1162 A	0.04173	0.02192	0.93636
1163 A	0.04045	0.02379	0.93575
1164 A	0.04026	0.02470	0.93504
1165 A	0.03997	0.02513	0.93491
1166 A	0.03983	0.02419	0.93599
1167 A	0.03987	0.02286	0.93728
1168 T	0.03996	0.02113	0.9389
1169 A	0.03969	0.02018	0.94013
1170 T	0.04006	0.01953	0.94041
1171 A	0.03934	0.02159	0.93907
1172 A	0.03928	0.02301	0.93771
1173 A	0.03937	0.02307	0.93756
1174 G	0.03964	0.02249	0.93787
1175 A	0.03985	0.02189	0.93826
1176 A	0.04077	0.02055	0.93869
1177 C	0.04187	0.01903	0.9391
1178 C	0.04270	0.01815	0.93915
1179 T	0.04297	0.01801	0.93902
1180 T	0.04318	0.01807	0.93875
1181 T	0.04331	0.01810	0.93858
1182 A	0.04326	0.01828	0.93846
1183 G	0.04333	0.01817	0.9385
1184 A	0.04357	0.01732	0.93911
1185 A	0.04419	0.01537	0.94044
1186 G	0.04493	0.01326	0.94181
1187 T	0.04592	0.01182	0.94226
1188 A	0.04623	0.01147	0.94231
1189 A	0.04656	0.01120	0.94224
1190 T	0.04711	0.01034	0.94255
1191 A	0.04734	0.00990	0.94277
1192 G	0.04770	0.00900	0.94329
1193 A	0.04821	0.00815	0.94363
1194 C	0.04975	0.00583	0.94441
1195 G	0.05131	0.00420	0.94449
1196 C	0.05190	0.00359	0.94451
1197 T	0.05204	0.00356	0.9444
1198 A	0.05208	0.00358	0.94434
1199 T	0.05217	0.00354	0.9443
1200 T	0.05223	0.00354	0.94423
1201 G	0.05225	0.00354	0.94422
1202 C	0.05230	0.00344	0.94426
1203 T	0.05256	0.00319	0.94425
1204 T	0.05264	0.00310	0.94426
1205 C	0.05257	0.00315	0.94429
1206 G	0.05244	0.00331	0.94425
1207 C	0.05251	0.00331	0.94418
1208 A	0.05259	0.00339	0.94403
1209 T	0.05276	0.00330	0.94394
1210 C	0.05284	0.00334	0.94382
1211 A	0.05305	0.00331	0.94364
1212 T	0.05324	0.00319	0.94357
1213 G	0.05303	0.00352	0.94345
1214 A	0.05288	0.00382	0.9433
1215 A	0.05236	0.00434	0.94329
1216 G	0.05212	0.00444	0.94344
1217 A	0.05190	0.00464	0.94346
1218 T	0.05179	0.00475	0.94346
1219 C	0.05163	0.00501	0.94336
1220 A	0.05155	0.00536	0.94309
1221 A	0.05154	0.00577	0.94269
1222 G	0.05156	0.00577	0.94267
1223 A	0.05162	0.00572	0.94266
1224 A	0.05164	0.00568	0.94267
1225 T	0.05172	0.00542	0.94287
1226 C	0.05174	0.00526	0.94301
1227 G	0.05176	0.00517	0.94306
1228 A	0.05183	0.00501	0.94316
1229 C	0.05193	0.00476	0.94332
1230 T	0.05204	0.00462	0.94334
1231 A	0.05219	0.00445	0.94335
1232 C	0.05233	0.00425	0.94342
1233 T	0.05251	0.00402	0.94348
1234 T	0.05265	0.00385	0.9435
1235 T	0.05270	0.00371	0.9436
1236 A	0.05276	0.00348	0.94376
1237 A	0.05289	0.00322	0.94389
1238 T	0.05294	0.00251	0.94455
1239 A	0.05298	0.00211	0.94491
1240 G	0.05304	0.00170	0.94527
1241 C	0.05318	0.00133	0.9455
1242 T	0.05335	0.00109	0.94556
1243 G	0.05357	0.00085	0.94557
1244 T	0.05393	0.00057	0.94551
1245 T	0.05396	0.00068	0.94536
1246 T	0.05396	0.00081	0.94523
1247 T	0.05396	0.00113	0.94491
1248 A	0.05390	0.00155	0.94455
1249 G	0.05387	0.00165	0.94448
1250 T	0.05386	0.00171	0.94443
1251 T	0.05383	0.00177	0.9444
1252 T	0.05375	0.00196	0.9443
1253 C	0.05366	0.00205	0.94428
1254 T	0.05357	0.00218	0.94426
1255 A	0.05348	0.00227	0.94425
1256 T	0.05344	0.00231	0.94425
1257 C	0.05321	0.00255	0.94425
1258 G	0.05305	0.00272	0.94423
1259 C	0.05295	0.00284	0.94421
1260 G	0.05278	0.00308	0.94414
1261 G	0.05273	0.00314	0.94412
1262 A	0.05271	0.00320	0.9441
1263 T	0.05271	0.00321	0.94408
1264 A	0.05270	0.00326	0.94404
1265 C	0.05274	0.00322	0.94404
1266 A	0.05273	0.00325	0.94402
1267 A	0.05283	0.00316	0.944
1268 T	0.05302	0.00297	0.94401
1269 C	0.05311	0.00290	0.94399
1270 A	0.05338	0.00265	0.94397
1271 G	0.05368	0.00232	0.944
1272 T	0.05371	0.00229	0.944
1273 T	0.05348	0.00250	0.94402
1274 C	0.05297	0.00301	0.94402
1275 T	0.05245	0.00365	0.9439
1276 G	0.05042	0.00614	0.94345
1277 C	0.04972	0.00751	0.94276
1278 T	0.04926	0.00821	0.94253
1279 A	0.04873	0.00878	0.94248
1280 G	0.04841	0.00895	0.94264
1281 A	0.04810	0.00919	0.94271
1282 C	0.04730	0.00992	0.94278
1283 C	0.04678	0.01046	0.94275
1284 A	0.04560	0.01267	0.94174
1285 G	0.04465	0.01387	0.94148
1286 G	0.04404	0.01486	0.94109
1287 A	0.04320	0.01635	0.94046
1288 G	0.04243	0.01809	0.93948
1289 C	0.04212	0.01922	0.93866
1290 A	0.04185	0.02124	0.93691
1291 A	0.04143	0.02328	0.93529
1292 G	0.04119	0.02415	0.93466
1293 A	0.04096	0.02518	0.93386
1294 A	0.04085	0.02576	0.93339
1295 A	0.04085	0.02561	0.93355
1296 A	0.04088	0.02515	0.93397
1297 G	0.04095	0.02429	0.93476
1298 A	0.04123	0.02323	0.93553
1299 C	0.04180	0.02046	0.93775
1300 T	0.04252	0.01931	0.93818
1301 C	0.04267	0.01902	0.93831
1302 A	0.04267	0.01990	0.93742
1303 A	0.04271	0.02010	0.9372
1304 T	0.04278	0.02002	0.9372
1305 T	0.04265	0.01966	0.93769
1306 G	0.04259	0.01973	0.93767
1307 A	0.04344	0.01802	0.93854
1308 G	0.04380	0.01717	0.93903
1309 A	0.04433	0.01664	0.93903
1310 A	0.04533	0.01540	0.93928
1311 T	0.04719	0.01319	0.93962
1312 T	0.04843	0.01211	0.93946
1313 A	0.04931	0.01204	0.93864
1314 T	0.05044	0.01062	0.93894
1315 A	0.05028	0.01079	0.93893
1316 T	0.05028	0.01082	0.9389
1317 T	0.04804	0.01363	0.93832
1318 C	0.04289	0.01994	0.93717
1319 A	0.03618	0.02888	0.93493
1320 A	0.02936	0.03732	0.93332
1321 A	0.02644	0.04121	0.93236
1322 G	0.02447	0.04355	0.93198
1323 A	0.02363	0.04490	0.93147
1324 A	0.02366	0.04491	0.93144
1325 T	0.02465	0.04384	0.9315
1326 A	0.02490	0.04354	0.93156
1327 A	0.02509	0.04327	0.93164
1328 C	0.02549	0.04266	0.93186
1329 T	0.02594	0.04209	0.93198
