# lcl|CP097583.1_cds_USQ93345.1_1
# AA	inside	membr	outside
1 A	0.87021	0.00000	0.1298
2 T	0.86891	0.00130	0.1298
3 G	0.86854	0.00167	0.1298
4 T	0.86854	0.01839	0.11308
5 T	0.84964	0.10426	0.0461
6 A	0.84964	0.11937	0.03099
7 A	0.06970	0.90200	0.0283
8 A	0.06969	0.90205	0.02827
9 A	0.06120	0.91059	0.02822
10 A	0.06118	0.91223	0.02659
11 T	0.06016	0.91330	0.02654
12 A	0.03912	0.93436	0.02653
13 C	0.02795	0.94557	0.02648
14 A	0.02795	0.94557	0.02648
15 A	0.02795	0.94676	0.02529
16 A	0.02793	0.94677	0.02529
17 A	0.02792	0.94680	0.02528
18 T	0.02792	0.94683	0.02525
19 T	0.02792	0.94687	0.02522
20 T	0.02784	0.94692	0.02524
21 A	0.02764	0.94706	0.0253
22 T	0.02793	0.94647	0.02561
23 G	0.02818	0.94513	0.02669
24 C	0.02904	0.94308	0.02788
25 A	0.03043	0.93608	0.03349
26 A	0.03217	0.93440	0.03343
27 A	0.04740	0.91643	0.03617
28 A	0.11175	0.83991	0.04834
29 T	0.12662	0.81617	0.05721
30 T	0.12997	0.04086	0.82917
31 T	0.12990	0.02356	0.84653
32 T	0.12853	0.02677	0.8447
33 T	0.12193	0.26078	0.61729
34 A	0.07369	0.87943	0.04688
35 A	0.06274	0.90109	0.03617
36 A	0.05609	0.91413	0.02978
37 G	0.05360	0.92012	0.02628
38 A	0.05148	0.92639	0.02214
39 C	0.04725	0.93494	0.01781
40 G	0.04482	0.93990	0.01528
41 A	0.04442	0.94163	0.01396
42 A	0.04439	0.94254	0.01307
43 C	0.04456	0.94234	0.0131
44 A	0.04457	0.94310	0.01234
45 A	0.04467	0.94311	0.01221
46 A	0.04478	0.94304	0.01218
47 C	0.04504	0.94277	0.0122
48 A	0.04566	0.94221	0.01214
49 T	0.04660	0.94141	0.01199
50 T	0.04709	0.94103	0.01188
51 A	0.04770	0.94044	0.01185
52 A	0.04963	0.93844	0.01193
53 A	0.05464	0.93250	0.01286
54 A	0.06638	0.91830	0.01532
55 A	0.08580	0.89592	0.01828
56 A	0.31526	0.65808	0.02666
57 T	0.85015	0.07900	0.07085
58 A	0.86827	0.05054	0.08118
59 T	0.88376	0.02792	0.08832
60 T	0.88892	0.02074	0.09034
61 T	0.89111	0.01959	0.08931
62 C	0.89094	0.01817	0.09088
63 T	0.89029	0.02011	0.0896
64 T	0.89049	0.02162	0.08789
65 T	0.88935	0.02653	0.08412
66 T	0.88860	0.04433	0.06707
67 A	0.88428	0.05375	0.06197
68 A	0.87954	0.06051	0.05996
69 T	0.87760	0.06254	0.05986
70 T	0.87744	0.06266	0.05989
71 T	0.87723	0.06292	0.05985
72 A	0.87636	0.06379	0.05984
73 C	0.87593	0.06420	0.05987
74 C	0.87569	0.06445	0.05986
75 T	0.87465	0.06564	0.05971
76 G	0.87226	0.06870	0.05905
77 A	0.87074	0.07054	0.05873
78 T	0.87066	0.07097	0.05837
79 A	0.87046	0.07168	0.05786
80 A	0.87054	0.07196	0.0575
81 A	0.87083	0.07181	0.05737
82 G	0.87150	0.07059	0.05792
83 G	0.87326	0.06784	0.05889
84 T	0.88090	0.05903	0.06007
85 T	0.88467	0.05289	0.06243
86 T	0.88888	0.04681	0.0643
87 G	0.89048	0.04395	0.06556
88 G	0.89354	0.03921	0.06725
89 T	0.90453	0.02748	0.06799
90 T	0.90806	0.02113	0.07081
91 T	0.90922	0.01859	0.07219
92 G	0.90924	0.01917	0.07159
93 T	0.90921	0.02160	0.06919
94 A	0.90906	0.02278	0.06816
95 T	0.90887	0.02416	0.06698
96 A	0.90695	0.02948	0.06357
97 A	0.90544	0.03421	0.06035
98 C	0.90365	0.03827	0.05808
99 A	0.90166	0.04628	0.05206
100 G	0.90116	0.04697	0.05187
101 G	0.90101	0.04787	0.05112
102 G	0.90133	0.04865	0.05003
103 G	0.90178	0.04847	0.04974
104 C	0.90241	0.04814	0.04945
105 A	0.90286	0.04843	0.04871
106 T	0.90346	0.04807	0.04847
107 C	0.90376	0.04825	0.04799
108 T	0.90400	0.04911	0.04689
109 G	0.90386	0.04951	0.04663
110 G	0.90379	0.04986	0.04635
111 T	0.90406	0.04976	0.04618
112 T	0.90325	0.05085	0.0459
113 C	0.89857	0.05566	0.04577
114 A	0.89463	0.05995	0.04541
115 G	0.89245	0.06220	0.04535
116 G	0.89120	0.06363	0.04516
117 A	0.89179	0.06314	0.04507
118 A	0.89383	0.06095	0.04522
119 A	0.89861	0.05410	0.04729
120 A	0.90277	0.04817	0.04906
121 T	0.90738	0.04135	0.05126
122 C	0.91346	0.03291	0.05364
123 T	0.91486	0.03102	0.05412
124 A	0.91556	0.03014	0.0543
125 C	0.91675	0.02892	0.05434
126 T	0.91736	0.02842	0.05423
127 T	0.91782	0.02805	0.05413
128 T	0.91818	0.02791	0.05392
129 A	0.91799	0.02847	0.05354
130 T	0.91807	0.02880	0.05313
131 T	0.91838	0.02839	0.05323
132 A	0.91800	0.02867	0.05334
133 T	0.91808	0.02794	0.05399
134 A	0.91784	0.02732	0.05484
135 T	0.91802	0.02522	0.05676
136 T	0.91808	0.02078	0.06114
137 T	0.91804	0.01744	0.06452
138 A	0.91747	0.01572	0.06681
139 T	0.91716	0.01396	0.06888
140 T	0.91642	0.01410	0.06948
141 A	0.91450	0.01569	0.06981
142 G	0.91277	0.01723	0.07
143 G	0.91087	0.01910	0.07003
144 C	0.91009	0.02010	0.06982
145 G	0.90929	0.02389	0.06682
146 G	0.90841	0.02757	0.06403
147 A	0.90799	0.03345	0.05856
148 T	0.90778	0.03844	0.05378
149 T	0.90731	0.04173	0.05095
150 A	0.90465	0.04863	0.04672
151 G	0.90407	0.05094	0.045
152 A	0.90408	0.05157	0.04436
153 T	0.90441	0.05133	0.04426
154 G	0.90423	0.05117	0.0446
155 G	0.90457	0.05046	0.04497
156 T	0.90558	0.04940	0.04502
157 T	0.90550	0.04924	0.04527
158 C	0.90490	0.04980	0.0453
159 T	0.90494	0.04975	0.0453
160 A	0.90462	0.05014	0.04524
161 A	0.90457	0.04975	0.04568
162 T	0.90480	0.04902	0.04617
163 C	0.90446	0.04882	0.04672
164 A	0.90399	0.04826	0.04774
165 A	0.90382	0.04712	0.04906
166 G	0.90395	0.04533	0.05072
167 G	0.90452	0.04414	0.05134
168 T	0.90810	0.03995	0.05195
169 G	0.91070	0.03670	0.05259
170 A	0.91700	0.03048	0.05252
171 T	0.92280	0.02496	0.05225
172 A	0.92506	0.02264	0.0523
173 T	0.92841	0.01659	0.055
174 T	0.92978	0.01514	0.05508
175 T	0.93009	0.01540	0.05451
176 A	0.93010	0.01574	0.05415
177 T	0.93020	0.01501	0.0548
178 G	0.92980	0.01501	0.0552
179 T	0.92972	0.01507	0.05521
180 T	0.92550	0.01953	0.05498
181 C	0.91490	0.03119	0.05391
182 A	0.86994	0.08235	0.04771
183 T	0.85450	0.10031	0.04519
184 G	0.83907	0.11758	0.04335
185 A	0.82890	0.12957	0.04153
186 T	0.82533	0.13397	0.0407
187 T	0.81541	0.14506	0.03952
188 T	0.80256	0.15780	0.03964
189 A	0.76130	0.19935	0.03935
190 A	0.73835	0.22281	0.03884
191 A	0.73099	0.23018	0.03884
192 C	0.72754	0.23348	0.03898
193 A	0.72443	0.23672	0.03885
194 T	0.72386	0.23743	0.03871
195 T	0.71947	0.24181	0.03872
196 A	0.70474	0.25668	0.03858
197 C	0.69113	0.27035	0.03852
198 T	0.68279	0.27863	0.03858
199 C	0.66913	0.29224	0.03864
200 A	0.65126	0.31107	0.03767
201 A	0.64386	0.31914	0.037
202 A	0.64101	0.32237	0.03663
203 A	0.64068	0.31851	0.04081
204 A	0.64249	0.30826	0.04925
205 T	0.64957	0.24972	0.10071
206 T	0.65194	0.22894	0.11911
207 T	0.65268	0.21101	0.13631
208 G	0.65218	0.20214	0.14569
209 A	0.65230	0.19916	0.14853
210 T	0.65175	0.19140	0.15686
211 A	0.64871	0.18796	0.16334
212 A	0.64619	0.16155	0.19227
213 T	0.64354	0.14963	0.20683
214 G	0.63577	0.19068	0.17355
215 A	0.63028	0.22001	0.1497
216 A	0.62661	0.24717	0.12623
217 A	0.62442	0.27405	0.10153
218 A	0.62345	0.27770	0.09885
219 A	0.62308	0.26933	0.10759
220 T	0.62335	0.25382	0.12283
221 T	0.62332	0.24660	0.13009
222 A	0.62299	0.23903	0.13798
223 G	0.62345	0.22408	0.15247
224 G	0.62418	0.21765	0.15818
225 T	0.62485	0.21571	0.15945
226 T	0.62532	0.22053	0.15415
227 C	0.62568	0.22266	0.15166
228 T	0.62633	0.22959	0.14409
229 T	0.62636	0.23702	0.13662
230 A	0.62621	0.24335	0.13045
231 T	0.62744	0.24764	0.12491
232 A	0.62869	0.25236	0.11894
233 G	0.63062	0.25163	0.11775
234 A	0.63619	0.24775	0.11606
235 A	0.64236	0.23995	0.11769
236 A	0.65327	0.22590	0.12083
237 T	0.69760	0.17481	0.12759
238 A	0.72071	0.14786	0.13143
239 A	0.74541	0.12037	0.13422
240 T	0.77514	0.08893	0.13593
241 T	0.78401	0.08184	0.13415
242 T	0.78741	0.08048	0.13211
243 T	0.78534	0.08425	0.13041
244 G	0.78112	0.08912	0.12976
245 T	0.78009	0.09075	0.12915
246 C	0.77753	0.09414	0.12834
247 A	0.77635	0.09772	0.12593
248 G	0.77967	0.09453	0.1258
249 T	0.79223	0.08204	0.12573
250 T	0.79722	0.07708	0.1257
251 T	0.80319	0.07116	0.12566
252 C	0.80702	0.06680	0.12617
253 A	0.81086	0.06287	0.12627
254 T	0.81609	0.05742	0.1265
255 T	0.82014	0.05292	0.12694
256 T	0.82163	0.05130	0.12707
257 T	0.82136	0.05157	0.12706
258 T	0.81494	0.05782	0.12724
259 C	0.77918	0.09415	0.12667
260 A	0.73278	0.14368	0.12354
261 A	0.71869	0.15913	0.12218
262 G	0.71475	0.16356	0.12169
263 A	0.71246	0.16726	0.12028
264 A	0.71332	0.16747	0.11921
265 T	0.71886	0.15999	0.12115
266 T	0.72165	0.15397	0.12438
267 T	0.72171	0.14929	0.129
268 T	0.72096	0.14773	0.1313
269 A	0.71984	0.14704	0.13312
270 T	0.71933	0.14552	0.13515
271 C	0.71692	0.14688	0.1362
272 T	0.71569	0.14882	0.13548
273 T	0.71295	0.15306	0.13399
274 T	0.70580	0.16640	0.12781
275 T	0.69495	0.18486	0.12019
276 A	0.67097	0.21860	0.11043
277 G	0.58353	0.31331	0.10316
278 A	0.53898	0.36244	0.09858
279 A	0.52292	0.38106	0.09602
280 G	0.51702	0.38519	0.09778
281 A	0.51538	0.38178	0.10285
282 A	0.51438	0.35215	0.13348
283 T	0.51670	0.30638	0.17692
284 T	0.51651	0.29380	0.18969
285 A	0.51434	0.29396	0.1917
286 A	0.51465	0.29150	0.19385
287 C	0.51533	0.28796	0.1967
288 T	0.51549	0.28930	0.19521
289 G	0.51561	0.29139	0.193
290 T	0.51589	0.29084	0.19328
291 T	0.51499	0.29236	0.19265
292 T	0.51257	0.29656	0.19087
293 A	0.51020	0.29851	0.19128
294 C	0.50794	0.29473	0.19734
295 G	0.50597	0.30144	0.19258
296 A	0.50608	0.32680	0.16712
297 T	0.51161	0.35123	0.13716
298 A	0.50735	0.36635	0.12631
299 A	0.51128	0.35562	0.13309
300 T	0.51867	0.26126	0.22008
301 A	0.51822	0.22516	0.25662
302 T	0.51973	0.21570	0.26456
303 T	0.51481	0.24704	0.23814
304 A	0.49827	0.34595	0.15578
305 A	0.47669	0.40249	0.12082
306 A	0.44588	0.45814	0.09598
307 A	0.41433	0.49173	0.09394
308 T	0.38611	0.52309	0.09081
309 A	0.31895	0.61237	0.06868
310 A	0.25417	0.69436	0.05147
311 C	0.23588	0.71233	0.05178
312 A	0.20787	0.74451	0.04762
313 T	0.19537	0.75787	0.04676
314 A	0.17849	0.77677	0.04474
315 C	0.16469	0.78987	0.04544
316 G	0.15295	0.80572	0.04133
317 A	0.14935	0.81040	0.04025
318 A	0.15491	0.80329	0.0418
319 A	0.18257	0.77443	0.043
320 T	0.21860	0.73603	0.04537
321 T	0.23018	0.71070	0.05912
322 C	0.22971	0.70447	0.06581
323 A	0.22884	0.70728	0.06389
324 A	0.22313	0.71549	0.06138
325 A	0.21327	0.72985	0.05688
326 A	0.21757	0.72327	0.05916
327 T	0.28174	0.64693	0.07133
328 A	0.29267	0.61632	0.09101
329 A	0.30506	0.57689	0.11805
330 A	0.30138	0.55170	0.14693
331 A	0.30161	0.52238	0.17601
332 A	0.32003	0.43978	0.24019
333 T	0.33568	0.36468	0.29964
334 A	0.33209	0.36734	0.30057
335 T	0.33478	0.36097	0.30425
336 T	0.32574	0.43466	0.23961
337 A	0.30084	0.46155	0.23761
338 A	0.26470	0.49660	0.23869
339 T	0.23999	0.51046	0.24955
340 A	0.21941	0.52541	0.25518
341 C	0.20385	0.53615	0.26
342 T	0.19950	0.55002	0.25048
343 G	0.18283	0.58823	0.22893
344 A	0.16580	0.64741	0.18678
345 A	0.15243	0.68960	0.15796
346 A	0.14457	0.72394	0.13149
347 A	0.10828	0.77984	0.11187
348 A	0.09899	0.77577	0.12524
349 G	0.09476	0.75528	0.14997
350 T	0.09249	0.74735	0.16017
351 A	0.08317	0.75599	0.16085
352 G	0.07576	0.76978	0.15446
353 A	0.07326	0.79352	0.13322
354 A	0.07049	0.81971	0.1098
355 A	0.07366	0.82181	0.10452
356 A	0.08345	0.81684	0.09971
357 A	0.10196	0.80294	0.09509
358 A	0.12988	0.77959	0.09053
359 T	0.20390	0.69738	0.09871
360 A	0.21579	0.66484	0.11937
361 T	0.22752	0.62308	0.14939
362 T	0.22751	0.60274	0.16975
363 A	0.21780	0.60276	0.17944
364 C	0.20518	0.60325	0.19157
365 A	0.17686	0.64043	0.18271
366 A	0.18851	0.62635	0.18514
367 A	0.22130	0.58981	0.18889
368 A	0.24765	0.56281	0.18954
369 A	0.26926	0.53890	0.19184
370 T	0.29965	0.46586	0.23448
371 T	0.28571	0.46552	0.24876
372 A	0.25736	0.49693	0.24571
373 G	0.24334	0.52183	0.23483
374 A	0.24316	0.55763	0.19921
375 A	0.24546	0.60024	0.1543
376 A	0.26045	0.61618	0.12338
377 T	0.28652	0.58637	0.12711
378 A	0.25366	0.63253	0.11381
379 A	0.23477	0.66122	0.10401
380 A	0.23388	0.66554	0.10058
381 C	0.24020	0.65985	0.09994
382 A	0.24072	0.67108	0.0882
383 A	0.24809	0.66141	0.09049
384 T	0.26465	0.64575	0.0896
385 T	0.27069	0.64421	0.0851
386 T	0.26703	0.66090	0.07207
387 A	0.25851	0.67355	0.06794
388 A	0.25800	0.65274	0.08926
389 A	0.25508	0.65015	0.09478
390 A	0.25833	0.63985	0.10182
391 T	0.26835	0.62117	0.11048
392 T	0.27281	0.60952	0.11767
393 A	0.27185	0.60453	0.12362
394 A	0.27606	0.58011	0.14383
395 G	0.28562	0.54125	0.17313
396 G	0.29428	0.51930	0.18642
397 A	0.33082	0.49392	0.17527
398 A	0.38052	0.45154	0.16794
399 A	0.41692	0.41481	0.16828
400 A	0.42945	0.40173	0.16882
401 T	0.45475	0.33954	0.20571
402 T	0.46913	0.30119	0.22969
403 A	0.47256	0.29206	0.23538
404 A	0.47067	0.29488	0.23445
405 T	0.48356	0.27114	0.24529
406 C	0.48464	0.26285	0.25251
407 A	0.48799	0.26242	0.24959
408 A	0.49611	0.25364	0.25024
409 C	0.51707	0.22707	0.25586
410 T	0.52822	0.21640	0.25539
411 T	0.52856	0.21992	0.25152
412 T	0.52291	0.22122	0.25587
413 C	0.49305	0.25251	0.25444
414 T	0.46936	0.29785	0.23278
415 G	0.41948	0.39041	0.1901
416 G	0.38097	0.45135	0.16768
417 A	0.35477	0.48278	0.16245
418 G	0.33954	0.49857	0.16189
419 G	0.33933	0.49198	0.16869
420 A	0.35493	0.48540	0.15967
421 C	0.36908	0.48104	0.14989
422 A	0.37683	0.51777	0.1054
423 A	0.38511	0.51851	0.09638
424 A	0.39038	0.52533	0.08429
425 A	0.39348	0.52530	0.08121
426 A	0.39749	0.52103	0.08147
427 C	0.40480	0.50503	0.09017
428 A	0.40510	0.50552	0.08939
429 A	0.40624	0.50240	0.09136
430 A	0.41129	0.49462	0.0941
431 G	0.41762	0.48508	0.0973
432 A	0.41827	0.48338	0.09836
433 G	0.42677	0.45688	0.11634
434 T	0.43964	0.42938	0.13098
435 A	0.44397	0.41098	0.14504
436 G	0.45303	0.37014	0.17684
437 G	0.47051	0.32610	0.20339
438 T	0.50923	0.24944	0.24132
439 A	0.51939	0.21054	0.27008
440 T	0.52435	0.18347	0.29217
441 C	0.52436	0.16832	0.30731
442 G	0.52568	0.16440	0.30992
443 C	0.53324	0.15510	0.31166
444 A	0.54286	0.14691	0.31023
445 C	0.58144	0.10810	0.31046
446 G	0.59216	0.09947	0.30837
447 T	0.60699	0.08971	0.3033
448 T	0.60934	0.09262	0.29804
449 C	0.60438	0.10314	0.29248
450 T	0.59644	0.13973	0.26383
451 T	0.58944	0.16084	0.24972
452 T	0.58303	0.18184	0.23514
453 A	0.56801	0.20914	0.22285
454 A	0.55995	0.22258	0.21748
455 T	0.55532	0.22636	0.21833
456 T	0.54494	0.23771	0.21736
457 A	0.52495	0.26441	0.21065
458 A	0.51920	0.27272	0.20808
459 A	0.51934	0.27662	0.20404
460 A	0.51943	0.27582	0.20476
461 A	0.52193	0.27087	0.2072
462 T	0.52347	0.26024	0.21629
463 T	0.52235	0.25653	0.22113
464 C	0.50426	0.27235	0.22339
465 T	0.49830	0.28447	0.21723
466 A	0.49452	0.30574	0.19973
467 A	0.49291	0.31241	0.19469
468 A	0.49263	0.31836	0.18901
469 A	0.49678	0.31799	0.18523
470 T	0.50890	0.30568	0.18542
471 G	0.51947	0.29394	0.18659
472 A	0.53263	0.28035	0.18703
473 T	0.56361	0.24054	0.19586
474 T	0.57538	0.22508	0.19954
475 T	0.56266	0.23042	0.20692
476 T	0.54851	0.23318	0.21831
477 A	0.52572	0.24595	0.22833
478 G	0.51458	0.24956	0.23586
479 C	0.50943	0.24715	0.24342
480 T	0.51190	0.23807	0.25003
481 G	0.51104	0.23847	0.25049
482 A	0.51425	0.23608	0.24967
483 T	0.51595	0.23380	0.25025
484 G	0.51533	0.23407	0.2506
485 A	0.51575	0.23237	0.25188
486 A	0.51797	0.22600	0.25603
487 C	0.52126	0.19898	0.27975
488 C	0.52971	0.18476	0.28553
489 T	0.54879	0.16379	0.28742
490 A	0.55384	0.15824	0.28791
491 C	0.56061	0.15081	0.28857
492 C	0.56508	0.14641	0.28851
493 T	0.56920	0.14408	0.28672
494 G	0.57101	0.14642	0.28257
495 T	0.57394	0.15130	0.27475
496 A	0.56792	0.16889	0.26318
497 A	0.56170	0.17778	0.26051
498 T	0.55969	0.14754	0.29277
499 T	0.54186	0.15144	0.3067
500 T	0.50270	0.18985	0.30745
501 A	0.43990	0.33600	0.2241
502 G	0.40195	0.44737	0.15067
503 A	0.32177	0.61866	0.05957
504 T	0.28563	0.66033	0.05403
505 G	0.21123	0.73968	0.04909
506 A	0.17400	0.78164	0.04437
507 A	0.15023	0.80889	0.04088
508 C	0.13144	0.82791	0.04065
509 A	0.11787	0.84284	0.03929
510 A	0.11092	0.85018	0.03889
511 A	0.10797	0.85335	0.03868
512 C	0.10630	0.85510	0.0386
513 A	0.10493	0.85676	0.03831
514 G	0.10442	0.85710	0.03847
515 A	0.10439	0.85688	0.03873
516 A	0.10616	0.85456	0.03927
517 A	0.11139	0.84822	0.0404
518 A	0.12078	0.83299	0.04624
519 A	0.13370	0.80901	0.05729
520 C	0.14190	0.77885	0.07925
521 A	0.15030	0.76095	0.08875
522 A	0.16651	0.71638	0.11712
523 G	0.19283	0.64332	0.16384
524 T	0.28732	0.49692	0.21576
525 T	0.36733	0.38561	0.24706
526 T	0.44300	0.21684	0.34016
527 T	0.44819	0.15981	0.392
528 T	0.44962	0.09272	0.45767
529 G	0.44978	0.06743	0.48278
530 A	0.45087	0.05319	0.49594
531 T	0.45110	0.03987	0.50903
532 T	0.45004	0.04244	0.50751
533 T	0.44224	0.07274	0.48502
534 A	0.42512	0.13411	0.44078
535 T	0.40028	0.23756	0.36216
536 T	0.29131	0.44293	0.26576
537 A	0.17325	0.66411	0.16263
538 A	0.10322	0.78448	0.1123
539 A	0.08454	0.82854	0.08692
540 A	0.07217	0.87125	0.05658
541 G	0.06527	0.88557	0.04916
542 A	0.05983	0.89935	0.04082
543 A	0.05520	0.91220	0.03259
544 A	0.05351	0.91430	0.03219
545 T	0.05352	0.91466	0.03182
546 A	0.05335	0.91545	0.0312
547 T	0.05357	0.91541	0.03102
548 C	0.05365	0.91557	0.03078
549 T	0.05384	0.91760	0.02856
550 A	0.05376	0.91913	0.02711
551 A	0.05416	0.91928	0.02656
552 A	0.05521	0.91860	0.02619
553 G	0.05752	0.91610	0.02638
554 A	0.06183	0.90888	0.02929
555 A	0.07880	0.88577	0.03544
556 A	0.11254	0.83104	0.05642
557 A	0.16764	0.75494	0.07742
558 A	0.26466	0.62700	0.10834
559 T	0.37482	0.40530	0.21988
560 T	0.46411	0.21258	0.32331
561 A	0.49643	0.11926	0.38431
562 G	0.51627	0.09054	0.39319
563 T	0.53975	0.06122	0.39904
564 T	0.54439	0.05585	0.39977
565 A	0.54186	0.06029	0.39785
566 T	0.54263	0.06051	0.39686
567 C	0.52434	0.08744	0.38822
568 G	0.50133	0.19878	0.2999
569 T	0.49014	0.29777	0.21209
570 A	0.46342	0.41867	0.11791
571 G	0.45412	0.44416	0.10172
572 T	0.45458	0.45355	0.09186
573 T	0.45417	0.45747	0.08836
574 A	0.45182	0.46290	0.08528
575 C	0.45079	0.46445	0.08476
576 T	0.44718	0.47003	0.08279
577 C	0.43331	0.48675	0.07994
578 A	0.35689	0.56581	0.0773
579 T	0.31613	0.60761	0.07626
580 A	0.24987	0.67546	0.07467
581 A	0.21790	0.70804	0.07406
582 C	0.19688	0.72937	0.07375
583 A	0.18075	0.74675	0.0725
584 A	0.17402	0.75449	0.07148
585 A	0.17436	0.75483	0.0708
586 G	0.17388	0.75705	0.06907
587 A	0.17872	0.75298	0.0683
588 A	0.19058	0.73437	0.07505
589 A	0.20438	0.71179	0.08383
590 A	0.22723	0.66736	0.10542
591 T	0.31550	0.55219	0.13231
592 G	0.38894	0.46527	0.14579
593 C	0.46944	0.36265	0.16791
594 T	0.48808	0.33889	0.17303
595 C	0.49385	0.33150	0.17464
596 T	0.49455	0.33189	0.17356
597 T	0.48777	0.34237	0.16986
598 A	0.47231	0.36380	0.16389
599 A	0.45954	0.38082	0.15963
600 A	0.45679	0.37760	0.16561
601 T	0.45527	0.29332	0.2514
602 A	0.43890	0.26969	0.2914
603 T	0.41698	0.22816	0.35486
604 G	0.36857	0.25347	0.37796
605 G	0.33536	0.29035	0.37429
606 A	0.31938	0.30345	0.37717
607 G	0.30877	0.31922	0.37202
608 A	0.30486	0.32701	0.36813
609 T	0.30483	0.32944	0.36573
610 C	0.29996	0.35477	0.34527
611 G	0.29359	0.38541	0.321
612 T	0.29145	0.41861	0.28994
613 T	0.28974	0.45092	0.25935
614 T	0.28832	0.47517	0.23651
615 A	0.28453	0.52932	0.18615
616 A	0.28261	0.54370	0.17369
617 T	0.28211	0.55062	0.16727
618 A	0.27243	0.56499	0.16258
619 G	0.27056	0.56626	0.16318
620 A	0.27318	0.56010	0.16672
621 A	0.27766	0.54484	0.17751
622 T	0.28446	0.52745	0.18809
623 T	0.28513	0.52481	0.19006
624 A	0.28091	0.53615	0.18294
625 A	0.27978	0.54137	0.17884
626 A	0.27907	0.52880	0.19213
627 A	0.28226	0.49053	0.22721
628 A	0.29898	0.44398	0.25704
629 A	0.31009	0.41304	0.27686
630 T	0.32990	0.37926	0.29085
631 G	0.34569	0.35594	0.29837
632 G	0.36881	0.32930	0.30189
633 T	0.41121	0.28073	0.30806
634 T	0.43722	0.24862	0.31416
635 C	0.45656	0.22943	0.31401
636 T	0.48107	0.22261	0.29632
637 A	0.49331	0.23465	0.27204
638 T	0.52344	0.22475	0.2518
639 T	0.52062	0.24487	0.2345
640 A	0.50572	0.27590	0.21837
641 T	0.49765	0.29127	0.21108
642 T	0.46451	0.33619	0.19929
643 A	0.39163	0.42417	0.1842
644 A	0.34747	0.47640	0.17613
645 A	0.33512	0.49925	0.16563
646 G	0.33478	0.50161	0.16361
647 A	0.34423	0.49971	0.15606
648 T	0.36114	0.49052	0.14834
649 A	0.35801	0.49791	0.14407
650 T	0.35628	0.49840	0.14532
651 T	0.35374	0.50116	0.1451
652 T	0.34771	0.50914	0.14315
653 C	0.33128	0.52751	0.14121
654 C	0.31248	0.55455	0.13297
655 A	0.30175	0.58537	0.11288
656 A	0.28405	0.61255	0.1034
657 A	0.26188	0.63990	0.09822
658 A	0.25622	0.64757	0.09621
659 A	0.27210	0.63200	0.0959
660 A	0.29698	0.59696	0.10606
661 T	0.32870	0.55322	0.11808
662 T	0.34338	0.52023	0.13639
663 A	0.34788	0.50155	0.15057
664 A	0.33824	0.50378	0.15798
665 A	0.33229	0.48297	0.18474
666 T	0.33532	0.42022	0.24446
667 G	0.31720	0.40934	0.27346
668 T	0.32188	0.40505	0.27306
669 A	0.31565	0.41638	0.26797
670 A	0.31656	0.41332	0.27012
671 A	0.32063	0.40510	0.27427
672 A	0.32356	0.38784	0.2886
673 C	0.32715	0.36466	0.30819
674 C	0.33322	0.36298	0.3038
675 T	0.34281	0.38494	0.27224
676 A	0.34609	0.42463	0.22928
677 T	0.35648	0.40584	0.23768
678 T	0.36607	0.39289	0.24104
679 T	0.36617	0.37928	0.25455
680 T	0.36152	0.36210	0.27637
681 C	0.34262	0.37311	0.28427
682 A	0.33478	0.38925	0.27598
683 A	0.33209	0.39291	0.275
684 T	0.33003	0.39583	0.27415
685 A	0.32253	0.41238	0.26509
686 A	0.32277	0.41558	0.26165
687 T	0.32518	0.38884	0.28598
688 G	0.30145	0.40008	0.29847
689 A	0.28257	0.42646	0.29097
690 T	0.27984	0.42951	0.29065
691 A	0.25917	0.51022	0.23061
692 A	0.23201	0.57887	0.18912
693 A	0.20532	0.65078	0.1439
694 A	0.19067	0.68320	0.12613
695 A	0.18933	0.69338	0.11729
696 A	0.19485	0.69375	0.11139
697 T	0.21100	0.67858	0.11043
698 A	0.23604	0.65726	0.1067
699 T	0.27521	0.62014	0.10464
700 T	0.27556	0.61840	0.10604
701 A	0.26743	0.62614	0.10642
702 T	0.26371	0.62470	0.1116
703 A	0.25074	0.63201	0.11725
704 C	0.23747	0.62870	0.13383
705 T	0.22409	0.64092	0.13498
706 A	0.20368	0.66199	0.13433
707 A	0.18532	0.68118	0.1335
708 A	0.17609	0.68697	0.13694
709 G	0.15957	0.70026	0.14017
710 A	0.13654	0.71320	0.15026
711 A	0.12572	0.69580	0.17849
712 G	0.13971	0.65831	0.20198
713 A	0.16004	0.62872	0.21123
714 A	0.22832	0.53906	0.23262
715 A	0.27721	0.46097	0.26181
716 T	0.32837	0.37982	0.2918
717 G	0.33583	0.35920	0.30496
718 T	0.33385	0.37522	0.29094
719 T	0.31668	0.40265	0.28067
720 A	0.24741	0.49521	0.25738
721 G	0.22180	0.52938	0.24882
722 A	0.20269	0.55310	0.24422
723 A	0.19153	0.56267	0.24579
724 T	0.19139	0.55342	0.25519
725 T	0.18088	0.56006	0.25905
726 A	0.15620	0.57833	0.26548
727 A	0.12945	0.59206	0.27849
728 T	0.11109	0.59311	0.2958
729 A	0.09812	0.60930	0.29258
730 A	0.08746	0.63596	0.27658
731 A	0.08176	0.65239	0.26585
732 A	0.07211	0.66078	0.26712
733 A	0.06134	0.66356	0.2751
734 A	0.05148	0.66513	0.28338
735 T	0.04991	0.67451	0.27558
736 A	0.04751	0.70468	0.24781
737 A	0.04913	0.72974	0.22113
738 A	0.05309	0.74288	0.20402
739 G	0.05760	0.74055	0.20185
740 A	0.06707	0.72449	0.20844
741 T	0.09482	0.68096	0.22421
742 A	0.10766	0.65439	0.23796
743 T	0.13118	0.57033	0.2985
744 T	0.14192	0.53539	0.32269
745 T	0.14662	0.50927	0.34411
746 T	0.14678	0.50149	0.35173
747 A	0.14286	0.51302	0.34412
748 G	0.13894	0.51697	0.34409
749 A	0.13225	0.52252	0.34523
750 A	0.12946	0.51441	0.35614
751 G	0.13143	0.50620	0.36237
752 A	0.14273	0.53563	0.32163
753 A	0.16611	0.53877	0.29512
754 A	0.19225	0.50982	0.29793
755 A	0.21170	0.48199	0.3063
756 A	0.22920	0.45354	0.31726
757 G	0.24379	0.43078	0.32543
758 C	0.26471	0.41519	0.3201
759 A	0.29652	0.42914	0.27435
760 A	0.32952	0.44993	0.22055
761 A	0.35744	0.43260	0.20997
762 T	0.37135	0.43113	0.19752
763 T	0.36180	0.44964	0.18856
764 T	0.31268	0.51091	0.17642
765 C	0.23024	0.59387	0.1759
766 G	0.16505	0.66351	0.17144
767 A	0.12002	0.71185	0.16813
768 A	0.09239	0.74021	0.1674
769 C	0.09098	0.73947	0.16955
770 A	0.09485	0.73447	0.17069
771 A	0.10219	0.72229	0.17553
772 A	0.11502	0.70142	0.18356
773 C	0.12717	0.68409	0.18875
774 A	0.13598	0.67423	0.18979
775 A	0.16589	0.63684	0.19728
776 C	0.19007	0.60425	0.20568
777 A	0.19175	0.60118	0.20707
778 A	0.19545	0.59613	0.20842
779 C	0.20163	0.58483	0.21354
780 A	0.20872	0.57737	0.21391
781 A	0.21950	0.56657	0.21392
782 A	0.26321	0.51945	0.21734
783 A	0.31881	0.46062	0.22057
784 A	0.34405	0.43210	0.22385
785 T	0.37321	0.37628	0.25051
786 A	0.38727	0.33304	0.27968
787 T	0.40295	0.24979	0.34727
788 T	0.40569	0.16770	0.42662
789 T	0.40828	0.10984	0.48188
790 T	0.40920	0.07309	0.51771
791 C	0.40952	0.05006	0.54042
792 T	0.40941	0.04666	0.54393
793 T	0.40872	0.04507	0.54621
794 C	0.40733	0.04531	0.54736
795 T	0.40298	0.05051	0.54652
796 G	0.40144	0.05569	0.54287
797 A	0.40047	0.06105	0.53848
798 T	0.40015	0.06362	0.53623
799 G	0.39967	0.06640	0.53393
800 T	0.39955	0.06557	0.53488
801 A	0.39846	0.07048	0.53106
802 A	0.39712	0.07506	0.52781
803 A	0.39569	0.07579	0.52852
804 A	0.39580	0.07385	0.53035
805 G	0.39618	0.07227	0.53155
806 A	0.39725	0.07137	0.53139
807 T	0.39915	0.06949	0.53135
808 T	0.40030	0.06793	0.53177
809 T	0.40091	0.06698	0.53211
810 T	0.40085	0.06674	0.53241
811 T	0.40079	0.06659	0.53262
812 C	0.40071	0.06643	0.53286
813 T	0.40079	0.06671	0.5325
814 A	0.40078	0.06666	0.53256
815 A	0.40133	0.06582	0.53285
816 T	0.40309	0.06317	0.53373
817 T	0.40472	0.06041	0.53487
818 C	0.40595	0.05462	0.53943
819 A	0.40992	0.04958	0.5405
820 C	0.41537	0.04317	0.54147
821 T	0.42002	0.03856	0.54142
822 T	0.42282	0.03567	0.54151
823 G	0.42500	0.03378	0.54123
824 A	0.42990	0.02832	0.54178
825 T	0.43587	0.02142	0.5427
826 A	0.43805	0.01737	0.54458
827 A	0.44045	0.01404	0.54551
828 T	0.44372	0.01004	0.54624
829 G	0.44519	0.00829	0.54652
830 T	0.44629	0.00710	0.54661
831 G	0.44656	0.00688	0.54656
832 T	0.44703	0.00699	0.54597
833 C	0.44725	0.00706	0.54569
834 T	0.44751	0.00690	0.54559
835 T	0.44764	0.00692	0.54545
836 A	0.44765	0.00718	0.54517
837 T	0.44770	0.00715	0.54514
838 C	0.44768	0.00716	0.54516
839 G	0.44764	0.00760	0.54477
840 A	0.44760	0.00853	0.54387
841 T	0.44782	0.00877	0.54342
842 C	0.44795	0.00911	0.54294
843 T	0.44805	0.00937	0.54257
844 T	0.44813	0.00965	0.54222
845 A	0.44804	0.01007	0.54189
846 T	0.44796	0.01020	0.54185
847 C	0.44791	0.01024	0.54186
848 T	0.44795	0.01020	0.54184
849 T	0.44783	0.01031	0.54185
850 A	0.44735	0.01082	0.54183
851 C	0.44718	0.01099	0.54183
852 A	0.44677	0.01146	0.54177
853 T	0.44687	0.01133	0.5418
854 A	0.44703	0.01115	0.54183
855 T	0.44786	0.01029	0.54185
856 T	0.44812	0.00997	0.54191
857 C	0.44790	0.00999	0.54211
858 A	0.44626	0.01166	0.54208
859 T	0.44540	0.01227	0.54233
860 C	0.44428	0.01330	0.54242
861 A	0.44269	0.01492	0.54239
862 G	0.44282	0.01481	0.54237
863 C	0.44370	0.01383	0.54247
864 T	0.44432	0.01325	0.54243
865 A	0.44474	0.01280	0.54246
866 T	0.44518	0.01220	0.54261
867 T	0.44539	0.01174	0.54286
868 T	0.44544	0.01147	0.54308
869 C	0.44510	0.01111	0.54379
870 T	0.44470	0.01138	0.54392
871 T	0.44067	0.01543	0.54391
872 T	0.43342	0.02266	0.54391
873 T	0.40677	0.04930	0.54393
874 A	0.32250	0.13400	0.54349
875 C	0.28043	0.17575	0.54382
876 A	0.22645	0.23069	0.54285
877 A	0.18502	0.27344	0.54153
878 A	0.17030	0.28992	0.53978
879 A	0.15925	0.30265	0.5381
880 A	0.15039	0.31190	0.53771
881 A	0.14577	0.31521	0.53902
882 T	0.14396	0.31586	0.54018
883 A	0.14177	0.31703	0.5412
884 C	0.14033	0.31698	0.54269
885 T	0.13930	0.31788	0.54282
886 T	0.13646	0.32079	0.54275
887 T	0.13098	0.32638	0.54264
888 C	0.12149	0.33594	0.54256
889 A	0.11327	0.34439	0.54233
890 A	0.10973	0.34804	0.54223
891 A	0.10679	0.35082	0.54239
892 A	0.10497	0.35196	0.54307
893 A	0.10417	0.35159	0.54423
894 T	0.10391	0.33735	0.55874
895 A	0.10350	0.32518	0.57133
896 A	0.10353	0.29403	0.60244
897 T	0.10392	0.21829	0.6778
898 A	0.10387	0.18341	0.71272
899 A	0.10442	0.13778	0.7578
900 G	0.10513	0.10102	0.79384
901 A	0.10658	0.08752	0.8059
902 A	0.10817	0.07612	0.8157
903 A	0.10911	0.06726	0.82364
904 T	0.11006	0.06103	0.82891
905 T	0.11031	0.05819	0.8315
906 A	0.11042	0.05756	0.83202
907 T	0.11053	0.05365	0.83582
908 A	0.11061	0.05176	0.83763
909 T	0.11080	0.04739	0.84181
910 T	0.11090	0.04329	0.84581
911 T	0.11087	0.03849	0.85063
912 T	0.11058	0.03444	0.85498
913 A	0.11003	0.03274	0.85722
914 G	0.10988	0.03053	0.85959
915 A	0.10993	0.02893	0.86114
916 G	0.11012	0.02755	0.86233
917 C	0.11043	0.02667	0.8629
918 T	0.11156	0.02551	0.86294
919 A	0.11210	0.02534	0.86256
920 T	0.11346	0.02426	0.86227
921 T	0.11422	0.02368	0.8621
922 A	0.11444	0.02347	0.86209
923 T	0.11490	0.02237	0.86273
924 G	0.11536	0.02165	0.86299
925 G	0.11592	0.02096	0.86313
926 C	0.11726	0.01959	0.86315
927 T	0.11873	0.01823	0.86304
928 A	0.11966	0.01739	0.86295
929 T	0.12295	0.01418	0.86287
930 G	0.12384	0.01350	0.86266
931 G	0.12525	0.01221	0.86254
932 G	0.12651	0.01089	0.8626
933 T	0.12871	0.00847	0.86282
934 T	0.13102	0.00593	0.86305
935 T	0.13189	0.00469	0.86342
936 T	0.13200	0.00414	0.86386
937 C	0.13181	0.00414	0.86404
938 C	0.13166	0.00430	0.86404
939 T	0.13155	0.00470	0.86375
940 G	0.13138	0.00528	0.86334
941 G	0.13152	0.00610	0.86238
942 A	0.13198	0.00804	0.85998
943 T	0.13243	0.00848	0.85909
944 G	0.13267	0.00970	0.85763
945 T	0.13270	0.00987	0.85742
946 T	0.13257	0.01019	0.85724
947 T	0.13213	0.01095	0.85692
948 A	0.13127	0.01234	0.85639
949 C	0.13097	0.01297	0.85606
950 T	0.13091	0.01384	0.85526
951 A	0.13060	0.01489	0.85451
952 A	0.13048	0.01530	0.85422
953 T	0.13057	0.01535	0.85408
954 T	0.13048	0.01570	0.85381
955 A	0.13007	0.01669	0.85324
956 T	0.12990	0.01711	0.85299
957 A	0.12960	0.01764	0.85277
958 T	0.12949	0.01765	0.85287
959 T	0.12931	0.01771	0.85299
960 G	0.12894	0.01787	0.85319
961 A	0.12888	0.01778	0.85334
962 C	0.12914	0.01734	0.85353
963 A	0.12950	0.01691	0.85359
964 A	0.13054	0.01580	0.85366
965 T	0.13309	0.01320	0.85371
966 A	0.13399	0.01226	0.85375
967 T	0.13547	0.01070	0.85383
968 T	0.13583	0.00999	0.85417
969 A	0.13609	0.00944	0.85446
970 T	0.13667	0.00827	0.85506
971 T	0.13735	0.00678	0.85587
972 T	0.13771	0.00613	0.85617
973 T	0.13825	0.00567	0.85608
974 T	0.13867	0.00521	0.85612
975 T	0.13874	0.00514	0.85612
976 A	0.13871	0.00526	0.85604
977 A	0.13889	0.00495	0.85616
978 T	0.13949	0.00389	0.85662
979 T	0.13979	0.00339	0.85682
980 T	0.14002	0.00290	0.85709
981 T	0.14005	0.00287	0.85708
982 T	0.14005	0.00317	0.85677
983 T	0.13996	0.00345	0.85659
984 T	0.13992	0.00405	0.85603
985 A	0.13982	0.00484	0.85533
986 T	0.13981	0.00512	0.85507
987 T	0.13977	0.00525	0.85498
988 T	0.13963	0.00560	0.85476
989 A	0.13931	0.00632	0.85437
990 T	0.13903	0.00694	0.85402
991 C	0.13860	0.00776	0.85364
992 A	0.13839	0.00880	0.85281
993 A	0.13833	0.00922	0.85246
994 A	0.13830	0.00942	0.85229
995 A	0.13838	0.00939	0.85222
996 T	0.13879	0.00897	0.85224
997 T	0.13905	0.00860	0.85235
998 T	0.13922	0.00832	0.85246
999 T	0.13931	0.00812	0.85257
1000 C	0.13931	0.00808	0.8526
1001 G	0.13933	0.00810	0.85256
1002 T	0.13939	0.00805	0.85256
1003 A	0.13942	0.00802	0.85255
1004 A	0.13962	0.00781	0.85257
1005 T	0.14021	0.00719	0.8526
1006 C	0.14064	0.00661	0.85275
1007 T	0.14121	0.00596	0.85282
1008 T	0.14176	0.00532	0.85292
1009 A	0.14193	0.00510	0.85296
1010 A	0.14203	0.00494	0.85303
1011 C	0.14231	0.00451	0.85317
1012 A	0.14285	0.00366	0.85349
1013 T	0.14339	0.00280	0.8538
1014 T	0.14387	0.00194	0.85419
1015 T	0.14450	0.00114	0.85436
1016 T	0.14470	0.00087	0.85443
1017 T	0.14479	0.00066	0.85456
1018 T	0.14481	0.00057	0.85461
1019 C	0.14481	0.00054	0.85465
1020 T	0.14482	0.00052	0.85467
1021 T	0.14481	0.00051	0.85468
1022 G	0.14480	0.00051	0.85469
1023 T	0.14482	0.00048	0.8547
1024 T	0.14485	0.00043	0.85472
1025 T	0.14484	0.00042	0.85474
1026 T	0.14483	0.00040	0.85477
1027 T	0.14481	0.00041	0.85478
1028 T	0.14479	0.00043	0.85478
1029 A	0.14477	0.00044	0.85479
1030 T	0.14477	0.00043	0.85481
1031 T	0.14476	0.00042	0.85483
1032 T	0.14475	0.00041	0.85485
1033 T	0.14473	0.00042	0.85485
1034 T	0.14471	0.00044	0.85485
1035 T	0.14468	0.00047	0.85484
1036 G	0.14466	0.00050	0.85484
1037 T	0.14464	0.00053	0.85483
1038 T	0.14462	0.00057	0.85481
1039 A	0.14456	0.00070	0.85474
1040 T	0.14454	0.00075	0.85472
1041 T	0.14451	0.00080	0.85469
1042 T	0.14449	0.00085	0.85466
1043 A	0.14447	0.00091	0.85463
1044 T	0.14446	0.00091	0.85462
1045 T	0.14446	0.00091	0.85463
1046 T	0.14446	0.00092	0.85462
1047 A	0.14442	0.00095	0.85462
1048 T	0.14443	0.00093	0.85464
1049 T	0.14442	0.00091	0.85467
1050 T	0.14442	0.00091	0.85468
1051 T	0.14440	0.00091	0.85468
1052 T	0.14437	0.00095	0.85468
1053 G	0.14433	0.00100	0.85467
1054 T	0.14433	0.00102	0.85465
1055 T	0.14424	0.00116	0.8546
1056 T	0.14404	0.00145	0.8545
1057 T	0.14358	0.00208	0.85434
1058 T	0.14297	0.00286	0.85417
1059 A	0.14238	0.00361	0.85401
1060 A	0.14196	0.00404	0.854
1061 A	0.14181	0.00418	0.85401
1062 T	0.14181	0.00412	0.85407
1063 T	0.14177	0.00413	0.8541
1064 C	0.14164	0.00422	0.85413
1065 T	0.14158	0.00430	0.85412
1066 T	0.14149	0.00439	0.85412
1067 T	0.14136	0.00453	0.8541
1068 T	0.14114	0.00475	0.85411
1069 T	0.14048	0.00542	0.8541
1070 T	0.13812	0.00775	0.85414
1071 T	0.13310	0.01278	0.85413
1072 C	0.12359	0.02232	0.85409
1073 A	0.12061	0.02543	0.85396
1074 A	0.11855	0.02762	0.85384
1075 T	0.11703	0.02923	0.85374
1076 T	0.11515	0.03125	0.8536
1077 G	0.11250	0.03420	0.8533
1078 A	0.10833	0.03847	0.8532
1079 A	0.10717	0.03957	0.85326
1080 T	0.10666	0.03977	0.85356
1081 T	0.10569	0.04051	0.85379
1082 A	0.10417	0.04218	0.85366
1083 T	0.10316	0.04321	0.85363
1084 A	0.10192	0.04461	0.85347
1085 T	0.10105	0.04555	0.8534
1086 T	0.09920	0.04754	0.85326
1087 A	0.09540	0.05150	0.8531
1088 T	0.09059	0.05642	0.85299
1089 A	0.07741	0.07005	0.85254
1090 A	0.06559	0.08244	0.85196
1091 A	0.05720	0.09055	0.85225
1092 A	0.05028	0.09641	0.85331
1093 A	0.04322	0.10043	0.85635
1094 A	0.03754	0.10041	0.86206
1095 C	0.03406	0.09421	0.87172
1096 A	0.03139	0.09654	0.87207
1097 G	0.02917	0.09942	0.87141
1098 A	0.02683	0.10676	0.86641
1099 A	0.02576	0.10863	0.86561
1100 T	0.02536	0.10766	0.86698
1101 G	0.02462	0.10498	0.8704
1102 G	0.02445	0.10572	0.86983
1103 A	0.02458	0.10709	0.86832
1104 A	0.02483	0.11015	0.86501
1105 T	0.02539	0.10962	0.86498
1106 T	0.02555	0.10960	0.86485
1107 T	0.02533	0.11004	0.86462
1108 A	0.02436	0.11196	0.86368
1109 A	0.02320	0.11298	0.86381
1110 A	0.02286	0.11099	0.86615
1111 A	0.02250	0.10752	0.86997
1112 A	0.02241	0.09761	0.87999
1113 A	0.02277	0.08815	0.88908
1114 A	0.02278	0.08164	0.89558
1115 A	0.02254	0.07832	0.89915
1116 A	0.02245	0.07296	0.90459
1117 G	0.02259	0.06737	0.91004
1118 A	0.02300	0.06475	0.91225
1119 A	0.02460	0.06114	0.91427
1120 A	0.02725	0.05654	0.91622
1121 T	0.03402	0.04704	0.91893
1122 T	0.03629	0.04442	0.91929
1123 G	0.03686	0.04465	0.91849
1124 G	0.03803	0.04377	0.9182
1125 T	0.04032	0.04209	0.91759
1126 A	0.04215	0.04132	0.91652
1127 T	0.04686	0.03676	0.91637
1128 T	0.04926	0.03415	0.9166
1129 T	0.05064	0.03250	0.91686
1130 T	0.05100	0.03190	0.9171
1131 A	0.04995	0.03263	0.91743
1132 C	0.04951	0.03198	0.9185
1133 A	0.04802	0.03352	0.91846
1134 A	0.04854	0.03279	0.91867
1135 T	0.04952	0.03154	0.91893
1136 C	0.05005	0.03083	0.91912
1137 A	0.05087	0.03039	0.91874
1138 T	0.05441	0.02666	0.91892
1139 T	0.05537	0.02559	0.91905
1140 A	0.05433	0.02674	0.91893
1141 G	0.05426	0.02676	0.91899
1142 G	0.05504	0.02576	0.9192
1143 T	0.05620	0.02456	0.91923
1144 G	0.05675	0.02427	0.91898
1145 C	0.05851	0.02301	0.91848
1146 T	0.06026	0.02409	0.91565
1147 T	0.05983	0.02717	0.913
1148 T	0.05759	0.03461	0.90781
1149 T	0.05343	0.04340	0.90317
1150 A	0.04660	0.05399	0.89941
1151 A	0.04259	0.05960	0.89781
1152 A	0.03927	0.06361	0.89712
1153 A	0.03722	0.06556	0.89722
1154 A	0.03636	0.06553	0.89811
1155 A	0.03524	0.06668	0.89807
1156 G	0.03507	0.06617	0.89876
1157 A	0.03503	0.06845	0.89653
1158 T	0.03517	0.06910	0.89572
1159 A	0.03505	0.06995	0.89501
1160 T	0.03529	0.06965	0.89505
1161 T	0.03512	0.07026	0.89462
1162 A	0.03485	0.07101	0.89413
1163 A	0.03481	0.07072	0.89446
1164 A	0.03479	0.07034	0.89487
1165 A	0.03489	0.07000	0.89511
1166 A	0.03519	0.06935	0.89545
1167 A	0.03602	0.06768	0.89629
1168 A	0.03758	0.06515	0.89726
1169 T	0.04212	0.05900	0.89887
1170 A	0.04499	0.05402	0.90099
1171 T	0.05054	0.04485	0.90462
1172 T	0.05406	0.03713	0.9088
1173 T	0.05632	0.02981	0.91387
1174 A	0.05683	0.02672	0.91644
1175 G	0.05743	0.02395	0.91862
1176 A	0.05814	0.02206	0.9198
1177 A	0.05940	0.01989	0.92072
1178 T	0.06160	0.01657	0.92183
1179 A	0.06351	0.01418	0.92231
1180 T	0.06682	0.01036	0.92283
1181 T	0.06811	0.00872	0.92317
1182 T	0.06893	0.00751	0.92356
1183 G	0.06928	0.00690	0.92382
1184 C	0.07012	0.00577	0.92411
1185 T	0.07091	0.00493	0.92417
1186 T	0.07148	0.00450	0.92401
1187 T	0.07171	0.00446	0.92383
1188 T	0.07179	0.00455	0.92366
1189 A	0.07177	0.00476	0.92347
1190 A	0.07178	0.00484	0.92337
1191 A	0.07190	0.00481	0.92329
1192 T	0.07217	0.00451	0.92332
1193 T	0.07243	0.00422	0.92334
1194 G	0.07259	0.00410	0.92331
1195 T	0.07294	0.00378	0.92328
1196 C	0.07314	0.00367	0.9232
1197 G	0.07345	0.00382	0.92273
1198 T	0.07396	0.00382	0.92222
1199 T	0.07430	0.00379	0.9219
1200 T	0.07442	0.00374	0.92184
1201 T	0.07446	0.00376	0.92178
1202 T	0.07438	0.00391	0.92171
1203 T	0.07418	0.00417	0.92165
1204 C	0.07400	0.00443	0.92157
1205 A	0.07385	0.00475	0.92139
1206 A	0.07381	0.00481	0.92139
1207 A	0.07382	0.00480	0.92137
1208 G	0.07393	0.00469	0.92139
1209 T	0.07419	0.00443	0.92138
1210 C	0.07435	0.00421	0.92144
1211 T	0.07450	0.00412	0.92138
1212 A	0.07458	0.00408	0.92134
1213 G	0.07468	0.00399	0.92133
1214 G	0.07478	0.00390	0.92132
1215 A	0.07482	0.00386	0.92131
1216 G	0.07491	0.00372	0.92136
1217 T	0.07513	0.00347	0.9214
1218 A	0.07526	0.00332	0.92141
1219 C	0.07551	0.00304	0.92144
1220 A	0.07600	0.00256	0.92144
1221 T	0.07655	0.00201	0.92144
1222 T	0.07675	0.00179	0.92146
1223 T	0.07682	0.00171	0.92147
1224 A	0.07685	0.00166	0.92149
1225 T	0.07694	0.00137	0.9217
1226 C	0.07698	0.00108	0.92194
1227 T	0.07707	0.00086	0.92207
1228 T	0.07720	0.00065	0.92215
1229 T	0.07722	0.00061	0.92218
1230 G	0.07722	0.00059	0.92219
1231 G	0.07724	0.00056	0.9222
1232 T	0.07728	0.00048	0.92223
1233 C	0.07731	0.00042	0.92228
1234 T	0.07741	0.00031	0.92228
1235 T	0.07748	0.00023	0.92229
1236 T	0.07751	0.00021	0.92229
1237 A	0.07752	0.00023	0.92225
1238 T	0.07753	0.00023	0.92224
1239 T	0.07754	0.00027	0.92219
1240 T	0.07753	0.00041	0.92207
1241 A	0.07750	0.00050	0.922
1242 T	0.07750	0.00053	0.92197
1243 T	0.07750	0.00053	0.92197
1244 A	0.07749	0.00055	0.92196
1245 T	0.07749	0.00055	0.92196
1246 T	0.07750	0.00055	0.92196
1247 C	0.07749	0.00055	0.92196
1248 T	0.07749	0.00055	0.92196
1249 T	0.07749	0.00056	0.92196
1250 T	0.07749	0.00056	0.92196
1251 T	0.07748	0.00056	0.92195
1252 T	0.07747	0.00058	0.92195
1253 C	0.07745	0.00059	0.92196
1254 T	0.07740	0.00064	0.92196
1255 T	0.07725	0.00079	0.92195
1256 C	0.07713	0.00093	0.92195
1257 T	0.07704	0.00102	0.92194
1258 A	0.07686	0.00122	0.92192
1259 A	0.07677	0.00132	0.92191
1260 T	0.07676	0.00134	0.9219
1261 G	0.07669	0.00140	0.9219
1262 A	0.07669	0.00141	0.9219
1263 T	0.07679	0.00130	0.92191
1264 T	0.07681	0.00129	0.92189
1265 C	0.07679	0.00132	0.92188
1266 T	0.07678	0.00138	0.92184
1267 T	0.07676	0.00141	0.92184
1268 T	0.07672	0.00146	0.92182
1269 T	0.07661	0.00159	0.9218
1270 T	0.07645	0.00176	0.92179
1271 C	0.07634	0.00189	0.92177
1272 T	0.07619	0.00210	0.92171
1273 A	0.07587	0.00253	0.92159
1274 A	0.07577	0.00267	0.92157
1275 T	0.07574	0.00270	0.92155
1276 G	0.07568	0.00282	0.9215
1277 A	0.07563	0.00295	0.92142
1278 T	0.07563	0.00288	0.92149
1279 T	0.07561	0.00303	0.92136
1280 T	0.07548	0.00330	0.92121
1281 A	0.07531	0.00355	0.92114
1282 A	0.07519	0.00374	0.92108
1283 A	0.07504	0.00391	0.92105
1284 A	0.07497	0.00394	0.92109
1285 A	0.07496	0.00394	0.9211
1286 G	0.07497	0.00395	0.92108
1287 T	0.07500	0.00405	0.92096
1288 T	0.07499	0.00420	0.92082
1289 T	0.07498	0.00422	0.9208
1290 A	0.07491	0.00433	0.92075
1291 A	0.07488	0.00440	0.92073
1292 T	0.07488	0.00425	0.92087
1293 C	0.07487	0.00407	0.92106
1294 T	0.07480	0.00409	0.92111
1295 A	0.07452	0.00433	0.92115
1296 T	0.07436	0.00429	0.92135
1297 C	0.07365	0.00494	0.92141
1298 G	0.07305	0.00560	0.92135
1299 A	0.07270	0.00608	0.92122
1300 C	0.07275	0.00606	0.92119
1301 A	0.07284	0.00617	0.921
1302 T	0.07312	0.00599	0.92089
1303 T	0.07320	0.00594	0.92086
1304 T	0.07305	0.00610	0.92085
1305 T	0.07279	0.00645	0.92077
1306 G	0.07236	0.00689	0.92076
1307 G	0.07219	0.00701	0.9208
1308 A	0.07212	0.00707	0.9208
1309 A	0.07212	0.00706	0.92082
1310 T	0.07228	0.00685	0.92087
1311 C	0.07238	0.00672	0.92091
1312 A	0.07240	0.00672	0.92088
1313 A	0.07247	0.00667	0.92086
1314 T	0.07258	0.00655	0.92087
1315 T	0.07263	0.00654	0.92083
1316 T	0.07263	0.00655	0.92082
1317 A	0.07262	0.00642	0.92096
1318 A	0.07264	0.00607	0.9213
1319 T	0.07266	0.00572	0.92162
1320 A	0.07265	0.00512	0.92223
1321 A	0.07275	0.00447	0.92278
1322 T	0.07304	0.00376	0.92321
1323 T	0.07317	0.00346	0.92337
1324 T	0.07332	0.00321	0.92346
1325 A	0.07339	0.00306	0.92355
1326 T	0.07358	0.00266	0.92375
1327 T	0.07370	0.00231	0.924
1328 T	0.07379	0.00211	0.9241
1329 T	0.07386	0.00187	0.92428
