# lcl|CP097583.1_cds_USQ93542.1_1
# AA	inside	membr	outside
1 A	0.55254	0.00000	0.44746
2 T	0.55249	0.00005	0.44746
3 G	0.55247	0.00007	0.44746
4 T	0.55247	0.00234	0.44519
5 T	0.55225	0.00464	0.44312
6 T	0.55225	0.00512	0.44263
7 T	0.54801	0.00962	0.44237
8 T	0.54801	0.00964	0.44236
9 T	0.54289	0.01548	0.44162
10 A	0.54288	0.05940	0.39772
11 A	0.54203	0.06176	0.39621
12 A	0.53378	0.07078	0.39545
13 G	0.52568	0.08256	0.39176
14 T	0.52568	0.08256	0.39176
15 T	0.52568	0.17338	0.30093
16 T	0.52523	0.17384	0.30093
17 T	0.52381	0.17646	0.29973
18 T	0.52371	0.17922	0.29707
19 A	0.51910	0.18562	0.29529
20 A	0.50734	0.22028	0.27238
21 A	0.48131	0.24637	0.27232
22 A	0.48085	0.24748	0.27168
23 A	0.48096	0.24773	0.27131
24 T	0.48227	0.24676	0.27097
25 T	0.48286	0.24606	0.27107
26 T	0.48264	0.24653	0.27083
27 T	0.48238	0.24738	0.27024
28 A	0.48176	0.24884	0.2694
29 A	0.48164	0.24908	0.26929
30 A	0.48286	0.24491	0.27223
31 A	0.48393	0.24329	0.27278
32 T	0.48821	0.23359	0.2782
33 T	0.52520	0.19579	0.279
34 A	0.52686	0.19313	0.28002
35 A	0.53067	0.18292	0.2864
36 A	0.53573	0.17115	0.29312
37 G	0.53832	0.16693	0.29476
38 C	0.62279	0.08030	0.29691
39 T	0.62750	0.07416	0.29834
40 T	0.63284	0.06687	0.3003
41 T	0.63524	0.06358	0.30119
42 A	0.63659	0.05971	0.30369
43 T	0.65023	0.03825	0.31152
44 T	0.65052	0.01352	0.33596
45 T	0.65102	0.01205	0.33693
46 G	0.65130	0.01129	0.33742
47 T	0.65185	0.01050	0.33765
48 G	0.65201	0.01008	0.33791
49 A	0.65240	0.00940	0.3382
50 T	0.65357	0.00719	0.33923
51 T	0.65464	0.00518	0.34018
52 T	0.65499	0.00452	0.3405
53 T	0.65507	0.00438	0.34055
54 C	0.65478	0.00470	0.34051
55 T	0.65465	0.00523	0.34012
56 T	0.65457	0.00561	0.33982
57 G	0.65428	0.00627	0.33945
58 A	0.65414	0.00781	0.33805
59 T	0.65422	0.00781	0.33798
60 T	0.65422	0.00780	0.33797
61 T	0.65424	0.00776	0.338
62 T	0.65435	0.00764	0.33802
63 G	0.65428	0.00777	0.33795
64 T	0.65443	0.00759	0.33797
65 C	0.65448	0.00751	0.33801
66 T	0.65465	0.00751	0.33785
67 T	0.65488	0.00761	0.33751
68 T	0.65505	0.00808	0.33687
69 T	0.65515	0.00948	0.33537
70 T	0.65522	0.01060	0.33418
71 T	0.65518	0.01146	0.33336
72 A	0.65456	0.01291	0.33254
73 A	0.65406	0.01387	0.33207
74 A	0.65375	0.01432	0.33193
75 T	0.65386	0.01440	0.33174
76 A	0.65403	0.01512	0.33085
77 T	0.65468	0.01495	0.33038
78 T	0.65537	0.01503	0.3296
79 T	0.65563	0.01660	0.32778
80 A	0.65575	0.01739	0.32686
81 T	0.65652	0.01810	0.32538
82 T	0.65631	0.01939	0.3243
83 T	0.65489	0.02167	0.32345
84 G	0.65261	0.02407	0.32333
85 A	0.65201	0.02462	0.32336
86 T	0.65177	0.02475	0.32348
87 T	0.65117	0.02529	0.32354
88 C	0.65076	0.02561	0.32363
89 C	0.65076	0.02561	0.32363
90 A	0.65113	0.02527	0.3236
91 G	0.65199	0.02444	0.32357
92 T	0.65399	0.02248	0.32353
93 T	0.65499	0.02162	0.32339
94 T	0.65513	0.02145	0.32342
95 A	0.65376	0.02216	0.32409
96 T	0.65311	0.02219	0.3247
97 G	0.65103	0.02381	0.32516
98 C	0.64945	0.02515	0.3254
99 C	0.64976	0.02477	0.32547
100 C	0.65014	0.02465	0.32521
101 A	0.65037	0.02572	0.32391
102 T	0.65175	0.02536	0.32289
103 A	0.65141	0.02583	0.32276
104 T	0.65183	0.02538	0.32279
105 T	0.65206	0.02490	0.32304
106 T	0.65137	0.02361	0.32502
107 C	0.64885	0.02357	0.32758
108 T	0.64628	0.02571	0.32801
109 T	0.63752	0.03506	0.32742
110 C	0.54844	0.12626	0.3253
111 T	0.47951	0.19863	0.32186
112 G	0.41821	0.26399	0.31781
113 A	0.38428	0.30150	0.31422
114 A	0.36789	0.32017	0.31194
115 G	0.36042	0.32988	0.30971
116 A	0.35767	0.33425	0.30808
117 A	0.35465	0.33684	0.30852
118 G	0.35174	0.33843	0.30983
119 A	0.35024	0.33933	0.31043
120 A	0.34905	0.33899	0.31195
121 C	0.34857	0.33787	0.31356
122 A	0.34851	0.33883	0.31266
123 A	0.34870	0.33812	0.31319
124 A	0.34984	0.33629	0.31387
125 T	0.35078	0.33437	0.31484
126 T	0.35072	0.33341	0.31587
127 C	0.34991	0.33162	0.31847
128 A	0.34635	0.33488	0.31878
129 A	0.34533	0.33450	0.32017
130 G	0.34476	0.32951	0.32572
131 A	0.34487	0.32529	0.32985
132 A	0.34624	0.31087	0.34288
133 T	0.35032	0.18579	0.46389
134 C	0.34994	0.10538	0.54469
135 T	0.34734	0.07892	0.57374
136 G	0.33876	0.13493	0.52632
137 A	0.33350	0.21339	0.4531
138 T	0.32821	0.27311	0.39868
139 A	0.32266	0.32191	0.35543
140 A	0.31905	0.32461	0.35635
141 T	0.31655	0.32404	0.3594
142 A	0.31357	0.32619	0.36023
143 G	0.31255	0.32605	0.3614
144 C	0.31191	0.32632	0.36176
145 C	0.31083	0.32869	0.36048
146 T	0.30890	0.33315	0.35795
147 T	0.30350	0.34110	0.3554
148 A	0.29421	0.35257	0.35322
149 A	0.29151	0.35651	0.35198
150 A	0.28946	0.35873	0.35181
151 C	0.28893	0.35601	0.35506
152 A	0.28907	0.35649	0.35444
153 A	0.28918	0.35678	0.35404
154 A	0.29008	0.35706	0.35286
155 G	0.29423	0.35264	0.35314
156 A	0.30417	0.34295	0.35287
157 A	0.32681	0.31573	0.35745
158 T	0.36722	0.26778	0.365
159 T	0.42916	0.19469	0.37616
160 A	0.47408	0.14152	0.3844
161 C	0.51064	0.09541	0.39395
162 T	0.54079	0.06141	0.3978
163 T	0.54279	0.05754	0.39967
164 T	0.54286	0.05596	0.40118
165 T	0.54271	0.05491	0.40237
166 G	0.54169	0.05728	0.40103
167 A	0.54133	0.05676	0.40192
168 T	0.53972	0.05570	0.40458
169 A	0.53411	0.05817	0.40773
170 T	0.52852	0.05770	0.41378
171 C	0.50470	0.07433	0.42097
172 A	0.49415	0.08833	0.41752
173 C	0.48673	0.10022	0.41304
174 T	0.48042	0.12843	0.39115
175 A	0.47481	0.15192	0.37326
176 A	0.47270	0.16187	0.36543
177 T	0.46472	0.17903	0.35625
178 A	0.44093	0.21736	0.34171
179 A	0.43213	0.23117	0.3367
180 T	0.42874	0.23736	0.3339
181 A	0.42447	0.24200	0.33353
182 G	0.42320	0.24311	0.33369
183 T	0.42329	0.24261	0.33411
184 T	0.42294	0.24303	0.33403
185 C	0.42228	0.24406	0.33366
186 T	0.42204	0.24613	0.33183
187 G	0.42135	0.24877	0.32988
188 A	0.42136	0.25022	0.32842
189 A	0.42178	0.25063	0.3276
190 A	0.42134	0.25069	0.32796
191 A	0.42157	0.24608	0.33234
192 A	0.42210	0.23709	0.34081
193 A	0.42300	0.22587	0.35113
194 C	0.42537	0.19745	0.37718
195 A	0.43166	0.18200	0.38634
196 A	0.44011	0.16527	0.39461
197 T	0.46557	0.13217	0.40226
198 T	0.48182	0.10917	0.40901
199 G	0.48739	0.10087	0.41174
200 G	0.49646	0.07964	0.4239
201 T	0.51089	0.04214	0.44697
202 T	0.51553	0.02839	0.45607
203 T	0.51783	0.02278	0.45938
204 T	0.51794	0.01966	0.4624
205 G	0.51754	0.01921	0.46325
206 C	0.51805	0.01882	0.46313
207 T	0.51916	0.02249	0.45836
208 T	0.51992	0.03460	0.44548
209 T	0.52054	0.04682	0.43265
210 T	0.51985	0.06912	0.41103
211 A	0.51141	0.09056	0.39804
212 A	0.50548	0.10409	0.39042
213 T	0.50262	0.10815	0.38923
214 T	0.49638	0.11468	0.38895
215 T	0.48373	0.12967	0.38661
216 T	0.44753	0.16936	0.38311
217 C	0.39067	0.22663	0.38271
218 C	0.35255	0.26534	0.38211
219 T	0.32730	0.29196	0.38074
220 T	0.27368	0.34744	0.37889
221 C	0.22588	0.39688	0.37725
222 A	0.19446	0.43406	0.37148
223 G	0.16956	0.46567	0.36477
224 A	0.15668	0.48023	0.36308
225 A	0.15026	0.48717	0.36257
226 A	0.14121	0.49642	0.36237
227 A	0.13503	0.50204	0.36292
228 C	0.13144	0.50481	0.36375
229 G	0.13039	0.50624	0.36337
230 A	0.13604	0.50142	0.36254
231 A	0.14960	0.48861	0.36178
232 A	0.16282	0.47587	0.36131
233 T	0.18112	0.45765	0.36123
234 A	0.18600	0.44685	0.36716
235 G	0.18901	0.43812	0.37287
236 A	0.18930	0.43776	0.37294
237 A	0.18931	0.42960	0.38109
238 A	0.19122	0.41037	0.39841
239 T	0.19634	0.35511	0.44856
240 T	0.19612	0.29416	0.50972
241 T	0.18941	0.25574	0.55485
242 A	0.17495	0.24368	0.58137
243 C	0.17146	0.19621	0.63232
244 G	0.16869	0.18463	0.64669
245 A	0.17069	0.17452	0.65479
246 A	0.17593	0.16217	0.6619
247 T	0.17707	0.16112	0.66181
248 T	0.17165	0.18904	0.63931
249 A	0.15278	0.23951	0.60771
250 A	0.13127	0.29959	0.56915
251 A	0.10512	0.36389	0.531
252 A	0.07905	0.45382	0.46713
253 G	0.07102	0.51691	0.41208
254 A	0.06837	0.55535	0.37628
255 A	0.06816	0.57084	0.361
256 A	0.06970	0.57451	0.35579
257 A	0.07315	0.57158	0.35527
258 A	0.07619	0.56798	0.35583
259 T	0.08149	0.56120	0.35731
260 A	0.08284	0.56020	0.35696
261 T	0.08512	0.55495	0.35993
262 A	0.08410	0.55436	0.36155
263 A	0.08370	0.55133	0.36497
264 T	0.08512	0.54180	0.37308
265 C	0.08472	0.52904	0.38624
266 A	0.08519	0.52678	0.38804
267 T	0.09309	0.51757	0.38934
268 G	0.09502	0.51745	0.38753
269 A	0.09819	0.51886	0.38295
270 A	0.10651	0.51544	0.37806
271 A	0.13136	0.48362	0.38503
272 A	0.16741	0.42975	0.40284
273 A	0.21435	0.36176	0.42388
274 A	0.26624	0.28468	0.44908
275 C	0.34206	0.18139	0.47656
276 T	0.40571	0.11512	0.47918
277 T	0.43044	0.09650	0.47305
278 T	0.43352	0.10088	0.4656
279 T	0.42231	0.12185	0.45584
280 A	0.40774	0.14284	0.44941
281 G	0.39729	0.15501	0.4477
282 A	0.39142	0.16501	0.44357
283 T	0.39230	0.16641	0.44129
284 T	0.38971	0.17091	0.43938
285 A	0.38354	0.17892	0.43754
286 G	0.37867	0.18869	0.43264
287 T	0.37466	0.19604	0.42931
288 G	0.35781	0.21605	0.42614
289 A	0.35398	0.22585	0.42018
290 A	0.35207	0.22936	0.41857
291 A	0.35231	0.22875	0.41894
292 A	0.35372	0.22669	0.41959
293 G	0.35818	0.22102	0.4208
294 A	0.35879	0.22298	0.41823
295 A	0.35934	0.22589	0.41477
296 G	0.36137	0.22391	0.41472
297 T	0.36507	0.22216	0.41277
298 A	0.36644	0.22232	0.41125
299 A	0.37018	0.21794	0.41189
300 T	0.38022	0.20328	0.41651
301 A	0.38669	0.18958	0.42373
302 T	0.39549	0.16718	0.43734
303 T	0.39828	0.15110	0.45063
304 G	0.39415	0.14526	0.46059
305 C	0.39474	0.13792	0.46734
306 T	0.39671	0.13886	0.46443
307 A	0.39346	0.14213	0.46442
308 A	0.39367	0.13882	0.46751
309 T	0.40019	0.12834	0.47147
310 T	0.40059	0.12463	0.47478
311 C	0.39857	0.11015	0.49128
312 A	0.39949	0.10583	0.49468
313 G	0.40049	0.10202	0.49749
314 A	0.40271	0.09786	0.49942
315 C	0.40621	0.09165	0.50214
316 C	0.40931	0.08816	0.50253
317 A	0.41465	0.08247	0.50288
318 T	0.42130	0.07552	0.50318
319 A	0.42278	0.07450	0.50272
320 T	0.42554	0.07240	0.50206
321 G	0.42627	0.07119	0.50254
322 T	0.42719	0.06808	0.50473
323 T	0.42629	0.07022	0.50349
324 A	0.42078	0.07892	0.5003
325 G	0.41993	0.08525	0.49482
326 T	0.42118	0.08420	0.49461
327 T	0.42066	0.08584	0.49351
328 A	0.42006	0.08911	0.49083
329 A	0.42257	0.08815	0.48928
330 T	0.42350	0.08625	0.49025
331 G	0.42329	0.09147	0.48524
332 T	0.42329	0.09350	0.4832
333 T	0.42305	0.09569	0.48126
334 T	0.42260	0.09948	0.47791
335 T	0.42139	0.10795	0.47066
336 G	0.41901	0.11723	0.46376
337 A	0.41826	0.12646	0.45527
338 A	0.41791	0.13146	0.45063
339 A	0.41746	0.13728	0.44526
340 G	0.41764	0.14051	0.44185
341 A	0.41812	0.14349	0.43839
342 A	0.41876	0.14496	0.43629
343 A	0.41976	0.14418	0.43607
344 A	0.42099	0.14232	0.43669
345 A	0.42383	0.13898	0.4372
346 A	0.42871	0.13238	0.43891
347 C	0.43579	0.11969	0.44452
348 T	0.44463	0.11208	0.44329
349 G	0.44808	0.11051	0.4414
350 T	0.45409	0.10844	0.43747
351 A	0.45677	0.11191	0.43132
352 G	0.45933	0.10992	0.43075
353 A	0.46171	0.10767	0.43062
354 T	0.47289	0.09593	0.43118
355 T	0.47695	0.09112	0.43193
356 C	0.47886	0.08829	0.43284
357 A	0.48076	0.08621	0.43303
358 T	0.48687	0.07913	0.43399
359 C	0.48895	0.07583	0.43522
360 T	0.49391	0.07061	0.43549
361 A	0.49502	0.06944	0.43554
362 C	0.49863	0.06530	0.43608
363 T	0.50059	0.06330	0.43611
364 C	0.50094	0.06291	0.43615
365 A	0.50171	0.06215	0.43614
366 G	0.50219	0.06159	0.43622
367 A	0.50306	0.06071	0.43623
368 C	0.50439	0.05920	0.43642
369 A	0.50625	0.05731	0.43643
370 C	0.50965	0.05361	0.43674
371 T	0.51345	0.04974	0.43681
372 A	0.51467	0.04847	0.43686
373 A	0.51740	0.04574	0.43685
374 A	0.52229	0.03981	0.4379
375 T	0.52320	0.03760	0.43919
376 A	0.52312	0.03290	0.44398
377 T	0.52317	0.02725	0.44958
378 T	0.52173	0.02580	0.45246
379 T	0.51890	0.02760	0.4535
380 G	0.51470	0.03186	0.45344
381 T	0.51192	0.03502	0.45307
382 G	0.50714	0.03969	0.45317
383 G	0.50431	0.04137	0.45432
384 T	0.50210	0.04197	0.45593
385 G	0.49442	0.04861	0.45697
386 G	0.49151	0.05062	0.45787
387 C	0.49036	0.05054	0.4591
388 C	0.48978	0.05100	0.45922
389 G	0.48900	0.05270	0.4583
390 T	0.48861	0.05401	0.45738
391 T	0.48764	0.05681	0.45555
392 T	0.48714	0.05777	0.4551
393 A	0.48602	0.05924	0.45475
394 A	0.48511	0.06003	0.45486
395 A	0.48495	0.05932	0.45572
396 A	0.48495	0.05843	0.45662
397 A	0.48506	0.05749	0.45746
398 G	0.48527	0.05634	0.45839
399 A	0.48574	0.05472	0.45954
400 G	0.48652	0.05223	0.46125
401 G	0.48803	0.04818	0.46379
402 T	0.49104	0.04172	0.46724
403 T	0.49344	0.03551	0.47105
404 T	0.49470	0.03163	0.47367
405 T	0.49540	0.02740	0.4772
406 A	0.49551	0.02498	0.47952
407 A	0.49561	0.02247	0.48193
408 T	0.49595	0.01499	0.48906
409 T	0.49636	0.01174	0.49189
410 T	0.49677	0.01010	0.49314
411 A	0.49728	0.00866	0.49405
412 T	0.49852	0.00587	0.4956
413 G	0.49936	0.00364	0.497
414 A	0.50128	0.00000	0.49872
