# lcl|CP097583.1_cds_USQ93196.1_1
# AA	inside	membr	outside
1 A	0.32058	0.00000	0.67942
2 T	0.31967	0.00091	0.67942
3 G	0.31889	0.00169	0.67942
4 A	0.31889	0.03031	0.6508
5 T	0.31458	0.06920	0.61622
6 G	0.31458	0.07469	0.61073
7 T	0.30205	0.08876	0.60919
8 T	0.30205	0.08880	0.60915
9 T	0.29794	0.09377	0.6083
10 G	0.29792	0.13107	0.57101
11 T	0.29708	0.13374	0.56918
12 T	0.27873	0.15282	0.56845
13 A	0.25746	0.17774	0.56481
14 G	0.25745	0.17774	0.56481
15 A	0.25745	0.21597	0.52658
16 A	0.25734	0.21608	0.52658
17 T	0.25721	0.21680	0.52599
18 A	0.25716	0.21959	0.52325
19 T	0.25644	0.22107	0.52249
20 T	0.25010	0.24078	0.50912
21 T	0.22097	0.26999	0.50903
22 A	0.21730	0.27760	0.50511
23 A	0.21481	0.28356	0.50163
24 A	0.21515	0.28661	0.49824
25 A	0.21613	0.28856	0.49531
26 A	0.21734	0.29078	0.49189
27 A	0.24435	0.26491	0.49074
28 T	0.28690	0.22149	0.49162
29 T	0.29578	0.22004	0.48418
30 T	0.30165	0.22361	0.47474
31 G	0.29794	0.22528	0.47677
32 T	0.29538	0.22404	0.48058
33 T	0.29265	0.22557	0.48178
34 T	0.26101	0.26129	0.4777
35 C	0.22767	0.29201	0.48031
36 A	0.19927	0.33112	0.4696
37 A	0.18903	0.34792	0.46304
38 A	0.20997	0.33225	0.45777
39 A	0.20433	0.34209	0.45357
40 A	0.20539	0.34235	0.45226
41 T	0.20924	0.33651	0.45425
42 T	0.20682	0.33808	0.4551
43 A	0.20698	0.33318	0.45984
44 A	0.19361	0.32994	0.47645
45 A	0.19197	0.32957	0.47846
46 C	0.19136	0.32776	0.48088
47 A	0.18923	0.33421	0.47656
48 A	0.19140	0.33425	0.47434
49 A	0.19469	0.33264	0.47267
50 A	0.20078	0.32708	0.47215
51 A	0.20499	0.32252	0.47249
52 A	0.21710	0.30538	0.47752
53 T	0.24038	0.27125	0.48836
54 A	0.24739	0.25161	0.50099
55 T	0.25915	0.22304	0.51781
56 T	0.26945	0.19129	0.53926
57 T	0.27527	0.15696	0.56777
58 T	0.27891	0.12812	0.59297
59 T	0.28577	0.09994	0.61429
60 G	0.28764	0.09048	0.62188
61 T	0.29148	0.08267	0.62585
62 T	0.29405	0.07655	0.62941
63 A	0.29456	0.07536	0.63008
64 A	0.29627	0.07221	0.63152
65 T	0.29801	0.06643	0.63556
66 A	0.29875	0.06153	0.63973
67 T	0.30280	0.04502	0.65218
68 T	0.30494	0.03937	0.6557
69 A	0.30536	0.03647	0.65817
70 T	0.30890	0.02817	0.66293
71 A	0.31069	0.02475	0.66455
72 T	0.31258	0.02050	0.66692
73 T	0.31331	0.01828	0.66841
74 T	0.31333	0.01812	0.66856
75 T	0.31311	0.01884	0.66805
76 T	0.31290	0.01960	0.6675
77 T	0.31257	0.02035	0.66708
78 G	0.31174	0.02208	0.66618
79 T	0.31140	0.02287	0.66574
80 T	0.31111	0.02336	0.66553
81 T	0.31077	0.02404	0.66518
82 G	0.31024	0.02458	0.66519
83 G	0.31071	0.02393	0.66536
84 T	0.31197	0.02260	0.66542
85 T	0.31316	0.02137	0.66547
86 T	0.31438	0.01991	0.66571
87 A	0.31464	0.01992	0.66544
88 T	0.31504	0.01975	0.66521
89 T	0.31474	0.02023	0.66503
90 A	0.31391	0.02126	0.66483
91 T	0.31390	0.02145	0.66466
92 T	0.31340	0.02213	0.66447
93 G	0.31023	0.02550	0.66427
94 T	0.30895	0.02711	0.66394
95 T	0.30732	0.02911	0.66358
96 A	0.30241	0.03462	0.66297
97 A	0.30012	0.03761	0.66227
98 T	0.29834	0.04026	0.6614
99 T	0.29603	0.04494	0.65903
100 A	0.29297	0.05515	0.65189
101 T	0.29197	0.05835	0.64967
102 T	0.29026	0.06168	0.64806
103 T	0.28382	0.07102	0.64516
104 T	0.27498	0.08163	0.64338
105 T	0.26715	0.09091	0.64194
106 T	0.24954	0.11117	0.63929
107 A	0.23359	0.12988	0.63652
108 T	0.22595	0.13977	0.63428
109 A	0.21483	0.15579	0.62938
110 A	0.21177	0.16047	0.62777
111 T	0.21011	0.16231	0.62758
112 T	0.20708	0.16537	0.62755
113 A	0.20328	0.16934	0.62737
114 T	0.20279	0.16943	0.62778
115 T	0.20203	0.16997	0.628
116 A	0.20029	0.17016	0.62955
117 T	0.19967	0.17049	0.62984
118 A	0.19796	0.17339	0.62865
119 A	0.19659	0.17313	0.63028
120 A	0.19318	0.17589	0.63094
121 A	0.19248	0.17458	0.63293
122 A	0.19476	0.17038	0.63487
123 T	0.20410	0.15839	0.63751
124 T	0.20674	0.15389	0.63937
125 A	0.20653	0.15502	0.63844
126 T	0.20761	0.14664	0.64575
127 T	0.20480	0.15163	0.64356
128 A	0.20288	0.16798	0.62914
129 T	0.20381	0.17705	0.61914
130 A	0.20343	0.21944	0.57713
131 A	0.20436	0.23616	0.55948
132 T	0.20909	0.22664	0.56428
133 T	0.20694	0.22642	0.56663
134 T	0.19989	0.23138	0.56873
135 A	0.19108	0.23762	0.5713
136 C	0.18480	0.24054	0.57466
137 C	0.18159	0.24637	0.57204
138 A	0.17857	0.27112	0.55031
139 A	0.17767	0.28241	0.53992
140 A	0.17265	0.30002	0.52733
141 A	0.16924	0.30943	0.52133
142 A	0.15724	0.32266	0.52009
143 G	0.14682	0.33110	0.52208
144 A	0.13858	0.34249	0.51893
145 G	0.13479	0.34691	0.5183
146 A	0.13384	0.34805	0.51811
147 A	0.13654	0.34413	0.51933
148 A	0.14327	0.33518	0.52155
149 A	0.15304	0.32253	0.52442
150 C	0.17252	0.29830	0.52918
151 G	0.19277	0.27696	0.53027
152 A	0.21654	0.25386	0.52961
153 T	0.26482	0.20343	0.53175
154 T	0.28342	0.18349	0.53309
155 T	0.28573	0.18013	0.53413
156 T	0.28542	0.17382	0.54075
157 C	0.28401	0.16686	0.54913
158 A	0.28401	0.16079	0.55519
159 C	0.28515	0.15478	0.56008
160 A	0.28760	0.15210	0.5603
161 T	0.30817	0.13034	0.56149
162 A	0.31111	0.12822	0.56068
163 T	0.32084	0.11309	0.56607
164 T	0.32014	0.11046	0.56941
165 A	0.30897	0.10687	0.58417
166 A	0.30510	0.09830	0.5966
167 T	0.30690	0.08532	0.60777
168 T	0.29919	0.08714	0.61367
169 C	0.28187	0.10122	0.61691
170 A	0.26727	0.11997	0.61276
171 T	0.25439	0.13766	0.60795
172 G	0.22405	0.17566	0.60029
173 A	0.19970	0.20202	0.59828
174 T	0.18901	0.21553	0.59546
175 A	0.16921	0.24163	0.58916
176 T	0.15923	0.25628	0.58449
177 C	0.12725	0.30015	0.5726
178 A	0.10710	0.33629	0.55661
179 A	0.09193	0.37053	0.53754
180 T	0.08062	0.39131	0.52808
181 A	0.05701	0.42109	0.5219
182 A	0.04878	0.43168	0.51954
183 A	0.04485	0.43416	0.521
184 A	0.04233	0.43434	0.52333
185 A	0.04205	0.42690	0.53105
186 T	0.04324	0.42108	0.53568
187 A	0.04310	0.41681	0.54009
188 A	0.04295	0.40770	0.54936
189 A	0.04335	0.40100	0.55566
190 A	0.04421	0.39394	0.56184
191 T	0.04516	0.38246	0.57238
192 A	0.04519	0.37154	0.58326
193 A	0.04812	0.35970	0.59218
194 A	0.04976	0.35462	0.59563
195 A	0.05444	0.32983	0.61573
196 A	0.05525	0.31426	0.63049
197 A	0.05867	0.30159	0.63974
198 A	0.06836	0.27419	0.65745
199 A	0.07775	0.25664	0.66561
200 T	0.09676	0.20404	0.69921
201 A	0.11117	0.17113	0.7177
202 T	0.13003	0.13795	0.73201
203 T	0.13713	0.12186	0.74101
204 T	0.13904	0.10223	0.75874
205 T	0.13761	0.09685	0.76553
206 A	0.12910	0.10235	0.76855
207 T	0.12742	0.10095	0.77163
208 C	0.12406	0.10294	0.773
209 A	0.12043	0.10896	0.7706
210 A	0.11885	0.11336	0.76779
211 C	0.11902	0.11529	0.7657
212 T	0.11565	0.12531	0.75905
213 G	0.11051	0.14114	0.74835
214 A	0.10739	0.16701	0.7256
215 A	0.11022	0.16994	0.71984
216 A	0.11514	0.16711	0.71775
217 T	0.12526	0.15580	0.71894
218 A	0.13108	0.14967	0.71925
219 T	0.13887	0.14036	0.72077
220 G	0.14134	0.13740	0.72127
221 A	0.14496	0.13419	0.72085
222 T	0.15117	0.12777	0.72106
223 T	0.15349	0.12569	0.72082
224 T	0.15428	0.12464	0.72108
225 A	0.15334	0.12512	0.72154
226 T	0.15366	0.12308	0.72326
227 T	0.15236	0.12262	0.72501
228 A	0.14721	0.12541	0.72738
229 C	0.14614	0.11840	0.73546
230 A	0.14538	0.11797	0.73666
231 A	0.14532	0.11573	0.73895
232 G	0.14851	0.10925	0.74224
233 G	0.15401	0.10188	0.74411
234 T	0.15994	0.09547	0.74459
235 G	0.16688	0.08427	0.74885
236 A	0.17728	0.06938	0.75333
237 T	0.19832	0.04406	0.75763
238 T	0.20344	0.03803	0.75853
239 A	0.20512	0.03650	0.75837
240 T	0.20769	0.03383	0.75847
241 T	0.20877	0.03441	0.75682
242 T	0.20635	0.03949	0.75417
243 A	0.19902	0.05197	0.74901
244 T	0.19450	0.06097	0.74453
245 A	0.18843	0.07081	0.74076
246 T	0.18325	0.07833	0.73842
247 A	0.17906	0.08223	0.73871
248 T	0.17614	0.08284	0.74102
249 T	0.17067	0.08767	0.74166
250 A	0.16695	0.09176	0.74129
251 C	0.16458	0.09162	0.74381
252 A	0.15797	0.10415	0.73789
253 G	0.15367	0.10896	0.73738
254 T	0.15090	0.11434	0.73476
255 A	0.14240	0.12355	0.73405
256 A	0.13967	0.12671	0.73363
257 C	0.13985	0.12626	0.73389
258 T	0.14106	0.12540	0.73354
259 C	0.14105	0.12620	0.73274
260 A	0.14125	0.13028	0.72848
261 T	0.14227	0.13040	0.72733
262 A	0.13968	0.13620	0.72413
263 A	0.13928	0.13775	0.72296
264 A	0.14113	0.13587	0.723
265 G	0.14235	0.13033	0.72732
266 A	0.14623	0.11864	0.73513
267 T	0.14955	0.10745	0.74299
268 A	0.14669	0.10353	0.74978
269 C	0.14324	0.09979	0.75697
270 A	0.13480	0.11114	0.75405
271 G	0.13178	0.11770	0.75052
272 A	0.12991	0.12240	0.74769
273 A	0.12879	0.12665	0.74456
274 G	0.12924	0.12595	0.74482
275 A	0.13455	0.11402	0.75143
276 A	0.13517	0.10861	0.75622
277 A	0.13775	0.10179	0.76045
278 C	0.13889	0.09125	0.76986
279 C	0.13966	0.08802	0.77232
280 T	0.14078	0.08677	0.77246
281 A	0.14039	0.08740	0.77221
282 C	0.14144	0.08612	0.77244
283 T	0.14449	0.08344	0.77208
284 A	0.14499	0.08342	0.77158
285 T	0.14730	0.07806	0.77464
286 T	0.14745	0.07677	0.77578
287 G	0.14615	0.07756	0.77629
288 T	0.14565	0.07631	0.77805
289 A	0.14396	0.07669	0.77935
290 A	0.14363	0.07485	0.78152
291 A	0.14408	0.06890	0.78702
292 A	0.14564	0.06150	0.79287
293 C	0.15119	0.04704	0.80177
294 T	0.15693	0.03980	0.80327
295 A	0.16095	0.03507	0.80398
296 A	0.16546	0.02969	0.80484
297 T	0.16725	0.02714	0.80562
298 G	0.16776	0.02644	0.8058
299 T	0.16841	0.02517	0.80642
300 T	0.16879	0.02591	0.80531
301 A	0.16889	0.02797	0.80314
302 T	0.16914	0.02886	0.802
303 A	0.16946	0.02900	0.80154
304 T	0.16996	0.02771	0.80233
305 T	0.17019	0.02769	0.80211
306 T	0.17017	0.02810	0.80173
307 T	0.17013	0.02867	0.80121
308 A	0.16928	0.03029	0.80042
309 T	0.16843	0.03114	0.80043
310 G	0.16649	0.03208	0.80143
311 A	0.16607	0.03205	0.80188
312 T	0.16582	0.03102	0.80316
313 G	0.16419	0.03242	0.80339
314 C	0.16286	0.03391	0.80323
315 A	0.16290	0.03548	0.80163
316 T	0.16359	0.03504	0.80137
317 T	0.16331	0.03537	0.80133
318 A	0.16059	0.03816	0.80124
319 T	0.15971	0.03901	0.80128
320 C	0.15866	0.03998	0.80137
321 C	0.15841	0.04020	0.80139
322 G	0.15892	0.03972	0.80136
323 C	0.16119	0.03749	0.80132
324 T	0.16405	0.03490	0.80105
325 T	0.16488	0.03453	0.80059
326 T	0.15659	0.04375	0.79966
327 A	0.13023	0.07109	0.79868
328 A	0.10916	0.09308	0.79776
329 T	0.10084	0.10103	0.79813
330 A	0.09322	0.10843	0.79835
331 A	0.08600	0.11506	0.79894
332 A	0.07955	0.12092	0.79953
333 T	0.07460	0.12388	0.80152
334 A	0.06514	0.13294	0.80192
335 A	0.04823	0.14946	0.80231
336 A	0.03950	0.15717	0.80333
337 A	0.03659	0.15893	0.80448
338 A	0.03575	0.15904	0.80521
339 A	0.03511	0.15876	0.80612
340 A	0.03477	0.15750	0.80773
341 T	0.03459	0.15423	0.81119
342 T	0.03346	0.15367	0.81288
343 C	0.03030	0.15566	0.81404
344 A	0.02634	0.16014	0.81353
345 A	0.02475	0.16264	0.8126
346 G	0.02335	0.16477	0.81188
347 A	0.02304	0.16552	0.81144
348 A	0.02323	0.16463	0.81214
349 A	0.02390	0.15342	0.82268
350 A	0.02469	0.12404	0.85127
351 T	0.02569	0.09850	0.87582
352 C	0.02587	0.08744	0.88669
353 A	0.02624	0.08309	0.89067
354 A	0.02678	0.07681	0.89642
355 T	0.02749	0.06903	0.90348
356 T	0.02747	0.06438	0.90815
357 G	0.02753	0.05840	0.91406
358 G	0.02784	0.04269	0.92946
359 G	0.02826	0.03819	0.93356
360 A	0.02865	0.04234	0.929
361 T	0.02926	0.04198	0.92876
362 T	0.02930	0.04349	0.92721
363 G	0.02887	0.04909	0.92203
364 A	0.02857	0.06148	0.90996
365 A	0.02792	0.06552	0.90656
366 A	0.02766	0.06465	0.9077
367 G	0.02845	0.06168	0.90987
368 A	0.02978	0.06063	0.90959
369 T	0.03112	0.05939	0.9095
370 A	0.03173	0.06125	0.90702
371 T	0.03187	0.06208	0.90605
372 A	0.03184	0.06350	0.90465
373 A	0.03158	0.06372	0.90469
374 A	0.03150	0.06365	0.90485
375 T	0.03199	0.06273	0.90529
376 T	0.03263	0.06172	0.90564
377 C	0.03305	0.06099	0.90596
378 A	0.03340	0.06055	0.90605
379 C	0.03414	0.05961	0.90625
380 C	0.03484	0.05885	0.90631
381 A	0.03584	0.05796	0.9062
382 C	0.04082	0.05303	0.90615
383 T	0.05014	0.04399	0.90588
384 T	0.05350	0.04121	0.90528
385 G	0.05567	0.03907	0.90525
386 A	0.06080	0.03353	0.90567
387 T	0.07158	0.02241	0.906
388 T	0.07395	0.01919	0.90686
389 C	0.07249	0.02023	0.90729
390 C	0.07261	0.02005	0.90734
391 A	0.07227	0.02059	0.90715
392 A	0.07313	0.01984	0.90703
393 T	0.07529	0.01783	0.90688
394 T	0.07516	0.01797	0.90687
395 A	0.07268	0.02042	0.90691
396 T	0.07160	0.02102	0.90739
397 T	0.06963	0.02267	0.90769
398 C	0.06425	0.02789	0.90786
399 G	0.06110	0.03105	0.90785
400 A	0.06015	0.03196	0.90789
401 A	0.05936	0.03268	0.90796
402 A	0.05883	0.03312	0.90804
403 A	0.05869	0.03316	0.90814
404 C	0.05867	0.03253	0.9088
405 A	0.05857	0.03251	0.90892
406 A	0.05880	0.03214	0.90906
407 T	0.05941	0.03125	0.90934
408 T	0.05948	0.03079	0.90973
409 T	0.05948	0.03049	0.91002
410 T	0.05946	0.02942	0.91113
411 A	0.05942	0.02786	0.91271
412 T	0.05939	0.02520	0.91541
413 A	0.05922	0.02423	0.91656
414 T	0.05931	0.02237	0.91832
415 A	0.05933	0.02144	0.91923
416 T	0.05947	0.02004	0.92049
417 A	0.05941	0.01831	0.92229
418 T	0.05947	0.01387	0.92667
419 T	0.05947	0.01142	0.92911
420 T	0.05944	0.00942	0.93114
421 C	0.05938	0.00601	0.9346
422 A	0.05939	0.00558	0.93503
423 A	0.05935	0.00596	0.93469
424 T	0.05935	0.00585	0.9348
425 T	0.05933	0.00551	0.93516
426 T	0.05923	0.00565	0.93513
427 A	0.05862	0.00611	0.93527
428 T	0.05836	0.00609	0.93555
429 C	0.05802	0.00630	0.93568
430 G	0.05774	0.00671	0.93555
431 G	0.05760	0.00692	0.93548
432 T	0.05754	0.00718	0.93529
433 G	0.05744	0.00738	0.93517
434 G	0.05739	0.00760	0.935
435 A	0.05744	0.00771	0.93485
436 T	0.05757	0.00738	0.93504
437 T	0.05762	0.00726	0.93512
438 A	0.05768	0.00712	0.9352
439 T	0.05777	0.00695	0.93527
440 C	0.05777	0.00685	0.93538
441 T	0.05775	0.00685	0.9354
442 A	0.05770	0.00688	0.93542
443 A	0.05781	0.00674	0.93546
444 C	0.05806	0.00643	0.93551
445 A	0.05877	0.00571	0.93551
446 T	0.05970	0.00470	0.9356
447 T	0.06019	0.00417	0.93563
448 A	0.06029	0.00404	0.93566
449 T	0.06055	0.00369	0.93576
450 T	0.06074	0.00283	0.93642
451 T	0.06083	0.00246	0.93671
452 T	0.06087	0.00213	0.937
453 T	0.06092	0.00189	0.93719
454 A	0.06089	0.00185	0.93725
455 T	0.06104	0.00163	0.93733
456 A	0.06094	0.00169	0.93737
457 T	0.06094	0.00163	0.93743
458 T	0.06078	0.00181	0.93741
459 T	0.05992	0.00280	0.93728
460 T	0.05858	0.00445	0.93697
461 A	0.05676	0.00628	0.93695
462 T	0.05522	0.00782	0.93695
463 A	0.05324	0.00979	0.93698
464 T	0.05260	0.01037	0.93703
465 C	0.05138	0.01151	0.93712
466 G	0.05083	0.01206	0.93711
467 C	0.05060	0.01231	0.93709
468 T	0.05046	0.01251	0.93703
469 A	0.05032	0.01268	0.937
470 A	0.05027	0.01274	0.93699
471 T	0.05020	0.01281	0.93699
472 G	0.05004	0.01298	0.93698
473 C	0.04996	0.01303	0.93701
474 T	0.04996	0.01315	0.93688
475 A	0.04989	0.01335	0.93676
476 T	0.04986	0.01343	0.93672
477 T	0.04974	0.01363	0.93662
478 A	0.04937	0.01438	0.93624
479 A	0.04922	0.01459	0.93618
480 A	0.04911	0.01456	0.93633
481 A	0.04910	0.01421	0.93669
482 A	0.04923	0.01311	0.93767
483 T	0.04952	0.01123	0.93925
484 A	0.04947	0.00959	0.94094
485 G	0.04945	0.00781	0.94275
486 T	0.04938	0.00612	0.9445
487 T	0.04933	0.00580	0.94487
488 C	0.04929	0.00524	0.94547
489 A	0.04926	0.00566	0.94509
490 G	0.04926	0.00581	0.94493
491 G	0.04929	0.00595	0.94475
492 T	0.04930	0.00597	0.94473
493 A	0.04928	0.00605	0.94467
494 A	0.04923	0.00607	0.9447
495 A	0.04922	0.00593	0.94485
496 C	0.04929	0.00570	0.94501
497 T	0.04946	0.00547	0.94507
498 T	0.04964	0.00518	0.94518
499 A	0.04971	0.00503	0.94526
500 A	0.04983	0.00480	0.94537
501 C	0.05018	0.00418	0.94564
502 T	0.05047	0.00374	0.94579
503 C	0.05060	0.00351	0.9459
504 T	0.05072	0.00339	0.94589
505 A	0.05071	0.00341	0.94587
506 A	0.05075	0.00338	0.94586
507 T	0.05082	0.00321	0.94597
508 C	0.05083	0.00312	0.94605
509 C	0.05077	0.00305	0.94618
510 T	0.05099	0.00286	0.94615
511 C	0.05113	0.00283	0.94605
512 T	0.05140	0.00321	0.94539
513 T	0.05146	0.00391	0.94463
514 A	0.05143	0.00407	0.94451
515 T	0.05147	0.00408	0.94446
516 A	0.05140	0.00421	0.9444
517 T	0.05141	0.00409	0.9445
518 C	0.05104	0.00439	0.94457
519 T	0.05047	0.00495	0.94458
520 T	0.04983	0.00563	0.94454
521 C	0.04859	0.00690	0.94451
522 G	0.04758	0.00794	0.94449
523 A	0.04706	0.00848	0.94446
524 A	0.04684	0.00870	0.94446
525 A	0.04652	0.00902	0.94446
526 C	0.04628	0.00927	0.94445
527 A	0.04584	0.00982	0.94433
528 A	0.04567	0.01009	0.94424
529 A	0.04503	0.01073	0.94424
530 A	0.04463	0.01111	0.94427
531 A	0.04448	0.01118	0.94434
532 T	0.04446	0.01075	0.94479
533 C	0.04442	0.01052	0.94506
534 A	0.04449	0.01033	0.94518
535 C	0.04511	0.00957	0.94533
536 T	0.04581	0.00882	0.94536
537 T	0.04589	0.00872	0.94539
538 T	0.04591	0.00867	0.94541
539 T	0.04593	0.00851	0.94556
540 T	0.04582	0.00853	0.94565
541 A	0.04560	0.00809	0.94631
542 C	0.04550	0.00716	0.94735
543 T	0.04545	0.00665	0.94789
544 T	0.04480	0.00656	0.94864
545 T	0.04275	0.00815	0.94911
546 C	0.03884	0.01185	0.94931
547 A	0.03554	0.01527	0.94919
548 A	0.03409	0.01654	0.94937
549 A	0.03343	0.01698	0.94959
550 G	0.03323	0.01677	0.95
551 A	0.03318	0.01673	0.9501
552 T	0.03306	0.01598	0.95096
553 G	0.03270	0.01573	0.95157
554 T	0.03248	0.01564	0.95189
555 T	0.03206	0.01585	0.95209
556 G	0.03103	0.01675	0.95222
557 C	0.03022	0.01746	0.95231
558 T	0.02955	0.01816	0.95228
559 G	0.02770	0.02009	0.95222
560 G	0.02636	0.02155	0.95209
561 C	0.02442	0.02377	0.95182
562 A	0.02274	0.02600	0.95126
563 A	0.02183	0.02738	0.95079
564 T	0.02071	0.02879	0.9505
565 G	0.01818	0.03173	0.95009
566 A	0.01597	0.03480	0.94923
567 A	0.01409	0.03645	0.94946
568 G	0.01223	0.03711	0.95066
569 A	0.01070	0.03742	0.95189
570 A	0.00954	0.03748	0.95298
571 G	0.00864	0.03865	0.95271
572 A	0.00767	0.04309	0.94924
573 A	0.00682	0.04672	0.94646
574 A	0.00629	0.04811	0.9456
575 A	0.00599	0.04865	0.94536
576 A	0.00568	0.04893	0.94539
577 G	0.00541	0.04932	0.94527
578 A	0.00526	0.04945	0.94529
579 A	0.00517	0.04871	0.94612
580 G	0.00513	0.04791	0.94696
581 A	0.00518	0.04722	0.9476
582 A	0.00529	0.04550	0.9492
583 A	0.00549	0.04387	0.95064
584 T	0.00587	0.04139	0.95274
585 G	0.00627	0.03936	0.95437
586 A	0.00679	0.03798	0.95523
587 A	0.00738	0.03629	0.95633
588 A	0.00797	0.03355	0.95848
589 G	0.00877	0.03053	0.9607
590 A	0.00982	0.02779	0.96239
591 A	0.01157	0.02423	0.9642
592 T	0.01465	0.01946	0.96589
593 T	0.01642	0.01647	0.96711
594 A	0.01782	0.01434	0.96784
595 A	0.02128	0.01003	0.96868
596 T	0.02401	0.00655	0.96944
597 T	0.02464	0.00566	0.9697
598 G	0.02472	0.00615	0.96914
599 A	0.02470	0.00623	0.96907
600 T	0.02517	0.00562	0.96921
601 T	0.02510	0.00573	0.96916
602 T	0.02410	0.00679	0.96911
603 C	0.02197	0.00905	0.96898
604 T	0.02012	0.01128	0.9686
605 T	0.01804	0.01367	0.96829
606 A	0.01383	0.01824	0.96793
607 A	0.00949	0.02285	0.96766
608 A	0.00859	0.02387	0.96753
609 A	0.00824	0.02418	0.96758
610 A	0.00813	0.02421	0.96766
611 A	0.00827	0.02397	0.96775
612 T	0.00842	0.02373	0.96784
613 C	0.00847	0.02361	0.96792
614 C	0.00854	0.02353	0.96793
615 T	0.00860	0.02349	0.96792
616 C	0.00854	0.02357	0.96789
617 G	0.00853	0.02362	0.96786
618 A	0.00861	0.02357	0.96782
619 A	0.00876	0.02343	0.9678
620 A	0.00909	0.02302	0.96789
621 A	0.00996	0.02198	0.96806
622 T	0.01046	0.02063	0.96891
623 A	0.01067	0.01966	0.96966
624 T	0.01108	0.01802	0.97089
625 G	0.01127	0.01613	0.9726
626 T	0.01151	0.01343	0.97507
627 T	0.01169	0.01133	0.97698
628 A	0.01178	0.00943	0.9788
629 A	0.01186	0.00611	0.98203
630 C	0.01177	0.00253	0.98571
631 A	0.01161	0.00221	0.98618
632 T	0.01138	0.00216	0.98645
633 C	0.01087	0.00258	0.98655
634 G	0.01061	0.00285	0.98655
635 G	0.01049	0.00296	0.98655
636 A	0.01044	0.00295	0.98661
637 G	0.01044	0.00287	0.98668
638 C	0.01049	0.00278	0.98672
639 T	0.01056	0.00262	0.98683
640 T	0.01060	0.00251	0.98689
641 C	0.01060	0.00248	0.98692
642 T	0.01061	0.00247	0.98693
643 A	0.01060	0.00247	0.98693
644 T	0.01060	0.00245	0.98695
645 T	0.01059	0.00245	0.98696
646 C	0.01055	0.00247	0.98697
647 C	0.01054	0.00247	0.98699
648 T	0.01054	0.00247	0.987
649 A	0.01051	0.00249	0.98699
650 A	0.01052	0.00248	0.98701
651 A	0.01054	0.00243	0.98703
652 G	0.01056	0.00230	0.98714
653 G	0.01059	0.00185	0.98756
654 T	0.01069	0.00139	0.98791
655 G	0.01072	0.00107	0.98821
656 T	0.01077	0.00064	0.9886
657 T	0.01078	0.00046	0.98877
658 T	0.01078	0.00043	0.98878
659 T	0.01078	0.00043	0.98879
660 A	0.01076	0.00052	0.98872
661 T	0.01075	0.00060	0.98865
662 T	0.01072	0.00071	0.98857
663 A	0.01051	0.00106	0.98844
664 G	0.01022	0.00147	0.98832
665 A	0.00998	0.00174	0.98828
666 A	0.00974	0.00197	0.98829
667 G	0.00968	0.00201	0.98831
668 G	0.00966	0.00201	0.98833
669 C	0.00966	0.00197	0.98838
670 C	0.00965	0.00196	0.98839
671 C	0.00966	0.00195	0.98839
672 T	0.00966	0.00195	0.9884
673 C	0.00964	0.00196	0.9884
674 C	0.00963	0.00198	0.9884
675 T	0.00961	0.00200	0.98839
676 G	0.00959	0.00202	0.98839
677 G	0.00958	0.00203	0.98839
678 G	0.00958	0.00203	0.98839
679 A	0.00959	0.00203	0.98839
680 C	0.00962	0.00197	0.98841
681 T	0.00968	0.00192	0.98841
682 G	0.00971	0.00190	0.9884
683 G	0.00978	0.00182	0.9884
684 T	0.00987	0.00173	0.9884
685 A	0.00993	0.00167	0.98841
686 A	0.01002	0.00135	0.98862
687 A	0.01013	0.00097	0.9889
688 A	0.01017	0.00068	0.98915
689 C	0.01018	0.00043	0.98939
690 T	0.01019	0.00038	0.98943
691 T	0.01019	0.00038	0.98943
692 T	0.01018	0.00039	0.98943
693 A	0.01011	0.00047	0.98942
694 T	0.01005	0.00054	0.98942
695 T	0.00989	0.00067	0.98943
696 A	0.00965	0.00090	0.98944
697 G	0.00957	0.00097	0.98946
698 C	0.00949	0.00105	0.98946
699 G	0.00939	0.00119	0.98942
700 A	0.00933	0.00128	0.98939
701 A	0.00931	0.00132	0.98938
702 A	0.00928	0.00135	0.98937
703 G	0.00928	0.00136	0.98936
704 C	0.00929	0.00132	0.98939
705 T	0.00931	0.00130	0.98939
706 T	0.00932	0.00129	0.98939
707 T	0.00932	0.00129	0.98939
708 A	0.00932	0.00129	0.98939
709 G	0.00931	0.00129	0.9894
710 C	0.00930	0.00128	0.98942
711 T	0.00928	0.00130	0.98942
712 G	0.00922	0.00137	0.98942
713 G	0.00917	0.00141	0.98941
714 A	0.00914	0.00145	0.98941
715 G	0.00912	0.00146	0.98942
716 A	0.00912	0.00136	0.98952
717 A	0.00912	0.00125	0.98963
718 G	0.00912	0.00106	0.98983
719 C	0.00913	0.00083	0.99004
720 A	0.00914	0.00078	0.99009
721 A	0.00916	0.00070	0.99013
722 A	0.00921	0.00059	0.9902
723 T	0.00926	0.00049	0.99025
724 G	0.00927	0.00045	0.99028
725 T	0.00930	0.00039	0.99031
726 G	0.00930	0.00036	0.99034
727 C	0.00931	0.00034	0.99035
728 C	0.00933	0.00031	0.99036
729 T	0.00935	0.00030	0.99036
730 T	0.00935	0.00029	0.99036
731 T	0.00936	0.00028	0.99036
732 T	0.00936	0.00028	0.99036
733 T	0.00936	0.00028	0.99037
734 A	0.00936	0.00024	0.99039
735 T	0.00936	0.00017	0.99046
736 G	0.00937	0.00012	0.99052
737 T	0.00937	0.00007	0.99056
738 T	0.00937	0.00005	0.99057
739 G	0.00937	0.00004	0.99058
740 T	0.00937	0.00004	0.99058
741 T	0.00937	0.00004	0.9906
742 T	0.00936	0.00005	0.99059
743 C	0.00936	0.00005	0.99059
744 T	0.00935	0.00006	0.99059
745 G	0.00934	0.00007	0.99059
746 G	0.00933	0.00009	0.99059
747 T	0.00931	0.00010	0.99059
748 T	0.00929	0.00013	0.99058
749 C	0.00925	0.00017	0.99058
750 G	0.00922	0.00020	0.99058
751 G	0.00921	0.00021	0.99058
752 A	0.00921	0.00021	0.99058
753 A	0.00921	0.00021	0.99058
754 T	0.00921	0.00021	0.99058
755 T	0.00922	0.00020	0.99058
756 T	0.00922	0.00020	0.99059
757 C	0.00921	0.00020	0.99059
758 T	0.00921	0.00020	0.99059
759 T	0.00921	0.00020	0.99059
760 G	0.00921	0.00020	0.99059
761 A	0.00921	0.00020	0.99059
762 T	0.00921	0.00020	0.99059
763 C	0.00921	0.00020	0.99059
764 A	0.00921	0.00020	0.99059
765 G	0.00921	0.00019	0.9906
766 T	0.00921	0.00018	0.99061
767 A	0.00922	0.00018	0.99061
768 T	0.00922	0.00017	0.99062
769 T	0.00922	0.00014	0.99064
770 T	0.00922	0.00012	0.99066
771 T	0.00922	0.00010	0.99069
772 G	0.00921	0.00007	0.99072
773 G	0.00920	0.00007	0.99073
774 T	0.00920	0.00007	0.99073
775 G	0.00916	0.00013	0.99072
776 T	0.00912	0.00019	0.99069
777 T	0.00906	0.00027	0.99067
778 G	0.00895	0.00038	0.99067
779 G	0.00889	0.00045	0.99067
780 T	0.00887	0.00046	0.99066
781 G	0.00886	0.00048	0.99066
782 C	0.00885	0.00048	0.99066
783 T	0.00884	0.00049	0.99067
784 T	0.00882	0.00051	0.99067
785 C	0.00879	0.00054	0.99067
786 T	0.00876	0.00057	0.99067
787 C	0.00871	0.00063	0.99066
788 G	0.00867	0.00068	0.99065
789 T	0.00862	0.00074	0.99064
790 G	0.00850	0.00087	0.99064
791 T	0.00843	0.00094	0.99063
792 C	0.00820	0.00117	0.99062
793 A	0.00801	0.00140	0.99059
794 A	0.00790	0.00154	0.99056
795 A	0.00785	0.00162	0.99053
796 G	0.00782	0.00171	0.99047
797 A	0.00780	0.00188	0.99032
798 A	0.00780	0.00198	0.99022
799 T	0.00781	0.00209	0.9901
800 T	0.00779	0.00216	0.99005
801 A	0.00773	0.00239	0.98989
802 T	0.00771	0.00262	0.98968
803 T	0.00767	0.00290	0.98943
804 T	0.00761	0.00336	0.98904
805 A	0.00754	0.00415	0.98831
806 A	0.00750	0.00447	0.98803
807 A	0.00745	0.00464	0.98792
808 G	0.00743	0.00479	0.98778
809 A	0.00741	0.00494	0.98766
810 A	0.00735	0.00514	0.98752
811 A	0.00732	0.00520	0.98749
812 T	0.00731	0.00517	0.98752
813 T	0.00727	0.00513	0.9876
814 A	0.00721	0.00517	0.98762
815 G	0.00716	0.00510	0.98775
816 A	0.00715	0.00502	0.98784
817 A	0.00715	0.00495	0.9879
818 A	0.00718	0.00490	0.98792
819 A	0.00725	0.00480	0.98795
820 A	0.00742	0.00460	0.98798
821 A	0.00759	0.00439	0.98801
822 T	0.00782	0.00411	0.98808
823 G	0.00794	0.00391	0.98815
824 C	0.00824	0.00351	0.98825
825 T	0.00860	0.00312	0.98829
826 C	0.00883	0.00284	0.98833
827 C	0.00922	0.00243	0.98834
828 T	0.00992	0.00173	0.98835
829 T	0.01016	0.00148	0.98836
830 G	0.01025	0.00137	0.98838
831 T	0.01040	0.00121	0.98839
832 G	0.01052	0.00107	0.98841
833 T	0.01072	0.00079	0.9885
834 T	0.01081	0.00065	0.98853
835 T	0.01087	0.00057	0.98855
836 T	0.01090	0.00053	0.98857
837 A	0.01092	0.00051	0.98858
838 T	0.01095	0.00045	0.98861
839 T	0.01096	0.00044	0.98859
840 T	0.01094	0.00050	0.98856
841 A	0.01088	0.00062	0.9885
842 T	0.01082	0.00070	0.98848
843 T	0.01060	0.00096	0.98844
844 G	0.00995	0.00165	0.9884
845 A	0.00938	0.00230	0.98833
846 T	0.00897	0.00276	0.98827
847 G	0.00794	0.00390	0.98815
848 A	0.00717	0.00483	0.98799
849 A	0.00665	0.00551	0.98784
850 A	0.00639	0.00592	0.98769
851 T	0.00624	0.00619	0.98757
852 A	0.00593	0.00669	0.98738
853 G	0.00582	0.00682	0.98736
854 A	0.00575	0.00694	0.98731
855 T	0.00573	0.00695	0.98732
856 A	0.00570	0.00697	0.98733
857 C	0.00570	0.00695	0.98734
858 A	0.00570	0.00697	0.98733
859 C	0.00572	0.00693	0.98736
860 T	0.00575	0.00692	0.98734
861 G	0.00568	0.00702	0.9873
862 G	0.00570	0.00705	0.98725
863 G	0.00573	0.00706	0.98721
864 T	0.00577	0.00710	0.98713
865 A	0.00572	0.00725	0.98703
866 A	0.00570	0.00715	0.98716
867 A	0.00562	0.00672	0.98766
868 A	0.00556	0.00635	0.9881
869 A	0.00552	0.00602	0.98845
870 A	0.00557	0.00505	0.98939
871 A	0.00565	0.00437	0.98998
872 G	0.00578	0.00380	0.99042
873 A	0.00592	0.00361	0.99047
874 G	0.00603	0.00338	0.9906
875 G	0.00619	0.00305	0.99077
876 A	0.00622	0.00313	0.99065
877 T	0.00627	0.00321	0.99053
878 C	0.00624	0.00333	0.99043
879 G	0.00621	0.00404	0.98976
880 A	0.00621	0.00421	0.98958
881 T	0.00622	0.00425	0.98952
882 A	0.00621	0.00436	0.98943
883 G	0.00623	0.00438	0.98939
884 C	0.00629	0.00428	0.98943
885 A	0.00634	0.00440	0.98927
886 A	0.00640	0.00455	0.98905
887 A	0.00653	0.00451	0.98895
888 T	0.00675	0.00433	0.98892
889 G	0.00682	0.00456	0.98862
890 A	0.00689	0.00442	0.98869
891 T	0.00701	0.00421	0.98878
892 G	0.00705	0.00412	0.98883
893 A	0.00710	0.00405	0.98885
894 C	0.00721	0.00391	0.98888
895 G	0.00730	0.00386	0.98884
896 G	0.00749	0.00371	0.98881
897 A	0.00760	0.00365	0.98875
898 A	0.00777	0.00348	0.98875
899 G	0.00808	0.00316	0.98875
900 T	0.00840	0.00282	0.98878
901 A	0.00855	0.00264	0.9888
902 C	0.00909	0.00207	0.98883
903 T	0.00924	0.00201	0.98875
904 A	0.00925	0.00208	0.98866
905 T	0.00934	0.00201	0.98865
906 T	0.00935	0.00200	0.98864
907 A	0.00927	0.00209	0.98864
908 A	0.00930	0.00205	0.98865
909 C	0.00950	0.00183	0.98867
910 C	0.00961	0.00172	0.98867
911 A	0.00971	0.00163	0.98866
912 A	0.01005	0.00129	0.98866
913 C	0.01016	0.00117	0.98866
914 T	0.01025	0.00109	0.98866
915 T	0.01031	0.00102	0.98866
916 C	0.01035	0.00096	0.98868
917 T	0.01040	0.00091	0.98869
918 T	0.01042	0.00088	0.98869
919 A	0.01043	0.00086	0.9887
920 C	0.01046	0.00082	0.98871
921 T	0.01047	0.00082	0.98871
922 G	0.01047	0.00081	0.98871
923 A	0.01048	0.00081	0.98871
924 A	0.01049	0.00079	0.98872
925 A	0.01051	0.00077	0.98873
926 T	0.01060	0.00060	0.9888
927 G	0.01067	0.00047	0.98886
928 G	0.01068	0.00044	0.98888
929 A	0.01069	0.00045	0.98886
930 T	0.01070	0.00041	0.98889
931 G	0.01070	0.00041	0.9889
932 G	0.01070	0.00039	0.98891
933 T	0.01070	0.00039	0.98891
934 T	0.01071	0.00038	0.98892
935 T	0.01070	0.00038	0.98893
936 C	0.01069	0.00038	0.98893
937 T	0.01069	0.00039	0.98893
938 C	0.01068	0.00040	0.98893
939 T	0.01068	0.00040	0.98892
940 T	0.01067	0.00041	0.98892
941 C	0.01066	0.00042	0.98892
942 G	0.01066	0.00042	0.98892
943 T	0.01065	0.00043	0.98892
944 C	0.01065	0.00044	0.98892
945 T	0.01064	0.00045	0.98891
946 A	0.01064	0.00048	0.98889
947 A	0.01063	0.00048	0.98888
948 A	0.01064	0.00048	0.98888
949 G	0.01064	0.00048	0.98887
950 G	0.01066	0.00046	0.98889
951 A	0.01070	0.00041	0.98889
952 A	0.01076	0.00036	0.98889
953 T	0.01083	0.00028	0.98888
954 T	0.01088	0.00023	0.98889
955 A	0.01089	0.00024	0.98887
956 T	0.01089	0.00025	0.98885
957 T	0.01089	0.00029	0.98881
958 G	0.01089	0.00037	0.98874
959 T	0.01089	0.00041	0.9887
960 T	0.01089	0.00048	0.98863
961 G	0.01088	0.00059	0.98853
962 T	0.01088	0.00066	0.98847
963 T	0.01081	0.00083	0.98836
964 G	0.01073	0.00093	0.98835
965 G	0.01071	0.00096	0.98834
966 A	0.01070	0.00098	0.98832
967 G	0.01070	0.00097	0.98833
968 C	0.01071	0.00096	0.98833
969 T	0.01073	0.00095	0.98832
970 A	0.01071	0.00100	0.98829
971 C	0.01071	0.00102	0.98826
972 T	0.01071	0.00114	0.98815
973 A	0.01070	0.00128	0.98802
974 A	0.01070	0.00141	0.98789
975 T	0.01070	0.00149	0.9878
976 A	0.01070	0.00153	0.98777
977 G	0.01071	0.00153	0.98776
978 A	0.01073	0.00152	0.98776
979 G	0.01076	0.00149	0.98775
980 C	0.01082	0.00143	0.98775
981 T	0.01093	0.00133	0.98774
982 G	0.01098	0.00130	0.98773
983 A	0.01104	0.00123	0.98772
984 T	0.01115	0.00112	0.98773
985 A	0.01120	0.00107	0.98773
986 T	0.01129	0.00091	0.9878
987 C	0.01130	0.00083	0.98787
988 T	0.01131	0.00083	0.98786
989 T	0.01132	0.00086	0.98782
990 A	0.01131	0.00093	0.98776
991 G	0.01131	0.00094	0.98775
992 A	0.01132	0.00096	0.98771
993 T	0.01135	0.00093	0.98773
994 G	0.01132	0.00095	0.98773
995 C	0.01140	0.00087	0.98773
996 A	0.01148	0.00081	0.98771
997 G	0.01159	0.00071	0.9877
998 C	0.01167	0.00066	0.98768
999 T	0.01172	0.00071	0.98757
1000 T	0.01173	0.00091	0.98736
1001 T	0.01174	0.00110	0.98717
1002 A	0.01172	0.00147	0.98681
1003 T	0.01168	0.00185	0.98646
1004 T	0.01158	0.00243	0.98598
1005 A	0.01125	0.00293	0.98581
1006 A	0.01107	0.00314	0.98579
1007 G	0.01100	0.00322	0.98578
1008 A	0.01093	0.00329	0.98577
1009 C	0.01090	0.00332	0.98578
1010 C	0.01089	0.00335	0.98577
1011 A	0.01089	0.00341	0.9857
1012 G	0.01085	0.00350	0.98565
1013 G	0.01083	0.00362	0.98554
1014 A	0.01083	0.00388	0.98529
1015 A	0.01085	0.00399	0.98515
1016 G	0.01087	0.00395	0.98518
1017 A	0.01089	0.00391	0.9852
1018 T	0.01092	0.00387	0.98521
1019 T	0.01096	0.00383	0.98522
1020 C	0.01096	0.00384	0.98519
1021 G	0.01098	0.00391	0.98511
1022 A	0.01108	0.00390	0.98501
1023 T	0.01131	0.00373	0.98496
1024 A	0.01149	0.00362	0.98489
1025 G	0.01181	0.00329	0.9849
1026 A	0.01214	0.00293	0.98492
1027 A	0.01257	0.00242	0.98502
1028 T	0.01275	0.00189	0.98536
1029 C	0.01278	0.00169	0.98552
1030 T	0.01281	0.00167	0.98552
1031 T	0.01282	0.00169	0.98549
1032 T	0.01279	0.00177	0.98544
1033 A	0.01268	0.00195	0.98537
1034 A	0.01265	0.00203	0.98533
1035 A	0.01265	0.00200	0.98535
1036 G	0.01272	0.00192	0.98536
1037 T	0.01296	0.00181	0.98524
1038 A	0.01305	0.00190	0.98505
1039 G	0.01308	0.00209	0.98484
1040 A	0.01312	0.00225	0.98463
1041 T	0.01320	0.00220	0.9846
1042 T	0.01323	0.00218	0.98459
1043 T	0.01306	0.00237	0.98457
1044 G	0.01292	0.00254	0.98455
1045 C	0.01292	0.00261	0.98446
1046 C	0.01289	0.00277	0.98434
1047 A	0.01284	0.00335	0.98381
1048 G	0.01282	0.00364	0.98354
1049 A	0.01286	0.00378	0.98336
1050 T	0.01291	0.00382	0.98327
1051 G	0.01292	0.00389	0.98319
1052 T	0.01295	0.00394	0.98312
1053 T	0.01292	0.00407	0.983
1054 A	0.01284	0.00419	0.98297
1055 A	0.01274	0.00431	0.98295
1056 A	0.01265	0.00430	0.98304
1057 G	0.01262	0.00427	0.98312
1058 C	0.01264	0.00420	0.98316
1059 A	0.01270	0.00415	0.98315
1060 C	0.01283	0.00401	0.98316
1061 G	0.01300	0.00388	0.98312
1062 T	0.01322	0.00372	0.98306
1063 G	0.01338	0.00359	0.98304
1064 A	0.01343	0.00355	0.98302
1065 A	0.01348	0.00350	0.98302
1066 G	0.01357	0.00313	0.9833
1067 C	0.01372	0.00280	0.98348
1068 T	0.01398	0.00258	0.98344
1069 A	0.01413	0.00263	0.98324
1070 T	0.01462	0.00221	0.98317
1071 T	0.01482	0.00225	0.98293
1072 T	0.01489	0.00270	0.98242
1073 T	0.01486	0.00374	0.9814
1074 A	0.01463	0.00538	0.97999
1075 A	0.01453	0.00793	0.97754
1076 A	0.01452	0.00871	0.97677
1077 A	0.01449	0.00878	0.97673
1078 G	0.01451	0.00873	0.97676
1079 T	0.01454	0.00861	0.97686
1080 T	0.01452	0.00862	0.97686
1081 C	0.01450	0.00863	0.97686
1082 A	0.01449	0.00874	0.97677
1083 T	0.01451	0.00872	0.97677
1084 G	0.01453	0.00870	0.97676
1085 C	0.01459	0.00867	0.97674
1086 T	0.01461	0.00882	0.97657
1087 C	0.01461	0.00907	0.97632
1088 G	0.01462	0.00960	0.97579
1089 T	0.01462	0.01056	0.97482
1090 A	0.01458	0.01185	0.97357
1091 A	0.01464	0.01232	0.97304
1092 T	0.01488	0.01268	0.97244
1093 A	0.01497	0.01471	0.97032
1094 A	0.01523	0.01530	0.96946
1095 A	0.01578	0.01506	0.96915
1096 A	0.01683	0.01423	0.96894
1097 A	0.01819	0.01277	0.96904
1098 T	0.02074	0.01019	0.96907
1099 A	0.02141	0.00948	0.96911
1100 T	0.02160	0.00919	0.96921
1101 T	0.02169	0.00906	0.96925
1102 T	0.02174	0.00899	0.96927
1103 C	0.02176	0.00895	0.96928
1104 A	0.02178	0.00894	0.96928
1105 T	0.02188	0.00883	0.96929
1106 C	0.02188	0.00883	0.96928
1107 T	0.02193	0.00884	0.96923
1108 G	0.02206	0.00878	0.96916
1109 A	0.02242	0.00854	0.96904
1110 T	0.02293	0.00816	0.96891
1111 A	0.02344	0.00795	0.96861
1112 T	0.02446	0.00711	0.96843
1113 T	0.02563	0.00615	0.96823
1114 A	0.02598	0.00626	0.96775
1115 A	0.02643	0.00622	0.96735
1116 T	0.02869	0.00398	0.96732
1117 T	0.02949	0.00329	0.96722
1118 T	0.02968	0.00320	0.96712
1119 T	0.02977	0.00312	0.96711
1120 C	0.02975	0.00317	0.96709
1121 A	0.02971	0.00331	0.96698
1122 T	0.02967	0.00342	0.9669
1123 C	0.02954	0.00371	0.96675
1124 A	0.02914	0.00483	0.96603
1125 A	0.02767	0.00708	0.96525
1126 T	0.02714	0.00767	0.96519
1127 T	0.02602	0.00888	0.96509
1128 A	0.02125	0.01381	0.96494
1129 G	0.01977	0.01541	0.96482
1130 C	0.01906	0.01624	0.9647
1131 G	0.01851	0.01700	0.96449
1132 A	0.01825	0.01760	0.96416
1133 A	0.01815	0.01796	0.96389
1134 A	0.01834	0.01802	0.96364
1135 C	0.01853	0.01788	0.9636
1136 A	0.01874	0.01775	0.96352
1137 A	0.01915	0.01732	0.96353
1138 A	0.01954	0.01691	0.96355
1139 C	0.01969	0.01674	0.96357
1140 T	0.01982	0.01660	0.96358
1141 C	0.01989	0.01644	0.96368
1142 C	0.01980	0.01651	0.96369
1143 A	0.01971	0.01670	0.96359
1144 G	0.01975	0.01677	0.96349
1145 G	0.01979	0.01692	0.96328
1146 A	0.01994	0.01740	0.96266
1147 A	0.02056	0.01696	0.96248
1148 T	0.02129	0.01424	0.96447
1149 G	0.02136	0.01364	0.96501
1150 A	0.02146	0.01281	0.96573
1151 G	0.02161	0.00856	0.96983
1152 T	0.02176	0.00755	0.97068
1153 G	0.02182	0.00696	0.97123
1154 G	0.02199	0.00652	0.97149
1155 A	0.02230	0.00599	0.97171
1156 G	0.02252	0.00555	0.97193
1157 C	0.02270	0.00526	0.97204
1158 T	0.02274	0.00553	0.97173
1159 C	0.02272	0.00674	0.97055
1160 A	0.02262	0.01366	0.96372
1161 A	0.02259	0.01691	0.96049
1162 T	0.02258	0.02045	0.95696
1163 T	0.02256	0.02278	0.95466
1164 A	0.02252	0.02431	0.95316
1165 G	0.02254	0.02459	0.95287
1166 G	0.02265	0.02451	0.95283
1167 A	0.02276	0.02450	0.95274
1168 G	0.02305	0.02425	0.9527
1169 C	0.02384	0.02348	0.95269
1170 T	0.02461	0.02287	0.95251
1171 G	0.02484	0.02275	0.9524
1172 T	0.02529	0.02240	0.9523
1173 T	0.02568	0.02215	0.95217
1174 T	0.02602	0.02198	0.95201
1175 T	0.02623	0.02198	0.95179
1176 A	0.02624	0.02232	0.95144
1177 A	0.02630	0.02236	0.95134
1178 A	0.02636	0.02239	0.95124
1179 T	0.02644	0.02238	0.95119
1180 G	0.02655	0.02225	0.95119
1181 A	0.02708	0.02176	0.95116
1182 A	0.02899	0.01985	0.95116
1183 G	0.03583	0.01291	0.95126
1184 C	0.03921	0.00948	0.95131
1185 T	0.04291	0.00582	0.95127
1186 T	0.04477	0.00402	0.9512
1187 C	0.04556	0.00334	0.95109
1188 T	0.04599	0.00341	0.9506
1189 A	0.04602	0.00445	0.94952
1190 T	0.04598	0.00564	0.94839
1191 T	0.04551	0.00762	0.94687
1192 T	0.04399	0.00999	0.94602
1193 T	0.04057	0.01533	0.94409
1194 A	0.02737	0.03098	0.94165
1195 A	0.02018	0.03911	0.94071
1196 C	0.01581	0.04415	0.94005
1197 A	0.01105	0.05180	0.93716
1198 G	0.00904	0.05570	0.93526
1199 T	0.00848	0.05781	0.93371
1200 A	0.00660	0.06167	0.93174
1201 A	0.00590	0.06348	0.93062
1202 G	0.00541	0.06409	0.93049
1203 A	0.00500	0.06453	0.93047
1204 A	0.00482	0.06470	0.93048
1205 A	0.00473	0.06478	0.93049
1206 C	0.00461	0.06490	0.93048
1207 C	0.00448	0.06515	0.93037
1208 A	0.00437	0.06571	0.92993
1209 A	0.00433	0.06621	0.92946
1210 A	0.00430	0.06667	0.92904
1211 A	0.00453	0.06676	0.92871
1212 A	0.00544	0.06589	0.92866
1213 G	0.00652	0.06400	0.92947
1214 A	0.00774	0.06146	0.9308
1215 A	0.00890	0.05735	0.93375
1216 A	0.01150	0.05054	0.93796
1217 T	0.01523	0.03468	0.95009
1218 G	0.01607	0.02849	0.95544
1219 A	0.01669	0.02418	0.95912
1220 T	0.01865	0.01820	0.96315
1221 T	0.01974	0.01656	0.96371
1222 A	0.02004	0.01705	0.96291
1223 C	0.02032	0.01632	0.96336
1224 A	0.01964	0.02212	0.95824
1225 A	0.01905	0.02579	0.95516
1226 T	0.01845	0.02906	0.95249
1227 G	0.01532	0.03488	0.9498
1228 G	0.01096	0.04331	0.94573
1229 A	0.00889	0.04912	0.94199
1230 A	0.00865	0.05213	0.93922
1231 G	0.00878	0.05883	0.93239
1232 A	0.00906	0.06181	0.92913
1233 A	0.00943	0.06286	0.92771
1234 T	0.00974	0.06362	0.92664
1235 T	0.00973	0.06427	0.92599
1236 A	0.00959	0.06507	0.92534
1237 G	0.00953	0.06535	0.92512
1238 A	0.00948	0.06562	0.9249
1239 A	0.00950	0.06571	0.92478
1240 G	0.00973	0.06538	0.9249
1241 A	0.01046	0.06438	0.92517
1242 A	0.01093	0.06351	0.92556
1243 G	0.01196	0.06201	0.92604
1244 C	0.01392	0.05935	0.92673
1245 A	0.01588	0.05700	0.92711
1246 A	0.01758	0.05426	0.92816
1247 T	0.02422	0.04629	0.9295
1248 T	0.02830	0.04157	0.93013
1249 G	0.03080	0.03857	0.93063
1250 A	0.03316	0.03304	0.93381
1251 T	0.03764	0.02393	0.93843
1252 C	0.04061	0.01906	0.94034
1253 G	0.04328	0.01636	0.94037
1254 T	0.05023	0.00974	0.94003
1255 G	0.05255	0.00850	0.93896
1256 T	0.05391	0.00980	0.9363
1257 T	0.05420	0.01085	0.93495
1258 T	0.05360	0.01310	0.93331
1259 T	0.05096	0.01949	0.92956
1260 A	0.04483	0.03154	0.92363
1261 A	0.04282	0.03548	0.92171
1262 T	0.04207	0.03685	0.92108
1263 A	0.03662	0.04247	0.92092
1264 G	0.03389	0.04520	0.9209
1265 G	0.03111	0.04802	0.92087
1266 T	0.02843	0.05072	0.92085
1267 C	0.02316	0.05599	0.92085
1268 C	0.02123	0.05793	0.92084
1269 A	0.01966	0.05957	0.92076
1270 G	0.01915	0.06013	0.92072
1271 C	0.01888	0.06045	0.92068
1272 T	0.01869	0.06079	0.92053
1273 A	0.01828	0.06148	0.92024
1274 A	0.01796	0.06205	0.91999
1275 A	0.01777	0.06249	0.91974
1276 A	0.01777	0.06244	0.91979
1277 A	0.01816	0.06150	0.92034
1278 A	0.01966	0.05864	0.9217
1279 T	0.02375	0.05331	0.92294
1280 C	0.02519	0.05005	0.92476
1281 A	0.02660	0.04841	0.92498
1282 A	0.02933	0.04443	0.92624
1283 T	0.03398	0.03594	0.93008
1284 T	0.03446	0.03535	0.93019
1285 A	0.03182	0.04049	0.92769
1286 A	0.03014	0.04170	0.92816
1287 A	0.02797	0.04634	0.92569
1288 T	0.02692	0.04468	0.92839
1289 A	0.02506	0.04541	0.92952
1290 T	0.02414	0.04288	0.93298
1291 A	0.02263	0.04386	0.93351
1292 C	0.02231	0.04353	0.93416
1293 T	0.02202	0.04759	0.93038
1294 G	0.02136	0.05224	0.9264
1295 A	0.02111	0.05767	0.92123
1296 A	0.02121	0.05926	0.91953
1297 G	0.02126	0.06071	0.91802
1298 A	0.02143	0.06144	0.91713
1299 A	0.02147	0.06194	0.91659
1300 G	0.02151	0.06254	0.91595
1301 A	0.02164	0.06296	0.9154
1302 A	0.02177	0.06322	0.91502
1303 A	0.02190	0.06309	0.91501
1304 G	0.02259	0.06212	0.91529
1305 A	0.02375	0.06101	0.91523
1306 A	0.02494	0.05972	0.91535
1307 A	0.02649	0.05762	0.9159
1308 A	0.02940	0.05218	0.91842
1309 A	0.03441	0.04518	0.92042
1310 T	0.03976	0.03707	0.92317
1311 G	0.04029	0.03513	0.92458
1312 G	0.04223	0.03161	0.92616
1313 T	0.04508	0.02790	0.92702
1314 C	0.04673	0.02515	0.92812
1315 G	0.04805	0.02418	0.92777
1316 C	0.05226	0.02002	0.92771
1317 T	0.05628	0.01609	0.92763
1318 T	0.05955	0.01289	0.92757
1319 A	0.06014	0.01248	0.92738
1320 C	0.05942	0.01328	0.92729
1321 C	0.05771	0.01545	0.92685
1322 A	0.05577	0.01831	0.92591
1323 T	0.05530	0.01975	0.92495
1324 G	0.04913	0.02622	0.92465
1325 A	0.04698	0.02850	0.92452
1326 A	0.04552	0.02998	0.9245
1327 G	0.04426	0.03098	0.92476
1328 C	0.04326	0.03190	0.92484
