# lcl|CP097583.1_cds_USQ93467.1_1
# AA	inside	membr	outside
1 T	0.08012	0.00000	0.91988
2 T	0.07957	0.00056	0.91988
3 G	0.07898	0.00114	0.91988
4 A	0.07898	0.00270	0.91833
5 A	0.07468	0.00775	0.91757
6 T	0.07468	0.00783	0.9175
7 A	0.06563	0.01690	0.91747
8 A	0.06563	0.01690	0.91747
9 A	0.06507	0.01747	0.91746
10 T	0.06507	0.01822	0.91671
11 T	0.06488	0.01845	0.91667
12 T	0.06012	0.02326	0.91663
13 G	0.04532	0.03832	0.91637
14 T	0.04532	0.03832	0.91637
15 A	0.04532	0.03942	0.91527
16 A	0.04521	0.03953	0.91527
17 G	0.04507	0.03967	0.91526
18 T	0.04506	0.03969	0.91524
19 T	0.04497	0.03981	0.91522
20 T	0.04443	0.04101	0.91456
21 A	0.04306	0.04236	0.91458
22 A	0.04309	0.04231	0.9146
23 T	0.04319	0.04197	0.91485
24 T	0.04334	0.04166	0.915
25 A	0.04343	0.04031	0.91626
26 T	0.04359	0.03896	0.91746
27 T	0.04478	0.03617	0.91905
28 T	0.04523	0.03226	0.92251
29 T	0.04523	0.03177	0.923
30 A	0.04508	0.02614	0.92877
31 G	0.04495	0.02512	0.92993
32 A	0.04488	0.02382	0.9313
33 T	0.04546	0.02027	0.93427
34 G	0.04515	0.01969	0.93517
35 G	0.04511	0.01579	0.93911
36 T	0.04523	0.00638	0.9484
37 T	0.04480	0.00704	0.94816
38 T	0.04393	0.00835	0.94773
39 A	0.04114	0.01358	0.94528
40 G	0.04008	0.01622	0.9437
41 G	0.03947	0.01758	0.94296
42 G	0.03893	0.02039	0.94068
43 T	0.03914	0.02024	0.94062
44 T	0.03859	0.02096	0.94045
45 A	0.03784	0.02336	0.9388
46 T	0.03757	0.02372	0.93871
47 C	0.03720	0.02415	0.93865
48 T	0.03700	0.02449	0.93851
49 T	0.03669	0.02506	0.93825
50 C	0.03628	0.02574	0.93797
51 T	0.03582	0.02639	0.93779
52 A	0.03421	0.02832	0.93747
53 A	0.03285	0.02974	0.93741
54 A	0.03212	0.03044	0.93744
55 A	0.03172	0.03084	0.93745
56 A	0.03087	0.03138	0.93775
57 A	0.03064	0.03111	0.93825
58 G	0.03067	0.03051	0.93881
59 A	0.03089	0.02995	0.93916
60 A	0.03136	0.02893	0.9397
61 A	0.03207	0.02704	0.9409
62 A	0.03477	0.02197	0.94326
63 T	0.03682	0.01886	0.94432
64 A	0.03770	0.01737	0.94493
65 A	0.03977	0.01461	0.94562
66 T	0.04042	0.01333	0.94625
67 G	0.04123	0.01179	0.94698
68 C	0.04272	0.00950	0.94777
69 T	0.04316	0.00883	0.94801
70 T	0.04339	0.00829	0.94832
71 T	0.04349	0.00799	0.94853
72 T	0.04343	0.00774	0.94883
73 C	0.04313	0.00770	0.94917
74 A	0.04259	0.00777	0.94964
75 T	0.04255	0.00640	0.95104
76 T	0.04204	0.00579	0.95217
77 T	0.04123	0.00608	0.95269
78 A	0.04064	0.00643	0.95293
79 G	0.04010	0.00609	0.95381
80 C	0.03977	0.00610	0.95414
81 T	0.03966	0.00623	0.95411
82 A	0.03948	0.00641	0.95412
83 A	0.03939	0.00648	0.95413
84 A	0.03940	0.00644	0.95416
85 A	0.03946	0.00635	0.95419
86 C	0.03956	0.00609	0.95435
87 T	0.03962	0.00597	0.95442
88 C	0.03964	0.00591	0.95445
89 C	0.03965	0.00590	0.95446
90 T	0.03967	0.00588	0.95444
91 T	0.03968	0.00590	0.95442
92 A	0.03968	0.00590	0.95442
93 T	0.03968	0.00589	0.95443
94 T	0.03966	0.00584	0.95449
95 T	0.03965	0.00551	0.95485
96 A	0.03963	0.00503	0.95534
97 G	0.03967	0.00421	0.95612
98 A	0.03974	0.00369	0.95657
99 T	0.03979	0.00280	0.95741
100 C	0.03981	0.00184	0.95835
101 A	0.03985	0.00147	0.95867
102 T	0.03990	0.00106	0.95904
103 C	0.03992	0.00082	0.95927
104 T	0.03998	0.00072	0.9593
105 T	0.03997	0.00069	0.95934
106 T	0.03997	0.00059	0.95944
107 T	0.03995	0.00056	0.95949
108 G	0.03986	0.00064	0.95951
109 G	0.03981	0.00066	0.95953
110 C	0.03978	0.00069	0.95953
111 T	0.03975	0.00076	0.95949
112 A	0.03969	0.00088	0.95944
113 A	0.03967	0.00090	0.95942
114 T	0.03967	0.00089	0.95943
115 T	0.03967	0.00089	0.95945
116 T	0.03962	0.00089	0.95949
117 C	0.03954	0.00092	0.95954
118 C	0.03951	0.00093	0.95956
119 C	0.03948	0.00096	0.95956
120 T	0.03940	0.00104	0.95955
121 A	0.03926	0.00118	0.95955
122 A	0.03919	0.00126	0.95955
123 T	0.03911	0.00134	0.95956
124 A	0.03893	0.00151	0.95957
125 C	0.03883	0.00157	0.9596
126 T	0.03879	0.00159	0.95962
127 A	0.03870	0.00167	0.95963
128 C	0.03838	0.00196	0.95966
129 T	0.03819	0.00215	0.95966
130 T	0.03787	0.00247	0.95966
131 T	0.03691	0.00337	0.95972
132 A	0.03490	0.00535	0.95975
133 C	0.03395	0.00628	0.95977
134 A	0.03321	0.00699	0.9598
135 A	0.03290	0.00724	0.95987
136 G	0.03273	0.00736	0.95992
137 C	0.03263	0.00742	0.95995
138 T	0.03259	0.00746	0.95996
139 T	0.03252	0.00746	0.96001
140 C	0.03243	0.00749	0.96009
141 T	0.03238	0.00751	0.96011
142 G	0.03231	0.00758	0.96011
143 G	0.03220	0.00762	0.96018
144 A	0.03194	0.00780	0.96026
145 C	0.03139	0.00830	0.9603
146 A	0.03090	0.00876	0.96034
147 A	0.03070	0.00882	0.96049
148 G	0.03055	0.00888	0.96056
149 A	0.03044	0.00898	0.96058
150 A	0.03035	0.00896	0.96069
151 G	0.03030	0.00830	0.96141
152 T	0.03020	0.00791	0.96188
153 A	0.03002	0.00774	0.96224
154 G	0.02992	0.00693	0.96316
155 G	0.02988	0.00544	0.96468
156 A	0.02985	0.00480	0.96535
157 T	0.02984	0.00414	0.96602
158 T	0.02979	0.00384	0.96637
159 A	0.02960	0.00385	0.96655
160 C	0.02914	0.00413	0.96673
161 C	0.02897	0.00425	0.96679
162 C	0.02876	0.00445	0.96678
163 G	0.02851	0.00491	0.96658
164 A	0.02838	0.00549	0.96614
165 A	0.02827	0.00564	0.96608
166 G	0.02796	0.00590	0.96614
167 G	0.02762	0.00599	0.96638
168 T	0.02748	0.00558	0.96694
169 C	0.02731	0.00552	0.96716
170 A	0.02714	0.00587	0.96698
171 A	0.02709	0.00615	0.96675
172 A	0.02707	0.00633	0.96659
173 T	0.02707	0.00624	0.96669
174 G	0.02700	0.00627	0.96674
175 G	0.02697	0.00614	0.9669
176 G	0.02687	0.00605	0.96708
177 C	0.02676	0.00608	0.96716
178 A	0.02652	0.00641	0.96708
179 A	0.02640	0.00650	0.9671
180 T	0.02629	0.00656	0.96715
181 A	0.02605	0.00675	0.96721
182 G	0.02581	0.00680	0.96739
183 C	0.02565	0.00637	0.96798
184 G	0.02558	0.00631	0.96812
185 A	0.02550	0.00627	0.96824
186 A	0.02562	0.00601	0.96838
187 G	0.02598	0.00553	0.96849
188 T	0.02605	0.00539	0.96856
189 A	0.02606	0.00501	0.96893
190 G	0.02611	0.00453	0.96936
191 G	0.02626	0.00417	0.96957
192 T	0.02659	0.00367	0.96974
193 C	0.02675	0.00338	0.96986
194 A	0.02695	0.00332	0.96973
195 T	0.02709	0.00327	0.96964
196 T	0.02698	0.00346	0.96957
197 T	0.02679	0.00371	0.9695
198 A	0.02615	0.00448	0.96937
199 A	0.02593	0.00460	0.96948
200 A	0.02582	0.00453	0.96965
201 T	0.02578	0.00422	0.97
202 T	0.02532	0.00452	0.97017
203 T	0.02458	0.00515	0.97028
204 A	0.02364	0.00595	0.97041
205 G	0.02296	0.00643	0.97062
206 G	0.02247	0.00678	0.97075
207 A	0.02223	0.00694	0.97082
208 G	0.02211	0.00697	0.97092
209 C	0.02179	0.00721	0.97099
210 T	0.02156	0.00745	0.97099
211 G	0.02104	0.00799	0.97097
212 G	0.02070	0.00834	0.97096
213 A	0.02047	0.00861	0.97092
214 A	0.02036	0.00878	0.97086
215 G	0.02036	0.00874	0.97089
216 A	0.02040	0.00865	0.97096
217 G	0.02058	0.00837	0.97106
218 T	0.02076	0.00808	0.97116
219 T	0.02080	0.00798	0.97123
220 A	0.02077	0.00795	0.97128
221 T	0.02083	0.00743	0.97174
222 T	0.02075	0.00725	0.97201
223 G	0.02029	0.00750	0.97221
224 A	0.02001	0.00749	0.9725
225 T	0.01984	0.00706	0.9731
226 C	0.01925	0.00701	0.97374
227 A	0.01872	0.00738	0.97389
228 A	0.01847	0.00734	0.97419
229 T	0.01843	0.00707	0.9745
230 A	0.01834	0.00709	0.97456
231 T	0.01832	0.00704	0.97464
232 T	0.01825	0.00670	0.97505
233 T	0.01816	0.00656	0.97529
234 G	0.01717	0.00722	0.97561
235 A	0.01657	0.00796	0.97547
236 A	0.01642	0.00819	0.97539
237 T	0.01633	0.00869	0.97498
238 A	0.01618	0.00983	0.97399
239 A	0.01610	0.01088	0.97302
240 A	0.01603	0.01191	0.97207
241 A	0.01579	0.01333	0.97088
242 T	0.01569	0.01427	0.97004
243 A	0.01466	0.01613	0.96921
244 A	0.01442	0.01709	0.96848
245 A	0.01424	0.01753	0.96823
246 T	0.01420	0.01732	0.96848
247 A	0.01408	0.01718	0.96874
248 A	0.01409	0.01693	0.96899
249 A	0.01406	0.01641	0.96952
250 T	0.01437	0.01553	0.9701
251 C	0.01441	0.01523	0.97036
252 T	0.01449	0.01511	0.9704
253 A	0.01448	0.01509	0.97044
254 T	0.01451	0.01497	0.97053
255 T	0.01443	0.01496	0.97061
256 A	0.01411	0.01519	0.9707
257 G	0.01404	0.01425	0.97171
258 C	0.01423	0.01345	0.97232
259 A	0.01433	0.01326	0.97242
260 C	0.01479	0.01270	0.97252
261 A	0.01578	0.01177	0.97245
262 A	0.01680	0.01070	0.9725
263 A	0.01786	0.00961	0.97253
264 A	0.01929	0.00785	0.97286
265 T	0.02042	0.00645	0.97313
266 C	0.02129	0.00423	0.97448
267 T	0.02208	0.00308	0.97484
268 T	0.02244	0.00252	0.97504
269 T	0.02257	0.00229	0.97514
270 T	0.02256	0.00220	0.97525
271 T	0.02251	0.00223	0.97527
272 T	0.02236	0.00224	0.9754
273 T	0.02207	0.00255	0.97538
274 G	0.02182	0.00280	0.97537
275 T	0.02173	0.00324	0.97503
276 T	0.02150	0.00382	0.97467
277 A	0.02111	0.00440	0.97449
278 A	0.02080	0.00489	0.97431
279 T	0.02015	0.00550	0.97435
280 G	0.01893	0.00674	0.97433
281 A	0.01823	0.00747	0.97429
282 A	0.01808	0.00757	0.97435
283 G	0.01799	0.00761	0.9744
284 C	0.01803	0.00753	0.97444
285 G	0.01804	0.00771	0.97425
286 T	0.01807	0.00783	0.9741
287 T	0.01807	0.00793	0.97399
288 T	0.01806	0.00812	0.97382
289 T	0.01802	0.00836	0.97362
290 T	0.01792	0.00870	0.97338
291 A	0.01642	0.01050	0.97308
292 A	0.01534	0.01162	0.97304
293 A	0.01423	0.01273	0.97304
294 A	0.01280	0.01404	0.97316
295 G	0.01183	0.01475	0.97342
296 C	0.01152	0.01467	0.97381
297 G	0.01122	0.01500	0.97377
298 A	0.01129	0.01520	0.97351
299 T	0.01160	0.01488	0.97352
300 A	0.01148	0.01482	0.9737
301 A	0.01120	0.01489	0.97391
302 A	0.01133	0.01401	0.97467
303 G	0.01137	0.01273	0.9759
304 C	0.01142	0.01205	0.97654
305 A	0.01145	0.01204	0.97651
306 T	0.01148	0.01211	0.97641
307 G	0.01065	0.01312	0.97623
308 C	0.00968	0.01429	0.97603
309 T	0.00930	0.01515	0.97555
310 A	0.00791	0.01725	0.97484
311 A	0.00708	0.01857	0.97435
312 A	0.00670	0.01937	0.97393
313 A	0.00655	0.01959	0.97386
314 A	0.00563	0.01896	0.97541
315 A	0.00496	0.01850	0.97653
316 A	0.00459	0.01768	0.97773
317 A	0.00433	0.01650	0.97917
318 C	0.00417	0.01554	0.98029
319 A	0.00402	0.01551	0.98047
320 A	0.00399	0.01524	0.98077
321 T	0.00416	0.01480	0.98104
322 A	0.00403	0.01481	0.98115
323 G	0.00386	0.01477	0.98136
324 C	0.00372	0.01436	0.98192
325 A	0.00362	0.01439	0.98199
326 A	0.00356	0.01436	0.98208
327 A	0.00356	0.01423	0.9822
328 A	0.00377	0.01390	0.98234
329 T	0.00418	0.01331	0.98252
330 A	0.00448	0.01174	0.98378
331 C	0.00480	0.00977	0.98544
332 A	0.00523	0.00882	0.98596
333 T	0.00590	0.00697	0.98712
334 T	0.00627	0.00597	0.98777
335 T	0.00657	0.00530	0.98813
336 A	0.00662	0.00504	0.98835
337 T	0.00661	0.00375	0.98964
338 T	0.00656	0.00304	0.99039
339 A	0.00646	0.00270	0.99084
340 G	0.00645	0.00236	0.9912
341 G	0.00646	0.00212	0.99142
342 A	0.00658	0.00184	0.99158
343 T	0.00663	0.00159	0.99179
344 T	0.00665	0.00144	0.99191
345 A	0.00666	0.00127	0.99206
346 G	0.00668	0.00105	0.99227
347 T	0.00670	0.00087	0.99243
348 T	0.00672	0.00073	0.99255
349 T	0.00673	0.00065	0.99263
350 C	0.00672	0.00060	0.99268
351 T	0.00671	0.00063	0.99266
352 G	0.00668	0.00068	0.99264
353 A	0.00659	0.00079	0.99262
354 T	0.00652	0.00087	0.99261
355 G	0.00644	0.00098	0.99258
356 G	0.00640	0.00103	0.99256
357 T	0.00640	0.00106	0.99254
358 G	0.00638	0.00113	0.99249
359 G	0.00638	0.00118	0.99244
360 A	0.00639	0.00116	0.99245
361 G	0.00640	0.00111	0.99249
362 T	0.00644	0.00100	0.99255
363 T	0.00647	0.00096	0.99257
364 C	0.00648	0.00094	0.99259
365 A	0.00649	0.00094	0.99258
366 T	0.00650	0.00093	0.99258
367 T	0.00650	0.00093	0.99257
368 C	0.00649	0.00093	0.99258
369 A	0.00648	0.00095	0.99258
370 C	0.00648	0.00095	0.99258
371 A	0.00648	0.00096	0.99257
372 T	0.00648	0.00095	0.99257
373 T	0.00647	0.00097	0.99256
374 T	0.00644	0.00099	0.99257
375 A	0.00637	0.00104	0.99259
376 A	0.00631	0.00099	0.9927
377 G	0.00631	0.00091	0.99278
378 T	0.00634	0.00080	0.99287
379 C	0.00635	0.00074	0.9929
380 A	0.00639	0.00070	0.9929
381 T	0.00647	0.00061	0.99291
382 T	0.00653	0.00055	0.99291
383 T	0.00653	0.00055	0.99292
384 T	0.00650	0.00058	0.99292
385 G	0.00647	0.00061	0.99292
386 A	0.00645	0.00062	0.99292
387 A	0.00644	0.00062	0.99294
388 T	0.00645	0.00059	0.99295
389 C	0.00644	0.00059	0.99297
390 T	0.00645	0.00058	0.99298
391 T	0.00644	0.00059	0.99297
392 T	0.00643	0.00060	0.99297
393 A	0.00639	0.00064	0.99297
394 T	0.00637	0.00066	0.99297
395 T	0.00622	0.00078	0.993
396 A	0.00580	0.00118	0.99302
397 G	0.00561	0.00132	0.99307
398 A	0.00540	0.00147	0.99314
399 T	0.00530	0.00149	0.9932
400 T	0.00514	0.00164	0.99322
401 T	0.00477	0.00203	0.99321
402 G	0.00425	0.00258	0.99317
403 A	0.00387	0.00305	0.99309
404 T	0.00362	0.00333	0.99305
405 G	0.00306	0.00395	0.99299
406 A	0.00276	0.00436	0.99288
407 G	0.00250	0.00470	0.99281
408 A	0.00223	0.00497	0.9928
409 G	0.00215	0.00507	0.99279
410 A	0.00213	0.00512	0.99276
411 G	0.00212	0.00513	0.99275
412 C	0.00212	0.00515	0.99274
413 A	0.00212	0.00521	0.99268
414 T	0.00212	0.00523	0.99265
415 A	0.00209	0.00527	0.99264
416 A	0.00205	0.00531	0.99264
417 A	0.00204	0.00531	0.99265
418 A	0.00203	0.00515	0.99282
419 T	0.00203	0.00471	0.99326
420 A	0.00201	0.00452	0.99348
421 G	0.00201	0.00426	0.99373
422 A	0.00200	0.00413	0.99386
423 A	0.00201	0.00394	0.99405
424 G	0.00203	0.00355	0.99442
425 A	0.00208	0.00305	0.99487
426 T	0.00219	0.00257	0.99525
427 A	0.00222	0.00228	0.9955
428 G	0.00229	0.00170	0.99601
429 A	0.00239	0.00134	0.99627
430 A	0.00249	0.00101	0.99651
431 C	0.00253	0.00071	0.99676
432 C	0.00259	0.00060	0.99681
433 T	0.00264	0.00054	0.99681
434 A	0.00266	0.00053	0.99681
435 T	0.00270	0.00049	0.99681
436 T	0.00273	0.00046	0.99682
437 T	0.00272	0.00046	0.99682
438 A	0.00270	0.00044	0.99686
439 C	0.00269	0.00039	0.99692
440 A	0.00270	0.00038	0.99692
441 T	0.00271	0.00036	0.99692
442 G	0.00272	0.00036	0.99692
443 C	0.00274	0.00033	0.99693
444 T	0.00276	0.00033	0.99691
445 T	0.00277	0.00032	0.99692
446 T	0.00276	0.00031	0.99693
447 T	0.00275	0.00033	0.99692
448 A	0.00273	0.00035	0.99692
449 C	0.00272	0.00034	0.99694
450 C	0.00271	0.00034	0.99695
451 G	0.00270	0.00036	0.99694
452 A	0.00269	0.00037	0.99693
453 T	0.00267	0.00040	0.99693
454 G	0.00265	0.00042	0.99693
455 G	0.00263	0.00045	0.99692
456 T	0.00263	0.00045	0.99692
457 A	0.00262	0.00048	0.99691
458 G	0.00261	0.00047	0.99692
459 A	0.00260	0.00047	0.99694
460 G	0.00260	0.00044	0.99696
461 A	0.00260	0.00041	0.99699
462 C	0.00260	0.00039	0.99701
463 A	0.00260	0.00038	0.99702
464 C	0.00261	0.00037	0.99702
465 T	0.00262	0.00036	0.99702
466 G	0.00261	0.00036	0.99702
467 A	0.00262	0.00036	0.99703
468 T	0.00262	0.00034	0.99703
469 C	0.00262	0.00034	0.99705
470 C	0.00261	0.00031	0.99707
471 T	0.00262	0.00030	0.99708
472 T	0.00261	0.00030	0.99708
473 A	0.00259	0.00032	0.9971
474 T	0.00257	0.00033	0.9971
475 T	0.00250	0.00040	0.99711
476 C	0.00236	0.00050	0.99714
477 A	0.00219	0.00067	0.99714
478 G	0.00213	0.00073	0.99715
479 G	0.00209	0.00076	0.99715
480 T	0.00208	0.00077	0.99714
481 T	0.00203	0.00083	0.99714
482 T	0.00191	0.00095	0.99715
483 A	0.00173	0.00114	0.99713
484 A	0.00156	0.00133	0.99711
485 A	0.00150	0.00140	0.9971
486 A	0.00146	0.00143	0.99711
487 T	0.00144	0.00146	0.99711
488 A	0.00141	0.00148	0.9971
489 T	0.00139	0.00150	0.99711
490 A	0.00133	0.00156	0.9971
491 T	0.00130	0.00159	0.9971
492 T	0.00126	0.00163	0.99711
493 G	0.00122	0.00167	0.99711
494 A	0.00119	0.00170	0.99712
495 A	0.00116	0.00171	0.99713
496 A	0.00115	0.00170	0.99714
497 A	0.00115	0.00167	0.99719
498 A	0.00115	0.00159	0.99726
499 A	0.00116	0.00144	0.9974
500 T	0.00119	0.00125	0.99756
501 T	0.00120	0.00115	0.99765
502 T	0.00121	0.00108	0.9977
503 T	0.00121	0.00103	0.99776
504 A	0.00122	0.00098	0.99781
505 A	0.00122	0.00087	0.99791
506 A	0.00123	0.00070	0.99806
507 T	0.00126	0.00052	0.99822
508 T	0.00127	0.00044	0.99829
509 A	0.00128	0.00039	0.99832
510 T	0.00129	0.00035	0.99837
511 G	0.00129	0.00031	0.9984
512 G	0.00130	0.00027	0.99843
513 T	0.00131	0.00021	0.99848
514 T	0.00132	0.00018	0.99849
515 T	0.00132	0.00016	0.99852
516 T	0.00132	0.00015	0.99853
517 A	0.00132	0.00016	0.99853
518 A	0.00131	0.00017	0.99852
519 T	0.00131	0.00017	0.99852
520 T	0.00130	0.00018	0.99852
521 T	0.00129	0.00019	0.99852
522 A	0.00127	0.00021	0.99851
523 G	0.00126	0.00022	0.99852
524 C	0.00126	0.00022	0.99852
525 T	0.00126	0.00022	0.99852
526 T	0.00126	0.00022	0.99852
527 C	0.00126	0.00022	0.99852
528 T	0.00125	0.00022	0.99852
529 G	0.00125	0.00023	0.99852
530 T	0.00125	0.00023	0.99852
531 A	0.00124	0.00024	0.99852
532 A	0.00123	0.00024	0.99852
533 G	0.00123	0.00024	0.99853
534 C	0.00123	0.00023	0.99853
535 G	0.00123	0.00023	0.99853
536 G	0.00124	0.00023	0.99853
537 T	0.00126	0.00021	0.99853
538 A	0.00126	0.00020	0.99853
539 G	0.00128	0.00019	0.99853
540 A	0.00130	0.00016	0.99854
541 T	0.00133	0.00013	0.99854
542 A	0.00133	0.00011	0.99855
543 T	0.00134	0.00010	0.99857
544 T	0.00134	0.00009	0.99858
545 T	0.00134	0.00007	0.99859
546 T	0.00133	0.00007	0.9986
547 G	0.00132	0.00007	0.9986
548 C	0.00131	0.00008	0.99861
549 T	0.00131	0.00008	0.99861
550 T	0.00130	0.00010	0.9986
551 T	0.00127	0.00013	0.9986
552 A	0.00125	0.00015	0.99859
553 G	0.00124	0.00017	0.99859
554 A	0.00124	0.00017	0.99859
555 T	0.00123	0.00016	0.9986
556 C	0.00123	0.00017	0.9986
557 G	0.00122	0.00018	0.9986
558 T	0.00121	0.00019	0.9986
559 G	0.00117	0.00025	0.99859
560 A	0.00115	0.00027	0.99857
561 T	0.00115	0.00029	0.99857
562 A	0.00113	0.00030	0.99856
563 A	0.00113	0.00031	0.99856
564 T	0.00113	0.00032	0.99856
565 A	0.00112	0.00033	0.99855
566 A	0.00112	0.00033	0.99856
567 T	0.00111	0.00033	0.99856
568 T	0.00111	0.00033	0.99856
569 G	0.00109	0.00034	0.99857
570 G	0.00108	0.00034	0.99858
571 G	0.00107	0.00035	0.99858
572 A	0.00107	0.00035	0.99859
573 A	0.00107	0.00033	0.9986
574 C	0.00108	0.00030	0.99863
575 G	0.00108	0.00028	0.99863
576 T	0.00109	0.00027	0.99864
577 A	0.00109	0.00027	0.99864
578 T	0.00109	0.00026	0.99865
579 T	0.00109	0.00026	0.99865
580 A	0.00110	0.00025	0.99866
581 A	0.00110	0.00023	0.99868
582 T	0.00112	0.00017	0.99871
583 T	0.00113	0.00014	0.99873
584 T	0.00113	0.00013	0.99874
585 A	0.00113	0.00012	0.99874
586 G	0.00114	0.00011	0.99876
587 T	0.00114	0.00010	0.99876
588 T	0.00115	0.00009	0.99876
589 T	0.00115	0.00010	0.99875
590 A	0.00115	0.00013	0.99873
591 T	0.00114	0.00015	0.99871
592 A	0.00114	0.00019	0.99867
593 A	0.00114	0.00020	0.99866
594 T	0.00114	0.00020	0.99866
595 A	0.00114	0.00022	0.99864
596 T	0.00114	0.00023	0.99863
597 G	0.00114	0.00024	0.99862
598 T	0.00114	0.00024	0.99862
599 T	0.00114	0.00024	0.99861
600 A	0.00114	0.00026	0.99861
601 G	0.00113	0.00026	0.99861
602 T	0.00113	0.00026	0.99861
603 C	0.00113	0.00027	0.99861
604 T	0.00112	0.00029	0.99859
605 C	0.00112	0.00030	0.99858
606 T	0.00111	0.00031	0.99858
607 G	0.00110	0.00032	0.99857
608 G	0.00110	0.00033	0.99857
609 C	0.00109	0.00034	0.99857
610 A	0.00110	0.00034	0.99856
611 A	0.00110	0.00033	0.99856
612 A	0.00112	0.00032	0.99856
613 G	0.00115	0.00029	0.99856
614 C	0.00118	0.00025	0.99857
615 T	0.00123	0.00020	0.99857
616 T	0.00125	0.00018	0.99857
617 C	0.00126	0.00018	0.99856
618 A	0.00126	0.00019	0.99854
619 T	0.00127	0.00020	0.99853
620 T	0.00127	0.00023	0.9985
621 A	0.00126	0.00031	0.99843
622 A	0.00125	0.00034	0.99841
623 T	0.00125	0.00035	0.9984
624 A	0.00121	0.00040	0.99839
625 A	0.00118	0.00043	0.99839
626 A	0.00117	0.00044	0.99839
627 T	0.00117	0.00043	0.99839
628 T	0.00115	0.00044	0.9984
629 C	0.00111	0.00047	0.99842
630 T	0.00110	0.00048	0.99842
631 C	0.00108	0.00050	0.99842
632 C	0.00106	0.00052	0.99842
633 T	0.00105	0.00054	0.99842
634 T	0.00101	0.00058	0.99841
635 T	0.00095	0.00064	0.99841
636 A	0.00082	0.00078	0.9984
637 G	0.00072	0.00087	0.9984
638 A	0.00064	0.00095	0.9984
639 A	0.00059	0.00100	0.9984
640 A	0.00056	0.00102	0.99842
641 C	0.00057	0.00101	0.99842
642 A	0.00057	0.00101	0.99841
643 A	0.00059	0.00101	0.9984
644 T	0.00064	0.00096	0.9984
645 T	0.00062	0.00100	0.99838
646 A	0.00056	0.00108	0.99836
647 A	0.00053	0.00107	0.9984
648 A	0.00050	0.00108	0.99842
649 A	0.00050	0.00106	0.99844
650 A	0.00050	0.00105	0.99846
651 T	0.00050	0.00101	0.99849
652 T	0.00050	0.00098	0.99852
653 T	0.00050	0.00096	0.99854
654 T	0.00049	0.00096	0.99855
655 T	0.00044	0.00101	0.99854
656 A	0.00037	0.00112	0.99851
657 T	0.00035	0.00113	0.99852
658 A	0.00030	0.00116	0.99853
659 A	0.00027	0.00110	0.99862
660 A	0.00025	0.00106	0.99869
661 A	0.00024	0.00101	0.99876
662 A	0.00023	0.00097	0.9988
663 A	0.00024	0.00094	0.99882
664 G	0.00024	0.00092	0.99884
665 A	0.00025	0.00089	0.99885
666 A	0.00027	0.00086	0.99887
667 A	0.00029	0.00081	0.99889
668 T	0.00032	0.00074	0.99894
669 T	0.00033	0.00066	0.999
670 A	0.00034	0.00062	0.99904
671 C	0.00034	0.00058	0.99907
672 T	0.00035	0.00057	0.99908
673 G	0.00034	0.00057	0.99908
674 A	0.00035	0.00057	0.99908
675 T	0.00036	0.00055	0.99909
676 G	0.00036	0.00054	0.99909
677 A	0.00038	0.00050	0.99912
678 G	0.00042	0.00040	0.99918
679 T	0.00048	0.00026	0.99926
680 T	0.00051	0.00021	0.99928
681 T	0.00054	0.00015	0.99931
682 A	0.00055	0.00013	0.99933
683 T	0.00056	0.00010	0.99935
684 C	0.00055	0.00009	0.99936
685 C	0.00054	0.00010	0.99936
686 G	0.00054	0.00010	0.99936
687 T	0.00055	0.00009	0.99936
688 C	0.00055	0.00009	0.99936
689 C	0.00056	0.00008	0.99936
690 T	0.00055	0.00008	0.99936
691 T	0.00055	0.00009	0.99936
692 T	0.00055	0.00009	0.99936
693 T	0.00054	0.00010	0.99936
694 A	0.00054	0.00010	0.99936
695 T	0.00053	0.00010	0.99937
696 T	0.00053	0.00010	0.99937
697 G	0.00050	0.00013	0.99937
698 T	0.00049	0.00014	0.99938
699 T	0.00046	0.00016	0.99938
700 G	0.00042	0.00021	0.99938
701 A	0.00040	0.00024	0.99937
702 T	0.00038	0.00025	0.99936
703 A	0.00035	0.00029	0.99936
704 A	0.00034	0.00030	0.99936
705 A	0.00033	0.00030	0.99936
706 A	0.00033	0.00031	0.99936
707 A	0.00033	0.00030	0.99937
708 T	0.00033	0.00029	0.99938
709 G	0.00032	0.00029	0.99938
710 G	0.00032	0.00029	0.99938
711 T	0.00032	0.00029	0.99938
712 T	0.00032	0.00030	0.99938
713 T	0.00032	0.00030	0.99938
714 A	0.00032	0.00031	0.99938
715 A	0.00031	0.00031	0.99938
716 T	0.00031	0.00030	0.99939
717 T	0.00031	0.00029	0.9994
718 G	0.00031	0.00029	0.99941
719 A	0.00031	0.00028	0.99942
720 T	0.00031	0.00025	0.99944
721 G	0.00031	0.00024	0.99945
722 A	0.00031	0.00022	0.99947
723 T	0.00031	0.00018	0.99951
724 A	0.00031	0.00016	0.99953
725 A	0.00032	0.00015	0.99954
726 T	0.00032	0.00011	0.99956
727 G	0.00032	0.00010	0.99957
728 A	0.00033	0.00010	0.99958
729 T	0.00033	0.00009	0.99958
730 A	0.00033	0.00008	0.99959
731 G	0.00034	0.00008	0.99959
732 T	0.00034	0.00007	0.99959
733 A	0.00035	0.00006	0.99959
734 T	0.00035	0.00005	0.99959
735 T	0.00036	0.00005	0.99959
736 A	0.00036	0.00004	0.99959
737 T	0.00037	0.00004	0.9996
738 T	0.00037	0.00003	0.9996
739 T	0.00037	0.00003	0.9996
740 T	0.00037	0.00003	0.9996
741 T	0.00037	0.00003	0.99961
742 G	0.00037	0.00003	0.99961
743 T	0.00037	0.00003	0.99961
744 A	0.00036	0.00003	0.99961
745 A	0.00036	0.00003	0.99961
746 A	0.00036	0.00003	0.99961
747 T	0.00037	0.00003	0.99961
748 T	0.00037	0.00003	0.99961
749 T	0.00037	0.00003	0.99961
750 C	0.00037	0.00003	0.99961
751 C	0.00037	0.00002	0.99961
752 G	0.00037	0.00003	0.99961
753 T	0.00037	0.00002	0.99961
754 T	0.00037	0.00002	0.99961
755 C	0.00037	0.00002	0.99961
756 T	0.00037	0.00002	0.99961
757 G	0.00037	0.00003	0.99961
758 A	0.00037	0.00002	0.99961
759 T	0.00037	0.00002	0.99961
760 C	0.00037	0.00002	0.99961
761 G	0.00037	0.00002	0.99961
762 T	0.00037	0.00002	0.99961
763 A	0.00037	0.00002	0.99961
764 T	0.00037	0.00002	0.99961
765 T	0.00037	0.00002	0.99961
766 A	0.00037	0.00002	0.99961
767 T	0.00037	0.00001	0.99961
768 G	0.00037	0.00001	0.99962
769 C	0.00037	0.00001	0.99962
770 G	0.00037	0.00001	0.99961
771 T	0.00037	0.00002	0.99961
772 T	0.00037	0.00002	0.99961
773 T	0.00037	0.00002	0.99961
774 A	0.00037	0.00002	0.99961
775 G	0.00037	0.00002	0.99961
776 C	0.00037	0.00002	0.99961
777 A	0.00037	0.00003	0.9996
778 G	0.00037	0.00003	0.9996
779 T	0.00037	0.00003	0.9996
780 T	0.00037	0.00003	0.9996
781 G	0.00037	0.00003	0.9996
782 C	0.00037	0.00003	0.9996
783 T	0.00037	0.00004	0.99959
784 T	0.00037	0.00004	0.99959
785 T	0.00037	0.00004	0.99959
786 A	0.00037	0.00004	0.99959
787 T	0.00037	0.00005	0.99959
788 C	0.00037	0.00005	0.99959
789 A	0.00037	0.00005	0.99958
790 A	0.00037	0.00005	0.99958
791 A	0.00037	0.00005	0.99959
792 T	0.00037	0.00005	0.99959
793 C	0.00037	0.00005	0.99959
794 C	0.00038	0.00004	0.99959
795 T	0.00038	0.00004	0.99959
796 T	0.00038	0.00004	0.99958
797 T	0.00038	0.00004	0.99958
798 A	0.00038	0.00004	0.99958
799 A	0.00038	0.00004	0.99958
800 T	0.00038	0.00004	0.99958
801 G	0.00038	0.00004	0.99958
802 A	0.00038	0.00004	0.99958
803 C	0.00038	0.00004	0.99958
804 T	0.00038	0.00004	0.99958
805 T	0.00038	0.00005	0.99957
806 T	0.00037	0.00006	0.99957
807 A	0.00036	0.00008	0.99956
808 C	0.00035	0.00010	0.99955
809 A	0.00035	0.00014	0.99951
810 T	0.00035	0.00017	0.99948
811 T	0.00034	0.00020	0.99946
812 T	0.00033	0.00023	0.99944
813 T	0.00031	0.00026	0.99943
814 A	0.00029	0.00029	0.99943
815 A	0.00028	0.00029	0.99943
816 G	0.00028	0.00030	0.99943
817 T	0.00028	0.00030	0.99943
818 C	0.00027	0.00030	0.99943
819 C	0.00027	0.00030	0.99943
820 G	0.00027	0.00031	0.99943
821 A	0.00026	0.00032	0.99942
822 A	0.00026	0.00033	0.99941
823 G	0.00026	0.00034	0.9994
824 G	0.00026	0.00035	0.99939
825 G	0.00026	0.00037	0.99937
826 A	0.00026	0.00040	0.99935
827 A	0.00027	0.00041	0.99932
828 A	0.00027	0.00043	0.9993
829 A	0.00028	0.00044	0.99928
830 G	0.00029	0.00045	0.99926
831 A	0.00031	0.00048	0.99922
832 T	0.00035	0.00045	0.9992
833 G	0.00038	0.00042	0.9992
834 T	0.00041	0.00039	0.99921
835 T	0.00042	0.00037	0.99921
836 T	0.00041	0.00037	0.99922
837 C	0.00040	0.00039	0.99921
838 G	0.00036	0.00056	0.99909
839 A	0.00028	0.00072	0.999
840 A	0.00025	0.00081	0.99893
841 G	0.00024	0.00086	0.9989
842 G	0.00023	0.00088	0.9989
843 A	0.00023	0.00088	0.9989
844 G	0.00023	0.00087	0.99889
845 A	0.00024	0.00087	0.99889
846 C	0.00025	0.00086	0.99889
847 A	0.00026	0.00086	0.99889
848 A	0.00027	0.00084	0.99888
849 A	0.00030	0.00082	0.99888
850 A	0.00032	0.00079	0.99888
851 C	0.00035	0.00077	0.99888
852 A	0.00038	0.00073	0.99888
853 C	0.00042	0.00070	0.99888
854 T	0.00047	0.00065	0.99888
855 T	0.00049	0.00062	0.99888
856 C	0.00049	0.00062	0.99888
857 A	0.00050	0.00062	0.99888
858 A	0.00051	0.00061	0.99888
859 A	0.00052	0.00058	0.99889
860 A	0.00056	0.00053	0.99891
861 T	0.00070	0.00035	0.99895
862 C	0.00077	0.00019	0.99903
863 T	0.00084	0.00010	0.99906
864 T	0.00086	0.00007	0.99907
865 T	0.00087	0.00006	0.99908
866 G	0.00087	0.00005	0.99908
867 T	0.00087	0.00005	0.99908
868 G	0.00087	0.00004	0.99908
869 T	0.00088	0.00004	0.99909
870 A	0.00088	0.00004	0.99909
871 G	0.00088	0.00003	0.99909
872 T	0.00088	0.00003	0.99909
873 T	0.00088	0.00003	0.99909
874 T	0.00088	0.00003	0.99909
875 C	0.00087	0.00004	0.99909
876 T	0.00087	0.00006	0.99907
877 A	0.00086	0.00006	0.99907
878 T	0.00086	0.00006	0.99907
879 G	0.00086	0.00006	0.99907
880 A	0.00086	0.00006	0.99907
881 C	0.00086	0.00006	0.99907
882 T	0.00086	0.00006	0.99907
883 C	0.00086	0.00006	0.99907
884 C	0.00086	0.00007	0.99907
885 T	0.00086	0.00009	0.99905
886 T	0.00086	0.00009	0.99905
887 A	0.00086	0.00010	0.99904
888 T	0.00086	0.00010	0.99904
889 T	0.00086	0.00010	0.99904
890 C	0.00086	0.00011	0.99904
891 T	0.00085	0.00012	0.99903
892 C	0.00084	0.00013	0.99903
893 A	0.00084	0.00015	0.99902
894 A	0.00084	0.00016	0.99901
895 T	0.00084	0.00016	0.999
896 A	0.00084	0.00016	0.999
897 T	0.00084	0.00016	0.99901
898 G	0.00083	0.00015	0.99901
899 T	0.00084	0.00015	0.99902
900 C	0.00083	0.00015	0.99902
901 T	0.00082	0.00016	0.99902
902 C	0.00081	0.00017	0.99902
903 A	0.00080	0.00019	0.99901
904 G	0.00080	0.00020	0.999
905 G	0.00079	0.00021	0.999
906 A	0.00077	0.00023	0.99899
907 A	0.00077	0.00024	0.99899
908 C	0.00079	0.00023	0.99898
909 A	0.00079	0.00023	0.99898
910 A	0.00080	0.00022	0.99898
911 T	0.00080	0.00022	0.99898
912 T	0.00081	0.00021	0.99899
913 G	0.00081	0.00021	0.99899
914 C	0.00081	0.00020	0.999
915 T	0.00082	0.00021	0.99897
916 T	0.00081	0.00027	0.99893
917 T	0.00078	0.00034	0.99888
918 T	0.00072	0.00046	0.99882
919 A	0.00062	0.00058	0.99881
920 A	0.00055	0.00065	0.9988
921 A	0.00051	0.00069	0.9988
922 T	0.00048	0.00071	0.99882
923 C	0.00044	0.00074	0.99882
924 A	0.00040	0.00078	0.99882
925 G	0.00037	0.00081	0.99882
926 A	0.00036	0.00084	0.9988
927 A	0.00036	0.00086	0.99879
928 A	0.00036	0.00088	0.99876
929 G	0.00037	0.00089	0.99874
930 T	0.00038	0.00094	0.99868
931 T	0.00038	0.00099	0.99863
932 T	0.00037	0.00107	0.99855
933 A	0.00036	0.00121	0.99844
934 A	0.00035	0.00128	0.99838
935 A	0.00034	0.00131	0.99835
936 A	0.00034	0.00132	0.99834
937 A	0.00035	0.00131	0.99833
938 A	0.00039	0.00127	0.99835
939 T	0.00044	0.00118	0.99838
940 A	0.00047	0.00111	0.99841
941 T	0.00054	0.00099	0.99847
942 T	0.00055	0.00090	0.99856
943 T	0.00054	0.00085	0.99861
944 A	0.00053	0.00083	0.99864
945 T	0.00051	0.00083	0.99866
946 G	0.00047	0.00087	0.99866
947 G	0.00042	0.00095	0.99863
948 A	0.00041	0.00099	0.99859
949 G	0.00043	0.00099	0.99858
950 A	0.00045	0.00100	0.99856
951 A	0.00048	0.00098	0.99854
952 G	0.00054	0.00094	0.99852
953 T	0.00064	0.00086	0.9985
954 A	0.00069	0.00083	0.99847
955 A	0.00077	0.00075	0.99848
956 T	0.00088	0.00064	0.99849
957 T	0.00092	0.00059	0.99849
958 T	0.00093	0.00057	0.9985
959 C	0.00090	0.00060	0.9985
960 T	0.00087	0.00065	0.99849
961 A	0.00078	0.00076	0.99847
962 A	0.00071	0.00084	0.99844
963 T	0.00067	0.00091	0.99841
964 A	0.00058	0.00102	0.9984
965 A	0.00053	0.00107	0.9984
966 T	0.00052	0.00107	0.99841
967 A	0.00051	0.00107	0.99842
968 A	0.00051	0.00105	0.99844
969 A	0.00055	0.00096	0.99848
970 C	0.00063	0.00084	0.99853
971 T	0.00069	0.00077	0.99854
972 T	0.00071	0.00074	0.99855
973 C	0.00071	0.00074	0.99855
974 G	0.00071	0.00074	0.99855
975 C	0.00072	0.00073	0.99855
976 C	0.00073	0.00073	0.99855
977 A	0.00075	0.00072	0.99853
978 A	0.00074	0.00075	0.99851
979 T	0.00074	0.00078	0.99848
980 T	0.00070	0.00085	0.99845
981 A	0.00060	0.00098	0.99841
982 A	0.00053	0.00106	0.99841
983 G	0.00050	0.00106	0.99844
984 A	0.00051	0.00102	0.99848
985 A	0.00053	0.00093	0.99854
986 T	0.00056	0.00085	0.9986
987 T	0.00057	0.00075	0.99868
988 G	0.00057	0.00071	0.99872
989 C	0.00057	0.00070	0.99873
990 C	0.00056	0.00073	0.9987
991 G	0.00055	0.00077	0.99868
992 A	0.00054	0.00080	0.99866
993 A	0.00053	0.00083	0.99864
994 A	0.00052	0.00085	0.99862
995 C	0.00052	0.00085	0.99862
996 T	0.00052	0.00086	0.99862
997 G	0.00052	0.00087	0.99861
998 A	0.00052	0.00090	0.99859
999 A	0.00052	0.00090	0.99858
1000 A	0.00053	0.00089	0.99858
1001 A	0.00055	0.00085	0.9986
1002 A	0.00059	0.00079	0.99862
1003 T	0.00063	0.00069	0.99868
1004 A	0.00066	0.00057	0.99877
1005 T	0.00071	0.00044	0.99885
1006 C	0.00073	0.00039	0.99888
1007 C	0.00078	0.00033	0.99889
1008 T	0.00078	0.00032	0.99889
1009 C	0.00079	0.00032	0.99889
1010 A	0.00079	0.00032	0.99889
1011 T	0.00080	0.00031	0.99889
1012 G	0.00081	0.00030	0.99889
1013 T	0.00085	0.00025	0.99891
1014 T	0.00087	0.00021	0.99891
1015 A	0.00089	0.00018	0.99893
1016 C	0.00092	0.00014	0.99894
1017 T	0.00094	0.00010	0.99895
1018 T	0.00096	0.00009	0.99896
1019 T	0.00097	0.00007	0.99896
1020 C	0.00098	0.00006	0.99896
1021 T	0.00100	0.00004	0.99896
1022 T	0.00101	0.00003	0.99896
1023 T	0.00101	0.00003	0.99896
1024 T	0.00100	0.00005	0.99895
1025 T	0.00096	0.00010	0.99894
1026 T	0.00089	0.00017	0.99894
1027 G	0.00078	0.00028	0.99893
1028 A	0.00074	0.00033	0.99893
1029 T	0.00072	0.00036	0.99893
1030 G	0.00066	0.00041	0.99892
1031 G	0.00063	0.00046	0.99892
1032 T	0.00060	0.00051	0.99889
1033 G	0.00051	0.00066	0.99883
1034 G	0.00047	0.00074	0.99879
1035 T	0.00045	0.00085	0.9987
1036 A	0.00041	0.00096	0.99863
1037 A	0.00040	0.00101	0.99859
1038 A	0.00039	0.00103	0.99859
1039 G	0.00038	0.00105	0.99857
1040 A	0.00037	0.00106	0.99857
1041 A	0.00037	0.00107	0.99856
1042 C	0.00036	0.00108	0.99855
1043 A	0.00036	0.00110	0.99854
1044 A	0.00036	0.00111	0.99853
1045 A	0.00036	0.00111	0.99853
1046 A	0.00036	0.00111	0.99853
1047 G	0.00037	0.00109	0.99854
1048 T	0.00038	0.00102	0.9986
1049 T	0.00039	0.00094	0.99867
1050 T	0.00039	0.00084	0.99877
1051 G	0.00039	0.00081	0.9988
1052 A	0.00039	0.00080	0.99881
1053 A	0.00040	0.00075	0.99885
1054 A	0.00041	0.00071	0.99888
1055 A	0.00044	0.00064	0.99891
1056 T	0.00053	0.00047	0.999
1057 G	0.00057	0.00038	0.99905
1058 T	0.00065	0.00028	0.99907
1059 T	0.00070	0.00020	0.99909
1060 G	0.00073	0.00017	0.9991
1061 A	0.00073	0.00016	0.9991
1062 T	0.00074	0.00014	0.99911
1063 A	0.00075	0.00014	0.99911
1064 A	0.00076	0.00014	0.9991
1065 T	0.00077	0.00013	0.9991
1066 A	0.00078	0.00012	0.9991
1067 T	0.00079	0.00011	0.9991
1068 T	0.00080	0.00011	0.99909
1069 T	0.00080	0.00011	0.99909
1070 T	0.00079	0.00012	0.99909
1071 A	0.00079	0.00013	0.99908
1072 G	0.00079	0.00013	0.99908
1073 T	0.00080	0.00012	0.99908
1074 T	0.00080	0.00012	0.99908
1075 C	0.00080	0.00012	0.99908
1076 C	0.00080	0.00012	0.99908
1077 T	0.00080	0.00012	0.99908
1078 T	0.00079	0.00013	0.99908
1079 C	0.00078	0.00014	0.99908
1080 T	0.00078	0.00014	0.99908
1081 C	0.00077	0.00014	0.99908
1082 C	0.00077	0.00015	0.99908
1083 T	0.00076	0.00016	0.99908
1084 A	0.00074	0.00018	0.99908
1085 A	0.00073	0.00019	0.99908
1086 A	0.00073	0.00019	0.99907
1087 G	0.00074	0.00018	0.99907
1088 T	0.00075	0.00017	0.99909
1089 T	0.00075	0.00016	0.99909
1090 G	0.00075	0.00016	0.99909
1091 C	0.00075	0.00016	0.99909
1092 A	0.00073	0.00019	0.99908
1093 A	0.00073	0.00019	0.99908
1094 C	0.00073	0.00019	0.99907
1095 T	0.00072	0.00022	0.99906
1096 T	0.00070	0.00028	0.99903
1097 A	0.00068	0.00032	0.999
1098 T	0.00067	0.00035	0.99898
1099 G	0.00066	0.00039	0.99895
1100 A	0.00066	0.00041	0.99894
1101 T	0.00065	0.00041	0.99894
1102 T	0.00065	0.00041	0.99894
1103 T	0.00065	0.00042	0.99894
1104 G	0.00064	0.00042	0.99894
1105 A	0.00063	0.00042	0.99894
1106 A	0.00063	0.00041	0.99896
1107 A	0.00063	0.00040	0.99897
1108 C	0.00063	0.00039	0.99899
1109 C	0.00063	0.00039	0.99899
1110 A	0.00062	0.00039	0.99898
1111 G	0.00062	0.00040	0.99898
1112 A	0.00062	0.00040	0.99898
1113 G	0.00062	0.00039	0.99898
1114 A	0.00063	0.00038	0.99899
1115 T	0.00065	0.00034	0.999
1116 G	0.00066	0.00033	0.99901
1117 A	0.00067	0.00031	0.99902
1118 G	0.00068	0.00028	0.99904
1119 T	0.00072	0.00022	0.99906
1120 G	0.00075	0.00019	0.99906
1121 C	0.00078	0.00015	0.99907
1122 T	0.00081	0.00012	0.99907
1123 T	0.00082	0.00011	0.99906
1124 T	0.00082	0.00013	0.99905
1125 C	0.00075	0.00022	0.99902
1126 G	0.00069	0.00050	0.99882
1127 A	0.00062	0.00098	0.99839
1128 A	0.00059	0.00145	0.99796
1129 A	0.00058	0.00153	0.9979
1130 T	0.00058	0.00155	0.99786
1131 T	0.00057	0.00159	0.99784
1132 G	0.00055	0.00164	0.99781
1133 C	0.00055	0.00167	0.99778
1134 T	0.00053	0.00170	0.99776
1135 A	0.00051	0.00173	0.99775
1136 A	0.00050	0.00176	0.99775
1137 A	0.00048	0.00177	0.99774
1138 C	0.00048	0.00178	0.99774
1139 A	0.00048	0.00178	0.99774
1140 A	0.00048	0.00177	0.99774
1141 G	0.00049	0.00177	0.99774
1142 C	0.00049	0.00177	0.99774
1143 T	0.00050	0.00177	0.99774
1144 A	0.00050	0.00178	0.99772
1145 A	0.00050	0.00180	0.9977
1146 A	0.00051	0.00180	0.99769
1147 A	0.00053	0.00178	0.9977
1148 A	0.00058	0.00166	0.99777
1149 A	0.00078	0.00139	0.99783
1150 G	0.00118	0.00091	0.99791
1151 C	0.00161	0.00044	0.99794
1152 T	0.00172	0.00035	0.99793
1153 A	0.00176	0.00037	0.99788
1154 T	0.00180	0.00034	0.99785
1155 T	0.00182	0.00035	0.99782
1156 T	0.00182	0.00035	0.99783
1157 T	0.00181	0.00035	0.99783
1158 A	0.00175	0.00040	0.99785
1159 T	0.00172	0.00041	0.99786
1160 C	0.00162	0.00050	0.99787
1161 T	0.00148	0.00064	0.99787
1162 C	0.00118	0.00095	0.99787
1163 G	0.00094	0.00122	0.99785
1164 A	0.00088	0.00131	0.99781
1165 A	0.00083	0.00139	0.99778
1166 A	0.00082	0.00141	0.99777
1167 A	0.00083	0.00140	0.99777
1168 T	0.00084	0.00138	0.99778
1169 A	0.00083	0.00139	0.99779
1170 C	0.00082	0.00139	0.99779
1171 C	0.00082	0.00139	0.99779
1172 A	0.00082	0.00139	0.99779
1173 A	0.00082	0.00139	0.99779
1174 A	0.00083	0.00138	0.99779
1175 C	0.00086	0.00135	0.99779
1176 T	0.00092	0.00129	0.99779
1177 A	0.00094	0.00127	0.99779
1178 T	0.00097	0.00123	0.9978
1179 G	0.00097	0.00121	0.99781
1180 A	0.00099	0.00118	0.99784
1181 T	0.00100	0.00104	0.99796
1182 T	0.00101	0.00092	0.99807
1183 T	0.00102	0.00078	0.9982
1184 T	0.00102	0.00067	0.99831
1185 A	0.00102	0.00050	0.99849
1186 A	0.00103	0.00033	0.99864
1187 A	0.00105	0.00026	0.99869
1188 T	0.00108	0.00019	0.99874
1189 T	0.00108	0.00016	0.99876
1190 T	0.00108	0.00016	0.99876
1191 T	0.00108	0.00016	0.99876
1192 G	0.00107	0.00017	0.99876
1193 C	0.00107	0.00017	0.99876
1194 T	0.00107	0.00018	0.99874
1195 A	0.00107	0.00019	0.99874
1196 A	0.00107	0.00019	0.99874
1197 T	0.00107	0.00019	0.99875
1198 C	0.00106	0.00019	0.99874
1199 C	0.00106	0.00020	0.99875
1200 A	0.00106	0.00020	0.99874
1201 G	0.00106	0.00020	0.99874
1202 A	0.00106	0.00020	0.99873
1203 C	0.00106	0.00020	0.99873
1204 A	0.00107	0.00020	0.99873
1205 T	0.00107	0.00019	0.99873
1206 G	0.00108	0.00018	0.99874
1207 G	0.00109	0.00017	0.99874
1208 T	0.00111	0.00015	0.99873
1209 G	0.00113	0.00013	0.99874
1210 G	0.00114	0.00012	0.99874
1211 G	0.00115	0.00011	0.99874
1212 T	0.00115	0.00010	0.99874
1213 C	0.00116	0.00009	0.99874
1214 A	0.00117	0.00009	0.99874
1215 T	0.00118	0.00008	0.99874
1216 A	0.00119	0.00008	0.99874
1217 C	0.00119	0.00007	0.99874
1218 T	0.00120	0.00007	0.99874
1219 G	0.00119	0.00008	0.99874
1220 G	0.00117	0.00009	0.99873
1221 T	0.00117	0.00010	0.99873
1222 T	0.00116	0.00010	0.99873
1223 C	0.00115	0.00011	0.99874
1224 A	0.00114	0.00012	0.99873
1225 C	0.00114	0.00013	0.99873
1226 T	0.00113	0.00014	0.99873
1227 C	0.00110	0.00018	0.99871
1228 G	0.00107	0.00023	0.9987
1229 A	0.00103	0.00028	0.99869
1230 A	0.00101	0.00032	0.99867
1231 T	0.00101	0.00033	0.99867
1232 C	0.00100	0.00034	0.99867
1233 A	0.00099	0.00035	0.99867
1234 A	0.00099	0.00035	0.99867
1235 C	0.00099	0.00034	0.99866
1236 C	0.00099	0.00035	0.99866
1237 A	0.00100	0.00036	0.99864
1238 T	0.00100	0.00037	0.99863
1239 T	0.00099	0.00039	0.99862
1240 A	0.00099	0.00040	0.99861
1241 A	0.00098	0.00041	0.99861
1242 A	0.00098	0.00040	0.99863
1243 G	0.00098	0.00038	0.99864
1244 C	0.00098	0.00037	0.99865
1245 A	0.00097	0.00037	0.99866
1246 G	0.00097	0.00036	0.99866
1247 T	0.00098	0.00036	0.99867
1248 A	0.00097	0.00036	0.99867
1249 G	0.00097	0.00036	0.99867
1250 A	0.00098	0.00032	0.99871
1251 A	0.00099	0.00027	0.99874
1252 G	0.00100	0.00022	0.99878
1253 C	0.00102	0.00018	0.9988
1254 T	0.00102	0.00018	0.9988
1255 G	0.00102	0.00019	0.99879
1256 T	0.00102	0.00020	0.99878
1257 T	0.00102	0.00024	0.99874
1258 G	0.00102	0.00024	0.99874
1259 A	0.00102	0.00024	0.99874
1260 T	0.00103	0.00023	0.99874
1261 A	0.00103	0.00023	0.99874
1262 C	0.00104	0.00022	0.99874
1263 A	0.00104	0.00024	0.99872
1264 T	0.00104	0.00027	0.99868
1265 G	0.00104	0.00030	0.99867
1266 T	0.00105	0.00034	0.99861
1267 T	0.00105	0.00037	0.99858
1268 T	0.00104	0.00039	0.99856
1269 A	0.00102	0.00044	0.99855
1270 G	0.00100	0.00046	0.99854
1271 A	0.00098	0.00048	0.99853
1272 A	0.00097	0.00050	0.99853
1273 A	0.00096	0.00051	0.99853
1274 A	0.00096	0.00052	0.99852
1275 G	0.00095	0.00054	0.99851
1276 G	0.00096	0.00054	0.9985
1277 T	0.00097	0.00054	0.9985
1278 A	0.00098	0.00054	0.99848
1279 G	0.00099	0.00054	0.99847
1280 T	0.00102	0.00052	0.99846
1281 T	0.00102	0.00052	0.99845
1282 A	0.00102	0.00053	0.99844
1283 A	0.00103	0.00053	0.99845
1284 A	0.00103	0.00052	0.99845
1285 G	0.00104	0.00052	0.99844
1286 C	0.00107	0.00048	0.99844
1287 T	0.00113	0.00044	0.99843
1288 A	0.00116	0.00043	0.99841
1289 T	0.00121	0.00039	0.9984
1290 T	0.00124	0.00036	0.9984
1291 T	0.00126	0.00035	0.99839
1292 T	0.00126	0.00033	0.99841
1293 A	0.00124	0.00035	0.99841
1294 G	0.00124	0.00034	0.99842
1295 A	0.00124	0.00033	0.99843
1296 A	0.00125	0.00033	0.99843
1297 A	0.00126	0.00031	0.99844
1298 T	0.00127	0.00028	0.99844
1299 T	0.00129	0.00027	0.99844
1300 G	0.00129	0.00027	0.99844
1301 G	0.00130	0.00026	0.99845
1302 T	0.00131	0.00025	0.99844
1303 G	0.00132	0.00026	0.99842
1304 G	0.00133	0.00026	0.99841
1305 A	0.00134	0.00025	0.9984
1306 A	0.00135	0.00025	0.9984
1307 T	0.00136	0.00023	0.99842
1308 T	0.00137	0.00022	0.99841
1309 G	0.00138	0.00021	0.99841
1310 C	0.00139	0.00020	0.99841
1311 T	0.00141	0.00019	0.9984
1312 T	0.00141	0.00020	0.99839
1313 G	0.00141	0.00022	0.99838
1314 T	0.00141	0.00023	0.99836
1315 A	0.00142	0.00023	0.99834
1316 T	0.00143	0.00021	0.99836
1317 T	0.00144	0.00021	0.99835
1318 G	0.00144	0.00021	0.99836
1319 T	0.00144	0.00021	0.99836
1320 T	0.00143	0.00022	0.99836
1321 G	0.00139	0.00026	0.99835
1322 C	0.00137	0.00028	0.99835
1323 C	0.00135	0.00030	0.99835
1324 G	0.00134	0.00031	0.99834
1325 A	0.00133	0.00034	0.99833
1326 T	0.00133	0.00034	0.99832
1327 C	0.00129	0.00041	0.99831
1328 A	0.00123	0.00053	0.99824
