# lcl|CP097583.1_cds_USQ93394.1_1
# AA	inside	membr	outside
1 A	0.63251	0.00000	0.36749
2 T	0.63197	0.00054	0.36749
3 G	0.63162	0.00089	0.36749
4 A	0.63162	0.05009	0.31829
5 T	0.61782	0.09344	0.28874
6 T	0.61782	0.10408	0.2781
7 A	0.23398	0.49722	0.2688
8 A	0.23397	0.49735	0.26868
9 A	0.19591	0.53721	0.26688
10 A	0.19583	0.66783	0.13634
11 A	0.18996	0.68248	0.12756
12 A	0.12268	0.75065	0.12667
13 A	0.05271	0.82299	0.12429
14 A	0.05268	0.82302	0.12429
15 T	0.05268	0.84937	0.09795
16 C	0.04336	0.85869	0.09795
17 A	0.03238	0.87081	0.09681
18 A	0.03215	0.87128	0.09657
19 A	0.02874	0.87481	0.09645
20 A	0.02208	0.88231	0.09562
21 A	0.01605	0.88833	0.09563
22 C	0.01638	0.88784	0.09578
23 A	0.01698	0.88718	0.09584
24 A	0.01886	0.88518	0.09596
25 G	0.02152	0.87997	0.09852
26 A	0.02485	0.87524	0.09991
27 T	0.06609	0.82745	0.10647
28 A	0.08582	0.78778	0.1264
29 A	0.09572	0.75963	0.14465
30 T	0.11570	0.42469	0.45961
31 A	0.11784	0.41733	0.46483
32 A	0.12219	0.38041	0.49741
33 A	0.21829	0.29577	0.48594
34 A	0.22784	0.28669	0.48547
35 T	0.23386	0.22311	0.54302
36 A	0.23780	0.16709	0.5951
37 A	0.24030	0.15220	0.6075
38 A	0.26631	0.11948	0.61422
39 T	0.27205	0.09106	0.63689
40 T	0.27577	0.07388	0.65035
41 C	0.27644	0.06856	0.65499
42 T	0.27762	0.06424	0.65814
43 T	0.27803	0.06136	0.66061
44 T	0.27695	0.07487	0.64818
45 A	0.27384	0.08468	0.64148
46 T	0.27328	0.08570	0.64101
47 T	0.27129	0.08794	0.64077
48 T	0.26748	0.09370	0.63882
49 T	0.25760	0.12116	0.62123
50 C	0.23909	0.15233	0.60858
51 A	0.22855	0.20444	0.56701
52 G	0.21800	0.23307	0.54893
53 A	0.21291	0.25917	0.52793
54 A	0.21711	0.26755	0.51535
55 T	0.22543	0.26678	0.50779
56 T	0.24380	0.24966	0.50655
57 T	0.24984	0.24680	0.50336
58 G	0.24926	0.25092	0.49981
59 A	0.25039	0.25228	0.49733
60 T	0.25075	0.25336	0.49589
61 T	0.25090	0.25526	0.49384
62 T	0.25121	0.25671	0.49208
63 T	0.25100	0.25871	0.49029
64 A	0.25078	0.26047	0.48875
65 A	0.25038	0.26170	0.48793
66 A	0.25068	0.26155	0.48777
67 A	0.26178	0.24920	0.48902
68 T	0.26816	0.23941	0.49243
69 A	0.26951	0.23681	0.49368
70 A	0.27172	0.23143	0.49685
71 A	0.27629	0.22203	0.50167
72 A	0.29482	0.19303	0.51215
73 A	0.31111	0.16020	0.5287
74 T	0.36086	0.09979	0.53935
75 T	0.38110	0.07031	0.54859
76 T	0.39816	0.04814	0.5537
77 A	0.40577	0.03985	0.55438
78 T	0.41378	0.03093	0.55529
79 T	0.41801	0.02597	0.55602
80 T	0.42196	0.02118	0.55686
81 T	0.42457	0.01743	0.558
82 C	0.42646	0.01522	0.55832
83 T	0.42835	0.01342	0.55823
84 T	0.43047	0.01137	0.55816
85 T	0.43206	0.00973	0.55821
86 T	0.43334	0.00832	0.55834
87 T	0.43420	0.00728	0.55851
88 T	0.43472	0.00598	0.5593
89 T	0.43488	0.00546	0.55967
90 G	0.43466	0.00540	0.55994
91 C	0.43468	0.00526	0.56006
92 T	0.43475	0.00548	0.55977
93 T	0.43394	0.00686	0.55919
94 A	0.43259	0.00870	0.55871
95 T	0.43179	0.00992	0.55829
96 A	0.43077	0.01129	0.55793
97 T	0.43050	0.01158	0.55793
98 T	0.43021	0.01188	0.55791
99 G	0.42997	0.01222	0.55781
100 A	0.43006	0.01239	0.55755
101 C	0.43011	0.01242	0.55747
102 T	0.43022	0.01310	0.55668
103 T	0.43034	0.01360	0.55606
104 T	0.43048	0.01388	0.55564
105 T	0.43045	0.01433	0.55522
106 T	0.43018	0.01472	0.55511
107 T	0.42968	0.01526	0.55507
108 T	0.42913	0.01583	0.55504
109 A	0.42863	0.01628	0.55509
110 C	0.42821	0.01649	0.5553
111 A	0.42792	0.01684	0.55524
112 T	0.42802	0.01679	0.55519
113 T	0.42790	0.01692	0.55518
114 T	0.42767	0.01756	0.55478
115 A	0.42757	0.01809	0.55434
116 T	0.42796	0.01682	0.55523
117 A	0.42805	0.01551	0.55643
118 T	0.42836	0.01411	0.55752
119 T	0.42857	0.01301	0.55843
120 T	0.42826	0.01298	0.55876
121 G	0.42778	0.01329	0.55893
122 A	0.42762	0.01330	0.55908
123 T	0.42788	0.01293	0.55919
124 A	0.42752	0.01343	0.55905
125 T	0.42818	0.01286	0.55896
126 T	0.42821	0.01326	0.55854
127 T	0.42766	0.01448	0.55787
128 A	0.42691	0.01641	0.55669
129 T	0.42660	0.01727	0.55612
130 T	0.42607	0.01838	0.55556
131 T	0.42517	0.02040	0.55442
132 A	0.42258	0.02486	0.55256
133 T	0.41628	0.03107	0.55265
134 A	0.40494	0.04273	0.55233
135 T	0.40004	0.04765	0.55232
136 A	0.39435	0.05325	0.55239
137 C	0.39121	0.05617	0.55262
138 T	0.38888	0.05878	0.55234
139 T	0.38127	0.06701	0.55173
140 T	0.37100	0.07785	0.55116
141 T	0.34778	0.10204	0.55018
142 A	0.30541	0.14626	0.54832
143 G	0.24814	0.20545	0.54641
144 A	0.21815	0.23628	0.54557
145 A	0.19363	0.26194	0.54443
146 A	0.18358	0.27180	0.54461
147 A	0.17719	0.27758	0.54522
148 G	0.17166	0.28267	0.54567
149 A	0.16973	0.28401	0.54626
150 C	0.17010	0.28253	0.54737
151 A	0.17117	0.28106	0.54777
152 T	0.17240	0.27928	0.54832
153 A	0.17287	0.27855	0.54858
154 G	0.17396	0.27672	0.54932
155 A	0.17493	0.27501	0.55005
156 A	0.17518	0.26776	0.55706
157 T	0.17601	0.25537	0.56863
158 T	0.17629	0.24956	0.57415
159 A	0.17603	0.24489	0.57908
160 T	0.17595	0.23916	0.58488
161 A	0.17468	0.23633	0.58899
162 T	0.17479	0.22324	0.60197
163 A	0.17355	0.21587	0.61057
164 G	0.17398	0.19357	0.63245
165 A	0.17545	0.15925	0.6653
166 T	0.17763	0.10192	0.72045
167 A	0.17834	0.07482	0.74684
168 T	0.17958	0.05078	0.76963
169 T	0.17966	0.04252	0.77782
170 A	0.17959	0.03733	0.78308
171 T	0.17960	0.03133	0.78907
172 C	0.17938	0.02909	0.79152
173 G	0.17927	0.02986	0.79087
174 T	0.17938	0.03156	0.78906
175 A	0.17918	0.03711	0.78371
176 G	0.17920	0.04203	0.77877
177 A	0.17952	0.05004	0.77045
178 T	0.18063	0.05882	0.76055
179 T	0.18072	0.08108	0.73821
180 T	0.18056	0.12933	0.69011
181 A	0.18001	0.15609	0.6639
182 A	0.18025	0.16801	0.65174
183 A	0.18073	0.17307	0.64619
184 T	0.18317	0.17145	0.64537
185 A	0.18414	0.17194	0.64391
186 T	0.18765	0.16752	0.64482
187 T	0.18881	0.16601	0.64518
188 T	0.18939	0.16528	0.64534
189 T	0.18900	0.16568	0.64531
190 A	0.18802	0.16669	0.64529
191 C	0.18772	0.16697	0.64531
192 T	0.18687	0.16782	0.64532
193 A	0.18510	0.16958	0.64531
194 A	0.18325	0.17146	0.64528
195 T	0.18269	0.17188	0.64544
196 C	0.18138	0.17306	0.64557
197 A	0.18099	0.17340	0.64561
198 A	0.18427	0.16995	0.64578
199 A	0.18994	0.16402	0.64604
200 C	0.19934	0.15440	0.64626
201 A	0.21285	0.14087	0.64628
202 G	0.23871	0.11442	0.64686
203 T	0.28981	0.06279	0.6474
204 T	0.31358	0.03835	0.64807
205 T	0.32298	0.02868	0.64834
206 T	0.32656	0.02433	0.6491
207 T	0.32700	0.02335	0.64965
208 T	0.32710	0.02259	0.65031
209 C	0.32648	0.02268	0.65084
210 T	0.32630	0.02254	0.65115
211 A	0.32614	0.02244	0.65142
212 T	0.32624	0.02168	0.65208
213 T	0.32590	0.02108	0.65302
214 T	0.32521	0.02139	0.6534
215 T	0.32420	0.02095	0.65485
216 A	0.32348	0.01970	0.65682
217 T	0.32343	0.01721	0.65936
218 T	0.32332	0.01552	0.66116
219 G	0.32313	0.01376	0.66311
220 A	0.32314	0.01193	0.66492
221 T	0.32324	0.00996	0.6668
222 T	0.32307	0.00939	0.66753
223 T	0.32287	0.00924	0.66789
224 T	0.32275	0.00918	0.66806
225 A	0.32263	0.00911	0.66827
226 T	0.32260	0.00877	0.66862
227 T	0.32253	0.00827	0.6692
228 T	0.32239	0.00791	0.66971
229 T	0.32214	0.00768	0.67018
230 C	0.32168	0.00742	0.6709
231 T	0.32126	0.00768	0.67106
232 T	0.32053	0.00826	0.67121
233 T	0.31943	0.00975	0.67082
234 T	0.31704	0.01287	0.67009
235 T	0.31315	0.01927	0.66758
236 T	0.30145	0.03515	0.6634
237 T	0.26750	0.07717	0.65533
238 G	0.23011	0.12121	0.64868
239 T	0.19876	0.16609	0.63515
240 A	0.15187	0.22535	0.62278
241 A	0.11875	0.27403	0.60721
242 A	0.10474	0.29450	0.60076
243 A	0.09967	0.30295	0.59739
244 A	0.09796	0.30720	0.59484
245 T	0.09715	0.30922	0.59362
246 T	0.09600	0.31133	0.59266
247 A	0.09465	0.31365	0.5917
248 A	0.09427	0.31442	0.59132
249 A	0.09347	0.31534	0.59119
250 A	0.09307	0.31568	0.59124
251 A	0.09286	0.31572	0.59142
252 T	0.09276	0.31547	0.59177
253 A	0.09246	0.31531	0.59223
254 A	0.09241	0.31469	0.59289
255 A	0.09262	0.31315	0.59423
256 A	0.09326	0.30991	0.59682
257 A	0.09438	0.30433	0.60129
258 A	0.09811	0.29230	0.60958
259 A	0.10533	0.26868	0.626
260 T	0.11807	0.21206	0.66986
261 A	0.12615	0.17173	0.70213
262 T	0.14091	0.12593	0.73316
263 A	0.15036	0.08207	0.76757
264 T	0.16457	0.03817	0.79727
265 T	0.16924	0.02022	0.81054
266 C	0.17208	0.01301	0.81491
267 T	0.17451	0.01109	0.8144
268 T	0.17587	0.01047	0.81366
269 T	0.17653	0.01060	0.81288
270 T	0.17674	0.01321	0.81005
271 T	0.17630	0.01902	0.80469
272 T	0.17546	0.02406	0.80048
273 T	0.17470	0.03472	0.79058
274 A	0.17320	0.06339	0.76341
275 T	0.17259	0.06607	0.76134
276 T	0.17161	0.06838	0.76
277 T	0.17030	0.07150	0.7582
278 A	0.16686	0.07760	0.75554
279 C	0.16454	0.08068	0.75478
280 G	0.16295	0.08256	0.75448
281 G	0.16211	0.08381	0.75409
282 A	0.16135	0.08558	0.75308
283 A	0.16136	0.08629	0.75234
284 C	0.16168	0.08627	0.75205
285 T	0.16199	0.08652	0.75149
286 A	0.16217	0.08682	0.75101
287 T	0.16247	0.08671	0.75082
288 A	0.16267	0.08667	0.75067
289 G	0.16323	0.08615	0.75062
290 T	0.16548	0.08385	0.75067
291 T	0.16736	0.08192	0.75072
292 A	0.16890	0.08025	0.75085
293 A	0.17338	0.07530	0.75131
294 T	0.18076	0.06689	0.75235
295 G	0.18472	0.06183	0.75345
296 G	0.19369	0.05185	0.75446
297 T	0.21921	0.02505	0.75574
298 T	0.22208	0.02166	0.75626
299 T	0.22354	0.01962	0.75684
300 A	0.22477	0.01768	0.75755
301 T	0.22693	0.01277	0.7603
302 T	0.22748	0.01040	0.76212
303 A	0.22766	0.00906	0.76329
304 A	0.22806	0.00789	0.76405
305 C	0.22923	0.00595	0.76482
306 T	0.23025	0.00491	0.76485
307 T	0.23076	0.00440	0.76484
308 T	0.23129	0.00396	0.76474
309 T	0.23161	0.00382	0.76457
310 T	0.23170	0.00418	0.76411
311 T	0.23175	0.00463	0.76363
312 T	0.23178	0.00529	0.76293
313 G	0.23180	0.00601	0.76219
314 T	0.23192	0.00655	0.76153
315 T	0.23195	0.00718	0.76087
316 T	0.23191	0.00787	0.76022
317 A	0.23165	0.00869	0.75966
318 T	0.23158	0.00890	0.75951
319 A	0.23135	0.00932	0.75933
320 A	0.23143	0.00928	0.75929
321 T	0.23189	0.00880	0.75931
322 T	0.23224	0.00849	0.75927
323 T	0.23240	0.00831	0.75929
324 G	0.23212	0.00867	0.7592
325 T	0.23209	0.00894	0.75898
326 T	0.23205	0.00927	0.75868
327 A	0.23196	0.00948	0.75857
328 T	0.23192	0.00971	0.75837
329 T	0.23185	0.01017	0.75798
330 A	0.23175	0.01039	0.75786
331 C	0.23157	0.01055	0.75788
332 A	0.23167	0.01048	0.75785
333 T	0.23224	0.00990	0.75787
334 C	0.23290	0.00922	0.75789
335 C	0.23382	0.00831	0.75787
336 T	0.23465	0.00755	0.7578
337 T	0.23512	0.00712	0.75777
338 T	0.23509	0.00718	0.75773
339 T	0.23401	0.00833	0.75767
340 T	0.23209	0.01016	0.75774
341 A	0.22746	0.01482	0.75772
342 T	0.22423	0.01825	0.75753
343 G	0.21694	0.02586	0.7572
344 A	0.21103	0.03184	0.75712
345 T	0.20458	0.03843	0.75699
346 A	0.18218	0.06133	0.75649
347 G	0.17668	0.06706	0.75627
348 C	0.17410	0.06963	0.75627
349 G	0.17118	0.07269	0.75614
350 A	0.17030	0.07370	0.756
351 A	0.17001	0.07408	0.75591
352 C	0.17033	0.07367	0.756
353 A	0.17047	0.07359	0.75594
354 T	0.17055	0.07334	0.75611
355 T	0.17052	0.07346	0.75602
356 T	0.17047	0.07374	0.7558
357 T	0.17038	0.07397	0.75565
358 A	0.17025	0.07402	0.75574
359 T	0.17020	0.07381	0.75599
360 T	0.17000	0.07368	0.75632
361 A	0.16970	0.07371	0.75659
362 T	0.16958	0.07203	0.75839
363 A	0.16735	0.07209	0.76057
364 A	0.16536	0.06932	0.76533
365 T	0.16410	0.06715	0.76876
366 G	0.16339	0.06175	0.77486
367 A	0.16322	0.05598	0.78081
368 A	0.16332	0.04873	0.78795
369 G	0.16389	0.02637	0.80974
370 T	0.16447	0.02277	0.81276
371 T	0.16454	0.02104	0.81442
372 T	0.16344	0.02058	0.81599
373 A	0.16047	0.02465	0.81488
374 T	0.15807	0.02822	0.81371
375 C	0.15471	0.03474	0.81054
376 A	0.15176	0.03991	0.80833
377 A	0.14767	0.04640	0.80592
378 T	0.14667	0.05078	0.80255
379 T	0.14444	0.05537	0.80019
380 C	0.13769	0.06641	0.7959
381 A	0.13165	0.08658	0.78177
382 A	0.12691	0.10449	0.7686
383 A	0.11406	0.14156	0.74437
384 T	0.10745	0.14929	0.74327
385 A	0.09317	0.16381	0.74302
386 A	0.08415	0.17062	0.74522
387 A	0.07956	0.17310	0.74734
388 C	0.07650	0.17434	0.74916
389 C	0.07455	0.17586	0.74959
390 A	0.07256	0.17879	0.74865
391 G	0.07160	0.18021	0.74818
392 A	0.07137	0.18080	0.74783
393 A	0.07138	0.18100	0.74762
394 G	0.07137	0.18097	0.74767
395 A	0.07210	0.17894	0.74896
396 A	0.07368	0.17411	0.7522
397 G	0.07539	0.16915	0.75546
398 A	0.07829	0.16287	0.75884
399 A	0.08099	0.15647	0.76253
400 C	0.08463	0.14665	0.76873
401 T	0.08993	0.14017	0.76991
402 A	0.09270	0.13627	0.77103
403 A	0.09740	0.12811	0.77449
404 A	0.10984	0.11230	0.77785
405 A	0.12269	0.09670	0.78061
406 T	0.14551	0.05951	0.79499
407 A	0.14711	0.05074	0.80215
408 T	0.14831	0.03564	0.81604
409 T	0.14886	0.02967	0.82147
410 T	0.14890	0.02910	0.822
411 T	0.14864	0.03070	0.82065
412 A	0.14780	0.03347	0.81873
413 T	0.14827	0.03230	0.81943
414 T	0.14818	0.03309	0.81874
415 A	0.14758	0.03372	0.8187
416 G	0.14715	0.03376	0.81908
417 T	0.14723	0.03390	0.81888
418 T	0.14735	0.03453	0.81812
419 C	0.14726	0.03513	0.81762
420 A	0.14725	0.03564	0.81711
421 T	0.14735	0.03573	0.81692
422 T	0.14725	0.03641	0.81633
423 A	0.14524	0.03860	0.81616
424 C	0.14390	0.04000	0.81611
425 A	0.14369	0.04036	0.81595
426 A	0.14397	0.04012	0.81591
427 C	0.14511	0.03905	0.81584
428 A	0.14691	0.03739	0.8157
429 T	0.15037	0.03400	0.81564
430 A	0.15311	0.03128	0.81561
431 T	0.15676	0.02760	0.81564
432 T	0.16046	0.02384	0.81569
433 T	0.16339	0.02050	0.81611
434 T	0.16547	0.01789	0.81663
435 T	0.16716	0.01525	0.81759
436 A	0.16761	0.01448	0.8179
437 T	0.16896	0.01259	0.81845
438 T	0.16948	0.01133	0.81919
439 C	0.16972	0.01053	0.81975
440 C	0.17025	0.00989	0.81986
441 T	0.17116	0.00893	0.8199
442 T	0.17163	0.00843	0.81993
443 T	0.17197	0.00809	0.81995
444 A	0.17207	0.00798	0.81995
445 A	0.17257	0.00730	0.82013
446 T	0.17283	0.00470	0.82247
447 T	0.17295	0.00289	0.82415
448 T	0.17306	0.00210	0.82484
449 A	0.17312	0.00169	0.82518
450 T	0.17326	0.00140	0.82535
451 T	0.17336	0.00124	0.8254
452 T	0.17340	0.00119	0.82541
453 T	0.17339	0.00116	0.82545
454 T	0.17333	0.00121	0.82547
455 T	0.17325	0.00125	0.82549
456 T	0.17318	0.00131	0.82552
457 C	0.17310	0.00136	0.82554
458 T	0.17306	0.00141	0.82553
459 T	0.17291	0.00157	0.82552
460 T	0.17260	0.00196	0.82544
461 T	0.17230	0.00225	0.82545
462 T	0.17208	0.00247	0.82545
463 T	0.17187	0.00263	0.8255
464 T	0.17162	0.00284	0.82555
465 C	0.17135	0.00304	0.82562
466 T	0.17117	0.00325	0.82558
467 T	0.17085	0.00357	0.82558
468 T	0.16993	0.00457	0.8255
469 T	0.16839	0.00627	0.82535
470 A	0.16595	0.00896	0.82509
471 C	0.16414	0.01092	0.82493
472 A	0.16306	0.01208	0.82486
473 T	0.16268	0.01248	0.82484
474 T	0.16205	0.01316	0.82479
475 A	0.16106	0.01424	0.8247
476 C	0.16009	0.01534	0.82457
477 T	0.15936	0.01690	0.82374
478 T	0.15749	0.02126	0.82125
479 T	0.15453	0.02931	0.81615
480 A	0.15056	0.04166	0.80778
481 G	0.14883	0.04729	0.80387
482 A	0.14765	0.05323	0.79912
483 T	0.14694	0.05628	0.79677
484 T	0.14540	0.06153	0.79307
485 T	0.14313	0.06707	0.78979
486 A	0.13903	0.07458	0.7864
487 A	0.13504	0.08456	0.7804
488 A	0.13342	0.08883	0.77774
489 A	0.13271	0.09047	0.77682
490 A	0.13256	0.09135	0.77609
491 A	0.13260	0.09104	0.77636
492 A	0.13270	0.08972	0.77757
493 A	0.13291	0.08750	0.77959
494 T	0.13318	0.08560	0.78123
495 T	0.13325	0.08465	0.78209
496 A	0.13327	0.08442	0.78232
497 A	0.13334	0.08378	0.78288
498 A	0.13353	0.08259	0.78389
499 G	0.13388	0.08104	0.78508
500 A	0.13512	0.07890	0.78597
501 A	0.13844	0.07368	0.78788
502 A	0.14526	0.06403	0.79071
503 T	0.15558	0.04992	0.79449
504 T	0.16058	0.04314	0.79627
505 T	0.16473	0.03773	0.79754
506 A	0.16672	0.03514	0.79814
507 T	0.17058	0.02976	0.79966
508 T	0.17309	0.02517	0.80174
509 A	0.17556	0.01969	0.80475
510 T	0.18124	0.01068	0.80809
511 T	0.18376	0.00706	0.80917
512 C	0.18457	0.00592	0.8095
513 T	0.18561	0.00536	0.80903
514 T	0.18614	0.00525	0.8086
515 T	0.18629	0.00599	0.80772
516 T	0.18639	0.00607	0.80754
517 T	0.18640	0.00631	0.8073
518 T	0.18638	0.00650	0.80711
519 T	0.18625	0.00668	0.80707
520 C	0.18612	0.00681	0.80707
521 A	0.18608	0.00689	0.80703
522 T	0.18610	0.00690	0.80701
523 C	0.18612	0.00690	0.80698
524 C	0.18625	0.00678	0.80697
525 T	0.18650	0.00654	0.80696
526 A	0.18665	0.00641	0.80695
527 T	0.18694	0.00612	0.80694
528 C	0.18717	0.00590	0.80694
529 T	0.18778	0.00530	0.80692
530 T	0.18811	0.00499	0.80689
531 A	0.18814	0.00506	0.80679
532 T	0.18829	0.00496	0.80675
533 A	0.18839	0.00494	0.80668
534 T	0.18869	0.00465	0.80666
535 T	0.18905	0.00436	0.8066
536 T	0.18954	0.00391	0.80656
537 A	0.18982	0.00365	0.80653
538 T	0.19062	0.00275	0.80663
539 T	0.19077	0.00250	0.80673
540 T	0.19084	0.00229	0.80686
541 A	0.19082	0.00219	0.80699
542 C	0.19085	0.00192	0.80724
543 T	0.19086	0.00179	0.80736
544 T	0.19085	0.00173	0.80742
545 T	0.19084	0.00169	0.80747
546 T	0.19078	0.00172	0.80749
547 T	0.19071	0.00180	0.80749
548 T	0.19055	0.00199	0.80746
549 T	0.19031	0.00232	0.80737
550 A	0.18955	0.00326	0.80718
551 T	0.18897	0.00384	0.80719
552 A	0.18820	0.00461	0.80719
553 A	0.18788	0.00489	0.80723
554 T	0.18788	0.00481	0.80732
555 C	0.18782	0.00482	0.80736
556 T	0.18779	0.00483	0.80738
557 C	0.18764	0.00498	0.80738
558 T	0.18756	0.00509	0.80734
559 T	0.18735	0.00538	0.80727
560 G	0.18690	0.00595	0.80715
561 T	0.18670	0.00635	0.80696
562 T	0.18618	0.00722	0.8066
563 T	0.18541	0.00792	0.80667
564 T	0.18402	0.00920	0.80678
565 T	0.18177	0.01146	0.80677
566 A	0.17739	0.01596	0.80666
567 C	0.17498	0.01839	0.80664
568 A	0.17169	0.02220	0.80611
569 G	0.16977	0.02465	0.80558
570 A	0.16863	0.02691	0.80446
571 G	0.16686	0.02965	0.80349
572 G	0.16606	0.03202	0.80191
573 A	0.16587	0.03272	0.80141
574 T	0.16571	0.03349	0.8008
575 G	0.16541	0.03420	0.80039
576 T	0.16527	0.03507	0.79966
577 G	0.16499	0.03704	0.79798
578 A	0.16486	0.04111	0.79403
579 A	0.16481	0.04351	0.79168
580 A	0.16479	0.04455	0.79066
581 A	0.16482	0.04504	0.79014
582 A	0.16492	0.04509	0.78999
583 G	0.16506	0.04448	0.79046
584 A	0.16528	0.04383	0.79089
585 T	0.16564	0.04214	0.79221
586 T	0.16573	0.04058	0.79369
587 G	0.16575	0.03906	0.79519
588 G	0.16581	0.03737	0.79682
589 G	0.16597	0.03482	0.7992
590 A	0.16612	0.03372	0.80016
591 A	0.16664	0.03108	0.80227
592 A	0.16736	0.02964	0.80301
593 A	0.16866	0.02776	0.80358
594 A	0.17013	0.02518	0.80469
595 T	0.17230	0.02235	0.80534
596 G	0.17361	0.02095	0.80543
597 T	0.17544	0.01897	0.80559
598 T	0.17677	0.01758	0.80565
599 G	0.17750	0.01697	0.80553
600 G	0.17888	0.01543	0.80569
601 C	0.18243	0.01180	0.80576
602 T	0.18469	0.00956	0.80575
603 T	0.18577	0.00851	0.80571
604 C	0.18635	0.00798	0.80567
605 C	0.18675	0.00770	0.80555
606 T	0.18700	0.00751	0.8055
607 T	0.18708	0.00744	0.80547
608 A	0.18680	0.00774	0.80546
609 T	0.18663	0.00791	0.80545
610 C	0.18559	0.00896	0.80545
611 C	0.18504	0.00949	0.80547
612 T	0.18473	0.00985	0.80542
613 A	0.18390	0.01081	0.80529
614 A	0.18222	0.01267	0.8051
615 C	0.18225	0.01266	0.80509
616 A	0.17985	0.01518	0.80497
617 T	0.17892	0.01621	0.80487
618 T	0.17758	0.01770	0.80472
619 C	0.17455	0.02084	0.80462
620 A	0.17294	0.02273	0.80433
621 A	0.17210	0.02358	0.80432
622 T	0.17189	0.02375	0.80436
623 G	0.17133	0.02429	0.80438
624 T	0.17113	0.02449	0.80439
625 C	0.17081	0.02475	0.80444
626 C	0.17064	0.02489	0.80447
627 T	0.17050	0.02501	0.80449
628 A	0.17021	0.02529	0.80449
629 A	0.16998	0.02550	0.80452
630 T	0.16978	0.02561	0.80461
631 C	0.16914	0.02574	0.80512
632 A	0.16859	0.02549	0.80593
633 C	0.16839	0.02408	0.80753
634 G	0.16794	0.02378	0.80828
635 G	0.16770	0.02338	0.80892
636 A	0.16766	0.02277	0.80958
637 T	0.16774	0.02053	0.81173
638 G	0.16757	0.02012	0.81232
639 G	0.16761	0.01604	0.81635
640 G	0.16771	0.01381	0.81848
641 T	0.16787	0.01181	0.82033
642 T	0.16793	0.01004	0.82203
643 T	0.16806	0.01000	0.82194
644 T	0.16799	0.01320	0.81881
645 A	0.16775	0.01944	0.81281
646 T	0.16756	0.02895	0.8035
647 T	0.16718	0.03592	0.7969
648 T	0.16628	0.04817	0.78555
649 A	0.16431	0.05872	0.77697
650 A	0.16335	0.06545	0.7712
651 A	0.16237	0.06931	0.76832
652 A	0.16192	0.07066	0.76742
653 A	0.16171	0.07131	0.76698
654 T	0.16163	0.07102	0.76735
655 G	0.16153	0.07099	0.76748
656 A	0.16148	0.07119	0.76732
657 A	0.16149	0.07112	0.76739
658 G	0.16154	0.07132	0.76715
659 A	0.16163	0.07191	0.76646
660 A	0.16189	0.07236	0.76576
661 T	0.16229	0.07223	0.76548
662 A	0.16259	0.07279	0.76462
663 T	0.16299	0.07349	0.76352
664 G	0.16324	0.07408	0.76268
665 G	0.16392	0.07418	0.7619
666 A	0.16523	0.07477	0.76
667 A	0.16993	0.07063	0.75944
668 G	0.17747	0.06301	0.75951
669 T	0.19160	0.04885	0.75954
670 A	0.19855	0.04173	0.75971
671 T	0.20966	0.02970	0.76065
672 G	0.21500	0.02295	0.76205
673 T	0.21978	0.01747	0.76275
674 T	0.22170	0.01488	0.76342
675 T	0.22248	0.01380	0.76372
676 T	0.22273	0.01343	0.76384
677 C	0.22262	0.01353	0.76386
678 T	0.22260	0.01356	0.76385
679 A	0.22229	0.01396	0.76374
680 A	0.22230	0.01422	0.76348
681 A	0.22269	0.01403	0.76328
682 C	0.22353	0.01324	0.76322
683 T	0.22445	0.01264	0.76291
684 A	0.22494	0.01238	0.76268
685 A	0.22604	0.01139	0.76257
686 T	0.22765	0.00994	0.76241
687 T	0.22855	0.00930	0.76215
688 A	0.22918	0.00881	0.76201
689 T	0.23113	0.00683	0.76205
690 T	0.23180	0.00622	0.76198
691 G	0.23199	0.00611	0.76191
692 T	0.23235	0.00588	0.76178
693 T	0.23252	0.00586	0.76163
694 T	0.23259	0.00593	0.76149
695 T	0.23263	0.00601	0.76135
696 T	0.23259	0.00618	0.76124
697 T	0.23248	0.00635	0.76117
698 T	0.23231	0.00655	0.76114
699 A	0.23212	0.00675	0.76113
700 A	0.23209	0.00658	0.76134
701 G	0.23210	0.00633	0.76157
702 G	0.23223	0.00582	0.76195
703 T	0.23260	0.00524	0.76217
704 T	0.23288	0.00486	0.76226
705 A	0.23295	0.00480	0.76225
706 T	0.23326	0.00448	0.76226
707 T	0.23345	0.00427	0.76229
708 A	0.23352	0.00428	0.76219
709 A	0.23370	0.00415	0.76215
710 T	0.23408	0.00375	0.76218
711 T	0.23434	0.00354	0.76212
712 T	0.23449	0.00349	0.76201
713 T	0.23464	0.00338	0.76198
714 A	0.23471	0.00333	0.76196
715 T	0.23489	0.00313	0.76198
716 T	0.23507	0.00291	0.76201
717 T	0.23523	0.00269	0.76207
718 T	0.23539	0.00246	0.76216
719 T	0.23547	0.00234	0.76218
720 T	0.23549	0.00238	0.76213
721 T	0.23550	0.00236	0.76213
722 T	0.23550	0.00230	0.7622
723 A	0.23545	0.00242	0.76213
724 T	0.23548	0.00236	0.76217
725 T	0.23549	0.00233	0.76218
726 T	0.23548	0.00234	0.76218
727 T	0.23546	0.00235	0.76219
728 C	0.23545	0.00235	0.76221
729 T	0.23545	0.00234	0.7622
730 A	0.23543	0.00236	0.7622
731 T	0.23555	0.00224	0.76221
732 T	0.23561	0.00218	0.76222
733 C	0.23564	0.00215	0.76222
734 T	0.23584	0.00194	0.76222
735 T	0.23598	0.00181	0.76221
736 T	0.23600	0.00180	0.7622
737 T	0.23597	0.00187	0.76216
738 T	0.23583	0.00215	0.76202
739 G	0.23513	0.00315	0.76171
740 T	0.23470	0.00400	0.76129
741 T	0.23320	0.00612	0.76068
742 G	0.23054	0.00982	0.75964
743 T	0.22939	0.01286	0.75775
744 T	0.22739	0.01673	0.75588
745 A	0.22582	0.02005	0.75413
746 T	0.22532	0.02175	0.75293
747 T	0.22425	0.02427	0.75149
748 T	0.22287	0.02694	0.75018
749 T	0.22108	0.02989	0.74903
750 T	0.21682	0.03622	0.74696
751 A	0.20667	0.05025	0.74309
752 T	0.19991	0.05856	0.74153
753 T	0.17665	0.08267	0.74069
754 A	0.11564	0.14619	0.73818
755 G	0.07739	0.18583	0.73678
756 C	0.06150	0.20342	0.73507
757 A	0.05148	0.21717	0.73136
758 A	0.04725	0.22287	0.72988
759 A	0.04536	0.22595	0.72868
760 A	0.04440	0.22774	0.72786
761 G	0.04401	0.22884	0.72715
762 A	0.04409	0.23007	0.72583
763 A	0.04451	0.23203	0.72346
764 A	0.04525	0.23276	0.722
765 A	0.04663	0.23186	0.72151
766 T	0.04902	0.23108	0.7199
767 T	0.05063	0.23435	0.71502
768 T	0.05159	0.24200	0.70641
769 A	0.05164	0.24906	0.69929
770 A	0.05217	0.25180	0.69602
771 T	0.05266	0.25139	0.69595
772 A	0.05166	0.25084	0.6975
773 A	0.04993	0.24877	0.70129
774 A	0.04966	0.23923	0.7111
775 A	0.04955	0.23121	0.71925
776 A	0.04820	0.21260	0.73921
777 A	0.04915	0.16251	0.78834
778 A	0.04783	0.13981	0.81235
779 T	0.04705	0.15007	0.80288
780 T	0.04272	0.18217	0.77511
781 A	0.02676	0.27484	0.69841
782 A	0.02461	0.29221	0.68318
783 A	0.02306	0.30092	0.67602
784 A	0.02193	0.30555	0.67252
785 A	0.02335	0.30461	0.67204
786 A	0.02637	0.30125	0.67238
787 A	0.03018	0.29697	0.67285
788 A	0.03462	0.29192	0.67346
789 G	0.03982	0.28581	0.67437
790 C	0.04887	0.27597	0.67516
791 T	0.05969	0.26469	0.67563
792 T	0.06577	0.25797	0.67626
793 T	0.06880	0.25452	0.67668
794 T	0.07008	0.25296	0.67696
795 A	0.07071	0.25184	0.67745
796 A	0.07160	0.24788	0.68051
797 A	0.07329	0.24277	0.68393
798 A	0.07621	0.23691	0.68688
799 A	0.08308	0.22719	0.68973
800 A	0.09979	0.20675	0.69346
801 A	0.12628	0.17521	0.6985
802 T	0.16542	0.12988	0.7047
803 A	0.19859	0.08861	0.7128
804 A	0.26927	0.00000	0.73072
