# lcl|CP097583.1_cds_USQ93234.1_1
# AA	inside	membr	outside
1 A	0.55707	0.00000	0.44293
2 T	0.55623	0.00083	0.44293
3 G	0.55581	0.00125	0.44293
4 T	0.55581	0.03469	0.40949
5 T	0.54439	0.09621	0.35939
6 T	0.54439	0.10877	0.34683
7 A	0.17541	0.48802	0.33657
8 A	0.17541	0.48820	0.33639
9 A	0.16213	0.50338	0.33448
10 A	0.16210	0.62619	0.2117
11 A	0.15960	0.63230	0.20809
12 T	0.14610	0.64704	0.20686
13 A	0.11854	0.68496	0.1965
14 A	0.11853	0.68496	0.1965
15 A	0.11853	0.69717	0.18429
16 A	0.11837	0.69734	0.18429
17 A	0.11811	0.69766	0.18423
18 A	0.11807	0.69780	0.18412
19 G	0.11738	0.69853	0.18409
20 A	0.11625	0.70039	0.18336
21 A	0.11390	0.70268	0.18342
22 G	0.11606	0.70012	0.18382
23 G	0.12355	0.69126	0.18519
24 T	0.14545	0.66835	0.18619
25 T	0.15653	0.64621	0.19726
26 T	0.15967	0.63968	0.20065
27 A	0.17104	0.61867	0.21029
28 A	0.19890	0.57922	0.22189
29 A	0.20887	0.55696	0.23417
30 T	0.23208	0.21241	0.55551
31 T	0.23728	0.19896	0.56376
32 A	0.24300	0.17844	0.57856
33 T	0.34283	0.06628	0.59089
34 C	0.34511	0.05804	0.59686
35 C	0.34803	0.04687	0.6051
36 T	0.35599	0.03186	0.61215
37 T	0.35575	0.03323	0.61103
38 C	0.35944	0.03202	0.60854
39 T	0.35163	0.14433	0.50404
40 A	0.34493	0.16136	0.4937
41 T	0.34242	0.16868	0.4889
42 T	0.33775	0.18607	0.47619
43 G	0.32838	0.20222	0.4694
44 A	0.31481	0.28992	0.39526
45 T	0.30944	0.29679	0.39377
46 G	0.30814	0.30324	0.38862
47 A	0.30738	0.30878	0.38384
48 A	0.30756	0.31129	0.38115
49 T	0.30874	0.32804	0.36322
50 T	0.30857	0.33283	0.3586
51 A	0.30654	0.34148	0.35198
52 T	0.30222	0.35457	0.34322
53 T	0.28991	0.37433	0.33576
54 A	0.27816	0.39803	0.32381
55 A	0.26390	0.42461	0.31149
56 A	0.25501	0.44721	0.29777
57 A	0.24783	0.45833	0.29384
58 A	0.24496	0.46235	0.29269
59 G	0.24743	0.46029	0.29227
60 A	0.25091	0.45922	0.28987
61 A	0.25967	0.45141	0.28891
62 T	0.36511	0.33902	0.29588
63 T	0.37760	0.32127	0.30114
64 G	0.38780	0.30768	0.30452
65 A	0.39949	0.29247	0.30803
66 T	0.41307	0.27036	0.31657
67 T	0.45983	0.21352	0.32666
68 C	0.45616	0.21355	0.3303
69 T	0.46087	0.20997	0.32916
70 A	0.46214	0.21151	0.32634
71 A	0.46471	0.21071	0.32458
72 A	0.48038	0.19630	0.32332
73 T	0.48714	0.18942	0.32344
74 A	0.49296	0.18076	0.32628
75 T	0.50364	0.16495	0.33141
76 A	0.50958	0.15339	0.33703
77 A	0.51927	0.13727	0.34347
78 A	0.52977	0.11617	0.35406
79 T	0.54566	0.09197	0.36238
80 T	0.55110	0.08067	0.36822
81 A	0.55260	0.07738	0.37002
82 G	0.55504	0.07246	0.3725
83 C	0.55971	0.06649	0.3738
84 T	0.56396	0.06526	0.37078
85 T	0.56644	0.07147	0.36209
86 A	0.56819	0.07442	0.35739
87 T	0.56926	0.07702	0.35372
88 T	0.56970	0.07638	0.35391
89 T	0.56875	0.07654	0.35471
90 G	0.56575	0.07874	0.35551
91 T	0.56502	0.07477	0.36021
92 C	0.56233	0.07668	0.36099
93 T	0.56127	0.07909	0.35964
94 A	0.55224	0.09296	0.35481
95 G	0.54396	0.10559	0.35045
96 T	0.54016	0.11835	0.34149
97 A	0.52937	0.14386	0.32677
98 A	0.52046	0.15423	0.32531
99 A	0.52267	0.15254	0.32479
100 A	0.52544	0.14887	0.32568
101 T	0.52777	0.14418	0.32805
102 C	0.52614	0.14417	0.32969
103 G	0.52343	0.14660	0.32997
104 C	0.51643	0.15327	0.33031
105 C	0.50809	0.16163	0.33028
106 C	0.50405	0.16588	0.33008
107 A	0.50180	0.16886	0.32934
108 T	0.50727	0.16393	0.3288
109 G	0.50237	0.16987	0.32775
110 T	0.50000	0.17411	0.32588
111 T	0.48905	0.18767	0.32328
112 A	0.47162	0.20460	0.32378
113 T	0.46016	0.21293	0.3269
114 A	0.42968	0.24239	0.32793
115 G	0.40646	0.26313	0.33042
116 A	0.39323	0.27564	0.33114
117 A	0.39102	0.26954	0.33944
118 G	0.38822	0.26443	0.34735
119 A	0.39398	0.25470	0.35132
120 A	0.40384	0.23584	0.36032
121 C	0.40443	0.22556	0.37001
122 A	0.40448	0.22412	0.3714
123 T	0.40470	0.22260	0.37269
124 A	0.40376	0.22377	0.37247
125 A	0.40302	0.22336	0.37362
126 A	0.40275	0.22155	0.3757
127 T	0.40314	0.21004	0.38682
128 T	0.40296	0.19933	0.39771
129 A	0.40153	0.19702	0.40146
130 G	0.40107	0.19273	0.40621
131 A	0.40123	0.18831	0.41046
132 T	0.40204	0.17317	0.42479
133 G	0.40284	0.16280	0.43436
134 T	0.40615	0.14819	0.44566
135 T	0.40546	0.14121	0.45333
136 G	0.40112	0.14053	0.45835
137 A	0.39823	0.13149	0.47028
138 T	0.39816	0.11519	0.48665
139 G	0.39724	0.10745	0.49531
140 A	0.39596	0.10813	0.49591
141 T	0.39545	0.10910	0.49545
142 A	0.39313	0.11791	0.48897
143 T	0.39216	0.12020	0.48765
144 T	0.38698	0.13348	0.47954
145 G	0.37188	0.16018	0.46794
146 A	0.36675	0.18985	0.4434
147 A	0.36356	0.21466	0.42177
148 G	0.36272	0.23507	0.40222
149 G	0.36370	0.24573	0.39057
150 T	0.36576	0.25209	0.38215
151 A	0.36622	0.26222	0.37156
152 A	0.36839	0.26460	0.36701
153 T	0.37042	0.26394	0.36564
154 A	0.37174	0.26398	0.36429
155 A	0.37290	0.26431	0.36279
156 A	0.37628	0.26183	0.36189
157 A	0.38257	0.25643	0.36099
158 T	0.39203	0.24593	0.36204
159 A	0.39486	0.24152	0.36363
160 T	0.40141	0.23226	0.36633
161 T	0.40082	0.23234	0.36684
162 A	0.39685	0.23585	0.3673
163 A	0.39608	0.23534	0.36858
164 G	0.40009	0.22907	0.37085
165 T	0.40815	0.21844	0.37342
166 A	0.40807	0.21703	0.3749
167 A	0.41752	0.20254	0.37994
168 G	0.43159	0.17487	0.39355
169 G	0.45531	0.14682	0.39787
170 C	0.47980	0.11983	0.40037
171 T	0.50686	0.09909	0.39405
172 T	0.51786	0.09226	0.38988
173 T	0.52141	0.09138	0.3872
174 A	0.52196	0.09256	0.38548
175 T	0.52141	0.09355	0.38504
176 C	0.51670	0.09777	0.38554
177 A	0.51078	0.10794	0.38128
178 G	0.50955	0.11193	0.37852
179 A	0.51086	0.11315	0.376
180 A	0.51131	0.11457	0.37413
181 A	0.51283	0.11425	0.37292
182 T	0.51586	0.10645	0.37769
183 T	0.51502	0.10444	0.38054
184 G	0.51450	0.10266	0.38285
185 T	0.51541	0.10005	0.38453
186 G	0.51512	0.10023	0.38464
187 A	0.51504	0.10181	0.38314
188 A	0.51558	0.10074	0.38368
189 T	0.51547	0.09688	0.38766
190 G	0.50237	0.11059	0.38703
191 G	0.49689	0.11825	0.38486
192 A	0.49556	0.12196	0.38248
193 A	0.49551	0.12475	0.37974
194 A	0.50241	0.11668	0.38092
195 T	0.50918	0.10667	0.38415
196 T	0.51255	0.09918	0.38827
197 T	0.51481	0.09307	0.39212
198 T	0.51540	0.09021	0.39438
199 A	0.51596	0.08639	0.39764
200 A	0.51852	0.07892	0.40257
201 T	0.52168	0.07259	0.40573
202 A	0.52411	0.06862	0.40728
203 T	0.52658	0.06338	0.41004
204 T	0.52835	0.06003	0.41162
205 A	0.52955	0.05787	0.41258
206 C	0.53113	0.05412	0.41474
207 C	0.53383	0.05045	0.41572
208 T	0.53697	0.04707	0.41596
209 T	0.53979	0.04393	0.41628
210 T	0.54256	0.04093	0.41651
211 A	0.54368	0.03964	0.41668
212 A	0.54524	0.03707	0.41769
213 T	0.54825	0.02008	0.43167
214 T	0.55120	0.01084	0.43796
215 A	0.55361	0.00598	0.4404
216 A	0.55744	0.00000	0.44256
