# lcl|CP097583.1_cds_USQ93134.1_1
# AA	inside	membr	outside
1 A	0.54732	0.00000	0.45269
2 T	0.54698	0.00034	0.45269
3 G	0.54684	0.00047	0.45269
4 A	0.54684	0.00382	0.44934
5 C	0.54603	0.00721	0.44676
6 T	0.54603	0.00813	0.44584
7 T	0.53562	0.01882	0.44556
8 T	0.53562	0.01883	0.44555
9 A	0.53230	0.02227	0.44543
10 T	0.53230	0.02580	0.4419
11 G	0.53122	0.02709	0.44169
12 T	0.51925	0.03922	0.44153
13 A	0.47339	0.08674	0.43988
14 A	0.47338	0.08675	0.43988
15 G	0.47338	0.10299	0.42364
16 A	0.47278	0.10359	0.42364
17 A	0.47227	0.10431	0.42342
18 A	0.47225	0.10476	0.42299
19 T	0.47186	0.10521	0.42293
20 T	0.46718	0.11161	0.42121
21 A	0.45675	0.12204	0.42121
22 A	0.45664	0.12227	0.42109
23 C	0.45696	0.12185	0.42118
24 T	0.45820	0.12087	0.42094
25 T	0.45888	0.11995	0.42117
26 T	0.45915	0.11972	0.42112
27 A	0.46064	0.11821	0.42115
28 T	0.46267	0.11578	0.42155
29 T	0.46334	0.11370	0.42296
30 T	0.46419	0.10306	0.43275
31 T	0.46433	0.10065	0.43502
32 T	0.46406	0.09763	0.43831
33 T	0.46133	0.09876	0.43991
34 A	0.45339	0.11135	0.43527
35 A	0.45111	0.10702	0.44187
36 A	0.45104	0.07494	0.47402
37 G	0.45099	0.07447	0.47454
38 A	0.46477	0.06065	0.47458
39 T	0.46541	0.06080	0.47379
40 A	0.46580	0.06158	0.47261
41 A	0.46635	0.06103	0.47262
42 A	0.46664	0.06027	0.47309
43 A	0.46832	0.05353	0.47815
44 T	0.46864	0.04511	0.48625
45 T	0.46913	0.04525	0.48562
46 G	0.46902	0.04522	0.48575
47 T	0.46933	0.04479	0.48588
48 T	0.46908	0.04506	0.48587
49 C	0.46723	0.04732	0.48545
50 C	0.46600	0.05457	0.47943
51 T	0.46589	0.05647	0.47764
52 A	0.46464	0.06432	0.47103
53 A	0.46480	0.06986	0.46534
54 T	0.46729	0.06852	0.46419
55 T	0.46868	0.06686	0.46445
56 G	0.47002	0.06097	0.46902
57 T	0.47514	0.04822	0.47664
58 T	0.47666	0.04448	0.47886
59 C	0.47722	0.04292	0.47986
60 T	0.47808	0.04266	0.47926
61 C	0.47872	0.04291	0.47837
62 T	0.47992	0.04309	0.47699
63 T	0.48041	0.04394	0.47565
64 A	0.47993	0.04549	0.47458
65 A	0.47864	0.04876	0.47259
66 A	0.47746	0.05335	0.46918
67 A	0.47743	0.05412	0.46846
68 A	0.47829	0.05329	0.46842
69 T	0.47882	0.05245	0.46874
70 A	0.47876	0.05280	0.46843
71 A	0.47927	0.05205	0.46868
72 A	0.48071	0.04894	0.47036
73 T	0.48699	0.04129	0.47172
74 A	0.48874	0.03904	0.47222
75 T	0.49534	0.03102	0.47363
76 T	0.49972	0.02596	0.47432
77 T	0.50049	0.02482	0.47469
78 T	0.50048	0.02443	0.47509
79 C	0.50023	0.02434	0.47543
80 G	0.50020	0.02432	0.47549
81 T	0.50063	0.02383	0.47554
82 C	0.50098	0.02344	0.47559
83 T	0.50237	0.02214	0.4755
84 T	0.50367	0.02101	0.47532
85 T	0.50478	0.01988	0.47534
86 T	0.50526	0.01964	0.4751
87 A	0.50519	0.01987	0.47494
88 A	0.50653	0.01712	0.47635
89 T	0.50980	0.01230	0.4779
90 T	0.51070	0.01029	0.479
91 A	0.51085	0.00959	0.47956
92 T	0.51111	0.00876	0.48012
93 T	0.51141	0.00783	0.48076
94 A	0.51150	0.00753	0.48097
95 T	0.51166	0.00714	0.4812
96 T	0.51171	0.00697	0.48133
97 T	0.51166	0.00691	0.48144
98 T	0.51156	0.00695	0.48149
99 A	0.51138	0.00708	0.48154
100 G	0.51136	0.00695	0.4817
101 G	0.51137	0.00680	0.48183
102 T	0.51148	0.00672	0.4818
103 T	0.51163	0.00701	0.48136
104 T	0.51180	0.00747	0.48073
105 T	0.51190	0.00778	0.48032
106 A	0.51199	0.00840	0.4796
107 T	0.51218	0.00838	0.47944
108 A	0.51234	0.00826	0.4794
109 T	0.51293	0.00741	0.47966
110 T	0.51351	0.00636	0.48013
111 T	0.51357	0.00619	0.48024
112 T	0.51266	0.00725	0.48009
113 T	0.51169	0.00834	0.47997
114 T	0.51060	0.00968	0.47972
115 T	0.50936	0.01117	0.47947
116 A	0.50819	0.01254	0.47926
117 T	0.50762	0.01321	0.47917
118 T	0.50673	0.01410	0.47917
119 T	0.50455	0.01629	0.47917
120 T	0.49909	0.02186	0.47905
121 A	0.48920	0.03177	0.47903
122 C	0.48323	0.03761	0.47916
123 A	0.47901	0.04186	0.47913
124 G	0.47702	0.04383	0.47915
125 C	0.47626	0.04458	0.47916
126 C	0.47629	0.04461	0.4791
127 T	0.47681	0.04424	0.47894
128 C	0.47687	0.04446	0.47868
129 T	0.47707	0.04505	0.47788
130 T	0.47664	0.04609	0.47726
131 T	0.47600	0.04718	0.47681
132 T	0.47121	0.05227	0.47652
133 A	0.46470	0.05922	0.47608
134 A	0.46189	0.06181	0.47631
135 T	0.45849	0.06387	0.47764
136 G	0.45439	0.06686	0.47875
137 T	0.45101	0.06975	0.47923
138 T	0.44501	0.07567	0.47932
139 G	0.42794	0.09502	0.47704
140 A	0.41791	0.10743	0.47465
141 A	0.39199	0.13520	0.47282
142 A	0.36933	0.15846	0.4722
143 A	0.35761	0.16628	0.4761
144 G	0.34536	0.17130	0.48334
145 A	0.33433	0.17749	0.48818
146 G	0.32860	0.17960	0.49181
147 A	0.32392	0.18316	0.49292
148 A	0.32213	0.18480	0.49307
149 C	0.32126	0.18543	0.49331
150 A	0.32055	0.18699	0.49246
151 A	0.32044	0.18747	0.4921
152 T	0.32092	0.18648	0.4926
153 T	0.32012	0.18803	0.49185
154 T	0.31580	0.19177	0.49243
155 G	0.29778	0.20467	0.49756
156 G	0.27953	0.21704	0.50343
157 A	0.25518	0.24067	0.50416
158 C	0.24123	0.25099	0.50778
159 A	0.22170	0.27403	0.50427
160 G	0.21169	0.28438	0.50393
161 A	0.20932	0.28634	0.50434
162 T	0.21042	0.27514	0.51443
163 A	0.21020	0.27184	0.51796
164 A	0.21184	0.24481	0.54335
165 T	0.21409	0.22050	0.56541
166 A	0.21410	0.21296	0.57294
167 A	0.21462	0.20569	0.57969
168 T	0.21353	0.20226	0.58421
169 G	0.21024	0.20410	0.58566
170 G	0.20918	0.20406	0.58676
171 A	0.20952	0.20564	0.58484
172 T	0.21008	0.20436	0.58557
173 T	0.21045	0.20379	0.58576
174 T	0.20989	0.20397	0.58614
175 A	0.20788	0.20569	0.58643
176 A	0.20800	0.20462	0.58739
177 A	0.20699	0.20029	0.59271
178 A	0.20726	0.18436	0.60838
179 A	0.20885	0.16563	0.62552
180 T	0.21345	0.13787	0.64867
181 G	0.21533	0.12141	0.66325
182 T	0.22156	0.09475	0.68369
183 T	0.22429	0.08196	0.69374
184 T	0.22638	0.07757	0.69604
185 C	0.22575	0.07863	0.69562
186 G	0.21818	0.09211	0.68971
187 G	0.21404	0.10903	0.67692
188 A	0.21122	0.12973	0.65905
189 T	0.21422	0.14122	0.64456
190 A	0.21798	0.14509	0.63693
191 T	0.22780	0.13599	0.6362
192 T	0.23010	0.13465	0.63526
193 T	0.22782	0.14176	0.63042
194 T	0.22079	0.16424	0.61498
195 T	0.20543	0.20328	0.59129
196 A	0.16820	0.30211	0.52968
197 A	0.12616	0.38442	0.48942
198 A	0.09863	0.42141	0.47996
199 A	0.08794	0.43233	0.47972
200 A	0.08187	0.43749	0.48064
201 T	0.08085	0.43775	0.48139
202 A	0.07531	0.44324	0.48145
203 C	0.07156	0.44662	0.48181
204 A	0.06930	0.44973	0.48097
205 G	0.06778	0.45195	0.48027
206 A	0.06694	0.45395	0.47911
207 A	0.06683	0.45482	0.47834
208 A	0.07076	0.45076	0.47848
209 A	0.07908	0.43422	0.4867
210 A	0.09438	0.41407	0.49156
211 A	0.11130	0.39236	0.49635
212 T	0.12644	0.37499	0.49857
213 T	0.12720	0.37476	0.49805
214 G	0.10837	0.40036	0.49127
215 A	0.09659	0.41639	0.48702
216 A	0.09132	0.42356	0.48512
217 A	0.09895	0.41478	0.48628
218 A	0.12281	0.38344	0.49375
219 A	0.18333	0.28991	0.52676
220 T	0.22203	0.20891	0.56906
221 T	0.22690	0.18075	0.59234
222 T	0.22301	0.17943	0.59756
223 C	0.20622	0.20215	0.59163
224 A	0.19022	0.22195	0.58782
225 A	0.17780	0.23394	0.58826
226 G	0.16837	0.24259	0.58904
227 A	0.16435	0.25090	0.58475
228 C	0.15043	0.27428	0.57529
229 A	0.13507	0.30992	0.555
230 A	0.10705	0.35168	0.54127
231 A	0.06479	0.40325	0.53196
232 A	0.05799	0.41666	0.52536
233 A	0.05798	0.42597	0.51605
234 A	0.05972	0.43379	0.50649
235 A	0.06364	0.43540	0.50097
236 A	0.07074	0.42137	0.50789
237 T	0.08207	0.38885	0.52909
238 A	0.08532	0.37605	0.53863
239 A	0.08788	0.36711	0.54501
240 C	0.09262	0.36117	0.54622
241 A	0.09966	0.35990	0.54045
242 A	0.10209	0.36234	0.53557
243 T	0.10929	0.35269	0.53802
244 T	0.11219	0.34805	0.53976
245 C	0.11194	0.34681	0.54125
246 A	0.11382	0.34748	0.5387
247 G	0.10952	0.34585	0.54463
248 A	0.10721	0.34521	0.54758
249 A	0.10498	0.34591	0.5491
250 A	0.10866	0.33931	0.55203
251 T	0.11967	0.30768	0.57266
252 A	0.12691	0.28271	0.59039
253 A	0.13233	0.24774	0.61994
254 C	0.13602	0.20264	0.66134
255 G	0.13674	0.19683	0.66643
256 G	0.13906	0.19378	0.66715
257 A	0.14554	0.18820	0.66626
258 A	0.15189	0.18309	0.66502
259 C	0.15321	0.18221	0.66458
260 A	0.15448	0.18143	0.6641
261 A	0.15884	0.17546	0.6657
262 A	0.16490	0.16664	0.66846
263 G	0.17362	0.15611	0.67027
264 C	0.18652	0.14189	0.67159
265 T	0.20267	0.12437	0.67296
266 T	0.21242	0.11377	0.67381
267 T	0.21737	0.10845	0.67418
268 A	0.21934	0.10570	0.67497
269 T	0.22840	0.09417	0.67743
270 T	0.23158	0.08387	0.68455
271 A	0.23385	0.07928	0.68686
272 A	0.23751	0.06995	0.69254
273 T	0.23922	0.06566	0.69513
274 T	0.23929	0.06475	0.69596
275 T	0.23843	0.06229	0.69928
276 T	0.23409	0.06652	0.69938
277 A	0.22580	0.07553	0.69867
278 A	0.22212	0.07700	0.70088
279 A	0.22001	0.07669	0.70331
280 G	0.22034	0.07172	0.70794
281 G	0.22171	0.06753	0.71076
282 A	0.22299	0.06546	0.71156
283 A	0.22457	0.06245	0.71297
284 T	0.22577	0.05992	0.7143
285 G	0.22646	0.05863	0.71491
286 T	0.22756	0.05714	0.7153
287 T	0.22807	0.05627	0.71567
288 T	0.22869	0.05541	0.7159
289 A	0.22887	0.05505	0.71608
290 T	0.22990	0.05352	0.71658
291 C	0.23069	0.05191	0.71739
292 G	0.23107	0.05142	0.71751
293 G	0.23241	0.04998	0.7176
294 T	0.23611	0.04616	0.71773
295 A	0.23818	0.04403	0.71779
296 T	0.24287	0.03915	0.71798
297 T	0.24631	0.03430	0.7194
298 A	0.24780	0.03097	0.72123
299 T	0.25046	0.02335	0.72619
300 T	0.25264	0.01407	0.7333
301 A	0.25322	0.01027	0.73651
302 T	0.25470	0.00630	0.73901
303 T	0.25549	0.00442	0.7401
304 T	0.25594	0.00342	0.74063
305 T	0.25628	0.00289	0.74083
306 T	0.25612	0.00317	0.74072
307 G	0.25571	0.00392	0.74037
308 T	0.25556	0.00479	0.73964
309 T	0.25516	0.00540	0.73944
310 G	0.25466	0.00609	0.73924
311 T	0.25428	0.00683	0.73889
312 T	0.25385	0.00751	0.73864
313 C	0.25329	0.00842	0.7383
314 T	0.25277	0.00972	0.73752
315 A	0.25170	0.01124	0.73706
316 T	0.25114	0.01216	0.73669
317 T	0.25087	0.01295	0.73619
318 G	0.25038	0.01474	0.73488
319 G	0.25020	0.01775	0.73205
320 T	0.25022	0.02051	0.72927
321 T	0.24999	0.02432	0.7257
322 T	0.24859	0.02883	0.72257
323 T	0.24642	0.03330	0.72028
324 A	0.24085	0.04349	0.71566
325 A	0.23780	0.05010	0.71211
326 A	0.23604	0.05338	0.71058
327 A	0.23513	0.05495	0.70992
328 A	0.23475	0.05549	0.70976
329 A	0.23447	0.05557	0.70996
330 A	0.23459	0.05508	0.71032
331 G	0.23527	0.05412	0.71062
332 G	0.23559	0.05351	0.7109
333 A	0.23596	0.05315	0.71089
334 T	0.23675	0.05221	0.71103
335 T	0.23719	0.05125	0.71156
336 T	0.23745	0.05047	0.71207
337 A	0.23764	0.04980	0.71256
338 A	0.23779	0.04865	0.71356
339 C	0.23788	0.04780	0.71431
340 G	0.23832	0.04711	0.71457
341 G	0.23989	0.04525	0.71486
342 G	0.24361	0.04152	0.71487
343 A	0.24740	0.03795	0.71465
344 T	0.25219	0.03305	0.71476
345 T	0.25531	0.02836	0.71634
346 A	0.25671	0.02522	0.71807
347 G	0.25946	0.01754	0.723
348 T	0.26226	0.01241	0.72533
349 T	0.26331	0.01056	0.72614
350 T	0.26366	0.01031	0.72602
351 A	0.26223	0.01249	0.72529
352 G	0.26138	0.01290	0.72572
353 G	0.26105	0.01298	0.72597
354 A	0.26101	0.01299	0.726
355 A	0.26124	0.01276	0.726
356 C	0.26177	0.01213	0.7261
357 T	0.26215	0.01190	0.72595
358 T	0.26213	0.01199	0.72587
359 T	0.26203	0.01216	0.72581
360 G	0.26184	0.01237	0.72578
361 A	0.26178	0.01259	0.72563
362 T	0.26175	0.01241	0.72584
363 A	0.26161	0.01244	0.72595
364 G	0.26160	0.01229	0.72611
365 G	0.26184	0.01191	0.72625
366 A	0.26230	0.01136	0.72635
367 G	0.26268	0.01087	0.72644
368 C	0.26342	0.01000	0.72657
369 T	0.26454	0.00884	0.72662
370 T	0.26502	0.00831	0.72668
371 G	0.26534	0.00798	0.72668
372 T	0.26589	0.00746	0.72666
373 A	0.26640	0.00696	0.72664
374 T	0.26721	0.00463	0.72816
375 T	0.26728	0.00387	0.72885
376 G	0.26730	0.00375	0.72895
377 G	0.26738	0.00377	0.72885
378 T	0.26756	0.00393	0.7285
379 A	0.26764	0.00440	0.72797
380 T	0.26788	0.00429	0.72784
381 T	0.26801	0.00426	0.72773
382 T	0.26808	0.00437	0.72755
383 G	0.26810	0.00491	0.72699
384 G	0.26820	0.00602	0.72578
385 A	0.26823	0.00619	0.72557
386 T	0.26829	0.00613	0.72558
387 T	0.26815	0.00644	0.72541
388 G	0.26701	0.00787	0.72512
389 C	0.26664	0.00826	0.7251
390 G	0.26627	0.00869	0.72504
391 A	0.26597	0.00907	0.72496
392 T	0.26585	0.00922	0.72493
393 C	0.26563	0.00947	0.72489
394 G	0.26550	0.00967	0.72484
395 G	0.26550	0.00971	0.72479
396 A	0.26560	0.00962	0.72478
397 A	0.26577	0.00945	0.72478
398 T	0.26627	0.00895	0.72478
399 T	0.26672	0.00845	0.72483
400 C	0.26699	0.00816	0.72485
401 C	0.26734	0.00780	0.72486
402 T	0.26787	0.00727	0.72486
403 T	0.26805	0.00709	0.72486
404 C	0.26814	0.00700	0.72486
405 C	0.26833	0.00681	0.72486
406 A	0.26889	0.00625	0.72486
407 T	0.27009	0.00503	0.72489
408 T	0.27038	0.00472	0.7249
409 A	0.27049	0.00460	0.72491
410 T	0.27078	0.00414	0.72508
411 T	0.27103	0.00263	0.72633
412 T	0.27105	0.00221	0.72674
413 A	0.27107	0.00181	0.72712
414 T	0.27114	0.00142	0.72743
415 T	0.27117	0.00124	0.72759
416 T	0.27117	0.00107	0.72776
417 T	0.27095	0.00126	0.72778
418 T	0.27027	0.00218	0.72756
419 T	0.26824	0.00487	0.72689
420 A	0.26328	0.01141	0.7253
421 G	0.26147	0.01373	0.7248
422 A	0.26013	0.01585	0.72402
423 A	0.25939	0.01689	0.72371
424 T	0.25908	0.01727	0.72366
425 T	0.25871	0.01779	0.7235
426 T	0.25830	0.01828	0.72342
427 G	0.25785	0.01877	0.72339
428 T	0.25769	0.01893	0.72338
429 T	0.25753	0.01909	0.72338
430 T	0.25733	0.01928	0.72339
431 T	0.25724	0.01935	0.72341
432 T	0.25705	0.01952	0.72343
433 T	0.25671	0.01985	0.72345
434 C	0.25643	0.02011	0.72346
435 T	0.25631	0.02023	0.72347
436 G	0.25629	0.02023	0.72347
437 G	0.25629	0.02022	0.72348
438 A	0.25632	0.02019	0.72349
439 A	0.25639	0.02009	0.72353
440 A	0.25656	0.01948	0.72396
441 A	0.25697	0.01823	0.72481
442 A	0.25785	0.01526	0.7269
443 T	0.25952	0.00889	0.7316
444 A	0.26000	0.00674	0.73326
445 T	0.26079	0.00445	0.73476
446 T	0.26109	0.00334	0.73558
447 T	0.26121	0.00281	0.73598
448 T	0.26130	0.00234	0.73635
449 T	0.26137	0.00190	0.73674
450 T	0.26140	0.00144	0.73715
451 T	0.26143	0.00110	0.73747
452 G	0.26145	0.00061	0.73794
453 A	0.26147	0.00000	0.73853
