# lcl|CP097583.1_cds_USQ93304.1_1
# AA	inside	membr	outside
1 A	0.67391	0.00000	0.32609
2 T	0.67390	0.00001	0.32609
3 G	0.67390	0.00002	0.32609
4 A	0.67390	0.00594	0.32017
5 T	0.67383	0.01587	0.3103
6 T	0.67383	0.01772	0.30845
7 T	0.67127	0.02188	0.30685
8 T	0.67127	0.02194	0.30679
9 T	0.67095	0.02372	0.30533
10 T	0.67095	0.21545	0.11361
11 T	0.67060	0.22866	0.10075
12 T	0.66208	0.24255	0.09538
13 A	0.61048	0.32205	0.06747
14 A	0.61046	0.32208	0.06747
15 A	0.61046	0.32995	0.0596
16 A	0.60928	0.33113	0.0596
17 A	0.60774	0.33269	0.05957
18 C	0.60771	0.33279	0.05951
19 T	0.60734	0.33318	0.05948
20 A	0.60519	0.33589	0.05892
21 T	0.60229	0.33879	0.05892
22 T	0.60216	0.33900	0.05884
23 C	0.60189	0.33933	0.05878
24 T	0.60147	0.34004	0.0585
25 A	0.60034	0.34139	0.05827
26 A	0.59991	0.34184	0.05826
27 A	0.60473	0.33696	0.0583
28 T	0.61754	0.32407	0.05839
29 A	0.62111	0.32009	0.0588
30 C	0.63664	0.29964	0.06372
31 C	0.64415	0.28911	0.06673
32 A	0.65340	0.27884	0.06776
33 T	0.82391	0.10616	0.06992
34 T	0.83789	0.09179	0.07032
35 T	0.84500	0.08196	0.07305
36 T	0.85940	0.03022	0.11039
37 T	0.85852	0.02758	0.11389
38 T	0.85960	0.02442	0.11598
39 A	0.85367	0.02916	0.11718
40 A	0.85285	0.02815	0.119
41 C	0.85258	0.02725	0.12017
42 T	0.85246	0.02695	0.12058
43 A	0.85262	0.02546	0.12191
44 T	0.85237	0.02370	0.12393
45 T	0.85200	0.02423	0.12377
46 G	0.85184	0.02406	0.1241
47 T	0.85195	0.02274	0.12531
48 T	0.85196	0.02134	0.12671
49 G	0.85183	0.02086	0.12731
50 C	0.85151	0.02147	0.12702
51 A	0.85119	0.02195	0.12686
52 T	0.85097	0.02208	0.12695
53 T	0.85041	0.02266	0.12693
54 A	0.85023	0.02294	0.12682
55 A	0.85035	0.02303	0.12662
56 T	0.85090	0.02180	0.1273
57 G	0.85133	0.02007	0.12859
58 T	0.85236	0.01820	0.12944
59 T	0.85345	0.01572	0.13083
60 T	0.85379	0.01420	0.132
61 T	0.85390	0.01295	0.13316
62 T	0.85423	0.00892	0.13685
63 T	0.85427	0.00807	0.13767
64 T	0.85408	0.00785	0.13807
65 T	0.85372	0.00785	0.13844
66 A	0.85257	0.00873	0.1387
67 C	0.85180	0.00900	0.1392
68 T	0.84687	0.01400	0.13913
69 T	0.83908	0.02195	0.13898
70 G	0.81759	0.04415	0.13826
71 T	0.81117	0.05135	0.13748
72 A	0.79252	0.07093	0.13654
73 T	0.78762	0.07538	0.13701
74 T	0.78149	0.08111	0.13739
75 T	0.77601	0.08635	0.13764
76 G	0.77018	0.09194	0.13787
77 C	0.76776	0.09427	0.13797
78 T	0.76729	0.09505	0.13765
79 T	0.76658	0.09608	0.13734
80 T	0.76403	0.09883	0.13714
81 T	0.75936	0.10353	0.13711
82 T	0.75400	0.10891	0.13709
83 T	0.73925	0.12363	0.13713
84 A	0.73131	0.13153	0.13716
85 C	0.72742	0.13524	0.13733
86 A	0.72474	0.13789	0.13737
87 T	0.72360	0.13886	0.13755
88 A	0.72018	0.14218	0.13764
89 A	0.71912	0.14266	0.13823
90 A	0.71873	0.14236	0.13891
91 T	0.71909	0.13547	0.14545
92 A	0.71928	0.12667	0.15405
93 T	0.72006	0.10218	0.17775
94 A	0.72069	0.09366	0.18565
95 T	0.72160	0.07248	0.20592
96 T	0.72164	0.06707	0.21129
97 C	0.72153	0.06143	0.21704
98 A	0.72153	0.05850	0.21997
99 T	0.72172	0.05416	0.22412
100 C	0.72165	0.05230	0.22606
101 T	0.72167	0.05494	0.2234
102 T	0.72144	0.05692	0.22164
103 T	0.72102	0.05503	0.22395
104 T	0.71857	0.06068	0.22074
105 G	0.71597	0.07766	0.20637
106 G	0.71479	0.08954	0.19567
107 A	0.71380	0.14414	0.14205
108 T	0.71278	0.18454	0.10267
109 A	0.71089	0.24149	0.04762
110 A	0.70759	0.25015	0.04226
111 A	0.70550	0.25350	0.041
112 G	0.70495	0.25349	0.04156
113 G	0.70381	0.25463	0.04157
114 C	0.70345	0.25529	0.04125
115 A	0.70342	0.25707	0.03952
116 C	0.70324	0.25801	0.03876
117 A	0.70253	0.25918	0.03829
118 A	0.70178	0.26041	0.03781
119 G	0.70146	0.26105	0.03749
120 A	0.70106	0.26253	0.03641
121 C	0.70094	0.26282	0.03625
122 A	0.70069	0.26354	0.03577
123 A	0.70088	0.26302	0.0361
124 T	0.70473	0.25850	0.03676
125 C	0.70679	0.25570	0.03751
126 A	0.71042	0.25176	0.03783
127 C	0.72502	0.23427	0.04072
128 G	0.74876	0.20884	0.0424
129 A	0.78005	0.17703	0.04292
130 C	0.83484	0.12156	0.04361
131 T	0.87544	0.08009	0.04446
132 T	0.91853	0.03596	0.04551
133 T	0.92256	0.02851	0.04893
134 C	0.92310	0.02600	0.0509
135 T	0.92279	0.02595	0.05126
136 T	0.91843	0.02938	0.05219
137 C	0.91100	0.03709	0.05191
138 T	0.89097	0.05793	0.0511
139 A	0.86811	0.08182	0.05007
140 A	0.84717	0.10280	0.05003
141 T	0.82801	0.12237	0.04962
142 G	0.79248	0.16006	0.04746
143 A	0.76690	0.18583	0.04727
144 A	0.71596	0.23609	0.04796
145 A	0.68975	0.26106	0.04919
146 T	0.66651	0.28258	0.05091
147 C	0.60078	0.34709	0.05213
148 C	0.48849	0.45929	0.05223
149 A	0.45401	0.49600	0.04999
150 A	0.43573	0.51810	0.04618
151 G	0.42461	0.52979	0.04561
152 A	0.41813	0.53728	0.0446
153 T	0.41123	0.54434	0.04443
154 T	0.37675	0.57762	0.04563
155 C	0.31622	0.63696	0.04682
156 G	0.27147	0.68294	0.04559
157 A	0.24682	0.70768	0.04551
158 A	0.22330	0.73115	0.04555
159 A	0.20346	0.74785	0.04868
160 T	0.19331	0.75288	0.05381
161 C	0.17671	0.74284	0.08044
162 A	0.15947	0.74759	0.09294
163 G	0.15368	0.74040	0.10592
164 A	0.15119	0.74194	0.10686
165 A	0.15085	0.73191	0.11723
166 A	0.15002	0.72428	0.1257
167 T	0.14872	0.66500	0.18628
168 A	0.14736	0.63620	0.21644
169 A	0.14657	0.60451	0.24893
170 A	0.14610	0.53814	0.31575
171 C	0.14614	0.42118	0.43268
172 G	0.14786	0.40049	0.45166
173 A	0.15144	0.39327	0.45529
174 A	0.15267	0.39946	0.44786
175 A	0.15418	0.40779	0.43803
176 T	0.15541	0.41549	0.4291
177 T	0.15549	0.39207	0.45244
178 A	0.15369	0.37078	0.47553
179 A	0.15355	0.38710	0.45935
180 A	0.15403	0.45686	0.38911
181 A	0.15495	0.53205	0.313
182 A	0.15884	0.58945	0.2517
183 T	0.16574	0.60648	0.22778
184 T	0.16799	0.62981	0.2022
185 T	0.16396	0.70645	0.12958
186 A	0.15776	0.73163	0.1106
187 A	0.15931	0.74538	0.09531
188 A	0.16527	0.74795	0.08679
189 A	0.17213	0.74962	0.07824
190 C	0.17450	0.74907	0.07642
191 T	0.17671	0.74764	0.07564
192 T	0.15877	0.76727	0.07395
193 A	0.14519	0.78351	0.07129
194 A	0.13101	0.79990	0.0691
195 C	0.12214	0.80949	0.06837
196 A	0.12397	0.80802	0.06801
197 A	0.13420	0.79814	0.06766
198 A	0.15032	0.78234	0.06734
199 A	0.17231	0.76071	0.06699
200 C	0.19893	0.73361	0.06747
201 A	0.23046	0.70036	0.06917
202 A	0.28030	0.64934	0.07036
203 A	0.36911	0.55962	0.07127
204 C	0.48089	0.44601	0.07309
205 T	0.59212	0.33430	0.07358
206 T	0.62855	0.29540	0.07605
207 A	0.64576	0.27564	0.0786
208 C	0.69424	0.22001	0.08575
209 C	0.70822	0.19951	0.09227
210 T	0.72027	0.18528	0.09446
211 A	0.69423	0.21069	0.09508
212 T	0.70034	0.20371	0.09595
213 T	0.69591	0.20788	0.09622
214 T	0.67337	0.22315	0.10348
215 C	0.64187	0.22520	0.13293
216 A	0.61063	0.24681	0.14255
217 T	0.56811	0.27770	0.1542
218 C	0.53917	0.29980	0.16103
219 A	0.51433	0.33025	0.15542
220 A	0.48611	0.37013	0.14376
221 A	0.46515	0.40007	0.13478
222 T	0.44693	0.43178	0.12129
223 G	0.40758	0.50171	0.09071
224 A	0.37492	0.54618	0.0789
225 A	0.36282	0.55437	0.08281
226 A	0.35916	0.54868	0.09216
227 T	0.35567	0.54813	0.0962
228 C	0.34879	0.55671	0.0945
229 A	0.33908	0.60756	0.05336
230 A	0.33541	0.61564	0.04896
231 A	0.33311	0.62427	0.04262
232 A	0.33267	0.62424	0.04309
233 A	0.33364	0.61892	0.04744
234 C	0.33408	0.55723	0.10869
235 A	0.33447	0.54874	0.11679
236 T	0.33541	0.54184	0.12276
237 T	0.33557	0.55870	0.10574
238 A	0.33558	0.57915	0.08527
239 A	0.33615	0.57338	0.09047
240 T	0.33729	0.52915	0.13356
241 G	0.33774	0.51218	0.15008
242 A	0.34372	0.49635	0.15993
243 A	0.35719	0.47879	0.16402
244 A	0.36990	0.46185	0.16825
245 A	0.38795	0.43854	0.17351
246 A	0.42155	0.37907	0.19939
247 T	0.44298	0.33537	0.22165
248 T	0.44832	0.32700	0.22468
249 A	0.44895	0.35325	0.1978
250 G	0.45092	0.35214	0.19694
251 A	0.45789	0.34641	0.19569
252 T	0.49349	0.30448	0.20202
253 A	0.49893	0.30357	0.19749
254 C	0.50838	0.29337	0.19824
255 T	0.51538	0.29255	0.19207
256 A	0.51657	0.29900	0.18443
257 T	0.52354	0.29690	0.17956
258 C	0.52959	0.29182	0.17859
259 G	0.54216	0.28022	0.17762
260 T	0.57404	0.25012	0.17584
261 T	0.60497	0.21955	0.17547
262 C	0.56204	0.26301	0.17495
263 C	0.51171	0.31419	0.17409
264 T	0.45703	0.37167	0.1713
265 C	0.32269	0.51433	0.16299
266 A	0.24767	0.61440	0.13793
267 A	0.18655	0.68880	0.12465
268 A	0.16622	0.71509	0.11869
269 A	0.15619	0.72814	0.11568
270 T	0.15241	0.73409	0.1135
271 A	0.12682	0.76300	0.11018
272 A	0.12552	0.76383	0.11065
273 A	0.11734	0.77061	0.11205
274 A	0.11292	0.77433	0.11275
275 A	0.10767	0.77813	0.1142
276 A	0.10659	0.77659	0.11682
277 C	0.10607	0.77320	0.12072
278 A	0.10311	0.77506	0.12183
279 C	0.10415	0.77151	0.12434
280 G	0.09730	0.77992	0.12277
281 A	0.09371	0.78592	0.12037
282 A	0.08755	0.79480	0.11765
283 A	0.08255	0.79854	0.11892
284 A	0.07589	0.79864	0.12547
285 T	0.07680	0.72544	0.19776
286 G	0.07545	0.65492	0.26962
287 A	0.07801	0.58300	0.33898
288 G	0.08642	0.45606	0.45752
289 A	0.10827	0.37809	0.51364
290 T	0.12051	0.30578	0.57372
291 T	0.12317	0.28411	0.59272
292 G	0.11875	0.30231	0.57894
293 A	0.11508	0.37069	0.51424
294 T	0.11397	0.41035	0.47568
295 G	0.10955	0.46989	0.42056
296 A	0.10723	0.55194	0.34083
297 A	0.10633	0.61750	0.27617
298 A	0.10607	0.63616	0.25777
299 T	0.10590	0.66061	0.23349
300 A	0.09684	0.71493	0.18823
301 A	0.09477	0.74102	0.16422
302 A	0.09497	0.78052	0.12451
303 A	0.09678	0.77528	0.12794
304 A	0.09953	0.77613	0.12433
305 A	0.10338	0.77106	0.12556
306 A	0.10757	0.76421	0.12822
307 C	0.11311	0.75273	0.13415
308 A	0.11849	0.76474	0.11676
309 T	0.13437	0.76170	0.10394
310 T	0.14576	0.76307	0.09117
311 T	0.15315	0.76674	0.0801
312 A	0.15812	0.78309	0.0588
313 A	0.16607	0.77569	0.05824
314 A	0.18161	0.75722	0.06117
315 A	0.23013	0.70126	0.0686
316 T	0.33318	0.59331	0.07351
317 C	0.40247	0.52082	0.07671
318 A	0.46845	0.46165	0.06989
319 T	0.54906	0.38291	0.06803
320 T	0.59742	0.33502	0.06756
321 A	0.58246	0.35011	0.06742
322 A	0.56359	0.36895	0.06747
323 C	0.58739	0.33571	0.0769
324 C	0.60426	0.31719	0.07854
325 C	0.63308	0.29022	0.0767
326 A	0.63644	0.29302	0.07053
327 A	0.64417	0.28815	0.06768
328 C	0.64742	0.28612	0.06646
329 T	0.65082	0.28625	0.06293
330 A	0.64917	0.28862	0.0622
331 G	0.66876	0.26834	0.06291
332 T	0.69148	0.24582	0.0627
333 T	0.70074	0.23674	0.06252
334 C	0.70258	0.23310	0.06433
335 T	0.71465	0.22061	0.06474
336 T	0.71147	0.22372	0.06481
337 A	0.69482	0.24311	0.06207
338 C	0.69037	0.24820	0.06143
339 T	0.68743	0.25283	0.05974
340 A	0.67960	0.26350	0.0569
341 A	0.68371	0.25815	0.05814
342 A	0.68543	0.25476	0.05981
343 G	0.68428	0.25170	0.06402
344 A	0.68558	0.21754	0.09688
345 C	0.68726	0.17226	0.14048
346 G	0.68879	0.15774	0.15347
347 A	0.69099	0.14952	0.15949
348 T	0.69524	0.14061	0.16415
349 T	0.70101	0.13138	0.1676
350 T	0.70240	0.12829	0.16932
351 A	0.69995	0.12406	0.17599
352 G	0.69888	0.12185	0.17927
353 T	0.69514	0.12522	0.17963
354 T	0.67843	0.15828	0.1633
355 A	0.63750	0.21455	0.14795
356 A	0.60762	0.24371	0.14867
357 C	0.56806	0.28183	0.15012
358 A	0.51044	0.36322	0.12634
359 A	0.46219	0.41435	0.12347
360 C	0.41959	0.44484	0.13557
361 A	0.36289	0.51381	0.1233
362 G	0.31508	0.56256	0.12236
363 C	0.24646	0.63327	0.12027
364 A	0.17990	0.73462	0.08547
365 A	0.16646	0.77013	0.06341
366 C	0.15885	0.77812	0.06303
367 A	0.14812	0.79986	0.05202
368 T	0.14691	0.80263	0.05046
369 T	0.14384	0.80815	0.04801
370 C	0.13905	0.81552	0.04543
371 A	0.13770	0.81943	0.04288
372 A	0.13811	0.82062	0.04127
373 A	0.13977	0.81861	0.04162
374 A	0.14336	0.81401	0.04264
375 A	0.14886	0.80729	0.04385
376 A	0.15483	0.79546	0.04971
377 A	0.16780	0.76620	0.066
378 A	0.18018	0.72350	0.09632
379 A	0.18551	0.69175	0.12274
380 A	0.19209	0.65044	0.15746
381 A	0.21511	0.57694	0.20795
382 A	0.22330	0.52000	0.2567
383 A	0.23093	0.46368	0.30539
384 A	0.25009	0.38435	0.36557
385 A	0.26040	0.31841	0.42119
386 A	0.27639	0.22415	0.49946
387 C	0.31795	0.09943	0.58263
388 T	0.34541	0.05456	0.60004
389 A	0.35263	0.03526	0.61211
390 A	0.36880	0.00000	0.6312
