# lcl|CP097583.1_cds_USQ93471.1_1
# AA	inside	membr	outside
1 G	0.27595	0.00000	0.72405
2 T	0.27516	0.00079	0.72405
3 G	0.27443	0.00152	0.72405
4 T	0.27443	0.00521	0.72036
5 T	0.26718	0.01570	0.71713
6 A	0.26718	0.01638	0.71644
7 A	0.25411	0.02950	0.71639
8 C	0.25411	0.02950	0.71639
9 T	0.25181	0.03189	0.7163
10 T	0.25180	0.04069	0.70751
11 C	0.24497	0.04940	0.70564
12 A	0.16727	0.12979	0.70294
13 G	0.12472	0.17959	0.69569
14 A	0.12471	0.17961	0.69569
15 T	0.12471	0.23528	0.64001
16 A	0.12313	0.23687	0.64001
17 G	0.12149	0.23904	0.63946
18 A	0.12141	0.24075	0.63785
19 A	0.12000	0.24316	0.63684
20 A	0.10625	0.27061	0.62315
21 A	0.09149	0.28539	0.62311
22 A	0.09159	0.28816	0.62025
23 T	0.09254	0.28778	0.61969
24 T	0.09298	0.28720	0.61981
25 A	0.09065	0.28722	0.62213
26 T	0.08889	0.28716	0.62396
27 T	0.08567	0.28657	0.62776
28 C	0.06933	0.29856	0.63211
29 A	0.06129	0.30854	0.63017
30 A	0.05664	0.30951	0.63385
31 A	0.05449	0.31064	0.63487
32 A	0.05393	0.30582	0.64025
33 G	0.06092	0.29334	0.64574
34 G	0.06363	0.27451	0.66186
35 C	0.07155	0.19805	0.7304
36 A	0.07337	0.17352	0.75311
37 C	0.07213	0.17369	0.75418
38 A	0.10967	0.14220	0.74814
39 T	0.10651	0.15302	0.74047
40 G	0.10212	0.16356	0.73432
41 A	0.09926	0.17242	0.72831
42 A	0.09646	0.18024	0.7233
43 A	0.10627	0.15979	0.73395
44 A	0.09434	0.16650	0.73917
45 T	0.09579	0.16505	0.73916
46 A	0.08667	0.17753	0.73581
47 A	0.08108	0.18080	0.73812
48 A	0.07743	0.18008	0.74249
49 T	0.07063	0.18156	0.74782
50 A	0.05754	0.18863	0.75383
51 C	0.05354	0.17561	0.77085
52 G	0.05212	0.17321	0.77466
53 C	0.05107	0.17217	0.77675
54 A	0.04661	0.17767	0.77572
55 A	0.04288	0.18245	0.77466
56 T	0.04172	0.18362	0.77466
57 A	0.03818	0.18605	0.77577
58 A	0.03616	0.18706	0.77678
59 T	0.03631	0.17823	0.78546
60 A	0.03531	0.17360	0.79109
61 C	0.03957	0.16280	0.79763
62 A	0.04588	0.15328	0.80084
63 G	0.05173	0.14273	0.80554
64 G	0.05939	0.13155	0.80906
65 T	0.06717	0.12149	0.81134
66 T	0.07105	0.11755	0.81141
67 A	0.07479	0.10329	0.82192
68 A	0.07644	0.09831	0.82525
69 T	0.08034	0.08325	0.83641
70 A	0.07873	0.07824	0.84304
71 T	0.07817	0.07361	0.84822
72 T	0.07565	0.07068	0.85367
73 A	0.07140	0.07027	0.85833
74 A	0.06972	0.06837	0.8619
75 T	0.06946	0.06576	0.86478
76 A	0.06925	0.06544	0.86531
77 A	0.07026	0.06042	0.86932
78 T	0.07156	0.05471	0.87373
79 T	0.07153	0.05276	0.87571
80 T	0.07057	0.05063	0.87879
81 A	0.06487	0.05495	0.88018
82 G	0.06023	0.05887	0.88089
83 A	0.05477	0.06469	0.88054
84 A	0.04937	0.07052	0.8801
85 T	0.04872	0.07032	0.88096
86 G	0.04781	0.07082	0.88138
87 G	0.04739	0.07156	0.88106
88 A	0.04759	0.07142	0.88098
89 T	0.04836	0.07004	0.8816
90 T	0.04857	0.06874	0.8827
91 A	0.04791	0.06865	0.88344
92 A	0.04769	0.06775	0.88456
93 A	0.04803	0.06409	0.88787
94 G	0.04831	0.06072	0.89097
95 C	0.04993	0.05563	0.89445
96 T	0.05559	0.04757	0.89684
97 G	0.05629	0.04588	0.89784
98 C	0.05690	0.04487	0.89823
99 T	0.05833	0.04346	0.89821
100 T	0.05802	0.04393	0.89804
101 T	0.05542	0.04675	0.89783
102 A	0.04858	0.05417	0.89725
103 G	0.04745	0.05453	0.89801
104 A	0.04706	0.04969	0.90325
105 A	0.04735	0.04479	0.90786
106 A	0.04939	0.03701	0.9136
107 C	0.05173	0.02898	0.91929
108 T	0.05308	0.02717	0.91975
109 G	0.05358	0.02637	0.92005
110 T	0.05415	0.02578	0.92006
111 T	0.05122	0.02911	0.91967
112 G	0.04613	0.03459	0.91928
113 A	0.04272	0.03783	0.91945
114 A	0.04109	0.03855	0.92036
115 G	0.04035	0.03860	0.92105
116 A	0.03955	0.03908	0.92137
117 A	0.03918	0.03908	0.92174
118 T	0.03898	0.03917	0.92185
119 T	0.03827	0.04012	0.9216
120 A	0.03737	0.04150	0.92114
121 A	0.03701	0.04134	0.92166
122 A	0.03691	0.04040	0.92269
123 A	0.03705	0.03865	0.92431
124 T	0.03766	0.03457	0.92777
125 C	0.03847	0.02781	0.93372
126 A	0.03867	0.02689	0.93443
127 C	0.03918	0.02582	0.93499
128 C	0.03958	0.02528	0.93514
129 T	0.03987	0.02498	0.93515
130 G	0.03999	0.02484	0.93516
131 T	0.04044	0.02432	0.93524
132 T	0.04076	0.02394	0.9353
133 A	0.04104	0.02337	0.9356
134 T	0.04174	0.01850	0.93976
135 T	0.04226	0.01280	0.94494
136 T	0.04257	0.00917	0.94825
137 T	0.04256	0.00792	0.94952
138 A	0.04236	0.00758	0.95006
139 G	0.04232	0.00695	0.95072
140 G	0.04238	0.00652	0.9511
141 A	0.04248	0.00616	0.95136
142 G	0.04282	0.00510	0.95208
143 T	0.04322	0.00393	0.95285
144 T	0.04219	0.00468	0.95313
145 T	0.04058	0.00609	0.95333
146 C	0.03799	0.00864	0.95337
147 A	0.03576	0.01106	0.95318
148 G	0.03455	0.01264	0.95281
149 A	0.03366	0.01384	0.9525
150 A	0.03326	0.01446	0.95229
151 G	0.03298	0.01474	0.95227
152 G	0.03288	0.01477	0.95235
153 A	0.03280	0.01478	0.95243
154 G	0.03279	0.01470	0.95251
155 C	0.03284	0.01454	0.95262
156 T	0.03297	0.01435	0.95268
157 G	0.03302	0.01425	0.95274
158 C	0.03309	0.01409	0.95282
159 T	0.03317	0.01399	0.95284
160 C	0.03320	0.01393	0.95288
161 A	0.03326	0.01381	0.95294
162 A	0.03339	0.01365	0.95296
163 T	0.03348	0.01350	0.95302
164 A	0.03351	0.01327	0.95323
165 T	0.03349	0.01306	0.95345
166 A	0.03348	0.01212	0.95439
167 T	0.03357	0.01021	0.95622
168 G	0.03356	0.00826	0.95817
169 G	0.03365	0.00586	0.96049
170 G	0.03384	0.00398	0.96217
171 T	0.03424	0.00267	0.96309
172 G	0.03450	0.00179	0.96371
173 G	0.03471	0.00133	0.96396
174 T	0.03475	0.00115	0.9641
175 T	0.03473	0.00113	0.96414
176 T	0.03465	0.00123	0.96413
177 T	0.03437	0.00170	0.96393
178 A	0.03386	0.00230	0.96384
179 A	0.03330	0.00291	0.96379
180 A	0.03269	0.00358	0.96372
181 A	0.03214	0.00422	0.96364
182 C	0.03181	0.00456	0.96363
183 A	0.03156	0.00489	0.96355
184 G	0.03146	0.00497	0.96356
185 T	0.03145	0.00498	0.96357
186 G	0.03139	0.00504	0.96357
187 T	0.03138	0.00504	0.96359
188 C	0.03134	0.00499	0.96367
189 T	0.03134	0.00497	0.96369
190 T	0.03133	0.00498	0.96369
191 C	0.03129	0.00499	0.96372
192 T	0.03127	0.00503	0.9637
193 T	0.03124	0.00508	0.96368
194 T	0.03108	0.00527	0.96365
195 A	0.03073	0.00563	0.96364
196 G	0.03048	0.00588	0.96364
197 T	0.03029	0.00603	0.96367
198 A	0.02989	0.00639	0.96371
199 A	0.02953	0.00668	0.96379
200 A	0.02960	0.00634	0.96406
201 A	0.02964	0.00581	0.96455
202 A	0.02969	0.00525	0.96506
203 A	0.02981	0.00454	0.96566
204 T	0.02995	0.00383	0.96622
205 T	0.03000	0.00346	0.96653
206 T	0.03007	0.00319	0.96675
207 A	0.03006	0.00308	0.96686
208 G	0.03007	0.00298	0.96694
209 A	0.03009	0.00290	0.96702
210 T	0.03011	0.00281	0.96708
211 C	0.03013	0.00272	0.96715
212 T	0.03017	0.00267	0.96716
213 T	0.03020	0.00263	0.96716
214 T	0.03022	0.00260	0.96718
215 T	0.03023	0.00257	0.9672
216 T	0.03019	0.00261	0.9672
217 T	0.03013	0.00246	0.96741
218 A	0.03002	0.00226	0.96772
219 T	0.02993	0.00206	0.96801
220 A	0.02980	0.00198	0.96822
221 A	0.02976	0.00166	0.96858
222 T	0.02980	0.00125	0.96895
223 A	0.02981	0.00114	0.96905
224 T	0.02983	0.00107	0.9691
225 T	0.02984	0.00103	0.96913
226 T	0.02983	0.00102	0.96915
227 C	0.02974	0.00109	0.96917
228 T	0.02971	0.00113	0.96917
229 A	0.02959	0.00123	0.96918
230 C	0.02956	0.00126	0.96919
231 T	0.02954	0.00127	0.96919
232 C	0.02951	0.00131	0.96919
233 C	0.02950	0.00132	0.96919
234 T	0.02950	0.00132	0.96918
235 G	0.02949	0.00134	0.96917
236 T	0.02950	0.00135	0.96915
237 T	0.02951	0.00135	0.96915
238 A	0.02951	0.00135	0.96913
239 T	0.02955	0.00123	0.96922
240 T	0.02956	0.00111	0.96933
241 T	0.02953	0.00101	0.96945
242 T	0.02949	0.00096	0.96955
243 A	0.02932	0.00102	0.96966
244 C	0.02920	0.00108	0.96972
245 A	0.02907	0.00121	0.96971
246 T	0.02894	0.00133	0.96973
247 T	0.02874	0.00153	0.96972
248 T	0.02849	0.00178	0.96973
249 A	0.02817	0.00209	0.96974
250 G	0.02806	0.00210	0.96983
251 A	0.02802	0.00210	0.96988
252 T	0.02799	0.00201	0.97
253 C	0.02792	0.00204	0.97004
254 A	0.02782	0.00216	0.97002
255 T	0.02756	0.00244	0.97
256 G	0.02691	0.00309	0.97
257 G	0.02654	0.00347	0.96998
258 A	0.02643	0.00361	0.96996
259 T	0.02642	0.00359	0.96999
260 C	0.02638	0.00361	0.97002
261 T	0.02633	0.00366	0.97001
262 T	0.02623	0.00377	0.97
263 A	0.02604	0.00397	0.96999
264 T	0.02563	0.00437	0.97
265 G	0.02460	0.00541	0.96998
266 A	0.02400	0.00594	0.97005
267 A	0.02354	0.00627	0.97019
268 G	0.02337	0.00623	0.9704
269 G	0.02325	0.00617	0.97058
270 T	0.02320	0.00604	0.97076
271 G	0.02312	0.00598	0.9709
272 C	0.02308	0.00588	0.97104
273 A	0.02300	0.00606	0.97094
274 A	0.02296	0.00614	0.9709
275 A	0.02295	0.00618	0.97087
276 A	0.02294	0.00616	0.9709
277 A	0.02296	0.00607	0.97098
278 A	0.02300	0.00571	0.97129
279 A	0.02302	0.00503	0.97196
280 G	0.02305	0.00455	0.9724
281 C	0.02312	0.00432	0.97257
282 T	0.02316	0.00424	0.9726
283 T	0.02317	0.00418	0.97265
284 T	0.02318	0.00413	0.97269
285 A	0.02312	0.00413	0.97275
286 G	0.02310	0.00400	0.9729
287 A	0.02309	0.00349	0.97342
288 A	0.02311	0.00245	0.97443
289 T	0.02321	0.00165	0.97514
290 C	0.02323	0.00119	0.97558
291 G	0.02324	0.00108	0.97568
292 G	0.02326	0.00099	0.97574
293 G	0.02334	0.00089	0.97578
294 T	0.02344	0.00074	0.97582
295 T	0.02350	0.00066	0.97584
296 T	0.02358	0.00050	0.97592
297 C	0.02360	0.00043	0.97597
298 A	0.02360	0.00042	0.97598
299 C	0.02361	0.00040	0.97599
300 T	0.02359	0.00042	0.97599
301 T	0.02355	0.00048	0.97598
302 C	0.02348	0.00056	0.97596
303 G	0.02341	0.00065	0.97594
304 G	0.02336	0.00073	0.97591
305 T	0.02334	0.00075	0.9759
306 T	0.02333	0.00077	0.97589
307 A	0.02332	0.00080	0.97588
308 T	0.02333	0.00073	0.97594
309 G	0.02332	0.00070	0.97598
310 T	0.02331	0.00069	0.976
311 T	0.02330	0.00068	0.97602
312 T	0.02322	0.00075	0.97603
313 G	0.02296	0.00100	0.97604
314 A	0.02267	0.00128	0.97605
315 C	0.02248	0.00146	0.97605
316 G	0.02226	0.00170	0.97604
317 G	0.02218	0.00180	0.97602
318 A	0.02212	0.00191	0.97598
319 A	0.02206	0.00199	0.97596
320 G	0.02204	0.00201	0.97594
321 T	0.02204	0.00199	0.97597
322 A	0.02203	0.00199	0.97598
323 G	0.02203	0.00195	0.97602
324 T	0.02205	0.00187	0.97608
325 T	0.02206	0.00180	0.97614
326 A	0.02206	0.00174	0.97621
327 T	0.02207	0.00167	0.97626
328 C	0.02204	0.00167	0.9763
329 C	0.02201	0.00169	0.97631
330 T	0.02197	0.00175	0.97628
331 T	0.02190	0.00186	0.97623
332 T	0.02179	0.00201	0.9762
333 T	0.02147	0.00238	0.97615
334 G	0.02075	0.00317	0.97608
335 A	0.02017	0.00376	0.97607
336 A	0.01930	0.00447	0.97623
337 G	0.01846	0.00521	0.97632
338 A	0.01809	0.00578	0.97612
339 G	0.01784	0.00640	0.97576
340 A	0.01774	0.00704	0.97521
341 A	0.01771	0.00731	0.97498
342 T	0.01770	0.00751	0.97479
343 T	0.01766	0.00768	0.97465
344 T	0.01759	0.00785	0.97456
345 A	0.01742	0.00819	0.97439
346 A	0.01736	0.00840	0.97424
347 G	0.01733	0.00848	0.97419
348 G	0.01731	0.00858	0.97411
349 A	0.01730	0.00858	0.97412
350 A	0.01730	0.00856	0.97413
351 A	0.01730	0.00850	0.9742
352 A	0.01731	0.00837	0.97432
353 C	0.01736	0.00809	0.97456
354 T	0.01742	0.00788	0.9747
355 A	0.01744	0.00773	0.97483
356 G	0.01749	0.00742	0.97509
357 A	0.01758	0.00691	0.97551
358 G	0.01769	0.00639	0.97592
359 A	0.01780	0.00545	0.97675
360 A	0.01806	0.00440	0.97754
361 A	0.01851	0.00367	0.97783
362 T	0.01920	0.00281	0.97799
363 T	0.01973	0.00242	0.97786
364 G	0.01990	0.00225	0.97785
365 T	0.02010	0.00201	0.97789
366 T	0.02012	0.00193	0.97795
367 G	0.02004	0.00197	0.978
368 C	0.02010	0.00182	0.97808
369 T	0.02020	0.00174	0.97807
370 C	0.02017	0.00177	0.97806
371 T	0.02016	0.00179	0.97805
372 T	0.02004	0.00191	0.97805
373 T	0.01981	0.00214	0.97805
374 G	0.01950	0.00245	0.97805
375 C	0.01930	0.00265	0.97805
376 C	0.01911	0.00285	0.97805
377 A	0.01885	0.00314	0.97801
378 T	0.01870	0.00331	0.97799
379 A	0.01853	0.00353	0.97794
380 A	0.01841	0.00367	0.97792
381 A	0.01833	0.00376	0.97791
382 A	0.01831	0.00376	0.97793
383 A	0.01834	0.00370	0.97796
384 A	0.01840	0.00361	0.97798
385 G	0.01852	0.00346	0.97801
386 G	0.01878	0.00317	0.97806
387 T	0.01891	0.00298	0.97811
388 A	0.01896	0.00292	0.97812
389 T	0.01899	0.00281	0.9782
390 T	0.01899	0.00271	0.9783
391 T	0.01897	0.00267	0.97835
392 T	0.01893	0.00269	0.97837
393 A	0.01877	0.00282	0.97841
394 G	0.01868	0.00279	0.97853
395 T	0.01861	0.00270	0.97869
396 T	0.01845	0.00268	0.97887
397 G	0.01810	0.00280	0.9791
398 A	0.01797	0.00278	0.97925
399 A	0.01790	0.00265	0.97945
400 G	0.01789	0.00233	0.97977
401 C	0.01790	0.00215	0.97995
402 T	0.01793	0.00203	0.98004
403 G	0.01792	0.00200	0.98008
404 A	0.01789	0.00203	0.98008
405 A	0.01787	0.00203	0.98009
406 G	0.01786	0.00206	0.98008
407 T	0.01785	0.00204	0.9801
408 A	0.01782	0.00213	0.98005
409 G	0.01780	0.00221	0.97998
410 G	0.01781	0.00227	0.97992
411 T	0.01782	0.00234	0.97984
412 G	0.01782	0.00254	0.97964
413 G	0.01783	0.00276	0.97941
414 A	0.01786	0.00311	0.97903
415 A	0.01790	0.00315	0.97894
416 T	0.01795	0.00295	0.97909
417 T	0.01797	0.00284	0.97919
418 G	0.01792	0.00283	0.97925
419 G	0.01786	0.00280	0.97934
420 T	0.01780	0.00271	0.9795
421 G	0.01764	0.00291	0.97944
422 G	0.01755	0.00306	0.97939
423 A	0.01751	0.00324	0.97924
424 G	0.01747	0.00344	0.97909
425 A	0.01744	0.00372	0.97884
426 A	0.01745	0.00389	0.97866
427 G	0.01748	0.00407	0.97845
428 A	0.01751	0.00406	0.97844
429 A	0.01754	0.00404	0.97843
430 G	0.01758	0.00400	0.97843
431 A	0.01769	0.00386	0.97845
432 C	0.01781	0.00372	0.97848
433 G	0.01789	0.00367	0.97844
434 G	0.01801	0.00359	0.9784
435 C	0.01825	0.00341	0.97835
436 A	0.01850	0.00334	0.97815
437 T	0.01890	0.00301	0.97809
438 T	0.01904	0.00296	0.978
439 A	0.01906	0.00311	0.97783
440 T	0.01910	0.00314	0.97777
441 A	0.01910	0.00308	0.97783
442 G	0.01913	0.00295	0.97793
443 G	0.01921	0.00279	0.978
444 T	0.01938	0.00250	0.97813
445 C	0.01946	0.00236	0.97818
446 A	0.01958	0.00227	0.97816
447 A	0.01968	0.00217	0.97814
448 G	0.01984	0.00202	0.97813
449 G	0.01995	0.00197	0.97808
450 T	0.02015	0.00183	0.97801
451 G	0.02013	0.00199	0.97787
452 A	0.02014	0.00208	0.97778
453 A	0.02016	0.00210	0.97774
454 A	0.02017	0.00208	0.97775
455 A	0.02020	0.00204	0.97776
456 T	0.02031	0.00191	0.97778
457 G	0.02037	0.00186	0.97777
458 C	0.02043	0.00185	0.97773
459 T	0.02056	0.00176	0.97768
460 G	0.02049	0.00183	0.97768
461 A	0.02051	0.00181	0.97768
462 T	0.02064	0.00167	0.97769
463 C	0.02068	0.00163	0.97769
464 C	0.02069	0.00160	0.97772
465 T	0.02070	0.00160	0.9777
466 T	0.02069	0.00166	0.97765
467 A	0.02059	0.00182	0.97759
468 T	0.02043	0.00200	0.97756
469 G	0.02013	0.00232	0.97755
470 A	0.01992	0.00253	0.97755
471 A	0.01983	0.00255	0.97762
472 T	0.01983	0.00248	0.97769
473 G	0.01966	0.00264	0.9777
474 T	0.01966	0.00268	0.97766
475 C	0.01943	0.00295	0.97762
476 A	0.01921	0.00328	0.97751
477 A	0.01909	0.00350	0.97741
478 A	0.01902	0.00365	0.97733
479 A	0.01900	0.00369	0.9773
480 A	0.01899	0.00371	0.97729
481 A	0.01904	0.00361	0.97735
482 T	0.01909	0.00349	0.97742
483 T	0.01909	0.00337	0.97754
484 G	0.01907	0.00334	0.97759
485 C	0.01906	0.00331	0.97763
486 T	0.01905	0.00332	0.97763
487 G	0.01905	0.00332	0.97763
488 A	0.01907	0.00330	0.97762
489 A	0.01912	0.00324	0.97764
490 T	0.01919	0.00309	0.97772
491 T	0.01921	0.00286	0.97792
492 A	0.01923	0.00255	0.97822
493 G	0.01927	0.00224	0.97848
494 G	0.01929	0.00208	0.97864
495 A	0.01930	0.00195	0.97874
496 G	0.01936	0.00167	0.97897
497 T	0.01953	0.00138	0.97909
498 T	0.01961	0.00113	0.97926
499 G	0.01967	0.00100	0.97933
500 A	0.01972	0.00094	0.97934
501 T	0.01978	0.00092	0.9793
502 A	0.01979	0.00108	0.97912
503 T	0.01981	0.00111	0.97909
504 G	0.01979	0.00119	0.97902
505 T	0.01978	0.00120	0.97901
506 T	0.01977	0.00121	0.97901
507 G	0.01975	0.00123	0.97902
508 G	0.01974	0.00123	0.97903
509 C	0.01975	0.00121	0.97904
510 T	0.01976	0.00121	0.97903
511 G	0.01977	0.00122	0.97901
512 C	0.01978	0.00125	0.97897
513 T	0.01979	0.00139	0.97882
514 G	0.01978	0.00170	0.97851
515 G	0.01978	0.00181	0.97841
516 T	0.01979	0.00186	0.97835
517 A	0.01976	0.00198	0.97825
518 T	0.01978	0.00200	0.97823
519 C	0.01977	0.00203	0.97819
520 G	0.01980	0.00213	0.97808
521 G	0.01987	0.00215	0.97799
522 T	0.02002	0.00212	0.97786
523 A	0.02008	0.00231	0.9776
524 A	0.02019	0.00231	0.9775
525 T	0.02033	0.00217	0.9775
526 A	0.02019	0.00232	0.97748
527 T	0.02019	0.00231	0.97749
528 T	0.02003	0.00247	0.9775
529 C	0.01973	0.00276	0.9775
530 A	0.01943	0.00311	0.97746
531 T	0.01901	0.00356	0.97744
532 G	0.01724	0.00543	0.97734
533 G	0.01577	0.00719	0.97705
534 A	0.01506	0.00845	0.97649
535 A	0.01449	0.00954	0.97596
536 A	0.01424	0.01024	0.97551
537 A	0.01431	0.01018	0.97551
538 T	0.01438	0.01009	0.97553
539 A	0.01428	0.01017	0.97555
540 T	0.01424	0.01017	0.97559
541 C	0.01378	0.01061	0.97561
542 C	0.01354	0.01085	0.97561
543 T	0.01322	0.01122	0.97555
544 G	0.01244	0.01205	0.97551
545 A	0.01215	0.01238	0.97548
546 T	0.01220	0.01235	0.97546
547 A	0.01198	0.01259	0.97543
548 A	0.01163	0.01288	0.97549
549 T	0.01143	0.01285	0.97572
550 T	0.01116	0.01297	0.97587
551 G	0.01067	0.01327	0.97607
552 G	0.01032	0.01335	0.97633
553 A	0.01015	0.01330	0.97655
554 A	0.01007	0.01298	0.97696
555 A	0.01014	0.01134	0.97852
556 G	0.01044	0.00967	0.9799
557 G	0.01097	0.00848	0.98055
558 A	0.01148	0.00747	0.98105
559 T	0.01188	0.00672	0.9814
560 T	0.01186	0.00663	0.98151
561 A	0.01180	0.00680	0.9814
562 G	0.01177	0.00667	0.98155
563 A	0.01177	0.00646	0.98177
564 T	0.01179	0.00583	0.98238
565 T	0.01181	0.00551	0.98268
566 T	0.01184	0.00516	0.983
567 T	0.01178	0.00482	0.98341
568 G	0.01154	0.00534	0.98312
569 G	0.01136	0.00672	0.98191
570 A	0.01131	0.00756	0.98113
571 G	0.01134	0.00752	0.98114
572 T	0.01140	0.00772	0.98088
573 T	0.01145	0.00817	0.98038
574 T	0.01146	0.00877	0.97977
575 T	0.01143	0.00948	0.97909
576 T	0.01130	0.01135	0.97735
577 G	0.01100	0.01475	0.97425
578 A	0.01087	0.01737	0.97177
579 A	0.01059	0.01982	0.96958
580 A	0.01043	0.02296	0.96662
581 A	0.01040	0.02443	0.96518
582 A	0.01037	0.02586	0.96377
583 A	0.01044	0.02771	0.96185
584 T	0.01061	0.02904	0.96035
585 T	0.01046	0.03218	0.95737
586 A	0.01032	0.03770	0.95197
587 A	0.01028	0.03992	0.9498
588 A	0.01035	0.04157	0.94809
589 A	0.01050	0.04285	0.94665
590 A	0.01084	0.04306	0.9461
591 A	0.01169	0.04234	0.94596
592 T	0.01334	0.04055	0.9461
593 T	0.01430	0.03957	0.94613
594 A	0.01450	0.03942	0.94608
595 A	0.01496	0.03897	0.94608
596 C	0.01577	0.03811	0.94613
597 T	0.01678	0.03724	0.94599
598 A	0.01744	0.03668	0.94588
599 A	0.01927	0.03486	0.94588
600 T	0.02240	0.03162	0.94598
601 A	0.02408	0.03002	0.9459
602 A	0.02573	0.02817	0.9461
603 T	0.02865	0.02513	0.94622
604 A	0.02975	0.02397	0.94628
605 A	0.03069	0.02296	0.94636
606 A	0.03275	0.02079	0.94646
607 A	0.03459	0.01882	0.9466
608 C	0.03801	0.01510	0.9469
609 T	0.04366	0.00931	0.94703
610 C	0.04546	0.00746	0.94708
611 C	0.04699	0.00596	0.94705
612 T	0.04830	0.00474	0.94696
613 T	0.04876	0.00441	0.94682
614 T	0.04888	0.00442	0.9467
615 A	0.04808	0.00524	0.94667
616 G	0.04794	0.00539	0.94667
617 T	0.04796	0.00518	0.94687
618 A	0.04792	0.00504	0.94704
619 C	0.04798	0.00485	0.94717
620 T	0.04816	0.00462	0.94722
621 T	0.04825	0.00443	0.94732
622 C	0.04823	0.00443	0.94735
623 A	0.04815	0.00455	0.94731
624 T	0.04802	0.00469	0.94729
625 G	0.04733	0.00537	0.9473
626 G	0.04685	0.00598	0.94717
627 A	0.04618	0.00686	0.94695
628 G	0.04579	0.00663	0.94758
629 G	0.04560	0.00652	0.94788
630 T	0.04550	0.00649	0.948
631 A	0.04534	0.00663	0.94803
632 C	0.04533	0.00656	0.94811
633 T	0.04534	0.00657	0.94808
634 G	0.04531	0.00666	0.94804
635 G	0.04533	0.00678	0.94789
636 T	0.04539	0.00676	0.94785
637 A	0.04533	0.00683	0.94784
638 T	0.04519	0.00619	0.94862
639 T	0.04479	0.00644	0.94877
640 C	0.04417	0.00704	0.94879
641 C	0.04346	0.00818	0.94836
642 T	0.04254	0.01088	0.94658
643 G	0.04029	0.01450	0.94522
644 A	0.03911	0.01671	0.94417
645 A	0.03532	0.02097	0.9437
646 G	0.03435	0.02210	0.94355
647 A	0.03389	0.02252	0.9436
648 A	0.03355	0.02218	0.94427
649 A	0.03365	0.02156	0.94479
650 T	0.03391	0.02061	0.94548
651 G	0.03364	0.02055	0.94582
652 A	0.03348	0.02078	0.94574
653 T	0.03338	0.02109	0.94553
654 T	0.03298	0.02209	0.94493
655 A	0.03219	0.02330	0.94451
656 G	0.03143	0.02443	0.94415
657 A	0.03103	0.02548	0.9435
658 A	0.03098	0.02551	0.94351
659 A	0.03095	0.02546	0.9436
660 A	0.03098	0.02516	0.94385
661 G	0.03117	0.02446	0.94438
662 C	0.03164	0.02330	0.94507
663 A	0.03219	0.02239	0.94542
664 A	0.03312	0.02082	0.94606
665 T	0.03498	0.01804	0.94697
666 T	0.03602	0.01508	0.9489
667 T	0.03653	0.01365	0.94982
668 C	0.03670	0.00947	0.95383
669 T	0.03685	0.00896	0.95419
670 T	0.03688	0.00888	0.95424
671 T	0.03675	0.00910	0.95414
672 A	0.03638	0.00999	0.95364
673 G	0.03560	0.01146	0.95293
674 G	0.03521	0.01219	0.95261
675 A	0.03485	0.01438	0.95077
676 G	0.03505	0.01573	0.94922
677 T	0.03588	0.01605	0.94806
678 A	0.03616	0.01719	0.94665
679 G	0.03646	0.01883	0.94471
680 T	0.03696	0.02300	0.94004
681 T	0.03660	0.02778	0.93562
682 A	0.03615	0.03629	0.92756
683 A	0.03581	0.04042	0.92377
684 A	0.03569	0.04279	0.92152
685 A	0.03557	0.04455	0.91988
686 T	0.03562	0.04481	0.91956
687 A	0.03548	0.04527	0.91925
688 A	0.03545	0.04549	0.91906
689 A	0.03545	0.04567	0.91888
690 C	0.03556	0.04553	0.91891
691 G	0.03570	0.04554	0.91876
692 T	0.03628	0.04508	0.91863
693 T	0.03659	0.04488	0.91853
694 A	0.03683	0.04457	0.9186
695 A	0.03735	0.04384	0.91881
696 T	0.03832	0.04200	0.91967
697 A	0.03909	0.04074	0.92017
698 C	0.04168	0.03744	0.92089
699 T	0.04436	0.03471	0.92093
700 G	0.04593	0.03331	0.92075
701 A	0.04794	0.03187	0.92019
702 A	0.05121	0.02867	0.92013
703 T	0.05701	0.02284	0.92016
704 T	0.06140	0.01799	0.92061
705 T	0.06829	0.01075	0.92096
706 C	0.07104	0.00782	0.92113
707 A	0.07270	0.00652	0.92079
708 A	0.07396	0.00550	0.92055
709 T	0.07441	0.00501	0.92058
710 T	0.07467	0.00475	0.92057
711 G	0.07374	0.00581	0.92045
712 T	0.07364	0.00635	0.92001
713 C	0.07264	0.00812	0.91924
714 T	0.07102	0.01078	0.91819
715 T	0.06708	0.01510	0.91782
716 T	0.06176	0.02066	0.91757
717 T	0.05300	0.02977	0.91723
718 G	0.04185	0.04122	0.91693
719 C	0.03698	0.04634	0.91668
720 A	0.03305	0.05105	0.91589
721 A	0.03074	0.05347	0.91579
722 A	0.02903	0.05518	0.91579
723 A	0.02844	0.05576	0.9158
724 G	0.02799	0.05619	0.91582
725 C	0.02760	0.05651	0.91589
726 C	0.02723	0.05690	0.91587
727 A	0.02676	0.05751	0.91574
728 C	0.02646	0.05794	0.91561
729 T	0.02589	0.05930	0.91481
730 A	0.02345	0.06351	0.91304
731 G	0.02117	0.06764	0.91118
732 A	0.02015	0.07195	0.9079
733 A	0.01944	0.07630	0.90426
734 A	0.01931	0.07641	0.90428
735 A	0.01964	0.07562	0.90475
736 T	0.02059	0.07290	0.90652
737 A	0.02105	0.06888	0.91007
738 T	0.02129	0.06160	0.91711
739 A	0.02094	0.05551	0.92355
740 T	0.02080	0.04748	0.93173
741 C	0.01926	0.04199	0.93876
742 G	0.01662	0.04551	0.93787
743 A	0.01526	0.04809	0.93664
744 A	0.01366	0.05319	0.93315
745 G	0.01243	0.05840	0.92917
746 A	0.01116	0.06838	0.92046
747 A	0.01050	0.07707	0.91243
748 A	0.01015	0.08621	0.90364
749 A	0.00999	0.09134	0.89867
750 A	0.01014	0.09303	0.89683
751 A	0.01039	0.09304	0.89657
752 A	0.01136	0.09154	0.89709
753 A	0.01317	0.08713	0.8997
754 G	0.01522	0.08252	0.90226
755 A	0.01865	0.07820	0.90315
756 T	0.02268	0.07355	0.90376
757 T	0.02395	0.07259	0.90347
758 T	0.02434	0.07237	0.90329
759 A	0.02450	0.07302	0.90248
760 A	0.02459	0.07345	0.90196
761 T	0.02479	0.07375	0.90146
762 A	0.02486	0.07520	0.89994
763 A	0.02531	0.07671	0.89798
764 A	0.02656	0.07598	0.89746
765 T	0.03052	0.07023	0.89924
766 A	0.03249	0.06747	0.90005
767 A	0.03607	0.06300	0.90093
768 A	0.04087	0.05738	0.90175
769 G	0.05087	0.04624	0.90289
770 G	0.06042	0.03638	0.9032
771 T	0.07066	0.02626	0.90308
772 T	0.07494	0.02277	0.9023
773 T	0.07530	0.02289	0.90181
774 T	0.07408	0.02429	0.90163
775 G	0.07207	0.02633	0.90161
776 A	0.07071	0.02777	0.90152
777 C	0.07023	0.02832	0.90145
778 C	0.07004	0.02903	0.90093
779 C	0.06916	0.03086	0.89998
780 T	0.06667	0.03362	0.89972
781 A	0.05655	0.04412	0.89933
782 G	0.05391	0.04691	0.89918
783 A	0.05247	0.04848	0.89905
784 C	0.05273	0.04821	0.89906
785 A	0.05384	0.04702	0.89914
786 A	0.05633	0.04441	0.89926
787 T	0.05883	0.04179	0.89939
788 T	0.05959	0.04099	0.89943
789 A	0.05971	0.04090	0.89938
790 T	0.06004	0.03992	0.90004
791 T	0.05991	0.03981	0.90028
792 A	0.05811	0.04144	0.90045
793 A	0.05738	0.04183	0.9008
794 A	0.05696	0.04161	0.90143
795 G	0.05731	0.04028	0.90241
796 C	0.05765	0.03794	0.90442
797 C	0.05768	0.03628	0.90605
798 A	0.05770	0.03524	0.90706
799 G	0.05787	0.03428	0.90786
800 G	0.05813	0.03410	0.90777
801 T	0.05896	0.03340	0.90764
802 T	0.05975	0.03144	0.90881
803 A	0.05991	0.02684	0.91326
804 T	0.06016	0.01604	0.92379
805 T	0.06018	0.01356	0.92626
806 T	0.05950	0.01260	0.9279
807 A	0.05744	0.01432	0.92824
808 G	0.05638	0.01525	0.92836
809 C	0.05595	0.01669	0.92736
810 T	0.05519	0.02267	0.92214
811 A	0.05246	0.03324	0.91431
812 T	0.05014	0.04583	0.90403
813 A	0.04734	0.06216	0.8905
814 A	0.04611	0.06416	0.88973
815 A	0.04511	0.06382	0.89108
816 A	0.04460	0.06366	0.89174
817 T	0.04429	0.06340	0.89231
818 C	0.04332	0.06497	0.89171
819 A	0.04285	0.06588	0.89127
820 G	0.04266	0.06611	0.89122
821 A	0.04273	0.06613	0.89114
822 A	0.04288	0.06599	0.89112
823 C	0.04331	0.06555	0.89115
824 T	0.04382	0.06512	0.89107
825 T	0.04408	0.06499	0.89093
826 A	0.04413	0.06538	0.89049
827 G	0.04426	0.06571	0.89002
828 A	0.04425	0.06674	0.889
829 A	0.04409	0.06848	0.88744
830 A	0.04450	0.06671	0.88879
831 G	0.04593	0.06431	0.88976
832 A	0.04815	0.06200	0.88985
833 A	0.05430	0.05522	0.89048
834 A	0.06224	0.04523	0.89253
835 T	0.07314	0.03207	0.89479
836 T	0.08340	0.01964	0.89696
837 A	0.08283	0.01939	0.89779
838 G	0.08210	0.01957	0.89833
839 A	0.08090	0.02131	0.89779
840 A	0.08046	0.02219	0.89734
841 C	0.08134	0.02104	0.89762
842 T	0.08187	0.02043	0.8977
843 T	0.08195	0.02051	0.89754
844 T	0.08137	0.02164	0.89699
845 T	0.08094	0.02225	0.89681
846 C	0.08025	0.02304	0.8967
847 G	0.07956	0.02395	0.89648
848 G	0.07966	0.02395	0.8964
849 A	0.08016	0.02348	0.89636
850 A	0.08082	0.02271	0.89647
851 G	0.08211	0.02130	0.89659
852 T	0.08480	0.01823	0.89698
853 A	0.08546	0.01729	0.89725
854 T	0.08607	0.01643	0.89751
855 T	0.08645	0.01591	0.89764
856 A	0.08670	0.01555	0.89775
857 A	0.08703	0.01502	0.89795
858 T	0.08747	0.01433	0.8982
859 A	0.08773	0.01367	0.8986
860 A	0.08798	0.01223	0.89979
861 A	0.08849	0.01051	0.901
862 G	0.08959	0.00778	0.90263
863 C	0.09064	0.00569	0.90367
864 T	0.09173	0.00415	0.90412
865 T	0.09223	0.00311	0.90466
866 A	0.09261	0.00213	0.90526
867 A	0.09344	0.00000	0.90656
