# lcl|CP097583.1_cds_USQ93374.1_1
# AA	inside	membr	outside
1 A	0.38015	0.00000	0.61985
2 T	0.37929	0.00086	0.61985
3 G	0.37873	0.00142	0.61985
4 T	0.37873	0.02792	0.59335
5 T	0.37060	0.07504	0.55436
6 A	0.37060	0.08743	0.54197
7 A	0.34606	0.11600	0.53795
8 A	0.34606	0.11614	0.53781
9 A	0.34406	0.12182	0.53413
10 A	0.34405	0.42906	0.2269
11 T	0.34244	0.45010	0.20745
12 A	0.30926	0.49090	0.19984
13 T	0.27668	0.54205	0.18127
14 T	0.27667	0.54206	0.18127
15 T	0.27667	0.65530	0.06803
16 A	0.26876	0.66321	0.06803
17 A	0.26284	0.66996	0.0672
18 A	0.26263	0.67217	0.0652
19 A	0.25922	0.67632	0.06445
20 A	0.25284	0.68930	0.05786
21 A	0.24674	0.69542	0.05784
22 A	0.24811	0.69436	0.05754
23 A	0.25258	0.68921	0.0582
24 T	0.26422	0.67674	0.05904
25 T	0.27254	0.66286	0.0646
26 T	0.27570	0.65702	0.06729
27 C	0.28703	0.63995	0.07301
28 G	0.30699	0.61656	0.07645
29 G	0.31626	0.60674	0.077
30 A	0.32394	0.59069	0.08537
31 A	0.32852	0.58647	0.08501
32 A	0.34293	0.57060	0.08647
33 A	0.64621	0.26172	0.09207
34 T	0.69062	0.20953	0.09985
35 T	0.73408	0.13447	0.13146
36 T	0.75309	0.08863	0.15828
37 T	0.75751	0.08252	0.15996
38 T	0.79381	0.04554	0.16065
39 G	0.79277	0.04301	0.16421
40 A	0.79433	0.03852	0.16714
41 T	0.79736	0.03453	0.16811
42 T	0.79881	0.03015	0.17104
43 A	0.80363	0.02068	0.17568
44 T	0.80398	0.01572	0.1803
45 T	0.80390	0.01582	0.18028
46 C	0.80389	0.01610	0.18
47 T	0.80401	0.01999	0.17599
48 T	0.80397	0.03114	0.16488
49 A	0.80378	0.03504	0.16117
50 T	0.80397	0.03592	0.16011
51 T	0.80397	0.03641	0.15962
52 A	0.80353	0.03722	0.15925
53 C	0.80373	0.03701	0.15926
54 T	0.80451	0.03956	0.15593
55 T	0.80475	0.04178	0.15347
56 G	0.80465	0.04302	0.15234
57 T	0.80458	0.04471	0.1507
58 T	0.80394	0.04708	0.14898
59 T	0.80314	0.04909	0.14778
60 G	0.80156	0.05183	0.14661
61 A	0.80180	0.05352	0.14468
62 T	0.80402	0.05239	0.14359
63 T	0.80490	0.05342	0.14168
64 T	0.80499	0.05354	0.14147
65 T	0.80468	0.05417	0.14115
66 A	0.80344	0.05569	0.14088
67 A	0.80140	0.05768	0.14092
68 C	0.80052	0.05802	0.14146
69 A	0.80057	0.05788	0.14155
70 A	0.80479	0.05353	0.14167
71 T	0.81628	0.04180	0.14193
72 T	0.81962	0.03811	0.14228
73 C	0.82025	0.03729	0.14246
74 C	0.82081	0.03641	0.14277
75 T	0.82124	0.03582	0.14295
76 G	0.82100	0.03628	0.14273
77 T	0.82427	0.03375	0.14199
78 T	0.82611	0.03273	0.14115
79 T	0.82424	0.03455	0.14121
80 T	0.82133	0.03627	0.1424
81 A	0.81938	0.03717	0.14345
82 T	0.81960	0.03559	0.14482
83 C	0.81975	0.03357	0.14668
84 C	0.82115	0.03164	0.14721
85 T	0.82349	0.02956	0.14696
86 T	0.82450	0.02905	0.14645
87 T	0.81553	0.03901	0.14546
88 T	0.79716	0.05768	0.14516
89 T	0.75211	0.10254	0.14535
90 A	0.69805	0.15587	0.14607
91 T	0.65485	0.19896	0.14619
92 C	0.60496	0.25027	0.14478
93 A	0.57441	0.28973	0.13585
94 A	0.54155	0.33494	0.12351
95 A	0.51307	0.37593	0.111
96 A	0.49413	0.40529	0.10057
97 A	0.43853	0.47316	0.08831
98 A	0.42910	0.49067	0.08023
99 A	0.42430	0.49621	0.07949
100 G	0.42083	0.49860	0.08057
101 A	0.41910	0.49907	0.08182
102 T	0.41746	0.49725	0.0853
103 C	0.40570	0.50607	0.08822
104 C	0.39725	0.51513	0.08762
105 T	0.39265	0.52736	0.07999
106 G	0.38174	0.54516	0.07311
107 A	0.37574	0.55613	0.06813
108 A	0.37182	0.56283	0.06535
109 A	0.36983	0.56462	0.06555
110 A	0.36952	0.54567	0.0848
111 G	0.36844	0.51625	0.11532
112 G	0.36850	0.45168	0.17982
113 A	0.36984	0.40237	0.22779
114 C	0.37152	0.35625	0.27223
115 G	0.37382	0.34116	0.28502
116 A	0.38135	0.32469	0.29396
117 A	0.39201	0.30300	0.30498
118 A	0.40217	0.28271	0.31512
119 A	0.41144	0.27175	0.3168
120 C	0.42315	0.21278	0.36408
121 A	0.43115	0.24399	0.32486
122 A	0.43396	0.26047	0.30557
123 A	0.43612	0.28633	0.27755
124 A	0.44046	0.30603	0.2535
125 T	0.44876	0.30494	0.2463
126 T	0.45383	0.30677	0.2394
127 G	0.45646	0.31679	0.22675
128 T	0.46207	0.32487	0.21306
129 T	0.46474	0.35094	0.18432
130 A	0.46281	0.36980	0.16739
131 T	0.46191	0.37047	0.16761
132 T	0.45844	0.37587	0.16569
133 A	0.45135	0.38316	0.16549
134 T	0.44736	0.38645	0.16619
135 C	0.43766	0.39685	0.1655
136 G	0.42666	0.40857	0.16477
137 C	0.42264	0.41303	0.16433
138 G	0.42678	0.41085	0.16237
139 A	0.42916	0.40914	0.16169
140 C	0.43713	0.40189	0.16099
141 A	0.45367	0.38735	0.15898
142 A	0.47331	0.36785	0.15885
143 C	0.49794	0.34301	0.15905
144 T	0.54276	0.29822	0.15902
145 A	0.56016	0.28101	0.15882
146 C	0.58944	0.25167	0.15889
147 C	0.62341	0.21821	0.15837
148 A	0.64310	0.20212	0.15478
149 T	0.69188	0.15416	0.15396
150 T	0.72095	0.12562	0.15344
151 T	0.73107	0.11639	0.15254
152 T	0.72414	0.12382	0.15203
153 A	0.64618	0.19806	0.15575
154 G	0.59438	0.24617	0.15945
155 A	0.54311	0.29323	0.16366
156 T	0.50700	0.32345	0.16955
157 G	0.46891	0.35823	0.17285
158 A	0.43712	0.38302	0.17986
159 T	0.42154	0.38986	0.1886
160 G	0.39240	0.41622	0.19138
161 C	0.36287	0.44633	0.1908
162 A	0.34450	0.47849	0.17701
163 A	0.33253	0.49958	0.16789
164 T	0.32084	0.51862	0.16055
165 A	0.30446	0.53684	0.1587
166 A	0.29015	0.55211	0.15774
167 G	0.28465	0.55577	0.15957
168 A	0.27983	0.55949	0.16067
169 C	0.27796	0.55955	0.16249
170 A	0.27654	0.56104	0.16242
171 T	0.27934	0.55693	0.16373
172 T	0.27841	0.55704	0.16456
173 T	0.27485	0.55893	0.16622
174 A	0.26810	0.56457	0.16733
175 A	0.26240	0.54691	0.19069
176 T	0.25904	0.46283	0.27813
177 A	0.24851	0.41998	0.3315
178 G	0.24162	0.36595	0.39243
179 G	0.23632	0.33424	0.42943
180 T	0.23270	0.31124	0.45606
181 G	0.22319	0.30357	0.47324
182 A	0.21759	0.30154	0.48087
183 A	0.21292	0.28524	0.50184
184 G	0.21361	0.25943	0.52696
185 T	0.22183	0.24577	0.5324
186 A	0.22416	0.24645	0.52939
187 G	0.22631	0.24710	0.52658
188 A	0.22426	0.26131	0.51444
189 T	0.22325	0.27605	0.50071
190 A	0.21350	0.34323	0.44328
191 T	0.20436	0.38795	0.40769
192 A	0.17727	0.46607	0.35666
193 G	0.15009	0.53232	0.31759
194 G	0.14076	0.56448	0.29475
195 T	0.13662	0.60077	0.26261
196 G	0.13029	0.62354	0.24617
197 A	0.12777	0.63911	0.23313
198 A	0.12686	0.64524	0.2279
199 G	0.12681	0.64594	0.22725
200 T	0.12847	0.63977	0.23176
201 A	0.12854	0.63872	0.23273
202 G	0.13119	0.63638	0.23244
203 A	0.13651	0.63503	0.22847
204 T	0.14585	0.62193	0.23222
205 A	0.14738	0.62414	0.22848
206 A	0.14983	0.62780	0.22236
207 A	0.15268	0.63015	0.21717
208 G	0.15605	0.63101	0.21294
209 A	0.15995	0.63680	0.20325
210 A	0.16575	0.63771	0.19654
211 G	0.18483	0.61881	0.19636
212 A	0.20851	0.60475	0.18674
213 A	0.26433	0.55444	0.18123
214 A	0.30929	0.51267	0.17804
215 A	0.36271	0.44279	0.19449
216 T	0.41209	0.37497	0.21294
217 G	0.41902	0.38512	0.19586
218 T	0.44200	0.38675	0.17125
219 T	0.41741	0.46931	0.11327
220 A	0.36801	0.55744	0.07454
221 A	0.33343	0.59347	0.0731
222 A	0.29408	0.63358	0.07234
223 T	0.27474	0.65273	0.07253
224 A	0.23014	0.69718	0.07269
225 C	0.21043	0.71597	0.0736
226 A	0.19768	0.72965	0.07267
227 A	0.19273	0.73515	0.07212
228 A	0.19468	0.73320	0.07212
229 A	0.20334	0.72550	0.07115
230 A	0.20896	0.72135	0.0697
231 A	0.21677	0.70612	0.0771
232 A	0.22462	0.68960	0.08578
233 T	0.23492	0.66588	0.09921
234 A	0.23567	0.66008	0.10425
235 G	0.24296	0.64809	0.10895
236 A	0.25666	0.63075	0.11259
237 A	0.27374	0.60641	0.11985
238 A	0.29364	0.57680	0.12956
239 G	0.31863	0.53217	0.14919
240 T	0.35858	0.47184	0.16959
241 A	0.37730	0.43743	0.18528
242 T	0.42908	0.34715	0.22377
243 T	0.44665	0.28261	0.27074
244 A	0.44227	0.25430	0.30344
245 T	0.43937	0.20940	0.35124
246 T	0.43065	0.18753	0.38183
247 T	0.41743	0.16247	0.42009
248 G	0.37629	0.18628	0.43743
249 C	0.36085	0.19223	0.44692
250 A	0.35266	0.20447	0.44287
251 A	0.34834	0.21423	0.43743
252 G	0.34642	0.21481	0.43877
253 G	0.34829	0.21050	0.44121
254 A	0.35104	0.20659	0.44237
255 T	0.35494	0.19197	0.45308
256 C	0.35605	0.18406	0.45989
257 C	0.35748	0.17965	0.46287
258 T	0.35958	0.18026	0.46016
259 T	0.36064	0.18628	0.45308
260 T	0.36058	0.19466	0.44476
261 A	0.35980	0.21167	0.42853
262 A	0.35934	0.22943	0.41122
263 T	0.35899	0.23113	0.40989
264 G	0.35456	0.23794	0.40749
265 G	0.35106	0.24952	0.39942
266 G	0.34546	0.26211	0.39244
267 A	0.34462	0.26726	0.38812
268 G	0.34190	0.27204	0.38606
269 T	0.34263	0.27003	0.38734
270 A	0.33859	0.28319	0.37822
271 G	0.33662	0.28092	0.38245
272 G	0.33560	0.33009	0.33431
273 A	0.33835	0.39810	0.26355
274 A	0.34595	0.47279	0.18127
275 T	0.34843	0.50184	0.14973
276 A	0.34792	0.51497	0.13711
277 G	0.34782	0.51630	0.13588
278 A	0.34769	0.52023	0.13209
279 T	0.34696	0.52060	0.13244
280 C	0.34372	0.52354	0.13274
281 C	0.34539	0.52270	0.13192
282 A	0.35022	0.51944	0.13034
283 C	0.35784	0.51269	0.12948
284 A	0.37063	0.50392	0.12544
285 T	0.39122	0.48942	0.11936
286 A	0.39923	0.48790	0.11287
287 A	0.41191	0.47361	0.11449
288 T	0.42666	0.45686	0.11648
289 T	0.43635	0.44189	0.12176
290 A	0.44171	0.43760	0.1207
291 T	0.45218	0.42784	0.11997
292 A	0.45934	0.42156	0.11911
293 A	0.48095	0.39832	0.12073
294 A	0.51588	0.36267	0.12145
295 A	0.57579	0.30243	0.12178
296 C	0.64021	0.23711	0.12269
297 T	0.71403	0.17398	0.11199
298 A	0.73141	0.16877	0.09982
299 A	0.74163	0.16268	0.09568
300 A	0.74662	0.15977	0.09361
301 T	0.75322	0.15211	0.09466
302 T	0.75201	0.14919	0.0988
303 A	0.74113	0.15696	0.1019
304 T	0.73525	0.16192	0.10283
305 C	0.66876	0.23280	0.09844
306 A	0.61653	0.28989	0.09358
307 G	0.59417	0.31636	0.08947
308 A	0.58043	0.33022	0.08936
309 T	0.57666	0.33361	0.08973
310 C	0.56407	0.34656	0.08938
311 G	0.55492	0.35624	0.08884
312 C	0.53695	0.37468	0.08836
313 A	0.51950	0.39554	0.08496
314 G	0.49677	0.42054	0.08269
315 A	0.47750	0.44295	0.07955
316 A	0.46930	0.45269	0.07801
317 A	0.46571	0.45792	0.07636
318 A	0.46856	0.44873	0.08271
319 A	0.47217	0.43793	0.0899
320 T	0.48274	0.42077	0.09649
321 T	0.48796	0.41031	0.10172
322 C	0.48348	0.41133	0.10518
323 A	0.47910	0.41636	0.10455
324 A	0.47388	0.42189	0.10422
325 A	0.46938	0.42361	0.10701
326 A	0.46847	0.41564	0.1159
327 A	0.47013	0.40615	0.12372
328 G	0.47543	0.31994	0.20464
329 C	0.48133	0.25472	0.26395
330 T	0.48638	0.23019	0.28343
331 G	0.48698	0.21784	0.29519
332 A	0.48799	0.21211	0.29991
333 T	0.49094	0.19827	0.3108
334 T	0.49244	0.18910	0.31846
335 T	0.49356	0.16330	0.34313
336 A	0.49544	0.14022	0.36433
337 G	0.49743	0.11065	0.39192
338 T	0.50009	0.08934	0.41056
339 A	0.50157	0.07739	0.42105
340 G	0.50365	0.06674	0.42961
341 T	0.50453	0.06273	0.43275
342 T	0.50469	0.07299	0.42232
343 G	0.50463	0.08255	0.41282
344 T	0.50554	0.08168	0.41279
345 T	0.50563	0.08184	0.41253
346 A	0.50440	0.08680	0.40881
347 A	0.50461	0.09209	0.4033
348 T	0.50230	0.09613	0.40157
349 G	0.49890	0.10372	0.39738
350 G	0.49715	0.11555	0.3873
351 T	0.49631	0.11997	0.38372
352 T	0.49512	0.12456	0.38033
353 T	0.49418	0.13005	0.37578
354 A	0.49234	0.14327	0.36438
355 C	0.49260	0.14909	0.35831
356 A	0.49145	0.17143	0.33711
357 T	0.49220	0.19362	0.31419
358 T	0.49128	0.23153	0.27719
359 T	0.48871	0.26134	0.24995
360 A	0.48153	0.29043	0.22804
361 G	0.47574	0.29855	0.22571
362 A	0.47501	0.30055	0.22444
363 A	0.47322	0.30267	0.22412
364 G	0.47340	0.30255	0.22405
365 C	0.48596	0.29107	0.22296
366 T	0.49700	0.28999	0.21302
367 A	0.49760	0.30276	0.19965
368 A	0.50043	0.30374	0.19583
369 A	0.50614	0.29807	0.19579
370 A	0.51388	0.29055	0.19557
371 T	0.52011	0.28061	0.19927
372 G	0.52486	0.27158	0.20356
373 G	0.53421	0.25929	0.2065
374 T	0.53921	0.25118	0.20961
375 C	0.53881	0.25156	0.20963
376 G	0.53734	0.25426	0.2084
377 A	0.54463	0.24882	0.20655
378 A	0.55196	0.24315	0.20489
379 G	0.57132	0.22313	0.20554
380 C	0.59897	0.19541	0.20562
381 T	0.63828	0.16093	0.20078
382 T	0.66054	0.14653	0.19293
383 T	0.67245	0.15173	0.17581
384 T	0.67003	0.15262	0.17736
385 A	0.66363	0.16131	0.17506
386 A	0.66004	0.16547	0.17449
387 A	0.65467	0.16871	0.17663
388 C	0.65509	0.16427	0.18063
389 T	0.66469	0.15485	0.18047
390 T	0.67496	0.14536	0.17968
391 T	0.67287	0.15205	0.17508
392 T	0.66376	0.17241	0.16382
393 A	0.64354	0.22034	0.13612
394 A	0.62380	0.25275	0.12345
395 A	0.59273	0.29040	0.11686
396 A	0.52210	0.36623	0.11167
397 A	0.47864	0.41371	0.10764
398 A	0.46224	0.42798	0.10977
399 A	0.44754	0.43873	0.11373
400 G	0.43803	0.44269	0.11928
401 A	0.43557	0.44324	0.12119
402 T	0.43827	0.43938	0.12236
403 A	0.43744	0.44023	0.12233
404 C	0.44208	0.43344	0.12448
405 A	0.44992	0.42519	0.12489
406 T	0.47087	0.40164	0.12748
407 T	0.47310	0.39618	0.13071
408 A	0.47414	0.39027	0.13559
409 T	0.47767	0.38295	0.13937
410 T	0.47639	0.37391	0.1497
411 C	0.46861	0.37298	0.15841
412 C	0.46310	0.37496	0.16195
413 C	0.46006	0.37662	0.16333
414 A	0.45639	0.38230	0.16131
415 A	0.45961	0.37887	0.16153
416 T	0.48244	0.35255	0.16502
417 T	0.48457	0.34051	0.17492
418 G	0.45575	0.34480	0.19946
419 G	0.44895	0.27344	0.27762
420 T	0.44361	0.24181	0.31458
421 G	0.42846	0.24810	0.32344
422 A	0.41748	0.26211	0.32041
423 T	0.41459	0.26170	0.32371
424 A	0.40944	0.26706	0.32349
425 A	0.40533	0.26981	0.32485
426 T	0.40173	0.27015	0.32811
427 T	0.39310	0.27842	0.32848
428 T	0.36724	0.31583	0.31693
429 A	0.33423	0.37010	0.29567
430 G	0.30411	0.41388	0.28201
431 A	0.28863	0.45353	0.25784
432 A	0.27747	0.50303	0.2195
433 A	0.26844	0.57111	0.16045
434 A	0.26072	0.60747	0.1318
435 A	0.25235	0.62903	0.11862
436 A	0.24320	0.64932	0.10748
437 A	0.24251	0.65021	0.10728
438 A	0.24364	0.64351	0.11285
439 G	0.24698	0.63401	0.11901
440 A	0.25454	0.61694	0.12853
441 T	0.26900	0.56901	0.16199
442 A	0.27694	0.55169	0.17137
443 T	0.28958	0.53280	0.17762
444 A	0.29473	0.52785	0.17743
445 T	0.30445	0.51887	0.17668
446 T	0.30625	0.52132	0.17242
447 A	0.30276	0.52789	0.16934
448 A	0.30130	0.53275	0.16595
449 T	0.30199	0.52553	0.17247
450 A	0.29891	0.52481	0.17628
451 G	0.30351	0.49868	0.19781
452 A	0.32002	0.46301	0.21698
453 G	0.33567	0.42673	0.2376
454 G	0.36003	0.40335	0.23662
455 A	0.40152	0.38507	0.21341
456 A	0.46087	0.34046	0.19866
457 A	0.49707	0.30321	0.19971
458 A	0.51985	0.27511	0.20504
459 T	0.54199	0.24574	0.21226
460 T	0.55043	0.23661	0.21296
461 C	0.54236	0.24591	0.21174
462 T	0.53031	0.26548	0.20421
463 A	0.50837	0.29643	0.1952
464 A	0.49846	0.31188	0.18966
465 A	0.49773	0.31539	0.18688
466 G	0.50098	0.31349	0.18553
467 A	0.51400	0.29956	0.18643
468 T	0.53148	0.27945	0.18907
469 T	0.53939	0.26960	0.191
470 G	0.54329	0.26139	0.19532
471 T	0.54851	0.25317	0.19831
472 G	0.54732	0.25164	0.20104
473 A	0.55223	0.24285	0.20491
474 T	0.56047	0.22799	0.21154
475 C	0.56709	0.21732	0.21559
476 C	0.57196	0.21119	0.21685
477 G	0.58222	0.20082	0.21696
478 C	0.60767	0.17539	0.21694
479 A	0.62459	0.15890	0.21651
480 T	0.63372	0.14984	0.21644
481 A	0.63782	0.14564	0.21654
482 T	0.64584	0.13584	0.21833
483 T	0.64971	0.12976	0.22053
484 T	0.65027	0.11450	0.23523
485 G	0.65012	0.09898	0.25089
486 G	0.65259	0.07744	0.26997
487 T	0.65371	0.06983	0.27646
488 T	0.64414	0.08124	0.27462
489 T	0.62608	0.10694	0.26697
490 G	0.60006	0.13941	0.26053
491 A	0.58658	0.15389	0.25953
492 T	0.58000	0.15930	0.2607
493 A	0.56740	0.17050	0.26211
494 T	0.56282	0.17155	0.26563
495 C	0.55788	0.17400	0.26811
496 G	0.55329	0.18265	0.26406
497 A	0.54927	0.18828	0.26245
498 T	0.54700	0.19191	0.26109
499 T	0.54145	0.20074	0.25781
500 T	0.52490	0.22262	0.25249
501 A	0.49065	0.25895	0.25041
502 T	0.46488	0.28510	0.25002
503 G	0.42582	0.33007	0.24411
504 G	0.39757	0.36672	0.2357
505 A	0.36960	0.40503	0.22538
506 A	0.34367	0.44124	0.21509
507 G	0.31771	0.47771	0.20458
508 A	0.30095	0.51518	0.18387
509 A	0.29671	0.53060	0.17269
510 A	0.29394	0.53378	0.17227
511 G	0.29577	0.52182	0.18241
512 T	0.30284	0.50417	0.19298
513 A	0.30448	0.48586	0.20966
514 G	0.30442	0.47574	0.21985
515 T	0.30490	0.47120	0.22389
516 T	0.30247	0.46798	0.22955
517 G	0.29451	0.47874	0.22674
518 A	0.28709	0.49540	0.21751
519 T	0.28871	0.50189	0.2094
520 A	0.28612	0.52710	0.18678
521 A	0.28526	0.54266	0.17208
522 A	0.28539	0.55259	0.16201
523 T	0.28885	0.52833	0.18282
524 T	0.28220	0.50962	0.20818
525 G	0.25815	0.52277	0.21908
526 A	0.25454	0.51171	0.23375
527 A	0.25568	0.50263	0.24169
528 A	0.26158	0.48153	0.25689
529 G	0.27017	0.45296	0.27687
530 A	0.28423	0.41965	0.29612
531 T	0.30945	0.38205	0.30851
532 A	0.32515	0.37128	0.30357
533 A	0.33272	0.36639	0.30089
534 A	0.33972	0.35983	0.30045
535 T	0.34614	0.35265	0.3012
536 T	0.33990	0.36935	0.29075
537 A	0.30128	0.44564	0.25308
538 G	0.21267	0.58275	0.20458
539 A	0.17805	0.67667	0.14529
540 A	0.15063	0.74741	0.10196
541 A	0.14252	0.76132	0.09616
542 A	0.13638	0.78046	0.08317
543 A	0.15284	0.77494	0.07222
544 A	0.15842	0.78290	0.05868
545 T	0.16734	0.78596	0.0467
546 A	0.15854	0.79677	0.04469
547 A	0.15240	0.79367	0.05392
548 T	0.15998	0.76279	0.07723
549 A	0.14987	0.76400	0.08614
550 C	0.14985	0.75535	0.0948
551 C	0.15106	0.75234	0.0966
552 T	0.15090	0.75386	0.09524
553 A	0.13872	0.76944	0.09184
554 A	0.12581	0.78497	0.08922
555 C	0.11730	0.79429	0.08841
556 G	0.10543	0.81469	0.07988
557 A	0.09769	0.82514	0.07717
558 A	0.09923	0.82127	0.0795
559 A	0.11816	0.79138	0.09046
560 A	0.15684	0.71699	0.12617
561 C	0.20811	0.56085	0.23105
562 A	0.26530	0.47794	0.25676
563 T	0.31269	0.40648	0.28083
564 A	0.31153	0.41515	0.27332
565 G	0.31822	0.41428	0.2675
566 A	0.32548	0.42129	0.25322
567 A	0.33768	0.40573	0.25659
568 G	0.33709	0.41196	0.25095
569 A	0.32964	0.45304	0.21733
570 T	0.32846	0.49688	0.17466
571 A	0.26620	0.61038	0.12342
572 A	0.21800	0.67245	0.10956
573 A	0.15171	0.75461	0.09368
574 A	0.07765	0.84734	0.07501
575 A	0.05718	0.89393	0.04889
576 A	0.05584	0.89521	0.04895
577 A	0.05629	0.88788	0.05583
578 A	0.05550	0.88175	0.06276
579 A	0.06120	0.86415	0.07465
580 T	0.06729	0.84883	0.08388
581 T	0.06737	0.84346	0.08917
582 A	0.06446	0.84417	0.09137
583 G	0.06243	0.84219	0.09538
584 A	0.06430	0.83590	0.0998
585 C	0.07316	0.82094	0.1059
586 A	0.07661	0.81788	0.10551
587 A	0.09518	0.79496	0.10986
588 C	0.11946	0.76602	0.11452
589 A	0.14103	0.74553	0.11344
590 A	0.16607	0.71995	0.11398
591 T	0.21551	0.64935	0.13514
592 T	0.28292	0.56608	0.151
593 A	0.33560	0.51090	0.1535
594 T	0.38377	0.39731	0.21892
595 A	0.39095	0.34657	0.26247
596 A	0.40035	0.27195	0.32769
597 T	0.42402	0.18152	0.39446
598 T	0.44941	0.16123	0.38936
599 T	0.44642	0.17589	0.3777
600 A	0.43094	0.20312	0.36593
601 T	0.42532	0.21190	0.36277
602 T	0.40074	0.23955	0.35971
603 T	0.33395	0.32248	0.34357
604 A	0.20638	0.47879	0.31482
605 A	0.12387	0.63124	0.24489
606 A	0.09926	0.75692	0.14382
607 A	0.08601	0.77809	0.1359
608 A	0.07485	0.79968	0.12546
609 A	0.07119	0.80718	0.12163
610 T	0.07014	0.81511	0.11476
611 C	0.06663	0.82692	0.10645
612 A	0.06486	0.84730	0.08784
613 T	0.06495	0.85538	0.07967
614 T	0.06240	0.86270	0.0749
615 A	0.05510	0.87661	0.06829
616 A	0.05227	0.88134	0.06639
617 A	0.05260	0.87747	0.06993
618 A	0.05526	0.86764	0.0771
619 G	0.06017	0.85204	0.08779
620 A	0.07823	0.82221	0.09956
621 T	0.11266	0.76702	0.12032
622 T	0.12837	0.73412	0.13751
623 T	0.13439	0.72144	0.14418
624 A	0.13386	0.73025	0.13588
625 A	0.13585	0.71304	0.15111
626 A	0.14079	0.65776	0.20145
627 A	0.15820	0.53815	0.30364
628 G	0.22567	0.41214	0.36219
629 A	0.32732	0.34314	0.32953
630 A	0.34062	0.41226	0.24712
631 A	0.35442	0.49303	0.15256
632 A	0.36582	0.50610	0.12808
633 T	0.37993	0.49679	0.12327
634 A	0.38889	0.49328	0.11782
635 T	0.40791	0.47634	0.11575
636 T	0.41170	0.48232	0.10598
637 A	0.40189	0.51227	0.08584
638 T	0.39274	0.52992	0.07733
639 T	0.34765	0.57897	0.07339
640 G	0.21684	0.71902	0.06414
641 A	0.12241	0.83027	0.04732
642 A	0.09749	0.86116	0.04136
643 C	0.08790	0.87029	0.04182
644 G	0.08003	0.87881	0.04116
645 A	0.07926	0.88029	0.04045
646 A	0.09003	0.86897	0.04099
647 C	0.10655	0.85045	0.043
648 A	0.11323	0.84368	0.04309
649 A	0.12530	0.82851	0.04619
650 C	0.14200	0.80825	0.04976
651 A	0.16491	0.78604	0.04904
652 A	0.22000	0.73279	0.04721
653 A	0.31169	0.63995	0.04836
654 T	0.41645	0.53335	0.0502
655 T	0.43471	0.51551	0.04978
656 T	0.42382	0.52297	0.05321
657 A	0.37099	0.57631	0.0527
658 A	0.27032	0.67906	0.05062
659 A	0.20261	0.74299	0.0544
660 A	0.18622	0.74261	0.07117
661 A	0.18612	0.72628	0.08761
662 A	0.18881	0.67442	0.13676
663 A	0.19272	0.56310	0.24417
664 T	0.19486	0.49722	0.30792
665 T	0.15782	0.55403	0.28815
666 A	0.09694	0.68745	0.21561
667 A	0.07344	0.77724	0.14933
668 A	0.05616	0.83771	0.10613
669 A	0.04343	0.87173	0.08484
670 G	0.03470	0.88465	0.08065
671 A	0.03210	0.89359	0.0743
672 A	0.03093	0.90507	0.06401
673 A	0.03055	0.91007	0.05939
674 A	0.03181	0.90915	0.05904
675 A	0.03430	0.90561	0.06009
676 A	0.03694	0.89571	0.06735
677 A	0.03982	0.88269	0.07749
678 T	0.04349	0.86132	0.09519
679 A	0.04632	0.83934	0.11433
680 A	0.05248	0.78507	0.16245
681 T	0.06023	0.68675	0.25301
682 A	0.06356	0.64023	0.29621
683 A	0.06808	0.62190	0.31002
684 T	0.08096	0.61320	0.30584
685 A	0.08953	0.64142	0.26904
686 A	0.10878	0.62092	0.27031
687 A	0.14842	0.56876	0.28282
688 T	0.20465	0.47864	0.31671
689 T	0.27025	0.38678	0.34297
690 A	0.31776	0.38305	0.2992
691 A	0.35702	0.40213	0.24085
692 T	0.38530	0.40653	0.20818
693 T	0.39402	0.42634	0.17964
694 T	0.39968	0.44963	0.15068
695 T	0.40415	0.47245	0.1234
696 A	0.40214	0.49723	0.10063
697 G	0.40273	0.49954	0.09773
698 T	0.40403	0.50067	0.0953
699 A	0.40387	0.50199	0.09415
700 A	0.40482	0.50114	0.09404
701 C	0.40762	0.49833	0.09405
702 A	0.41112	0.49483	0.09405
703 G	0.41486	0.49107	0.09408
704 C	0.42666	0.47927	0.09406
705 T	0.45304	0.45298	0.09398
706 C	0.46800	0.43824	0.09376
707 A	0.48958	0.41772	0.0927
708 T	0.53685	0.37124	0.09191
709 G	0.54943	0.35880	0.09177
710 A	0.56257	0.34598	0.09145
711 T	0.58045	0.32818	0.09138
712 G	0.60245	0.30589	0.09167
713 C	0.66891	0.23882	0.09226
714 T	0.76568	0.14186	0.09247
715 T	0.81882	0.08847	0.09271
716 T	0.85313	0.05373	0.09314
717 T	0.87042	0.03603	0.09355
718 T	0.87829	0.02759	0.09412
719 C	0.88217	0.01904	0.09879
720 T	0.88161	0.01927	0.09912
721 T	0.87608	0.02544	0.09848
722 A	0.85080	0.05180	0.0974
723 T	0.82533	0.07685	0.09782
724 T	0.74202	0.16051	0.09747
725 G	0.60706	0.29504	0.0979
726 G	0.48331	0.41923	0.09745
727 C	0.37351	0.53067	0.09582
728 A	0.26134	0.64978	0.08888
729 A	0.23066	0.68258	0.08676
730 A	0.22019	0.69656	0.08324
731 A	0.21647	0.70209	0.08144
732 A	0.21459	0.70547	0.07994
733 T	0.21327	0.70621	0.08052
734 T	0.21096	0.70886	0.08018
735 T	0.20861	0.71123	0.08016
736 T	0.20506	0.71499	0.07995
737 C	0.19703	0.72333	0.07963
738 T	0.19012	0.73194	0.07794
739 A	0.17325	0.75180	0.07496
740 A	0.15971	0.76895	0.07134
741 A	0.15220	0.77844	0.06935
742 G	0.14688	0.78442	0.0687
743 A	0.14242	0.78724	0.07033
744 A	0.14037	0.77917	0.08047
745 A	0.13943	0.74142	0.11915
746 A	0.13889	0.69924	0.16187
747 T	0.13957	0.60395	0.25649
748 A	0.13974	0.50420	0.35606
749 A	0.14081	0.39956	0.45963
750 A	0.14298	0.29151	0.56551
751 T	0.14904	0.17466	0.67629
752 G	0.15050	0.14735	0.70214
753 T	0.15355	0.14065	0.70579
754 G	0.15471	0.15290	0.6924
755 A	0.15617	0.17817	0.66565
756 A	0.15691	0.21060	0.63249
757 T	0.15890	0.23890	0.6022
758 T	0.15944	0.30511	0.53545
759 T	0.15910	0.42027	0.42063
760 G	0.15857	0.52038	0.32105
761 A	0.15916	0.59927	0.24157
762 A	0.16122	0.62974	0.20904
763 T	0.16518	0.63551	0.19932
764 T	0.16765	0.64495	0.1874
765 A	0.16902	0.66405	0.16693
766 A	0.17135	0.65973	0.16892
767 A	0.17344	0.65657	0.16999
768 T	0.17611	0.65265	0.17124
769 T	0.17795	0.65151	0.17055
770 C	0.17930	0.65296	0.16775
771 T	0.18171	0.65252	0.16577
772 A	0.18168	0.65624	0.16209
773 T	0.17974	0.66089	0.15938
774 A	0.17397	0.67048	0.15554
775 C	0.17043	0.67677	0.1528
776 A	0.16761	0.69535	0.13703
777 A	0.17334	0.70557	0.12108
778 G	0.20394	0.68412	0.11194
779 G	0.25488	0.64398	0.10114
780 A	0.30811	0.60599	0.08589
781 A	0.40919	0.50967	0.08114
782 T	0.55791	0.36172	0.08038
783 T	0.65038	0.27161	0.07801
784 T	0.69274	0.22933	0.07793
785 C	0.67151	0.25039	0.0781
786 A	0.63461	0.28727	0.07811
787 A	0.57878	0.34309	0.07813
788 C	0.50743	0.41410	0.07847
789 C	0.41363	0.50838	0.07798
790 C	0.32089	0.60166	0.07746
791 A	0.28731	0.63760	0.07509
792 A	0.25902	0.66792	0.07307
793 A	0.23308	0.69456	0.07236
794 C	0.21297	0.71469	0.07235
795 A	0.20263	0.72594	0.07144
796 G	0.19152	0.73235	0.07613
797 A	0.18357	0.73420	0.08223
798 A	0.17983	0.73081	0.08936
799 G	0.18355	0.72040	0.09605
800 C	0.19015	0.70234	0.10751
801 G	0.18983	0.70546	0.10471
802 A	0.19505	0.70337	0.10157
803 A	0.20355	0.69865	0.09781
804 T	0.20779	0.69645	0.09576
805 A	0.20601	0.70016	0.09383
806 T	0.20577	0.68940	0.10483
807 A	0.20090	0.68259	0.11652
808 A	0.19670	0.65523	0.14807
809 A	0.19371	0.62100	0.18529
810 A	0.18341	0.57424	0.24235
811 A	0.17345	0.50741	0.31914
812 A	0.16287	0.42718	0.40996
813 C	0.15671	0.33120	0.5121
814 G	0.15468	0.33040	0.51491
815 T	0.15255	0.35849	0.48897
816 A	0.14767	0.41360	0.43873
817 A	0.14649	0.44633	0.40718
818 T	0.14637	0.45309	0.40053
819 A	0.14522	0.46694	0.38785
820 G	0.14535	0.46935	0.3853
821 A	0.14681	0.47883	0.37436
822 A	0.14950	0.49400	0.35651
823 T	0.15281	0.48322	0.36397
824 T	0.15356	0.47650	0.36995
825 A	0.14808	0.48326	0.36866
826 G	0.14138	0.49245	0.36617
827 C	0.13568	0.49998	0.36434
828 A	0.12765	0.52011	0.35225
829 G	0.12578	0.53076	0.34346
830 A	0.12799	0.53842	0.33359
831 A	0.13375	0.54351	0.32275
832 A	0.13675	0.55331	0.30994
833 A	0.14297	0.54547	0.31156
834 A	0.16276	0.52338	0.31386
835 T	0.19738	0.47717	0.32544
836 T	0.21469	0.45319	0.33213
837 A	0.23148	0.43226	0.33626
838 G	0.26058	0.39776	0.34166
839 C	0.31101	0.34224	0.34674
840 T	0.35422	0.29829	0.3475
841 C	0.36892	0.28294	0.34814
842 T	0.39956	0.25270	0.34773
843 T	0.41191	0.24094	0.34715
844 A	0.41792	0.23623	0.34585
845 A	0.43813	0.21644	0.34544
846 T	0.44511	0.20952	0.34537
847 G	0.44468	0.21006	0.34527
848 A	0.44928	0.20791	0.34281
849 T	0.45831	0.19710	0.34459
850 G	0.45811	0.20182	0.34008
851 T	0.46648	0.19076	0.34276
852 T	0.47225	0.19121	0.33653
853 A	0.47860	0.18516	0.33624
854 A	0.48888	0.17426	0.33686
855 A	0.50165	0.15959	0.33875
856 G	0.51090	0.14570	0.3434
857 C	0.52030	0.13517	0.34454
858 T	0.52368	0.13372	0.3426
859 A	0.52629	0.13347	0.34025
860 T	0.52827	0.13224	0.33949
861 T	0.52890	0.13725	0.33385
862 T	0.52868	0.14625	0.32507
863 T	0.52517	0.16847	0.30636
864 T	0.50112	0.22798	0.2709
865 A	0.44276	0.34495	0.2123
866 A	0.40947	0.39768	0.19285
867 A	0.38426	0.42777	0.18797
868 G	0.37367	0.44349	0.18285
869 A	0.37165	0.45253	0.17582
870 A	0.37723	0.44660	0.17617
871 A	0.38759	0.43233	0.18009
872 G	0.39870	0.41762	0.18368
873 T	0.41451	0.39627	0.18922
874 T	0.41996	0.38912	0.19091
875 C	0.42013	0.38875	0.19112
876 A	0.41625	0.39561	0.18814
877 A	0.41449	0.39742	0.18809
878 T	0.41071	0.40058	0.18871
879 G	0.39320	0.41803	0.18877
880 C	0.38165	0.42970	0.18865
881 C	0.37014	0.44225	0.18761
882 A	0.35586	0.46108	0.18305
883 A	0.33804	0.48174	0.18022
884 A	0.32931	0.49420	0.1765
885 A	0.33173	0.49436	0.17391
886 G	0.35167	0.47036	0.17798
887 A	0.39217	0.39877	0.20907
888 T	0.45368	0.27522	0.2711
889 T	0.46880	0.22670	0.3045
890 C	0.45478	0.22148	0.32373
891 C	0.44593	0.22831	0.32575
892 T	0.43989	0.24071	0.3194
893 T	0.42465	0.26114	0.31421
894 A	0.39452	0.29622	0.30926
895 C	0.38235	0.31078	0.30688
896 A	0.37775	0.32561	0.29665
897 A	0.37589	0.34298	0.28113
898 A	0.36744	0.35612	0.27644
899 G	0.36068	0.36301	0.27631
900 T	0.35966	0.36505	0.2753
901 T	0.35831	0.36878	0.27292
902 T	0.35438	0.37042	0.2752
903 A	0.34444	0.37664	0.27893
904 A	0.33818	0.37758	0.28425
905 A	0.33504	0.37093	0.29403
906 A	0.32030	0.37229	0.30741
907 G	0.30141	0.37890	0.31969
908 A	0.29690	0.38235	0.32075
909 A	0.29229	0.39020	0.3175
910 G	0.28873	0.39676	0.31451
911 A	0.28591	0.39808	0.316
912 A	0.28373	0.39243	0.32383
913 G	0.28074	0.35970	0.35956
914 T	0.28149	0.33160	0.3869
915 C	0.28147	0.32428	0.39425
916 G	0.27711	0.37127	0.35162
917 A	0.27282	0.44706	0.28011
918 T	0.27172	0.48076	0.24753
919 A	0.26914	0.48761	0.24326
920 A	0.27873	0.48166	0.23961
921 A	0.28402	0.46560	0.25037
922 T	0.29145	0.44558	0.26297
923 C	0.28895	0.44625	0.2648
924 T	0.29375	0.45794	0.2483
925 A	0.29481	0.48706	0.21813
926 G	0.29543	0.48640	0.21817
927 A	0.29740	0.48691	0.21569
928 A	0.29979	0.48430	0.21591
929 A	0.30123	0.46812	0.23065
930 C	0.30133	0.44726	0.25141
931 A	0.30472	0.44167	0.2536
932 A	0.30940	0.43576	0.25484
933 A	0.31207	0.43238	0.25556
934 A	0.31292	0.42837	0.25871
935 G	0.31437	0.42166	0.26397
936 A	0.31999	0.40248	0.27753
937 G	0.32877	0.38089	0.29034
938 G	0.34294	0.35839	0.29867
939 A	0.39457	0.29663	0.30879
940 T	0.46951	0.20965	0.32084
941 T	0.49954	0.17374	0.32672
942 G	0.50210	0.16344	0.33446
943 A	0.50564	0.15613	0.33824
944 G	0.51061	0.14248	0.34692
945 T	0.51677	0.12907	0.35416
946 C	0.51949	0.11762	0.36289
947 C	0.53597	0.10053	0.36349
948 T	0.56186	0.08650	0.35164
949 A	0.56430	0.11230	0.3234
950 T	0.56655	0.12957	0.30388
951 A	0.54546	0.16880	0.28573
952 T	0.53692	0.18175	0.28133
953 T	0.52634	0.19581	0.27785
954 G	0.51664	0.20325	0.28011
955 A	0.50835	0.20982	0.28184
956 T	0.50516	0.21032	0.28452
957 T	0.49525	0.21809	0.28667
958 C	0.47823	0.23417	0.2876
959 C	0.45875	0.25463	0.28662
960 T	0.44301	0.27416	0.28284
961 G	0.42701	0.29819	0.27479
962 A	0.42230	0.31072	0.26699
963 A	0.41222	0.32349	0.26429
964 A	0.41052	0.32536	0.26412
965 A	0.40935	0.32391	0.26674
966 T	0.40862	0.32127	0.27011
967 G	0.40658	0.32122	0.27221
968 C	0.40547	0.32071	0.27382
969 A	0.40464	0.32073	0.27463
970 G	0.40934	0.31516	0.27551
971 A	0.42471	0.29965	0.27563
972 A	0.45461	0.26905	0.27633
973 T	0.47678	0.24484	0.27839
974 T	0.49080	0.20653	0.30268
975 A	0.49229	0.19333	0.31438
976 T	0.49781	0.17329	0.32889
977 A	0.49771	0.16253	0.33976
978 T	0.49795	0.14470	0.35735
979 T	0.49691	0.12993	0.37316
980 C	0.49451	0.11434	0.39115
981 T	0.49246	0.10625	0.40129
982 G	0.48664	0.10222	0.41114
983 A	0.48366	0.09878	0.41756
984 T	0.48917	0.08240	0.42842
985 T	0.49129	0.07759	0.43112
986 C	0.48147	0.07688	0.44166
987 T	0.47555	0.08749	0.43696
988 T	0.45759	0.11998	0.42242
989 T	0.42017	0.17490	0.40493
990 A	0.36048	0.24800	0.39151
991 G	0.31390	0.30082	0.38528
992 G	0.28214	0.34221	0.37565
993 A	0.24770	0.39572	0.35658
994 A	0.22446	0.43285	0.3427
995 A	0.21469	0.45019	0.33512
996 A	0.20455	0.46683	0.32862
997 G	0.19833	0.47822	0.32345
998 A	0.19516	0.49197	0.31286
999 T	0.19284	0.50244	0.30472
1000 G	0.18613	0.53549	0.27838
1001 G	0.18376	0.56908	0.24716
1002 A	0.18200	0.58818	0.22981
1003 A	0.18072	0.59526	0.22402
1004 A	0.18054	0.59659	0.22287
1005 A	0.18062	0.59193	0.22745
1006 G	0.18124	0.58544	0.23331
1007 A	0.18220	0.58192	0.23588
1008 A	0.18492	0.57264	0.24243
1009 G	0.18930	0.55059	0.26011
1010 A	0.19983	0.53235	0.26782
1011 A	0.21678	0.49459	0.28863
1012 T	0.23732	0.44229	0.3204
1013 T	0.24841	0.39501	0.35658
1014 A	0.25234	0.37419	0.37347
1015 A	0.26074	0.36603	0.37324
1016 A	0.27655	0.33513	0.38832
1017 T	0.28974	0.31194	0.39832
1018 A	0.29538	0.31228	0.39234
1019 A	0.30287	0.29474	0.40239
1020 G	0.31214	0.27925	0.4086
1021 A	0.32704	0.26203	0.41093
1022 A	0.34161	0.24464	0.41375
1023 C	0.37438	0.20408	0.42154
1024 T	0.40820	0.17041	0.42138
1025 T	0.42158	0.16360	0.41482
1026 T	0.42190	0.17973	0.39837
1027 T	0.41267	0.21841	0.36892
1028 A	0.40039	0.26463	0.33497
1029 T	0.39350	0.28012	0.32638
1030 A	0.38514	0.30158	0.31328
1031 A	0.38244	0.30516	0.3124
1032 A	0.38370	0.30412	0.31219
1033 C	0.39032	0.29725	0.31244
1034 A	0.39691	0.29062	0.31247
1035 C	0.41456	0.27282	0.31262
1036 T	0.43389	0.25340	0.31271
1037 C	0.44975	0.23741	0.31284
1038 T	0.46853	0.21860	0.31287
1039 A	0.47581	0.21112	0.31307
1040 C	0.48301	0.20348	0.31351
1041 T	0.49399	0.19133	0.31468
1042 T	0.49367	0.19122	0.31511
1043 A	0.49126	0.19288	0.31587
1044 T	0.49038	0.19257	0.31705
1045 G	0.48730	0.19453	0.31816
1046 T	0.48746	0.18995	0.32259
1047 A	0.48508	0.18743	0.32749
1048 G	0.49269	0.17306	0.33426
1049 G	0.50799	0.14834	0.34366
1050 C	0.53594	0.10563	0.35843
1051 G	0.56488	0.06888	0.36625
1052 C	0.57593	0.05311	0.37096
1053 T	0.58931	0.03845	0.37223
1054 T	0.59045	0.03657	0.37298
1055 T	0.58995	0.03741	0.37265
1056 T	0.58781	0.04002	0.37218
1057 T	0.58244	0.04877	0.36879
1058 T	0.57679	0.06066	0.36256
1059 A	0.55938	0.09756	0.34307
1060 A	0.53981	0.13519	0.325
1061 A	0.52107	0.17674	0.3022
1062 T	0.50651	0.19976	0.29373
1063 A	0.47697	0.24647	0.27656
1064 A	0.46011	0.27077	0.26912
1065 T	0.45177	0.28001	0.26822
1066 A	0.43931	0.29200	0.26869
1067 T	0.42888	0.30072	0.2704
1068 G	0.41016	0.31749	0.27235
1069 A	0.40459	0.32404	0.27137
1070 G	0.40038	0.32776	0.27186
1071 A	0.39810	0.33173	0.27018
1072 A	0.39740	0.33435	0.26824
1073 T	0.39754	0.33380	0.26866
1074 T	0.39757	0.33377	0.26866
1075 A	0.39744	0.33422	0.26833
1076 T	0.39783	0.33328	0.26889
1077 A	0.39812	0.33207	0.26981
1078 G	0.39889	0.32902	0.27208
1079 A	0.40082	0.32363	0.27556
1080 G	0.40550	0.31219	0.28231
1081 A	0.41427	0.29750	0.28822
1082 A	0.43514	0.26102	0.30384
1083 A	0.45605	0.22140	0.32255
1084 T	0.48379	0.17290	0.3433
1085 A	0.49334	0.14854	0.35812
1086 T	0.50989	0.10209	0.38801
1087 T	0.51580	0.07860	0.4056
1088 T	0.51796	0.06614	0.41591
1089 A	0.51910	0.05416	0.42674
1090 T	0.52116	0.04075	0.43809
1091 C	0.52242	0.02385	0.45374
1092 A	0.52479	0.01791	0.4573
1093 T	0.52873	0.01042	0.46085
1094 G	0.53230	0.00481	0.4629
1095 A	0.53608	0.00000	0.46392
