# lcl|CP097583.1_cds_USQ93574.1_1
# AA	inside	membr	outside
1 A	0.32009	0.00000	0.67991
2 T	0.31643	0.00366	0.67991
3 G	0.31304	0.00705	0.67991
4 A	0.31304	0.29325	0.39371
5 A	0.26431	0.40472	0.33096
6 T	0.26431	0.41430	0.32138
7 A	0.09412	0.59051	0.31536
8 A	0.09412	0.59056	0.31531
9 C	0.08316	0.60234	0.31449
10 G	0.08314	0.70361	0.21324
11 A	0.07976	0.71193	0.2083
12 A	0.05279	0.74008	0.20713
13 A	0.02865	0.76607	0.20527
14 A	0.02865	0.76608	0.20527
15 T	0.02865	0.77119	0.20016
16 G	0.02713	0.77271	0.20016
17 A	0.02492	0.77515	0.19994
18 A	0.02488	0.77563	0.19949
19 A	0.02411	0.77670	0.1992
20 A	0.02043	0.78406	0.19551
21 A	0.01516	0.78924	0.19559
22 A	0.01659	0.78774	0.19567
23 A	0.01869	0.78498	0.19632
24 G	0.03182	0.77056	0.19763
25 A	0.04029	0.75195	0.20776
26 A	0.05145	0.73208	0.21647
27 A	0.29212	0.46325	0.24462
28 C	0.35702	0.34580	0.29719
29 A	0.37858	0.32012	0.3013
30 T	0.42238	0.16515	0.41246
31 A	0.42194	0.17603	0.40202
32 T	0.42872	0.16387	0.40741
33 T	0.44718	0.15656	0.39627
34 T	0.43299	0.17930	0.38771
35 T	0.40838	0.18630	0.40532
36 A	0.36901	0.20921	0.42178
37 G	0.34839	0.23092	0.42068
38 A	0.28053	0.30087	0.41861
39 A	0.15571	0.43924	0.40505
40 C	0.13069	0.46250	0.40681
41 A	0.10602	0.49129	0.40269
42 A	0.10133	0.49949	0.39918
43 A	0.10279	0.49659	0.40062
44 C	0.10077	0.49845	0.40079
45 A	0.09922	0.50143	0.39934
46 T	0.09861	0.50207	0.39931
47 T	0.09442	0.50655	0.39902
48 A	0.09119	0.51006	0.39875
49 A	0.08934	0.51284	0.39782
50 G	0.08885	0.51225	0.3989
51 A	0.08905	0.51000	0.40095
52 G	0.09000	0.50657	0.40342
53 A	0.09549	0.49725	0.40726
54 T	0.11181	0.46972	0.41847
55 A	0.11593	0.45969	0.42439
56 T	0.12637	0.41558	0.45805
57 T	0.13408	0.38849	0.47744
58 G	0.13178	0.36845	0.49977
59 A	0.13078	0.34205	0.52718
60 A	0.12997	0.32513	0.54489
61 A	0.12902	0.26873	0.60225
62 A	0.13993	0.15254	0.70753
63 A	0.14057	0.12416	0.73528
64 C	0.14572	0.08900	0.76529
65 G	0.14964	0.08065	0.76972
66 T	0.15089	0.07836	0.77075
67 T	0.15221	0.07604	0.77175
68 T	0.14618	0.08189	0.77194
69 C	0.14029	0.08783	0.77188
70 G	0.13507	0.09521	0.76973
71 G	0.13237	0.10760	0.76004
72 T	0.13030	0.11664	0.75305
73 A	0.11857	0.14157	0.73986
74 A	0.11243	0.14816	0.73941
75 A	0.11004	0.14887	0.7411
76 G	0.10939	0.14777	0.74284
77 G	0.10976	0.14579	0.74445
78 C	0.11127	0.14122	0.74752
79 A	0.11259	0.13988	0.74753
80 G	0.11523	0.13626	0.74851
81 T	0.12190	0.12818	0.74992
82 G	0.12619	0.12379	0.75003
83 T	0.12723	0.12348	0.7493
84 A	0.12639	0.12496	0.74865
85 A	0.12597	0.12505	0.74898
86 T	0.12465	0.12508	0.75028
87 G	0.12103	0.12967	0.7493
88 A	0.12011	0.13207	0.74783
89 A	0.12072	0.13117	0.74811
90 A	0.12294	0.12756	0.7495
91 T	0.12791	0.11739	0.7547
92 T	0.12954	0.11385	0.75662
93 G	0.12992	0.11582	0.75426
94 A	0.13660	0.10864	0.75477
95 A	0.14275	0.10064	0.75662
96 T	0.15412	0.08005	0.76583
97 T	0.15465	0.07546	0.76989
98 C	0.15438	0.07532	0.77029
99 T	0.15474	0.07555	0.76971
100 A	0.15396	0.07887	0.76718
101 A	0.15289	0.08067	0.76644
102 T	0.15226	0.08165	0.76609
103 C	0.15169	0.08248	0.76583
104 A	0.15198	0.08289	0.76512
105 A	0.15186	0.08360	0.76454
106 A	0.15386	0.08168	0.76446
107 T	0.15867	0.07582	0.76552
108 T	0.16111	0.07283	0.76606
109 A	0.16192	0.07035	0.76773
110 G	0.16358	0.06598	0.77044
111 T	0.16549	0.06426	0.77025
112 A	0.16575	0.06740	0.76685
113 A	0.16711	0.06703	0.76586
114 A	0.16870	0.06474	0.76655
115 A	0.17266	0.05917	0.76817
116 T	0.18045	0.04718	0.77237
117 T	0.18269	0.04301	0.77431
118 C	0.18365	0.04086	0.77549
119 A	0.18428	0.04004	0.77568
120 A	0.18521	0.03852	0.77628
121 T	0.18708	0.03562	0.7773
122 C	0.18759	0.03447	0.77794
123 T	0.18999	0.03171	0.7783
124 A	0.19042	0.03000	0.77958
125 T	0.19088	0.02781	0.78131
126 T	0.19066	0.02680	0.78254
127 T	0.18997	0.02667	0.78336
128 C	0.18852	0.02591	0.78557
129 T	0.18716	0.02671	0.78613
130 A	0.18429	0.02936	0.78634
131 C	0.18242	0.03063	0.78696
132 A	0.18191	0.03108	0.78701
133 G	0.18282	0.02988	0.7873
134 G	0.18446	0.02722	0.78832
135 T	0.18889	0.02175	0.78935
136 T	0.19043	0.01981	0.78977
137 C	0.19059	0.01841	0.791
138 T	0.19056	0.01817	0.79126
139 T	0.18995	0.01877	0.79128
140 T	0.18873	0.02038	0.7909
141 A	0.18575	0.02430	0.78995
142 A	0.18471	0.02578	0.78951
143 A	0.18386	0.02652	0.78963
144 T	0.18331	0.02671	0.78998
145 T	0.18191	0.02786	0.79023
146 T	0.18085	0.02967	0.78948
147 A	0.17935	0.03300	0.78765
148 G	0.17886	0.03541	0.78574
149 A	0.17868	0.03705	0.78428
150 T	0.17860	0.03626	0.78514
151 A	0.17820	0.03511	0.78669
152 T	0.17808	0.03342	0.78849
153 A	0.17799	0.03118	0.79083
154 G	0.17798	0.02919	0.79283
155 C	0.17812	0.02816	0.79373
156 T	0.17816	0.02797	0.79387
157 T	0.17814	0.02803	0.79383
158 T	0.17777	0.02857	0.79366
159 A	0.17445	0.03232	0.79323
160 G	0.17319	0.03399	0.79282
161 A	0.17195	0.03565	0.7924
162 A	0.17047	0.03712	0.79241
163 A	0.17005	0.03684	0.79311
164 T	0.17059	0.03334	0.79607
165 A	0.16783	0.03485	0.79731
166 G	0.16643	0.03482	0.79874
167 G	0.16628	0.03402	0.7997
168 C	0.16652	0.03263	0.80085
169 G	0.16762	0.03129	0.8011
170 G	0.16994	0.02862	0.80144
171 T	0.17245	0.02597	0.80157
172 T	0.17411	0.02423	0.80165
173 T	0.17414	0.02420	0.80166
174 T	0.17359	0.02446	0.80196
175 C	0.16912	0.02881	0.80206
176 C	0.16608	0.03195	0.80196
177 T	0.16262	0.03589	0.8015
178 A	0.15024	0.04886	0.8009
179 A	0.14395	0.05534	0.80071
180 A	0.13800	0.06137	0.80062
181 G	0.13309	0.06594	0.80097
182 G	0.13096	0.06485	0.80419
183 A	0.13068	0.06404	0.80528
184 A	0.13125	0.06217	0.80657
185 G	0.13194	0.05968	0.80838
186 A	0.13262	0.05797	0.80941
187 A	0.13283	0.05710	0.81008
188 T	0.13320	0.05369	0.8131
189 T	0.13305	0.05207	0.81488
190 A	0.13242	0.05197	0.81561
191 T	0.13209	0.05158	0.81633
192 C	0.13117	0.05223	0.8166
193 G	0.13087	0.05264	0.8165
194 A	0.13071	0.05303	0.81626
195 A	0.13074	0.05294	0.81632
196 A	0.13093	0.05265	0.81641
197 T	0.13145	0.05175	0.8168
198 T	0.13158	0.04526	0.82317
199 T	0.13115	0.04320	0.82564
200 A	0.13008	0.04226	0.82765
201 T	0.12947	0.03252	0.83801
202 G	0.12894	0.02801	0.84306
203 G	0.12840	0.02410	0.84751
204 T	0.12778	0.02224	0.84997
205 C	0.12718	0.02317	0.84964
206 C	0.12676	0.02696	0.84628
207 A	0.12572	0.03895	0.83533
208 G	0.12525	0.04349	0.83127
209 A	0.12503	0.04788	0.82709
210 A	0.12482	0.05440	0.82078
211 A	0.12481	0.05501	0.82018
212 G	0.12488	0.05467	0.82046
213 T	0.12504	0.05391	0.82105
214 T	0.12504	0.05352	0.82144
215 C	0.12483	0.05354	0.82163
216 A	0.12462	0.05487	0.82051
217 G	0.12445	0.05616	0.81939
218 G	0.12440	0.05715	0.81845
219 A	0.12459	0.05830	0.81712
220 A	0.12515	0.05792	0.81692
221 A	0.12635	0.05646	0.81719
222 A	0.12807	0.05407	0.81786
223 A	0.13014	0.05053	0.81932
224 C	0.13109	0.04831	0.8206
225 A	0.13197	0.04691	0.82112
226 A	0.13349	0.04479	0.82172
227 C	0.13791	0.03956	0.82253
228 T	0.14325	0.03386	0.82289
229 T	0.14820	0.02869	0.82311
230 T	0.15570	0.02027	0.82402
231 A	0.15749	0.01808	0.82443
232 G	0.15991	0.01538	0.82471
233 C	0.16456	0.01024	0.8252
234 T	0.16552	0.00917	0.82531
235 T	0.16623	0.00836	0.82541
236 T	0.16665	0.00792	0.82542
237 A	0.16588	0.00867	0.82545
238 C	0.16540	0.00897	0.82563
239 A	0.16233	0.01184	0.82584
240 T	0.16000	0.01392	0.82608
241 G	0.15236	0.02142	0.82622
242 C	0.14755	0.02615	0.8263
243 T	0.14244	0.03139	0.82617
244 G	0.13341	0.04042	0.82617
245 C	0.12880	0.04500	0.82621
246 T	0.12552	0.04829	0.82619
247 G	0.12049	0.05336	0.82615
248 C	0.11519	0.05875	0.82605
249 C	0.10890	0.06555	0.82555
250 G	0.10485	0.06982	0.82533
251 A	0.10226	0.07270	0.82504
252 A	0.10051	0.07449	0.825
253 G	0.09933	0.07568	0.82498
254 C	0.09880	0.07617	0.82502
255 T	0.09834	0.07664	0.82502
256 C	0.09773	0.07733	0.82494
257 A	0.09732	0.07791	0.82477
258 A	0.09701	0.07828	0.8247
259 A	0.09689	0.07841	0.8247
260 A	0.09683	0.07772	0.82544
261 A	0.09653	0.07722	0.82626
262 A	0.09640	0.07275	0.83085
263 A	0.09634	0.06843	0.83523
264 A	0.09625	0.05908	0.84467
265 G	0.09617	0.05136	0.85247
266 G	0.09621	0.04487	0.85892
267 T	0.09625	0.03652	0.86722
268 G	0.09621	0.03224	0.87155
269 G	0.09621	0.02948	0.87431
270 A	0.09626	0.02646	0.87728
271 A	0.09639	0.02219	0.88142
272 T	0.09688	0.01609	0.88702
273 A	0.09708	0.01360	0.88932
274 G	0.09728	0.01089	0.89182
275 T	0.09734	0.00922	0.89344
276 T	0.09734	0.00843	0.89423
277 G	0.09731	0.00836	0.89433
278 C	0.09737	0.00824	0.8944
279 T	0.09752	0.00875	0.89374
280 T	0.09759	0.00923	0.89317
281 T	0.09756	0.01055	0.89189
282 T	0.09659	0.01287	0.89055
283 A	0.09469	0.01772	0.8876
284 T	0.09355	0.02028	0.88617
285 A	0.08950	0.02767	0.88284
286 G	0.08894	0.03090	0.88015
287 A	0.08867	0.03133	0.87999
288 T	0.08852	0.03151	0.87997
289 G	0.08784	0.03239	0.87977
290 T	0.08747	0.03295	0.87957
291 C	0.08647	0.03409	0.87944
292 G	0.08485	0.03634	0.87881
293 A	0.08448	0.03711	0.87841
294 A	0.08454	0.03728	0.87819
295 A	0.08476	0.03708	0.87816
296 A	0.08591	0.03593	0.87816
297 T	0.08666	0.03508	0.87826
298 G	0.08699	0.03470	0.87831
299 C	0.08800	0.03364	0.87836
300 T	0.08904	0.03261	0.87835
301 T	0.08960	0.03216	0.87823
302 T	0.08974	0.03228	0.87798
303 A	0.08872	0.03365	0.87763
304 G	0.08889	0.03341	0.8777
305 A	0.08999	0.03089	0.87912
306 T	0.09290	0.02599	0.88111
307 G	0.09430	0.02323	0.88247
308 C	0.09764	0.01626	0.88609
309 T	0.10007	0.01421	0.88572
310 A	0.09950	0.01554	0.88496
311 A	0.09913	0.01657	0.8843
312 T	0.09910	0.01669	0.8842
313 T	0.09858	0.01701	0.88442
314 A	0.09731	0.01749	0.88519
315 T	0.09644	0.01703	0.88654
316 G	0.09420	0.01895	0.88684
317 C	0.09184	0.02153	0.88663
318 T	0.08933	0.02608	0.88459
319 A	0.08211	0.03981	0.87807
320 A	0.07811	0.04734	0.87455
321 G	0.07495	0.05552	0.86952
322 A	0.07315	0.06725	0.8596
323 A	0.07240	0.06857	0.85904
324 A	0.07213	0.06893	0.85895
325 A	0.07210	0.06858	0.85932
326 T	0.07232	0.06701	0.86067
327 C	0.07195	0.06665	0.86139
328 G	0.07178	0.06696	0.86126
329 G	0.07178	0.06719	0.86104
330 A	0.07187	0.06747	0.86067
331 A	0.07199	0.06741	0.8606
332 T	0.07265	0.06667	0.86067
333 A	0.07332	0.06516	0.86152
334 G	0.07398	0.06363	0.86239
335 A	0.07462	0.06231	0.86306
336 T	0.07522	0.06049	0.86429
337 A	0.07564	0.05854	0.86582
338 T	0.07655	0.05583	0.86762
339 A	0.07714	0.05295	0.86991
340 G	0.07803	0.04923	0.87273
341 A	0.08007	0.04511	0.87482
342 T	0.08659	0.03249	0.88092
343 A	0.08944	0.02709	0.88347
344 A	0.09479	0.01919	0.88601
345 T	0.10429	0.00796	0.88775
346 T	0.10509	0.00651	0.88841
347 T	0.10535	0.00614	0.88851
348 T	0.10540	0.00632	0.88828
349 A	0.10536	0.00718	0.88746
350 T	0.10548	0.00733	0.8872
351 T	0.10546	0.00889	0.88565
352 A	0.10527	0.00945	0.88528
353 T	0.10533	0.00964	0.88503
354 T	0.10440	0.01063	0.88498
355 T	0.10197	0.01325	0.88478
356 C	0.09320	0.02267	0.88412
357 T	0.08870	0.02756	0.88374
358 C	0.08608	0.03031	0.88362
359 A	0.08338	0.03345	0.88317
360 A	0.08147	0.03547	0.88306
361 C	0.08027	0.03672	0.88301
362 C	0.07919	0.03795	0.88287
363 A	0.07680	0.04080	0.8824
364 G	0.07532	0.04236	0.88232
365 A	0.07467	0.04306	0.88227
366 T	0.07482	0.04296	0.88223
367 T	0.07415	0.04367	0.88219
368 C	0.07291	0.04486	0.88223
369 A	0.07205	0.04587	0.88208
370 G	0.07156	0.04636	0.88208
371 G	0.07166	0.04623	0.88211
372 T	0.07229	0.04589	0.88183
373 G	0.07233	0.04715	0.88052
374 A	0.07336	0.04790	0.87874
375 A	0.07342	0.04942	0.87716
376 A	0.07337	0.04915	0.87748
377 A	0.07335	0.04778	0.87887
378 A	0.07356	0.04451	0.88194
379 G	0.07422	0.03458	0.8912
380 C	0.07470	0.02973	0.89558
381 A	0.07499	0.02791	0.8971
382 T	0.07557	0.02553	0.8989
383 T	0.07566	0.02456	0.89979
384 A	0.07528	0.02477	0.89994
385 G	0.07509	0.02440	0.90051
386 A	0.07524	0.02190	0.90286
387 T	0.07522	0.02078	0.904
388 A	0.07509	0.02266	0.90225
389 T	0.07512	0.02194	0.90294
390 T	0.07491	0.02119	0.90391
391 G	0.07411	0.02091	0.90499
392 T	0.07349	0.02146	0.90505
393 C	0.07170	0.02521	0.90309
394 G	0.07114	0.02681	0.90205
395 A	0.07115	0.02808	0.90078
396 A	0.07212	0.02841	0.89946
397 A	0.07386	0.02695	0.89919
398 C	0.07572	0.02534	0.89893
399 T	0.07591	0.02739	0.89671
400 T	0.07565	0.03255	0.89179
401 T	0.07496	0.03627	0.88877
402 A	0.07283	0.04109	0.88608
403 A	0.07162	0.04356	0.88483
404 T	0.07082	0.04503	0.88414
405 A	0.06848	0.04857	0.88295
406 A	0.06723	0.05029	0.88248
407 A	0.06665	0.05127	0.88208
408 A	0.06607	0.05234	0.88159
409 A	0.06586	0.05264	0.88151
410 G	0.06671	0.05167	0.88162
411 T	0.06926	0.04910	0.88164
412 G	0.06920	0.04898	0.88181
413 A	0.06923	0.04863	0.88214
414 A	0.06960	0.04753	0.88287
415 A	0.07041	0.04595	0.88364
416 C	0.07280	0.04177	0.88543
417 A	0.07395	0.04016	0.88589
418 A	0.07540	0.03837	0.88624
419 T	0.07742	0.03605	0.88653
420 G	0.07816	0.03518	0.88666
421 A	0.07917	0.03408	0.88676
422 G	0.08237	0.02983	0.88779
423 T	0.08840	0.02290	0.88869
424 T	0.09093	0.01933	0.88973
425 T	0.09293	0.01565	0.89142
426 G	0.09359	0.01411	0.8923
427 A	0.09415	0.01303	0.89281
428 T	0.09508	0.01018	0.89474
429 A	0.09555	0.00858	0.89588
430 A	0.09633	0.00678	0.8969
431 T	0.09731	0.00483	0.89787
432 T	0.09756	0.00374	0.89869
433 G	0.09760	0.00335	0.89905
434 T	0.09779	0.00301	0.8992
435 T	0.09780	0.00286	0.89934
436 G	0.09780	0.00272	0.89949
437 A	0.09781	0.00267	0.89952
438 T	0.09782	0.00260	0.89958
439 T	0.09780	0.00266	0.89954
440 C	0.09751	0.00305	0.89944
441 G	0.09677	0.00435	0.89887
442 G	0.09661	0.00470	0.89869
443 T	0.09652	0.00486	0.89862
444 A	0.09630	0.00517	0.89853
445 G	0.09625	0.00522	0.89853
446 C	0.09631	0.00514	0.89855
447 G	0.09639	0.00507	0.89854
448 G	0.09659	0.00487	0.89853
449 C	0.09693	0.00454	0.89853
450 T	0.09733	0.00421	0.89846
451 T	0.09744	0.00412	0.89845
452 T	0.09742	0.00412	0.89845
453 G	0.09720	0.00434	0.89846
454 G	0.09710	0.00444	0.89846
455 C	0.09702	0.00447	0.89852
456 T	0.09694	0.00452	0.89854
457 C	0.09658	0.00490	0.89851
458 C	0.09588	0.00582	0.89829
459 A	0.09515	0.00690	0.89795
460 G	0.09493	0.00720	0.89787
461 A	0.09483	0.00746	0.89771
462 A	0.09486	0.00755	0.8976
463 G	0.09501	0.00720	0.8978
464 C	0.09552	0.00606	0.89842
465 T	0.09550	0.00730	0.8972
466 G	0.09499	0.01057	0.89444
467 A	0.09469	0.01310	0.8922
468 G	0.09442	0.01459	0.89099
469 T	0.09431	0.01685	0.88883
470 T	0.09411	0.01859	0.8873
471 A	0.09362	0.02003	0.88634
472 A	0.09338	0.02066	0.88596
473 A	0.09329	0.02091	0.8858
474 A	0.09283	0.02140	0.88578
475 G	0.09252	0.02161	0.88587
476 G	0.09230	0.02166	0.88604
477 A	0.09221	0.02178	0.88601
478 G	0.09218	0.02167	0.88615
479 A	0.09218	0.02151	0.8863
480 A	0.09225	0.02106	0.8867
481 T	0.09248	0.02006	0.88745
482 C	0.09269	0.01925	0.88806
483 A	0.09276	0.01907	0.88816
484 G	0.09294	0.01882	0.88824
485 G	0.09314	0.01861	0.88824
486 A	0.09346	0.01838	0.88816
487 A	0.09426	0.01756	0.88819
488 A	0.09677	0.01475	0.88849
489 T	0.10112	0.00970	0.88918
490 T	0.10363	0.00665	0.88972
491 C	0.10436	0.00542	0.89023
492 T	0.10552	0.00415	0.89033
493 T	0.10595	0.00363	0.89042
494 T	0.10596	0.00346	0.89057
495 T	0.10449	0.00490	0.89061
496 A	0.10115	0.00825	0.8906
497 T	0.10019	0.00874	0.89107
498 G	0.09863	0.01000	0.89137
499 G	0.09794	0.01046	0.89159
500 G	0.09758	0.01080	0.89162
501 T	0.09752	0.01082	0.89166
502 C	0.09730	0.01103	0.89167
503 T	0.09717	0.01128	0.89154
504 T	0.09694	0.01166	0.89141
505 C	0.09673	0.01189	0.89138
506 A	0.09658	0.01211	0.89131
507 A	0.09648	0.01228	0.89123
508 G	0.09647	0.01231	0.89122
509 C	0.09651	0.01229	0.8912
510 T	0.09626	0.01270	0.89104
511 A	0.09593	0.01343	0.89064
512 G	0.09555	0.01407	0.89038
513 A	0.09533	0.01503	0.88964
514 A	0.09521	0.01568	0.88911
515 T	0.09512	0.01569	0.88918
516 G	0.09502	0.01589	0.8891
517 A	0.09488	0.01687	0.88825
518 T	0.09478	0.01639	0.88883
519 G	0.09458	0.01374	0.89168
520 G	0.09447	0.01339	0.89213
521 G	0.09441	0.01325	0.89234
522 A	0.09438	0.01395	0.89167
523 C	0.09441	0.01352	0.89206
524 A	0.09443	0.01412	0.89145
525 G	0.09445	0.01481	0.89074
526 G	0.09455	0.01524	0.89021
527 C	0.09468	0.01606	0.88925
528 T	0.09467	0.02058	0.88475
529 A	0.09462	0.02310	0.88228
530 T	0.09462	0.02510	0.88027
531 G	0.09449	0.02688	0.87863
532 A	0.09438	0.02941	0.87622
533 G	0.09443	0.03035	0.87521
534 A	0.09475	0.03013	0.87512
535 A	0.09497	0.02998	0.87504
536 A	0.09570	0.02955	0.87475
537 A	0.09615	0.02956	0.8743
538 C	0.09660	0.02899	0.87441
539 A	0.09715	0.02836	0.87449
540 A	0.09842	0.02691	0.87467
541 T	0.09983	0.02530	0.87488
542 C	0.10003	0.02491	0.87505
543 C	0.10008	0.02487	0.87506
544 G	0.10065	0.02457	0.87478
545 C	0.10161	0.02363	0.87476
546 G	0.10181	0.02367	0.87452
547 A	0.10271	0.02322	0.87407
548 T	0.10473	0.02172	0.87354
549 C	0.10541	0.02243	0.87217
550 A	0.10693	0.02149	0.87158
551 T	0.11102	0.01782	0.87115
552 A	0.11006	0.01968	0.87026
553 T	0.11011	0.02012	0.86976
554 C	0.10829	0.02245	0.86925
555 T	0.10664	0.02554	0.86781
556 A	0.10083	0.03181	0.86735
557 A	0.09754	0.03529	0.86717
558 A	0.09601	0.03700	0.86699
559 A	0.09522	0.03786	0.86693
560 C	0.09529	0.03756	0.86715
561 T	0.09479	0.03805	0.86716
562 A	0.09361	0.03921	0.86718
563 A	0.09319	0.03959	0.86722
564 C	0.09316	0.03954	0.8673
565 A	0.09310	0.03956	0.86734
566 C	0.09319	0.03912	0.86769
567 T	0.09359	0.03861	0.8678
568 A	0.09360	0.03856	0.86784
569 C	0.09351	0.03854	0.86795
570 A	0.09338	0.03862	0.868
571 G	0.09372	0.03824	0.86805
572 T	0.09515	0.03632	0.86852
573 A	0.09562	0.03567	0.86871
574 A	0.09622	0.03473	0.86906
575 T	0.09768	0.02870	0.87362
576 T	0.09799	0.02540	0.87661
577 T	0.09757	0.02303	0.87939
578 A	0.09635	0.02371	0.87993
579 T	0.09542	0.02313	0.88145
580 A	0.09287	0.02697	0.88016
581 T	0.09132	0.03102	0.87766
582 T	0.08813	0.03483	0.87704
583 A	0.08261	0.04356	0.87383
584 A	0.07893	0.04815	0.87293
585 T	0.07737	0.04980	0.87283
586 C	0.07577	0.05195	0.87228
587 A	0.07426	0.05511	0.87063
588 A	0.07290	0.05848	0.86862
589 T	0.07209	0.06028	0.86763
590 T	0.07101	0.06201	0.86698
591 A	0.06923	0.06431	0.86646
592 A	0.06769	0.06588	0.86643
593 G	0.06688	0.06635	0.86676
594 A	0.06646	0.06687	0.86667
595 G	0.06630	0.06719	0.86652
596 A	0.06631	0.06781	0.86589
597 A	0.06639	0.06830	0.86532
598 A	0.06661	0.06910	0.8643
599 A	0.06710	0.06862	0.86428
600 A	0.06825	0.06655	0.8652
601 G	0.07070	0.06188	0.86742
602 T	0.07451	0.05628	0.86921
603 A	0.07747	0.05047	0.87206
604 G	0.08122	0.04446	0.87433
605 G	0.08340	0.03951	0.87709
606 T	0.08816	0.03099	0.88086
607 G	0.08985	0.02700	0.88316
608 T	0.09169	0.02424	0.88407
609 T	0.09262	0.02291	0.88447
610 A	0.09356	0.02155	0.88488
611 T	0.09488	0.01865	0.88647
612 T	0.09573	0.01701	0.88726
613 T	0.09614	0.01606	0.8878
614 A	0.09638	0.01560	0.88802
615 T	0.09669	0.01495	0.88836
616 G	0.09669	0.01551	0.88781
617 G	0.09670	0.01755	0.88574
618 A	0.09641	0.01869	0.88491
619 A	0.09697	0.01820	0.88483
620 G	0.09776	0.01739	0.88485
621 T	0.09919	0.01604	0.88477
622 C	0.09950	0.01595	0.88455
623 C	0.09951	0.01724	0.88325
624 T	0.09945	0.02172	0.87883
625 G	0.09890	0.02932	0.87178
626 A	0.09886	0.03422	0.86692
627 G	0.09907	0.03621	0.86472
628 G	0.09974	0.03596	0.8643
629 T	0.10092	0.03528	0.8638
630 T	0.10048	0.03586	0.86367
631 A	0.09766	0.03872	0.86363
632 C	0.09479	0.04162	0.86359
633 A	0.09114	0.04546	0.86341
634 C	0.08695	0.04987	0.86317
635 C	0.08385	0.05351	0.86264
636 A	0.08164	0.05670	0.86165
637 G	0.08035	0.05850	0.86115
638 G	0.07952	0.05938	0.8611
639 A	0.07940	0.05953	0.86107
640 G	0.08103	0.05774	0.86123
641 G	0.08183	0.05633	0.86184
642 C	0.08208	0.05580	0.86211
643 A	0.08234	0.05555	0.86211
644 A	0.08283	0.05500	0.86217
645 A	0.08378	0.05391	0.86231
646 G	0.08605	0.05138	0.86257
647 C	0.09104	0.04617	0.86279
648 T	0.09805	0.03871	0.86324
649 T	0.10190	0.03496	0.86315
650 T	0.10297	0.03428	0.86276
651 A	0.10219	0.03580	0.86202
652 A	0.10148	0.03678	0.86175
653 A	0.10121	0.03573	0.86306
654 A	0.10114	0.03315	0.86571
655 T	0.10145	0.02947	0.86908
656 A	0.10173	0.02523	0.87304
657 T	0.10216	0.01993	0.87791
658 T	0.10231	0.01627	0.88141
659 T	0.10261	0.01411	0.88328
660 T	0.10233	0.01332	0.88435
661 G	0.10198	0.01257	0.88546
662 C	0.10191	0.01195	0.88614
663 T	0.10185	0.01238	0.88577
664 T	0.10114	0.01425	0.88461
665 C	0.09924	0.01781	0.88295
666 T	0.09672	0.02693	0.87636
667 A	0.09364	0.03808	0.86828
668 T	0.09206	0.04417	0.86377
669 T	0.09010	0.05174	0.85817
670 A	0.08831	0.06211	0.84958
671 G	0.08747	0.06895	0.84359
672 A	0.08540	0.07424	0.84036
673 A	0.08452	0.07698	0.8385
674 T	0.08484	0.07668	0.83848
675 A	0.08393	0.07772	0.83835
676 G	0.08396	0.07805	0.838
677 A	0.08420	0.07773	0.83807
678 T	0.08438	0.07747	0.83816
679 A	0.08383	0.07807	0.8381
680 T	0.08345	0.07836	0.8382
681 C	0.08184	0.08020	0.83797
682 A	0.07816	0.08678	0.83506
683 G	0.07331	0.09480	0.83188
684 A	0.06957	0.10578	0.82465
685 A	0.06718	0.10987	0.82295
686 G	0.06651	0.11119	0.8223
687 A	0.06685	0.11062	0.82253
688 A	0.06759	0.10813	0.82427
689 C	0.07428	0.09782	0.8279
690 T	0.08185	0.08966	0.82849
691 G	0.08342	0.09192	0.82465
692 A	0.08682	0.09361	0.81958
693 A	0.09313	0.09196	0.81491
694 T	0.09818	0.08892	0.8129
695 T	0.09856	0.08777	0.81366
696 T	0.09576	0.09102	0.81322
697 A	0.08979	0.09833	0.81188
698 T	0.08461	0.10419	0.8112
699 A	0.07505	0.11548	0.80947
700 A	0.06688	0.12555	0.80757
701 A	0.06307	0.13010	0.80682
702 A	0.05978	0.13422	0.806
703 G	0.05863	0.13521	0.80616
704 A	0.05891	0.13413	0.80696
705 A	0.06102	0.12923	0.80975
706 A	0.06399	0.12188	0.81412
707 A	0.07073	0.11212	0.81715
708 T	0.07324	0.10752	0.81924
709 A	0.07425	0.10635	0.8194
710 A	0.07615	0.10279	0.82105
711 T	0.07834	0.09828	0.82337
712 A	0.07905	0.09744	0.82351
713 A	0.08065	0.09497	0.82438
714 T	0.08609	0.08694	0.82697
715 A	0.09150	0.08028	0.82822
716 T	0.09795	0.07090	0.83115
717 T	0.10130	0.06478	0.83392
718 T	0.10277	0.06175	0.83548
719 T	0.10315	0.06191	0.83494
720 A	0.10205	0.06852	0.82943
721 G	0.10004	0.07007	0.82989
722 G	0.10085	0.06670	0.83245
723 T	0.10292	0.06549	0.83159
724 A	0.10331	0.06829	0.8284
725 T	0.10471	0.06693	0.82835
726 T	0.10329	0.07291	0.82379
727 A	0.09897	0.07860	0.82243
728 G	0.09708	0.08192	0.821
729 A	0.09666	0.08401	0.81933
730 A	0.09697	0.08545	0.81759
731 C	0.09764	0.08680	0.81556
732 T	0.09933	0.09203	0.80864
733 A	0.09960	0.09412	0.80628
734 A	0.09997	0.09430	0.80573
735 T	0.10040	0.09444	0.80516
736 G	0.09970	0.09581	0.80449
737 C	0.09940	0.09727	0.80332
738 C	0.09971	0.09907	0.80123
739 A	0.10035	0.10469	0.79496
740 A	0.10186	0.10815	0.78999
741 A	0.10539	0.10688	0.78773
742 A	0.11220	0.10175	0.78605
743 T	0.12540	0.08783	0.78677
744 T	0.13169	0.07887	0.78944
745 G	0.13477	0.07588	0.78936
746 T	0.14071	0.07060	0.7887
747 T	0.14365	0.06858	0.78777
748 A	0.14460	0.06765	0.78775
749 A	0.14739	0.06334	0.78928
750 A	0.14807	0.05877	0.79316
751 T	0.14935	0.05548	0.79517
752 C	0.14689	0.05772	0.79539
753 A	0.14457	0.06549	0.78994
754 A	0.14485	0.06797	0.78718
755 A	0.14800	0.06666	0.78534
756 A	0.14989	0.06610	0.78401
757 A	0.15141	0.06465	0.78395
758 T	0.15413	0.06124	0.78462
759 A	0.15593	0.05887	0.78519
760 T	0.15913	0.05494	0.78593
761 C	0.16134	0.05221	0.78645
762 A	0.16601	0.04743	0.78656
763 T	0.17027	0.04306	0.78667
764 C	0.17237	0.04090	0.78672
765 T	0.17435	0.03892	0.78673
766 C	0.17517	0.03811	0.78672
767 C	0.17654	0.03675	0.78671
768 T	0.17783	0.03576	0.78641
769 T	0.17776	0.03611	0.78613
770 T	0.17563	0.03859	0.78578
771 T	0.17202	0.04254	0.78544
772 A	0.16617	0.04860	0.78524
773 A	0.16299	0.05031	0.7867
774 A	0.16067	0.05098	0.78836
775 G	0.15960	0.04722	0.79318
776 T	0.16468	0.03823	0.79709
777 A	0.16633	0.03497	0.7987
778 G	0.16750	0.03167	0.80083
779 C	0.16869	0.03004	0.80127
780 T	0.16885	0.03029	0.80086
781 A	0.16875	0.03149	0.79976
782 G	0.16885	0.03147	0.79968
783 T	0.16887	0.03169	0.79945
784 T	0.16875	0.03255	0.7987
785 T	0.16856	0.03282	0.79862
786 C	0.16791	0.03394	0.79815
787 G	0.16734	0.03625	0.79641
788 A	0.16702	0.03749	0.79549
789 T	0.16694	0.03801	0.79505
790 A	0.16688	0.03839	0.79473
791 T	0.16724	0.03794	0.79482
792 A	0.16745	0.03567	0.79688
793 G	0.16781	0.03105	0.80114
794 T	0.16818	0.02689	0.80493
795 T	0.16815	0.02224	0.80961
796 T	0.16735	0.02135	0.8113
797 A	0.16490	0.02323	0.81187
798 T	0.16307	0.02465	0.81228
799 G	0.16008	0.02900	0.81092
800 G	0.15798	0.03311	0.80891
801 A	0.15662	0.04063	0.80275
802 A	0.15561	0.04874	0.79565
803 G	0.15527	0.05596	0.78878
804 A	0.15523	0.06799	0.77679
805 G	0.15525	0.07217	0.77258
806 G	0.15564	0.07807	0.76628
807 T	0.15717	0.08243	0.7604
808 A	0.15793	0.08244	0.75963
809 T	0.15904	0.08151	0.75945
810 T	0.16006	0.08095	0.75899
811 T	0.15929	0.08262	0.7581
812 C	0.15703	0.08579	0.75719
813 T	0.15505	0.09052	0.75442
814 A	0.15182	0.09623	0.75195
815 A	0.14897	0.10088	0.75015
816 A	0.14611	0.10476	0.74913
817 A	0.14501	0.10655	0.74845
818 T	0.14463	0.10674	0.74863
819 A	0.14321	0.10831	0.74849
820 G	0.14361	0.10578	0.75062
821 G	0.14459	0.10396	0.75145
822 A	0.14615	0.10264	0.7512
823 G	0.14853	0.10162	0.74984
824 A	0.15511	0.09923	0.74566
825 A	0.16328	0.09304	0.74368
826 A	0.17175	0.08541	0.74284
827 T	0.18562	0.07164	0.74273
828 A	0.18935	0.06921	0.74144
829 T	0.19449	0.06538	0.74012
830 T	0.19700	0.06413	0.73887
831 A	0.19652	0.06572	0.73775
832 G	0.19679	0.06556	0.73765
833 A	0.19803	0.06448	0.73749
834 T	0.19962	0.06140	0.73898
835 T	0.20017	0.05813	0.74171
836 T	0.20041	0.05566	0.74392
837 A	0.19752	0.05622	0.74626
838 G	0.19603	0.05523	0.74873
839 C	0.19382	0.05456	0.75162
840 A	0.19299	0.05462	0.75239
841 G	0.19196	0.05506	0.75298
842 T	0.19189	0.05463	0.75348
843 C	0.18844	0.05865	0.75291
844 G	0.18250	0.06836	0.74914
845 A	0.18234	0.07159	0.74607
846 A	0.18366	0.07392	0.74242
847 T	0.18758	0.07429	0.73812
848 T	0.18821	0.08173	0.73006
849 A	0.18710	0.08748	0.72541
850 G	0.18771	0.09199	0.7203
851 A	0.18908	0.09497	0.71596
852 T	0.19086	0.09457	0.71457
853 T	0.19203	0.09594	0.71202
854 T	0.19281	0.10142	0.70577
855 A	0.19116	0.10783	0.701
856 A	0.19011	0.11104	0.69884
857 T	0.18952	0.11200	0.69848
858 T	0.18748	0.11447	0.69805
859 G	0.18542	0.11655	0.69803
860 A	0.18440	0.11640	0.6992
861 A	0.18375	0.11581	0.70044
862 A	0.18327	0.11454	0.7022
863 A	0.18338	0.11385	0.70277
864 A	0.18401	0.11171	0.70428
865 A	0.18526	0.10840	0.70634
866 A	0.18685	0.10229	0.71087
867 T	0.19100	0.09008	0.71892
868 G	0.19365	0.08500	0.72135
869 G	0.19760	0.07961	0.72279
870 A	0.20304	0.07408	0.72289
871 T	0.21290	0.06317	0.72393
872 C	0.21720	0.05803	0.72476
873 T	0.22299	0.05634	0.72067
874 T	0.22650	0.06033	0.71318
875 G	0.22729	0.06738	0.70533
876 G	0.22940	0.08264	0.68795
877 T	0.23640	0.07716	0.68645
878 T	0.24082	0.07149	0.6877
879 T	0.24275	0.06864	0.68861
880 T	0.24359	0.06763	0.68878
881 C	0.24355	0.06675	0.6897
882 T	0.24387	0.06574	0.69038
883 T	0.24388	0.06568	0.69044
884 A	0.24378	0.06589	0.69033
885 T	0.24453	0.06517	0.6903
886 C	0.24410	0.06608	0.68981
887 A	0.24067	0.07237	0.68696
888 T	0.23779	0.07780	0.68441
889 A	0.22800	0.09143	0.68057
890 A	0.21880	0.10416	0.67703
891 G	0.21346	0.11218	0.67436
892 G	0.20891	0.12265	0.66843
893 A	0.20786	0.13699	0.65515
894 A	0.20851	0.14972	0.64177
895 A	0.20963	0.16220	0.62816
896 A	0.21354	0.16803	0.61843
897 T	0.22017	0.17093	0.60889
898 A	0.22612	0.16718	0.6067
899 T	0.24254	0.15103	0.60643
900 T	0.24327	0.14978	0.60695
901 G	0.24128	0.15106	0.60767
902 C	0.23832	0.15379	0.60789
903 T	0.22914	0.16767	0.60319
904 C	0.19202	0.21369	0.59429
905 A	0.11603	0.32335	0.56061
906 A	0.08037	0.37250	0.54713
907 G	0.05983	0.40064	0.53953
908 G	0.04821	0.41961	0.53218
909 A	0.04153	0.43102	0.52745
910 A	0.04014	0.43134	0.52853
911 A	0.04014	0.42947	0.5304
912 A	0.04222	0.41961	0.53817
913 G	0.04504	0.40889	0.54607
914 A	0.04747	0.40281	0.54972
915 A	0.05217	0.39506	0.55277
916 A	0.06354	0.38121	0.55525
917 A	0.07592	0.36615	0.55793
918 A	0.08870	0.35061	0.56069
919 G	0.09765	0.33834	0.56402
920 C	0.10602	0.32746	0.56651
921 T	0.10735	0.32681	0.56584
922 A	0.09654	0.33983	0.56364
923 A	0.08638	0.35071	0.56291
924 A	0.07814	0.35794	0.56393
925 G	0.07642	0.35734	0.56623
926 A	0.08094	0.34483	0.57422
927 A	0.09290	0.29680	0.6103
928 T	0.12805	0.18244	0.68951
929 T	0.13742	0.13900	0.72359
930 T	0.13764	0.12636	0.736
931 T	0.13677	0.13024	0.73299
932 T	0.13052	0.14704	0.72244
933 A	0.12112	0.17676	0.70212
934 A	0.11023	0.20871	0.68106
935 T	0.10769	0.21840	0.6739
936 T	0.09498	0.25983	0.64519
937 A	0.07658	0.34439	0.57903
938 A	0.06331	0.38858	0.5481
939 A	0.04880	0.41374	0.53745
940 A	0.03986	0.42817	0.53197
941 A	0.03584	0.43730	0.52686
942 T	0.03545	0.44087	0.52368
943 A	0.03388	0.44488	0.52123
944 A	0.03346	0.44565	0.52089
945 A	0.03537	0.43477	0.52986
946 A	0.03754	0.42450	0.53796
947 A	0.04004	0.41503	0.54494
948 A	0.04319	0.40743	0.54938
949 A	0.04857	0.39702	0.55442
950 T	0.05476	0.38242	0.56282
951 T	0.05707	0.37447	0.56846
952 G	0.05814	0.36608	0.57578
953 C	0.06316	0.35381	0.58303
954 G	0.07181	0.34332	0.58487
955 G	0.08397	0.32917	0.58686
956 A	0.10693	0.30470	0.58837
957 T	0.14092	0.26566	0.59342
958 G	0.14787	0.26751	0.58462
959 A	0.17359	0.25767	0.56875
960 A	0.22848	0.21215	0.55937
961 T	0.25630	0.19702	0.54668
962 T	0.25864	0.20504	0.53632
963 A	0.24813	0.21533	0.53654
964 G	0.24089	0.22686	0.53225
965 A	0.20772	0.26695	0.52532
966 A	0.15619	0.32356	0.52026
967 C	0.12629	0.35781	0.5159
968 A	0.09687	0.40183	0.50131
969 A	0.08050	0.42845	0.49106
970 A	0.07634	0.43918	0.48448
971 A	0.07024	0.45069	0.47907
972 A	0.06501	0.45928	0.47571
973 A	0.06313	0.46240	0.47447
974 T	0.06319	0.46277	0.47404
975 T	0.06159	0.46486	0.47354
976 A	0.05466	0.47376	0.47158
977 A	0.05466	0.47321	0.47213
978 A	0.05657	0.46995	0.47348
979 A	0.06021	0.46459	0.4752
980 A	0.06528	0.45786	0.47686
981 A	0.08002	0.43903	0.48095
982 C	0.11480	0.39794	0.48726
983 A	0.14342	0.36646	0.49012
984 T	0.17445	0.33143	0.49413
985 T	0.19116	0.30918	0.49967
986 A	0.19556	0.29454	0.5099
987 T	0.20250	0.27811	0.51939
988 A	0.20926	0.23044	0.56031
989 G	0.21700	0.16528	0.61772
990 T	0.22728	0.12246	0.65026
991 T	0.24209	0.07900	0.67891
992 T	0.24985	0.05587	0.69428
993 A	0.25397	0.04550	0.70053
994 G	0.25873	0.03291	0.70837
995 T	0.26271	0.02245	0.71484
996 T	0.26505	0.01633	0.71863
997 T	0.26650	0.01267	0.72083
998 A	0.26767	0.00893	0.7234
999 A	0.26973	0.00000	0.73027
