# lcl|CP097583.1_cds_USQ93507.1_1
# AA	inside	membr	outside
1 A	0.59125	0.00000	0.40875
2 T	0.59120	0.00005	0.40875
3 G	0.59119	0.00006	0.40875
4 T	0.59119	0.00061	0.4082
5 C	0.59106	0.00126	0.40768
6 T	0.59106	0.00161	0.40733
7 T	0.58957	0.00332	0.4071
8 T	0.58957	0.00334	0.40709
9 T	0.58319	0.01035	0.40646
10 A	0.58317	0.04907	0.36776
11 A	0.58257	0.05199	0.36544
12 A	0.57702	0.05876	0.36422
13 G	0.57177	0.07019	0.35804
14 T	0.57177	0.07019	0.35804
15 T	0.57177	0.10167	0.32656
16 T	0.57030	0.10314	0.32656
17 T	0.56599	0.10767	0.32634
18 T	0.56565	0.10856	0.32579
19 C	0.54823	0.12630	0.32548
20 A	0.47620	0.21420	0.3096
21 A	0.42021	0.27020	0.3096
22 A	0.41902	0.27147	0.30951
23 A	0.41853	0.27201	0.30946
24 T	0.41832	0.27226	0.30941
25 C	0.41789	0.27251	0.3096
26 T	0.41765	0.27288	0.30948
27 T	0.41719	0.27367	0.30913
28 A	0.41663	0.27465	0.30872
29 A	0.41658	0.27465	0.30877
30 A	0.41783	0.27257	0.3096
31 A	0.41873	0.27076	0.31051
32 T	0.42230	0.25979	0.31792
33 C	0.45286	0.22796	0.31918
34 A	0.45549	0.22483	0.31968
35 A	0.45846	0.21866	0.32288
36 A	0.46535	0.20849	0.32616
37 G	0.46660	0.20652	0.32688
38 T	0.49984	0.17216	0.328
39 T	0.50157	0.15992	0.33852
40 T	0.50397	0.14370	0.35232
41 T	0.50459	0.13460	0.36081
42 A	0.50498	0.11920	0.37582
43 T	0.51294	0.05207	0.43499
44 T	0.51303	0.01099	0.47598
45 T	0.51306	0.00958	0.47736
46 G	0.51307	0.00949	0.47743
47 T	0.51316	0.00979	0.47705
48 G	0.51314	0.01002	0.47684
49 A	0.51326	0.01008	0.47667
50 T	0.51371	0.00894	0.47735
51 T	0.51413	0.00801	0.47786
52 T	0.51410	0.00881	0.4771
53 T	0.51391	0.00983	0.47625
54 C	0.51351	0.01153	0.47496
55 T	0.51331	0.01403	0.47266
56 T	0.51315	0.01594	0.47091
57 A	0.51283	0.02125	0.46593
58 A	0.51284	0.02374	0.46342
59 T	0.51310	0.02370	0.4632
60 T	0.51318	0.02375	0.46307
61 T	0.51331	0.02364	0.46306
62 T	0.51347	0.02358	0.46296
63 A	0.51324	0.02400	0.46276
64 T	0.51353	0.02367	0.4628
65 C	0.51368	0.02348	0.46284
66 T	0.51434	0.02305	0.46261
67 T	0.51495	0.02260	0.46245
68 T	0.51543	0.02242	0.46215
69 T	0.51580	0.02287	0.46133
70 T	0.51602	0.02336	0.46062
71 T	0.51520	0.02471	0.46009
72 A	0.51353	0.02702	0.45945
73 A	0.51298	0.02782	0.4592
74 A	0.51325	0.02764	0.45911
75 T	0.51508	0.02576	0.45916
76 A	0.51659	0.02405	0.45936
77 T	0.52051	0.01967	0.45982
78 T	0.52332	0.01662	0.46006
79 T	0.52461	0.01520	0.46018
80 C	0.52636	0.01324	0.46041
81 T	0.52707	0.01256	0.46038
82 T	0.52640	0.01327	0.46033
83 T	0.52536	0.01433	0.46031
84 G	0.52362	0.01606	0.46032
85 A	0.52292	0.01676	0.46032
86 T	0.52274	0.01657	0.46069
87 T	0.52150	0.01767	0.46082
88 C	0.51925	0.01976	0.46099
89 T	0.51749	0.02164	0.46088
90 A	0.51603	0.02324	0.46074
91 G	0.51566	0.02381	0.46053
92 T	0.51616	0.02302	0.46082
93 T	0.51604	0.02294	0.46102
94 T	0.51560	0.02215	0.46225
95 T	0.51370	0.02238	0.46391
96 C	0.51111	0.02435	0.46454
97 A	0.50983	0.02558	0.46459
98 C	0.50876	0.02662	0.46462
99 T	0.50802	0.02784	0.46414
100 T	0.50730	0.02931	0.46339
101 T	0.50585	0.03213	0.46202
102 A	0.50303	0.03750	0.45947
103 A	0.50070	0.04262	0.45668
104 T	0.50023	0.04425	0.45552
105 T	0.49959	0.04792	0.45248
106 G	0.49810	0.05531	0.4466
107 A	0.49720	0.06254	0.44026
108 T	0.49662	0.06619	0.4372
109 A	0.49480	0.07628	0.42892
110 A	0.49356	0.08352	0.42291
111 A	0.49311	0.08434	0.42255
112 G	0.49314	0.08405	0.42281
113 G	0.49323	0.08462	0.42215
114 A	0.49343	0.08533	0.42124
115 G	0.49348	0.08502	0.4215
116 T	0.49360	0.08434	0.42206
117 A	0.49308	0.08501	0.42191
118 G	0.49227	0.08494	0.42279
119 T	0.49215	0.08545	0.4224
120 A	0.49185	0.08876	0.41939
121 G	0.49175	0.09203	0.41622
122 G	0.49216	0.09116	0.41668
123 A	0.49277	0.09071	0.41651
124 G	0.49384	0.08909	0.41707
125 A	0.49622	0.08573	0.41805
126 C	0.49857	0.08179	0.41964
127 G	0.50112	0.07957	0.41931
128 A	0.50600	0.07481	0.41919
129 T	0.51556	0.06433	0.42012
130 T	0.52131	0.05786	0.42084
131 C	0.52283	0.05585	0.42133
132 A	0.52834	0.04900	0.42265
133 T	0.53476	0.04164	0.4236
134 C	0.53627	0.04015	0.42358
135 T	0.53778	0.04034	0.42187
136 T	0.53836	0.04132	0.42032
137 T	0.53670	0.04340	0.41991
138 T	0.53169	0.04854	0.41978
139 A	0.52047	0.05978	0.41975
140 A	0.51691	0.06271	0.42038
141 C	0.51592	0.06259	0.4215
142 C	0.51546	0.06284	0.4217
143 C	0.51771	0.06051	0.42178
144 T	0.52090	0.05753	0.42157
145 A	0.51930	0.05947	0.42123
146 A	0.51943	0.05952	0.42104
147 T	0.52011	0.05883	0.42106
148 A	0.51976	0.05904	0.4212
149 A	0.51982	0.05777	0.42241
150 T	0.51863	0.05764	0.42373
151 T	0.51284	0.06319	0.42397
152 A	0.48801	0.09001	0.42198
153 T	0.46038	0.12037	0.41926
154 G	0.42270	0.16138	0.41591
155 A	0.40020	0.19097	0.40883
156 A	0.37644	0.22039	0.40317
157 A	0.35323	0.24855	0.39823
158 T	0.34596	0.25696	0.39708
159 A	0.33515	0.26918	0.39567
160 G	0.32223	0.28226	0.39551
161 A	0.32131	0.28017	0.39852
162 T	0.32106	0.27182	0.40712
163 T	0.32037	0.26912	0.4105
164 A	0.32008	0.26762	0.4123
165 T	0.32002	0.26496	0.41501
166 T	0.32011	0.26326	0.41663
167 C	0.32019	0.26203	0.41777
168 T	0.32035	0.26111	0.41854
169 A	0.32044	0.26074	0.41881
170 A	0.32052	0.26036	0.41912
171 A	0.32072	0.25945	0.41983
172 A	0.32115	0.25828	0.42056
173 A	0.32183	0.25327	0.42491
174 A	0.32354	0.24208	0.43439
175 A	0.32720	0.21049	0.46231
176 T	0.33239	0.17304	0.49457
177 G	0.33627	0.13385	0.52988
178 A	0.34324	0.10737	0.54939
179 A	0.35025	0.07782	0.57193
180 T	0.35859	0.04476	0.59665
181 T	0.36208	0.03106	0.60686
182 A	0.36507	0.01713	0.6178
183 A	0.36843	0.00000	0.63157
