# lcl|CP097583.1_cds_USQ93138.1_1
# AA	inside	membr	outside
1 A	0.42103	0.00000	0.57897
2 T	0.42101	0.00002	0.57897
3 G	0.42100	0.00004	0.57897
4 T	0.42100	0.05385	0.52516
5 T	0.42022	0.17410	0.40567
6 T	0.42022	0.20784	0.37194
7 T	0.41428	0.22356	0.36216
8 T	0.41428	0.22393	0.36179
9 A	0.41176	0.23310	0.35513
10 G	0.41176	0.43863	0.14962
11 A	0.41031	0.45433	0.13536
12 A	0.39680	0.47115	0.13205
13 A	0.34968	0.52616	0.12416
14 T	0.34967	0.52617	0.12416
15 A	0.34967	0.55276	0.09757
16 A	0.34895	0.55348	0.09757
17 A	0.34821	0.55438	0.09741
18 A	0.34819	0.55449	0.09732
19 T	0.34780	0.55490	0.09729
20 T	0.34484	0.55844	0.09671
21 T	0.33625	0.56704	0.09671
22 C	0.33538	0.56798	0.09663
23 A	0.33509	0.56831	0.0966
24 A	0.33550	0.56790	0.0966
25 A	0.33775	0.56549	0.09676
26 A	0.34148	0.56158	0.09694
27 C	0.39751	0.50445	0.09804
28 C	0.53127	0.36916	0.09958
29 T	0.59023	0.30950	0.10027
30 C	0.63537	0.26080	0.10382
31 T	0.65264	0.24341	0.10395
32 T	0.66720	0.22808	0.10472
33 T	0.77589	0.11879	0.10532
34 T	0.78546	0.10647	0.10807
35 T	0.79317	0.08733	0.1195
36 T	0.79836	0.03729	0.16435
37 T	0.79936	0.03506	0.16558
38 T	0.81213	0.02163	0.16625
39 A	0.81090	0.02228	0.16682
40 A	0.81093	0.02145	0.16762
41 T	0.81144	0.01918	0.16939
42 T	0.81164	0.01855	0.16981
43 T	0.81203	0.01586	0.17211
44 T	0.81173	0.01155	0.17672
45 T	0.81066	0.01670	0.17264
46 A	0.81011	0.01856	0.17133
47 T	0.80986	0.01980	0.17033
48 A	0.80936	0.02334	0.1673
49 A	0.80930	0.02706	0.16364
50 T	0.80935	0.03162	0.15903
51 T	0.80932	0.03168	0.159
52 A	0.80913	0.03194	0.15894
53 T	0.80867	0.03240	0.15893
54 T	0.80786	0.03315	0.15899
55 C	0.80648	0.03467	0.15885
56 T	0.80555	0.03568	0.15878
57 T	0.80455	0.03665	0.1588
58 T	0.80252	0.03871	0.15877
59 T	0.79937	0.04177	0.15886
60 A	0.79354	0.04760	0.15885
61 T	0.79149	0.04891	0.1596
62 G	0.78954	0.04975	0.16072
63 G	0.78774	0.05115	0.16111
64 G	0.78661	0.05205	0.16134
65 T	0.78761	0.05073	0.16166
66 T	0.78545	0.05259	0.16196
67 A	0.78410	0.05356	0.16235
68 C	0.78638	0.05015	0.16347
69 C	0.78708	0.04911	0.16381
70 C	0.78807	0.04801	0.16392
71 C	0.79032	0.04574	0.16393
72 T	0.79295	0.04331	0.16374
73 T	0.79141	0.04512	0.16347
74 T	0.77395	0.06289	0.16316
75 A	0.74774	0.08955	0.16271
76 T	0.73772	0.09947	0.16281
77 A	0.72646	0.10968	0.16385
78 T	0.71766	0.11578	0.16657
79 T	0.70541	0.12571	0.16888
80 T	0.69045	0.13875	0.17079
81 T	0.65209	0.17527	0.17264
82 G	0.58687	0.23841	0.17472
83 T	0.55850	0.26344	0.17805
84 T	0.50361	0.31712	0.17927
85 A	0.45156	0.36779	0.18065
86 A	0.43112	0.38641	0.18247
87 A	0.42429	0.39128	0.18443
88 G	0.42143	0.39220	0.18636
89 C	0.42040	0.39035	0.18925
90 T	0.41962	0.39045	0.18993
91 A	0.41857	0.39168	0.18975
92 A	0.41818	0.39160	0.19023
93 T	0.41774	0.39128	0.19098
94 G	0.41698	0.39119	0.19182
95 A	0.41691	0.38730	0.19579
96 A	0.41708	0.37918	0.20373
97 G	0.41742	0.35613	0.22645
98 T	0.41799	0.33085	0.25117
99 T	0.41844	0.31806	0.2635
100 A	0.41887	0.30568	0.27546
101 T	0.41910	0.28978	0.29111
102 T	0.41794	0.27296	0.3091
103 A	0.41342	0.26297	0.32362
104 T	0.40952	0.22698	0.3635
105 T	0.38543	0.20820	0.40637
106 A	0.32189	0.29009	0.38802
107 G	0.29954	0.32423	0.37622
108 A	0.28621	0.38859	0.3252
109 G	0.28191	0.45596	0.26214
110 G	0.28068	0.51793	0.20139
111 A	0.28023	0.58341	0.13636
112 A	0.28014	0.62153	0.09833
113 T	0.28013	0.63714	0.08274
114 T	0.27567	0.64350	0.08083
115 A	0.27153	0.64772	0.08075
116 A	0.26990	0.64920	0.0809
117 G	0.26893	0.64957	0.0815
118 C	0.26814	0.65031	0.08154
119 C	0.26734	0.65163	0.08102
120 A	0.26170	0.65903	0.07927
121 A	0.25788	0.66570	0.07643
122 A	0.25465	0.67224	0.07311
123 A	0.25221	0.67805	0.06974
124 A	0.25244	0.67871	0.06884
125 A	0.25751	0.67064	0.07185
126 A	0.26676	0.65367	0.07957
127 A	0.27946	0.63206	0.08849
128 A	0.30346	0.57559	0.12095
129 C	0.35735	0.45773	0.18492
130 C	0.42914	0.36900	0.20186
131 C	0.52673	0.26667	0.2066
132 T	0.62509	0.16827	0.20665
133 T	0.67996	0.11327	0.20678
134 T	0.71373	0.07969	0.20659
135 T	0.72717	0.06617	0.20666
136 T	0.73201	0.06068	0.20731
137 C	0.73076	0.05719	0.21206
138 T	0.72932	0.07457	0.1961
139 T	0.72741	0.08893	0.18366
140 A	0.71738	0.11039	0.17223
141 T	0.69442	0.14610	0.15947
142 A	0.64415	0.22588	0.12997
143 A	0.61774	0.26998	0.11228
144 A	0.58060	0.30725	0.11215
145 A	0.56477	0.32151	0.11372
146 T	0.56128	0.32233	0.11639
147 G	0.55104	0.33293	0.11603
148 A	0.54080	0.35250	0.1067
149 A	0.53595	0.36064	0.1034
150 T	0.53099	0.36909	0.09992
151 T	0.51626	0.39097	0.09277
152 A	0.48578	0.43420	0.08001
153 T	0.47571	0.44526	0.07903
154 A	0.46210	0.45896	0.07894
155 A	0.45613	0.46476	0.07911
156 A	0.45330	0.46694	0.07976
157 C	0.45261	0.46582	0.08156
158 C	0.45271	0.46457	0.08271
159 A	0.45374	0.46289	0.08338
160 A	0.45795	0.45667	0.08538
161 C	0.47884	0.43350	0.08766
162 T	0.49587	0.41549	0.08864
163 G	0.50710	0.39615	0.09676
164 A	0.52074	0.35720	0.12206
165 T	0.54868	0.28095	0.17037
166 T	0.56687	0.24272	0.19042
167 G	0.57015	0.20260	0.22726
168 T	0.57310	0.19174	0.23517
169 A	0.57360	0.20240	0.224
170 A	0.57518	0.20667	0.21815
171 T	0.58336	0.19673	0.21992
172 A	0.58596	0.20145	0.21259
173 A	0.58837	0.20779	0.20383
174 A	0.59377	0.20886	0.19737
175 T	0.60537	0.17612	0.21852
176 T	0.60568	0.17748	0.21684
177 G	0.60485	0.17663	0.21852
178 A	0.60489	0.18507	0.21005
179 T	0.60504	0.19292	0.20204
180 T	0.60485	0.19365	0.2015
181 T	0.60416	0.19415	0.20169
182 T	0.60239	0.19625	0.20136
183 G	0.59991	0.19933	0.20076
184 C	0.59531	0.20405	0.20064
185 C	0.58993	0.20996	0.20011
186 A	0.58791	0.21325	0.19884
187 G	0.58753	0.21452	0.19795
188 C	0.59067	0.21356	0.19576
189 T	0.59752	0.22076	0.18172
190 G	0.60106	0.22723	0.1717
191 A	0.60973	0.23158	0.15869
192 A	0.62449	0.22347	0.15204
193 T	0.63967	0.20778	0.15255
194 T	0.64754	0.19845	0.15401
195 A	0.65995	0.18572	0.15433
196 A	0.67767	0.16743	0.1549
197 C	0.70427	0.13863	0.1571
198 T	0.71580	0.12741	0.15679
199 T	0.71764	0.12704	0.15531
200 T	0.70161	0.14623	0.15216
201 C	0.64733	0.20493	0.14774
202 G	0.63028	0.23335	0.13637
203 A	0.61426	0.25802	0.12771
204 A	0.60693	0.26556	0.1275
205 T	0.60338	0.26799	0.12864
206 T	0.59193	0.27882	0.12925
207 A	0.50937	0.35830	0.13233
208 C	0.41367	0.45082	0.1355
209 A	0.35337	0.51148	0.13515
210 A	0.32107	0.54470	0.13424
211 A	0.31058	0.55666	0.13276
212 A	0.31429	0.55494	0.13077
213 C	0.31269	0.55703	0.13027
214 A	0.31074	0.56529	0.12397
215 T	0.30771	0.57089	0.12139
216 A	0.28282	0.60297	0.11421
217 G	0.25652	0.63737	0.10612
218 A	0.23364	0.66691	0.09945
219 A	0.22167	0.68056	0.09778
220 G	0.21108	0.68683	0.10209
221 A	0.20855	0.68321	0.10823
222 A	0.20984	0.67146	0.11869
223 A	0.21332	0.64442	0.14226
224 C	0.21627	0.58159	0.20215
225 T	0.22394	0.55697	0.21909
226 G	0.22115	0.55008	0.22876
227 A	0.21657	0.55675	0.22668
228 A	0.21197	0.56264	0.22539
229 G	0.20007	0.56726	0.23267
230 A	0.19142	0.49697	0.31161
231 G	0.18291	0.40891	0.40818
232 G	0.17852	0.35846	0.46301
233 G	0.17749	0.35452	0.46798
234 G	0.17522	0.38251	0.44227
235 A	0.17755	0.41049	0.41196
236 A	0.18084	0.41146	0.4077
237 T	0.18988	0.39281	0.41731
238 A	0.19340	0.38514	0.42146
239 A	0.20031	0.35867	0.44102
240 T	0.20860	0.32504	0.46636
241 T	0.21475	0.30061	0.48463
242 A	0.21807	0.29442	0.4875
243 T	0.21975	0.29141	0.48884
244 T	0.21865	0.31287	0.46848
245 A	0.21543	0.33075	0.45382
246 T	0.21400	0.33864	0.44737
247 T	0.21105	0.34915	0.43981
248 A	0.20749	0.35923	0.43328
249 T	0.20882	0.36106	0.43012
250 A	0.21241	0.37189	0.41569
251 A	0.21678	0.37668	0.40654
252 A	0.22126	0.36961	0.40912
253 T	0.23455	0.34906	0.41638
254 T	0.23883	0.33941	0.42177
255 A	0.24131	0.33830	0.42039
256 A	0.26372	0.31699	0.41929
257 C	0.30001	0.27567	0.42432
258 T	0.33449	0.24157	0.42394
259 T	0.34724	0.22947	0.42329
260 T	0.34755	0.23079	0.42165
261 C	0.32225	0.25864	0.41911
262 G	0.27483	0.31703	0.40813
263 A	0.23795	0.38126	0.38079
264 A	0.21848	0.43507	0.34645
265 G	0.20470	0.48115	0.31415
266 A	0.20787	0.54926	0.24287
267 T	0.22911	0.55772	0.21317
268 A	0.22366	0.59864	0.17769
269 A	0.21145	0.64301	0.14554
270 T	0.20895	0.65555	0.1355
271 A	0.20061	0.67933	0.12006
272 A	0.19806	0.70386	0.09808
273 A	0.20575	0.70521	0.08904
274 A	0.21644	0.69341	0.09015
275 A	0.22520	0.68443	0.09037
276 A	0.22680	0.68239	0.09081
277 A	0.23014	0.67732	0.09254
278 C	0.23623	0.66652	0.09725
279 A	0.23974	0.66247	0.0978
280 T	0.24286	0.65815	0.09899
281 T	0.24474	0.65617	0.09909
282 A	0.24530	0.65670	0.098
283 A	0.24736	0.65365	0.09899
284 A	0.25092	0.62263	0.12645
285 A	0.26075	0.56445	0.1748
286 G	0.28767	0.49663	0.21571
287 A	0.32748	0.43690	0.23561
288 A	0.37103	0.36913	0.25985
289 T	0.45609	0.27105	0.27286
290 T	0.49239	0.22655	0.28106
291 A	0.52236	0.18188	0.29576
292 T	0.55478	0.12845	0.31678
293 C	0.56311	0.11044	0.32644
294 A	0.57328	0.12595	0.30076
295 T	0.59182	0.14214	0.26604
296 T	0.60036	0.15658	0.24306
297 A	0.60034	0.19912	0.20054
298 T	0.60135	0.21996	0.17868
299 T	0.60067	0.22062	0.1787
300 T	0.59861	0.22067	0.18072
301 T	0.59437	0.22404	0.18159
302 G	0.59266	0.22505	0.18229
303 C	0.59275	0.22475	0.18251
304 C	0.59378	0.22482	0.1814
305 A	0.59614	0.22600	0.17786
306 T	0.59945	0.22610	0.17444
307 T	0.60117	0.22873	0.1701
308 T	0.60060	0.23689	0.16251
309 A	0.59852	0.24981	0.15167
310 A	0.59844	0.25248	0.14908
311 A	0.59997	0.25179	0.14825
312 T	0.60057	0.25170	0.14772
313 A	0.59903	0.25472	0.14625
314 C	0.60100	0.25313	0.14587
315 A	0.60215	0.25490	0.14295
316 A	0.61316	0.24625	0.14059
317 G	0.64855	0.21223	0.13922
318 T	0.69828	0.16519	0.13653
319 A	0.72128	0.14575	0.13297
320 T	0.76075	0.10447	0.13478
321 T	0.77446	0.08824	0.13731
322 T	0.77607	0.08382	0.14012
323 T	0.77432	0.08350	0.14218
324 C	0.75678	0.09844	0.14478
325 C	0.73964	0.11557	0.14479
326 A	0.72224	0.13429	0.14347
327 T	0.70878	0.14912	0.1421
328 A	0.65235	0.20871	0.13895
329 C	0.62666	0.23564	0.1377
330 A	0.60979	0.25667	0.13355
331 A	0.60049	0.27031	0.1292
332 A	0.60066	0.27054	0.12879
333 T	0.60227	0.26929	0.12844
334 G	0.59899	0.27306	0.12794
335 A	0.59785	0.27289	0.12926
336 A	0.59826	0.26957	0.13218
337 T	0.59883	0.26612	0.13505
338 C	0.59825	0.26425	0.1375
339 C	0.59714	0.26505	0.13781
340 A	0.59710	0.26597	0.13693
341 C	0.59915	0.26433	0.13652
342 T	0.60081	0.26421	0.13498
343 A	0.59917	0.26772	0.1331
344 A	0.59863	0.26915	0.13223
345 T	0.59782	0.26843	0.13376
346 G	0.59558	0.26899	0.13543
347 A	0.59340	0.25256	0.15405
348 T	0.59364	0.22979	0.17656
349 A	0.59330	0.21172	0.19497
350 A	0.59432	0.19134	0.21434
351 T	0.59767	0.13190	0.27043
352 G	0.59714	0.10607	0.29679
353 A	0.60042	0.09048	0.3091
354 T	0.60594	0.07720	0.31686
355 G	0.60770	0.07572	0.31658
356 A	0.60910	0.07857	0.31233
357 T	0.61031	0.07910	0.3106
358 T	0.61008	0.07817	0.31175
359 T	0.60914	0.07981	0.31106
360 A	0.60726	0.08516	0.30759
361 A	0.60599	0.08865	0.30536
362 C	0.60588	0.08616	0.30796
363 T	0.60679	0.08636	0.30685
364 A	0.60703	0.08748	0.30548
365 G	0.60860	0.08558	0.30583
366 T	0.61074	0.08299	0.30628
367 T	0.61188	0.08203	0.30609
368 T	0.61270	0.08040	0.3069
369 A	0.61339	0.07801	0.3086
370 T	0.61442	0.07475	0.31083
371 T	0.61435	0.07403	0.31163
372 T	0.61417	0.07335	0.31247
373 G	0.61269	0.07556	0.31174
374 A	0.61311	0.07651	0.31037
375 C	0.61468	0.07531	0.31001
376 A	0.61725	0.08163	0.30112
377 T	0.62358	0.08432	0.2921
378 T	0.62941	0.09205	0.27854
379 A	0.62602	0.12336	0.25062
380 A	0.62684	0.13155	0.24161
381 A	0.62871	0.13451	0.23679
382 T	0.63256	0.13184	0.23559
383 G	0.63762	0.12687	0.2355
384 T	0.64414	0.12091	0.23495
385 T	0.64638	0.11975	0.23387
386 T	0.64625	0.11995	0.2338
387 T	0.64198	0.12452	0.23351
388 T	0.63831	0.12883	0.23286
389 A	0.63157	0.13630	0.23213
390 C	0.62842	0.13944	0.23214
391 A	0.62577	0.14313	0.2311
392 A	0.62433	0.14451	0.23116
393 A	0.62219	0.14641	0.2314
394 C	0.62032	0.14774	0.23195
395 G	0.61908	0.14866	0.23226
396 C	0.61963	0.14639	0.23398
397 G	0.62051	0.14588	0.23361
398 A	0.62275	0.14484	0.23241
399 A	0.63182	0.13556	0.23261
400 G	0.64278	0.12280	0.23442
401 G	0.65755	0.10664	0.2358
402 T	0.68779	0.06854	0.24367
403 C	0.69549	0.05825	0.24627
404 T	0.70059	0.05744	0.24197
405 T	0.70185	0.06279	0.23535
406 T	0.70194	0.06338	0.23468
407 T	0.70107	0.06534	0.23359
408 T	0.69750	0.06923	0.23327
409 A	0.69414	0.06929	0.23657
410 C	0.69204	0.06414	0.24382
411 T	0.69119	0.06405	0.24476
412 G	0.68883	0.06678	0.24439
413 A	0.68737	0.07681	0.23582
414 A	0.68443	0.08511	0.23047
415 T	0.68372	0.08962	0.22666
416 T	0.68224	0.09232	0.22544
417 T	0.68017	0.09597	0.22386
418 G	0.67671	0.09904	0.22425
419 A	0.67356	0.10433	0.2221
420 A	0.66408	0.11652	0.21941
421 A	0.66085	0.12234	0.21681
422 C	0.65580	0.12825	0.21595
423 A	0.65262	0.13359	0.21379
424 A	0.65203	0.13528	0.21269
425 A	0.65311	0.13464	0.21226
426 T	0.65492	0.13268	0.21239
427 T	0.65848	0.12876	0.21276
428 T	0.66032	0.12506	0.21461
429 A	0.65283	0.13031	0.21686
430 T	0.64470	0.13554	0.21976
431 C	0.61243	0.16368	0.2239
432 T	0.57096	0.20351	0.22554
433 G	0.48505	0.28823	0.22672
434 A	0.46730	0.30547	0.22724
435 A	0.46145	0.30954	0.22901
436 T	0.46296	0.30650	0.23054
437 C	0.45571	0.30828	0.23601
438 T	0.44437	0.31826	0.23738
439 C	0.38973	0.37129	0.23898
440 A	0.36527	0.39514	0.23958
441 A	0.34916	0.40978	0.24105
442 A	0.33606	0.42126	0.24267
443 C	0.33135	0.41595	0.2527
444 T	0.32796	0.41660	0.25544
445 T	0.31424	0.42536	0.26039
446 T	0.29829	0.43913	0.26257
447 T	0.27241	0.46523	0.26236
448 T	0.22943	0.50885	0.26172
449 A	0.17845	0.55892	0.26263
450 T	0.15858	0.57415	0.26726
451 G	0.14486	0.58148	0.27365
452 A	0.13880	0.57932	0.28189
453 A	0.13579	0.57037	0.29383
454 A	0.13381	0.53919	0.32699
455 T	0.13328	0.48973	0.377
456 C	0.13095	0.40737	0.46168
457 G	0.12811	0.39705	0.47484
458 A	0.12554	0.39650	0.47796
459 T	0.12473	0.39213	0.48313
460 A	0.12259	0.38961	0.48781
461 G	0.12093	0.38056	0.49851
462 G	0.11930	0.33168	0.54902
463 A	0.11781	0.32484	0.55734
464 A	0.11268	0.32673	0.56058
465 A	0.10880	0.32548	0.56572
466 G	0.10644	0.31513	0.57843
467 A	0.10352	0.32237	0.57411
468 G	0.10121	0.33628	0.5625
469 G	0.09952	0.39919	0.50129
470 G	0.09893	0.53891	0.36215
471 A	0.09877	0.64472	0.25651
472 T	0.09927	0.67898	0.22175
473 T	0.09609	0.74332	0.1606
474 A	0.08907	0.81290	0.09803
475 A	0.08621	0.86280	0.05098
476 A	0.08431	0.88682	0.02888
477 A	0.08326	0.88823	0.02852
478 A	0.08274	0.88860	0.02865
479 A	0.08266	0.88696	0.03038
480 A	0.08323	0.88373	0.03304
481 C	0.08501	0.87941	0.03559
482 A	0.08704	0.87724	0.03571
483 A	0.09164	0.87198	0.03638
484 G	0.09605	0.86701	0.03694
485 A	0.10245	0.86098	0.03657
486 A	0.11292	0.85119	0.03588
487 A	0.12574	0.83337	0.04089
488 G	0.14050	0.81523	0.04427
489 A	0.15689	0.79808	0.04504
490 A	0.19545	0.75787	0.04668
491 A	0.27417	0.67598	0.04984
492 A	0.40945	0.53648	0.05407
493 T	0.63836	0.30341	0.05823
494 T	0.76972	0.16809	0.06218
495 T	0.81825	0.11683	0.06492
496 T	0.84604	0.08510	0.06886
497 C	0.86254	0.06322	0.07423
498 T	0.87859	0.04676	0.07466
499 T	0.87664	0.04814	0.07523
500 T	0.85473	0.07008	0.0752
501 T	0.82392	0.10111	0.07497
502 T	0.77439	0.15206	0.07355
503 C	0.65840	0.26873	0.07287
504 T	0.52794	0.40276	0.06931
505 A	0.40673	0.52857	0.0647
506 A	0.34681	0.59603	0.05716
507 A	0.32955	0.61525	0.05519
508 A	0.31900	0.62881	0.0522
509 T	0.31604	0.63124	0.05272
510 A	0.29669	0.65106	0.05225
511 G	0.27993	0.66808	0.05199
512 A	0.26498	0.68313	0.05189
513 T	0.25247	0.69555	0.05198
514 T	0.23969	0.70864	0.05167
515 T	0.23124	0.71770	0.05106
516 A	0.21534	0.73528	0.04938
517 A	0.20194	0.74985	0.0482
518 A	0.19082	0.76098	0.0482
519 A	0.18532	0.76508	0.04959
520 G	0.17767	0.76596	0.05637
521 A	0.17122	0.76429	0.06449
522 A	0.16710	0.74278	0.09011
523 T	0.16381	0.67106	0.16513
524 G	0.15787	0.60184	0.24029
525 G	0.15689	0.52936	0.31375
526 G	0.15686	0.43329	0.40985
527 C	0.15960	0.34565	0.49475
528 A	0.16192	0.32448	0.5136
529 T	0.16793	0.30729	0.52478
530 A	0.16801	0.33429	0.4977
531 T	0.16837	0.36633	0.46529
532 G	0.16776	0.44150	0.39073
533 A	0.16825	0.43365	0.3981
534 T	0.16853	0.42643	0.40504
535 A	0.16652	0.43768	0.3958
536 T	0.16446	0.45218	0.38337
537 C	0.14628	0.48593	0.3678
538 A	0.14400	0.56497	0.29103
539 A	0.14341	0.59306	0.26354
540 A	0.14331	0.60516	0.25153
541 A	0.14398	0.61124	0.24478
542 T	0.14593	0.62025	0.23382
543 A	0.14264	0.64263	0.21473
544 G	0.14176	0.66971	0.18854
545 A	0.13969	0.71004	0.15027
546 A	0.13940	0.73454	0.12607
547 A	0.14076	0.75399	0.10525
548 T	0.14937	0.75290	0.09772
549 T	0.15453	0.76179	0.08368
550 A	0.15869	0.76413	0.07718
551 A	0.17551	0.75366	0.07083
552 A	0.20202	0.73084	0.06715
553 A	0.23156	0.70792	0.06052
554 C	0.26972	0.67248	0.05779
555 T	0.33975	0.61358	0.04668
556 A	0.35247	0.60445	0.04308
557 A	0.36935	0.58895	0.0417
558 A	0.40222	0.55419	0.04359
559 T	0.43894	0.51434	0.04673
560 C	0.44954	0.48335	0.0671
561 T	0.48142	0.45220	0.06638
562 C	0.45264	0.48504	0.06231
563 A	0.39365	0.57034	0.03601
564 A	0.36162	0.60394	0.03444
565 A	0.35111	0.61476	0.03413
566 A	0.36242	0.59971	0.03787
567 T	0.39430	0.56566	0.04004
568 C	0.42293	0.53193	0.04515
569 A	0.42979	0.52633	0.04388
570 T	0.43901	0.51544	0.04555
571 G	0.40704	0.54716	0.04581
572 A	0.38932	0.56451	0.04617
573 A	0.37689	0.57525	0.04786
574 C	0.37221	0.56882	0.05897
575 A	0.36885	0.57148	0.05967
576 A	0.37314	0.56621	0.06065
577 T	0.37561	0.56611	0.05827
578 A	0.34909	0.59825	0.05266
579 T	0.30712	0.64362	0.04926
580 A	0.24889	0.69684	0.05427
581 A	0.21519	0.71634	0.06847
582 G	0.19548	0.71918	0.08533
583 A	0.18741	0.71516	0.09743
584 A	0.17701	0.70150	0.12149
585 A	0.17602	0.66120	0.16277
586 T	0.19379	0.57137	0.23484
587 T	0.18092	0.54834	0.27074
588 A	0.15103	0.57954	0.26944
589 G	0.11892	0.62385	0.25723
590 A	0.09252	0.69119	0.21629
591 A	0.08248	0.71252	0.205
592 A	0.07345	0.72339	0.20317
593 A	0.07080	0.72076	0.20844
594 T	0.06964	0.70474	0.22562
595 A	0.06538	0.73305	0.20157
596 A	0.06061	0.77286	0.16652
597 A	0.05758	0.78743	0.15499
598 A	0.05785	0.79509	0.14707
599 A	0.06010	0.79690	0.143
600 A	0.06632	0.78694	0.14674
601 A	0.07469	0.75107	0.17424
602 T	0.08407	0.69291	0.22302
603 T	0.08964	0.65717	0.25319
604 A	0.09103	0.64797	0.26099
605 A	0.09301	0.63615	0.27084
606 A	0.09980	0.62363	0.27657
607 T	0.10662	0.60157	0.29181
608 T	0.11169	0.59022	0.29808
609 A	0.11484	0.58827	0.29689
610 A	0.12332	0.57840	0.29828
611 A	0.14533	0.53640	0.31826
612 A	0.17338	0.48168	0.34494
613 T	0.22292	0.40935	0.36773
614 G	0.24474	0.38778	0.36749
615 T	0.27441	0.37650	0.34908
616 G	0.28524	0.44043	0.27433
617 A	0.30164	0.46729	0.23107
618 A	0.34286	0.44472	0.21242
619 T	0.39786	0.40843	0.19371
620 T	0.41817	0.40788	0.17396
621 A	0.43028	0.41504	0.15469
622 G	0.43986	0.42743	0.13271
623 A	0.45160	0.42860	0.1198
624 T	0.46656	0.42418	0.10926
625 A	0.47395	0.42047	0.10557
626 T	0.49627	0.39962	0.10411
627 T	0.50965	0.38911	0.10124
628 A	0.51382	0.39013	0.09605
629 C	0.51844	0.38743	0.09413
630 T	0.52327	0.38707	0.08966
631 G	0.52326	0.39690	0.07984
632 A	0.52753	0.39990	0.07257
633 T	0.53586	0.39445	0.06969
634 A	0.53469	0.39895	0.06636
635 A	0.53760	0.39835	0.06404
636 A	0.54718	0.38921	0.06361
637 G	0.56329	0.37202	0.0647
638 A	0.59348	0.34196	0.06456
639 T	0.67995	0.25494	0.06511
640 A	0.71517	0.22032	0.06452
641 A	0.73924	0.19598	0.06479
642 T	0.76887	0.16472	0.06642
643 T	0.78962	0.14244	0.06793
644 A	0.80122	0.12847	0.07031
645 T	0.81997	0.10775	0.07228
646 C	0.82918	0.09746	0.07335
647 C	0.83772	0.08847	0.07381
648 T	0.84209	0.08383	0.07408
649 G	0.84425	0.08160	0.07415
650 C	0.84937	0.07637	0.07426
651 T	0.85846	0.06738	0.07416
652 T	0.86283	0.06312	0.07404
653 A	0.86645	0.05915	0.0744
654 T	0.87657	0.04621	0.07721
655 T	0.88173	0.03986	0.07842
656 T	0.88360	0.03407	0.08233
657 A	0.88531	0.02693	0.08776
658 T	0.88809	0.02069	0.09122
659 T	0.88887	0.01867	0.09246
660 T	0.88886	0.01738	0.09375
661 A	0.88807	0.01863	0.0933
662 A	0.88731	0.01925	0.09344
663 T	0.88833	0.01742	0.09425
664 C	0.88855	0.01682	0.09463
665 T	0.88833	0.01782	0.09385
666 T	0.88741	0.02017	0.09242
667 T	0.88533	0.02579	0.08888
668 T	0.88339	0.03108	0.08553
669 T	0.88021	0.03532	0.08447
670 G	0.87271	0.04525	0.08204
671 A	0.86700	0.05503	0.07797
672 T	0.86493	0.05798	0.07708
673 C	0.86056	0.06494	0.0745
674 A	0.85829	0.07191	0.0698
675 G	0.85745	0.07323	0.06932
676 T	0.85784	0.07323	0.06893
677 T	0.85737	0.07412	0.06852
678 T	0.85674	0.07523	0.06803
679 C	0.85595	0.07645	0.0676
680 A	0.85567	0.08049	0.06385
681 A	0.85567	0.08391	0.06043
682 A	0.85633	0.08761	0.05606
683 A	0.85648	0.08883	0.05469
684 T	0.85664	0.08925	0.05411
685 T	0.85524	0.09070	0.05405
686 T	0.85146	0.09499	0.05355
687 A	0.84445	0.10262	0.05293
688 A	0.84151	0.10542	0.05307
689 A	0.84105	0.10457	0.05437
690 T	0.84378	0.09881	0.05741
691 A	0.84441	0.09649	0.0591
692 A	0.84438	0.09404	0.06157
693 A	0.84618	0.08686	0.06696
694 T	0.85074	0.07769	0.07157
695 A	0.85107	0.07739	0.07155
696 T	0.85388	0.07127	0.07486
697 T	0.85630	0.06692	0.07677
698 T	0.85470	0.06728	0.07802
699 T	0.85146	0.06976	0.07877
700 C	0.84503	0.07555	0.07943
701 C	0.84194	0.07865	0.07941
702 A	0.84077	0.08160	0.07763
703 A	0.84320	0.08045	0.07635
704 A	0.84655	0.07746	0.07599
705 T	0.85227	0.07185	0.07588
706 T	0.85460	0.06908	0.07631
707 T	0.85614	0.06445	0.07942
708 T	0.85675	0.06078	0.08247
709 T	0.85639	0.05697	0.08664
710 T	0.85569	0.05246	0.09186
711 T	0.85421	0.05148	0.09431
712 A	0.85099	0.05454	0.09448
713 G	0.84794	0.05815	0.09391
714 A	0.84676	0.05851	0.09474
715 A	0.84579	0.05921	0.09499
716 T	0.84628	0.05775	0.09596
717 A	0.84642	0.05799	0.09559
718 G	0.84799	0.05601	0.096
719 A	0.84893	0.05482	0.09625
720 T	0.85004	0.05149	0.09848
721 T	0.85053	0.05005	0.09941
722 T	0.85104	0.04762	0.10134
723 T	0.85111	0.04435	0.10454
724 G	0.85093	0.04459	0.10449
725 A	0.85172	0.04395	0.10432
726 T	0.85294	0.04225	0.10481
727 T	0.85355	0.04181	0.10464
728 T	0.85374	0.04276	0.1035
729 T	0.85137	0.04725	0.10138
730 T	0.84184	0.06086	0.09729
731 A	0.82574	0.08006	0.09419
732 T	0.82258	0.08611	0.09131
733 G	0.81898	0.09308	0.08793
734 A	0.81794	0.09587	0.08619
735 A	0.81788	0.09574	0.08639
736 T	0.81916	0.09305	0.0878
737 A	0.81815	0.09448	0.08737
738 T	0.81633	0.09559	0.08808
739 G	0.81246	0.10016	0.08738
740 A	0.81225	0.10161	0.08614
741 T	0.81300	0.10247	0.08453
742 A	0.81317	0.10253	0.08429
743 A	0.81383	0.10215	0.08402
744 T	0.81701	0.09887	0.08413
745 T	0.81837	0.09740	0.08422
746 C	0.81851	0.09710	0.08438
747 T	0.82002	0.09592	0.08406
748 T	0.82023	0.09595	0.08382
749 T	0.81987	0.09650	0.08364
750 A	0.81786	0.09835	0.0838
751 A	0.81743	0.09828	0.08429
752 A	0.81911	0.09250	0.08839
753 T	0.82390	0.07541	0.10069
754 C	0.82597	0.05707	0.11696
755 C	0.82958	0.05070	0.11972
756 T	0.83304	0.04626	0.12069
757 A	0.83272	0.04692	0.12035
758 T	0.83338	0.04619	0.12042
759 T	0.83069	0.04914	0.12017
760 T	0.82381	0.05572	0.12046
761 G	0.80886	0.06846	0.12268
762 G	0.79960	0.07988	0.12052
763 A	0.79257	0.09843	0.10899
764 T	0.78914	0.10845	0.10241
765 A	0.78241	0.12213	0.09547
766 G	0.77984	0.12992	0.09024
767 T	0.77938	0.13570	0.08492
768 T	0.77729	0.14280	0.0799
769 T	0.77356	0.14859	0.07786
770 T	0.76826	0.15560	0.07614
771 T	0.75526	0.17145	0.07329
772 A	0.72309	0.20590	0.07101
773 A	0.70322	0.22550	0.07128
774 A	0.68758	0.24005	0.07237
775 G	0.67802	0.24893	0.07305
776 A	0.67095	0.25587	0.07319
777 T	0.66575	0.26003	0.07422
778 A	0.65165	0.27443	0.07392
779 A	0.64624	0.27936	0.07441
780 G	0.64452	0.27844	0.07703
781 A	0.64369	0.27715	0.07916
782 A	0.64415	0.27151	0.08435
783 T	0.64680	0.25885	0.09435
784 G	0.64841	0.24354	0.10805
785 A	0.65568	0.22825	0.11607
786 A	0.66896	0.20726	0.12378
787 T	0.68109	0.18891	0.13
788 T	0.69035	0.17235	0.1373
789 T	0.69654	0.16170	0.14175
790 T	0.69930	0.15495	0.14575
791 T	0.70129	0.14788	0.15084
792 T	0.70054	0.14161	0.15785
793 A	0.69721	0.13949	0.16331
794 T	0.69728	0.12578	0.17693
795 T	0.69346	0.10493	0.20161
796 T	0.68039	0.10512	0.21449
797 A	0.63720	0.14193	0.22088
798 T	0.62409	0.15434	0.22158
799 G	0.61076	0.16587	0.22336
800 A	0.60355	0.17231	0.22413
801 T	0.60247	0.16361	0.23392
802 T	0.60023	0.16384	0.23593
803 T	0.59735	0.16910	0.23354
804 G	0.59340	0.17604	0.23056
805 A	0.59140	0.18397	0.22462
806 T	0.58902	0.18870	0.22227
807 T	0.58198	0.19944	0.21859
808 A	0.56646	0.22188	0.21165
809 T	0.56206	0.23615	0.20179
810 T	0.54848	0.26146	0.19006
811 A	0.51687	0.31531	0.16782
812 A	0.50544	0.33423	0.16033
813 T	0.49549	0.34874	0.15577
814 G	0.47393	0.37998	0.14609
815 A	0.44559	0.42043	0.13397
816 A	0.42124	0.44902	0.12974
817 G	0.41861	0.45415	0.12724
818 A	0.41791	0.46368	0.11841
819 A	0.42163	0.44760	0.13077
820 G	0.42861	0.39997	0.17143
821 T	0.43870	0.37734	0.18396
822 T	0.44228	0.36389	0.19383
823 C	0.44234	0.36200	0.19566
824 A	0.44218	0.38177	0.17605
825 A	0.44370	0.39474	0.16157
826 T	0.44612	0.41283	0.14105
827 A	0.43674	0.44029	0.12298
828 T	0.43372	0.45374	0.11254
829 A	0.42094	0.48124	0.09783
830 A	0.41211	0.49047	0.09741
831 A	0.40066	0.49244	0.10689
832 A	0.39969	0.49384	0.10648
833 A	0.40570	0.48902	0.10527
834 T	0.42443	0.48979	0.08577
835 A	0.42112	0.49907	0.07982
836 A	0.41923	0.49708	0.08369
837 A	0.42517	0.48115	0.09368
838 A	0.43361	0.45138	0.11501
839 C	0.44036	0.42460	0.13504
840 A	0.44869	0.41586	0.13544
841 T	0.46418	0.40071	0.13511
842 A	0.46525	0.40274	0.13201
843 T	0.46809	0.40231	0.1296
844 C	0.46794	0.40439	0.12767
845 A	0.46992	0.40859	0.12149
846 A	0.47425	0.41453	0.11122
847 G	0.49359	0.41485	0.09156
848 A	0.51052	0.41997	0.06952
849 T	0.54237	0.38916	0.06847
850 T	0.56418	0.35787	0.07796
851 T	0.57481	0.34253	0.08266
852 A	0.58326	0.32662	0.09013
853 A	0.59121	0.31297	0.09583
854 T	0.60124	0.28780	0.11096
855 G	0.60774	0.27331	0.11896
856 A	0.62334	0.25685	0.11981
857 A	0.67223	0.20416	0.1236
858 T	0.69224	0.17555	0.13222
859 T	0.69745	0.16760	0.13495
860 T	0.70251	0.16552	0.13197
861 G	0.70407	0.16201	0.13392
862 T	0.70671	0.16124	0.13204
863 A	0.70637	0.16545	0.12818
864 T	0.70833	0.16593	0.12575
865 C	0.71000	0.16433	0.12567
866 A	0.70938	0.16872	0.12189
867 T	0.71155	0.16821	0.12024
868 G	0.71452	0.16517	0.12031
869 A	0.72508	0.15493	0.12
870 T	0.75255	0.12755	0.1199
871 T	0.77259	0.10770	0.11971
872 C	0.75132	0.13135	0.11734
873 T	0.74065	0.15105	0.1083
874 T	0.71751	0.18505	0.09744
875 A	0.66473	0.24918	0.08608
876 T	0.58357	0.34146	0.07497
877 A	0.45486	0.48046	0.06468
878 A	0.41277	0.52717	0.06006
879 T	0.38487	0.55528	0.05986
880 A	0.30939	0.63138	0.05923
881 A	0.23775	0.70295	0.0593
882 A	0.17385	0.76614	0.06002
883 C	0.15626	0.78235	0.06139
884 A	0.14336	0.80022	0.05642
885 A	0.14093	0.80310	0.05597
886 A	0.14034	0.80310	0.05656
887 T	0.13802	0.80443	0.05755
888 T	0.11918	0.82222	0.05861
889 C	0.09383	0.84267	0.0635
890 A	0.07665	0.86098	0.06237
891 A	0.06471	0.87202	0.06327
892 A	0.05723	0.87878	0.06399
893 A	0.05186	0.88313	0.06501
894 A	0.05125	0.87979	0.06895
895 G	0.05461	0.83862	0.10677
896 G	0.06360	0.80972	0.12668
897 A	0.07507	0.77305	0.15188
898 A	0.08578	0.71229	0.20194
899 T	0.09580	0.59897	0.30523
900 T	0.10055	0.48362	0.41583
901 G	0.09738	0.46442	0.43819
902 A	0.08918	0.47699	0.43383
903 A	0.08222	0.45106	0.46673
904 A	0.07924	0.42026	0.50049
905 A	0.07634	0.38248	0.54118
906 A	0.07524	0.39061	0.53415
907 G	0.07973	0.42059	0.49968
908 A	0.08063	0.53584	0.38354
909 A	0.07906	0.58879	0.33215
910 A	0.07913	0.58947	0.3314
911 T	0.07993	0.57181	0.34826
912 T	0.07784	0.57979	0.34236
913 G	0.06849	0.63752	0.29399
914 A	0.06161	0.77417	0.16421
915 A	0.05901	0.82455	0.11644
916 G	0.05798	0.85392	0.08811
917 A	0.05895	0.87567	0.06538
918 A	0.06260	0.88087	0.05653
919 T	0.07029	0.87720	0.0525
920 T	0.07784	0.87347	0.04868
921 T	0.08519	0.87149	0.04333
922 A	0.08894	0.86816	0.0429
923 A	0.09519	0.86129	0.04351
924 A	0.10521	0.84565	0.04913
925 T	0.12702	0.81524	0.05773
926 C	0.14175	0.79387	0.06438
927 A	0.16844	0.76754	0.06402
928 A	0.19937	0.73657	0.06406
929 A	0.23557	0.70196	0.06247
930 A	0.29412	0.64478	0.0611
931 T	0.42826	0.51006	0.06168
932 T	0.47900	0.45651	0.0645
933 A	0.47655	0.46030	0.06316
934 A	0.46883	0.47164	0.05953
935 A	0.48751	0.45146	0.06104
936 A	0.54558	0.38466	0.06976
937 T	0.67267	0.25084	0.07648
938 A	0.70068	0.22372	0.0756
939 T	0.69988	0.22776	0.07236
940 T	0.66739	0.27394	0.05867
941 T	0.58304	0.36917	0.04779
942 A	0.42501	0.53552	0.03947
943 G	0.25330	0.70840	0.03829
944 A	0.19080	0.77174	0.03745
945 A	0.16523	0.79590	0.03886
946 T	0.15614	0.80287	0.04099
947 C	0.13480	0.82298	0.04222
948 A	0.11034	0.84796	0.04169
949 C	0.09399	0.86458	0.04143
950 A	0.08000	0.88442	0.03558
951 A	0.07472	0.89258	0.0327
952 A	0.07450	0.89478	0.03073
953 T	0.07676	0.89144	0.03179
954 G	0.07607	0.89211	0.03182
955 A	0.07642	0.88318	0.0404
956 A	0.07865	0.86643	0.05493
957 T	0.08327	0.83743	0.07929
958 A	0.08255	0.82811	0.08935
959 A	0.08358	0.82093	0.09548
960 A	0.08666	0.79543	0.1179
961 A	0.09245	0.74883	0.15873
962 G	0.09939	0.63396	0.26665
963 T	0.11518	0.53624	0.34859
964 T	0.12563	0.44910	0.42527
965 A	0.13123	0.35484	0.51394
966 T	0.13295	0.23219	0.63485
967 G	0.13339	0.18476	0.68185
968 T	0.13320	0.17879	0.688
969 A	0.12939	0.23988	0.63074
970 G	0.12766	0.28925	0.58309
971 A	0.12681	0.40740	0.46578
972 A	0.12221	0.49545	0.38234
973 T	0.12451	0.51910	0.35639
974 A	0.12014	0.59429	0.28558
975 T	0.11812	0.65977	0.22211
976 A	0.11037	0.74998	0.13965
977 T	0.10798	0.77734	0.11468
978 A	0.10423	0.82227	0.0735
979 G	0.10157	0.83016	0.06827
980 A	0.09964	0.84315	0.05721
981 A	0.09866	0.84745	0.05389
982 T	0.09978	0.84587	0.05435
983 C	0.09430	0.85188	0.05382
984 T	0.08941	0.86090	0.04969
985 A	0.07718	0.87424	0.04858
986 C	0.06898	0.88316	0.04786
987 A	0.06099	0.89481	0.04419
988 A	0.06158	0.89784	0.04058
989 C	0.06687	0.89465	0.03847
990 A	0.07711	0.88843	0.03445
991 A	0.10072	0.86724	0.03204
992 A	0.16824	0.79769	0.03407
993 A	0.23063	0.73413	0.03525
994 A	0.37819	0.58505	0.03677
995 T	0.49711	0.45728	0.04561
996 G	0.52285	0.42548	0.05167
997 G	0.56265	0.37934	0.05801
998 A	0.56331	0.37892	0.05777
999 T	0.59872	0.34228	0.05901
1000 A	0.50010	0.44930	0.0506
1001 A	0.44743	0.50473	0.04784
1002 A	0.41189	0.53989	0.04822
1003 A	0.37477	0.57559	0.04963
1004 T	0.34925	0.59653	0.05422
1005 A	0.27343	0.66895	0.05761
1006 A	0.22400	0.71325	0.06275
1007 G	0.18935	0.74170	0.06896
1008 A	0.18128	0.74065	0.07808
1009 G	0.17091	0.74187	0.08721
1010 A	0.17052	0.73338	0.09609
1011 A	0.17333	0.72487	0.10179
1012 T	0.17667	0.71631	0.10703
1013 C	0.17661	0.70968	0.11371
1014 T	0.17450	0.71107	0.11444
1015 A	0.16598	0.72010	0.11391
1016 T	0.16033	0.72572	0.11394
1017 G	0.14306	0.74946	0.10748
1018 A	0.12941	0.77649	0.09411
1019 A	0.11953	0.78412	0.09635
1020 A	0.11797	0.76670	0.11533
1021 G	0.11961	0.70445	0.17594
1022 A	0.12436	0.66408	0.21156
1023 T	0.13544	0.53144	0.33312
1024 T	0.13989	0.45116	0.40896
1025 G	0.14110	0.40249	0.45641
1026 T	0.14284	0.36670	0.49046
1027 G	0.14077	0.36264	0.49658
1028 A	0.14094	0.33159	0.52747
1029 T	0.14242	0.29549	0.56209
1030 G	0.14205	0.27900	0.57896
1031 A	0.14315	0.27940	0.57745
1032 T	0.14424	0.27781	0.57795
1033 T	0.14450	0.28937	0.56613
1034 T	0.14364	0.30812	0.54824
1035 A	0.14116	0.35813	0.50071
1036 A	0.14035	0.38995	0.46971
1037 A	0.13928	0.46706	0.39366
1038 G	0.13709	0.51488	0.34803
1039 A	0.13742	0.55822	0.30436
1040 A	0.14402	0.57149	0.2845
1041 A	0.15712	0.56530	0.27757
1042 T	0.17689	0.56022	0.26289
1043 T	0.18500	0.56347	0.25153
1044 G	0.18620	0.57774	0.23606
1045 T	0.19027	0.59530	0.21443
1046 A	0.18939	0.62803	0.18258
1047 T	0.19254	0.64824	0.15922
1048 A	0.19120	0.69105	0.11775
1049 A	0.19905	0.72078	0.08017
1050 T	0.22510	0.70049	0.07441
1051 T	0.23657	0.69067	0.07276
1052 A	0.22359	0.70772	0.06869
1053 T	0.21616	0.71617	0.06767
1054 C	0.19131	0.74211	0.06658
1055 C	0.17012	0.76700	0.06287
1056 A	0.15784	0.78944	0.05272
1057 A	0.16795	0.78378	0.04827
1058 A	0.20578	0.74810	0.04612
1059 A	0.23418	0.72375	0.04207
1060 A	0.30727	0.65426	0.03848
1061 A	0.35693	0.60422	0.03885
1062 A	0.37358	0.58860	0.03782
1063 A	0.38234	0.58066	0.037
1064 A	0.35930	0.60624	0.03446
1065 T	0.35534	0.61093	0.03372
1066 G	0.28360	0.68502	0.03138
1067 A	0.24063	0.73137	0.028
1068 A	0.22353	0.75023	0.02625
1069 A	0.20526	0.76797	0.02676
1070 A	0.19770	0.77420	0.0281
1071 A	0.21148	0.75328	0.03524
1072 G	0.23796	0.71982	0.04221
1073 A	0.24521	0.70988	0.04492
1074 A	0.25011	0.69816	0.05172
1075 A	0.25919	0.67007	0.07073
1076 T	0.26599	0.63897	0.09505
1077 T	0.24118	0.63468	0.12414
1078 G	0.20534	0.64800	0.14666
1079 C	0.17204	0.66793	0.16003
1080 A	0.12888	0.72823	0.14289
1081 A	0.08657	0.78759	0.12584
1082 A	0.06907	0.81566	0.11527
1083 A	0.06746	0.82314	0.10939
1084 A	0.06985	0.82416	0.10599
1085 A	0.07420	0.78236	0.14344
1086 A	0.07974	0.73440	0.18586
1087 T	0.08775	0.66178	0.25047
1088 T	0.09180	0.60941	0.29879
1089 T	0.09450	0.53472	0.37079
1090 G	0.09353	0.48717	0.4193
1091 A	0.09223	0.46518	0.44259
1092 T	0.09254	0.42366	0.4838
1093 T	0.08949	0.40673	0.50377
1094 C	0.08251	0.40190	0.51559
1095 A	0.07746	0.43375	0.48879
1096 G	0.07513	0.47042	0.45446
1097 A	0.07473	0.51529	0.40998
1098 A	0.07466	0.56363	0.36171
1099 T	0.07843	0.60725	0.31432
1100 T	0.08147	0.57770	0.34083
1101 A	0.07779	0.54987	0.37233
1102 A	0.07737	0.50904	0.41359
1103 A	0.09136	0.45232	0.45632
1104 C	0.10842	0.39155	0.50002
1105 C	0.12223	0.36759	0.51019
1106 G	0.13201	0.39402	0.47397
1107 T	0.14066	0.42645	0.43289
1108 T	0.13915	0.48709	0.37376
1109 T	0.12312	0.58945	0.28744
1110 G	0.09956	0.66976	0.23069
1111 A	0.07585	0.76072	0.16343
1112 A	0.06042	0.80527	0.13431
1113 A	0.05138	0.82914	0.11949
1114 A	0.04570	0.84475	0.10955
1115 A	0.04267	0.86813	0.0892
1116 A	0.04478	0.89334	0.06187
1117 A	0.05396	0.90387	0.04217
1118 A	0.07990	0.89176	0.02834
1119 A	0.11449	0.86006	0.02545
1120 A	0.15440	0.82177	0.02383
1121 A	0.19760	0.77829	0.02411
1122 T	0.23995	0.73508	0.02497
1123 A	0.24217	0.73256	0.02527
1124 A	0.23417	0.73680	0.02903
1125 A	0.21207	0.75723	0.0307
1126 A	0.18085	0.78865	0.0305
1127 A	0.16163	0.80932	0.02906
1128 A	0.15544	0.81507	0.02949
1129 G	0.20406	0.76089	0.03505
1130 A	0.24993	0.71091	0.03916
1131 A	0.31173	0.64267	0.0456
1132 T	0.40779	0.53133	0.06089
1133 A	0.42662	0.50669	0.06669
1134 T	0.44533	0.47279	0.08189
1135 G	0.35002	0.55661	0.09337
1136 A	0.26938	0.63115	0.09947
1137 A	0.24655	0.64799	0.10545
1138 G	0.25322	0.63462	0.11215
1139 C	0.28261	0.60067	0.11672
1140 A	0.30446	0.57897	0.11658
1141 T	0.32120	0.56329	0.11551
1142 T	0.31681	0.57085	0.11235
1143 T	0.28530	0.61007	0.10463
1144 A	0.19513	0.71323	0.09164
1145 A	0.12219	0.79680	0.08102
1146 A	0.09535	0.83263	0.07202
1147 A	0.08469	0.83897	0.07634
1148 A	0.07781	0.82723	0.09497
1149 A	0.07485	0.80264	0.12251
1150 A	0.07313	0.78909	0.13779
1151 A	0.04816	0.80568	0.14615
1152 A	0.03860	0.81912	0.14228
1153 A	0.03217	0.82400	0.14384
1154 A	0.03005	0.82342	0.14653
1155 A	0.03108	0.82020	0.14872
1156 A	0.04224	0.78508	0.17268
1157 A	0.04666	0.74737	0.20597
1158 T	0.05058	0.63186	0.31756
1159 G	0.04864	0.55731	0.39405
1160 A	0.04518	0.56389	0.39093
1161 T	0.03977	0.61465	0.34557
1162 G	0.02030	0.78083	0.19887
1163 A	0.01702	0.89339	0.08958
1164 A	0.01700	0.89882	0.08418
1165 A	0.01873	0.89023	0.09103
1166 A	0.02414	0.85049	0.12536
1167 A	0.03488	0.75946	0.20565
1168 C	0.04871	0.67879	0.27251
1169 T	0.06352	0.65915	0.27733
1170 A	0.06639	0.67842	0.25519
1171 G	0.06914	0.69645	0.23441
1172 A	0.07089	0.72023	0.20888
1173 A	0.07446	0.72226	0.20328
1174 G	0.08107	0.69068	0.22825
1175 A	0.09543	0.68643	0.21814
1176 A	0.11553	0.68347	0.20101
1177 T	0.13844	0.67581	0.18575
1178 T	0.14660	0.68371	0.1697
1179 A	0.14833	0.70213	0.14954
1180 A	0.15230	0.72155	0.12615
1181 A	0.15492	0.74513	0.09994
1182 A	0.16854	0.74593	0.08553
1183 A	0.20243	0.71407	0.0835
1184 A	0.26464	0.64637	0.08898
1185 T	0.41819	0.47827	0.10354
1186 T	0.50998	0.39940	0.09062
1187 T	0.50861	0.42024	0.07116
1188 A	0.48354	0.49784	0.01862
1189 A	0.47029	0.51434	0.01536
1190 A	0.46604	0.51892	0.01504
1191 T	0.47100	0.51311	0.01589
1192 T	0.48248	0.50063	0.01689
1193 C	0.49620	0.48510	0.01871
1194 A	0.50490	0.47627	0.01884
1195 C	0.50521	0.47563	0.01916
1196 A	0.47805	0.50487	0.01708
1197 A	0.37769	0.60657	0.01573
1198 C	0.32573	0.65949	0.01478
1199 A	0.30287	0.68538	0.01174
1200 A	0.27462	0.71460	0.01078
1201 G	0.25665	0.73212	0.01122
1202 A	0.25156	0.73691	0.01153
1203 A	0.23730	0.75037	0.01232
1204 A	0.18894	0.79448	0.01658
1205 A	0.13442	0.84743	0.01815
1206 A	0.11070	0.87016	0.01915
1207 A	0.10046	0.88084	0.0187
1208 A	0.09859	0.88148	0.01993
1209 A	0.10404	0.87060	0.02536
1210 A	0.11917	0.84184	0.03898
1211 T	0.16416	0.76750	0.06834
1212 T	0.16294	0.75139	0.08566
1213 T	0.15752	0.74676	0.09573
1214 C	0.14386	0.75388	0.10227
1215 A	0.11032	0.78582	0.10387
1216 G	0.09028	0.79976	0.10996
1217 A	0.07148	0.81243	0.11609
1218 A	0.06887	0.80033	0.13081
1219 A	0.06767	0.78598	0.14636
1220 A	0.06771	0.69041	0.24188
1221 T	0.06763	0.60760	0.32476
1222 T	0.06416	0.54406	0.39177
1223 A	0.05110	0.49104	0.45787
1224 T	0.04901	0.45427	0.49672
1225 A	0.04567	0.44262	0.51172
1226 A	0.04469	0.41409	0.54122
1227 T	0.04577	0.33931	0.61492
1228 A	0.04502	0.26561	0.68937
1229 A	0.04491	0.23669	0.71839
1230 T	0.04627	0.22024	0.73349
1231 A	0.04614	0.21070	0.74316
1232 C	0.04697	0.19017	0.76287
1233 T	0.04746	0.18769	0.76486
1234 G	0.04618	0.23912	0.7147
1235 T	0.04574	0.33933	0.61493
1236 T	0.04183	0.50315	0.45501
1237 A	0.03186	0.73529	0.23285
1238 A	0.02547	0.80594	0.16859
1239 A	0.02093	0.84347	0.1356
1240 G	0.01976	0.84919	0.13104
1241 A	0.01896	0.87757	0.10346
1242 A	0.01906	0.88456	0.09638
1243 A	0.01982	0.88998	0.09019
1244 T	0.01995	0.89339	0.08666
1245 A	0.01895	0.89422	0.08683
1246 G	0.01904	0.88426	0.0967
1247 G	0.01939	0.88474	0.09587
1248 A	0.02166	0.88549	0.09285
1249 G	0.02365	0.89039	0.08596
1250 A	0.02672	0.90378	0.0695
1251 A	0.02834	0.92200	0.04966
1252 A	0.03048	0.94346	0.02606
1253 A	0.03260	0.94818	0.01922
1254 A	0.03539	0.95081	0.0138
1255 A	0.03960	0.94881	0.01159
1256 A	0.05285	0.93545	0.01171
1257 A	0.11563	0.87113	0.01323
1258 A	0.23398	0.75109	0.01494
1259 A	0.42702	0.55308	0.0199
1260 T	0.68227	0.28790	0.02983
1261 T	0.76787	0.19618	0.03595
1262 T	0.79498	0.16606	0.03896
1263 A	0.79776	0.16425	0.03798
1264 T	0.80889	0.15327	0.03784
1265 A	0.80547	0.15677	0.03776
1266 T	0.80886	0.15260	0.03855
1267 T	0.80878	0.15106	0.04017
1268 T	0.79042	0.16849	0.04109
1269 G	0.73718	0.22183	0.04099
1270 G	0.64950	0.31021	0.04029
1271 C	0.60705	0.35469	0.03826
1272 A	0.59683	0.36588	0.03728
1273 A	0.60939	0.35470	0.03591
1274 A	0.63385	0.33091	0.03524
1275 T	0.65899	0.30614	0.03487
1276 C	0.66159	0.30353	0.03488
1277 T	0.64776	0.31733	0.03491
1278 T	0.58465	0.38100	0.03436
1279 G	0.41141	0.55622	0.03236
1280 C	0.20905	0.76088	0.03008
1281 A	0.12560	0.84948	0.02492
1282 A	0.09588	0.88108	0.02304
1283 A	0.08475	0.89293	0.02233
1284 A	0.07958	0.89831	0.02211
1285 T	0.07816	0.89915	0.02269
1286 A	0.07440	0.89752	0.02808
1287 T	0.07212	0.89400	0.03388
1288 G	0.06807	0.88696	0.04497
1289 A	0.06313	0.88557	0.0513
1290 A	0.05864	0.87846	0.0629
1291 G	0.05388	0.85818	0.08794
1292 A	0.04962	0.82145	0.12893
1293 G	0.04862	0.74073	0.21065
1294 C	0.04875	0.70315	0.2481
1295 A	0.04872	0.71017	0.24112
1296 T	0.04966	0.72257	0.22777
1297 A	0.04836	0.75195	0.1997
1298 A	0.04826	0.76220	0.18953
1299 A	0.04823	0.76614	0.18563
1300 A	0.04834	0.73609	0.21556
1301 A	0.04923	0.65938	0.2914
1302 A	0.05158	0.49505	0.45337
1303 T	0.05416	0.29633	0.64952
1304 T	0.05813	0.21635	0.72551
1305 T	0.05801	0.21265	0.72934
1306 G	0.05485	0.30831	0.63683
1307 A	0.05208	0.52214	0.42578
1308 A	0.04911	0.62819	0.3227
1309 A	0.04687	0.69603	0.25709
1310 A	0.03747	0.79042	0.17212
1311 A	0.03451	0.87006	0.09543
1312 A	0.03482	0.90494	0.06024
1313 A	0.03460	0.90288	0.06251
1314 A	0.03589	0.89718	0.06694
1315 T	0.04261	0.88538	0.072
1316 A	0.04547	0.88225	0.07228
1317 C	0.05086	0.87627	0.07288
1318 G	0.06307	0.87004	0.06689
1319 A	0.07743	0.85885	0.06372
1320 T	0.10211	0.83653	0.06135
1321 A	0.11271	0.83488	0.05241
1322 T	0.12330	0.83066	0.04604
1323 T	0.12768	0.82815	0.04417
1324 A	0.12348	0.83877	0.03775
1325 A	0.12327	0.84076	0.03597
1326 A	0.12519	0.84030	0.03451
1327 C	0.12413	0.84283	0.03305
1328 A	0.13913	0.83211	0.02876
