# lcl|CP097583.1_cds_USQ93486.1_1
# AA	inside	membr	outside
1 A	0.04509	0.00000	0.9549
2 T	0.04491	0.00019	0.9549
3 G	0.04480	0.00030	0.9549
4 A	0.04480	0.00564	0.94956
5 A	0.04443	0.01222	0.94334
6 A	0.04443	0.01305	0.94252
7 G	0.04416	0.01360	0.94223
8 A	0.04416	0.01361	0.94222
9 A	0.04412	0.01383	0.94204
10 A	0.04412	0.02694	0.92893
11 T	0.04407	0.02756	0.92838
12 A	0.04219	0.02991	0.92789
13 A	0.04163	0.03228	0.92608
14 G	0.04163	0.03229	0.92608
15 A	0.04163	0.03404	0.92433
16 T	0.04163	0.03404	0.92433
17 T	0.04160	0.03408	0.92431
18 A	0.04160	0.03415	0.92426
19 C	0.04154	0.03427	0.92419
20 G	0.04132	0.03486	0.92382
21 T	0.04049	0.03568	0.92383
22 T	0.04053	0.03563	0.92384
23 A	0.04051	0.03559	0.92389
24 C	0.04073	0.03532	0.92394
25 G	0.04099	0.03469	0.92432
26 C	0.04122	0.03431	0.92447
27 C	0.04559	0.02989	0.92452
28 C	0.05097	0.02443	0.92459
29 C	0.05188	0.02353	0.9246
30 G	0.05280	0.02258	0.92462
31 A	0.05310	0.02227	0.92462
32 G	0.05365	0.02170	0.92466
33 T	0.06502	0.01028	0.9247
34 C	0.06575	0.00937	0.92489
35 C	0.06674	0.00655	0.92672
36 T	0.06858	0.00433	0.92709
37 A	0.06845	0.00445	0.92711
38 C	0.06965	0.00323	0.92713
39 T	0.06952	0.00336	0.92712
40 G	0.06953	0.00333	0.92714
41 G	0.06961	0.00319	0.92721
42 T	0.06987	0.00285	0.92728
43 T	0.07019	0.00237	0.92744
44 T	0.07011	0.00179	0.9281
45 T	0.06893	0.00293	0.92814
46 T	0.06864	0.00326	0.92809
47 T	0.06790	0.00430	0.9278
48 A	0.06620	0.00668	0.92712
49 C	0.06594	0.00791	0.92615
50 A	0.06577	0.00830	0.92593
51 T	0.06552	0.00862	0.92587
52 A	0.06454	0.00965	0.92581
53 T	0.06373	0.01052	0.92574
54 C	0.06198	0.01232	0.9257
55 G	0.06057	0.01381	0.92562
56 G	0.06014	0.01433	0.92553
57 A	0.05980	0.01481	0.92539
58 A	0.05953	0.01512	0.92536
59 A	0.05943	0.01521	0.92536
60 T	0.05938	0.01494	0.92568
61 G	0.05924	0.01493	0.92583
62 C	0.05919	0.01473	0.92609
63 T	0.05915	0.01475	0.9261
64 A	0.05911	0.01477	0.92612
65 G	0.05909	0.01476	0.92615
66 A	0.05908	0.01473	0.92619
67 A	0.05921	0.01447	0.92632
68 C	0.05929	0.01267	0.92803
69 A	0.05950	0.01214	0.92836
70 G	0.05990	0.01097	0.92914
71 C	0.06066	0.00892	0.93043
72 T	0.06163	0.00776	0.93062
73 T	0.06185	0.00740	0.93074
74 T	0.06193	0.00695	0.93112
75 G	0.06198	0.00611	0.93191
76 T	0.06206	0.00541	0.93252
77 T	0.06211	0.00359	0.9343
78 T	0.06217	0.00221	0.93561
79 A	0.06220	0.00188	0.93592
80 A	0.06229	0.00152	0.93618
81 T	0.06230	0.00122	0.93648
82 T	0.06217	0.00128	0.93655
83 A	0.06177	0.00172	0.93652
84 T	0.06165	0.00187	0.93648
85 T	0.06154	0.00252	0.93594
86 T	0.06133	0.00326	0.93541
87 A	0.06082	0.00470	0.93448
88 T	0.06051	0.00508	0.9344
89 T	0.05979	0.00581	0.9344
90 T	0.05870	0.00691	0.93439
91 G	0.05642	0.00922	0.93436
92 C	0.05539	0.01025	0.93437
93 C	0.05470	0.01094	0.93437
94 T	0.05414	0.01150	0.93436
95 G	0.05348	0.01216	0.93436
96 C	0.05314	0.01251	0.93436
97 C	0.05290	0.01274	0.93436
98 G	0.05277	0.01289	0.93434
99 T	0.05269	0.01298	0.93433
100 T	0.05252	0.01317	0.93431
101 A	0.05221	0.01352	0.93427
102 T	0.05177	0.01397	0.93426
103 A	0.05089	0.01481	0.9343
104 A	0.05069	0.01497	0.93434
105 A	0.05063	0.01486	0.9345
106 G	0.05062	0.01443	0.93494
107 G	0.05070	0.01425	0.93505
108 T	0.05129	0.01379	0.93492
109 A	0.05134	0.01403	0.93463
110 A	0.05198	0.01309	0.93493
111 A	0.05190	0.01282	0.93528
112 T	0.05192	0.01196	0.93612
113 T	0.05189	0.01087	0.93724
114 T	0.05180	0.00922	0.93899
115 A	0.05167	0.00891	0.93941
116 T	0.05161	0.00847	0.93992
117 T	0.05136	0.00842	0.94022
118 A	0.05077	0.00865	0.94058
119 T	0.05016	0.00899	0.94085
120 T	0.04826	0.01081	0.94093
121 A	0.04401	0.01527	0.94072
122 G	0.04104	0.01815	0.94081
123 G	0.04032	0.01875	0.94093
124 A	0.03993	0.01908	0.941
125 T	0.03973	0.01880	0.94147
126 C	0.03923	0.01875	0.94201
127 G	0.03879	0.01980	0.94141
128 A	0.03834	0.02089	0.94078
129 A	0.03788	0.02165	0.94046
130 G	0.03780	0.02164	0.94055
131 A	0.03800	0.02144	0.94055
132 T	0.03841	0.02058	0.94101
133 A	0.03814	0.02071	0.94115
134 C	0.03794	0.02066	0.94139
135 T	0.03798	0.02102	0.94101
136 G	0.03770	0.02189	0.94041
137 A	0.03750	0.02324	0.93926
138 T	0.03751	0.02449	0.93799
139 T	0.03695	0.02701	0.93604
140 T	0.03596	0.02903	0.935
141 A	0.03357	0.03127	0.93516
142 A	0.03152	0.03284	0.93563
143 A	0.03054	0.03226	0.9372
144 A	0.03009	0.02873	0.94118
145 C	0.03001	0.02600	0.94398
146 G	0.03010	0.02611	0.94379
147 T	0.03041	0.02692	0.94267
148 A	0.03045	0.02929	0.94027
149 A	0.03066	0.02969	0.93965
150 T	0.03118	0.02939	0.93943
151 A	0.03156	0.02919	0.93926
152 T	0.03177	0.02917	0.93906
153 A	0.03140	0.03032	0.93828
154 A	0.03115	0.03096	0.93789
155 A	0.03016	0.03210	0.93774
156 A	0.02948	0.03258	0.93793
157 G	0.02867	0.03318	0.93814
158 A	0.02859	0.03397	0.93744
159 A	0.02917	0.03353	0.9373
160 A	0.03027	0.03206	0.93766
161 G	0.03170	0.03000	0.9383
162 T	0.03370	0.02735	0.93895
163 G	0.03457	0.02565	0.93979
164 A	0.03434	0.02438	0.94129
165 A	0.03403	0.02324	0.94273
166 T	0.03378	0.02248	0.94374
167 C	0.03210	0.02349	0.94441
168 A	0.03069	0.02480	0.94451
169 G	0.03034	0.02502	0.94463
170 C	0.03075	0.02458	0.94468
171 T	0.03247	0.02299	0.94454
172 C	0.03219	0.02340	0.9444
173 A	0.03169	0.02476	0.94356
174 A	0.03130	0.02569	0.94301
175 T	0.03117	0.02616	0.94267
176 T	0.03069	0.02665	0.94266
177 A	0.02868	0.02853	0.94279
178 G	0.02788	0.02825	0.94387
179 A	0.02714	0.02829	0.94457
180 A	0.02668	0.02791	0.94541
181 C	0.02741	0.02655	0.94604
182 A	0.02786	0.02598	0.94616
183 A	0.02813	0.02556	0.94631
184 T	0.02858	0.02493	0.94649
185 T	0.02879	0.02461	0.9466
186 A	0.02875	0.02454	0.94671
187 A	0.02882	0.02370	0.94747
188 A	0.02891	0.02266	0.94843
189 A	0.02894	0.02139	0.94967
190 T	0.02904	0.01895	0.95201
191 G	0.02909	0.01707	0.95384
192 G	0.02919	0.01587	0.95494
193 T	0.02942	0.01470	0.95587
194 T	0.02968	0.01392	0.9564
195 A	0.02983	0.01297	0.95721
196 G	0.03059	0.01107	0.95834
197 G	0.03107	0.00931	0.95962
198 T	0.03143	0.00772	0.96086
199 T	0.03169	0.00667	0.96165
200 T	0.03175	0.00515	0.96309
201 A	0.03170	0.00475	0.96355
202 G	0.03168	0.00395	0.96437
203 T	0.03162	0.00338	0.965
204 T	0.03141	0.00354	0.96505
205 T	0.03079	0.00420	0.96501
206 G	0.02944	0.00592	0.96464
207 G	0.02817	0.00785	0.96398
208 G	0.02700	0.01045	0.96255
209 A	0.02655	0.01344	0.96
210 T	0.02639	0.01530	0.95831
211 G	0.02618	0.01751	0.95631
212 A	0.02607	0.02072	0.95322
213 A	0.02602	0.02096	0.95302
214 G	0.02602	0.02094	0.95304
215 G	0.02604	0.02092	0.95304
216 A	0.02604	0.02093	0.95302
217 C	0.02613	0.02083	0.95304
218 C	0.02625	0.02074	0.95301
219 A	0.02639	0.02074	0.95288
220 G	0.02656	0.02065	0.95279
221 A	0.02680	0.02047	0.95273
222 T	0.02712	0.02017	0.9527
223 T	0.02731	0.02001	0.95268
224 T	0.02742	0.01982	0.95275
225 A	0.02719	0.02000	0.95282
226 A	0.02707	0.02001	0.95293
227 A	0.02700	0.01984	0.95317
228 A	0.02718	0.01893	0.95388
229 G	0.02771	0.01686	0.95543
230 G	0.02853	0.01473	0.95674
231 G	0.03030	0.01184	0.95786
232 C	0.03287	0.00895	0.95818
233 C	0.03458	0.00721	0.95821
234 A	0.03633	0.00554	0.95813
235 T	0.03907	0.00285	0.95808
236 T	0.03915	0.00297	0.95789
237 G	0.03824	0.00402	0.95774
238 G	0.03762	0.00469	0.95769
239 G	0.03726	0.00508	0.95767
240 T	0.03686	0.00565	0.9575
241 C	0.03581	0.00681	0.95738
242 C	0.03528	0.00789	0.95682
243 T	0.03472	0.01012	0.95516
244 T	0.03401	0.01239	0.9536
245 A	0.03292	0.01482	0.95227
246 T	0.03233	0.01558	0.95209
247 A	0.03155	0.01645	0.952
248 G	0.03133	0.01640	0.95228
249 A	0.03098	0.01659	0.95243
250 C	0.03058	0.01677	0.95265
251 A	0.03024	0.01707	0.95269
252 A	0.03011	0.01717	0.95272
253 T	0.03002	0.01721	0.95277
254 C	0.02980	0.01746	0.95274
255 A	0.02957	0.01793	0.95251
256 G	0.02946	0.01826	0.95228
257 A	0.02908	0.01930	0.95162
258 A	0.02890	0.01974	0.95136
259 A	0.02880	0.02005	0.95114
260 G	0.02877	0.01920	0.95203
261 A	0.02881	0.01873	0.95247
262 A	0.02915	0.01787	0.95299
263 T	0.03022	0.01593	0.95385
264 A	0.03073	0.01410	0.95517
265 T	0.03169	0.01197	0.95634
266 C	0.03273	0.01029	0.95698
267 T	0.03368	0.01016	0.95615
268 A	0.03419	0.01049	0.95532
269 T	0.03420	0.01107	0.95473
270 T	0.03404	0.01098	0.95498
271 T	0.03344	0.01156	0.955
272 A	0.03150	0.01327	0.95523
273 T	0.03040	0.01397	0.95562
274 C	0.02868	0.01546	0.95587
275 A	0.02678	0.01773	0.9555
276 A	0.02614	0.01866	0.95521
277 A	0.02557	0.01945	0.95498
278 A	0.02556	0.01951	0.95494
279 A	0.02562	0.01974	0.95465
280 T	0.02622	0.01858	0.9552
281 A	0.02630	0.01834	0.95536
282 T	0.02646	0.01786	0.95569
283 A	0.02593	0.01821	0.95585
284 C	0.02570	0.01830	0.956
285 T	0.02550	0.01854	0.95597
286 C	0.02516	0.01892	0.95591
287 A	0.02500	0.01935	0.95565
288 G	0.02512	0.01938	0.95551
289 A	0.02553	0.01914	0.95532
290 T	0.02698	0.01764	0.95537
291 T	0.02808	0.01650	0.95542
292 T	0.02872	0.01533	0.95594
293 T	0.02884	0.01478	0.95638
294 A	0.02879	0.01414	0.95706
295 T	0.02890	0.01220	0.9589
296 T	0.02883	0.01165	0.95952
297 A	0.02857	0.01149	0.95993
298 G	0.02778	0.01189	0.96034
299 A	0.02674	0.01410	0.95916
300 T	0.02619	0.01469	0.95912
301 A	0.02415	0.01772	0.95813
302 A	0.02295	0.01910	0.95794
303 A	0.02271	0.01947	0.95782
304 A	0.02271	0.01951	0.95779
305 A	0.02268	0.01944	0.95787
306 G	0.02277	0.01878	0.95845
307 T	0.02299	0.01819	0.95882
308 T	0.02298	0.01819	0.95884
309 A	0.02261	0.01884	0.95855
310 G	0.02228	0.01932	0.95841
311 C	0.02215	0.01939	0.95847
312 T	0.02197	0.01985	0.95818
313 T	0.02118	0.02109	0.95773
314 A	0.01963	0.02299	0.95738
315 C	0.01875	0.02416	0.95709
316 A	0.01744	0.02693	0.95563
317 A	0.01648	0.02819	0.95533
318 A	0.01601	0.02899	0.955
319 G	0.01600	0.02939	0.95462
320 A	0.01657	0.02957	0.95386
321 A	0.01750	0.02739	0.95511
322 T	0.01903	0.02431	0.95665
323 A	0.01912	0.02336	0.95753
324 T	0.01978	0.02083	0.95939
325 C	0.01936	0.02012	0.96053
326 A	0.01840	0.02130	0.9603
327 A	0.01791	0.02222	0.95987
328 G	0.01749	0.02287	0.95963
329 G	0.01753	0.02294	0.95953
330 A	0.01761	0.02319	0.95921
331 A	0.01785	0.02304	0.95911
332 A	0.01842	0.02206	0.95952
333 T	0.01891	0.02099	0.9601
334 A	0.01903	0.02052	0.96045
335 A	0.01938	0.01962	0.961
336 T	0.02003	0.01789	0.96207
337 G	0.02031	0.01615	0.96355
338 A	0.02065	0.01514	0.96421
339 T	0.02204	0.01272	0.96524
340 A	0.02234	0.01172	0.96594
341 A	0.02267	0.01081	0.96653
342 A	0.02324	0.00964	0.96712
343 T	0.02418	0.00823	0.96759
344 T	0.02426	0.00773	0.96801
345 T	0.02435	0.00731	0.96834
346 G	0.02443	0.00683	0.96875
347 T	0.02455	0.00646	0.96899
348 A	0.02455	0.00597	0.96948
349 G	0.02479	0.00482	0.97038
350 T	0.02536	0.00371	0.97093
351 T	0.02557	0.00311	0.97132
352 C	0.02562	0.00300	0.97139
353 G	0.02584	0.00294	0.97122
354 T	0.02614	0.00278	0.97108
355 T	0.02617	0.00288	0.97096
356 T	0.02616	0.00308	0.97077
357 T	0.02578	0.00358	0.97063
358 A	0.02517	0.00448	0.97035
359 A	0.02488	0.00488	0.97024
360 A	0.02477	0.00496	0.97027
361 G	0.02483	0.00484	0.97032
362 T	0.02498	0.00467	0.97035
363 T	0.02511	0.00452	0.97038
364 C	0.02512	0.00449	0.97039
365 C	0.02512	0.00450	0.97038
366 T	0.02513	0.00452	0.97036
367 T	0.02507	0.00461	0.97032
368 T	0.02500	0.00471	0.97029
369 G	0.02485	0.00491	0.97024
370 A	0.02478	0.00500	0.97023
371 A	0.02476	0.00493	0.97032
372 T	0.02478	0.00477	0.97046
373 A	0.02477	0.00472	0.97051
374 C	0.02488	0.00443	0.97068
375 T	0.02501	0.00427	0.97073
376 T	0.02523	0.00406	0.97072
377 T	0.02530	0.00402	0.97068
378 A	0.02522	0.00417	0.9706
379 T	0.02528	0.00414	0.97058
380 A	0.02500	0.00413	0.97087
381 T	0.02505	0.00371	0.97124
382 G	0.02485	0.00417	0.97098
383 A	0.02482	0.00522	0.96997
384 A	0.02479	0.00633	0.96888
385 T	0.02478	0.00762	0.96761
386 T	0.02473	0.00942	0.96585
387 T	0.02459	0.01063	0.96478
388 A	0.02384	0.01240	0.96376
389 A	0.02346	0.01390	0.96263
390 T	0.02331	0.01438	0.96231
391 G	0.02317	0.01485	0.96198
392 A	0.02311	0.01508	0.96182
393 T	0.02306	0.01513	0.96182
394 A	0.02298	0.01528	0.96174
395 T	0.02296	0.01530	0.96174
396 G	0.02284	0.01542	0.96174
397 A	0.02275	0.01555	0.9617
398 T	0.02271	0.01564	0.96165
399 A	0.02247	0.01603	0.96149
400 A	0.02234	0.01629	0.96136
401 G	0.02234	0.01610	0.96156
402 A	0.02235	0.01599	0.96166
403 G	0.02242	0.01560	0.96198
404 G	0.02269	0.01517	0.96213
405 C	0.02338	0.01425	0.96237
406 A	0.02473	0.01294	0.96232
407 A	0.02620	0.01151	0.96229
408 A	0.02795	0.00977	0.96228
409 T	0.03006	0.00758	0.96237
410 T	0.03097	0.00652	0.9625
411 A	0.03155	0.00516	0.96329
412 T	0.03255	0.00372	0.96373
413 C	0.03264	0.00343	0.96393
414 T	0.03277	0.00341	0.96382
415 T	0.03215	0.00438	0.96346
416 T	0.03094	0.00583	0.96323
417 T	0.02894	0.00811	0.96296
418 G	0.02471	0.01274	0.96255
419 A	0.02286	0.01516	0.96199
420 A	0.02125	0.01737	0.96138
421 A	0.02049	0.01830	0.96122
422 G	0.02041	0.01823	0.96136
423 T	0.02047	0.01804	0.9615
424 G	0.02020	0.01826	0.96154
425 A	0.02000	0.01846	0.96154
426 T	0.01987	0.01857	0.96157
427 C	0.01967	0.01878	0.96155
428 A	0.01946	0.01906	0.96149
429 A	0.01931	0.01925	0.96143
430 A	0.01925	0.01936	0.96139
431 T	0.01922	0.01942	0.96135
432 A	0.01909	0.01965	0.96126
433 G	0.01897	0.01976	0.96127
434 A	0.01893	0.01984	0.96123
435 A	0.01894	0.01976	0.9613
436 G	0.01898	0.01922	0.9618
437 A	0.01930	0.01829	0.96241
438 T	0.01988	0.01597	0.96415
439 T	0.02019	0.01416	0.96565
440 G	0.02038	0.01263	0.96698
441 G	0.02072	0.01005	0.96923
442 A	0.02133	0.00880	0.96987
443 T	0.02200	0.00736	0.97064
444 T	0.02220	0.00723	0.97056
445 A	0.02228	0.00806	0.96965
446 T	0.02232	0.00842	0.96926
447 A	0.02234	0.00983	0.96783
448 A	0.02239	0.01098	0.96662
449 T	0.02246	0.01129	0.96625
450 T	0.02245	0.01175	0.9658
451 A	0.02234	0.01265	0.965
452 A	0.02224	0.01303	0.96473
453 G	0.02176	0.01377	0.96448
454 G	0.02118	0.01521	0.96361
455 A	0.02103	0.01628	0.96269
456 A	0.02101	0.01649	0.9625
457 A	0.02104	0.01685	0.96211
458 A	0.02113	0.01686	0.962
459 T	0.02136	0.01670	0.96194
460 G	0.02146	0.01676	0.96177
461 G	0.02163	0.01661	0.96175
462 A	0.02202	0.01622	0.96176
463 T	0.02286	0.01535	0.96179
464 T	0.02342	0.01477	0.96181
465 C	0.02401	0.01417	0.96181
466 C	0.02448	0.01369	0.96182
467 C	0.02515	0.01302	0.96182
468 T	0.02613	0.01205	0.96182
469 A	0.02668	0.01150	0.96181
470 C	0.02837	0.00981	0.96181
471 T	0.03004	0.00815	0.96181
472 T	0.03060	0.00762	0.96178
473 A	0.03095	0.00724	0.9618
474 T	0.03178	0.00632	0.9619
475 A	0.03196	0.00608	0.96196
476 A	0.03228	0.00523	0.96249
477 T	0.03329	0.00357	0.96313
478 T	0.03412	0.00249	0.96339
479 A	0.03427	0.00221	0.96352
480 T	0.03465	0.00166	0.96369
481 G	0.03468	0.00155	0.96377
482 C	0.03471	0.00148	0.96381
483 T	0.03481	0.00138	0.96381
484 G	0.03477	0.00142	0.96381
485 T	0.03477	0.00145	0.96378
486 T	0.03470	0.00161	0.9637
487 G	0.03457	0.00187	0.96356
488 T	0.03441	0.00219	0.96339
489 T	0.03385	0.00317	0.96298
490 A	0.03302	0.00451	0.96247
491 T	0.03255	0.00549	0.96196
492 A	0.03175	0.00657	0.96168
493 G	0.03147	0.00704	0.96149
494 A	0.03136	0.00731	0.96133
495 T	0.03137	0.00733	0.96131
496 G	0.03133	0.00745	0.96122
497 A	0.03134	0.00751	0.96115
498 T	0.03136	0.00746	0.96117
499 T	0.03135	0.00748	0.96117
500 A	0.03125	0.00761	0.96115
501 T	0.03119	0.00760	0.9612
502 T	0.03112	0.00765	0.96124
503 T	0.03087	0.00789	0.96124
504 A	0.03019	0.00857	0.96125
505 A	0.02980	0.00895	0.96124
506 T	0.02955	0.00919	0.96126
507 G	0.02867	0.01014	0.9612
508 A	0.02836	0.01071	0.96092
509 A	0.02831	0.01107	0.96062
510 A	0.02845	0.01115	0.9604
511 A	0.02864	0.01078	0.96058
512 T	0.02916	0.00964	0.96121
513 A	0.02957	0.00851	0.96192
514 T	0.03011	0.00743	0.96246
515 C	0.03034	0.00657	0.96309
516 T	0.03054	0.00632	0.96314
517 C	0.03063	0.00642	0.96295
518 A	0.03071	0.00678	0.96251
519 T	0.03087	0.00696	0.96217
520 G	0.03094	0.00715	0.96192
521 T	0.03101	0.00730	0.96169
522 T	0.03105	0.00762	0.96134
523 T	0.03106	0.00787	0.96107
524 T	0.03103	0.00843	0.96054
525 A	0.03095	0.00937	0.95968
526 A	0.03090	0.01046	0.95865
527 G	0.03090	0.01041	0.95869
528 A	0.03086	0.01114	0.95801
529 G	0.03082	0.01185	0.95732
530 G	0.03089	0.01172	0.95739
531 A	0.03110	0.01211	0.95679
532 G	0.03144	0.01244	0.95611
533 A	0.03178	0.01271	0.9555
534 A	0.03187	0.01272	0.95541
535 G	0.03195	0.01271	0.95534
536 A	0.03201	0.01285	0.95515
537 A	0.03208	0.01298	0.95495
538 C	0.03227	0.01309	0.95463
539 A	0.03250	0.01488	0.95262
540 T	0.03296	0.01613	0.95091
541 A	0.03331	0.01609	0.9506
542 T	0.03362	0.01581	0.95057
543 T	0.03324	0.01625	0.95052
544 A	0.03225	0.01725	0.95051
545 C	0.03198	0.01747	0.95055
546 C	0.03163	0.01798	0.95039
547 A	0.03170	0.01797	0.95033
548 A	0.03251	0.01717	0.95032
549 T	0.03394	0.01571	0.95035
550 A	0.03425	0.01539	0.95036
551 C	0.03514	0.01442	0.95044
552 T	0.03595	0.01352	0.95053
553 C	0.03579	0.01364	0.95057
554 C	0.03579	0.01367	0.95054
555 T	0.03585	0.01364	0.95051
556 A	0.03567	0.01387	0.95046
557 A	0.03536	0.01419	0.95045
558 G	0.03521	0.01435	0.95044
559 C	0.03542	0.01413	0.95046
560 A	0.03563	0.01391	0.95046
561 A	0.03597	0.01356	0.95047
562 A	0.03792	0.01159	0.95048
563 T	0.03963	0.00986	0.95051
564 A	0.03990	0.00956	0.95055
565 A	0.04002	0.00913	0.95085
566 T	0.04018	0.00815	0.95167
567 G	0.04023	0.00701	0.95275
568 A	0.04027	0.00664	0.95309
569 T	0.04043	0.00592	0.95365
570 T	0.04048	0.00580	0.95371
571 T	0.04048	0.00579	0.95373
572 A	0.04044	0.00589	0.95366
573 T	0.04042	0.00572	0.95387
574 G	0.04038	0.00557	0.95405
575 A	0.04038	0.00537	0.95425
576 A	0.04038	0.00459	0.95503
577 G	0.04044	0.00389	0.95567
578 C	0.04048	0.00328	0.95624
579 T	0.04054	0.00295	0.95651
580 T	0.04055	0.00269	0.95676
581 T	0.04055	0.00257	0.95688
582 T	0.04054	0.00266	0.9568
583 G	0.04053	0.00286	0.95661
584 G	0.04053	0.00284	0.95663
585 A	0.04054	0.00305	0.9564
586 T	0.04056	0.00331	0.95613
587 G	0.04056	0.00351	0.95593
588 G	0.04059	0.00392	0.95549
589 G	0.04064	0.00459	0.95478
590 A	0.04073	0.00604	0.95323
591 T	0.04098	0.00589	0.95312
592 A	0.04118	0.00571	0.95311
593 T	0.04159	0.00527	0.95314
594 T	0.04178	0.00506	0.95317
595 C	0.04184	0.00495	0.95321
596 C	0.04188	0.00493	0.95319
597 T	0.04188	0.00509	0.95304
598 A	0.04186	0.00521	0.95293
599 T	0.04187	0.00521	0.95291
600 T	0.04183	0.00526	0.95291
601 T	0.04173	0.00537	0.9529
602 T	0.04152	0.00558	0.95291
603 C	0.04118	0.00590	0.95292
604 G	0.04088	0.00620	0.95292
605 G	0.04092	0.00617	0.95291
606 T	0.04109	0.00602	0.95289
607 C	0.04098	0.00619	0.95283
608 A	0.04106	0.00632	0.95263
609 T	0.04139	0.00612	0.95249
610 A	0.04146	0.00608	0.95247
611 T	0.04186	0.00568	0.95246
612 A	0.04246	0.00509	0.95245
613 T	0.04387	0.00366	0.95247
614 C	0.04392	0.00361	0.95247
615 T	0.04391	0.00371	0.95238
616 T	0.04377	0.00405	0.95219
617 T	0.04350	0.00461	0.95189
618 G	0.04297	0.00578	0.95126
619 A	0.04262	0.00713	0.95025
620 T	0.04243	0.00823	0.94935
621 T	0.04198	0.00923	0.94878
622 T	0.04103	0.01072	0.94825
623 T	0.03904	0.01342	0.94754
624 A	0.03356	0.01985	0.94659
625 A	0.02874	0.02570	0.94556
626 A	0.02767	0.02749	0.94485
627 T	0.02671	0.02959	0.9437
628 A	0.02487	0.03409	0.94104
629 A	0.02324	0.03788	0.93889
630 A	0.02118	0.04186	0.93696
631 A	0.01860	0.04707	0.93434
632 A	0.01559	0.05313	0.93128
633 T	0.01438	0.05771	0.92791
634 A	0.01139	0.06695	0.92165
635 A	0.00918	0.07173	0.91909
636 A	0.00785	0.07543	0.91672
637 A	0.00709	0.07737	0.91554
638 A	0.00682	0.07805	0.91512
639 A	0.00695	0.07818	0.91487
640 A	0.00728	0.07797	0.91476
641 A	0.00801	0.07689	0.9151
642 A	0.00916	0.07547	0.91538
643 T	0.01051	0.07351	0.91598
644 T	0.01101	0.07232	0.91668
645 A	0.01110	0.07143	0.91747
646 A	0.01133	0.06947	0.91921
647 G	0.01178	0.06408	0.92414
648 C	0.01261	0.05876	0.92864
649 A	0.01335	0.05794	0.92871
650 A	0.01483	0.05641	0.92877
651 A	0.01750	0.05297	0.92953
652 A	0.01970	0.04957	0.93073
653 G	0.02176	0.04555	0.93269
654 A	0.02483	0.03938	0.93578
655 G	0.02847	0.03179	0.93974
656 A	0.03282	0.02600	0.94118
657 T	0.03968	0.01610	0.94423
658 G	0.04190	0.01202	0.94609
659 T	0.04410	0.00902	0.94688
660 T	0.04492	0.00906	0.94602
661 G	0.04424	0.01451	0.94125
662 A	0.04380	0.02266	0.93354
663 T	0.04343	0.02600	0.93057
664 A	0.04238	0.03180	0.92583
665 T	0.04225	0.03348	0.92427
666 A	0.04156	0.03465	0.92379
667 G	0.04109	0.03517	0.92374
668 T	0.04092	0.03534	0.92374
669 T	0.04048	0.03599	0.92352
670 C	0.03999	0.03691	0.9231
671 A	0.03984	0.03832	0.92183
672 A	0.04016	0.03853	0.9213
673 T	0.04079	0.03819	0.92102
674 T	0.04101	0.03802	0.92097
675 T	0.04093	0.03817	0.92089
676 A	0.04071	0.03860	0.9207
677 T	0.04063	0.03871	0.92067
678 C	0.04049	0.03890	0.92061
679 A	0.04048	0.03911	0.92041
680 A	0.04065	0.03900	0.92036
681 A	0.04123	0.03842	0.92036
682 A	0.04194	0.03767	0.9204
683 A	0.04372	0.03578	0.92051
684 G	0.04917	0.02922	0.9216
685 T	0.05748	0.02014	0.92239
686 A	0.06036	0.01641	0.92323
687 T	0.06471	0.01080	0.92449
688 A	0.06570	0.00944	0.92486
689 T	0.06620	0.00819	0.92561
690 T	0.06637	0.00772	0.92591
691 G	0.06656	0.00762	0.92581
692 A	0.06690	0.00727	0.92583
693 T	0.06763	0.00646	0.92591
694 T	0.06869	0.00545	0.92586
695 T	0.06912	0.00528	0.9256
696 A	0.06904	0.00571	0.92525
697 G	0.06902	0.00569	0.92529
698 G	0.06911	0.00575	0.92513
699 T	0.06945	0.00574	0.92481
700 T	0.06958	0.00633	0.92408
701 T	0.06964	0.00726	0.92309
702 T	0.06964	0.00741	0.92295
703 T	0.06946	0.00762	0.92292
704 T	0.06907	0.00804	0.92289
705 A	0.06856	0.00857	0.92286
706 C	0.06836	0.00879	0.92285
707 C	0.06815	0.00905	0.9228
708 T	0.06806	0.00923	0.92272
709 A	0.06787	0.00942	0.92271
710 A	0.06787	0.00943	0.9227
711 A	0.06799	0.00932	0.92269
712 G	0.06817	0.00912	0.92271
713 C	0.06856	0.00870	0.92274
714 T	0.06937	0.00787	0.92276
715 T	0.06993	0.00731	0.92276
716 T	0.07031	0.00691	0.92278
717 A	0.07052	0.00670	0.92279
718 T	0.07095	0.00624	0.92281
719 T	0.07135	0.00555	0.9231
720 T	0.07153	0.00527	0.9232
721 A	0.07178	0.00499	0.92323
722 A	0.07226	0.00444	0.92329
723 T	0.07309	0.00350	0.92341
724 T	0.07404	0.00236	0.92361
725 T	0.07424	0.00189	0.92387
726 T	0.07433	0.00160	0.92408
727 T	0.07437	0.00121	0.92442
728 T	0.07440	0.00091	0.92468
729 A	0.07442	0.00077	0.92482
730 T	0.07446	0.00056	0.92498
731 T	0.07450	0.00053	0.92497
732 T	0.07448	0.00060	0.92492
733 T	0.07447	0.00094	0.92459
734 T	0.07445	0.00114	0.9244
735 T	0.07439	0.00151	0.9241
736 T	0.07427	0.00217	0.92355
737 T	0.07417	0.00270	0.92313
738 A	0.07364	0.00404	0.92232
739 G	0.07334	0.00544	0.92123
740 G	0.07310	0.00608	0.92081
741 T	0.07293	0.00690	0.92017
742 T	0.07279	0.00721	0.92
743 T	0.07263	0.00749	0.91989
744 C	0.07244	0.00771	0.91985
745 G	0.07236	0.00780	0.91984
746 C	0.07232	0.00785	0.91983
747 T	0.07229	0.00791	0.9198
748 C	0.07224	0.00798	0.91978
749 C	0.07219	0.00807	0.91974
750 G	0.07214	0.00821	0.91966
751 A	0.07213	0.00824	0.91963
752 A	0.07214	0.00824	0.91962
753 A	0.07219	0.00821	0.9196
754 A	0.07233	0.00808	0.9196
755 C	0.07261	0.00774	0.91965
756 T	0.07306	0.00732	0.91962
757 A	0.07320	0.00730	0.9195
758 A	0.07348	0.00714	0.91938
759 T	0.07395	0.00681	0.91924
760 A	0.07405	0.00683	0.91913
761 A	0.07449	0.00602	0.91949
762 A	0.07521	0.00512	0.91967
763 A	0.07555	0.00454	0.91992
764 C	0.07614	0.00380	0.92006
765 T	0.07631	0.00368	0.92
766 G	0.07632	0.00371	0.91996
767 T	0.07636	0.00369	0.91995
768 T	0.07634	0.00377	0.91989
769 C	0.07631	0.00379	0.91989
770 T	0.07632	0.00380	0.91988
771 T	0.07629	0.00384	0.91987
772 T	0.07626	0.00384	0.91991
773 C	0.07621	0.00385	0.91993
774 G	0.07612	0.00395	0.91993
775 A	0.07608	0.00400	0.91992
776 C	0.07604	0.00403	0.91993
777 T	0.07599	0.00411	0.9199
778 G	0.07583	0.00432	0.91984
779 A	0.07573	0.00446	0.91981
780 A	0.07574	0.00450	0.91975
781 G	0.07583	0.00450	0.91967
782 A	0.07599	0.00441	0.9196
783 A	0.07614	0.00426	0.91961
784 A	0.07630	0.00415	0.91956
785 T	0.07651	0.00385	0.91964
786 G	0.07660	0.00396	0.91943
787 A	0.07677	0.00388	0.91935
788 T	0.07702	0.00370	0.91928
789 T	0.07714	0.00350	0.91935
790 T	0.07716	0.00343	0.91941
791 C	0.07717	0.00333	0.9195
792 T	0.07716	0.00333	0.9195
793 C	0.07716	0.00334	0.9195
794 T	0.07718	0.00336	0.91945
795 T	0.07717	0.00343	0.9194
796 T	0.07712	0.00358	0.9193
797 T	0.07695	0.00383	0.91923
798 T	0.07669	0.00441	0.9189
799 G	0.07646	0.00527	0.91827
800 A	0.07633	0.00646	0.91721
801 T	0.07632	0.00718	0.9165
802 A	0.07630	0.00735	0.91635
803 A	0.07634	0.00744	0.91622
804 A	0.07645	0.00758	0.91598
805 A	0.07660	0.00760	0.9158
806 C	0.07680	0.00752	0.91568
807 A	0.07703	0.00812	0.91484
808 A	0.07725	0.00829	0.91446
809 G	0.07760	0.00810	0.9143
810 A	0.07779	0.00806	0.91414
811 T	0.07797	0.00796	0.91407
812 T	0.07804	0.00792	0.91404
813 T	0.07806	0.00805	0.91389
814 G	0.07804	0.00852	0.91345
815 T	0.07804	0.00920	0.91276
816 T	0.07797	0.01105	0.91098
817 A	0.07738	0.01242	0.9102
818 A	0.07696	0.01303	0.91002
819 A	0.07694	0.01297	0.91009
820 G	0.07696	0.01268	0.91037
821 C	0.07710	0.01227	0.91063
822 G	0.07751	0.01180	0.91069
823 C	0.07835	0.01095	0.91071
824 C	0.07850	0.01090	0.9106
825 A	0.07800	0.01156	0.91044
826 G	0.07783	0.01178	0.91039
827 C	0.07790	0.01180	0.91029
828 C	0.07804	0.01187	0.9101
829 G	0.07820	0.01224	0.90956
830 T	0.07904	0.01150	0.90946
831 T	0.07929	0.01130	0.9094
832 T	0.07923	0.01142	0.90935
833 T	0.07905	0.01163	0.90932
834 C	0.07851	0.01218	0.90931
835 G	0.07824	0.01257	0.90918
836 A	0.07830	0.01260	0.9091
837 T	0.07865	0.01223	0.90912
838 G	0.07899	0.01194	0.90907
839 A	0.08050	0.01047	0.90904
840 T	0.08119	0.00930	0.90951
841 C	0.08098	0.00925	0.90976
842 A	0.08076	0.00975	0.9095
843 A	0.08073	0.00997	0.9093
844 A	0.08076	0.01027	0.90897
845 A	0.08085	0.01048	0.90867
846 A	0.08105	0.01027	0.90867
847 T	0.08170	0.00900	0.90929
848 T	0.08206	0.00802	0.90992
849 A	0.08214	0.00762	0.91024
850 T	0.08230	0.00714	0.91056
851 T	0.08238	0.00688	0.91074
852 T	0.08246	0.00681	0.91072
853 T	0.08228	0.00721	0.91052
854 T	0.08168	0.00852	0.9098
855 T	0.07976	0.01218	0.90806
856 A	0.07252	0.02272	0.90476
857 T	0.06808	0.03018	0.90174
858 T	0.05768	0.04679	0.89552
859 A	0.04202	0.06785	0.89013
860 A	0.03534	0.07930	0.88536
861 T	0.03264	0.08232	0.88505
862 A	0.03021	0.08518	0.88462
863 A	0.02920	0.08629	0.88452
864 T	0.02914	0.08611	0.88475
865 C	0.02899	0.08616	0.88485
866 A	0.02896	0.08651	0.88453
867 A	0.02911	0.08671	0.88418
868 T	0.02946	0.08679	0.88374
869 A	0.02934	0.08773	0.88293
870 T	0.02933	0.08814	0.88253
871 T	0.02879	0.08927	0.88193
872 T	0.02777	0.09081	0.88143
873 A	0.02399	0.09550	0.88051
874 A	0.02155	0.09823	0.88022
875 A	0.01958	0.10043	0.87999
876 A	0.01877	0.10115	0.88008
877 A	0.01943	0.09953	0.88104
878 A	0.02150	0.09484	0.88366
879 A	0.02534	0.08255	0.89212
880 A	0.02925	0.07260	0.89815
881 T	0.03590	0.05456	0.90954
882 G	0.04022	0.03683	0.92295
883 T	0.04424	0.02729	0.92847
884 C	0.04421	0.02528	0.9305
885 T	0.04391	0.02715	0.92894
886 T	0.04283	0.03330	0.92387
887 T	0.04021	0.03999	0.9198
888 A	0.03678	0.05240	0.91083
889 A	0.03354	0.06312	0.90333
890 A	0.03187	0.07352	0.89461
891 G	0.02966	0.08497	0.88538
892 T	0.02950	0.09089	0.8796
893 A	0.02792	0.09806	0.87402
894 T	0.02765	0.09992	0.87243
895 A	0.02711	0.10216	0.87073
896 T	0.02764	0.09948	0.87288
897 A	0.02736	0.09824	0.8744
898 G	0.02746	0.09628	0.87626
899 T	0.02770	0.09527	0.87703
900 T	0.02717	0.09582	0.877
901 G	0.02561	0.09778	0.87661
902 A	0.02394	0.10025	0.87581
903 A	0.02301	0.10200	0.875
904 A	0.02219	0.10364	0.87417
905 A	0.02195	0.10477	0.87329
906 A	0.02235	0.10528	0.87237
907 A	0.02298	0.10558	0.87144
908 G	0.02587	0.10306	0.87107
909 T	0.03185	0.09843	0.86972
910 A	0.03504	0.09979	0.86517
911 A	0.04358	0.09424	0.86218
912 A	0.05112	0.08891	0.85997
913 A	0.06125	0.07925	0.8595
914 T	0.07231	0.06618	0.86152
915 T	0.07883	0.05935	0.86182
916 T	0.08317	0.05438	0.86245
917 T	0.08416	0.05351	0.86233
918 T	0.08418	0.05341	0.86241
919 T	0.08282	0.05480	0.86238
920 T	0.07925	0.05834	0.86241
921 T	0.07401	0.06382	0.86217
922 A	0.06426	0.07465	0.86109
923 A	0.05563	0.08436	0.86001
924 A	0.04916	0.09180	0.85903
925 G	0.04390	0.09772	0.85839
926 A	0.04099	0.10123	0.85778
927 G	0.03999	0.10260	0.85741
928 A	0.03941	0.10504	0.85555
929 A	0.03922	0.10636	0.85442
930 A	0.04146	0.10438	0.85416
931 A	0.04412	0.10176	0.85412
932 A	0.04759	0.09805	0.85436
933 A	0.05401	0.09037	0.85563
934 A	0.05983	0.08385	0.85631
935 T	0.06593	0.07663	0.85744
936 T	0.06932	0.07257	0.85811
937 T	0.07061	0.07082	0.85856
938 T	0.07126	0.06937	0.85937
939 T	0.07119	0.06862	0.8602
940 T	0.07001	0.06918	0.86081
941 T	0.06576	0.07387	0.86037
942 A	0.05606	0.08697	0.85697
943 G	0.04981	0.09254	0.85765
944 A	0.04490	0.09883	0.85627
945 A	0.03959	0.10082	0.85959
946 G	0.03759	0.09705	0.86537
947 A	0.03809	0.09272	0.86919
948 T	0.03982	0.08924	0.87094
949 G	0.03933	0.09037	0.8703
950 A	0.03981	0.09093	0.86926
951 A	0.04154	0.08900	0.86947
952 T	0.04271	0.08657	0.87072
953 A	0.04258	0.08673	0.87069
954 T	0.04245	0.08667	0.87089
955 T	0.04205	0.08714	0.87081
956 T	0.04140	0.08807	0.87053
957 A	0.03919	0.09156	0.86925
958 G	0.03763	0.09407	0.8683
959 A	0.03625	0.09783	0.86591
960 G	0.03584	0.10075	0.86341
961 A	0.03548	0.10462	0.8599
962 A	0.03578	0.10533	0.85888
963 A	0.03679	0.10370	0.85951
964 A	0.03981	0.09703	0.86316
965 T	0.04615	0.08266	0.87119
966 A	0.04847	0.07746	0.87407
967 A	0.05373	0.06863	0.87764
968 T	0.05961	0.05817	0.88222
969 T	0.06216	0.05465	0.88319
970 A	0.06360	0.05533	0.88107
971 T	0.06678	0.05275	0.88047
972 T	0.06902	0.05076	0.88022
973 T	0.06984	0.05189	0.87827
974 T	0.06978	0.05212	0.8781
975 A	0.06845	0.05362	0.87793
976 T	0.06775	0.05342	0.87883
977 T	0.06550	0.05420	0.8803
978 C	0.06334	0.05577	0.88089
979 A	0.06139	0.05867	0.87994
980 G	0.06143	0.05836	0.88021
981 A	0.06195	0.05841	0.87964
982 G	0.06376	0.05735	0.8789
983 A	0.06434	0.05969	0.87597
984 T	0.06607	0.06069	0.87325
985 A	0.06532	0.06303	0.87166
986 G	0.06459	0.06404	0.87137
987 A	0.06440	0.06593	0.86967
988 A	0.06497	0.06604	0.86899
989 T	0.06824	0.06395	0.86782
990 G	0.06881	0.06950	0.86169
991 A	0.06939	0.08179	0.84882
992 A	0.07133	0.08298	0.84569
993 T	0.07516	0.08052	0.84433
994 T	0.07590	0.08134	0.84276
995 A	0.07535	0.08318	0.84146
996 T	0.07598	0.08192	0.84209
997 A	0.07389	0.08347	0.84264
998 T	0.07284	0.08284	0.84433
999 T	0.06960	0.08483	0.84557
1000 C	0.06366	0.08855	0.84779
1001 A	0.05455	0.09749	0.84796
1002 A	0.05030	0.10153	0.84817
1003 G	0.04809	0.10423	0.84768
1004 A	0.04715	0.10866	0.84419
1005 A	0.04794	0.10871	0.84335
1006 A	0.05099	0.10357	0.84544
1007 T	0.05490	0.09718	0.84792
1008 T	0.05645	0.09337	0.85018
1009 G	0.05677	0.09152	0.85171
1010 T	0.05827	0.08900	0.85273
1011 A	0.05875	0.08774	0.85351
1012 A	0.06031	0.08554	0.85415
1013 A	0.06802	0.07651	0.85547
1014 T	0.08324	0.05949	0.85727
1015 T	0.08640	0.05549	0.8581
1016 T	0.08747	0.05395	0.85857
1017 A	0.08790	0.05314	0.85897
1018 T	0.08866	0.05060	0.86074
1019 A	0.08856	0.04917	0.86227
1020 T	0.08885	0.04554	0.8656
1021 T	0.08918	0.04339	0.86742
1022 T	0.08812	0.04217	0.86971
1023 A	0.08745	0.03958	0.87296
1024 G	0.08743	0.03316	0.8794
1025 A	0.08765	0.03193	0.88041
1026 A	0.08855	0.03122	0.88023
1027 T	0.09292	0.02598	0.8811
1028 T	0.09383	0.02656	0.87962
1029 T	0.09367	0.02804	0.87829
1030 T	0.09198	0.03216	0.87586
1031 T	0.08898	0.03711	0.87391
1032 T	0.07889	0.05075	0.87036
1033 G	0.04989	0.08586	0.86425
1034 A	0.03620	0.10602	0.85779
1035 A	0.02954	0.11720	0.85326
1036 G	0.02430	0.12970	0.84599
1037 A	0.02114	0.14258	0.83628
1038 A	0.01929	0.15402	0.82669
1039 A	0.01848	0.15864	0.82288
1040 A	0.01836	0.16020	0.82145
1041 T	0.01841	0.16022	0.82136
1042 A	0.01812	0.16048	0.8214
1043 A	0.01814	0.16029	0.82157
1044 A	0.01868	0.15924	0.82209
1045 C	0.02005	0.15630	0.82366
1046 A	0.02155	0.15447	0.82398
1047 A	0.02356	0.15216	0.82428
1048 A	0.02662	0.14882	0.82455
1049 T	0.02991	0.14521	0.82488
1050 A	0.03106	0.14400	0.82494
1051 T	0.03462	0.13864	0.82674
1052 A	0.03614	0.13521	0.82865
1053 T	0.03912	0.12792	0.83296
1054 A	0.03940	0.12333	0.83727
1055 A	0.04146	0.10972	0.84882
1056 T	0.04626	0.07934	0.87439
1057 G	0.04924	0.06748	0.88327
1058 A	0.05179	0.06538	0.88283
1059 A	0.05760	0.06845	0.87396
1060 A	0.06615	0.06399	0.86986
1061 T	0.07437	0.05873	0.86691
1062 T	0.07600	0.05756	0.86643
1063 A	0.07320	0.06030	0.8665
1064 T	0.07076	0.06280	0.86644
1065 A	0.06486	0.07125	0.8639
1066 C	0.06042	0.07717	0.86241
1067 C	0.05559	0.08452	0.85989
1068 T	0.05200	0.09346	0.85453
1069 A	0.04828	0.10307	0.84865
1070 T	0.04620	0.10977	0.84404
1071 G	0.04123	0.11703	0.84174
1072 A	0.03919	0.12030	0.84051
1073 T	0.03829	0.12140	0.84031
1074 A	0.03727	0.12292	0.83981
1075 A	0.03688	0.12350	0.83962
1076 A	0.03665	0.12374	0.83961
1077 A	0.03630	0.12321	0.8405
1078 G	0.03648	0.12158	0.84195
1079 A	0.03749	0.11978	0.84273
1080 A	0.03937	0.11590	0.84473
1081 A	0.04396	0.10992	0.84613
1082 T	0.05586	0.09580	0.84834
1083 A	0.06003	0.09067	0.8493
1084 G	0.06333	0.08577	0.8509
1085 A	0.06448	0.08316	0.85236
1086 A	0.06530	0.07883	0.85588
1087 G	0.06654	0.07396	0.85949
1088 A	0.07212	0.06267	0.86521
1089 T	0.07908	0.05032	0.8706
1090 T	0.08428	0.04018	0.87554
1091 T	0.08857	0.03206	0.87936
1092 T	0.09070	0.02717	0.88213
1093 T	0.08985	0.02699	0.88316
1094 C	0.08588	0.02838	0.88574
1095 T	0.08407	0.03159	0.88434
1096 G	0.08208	0.03552	0.8824
1097 T	0.08140	0.03900	0.87961
1098 A	0.07974	0.04316	0.8771
1099 A	0.07897	0.04478	0.87624
1100 T	0.07864	0.04453	0.87683
1101 T	0.07708	0.04626	0.87666
1102 A	0.07525	0.04846	0.87629
1103 A	0.07481	0.04909	0.8761
1104 A	0.07492	0.04917	0.87591
1105 A	0.07512	0.04938	0.8755
1106 T	0.07570	0.04845	0.87586
1107 T	0.07582	0.04844	0.87574
1108 T	0.07542	0.04943	0.87514
1109 T	0.07407	0.05215	0.87378
1110 A	0.07184	0.05679	0.87137
1111 A	0.07031	0.06012	0.86957
1112 A	0.06967	0.06274	0.86758
1113 A	0.06952	0.06537	0.86511
1114 G	0.06994	0.06491	0.86516
1115 A	0.07182	0.06237	0.86582
1116 T	0.07537	0.05643	0.86819
1117 T	0.07755	0.05095	0.8715
1118 T	0.07947	0.04754	0.87299
1119 A	0.08067	0.04518	0.87415
1120 T	0.08292	0.04161	0.87547
1121 T	0.08437	0.03898	0.87664
1122 T	0.08499	0.03806	0.87694
1123 G	0.08516	0.03921	0.87564
1124 T	0.08540	0.04234	0.87226
1125 A	0.08530	0.04501	0.86969
1126 A	0.08567	0.04708	0.86725
1127 A	0.08632	0.04742	0.86626
1128 A	0.08734	0.04659	0.86606
1129 T	0.08867	0.04496	0.86637
1130 T	0.08975	0.04341	0.86684
1131 A	0.08981	0.04289	0.86731
1132 G	0.09094	0.04060	0.86847
1133 A	0.09313	0.03711	0.86976
1134 A	0.09500	0.03433	0.87067
1135 A	0.09765	0.03141	0.87094
1136 T	0.10142	0.02769	0.87089
1137 T	0.10270	0.02635	0.87095
1138 T	0.10334	0.02597	0.87069
1139 T	0.10346	0.02642	0.87013
1140 T	0.10356	0.02699	0.86946
1141 C	0.10357	0.02705	0.86937
1142 A	0.10366	0.02730	0.86905
1143 A	0.10429	0.02692	0.86879
1144 T	0.10609	0.02506	0.86885
1145 C	0.10737	0.02368	0.86895
1146 A	0.10969	0.02136	0.86895
1147 T	0.11449	0.01627	0.86924
1148 C	0.11678	0.01361	0.86961
1149 T	0.11880	0.01168	0.86952
1150 T	0.11908	0.01176	0.86916
1151 T	0.11795	0.01354	0.86852
1152 T	0.11477	0.01728	0.86795
1153 A	0.10777	0.02474	0.86748
1154 T	0.10565	0.02640	0.86796
1155 A	0.10182	0.03003	0.86814
1156 G	0.09957	0.03219	0.86824
1157 A	0.09914	0.03275	0.86812
1158 A	0.09936	0.03248	0.86816
1159 C	0.09950	0.03227	0.86822
1160 A	0.09971	0.03232	0.86797
1161 G	0.10017	0.03185	0.86798
1162 C	0.10088	0.03108	0.86804
1163 T	0.10164	0.03069	0.86768
1164 T	0.10176	0.03102	0.86722
1165 A	0.10185	0.03164	0.86652
1166 T	0.10203	0.03164	0.86634
1167 T	0.10175	0.03237	0.86588
1168 A	0.10094	0.03393	0.86514
1169 A	0.10054	0.03431	0.86514
1170 T	0.10010	0.03457	0.86533
1171 A	0.09955	0.03475	0.86569
1172 A	0.09920	0.03427	0.86652
1173 A	0.09909	0.03276	0.86815
1174 T	0.09950	0.02926	0.87124
1175 T	0.09905	0.02511	0.87584
1176 C	0.09769	0.01980	0.88251
1177 A	0.09667	0.02000	0.88333
1178 G	0.09594	0.01880	0.88526
1179 C	0.09550	0.01811	0.88638
1180 G	0.09517	0.01908	0.88576
1181 A	0.09478	0.02090	0.88432
1182 C	0.09448	0.02293	0.88259
1183 T	0.09437	0.02486	0.88076
1184 T	0.09307	0.02978	0.87715
1185 A	0.09202	0.03677	0.8712
1186 A	0.09168	0.03875	0.86957
1187 C	0.09186	0.03981	0.86833
1188 T	0.09272	0.04172	0.86556
1189 A	0.09281	0.04354	0.86366
1190 A	0.09300	0.04424	0.86276
1191 T	0.09365	0.04314	0.86321
1192 T	0.09326	0.04345	0.86329
1193 T	0.09126	0.04509	0.86365
1194 A	0.08613	0.05028	0.8636
1195 A	0.08450	0.05189	0.86362
1196 A	0.08348	0.05242	0.86411
1197 A	0.08285	0.05241	0.86475
1198 G	0.08253	0.05173	0.86575
1199 G	0.08243	0.05063	0.86694
1200 A	0.08228	0.05026	0.86746
1201 A	0.08213	0.05016	0.86771
1202 A	0.08225	0.05025	0.8675
1203 A	0.08316	0.04898	0.86786
1204 A	0.08485	0.04676	0.86839
1205 A	0.08741	0.04339	0.8692
1206 A	0.08999	0.03980	0.87021
1207 C	0.09471	0.03319	0.8721
1208 T	0.10172	0.02545	0.87283
1209 T	0.10416	0.02266	0.87318
1210 T	0.10561	0.02110	0.87329
1211 T	0.10718	0.01948	0.87333
1212 T	0.10769	0.01891	0.87339
1213 T	0.10796	0.01789	0.87415
1214 T	0.10797	0.01711	0.87492
1215 A	0.10793	0.01629	0.87578
1216 A	0.10809	0.01392	0.87798
1217 C	0.10862	0.00856	0.88282
1218 T	0.10907	0.00715	0.88378
1219 T	0.10875	0.00726	0.88399
1220 T	0.10818	0.00860	0.88322
1221 G	0.10785	0.01038	0.88177
1222 A	0.10782	0.01127	0.88092
1223 G	0.10792	0.01124	0.88084
1224 A	0.10825	0.01113	0.88062
1225 A	0.10894	0.01030	0.88076
1226 T	0.10923	0.01002	0.88075
1227 A	0.10933	0.01018	0.88049
1228 G	0.10942	0.01031	0.88027
1229 C	0.10951	0.01053	0.87995
1230 T	0.10962	0.01172	0.87866
1231 T	0.10969	0.01218	0.87813
1232 G	0.10973	0.01231	0.87796
1233 T	0.10981	0.01238	0.87781
1234 A	0.10981	0.01257	0.87762
1235 C	0.10986	0.01249	0.87765
1236 T	0.10977	0.01313	0.8771
1237 G	0.10955	0.01406	0.87639
1238 G	0.10906	0.01576	0.87517
1239 A	0.10882	0.01613	0.87506
1240 A	0.10826	0.01673	0.87501
1241 A	0.10801	0.01672	0.87527
1242 G	0.10833	0.01568	0.87599
1243 C	0.10934	0.01399	0.87667
1244 T	0.11075	0.01241	0.87684
1245 A	0.11107	0.01204	0.87689
1246 C	0.11128	0.01181	0.87691
1247 A	0.11157	0.01157	0.87685
1248 C	0.11147	0.01167	0.87686
1249 G	0.11145	0.01169	0.87687
1250 G	0.11175	0.01138	0.87688
1251 T	0.11218	0.01094	0.87688
1252 C	0.11252	0.01058	0.8769
1253 C	0.11341	0.00968	0.87691
1254 T	0.11374	0.00933	0.87693
1255 C	0.11354	0.00951	0.87695
1256 A	0.11329	0.00976	0.87694
1257 C	0.11340	0.00964	0.87696
1258 T	0.11365	0.00937	0.87699
1259 T	0.11400	0.00888	0.87712
1260 G	0.11430	0.00843	0.87726
1261 T	0.11521	0.00701	0.87778
1262 T	0.11479	0.00716	0.87805
1263 A	0.11369	0.00751	0.87879
1264 A	0.11274	0.00792	0.87934
1265 C	0.11220	0.00799	0.8798
1266 G	0.11205	0.00831	0.87964
1267 T	0.11197	0.00909	0.87894
1268 A	0.11165	0.01106	0.87729
1269 T	0.11144	0.01241	0.87614
1270 T	0.11097	0.01543	0.87359
1271 T	0.10669	0.02136	0.87194
1272 A	0.09746	0.03328	0.86926
1273 G	0.09399	0.03794	0.86806
1274 A	0.09230	0.04108	0.86663
1275 A	0.09165	0.04236	0.86598
1276 T	0.09141	0.04271	0.86588
1277 T	0.09069	0.04368	0.86562
1278 A	0.08933	0.04544	0.86523
1279 T	0.08845	0.04663	0.86492
1280 T	0.08754	0.04832	0.86414
1281 A	0.08589	0.05187	0.86224
1282 G	0.08461	0.05463	0.86076
1283 G	0.08371	0.05649	0.8598
1284 T	0.08278	0.05754	0.85968
1285 A	0.08127	0.05906	0.85966
1286 A	0.08047	0.05916	0.86037
1287 A	0.08027	0.05867	0.86106
1288 C	0.08028	0.05821	0.86151
1289 A	0.08057	0.05841	0.86102
1290 A	0.08161	0.05806	0.86033
1291 A	0.08360	0.05702	0.85937
1292 A	0.08526	0.05680	0.85794
1293 T	0.08837	0.05402	0.85762
1294 A	0.09019	0.04838	0.86143
1295 T	0.09282	0.03725	0.86993
1296 T	0.09365	0.03344	0.8729
1297 T	0.09432	0.03212	0.87357
1298 T	0.09390	0.03498	0.87112
1299 A	0.09021	0.04483	0.86496
1300 A	0.08692	0.05254	0.86054
1301 A	0.08564	0.05522	0.85913
1302 T	0.08531	0.05605	0.85864
1303 A	0.08477	0.05817	0.85707
1304 A	0.08637	0.05793	0.8557
1305 T	0.08789	0.05540	0.85672
1306 A	0.08814	0.05484	0.85702
1307 T	0.08810	0.05424	0.85766
1308 T	0.08776	0.05408	0.85817
1309 C	0.08184	0.06123	0.85693
1310 A	0.07609	0.06932	0.85458
1311 A	0.07351	0.07289	0.8536
1312 A	0.07186	0.07550	0.85264
1313 A	0.07245	0.07505	0.8525
1314 A	0.07391	0.07364	0.85245
1315 T	0.07631	0.07095	0.85275
1316 T	0.07768	0.06934	0.85298
1317 A	0.07855	0.06821	0.85324
1318 T	0.07998	0.06639	0.85363
1319 T	0.08083	0.06506	0.8541
1320 A	0.08147	0.06391	0.85462
1321 A	0.08388	0.06052	0.8556
1322 A	0.08982	0.05092	0.85927
1323 T	0.09543	0.04158	0.86299
1324 T	0.09876	0.03629	0.86496
1325 T	0.10033	0.03361	0.86605
1326 C	0.10182	0.03091	0.86727
1327 A	0.10346	0.02898	0.86756
1328 A	0.10398	0.02811	0.86791
1329 T	0.10523	0.02603	0.86873
