# lcl|CP097583.1_cds_USQ93201.1_1
# AA	inside	membr	outside
1 A	0.15930	0.00000	0.8407
2 T	0.15847	0.00083	0.8407
3 G	0.15767	0.00163	0.8407
4 A	0.15767	0.05446	0.78786
5 G	0.14672	0.11106	0.74221
6 T	0.14672	0.11712	0.73616
7 A	0.12963	0.13622	0.73414
8 T	0.12963	0.13625	0.73411
9 A	0.12743	0.13854	0.73402
10 T	0.12743	0.13926	0.73331
11 T	0.12696	0.13976	0.73327
12 A	0.11272	0.15404	0.73324
13 C	0.10355	0.16329	0.73316
14 C	0.10355	0.16329	0.73316
15 T	0.10355	0.16904	0.72741
16 G	0.10329	0.16930	0.72741
17 T	0.10315	0.16960	0.72724
18 A	0.10314	0.17057	0.72628
19 A	0.10304	0.17139	0.72556
20 A	0.10284	0.17674	0.72041
21 T	0.10253	0.17704	0.72043
22 A	0.10263	0.17747	0.7199
23 A	0.10300	0.17718	0.71983
24 A	0.10448	0.17586	0.71966
25 A	0.10644	0.17246	0.72109
26 A	0.10897	0.16867	0.72237
27 A	0.16062	0.11391	0.72547
28 T	0.20266	0.06093	0.73641
29 T	0.20774	0.05415	0.7381
30 T	0.20898	0.04109	0.74993
31 T	0.20897	0.04009	0.75094
32 A	0.20887	0.03784	0.75329
33 T	0.20915	0.03614	0.75472
34 A	0.20907	0.03515	0.75578
35 T	0.20970	0.02376	0.76654
36 T	0.20990	0.01712	0.77298
37 G	0.21005	0.01668	0.77327
38 C	0.21426	0.01225	0.77349
39 C	0.21449	0.01189	0.77363
40 A	0.21500	0.01133	0.77367
41 C	0.21625	0.01005	0.7737
42 T	0.21762	0.00869	0.7737
43 T	0.22168	0.00458	0.77375
44 C	0.22179	0.00435	0.77386
45 T	0.22230	0.00391	0.77379
46 A	0.22240	0.00387	0.77372
47 T	0.22267	0.00356	0.77377
48 T	0.22283	0.00339	0.77378
49 G	0.22290	0.00368	0.77342
50 T	0.22305	0.00362	0.77333
51 T	0.22299	0.00371	0.77331
52 T	0.22274	0.00390	0.77335
53 A	0.22038	0.00625	0.77337
54 T	0.21974	0.00682	0.77345
55 G	0.21843	0.00801	0.77356
56 C	0.21754	0.00876	0.77371
57 T	0.21636	0.01011	0.77353
58 T	0.21349	0.01305	0.77346
59 C	0.21078	0.01580	0.77341
60 A	0.20773	0.01913	0.77315
61 T	0.20645	0.02051	0.77304
62 C	0.20438	0.02259	0.77303
63 T	0.20319	0.02380	0.77301
64 A	0.20116	0.02584	0.773
65 T	0.20046	0.02653	0.77301
66 A	0.19895	0.02803	0.77302
67 C	0.19753	0.02942	0.77305
68 C	0.19644	0.03048	0.77308
69 T	0.19551	0.03144	0.77305
70 C	0.19412	0.03289	0.77298
71 A	0.19268	0.03462	0.7727
72 T	0.19176	0.03574	0.7725
73 A	0.18944	0.03825	0.77232
74 T	0.18827	0.03928	0.77246
75 A	0.18611	0.04122	0.77266
76 G	0.18489	0.03977	0.77534
77 G	0.18409	0.03949	0.77642
78 A	0.18349	0.03885	0.77766
79 A	0.18342	0.03782	0.77876
80 A	0.18367	0.03586	0.78047
81 T	0.18382	0.03254	0.78363
82 G	0.18385	0.02981	0.78635
83 T	0.18408	0.02702	0.7889
84 T	0.18400	0.02605	0.78995
85 T	0.18392	0.02533	0.79075
86 A	0.18372	0.02508	0.7912
87 T	0.18343	0.02401	0.79256
88 G	0.18293	0.02405	0.79302
89 A	0.18241	0.02373	0.79386
90 A	0.18160	0.02375	0.79465
91 A	0.18148	0.02289	0.79564
92 T	0.18150	0.02199	0.79651
93 G	0.18134	0.02135	0.79731
94 A	0.18151	0.02088	0.79761
95 T	0.18168	0.02046	0.79786
96 T	0.18154	0.01956	0.7989
97 T	0.18118	0.01890	0.79991
98 T	0.18077	0.01796	0.80127
99 A	0.17879	0.01914	0.80207
100 G	0.17692	0.02030	0.80278
101 C	0.17574	0.02103	0.80322
102 T	0.17395	0.02326	0.80279
103 G	0.16976	0.02763	0.8026
104 A	0.16600	0.03182	0.80218
105 T	0.16398	0.03396	0.80206
106 G	0.16148	0.03656	0.80195
107 C	0.15967	0.03834	0.80199
108 T	0.15880	0.03991	0.80129
109 A	0.15640	0.04244	0.80116
110 T	0.15390	0.04503	0.80107
111 A	0.14722	0.05198	0.8008
112 G	0.14256	0.05696	0.80049
113 C	0.13850	0.06126	0.80025
114 A	0.13556	0.06605	0.79839
115 A	0.13402	0.06992	0.79606
116 G	0.13411	0.07060	0.79529
117 A	0.13417	0.07207	0.79376
118 T	0.13465	0.07315	0.79219
119 T	0.13413	0.07448	0.79139
120 T	0.13180	0.07860	0.7896
121 A	0.12806	0.08422	0.78772
122 A	0.12569	0.08619	0.78812
123 A	0.12470	0.08600	0.78929
124 A	0.12411	0.08583	0.79006
125 A	0.12409	0.08391	0.792
126 A	0.12415	0.07957	0.79628
127 T	0.12448	0.07504	0.80048
128 T	0.12445	0.07260	0.80296
129 A	0.12422	0.07064	0.80514
130 G	0.12424	0.06835	0.80741
131 A	0.12469	0.06637	0.80893
132 A	0.12494	0.06384	0.81121
133 G	0.12526	0.06054	0.8142
134 G	0.12608	0.05435	0.81957
135 A	0.12705	0.05120	0.82176
136 T	0.12854	0.04729	0.82417
137 A	0.13020	0.04422	0.82559
138 T	0.13263	0.04032	0.82705
139 A	0.13354	0.03923	0.82722
140 A	0.13545	0.03578	0.82877
141 T	0.13768	0.03166	0.83067
142 G	0.13923	0.02881	0.83195
143 T	0.14155	0.02535	0.83309
144 T	0.14337	0.02255	0.83408
145 T	0.14344	0.02323	0.83333
146 A	0.14145	0.02529	0.83326
147 T	0.14155	0.02458	0.83387
148 T	0.14026	0.02561	0.83413
149 T	0.13772	0.02788	0.8344
150 C	0.13381	0.03173	0.83446
151 C	0.13146	0.03409	0.83445
152 A	0.12857	0.03740	0.83403
153 A	0.12721	0.03900	0.83378
154 A	0.12700	0.03947	0.83352
155 C	0.12795	0.03871	0.83334
156 T	0.12901	0.03879	0.83219
157 G	0.12928	0.03871	0.83201
158 G	0.12929	0.03870	0.832
159 T	0.12958	0.03847	0.83194
160 T	0.12876	0.03929	0.83194
161 C	0.12591	0.04201	0.83208
162 C	0.12473	0.04344	0.83183
163 G	0.12348	0.04572	0.83081
164 A	0.12291	0.04769	0.8294
165 T	0.12332	0.04765	0.82903
166 G	0.12216	0.05011	0.82772
167 A	0.11981	0.05471	0.82548
168 A	0.11659	0.05798	0.82543
169 C	0.11165	0.06006	0.82829
170 A	0.10432	0.06918	0.82649
171 T	0.10048	0.07185	0.82767
172 G	0.09656	0.07570	0.82773
173 G	0.09268	0.08093	0.82638
174 G	0.08956	0.08459	0.82585
175 C	0.08822	0.08458	0.8272
176 A	0.08666	0.09027	0.82307
177 G	0.08471	0.09458	0.82071
178 A	0.08336	0.10024	0.8164
179 A	0.08315	0.10323	0.81362
180 A	0.08303	0.10359	0.81338
181 A	0.08287	0.10173	0.8154
182 T	0.08231	0.09988	0.81781
183 A	0.08015	0.10144	0.81842
184 C	0.07890	0.10133	0.81977
185 A	0.07140	0.11666	0.81194
186 A	0.06696	0.12530	0.80773
187 A	0.06491	0.12981	0.80528
188 A	0.06129	0.13530	0.80341
189 A	0.06034	0.13670	0.80296
190 A	0.06100	0.13198	0.80701
191 A	0.06072	0.12650	0.81278
192 A	0.06061	0.12022	0.81916
193 G	0.06281	0.10976	0.82743
194 C	0.06501	0.10242	0.83257
195 A	0.06872	0.09659	0.83468
196 T	0.07651	0.08645	0.83703
197 T	0.07840	0.08388	0.83772
198 A	0.07828	0.08329	0.83842
199 C	0.07847	0.08228	0.83924
200 A	0.07308	0.08847	0.83845
201 A	0.06562	0.09556	0.83882
202 C	0.05713	0.10398	0.83889
203 A	0.05547	0.10893	0.8356
204 A	0.05513	0.11269	0.83219
205 G	0.05583	0.11185	0.83233
206 G	0.05773	0.10951	0.83276
207 A	0.06018	0.10939	0.83043
208 T	0.06842	0.09552	0.83605
209 T	0.07235	0.08857	0.83909
210 A	0.07361	0.08832	0.83807
211 G	0.07464	0.08478	0.84057
212 A	0.07551	0.08476	0.83973
213 T	0.07548	0.08335	0.84118
214 A	0.07427	0.08355	0.84218
215 C	0.07296	0.08401	0.84303
216 T	0.07213	0.08522	0.84264
217 C	0.07095	0.08781	0.84124
218 A	0.07001	0.09160	0.83839
219 A	0.06998	0.09341	0.83661
220 A	0.07048	0.09568	0.83384
221 A	0.07101	0.09440	0.83459
222 A	0.07179	0.09274	0.83547
223 T	0.07465	0.08209	0.84326
224 A	0.07444	0.07109	0.85447
225 C	0.07463	0.05968	0.86569
226 G	0.07674	0.05768	0.86558
227 T	0.08032	0.05519	0.86449
228 T	0.08049	0.05508	0.86444
229 G	0.07874	0.05692	0.86434
230 A	0.07945	0.05636	0.86419
231 T	0.08084	0.05419	0.86498
232 C	0.07930	0.05798	0.86272
233 A	0.07897	0.07106	0.84997
234 A	0.07899	0.08211	0.8389
235 A	0.08086	0.08022	0.83892
236 T	0.08135	0.07888	0.83977
237 T	0.08138	0.07771	0.8409
238 T	0.08037	0.07629	0.84334
239 C	0.07846	0.07668	0.84486
240 C	0.07716	0.07698	0.84585
241 G	0.07506	0.07901	0.84592
242 A	0.07521	0.07931	0.84548
243 T	0.07669	0.07818	0.84513
244 A	0.07520	0.08091	0.84388
245 A	0.07441	0.08249	0.8431
246 A	0.07364	0.08326	0.84311
247 A	0.07073	0.08480	0.84446
248 T	0.07033	0.08387	0.84581
249 T	0.06745	0.08621	0.84635
250 A	0.05873	0.09654	0.84473
251 A	0.05253	0.10254	0.84493
252 A	0.04398	0.10978	0.84625
253 G	0.04101	0.11066	0.84833
254 A	0.04085	0.10975	0.8494
255 A	0.04304	0.10544	0.85152
256 A	0.05520	0.09192	0.85288
257 T	0.06494	0.08209	0.85297
258 T	0.06463	0.08281	0.85256
259 T	0.06218	0.08871	0.84911
260 A	0.05735	0.09349	0.84916
261 T	0.05336	0.09652	0.85012
262 A	0.04038	0.10920	0.85042
263 A	0.03158	0.11657	0.85185
264 C	0.02928	0.11574	0.85498
265 A	0.02800	0.11740	0.8546
266 A	0.02709	0.11817	0.85474
267 A	0.02736	0.11690	0.85574
268 A	0.02765	0.11560	0.85676
269 T	0.02870	0.11312	0.85818
270 G	0.02917	0.10744	0.86338
271 A	0.02988	0.10477	0.86535
272 A	0.03116	0.09883	0.87002
273 T	0.03400	0.08691	0.87909
274 A	0.03485	0.08013	0.88502
275 T	0.03630	0.07012	0.89357
276 T	0.03638	0.06766	0.89597
277 A	0.03631	0.06819	0.8955
278 A	0.03693	0.06906	0.89401
279 A	0.03843	0.06855	0.89302
280 T	0.04013	0.06571	0.89415
281 A	0.04147	0.06334	0.89518
282 T	0.04561	0.05620	0.89818
283 G	0.04621	0.05263	0.90115
284 A	0.04725	0.05395	0.8988
285 T	0.04928	0.04312	0.9076
286 T	0.05048	0.03797	0.91155
287 T	0.05090	0.03837	0.91074
288 T	0.05142	0.03821	0.91037
289 T	0.05152	0.03945	0.90903
290 T	0.05144	0.04018	0.90838
291 T	0.05110	0.04129	0.90761
292 A	0.05024	0.04351	0.90624
293 T	0.04990	0.04455	0.90555
294 A	0.04894	0.04957	0.90149
295 A	0.04842	0.05069	0.90089
296 G	0.04749	0.05199	0.90052
297 A	0.04678	0.05337	0.89985
298 A	0.04448	0.05608	0.89944
299 C	0.04370	0.05764	0.89866
300 A	0.04469	0.05958	0.89574
301 A	0.04689	0.05929	0.89383
302 G	0.04899	0.05959	0.89142
303 T	0.05080	0.06104	0.88815
304 G	0.05170	0.06072	0.88758
305 A	0.05303	0.05978	0.88719
306 A	0.05594	0.05694	0.88712
307 T	0.06410	0.04874	0.88716
308 C	0.06647	0.04664	0.88689
309 T	0.07080	0.04257	0.88663
310 T	0.07277	0.04092	0.88631
311 T	0.07177	0.04187	0.88637
312 T	0.06714	0.04643	0.88643
313 C	0.05406	0.05944	0.88651
314 A	0.04752	0.06572	0.88676
315 C	0.04087	0.07185	0.88729
316 A	0.03634	0.07654	0.88712
317 A	0.03618	0.07660	0.88722
318 A	0.03458	0.07802	0.8874
319 A	0.03306	0.07871	0.88823
320 A	0.03241	0.07860	0.88899
321 A	0.03274	0.07539	0.89187
322 C	0.03420	0.07185	0.89396
323 A	0.03688	0.06904	0.89409
324 A	0.03922	0.06617	0.89461
325 G	0.04261	0.06221	0.89518
326 T	0.04666	0.05791	0.89542
327 T	0.04724	0.05713	0.89563
328 C	0.04737	0.05627	0.89635
329 A	0.04653	0.05707	0.89639
330 A	0.04596	0.05761	0.89643
331 A	0.04593	0.05730	0.89676
332 T	0.04600	0.05668	0.89732
333 T	0.04548	0.05654	0.89798
334 A	0.04335	0.05512	0.90154
335 T	0.04194	0.04933	0.90873
336 T	0.03905	0.04009	0.92086
337 A	0.03122	0.04383	0.92495
338 T	0.02922	0.04221	0.92856
339 G	0.02738	0.04202	0.9306
340 A	0.02598	0.04535	0.92867
341 A	0.02502	0.04549	0.92949
342 A	0.02425	0.04437	0.93138
343 C	0.02307	0.04392	0.93301
344 A	0.02247	0.04433	0.9332
345 A	0.02233	0.04435	0.93332
346 C	0.02270	0.04373	0.93357
347 T	0.02281	0.04375	0.93343
348 T	0.02275	0.04394	0.93331
349 T	0.02255	0.04416	0.93329
350 T	0.02167	0.04523	0.9331
351 A	0.01995	0.04721	0.93284
352 A	0.01885	0.04776	0.93339
353 A	0.01844	0.04745	0.9341
354 A	0.01823	0.04694	0.93482
355 A	0.01816	0.04615	0.9357
356 A	0.01840	0.04420	0.9374
357 T	0.01902	0.04003	0.94094
358 G	0.01918	0.03753	0.94329
359 A	0.01975	0.03386	0.94639
360 C	0.02135	0.02544	0.95321
361 G	0.02347	0.02215	0.95438
362 A	0.02513	0.01956	0.95531
363 T	0.02918	0.01464	0.95618
364 A	0.03005	0.01330	0.95665
365 T	0.03028	0.01243	0.95729
366 T	0.03040	0.01093	0.95867
367 T	0.03051	0.01013	0.95936
368 A	0.03051	0.01002	0.95948
369 T	0.03058	0.00972	0.9597
370 T	0.03063	0.00955	0.95983
371 T	0.03054	0.00948	0.95998
372 A	0.03026	0.00953	0.96021
373 G	0.03046	0.00847	0.96107
374 G	0.03076	0.00690	0.96233
375 T	0.03127	0.00563	0.9631
376 T	0.03140	0.00521	0.96338
377 T	0.03143	0.00502	0.96355
378 A	0.03134	0.00502	0.96363
379 T	0.03121	0.00506	0.96373
380 A	0.03097	0.00523	0.9638
381 T	0.03080	0.00513	0.96407
382 G	0.03040	0.00545	0.96414
383 A	0.03014	0.00572	0.96414
384 A	0.03012	0.00574	0.96414
385 G	0.03015	0.00572	0.96412
386 G	0.03021	0.00575	0.96405
387 T	0.03046	0.00565	0.96389
388 T	0.03048	0.00601	0.96351
389 G	0.03046	0.00619	0.96335
390 G	0.03052	0.00618	0.9633
391 T	0.03083	0.00578	0.96338
392 A	0.03104	0.00545	0.96351
393 T	0.03132	0.00500	0.96368
394 T	0.03151	0.00459	0.9639
395 C	0.03155	0.00423	0.96422
396 T	0.03157	0.00416	0.96426
397 G	0.03160	0.00411	0.96428
398 T	0.03170	0.00401	0.96429
399 T	0.03173	0.00400	0.96427
400 T	0.03168	0.00409	0.96423
401 A	0.03136	0.00446	0.96418
402 T	0.03054	0.00528	0.96419
403 G	0.02752	0.00846	0.96402
404 A	0.02438	0.01215	0.96348
405 A	0.02294	0.01384	0.96322
406 G	0.02153	0.01570	0.96277
407 A	0.02102	0.01663	0.96235
408 A	0.02081	0.01692	0.96227
409 A	0.02080	0.01694	0.96226
410 G	0.02099	0.01675	0.96226
411 T	0.02138	0.01636	0.96226
412 T	0.02146	0.01625	0.96229
413 A	0.02143	0.01629	0.96228
414 T	0.02138	0.01634	0.96229
415 A	0.02121	0.01648	0.96231
416 T	0.02112	0.01652	0.96236
417 T	0.02088	0.01669	0.96243
418 T	0.02044	0.01706	0.9625
419 C	0.01967	0.01775	0.96258
420 G	0.01882	0.01860	0.96257
421 G	0.01783	0.01964	0.96253
422 A	0.01692	0.02062	0.96247
423 A	0.01604	0.02151	0.96246
424 A	0.01600	0.02144	0.96256
425 A	0.01611	0.02038	0.96351
426 A	0.01653	0.01703	0.96644
427 G	0.01724	0.01308	0.96969
428 A	0.01785	0.01117	0.97098
429 T	0.01860	0.00920	0.9722
430 T	0.01897	0.00855	0.97248
431 T	0.01899	0.00838	0.97263
432 A	0.01860	0.00881	0.97259
433 A	0.01831	0.00918	0.97251
434 T	0.01820	0.00925	0.97254
435 T	0.01791	0.00962	0.97246
436 A	0.01718	0.01064	0.97218
437 A	0.01688	0.01098	0.97214
438 T	0.01647	0.01119	0.97233
439 G	0.01601	0.01162	0.97237
440 G	0.01576	0.01243	0.97181
441 T	0.01569	0.01336	0.97095
442 A	0.01564	0.01309	0.97127
443 A	0.01564	0.01252	0.97184
444 A	0.01570	0.01165	0.97264
445 A	0.01579	0.01067	0.97353
446 C	0.01588	0.00962	0.9745
447 A	0.01595	0.00937	0.97468
448 G	0.01602	0.00919	0.97479
449 C	0.01611	0.00904	0.97485
450 T	0.01618	0.00898	0.97484
451 A	0.01621	0.00898	0.97481
452 A	0.01635	0.00881	0.97484
453 T	0.01657	0.00852	0.97492
454 G	0.01667	0.00835	0.97498
455 G	0.01682	0.00770	0.97548
456 T	0.01704	0.00711	0.97586
457 G	0.01704	0.00690	0.97606
458 A	0.01689	0.00687	0.97624
459 G	0.01699	0.00611	0.9769
460 A	0.01707	0.00572	0.97721
461 C	0.01717	0.00512	0.97771
462 G	0.01737	0.00466	0.97797
463 C	0.01814	0.00373	0.97813
464 C	0.01917	0.00275	0.97807
465 T	0.01932	0.00279	0.97789
466 G	0.01924	0.00302	0.97774
467 T	0.01918	0.00319	0.97763
468 T	0.01893	0.00355	0.97752
469 T	0.01848	0.00401	0.97752
470 G	0.01782	0.00462	0.97756
471 G	0.01761	0.00480	0.97759
472 A	0.01750	0.00489	0.97761
473 C	0.01743	0.00492	0.97765
474 T	0.01735	0.00499	0.97766
475 C	0.01703	0.00531	0.97766
476 A	0.01673	0.00565	0.97763
477 A	0.01661	0.00578	0.97762
478 G	0.01656	0.00582	0.97762
479 A	0.01653	0.00583	0.97764
480 A	0.01652	0.00579	0.9777
481 G	0.01660	0.00532	0.97808
482 A	0.01663	0.00498	0.97838
483 A	0.01667	0.00469	0.97864
484 G	0.01672	0.00443	0.97885
485 T	0.01691	0.00409	0.979
486 T	0.01702	0.00388	0.97909
487 T	0.01707	0.00374	0.97919
488 A	0.01713	0.00356	0.9793
489 T	0.01724	0.00323	0.97953
490 T	0.01729	0.00298	0.97973
491 T	0.01732	0.00270	0.97998
492 T	0.01727	0.00244	0.98029
493 T	0.01709	0.00237	0.98055
494 T	0.01594	0.00352	0.98053
495 T	0.01504	0.00462	0.98034
496 A	0.01403	0.00601	0.97996
497 A	0.01312	0.00721	0.97966
498 A	0.01273	0.00750	0.97977
499 T	0.01252	0.00753	0.97995
500 T	0.01182	0.00831	0.97987
501 A	0.01077	0.00947	0.97976
502 A	0.01028	0.01000	0.97971
503 A	0.00990	0.01043	0.97967
504 T	0.00969	0.01068	0.97963
505 A	0.00916	0.01133	0.97952
506 A	0.00886	0.01175	0.9794
507 A	0.00871	0.01190	0.9794
508 T	0.00858	0.01202	0.9794
509 A	0.00831	0.01228	0.97941
510 T	0.00818	0.01237	0.97944
511 C	0.00795	0.01256	0.97949
512 A	0.00780	0.01271	0.97948
513 A	0.00770	0.01276	0.97953
514 G	0.00765	0.01269	0.97966
515 A	0.00773	0.01249	0.97978
516 T	0.00801	0.01191	0.98007
517 C	0.00814	0.01018	0.98167
518 G	0.00837	0.00923	0.9824
519 A	0.00874	0.00816	0.9831
520 T	0.00915	0.00712	0.98373
521 T	0.00927	0.00681	0.98392
522 G	0.00932	0.00687	0.98381
523 T	0.00949	0.00638	0.98413
524 T	0.00956	0.00571	0.98473
525 A	0.00955	0.00565	0.98479
526 A	0.00958	0.00598	0.98444
527 A	0.00962	0.00601	0.98437
528 A	0.00975	0.00555	0.9847
529 T	0.00989	0.00513	0.98499
530 A	0.00986	0.00507	0.98507
531 T	0.00985	0.00506	0.98509
532 T	0.00980	0.00502	0.98518
533 T	0.00973	0.00513	0.98514
534 A	0.00960	0.00521	0.98519
535 A	0.00952	0.00521	0.98527
536 A	0.00948	0.00518	0.98534
537 T	0.00947	0.00512	0.98541
538 G	0.00946	0.00517	0.98538
539 A	0.00946	0.00520	0.98535
540 T	0.00948	0.00514	0.98538
541 G	0.00949	0.00510	0.98541
542 A	0.00953	0.00504	0.98542
543 A	0.00964	0.00490	0.98545
544 C	0.00990	0.00456	0.98554
545 T	0.01034	0.00407	0.98558
546 T	0.01097	0.00342	0.98562
547 C	0.01124	0.00311	0.98565
548 A	0.01151	0.00283	0.98566
549 T	0.01200	0.00232	0.98568
550 T	0.01220	0.00210	0.98571
551 T	0.01230	0.00199	0.98571
552 A	0.01226	0.00204	0.9857
553 A	0.01233	0.00192	0.98575
554 T	0.01249	0.00170	0.98581
555 T	0.01252	0.00161	0.98588
556 T	0.01233	0.00172	0.98595
557 T	0.01179	0.00216	0.98604
558 A	0.01056	0.00334	0.9861
559 C	0.01004	0.00382	0.98614
560 C	0.00977	0.00407	0.98615
561 T	0.00967	0.00417	0.98616
562 C	0.00948	0.00436	0.98616
563 C	0.00930	0.00454	0.98616
564 T	0.00908	0.00479	0.98613
565 T	0.00870	0.00521	0.98609
566 A	0.00825	0.00569	0.98606
567 T	0.00802	0.00593	0.98604
568 A	0.00765	0.00632	0.98603
569 T	0.00738	0.00657	0.98605
570 T	0.00705	0.00687	0.98607
571 A	0.00653	0.00738	0.98609
572 A	0.00620	0.00768	0.98611
573 G	0.00590	0.00794	0.98617
574 A	0.00563	0.00817	0.9862
575 A	0.00548	0.00821	0.98631
576 A	0.00543	0.00816	0.98641
577 G	0.00541	0.00805	0.98654
578 A	0.00539	0.00793	0.98668
579 A	0.00539	0.00760	0.987
580 A	0.00540	0.00700	0.98761
581 T	0.00541	0.00582	0.98876
582 T	0.00542	0.00539	0.98919
583 T	0.00542	0.00522	0.98936
584 T	0.00542	0.00521	0.98936
585 A	0.00542	0.00528	0.98931
586 A	0.00542	0.00520	0.98937
587 A	0.00544	0.00497	0.98959
588 T	0.00549	0.00451	0.99
589 T	0.00552	0.00426	0.99023
590 T	0.00551	0.00437	0.99012
591 A	0.00540	0.00439	0.99021
592 T	0.00534	0.00432	0.99034
593 T	0.00517	0.00449	0.99034
594 A	0.00486	0.00465	0.9905
595 A	0.00477	0.00468	0.99055
596 A	0.00472	0.00455	0.99073
597 A	0.00471	0.00433	0.99097
598 G	0.00472	0.00416	0.99112
599 A	0.00475	0.00406	0.99119
600 A	0.00478	0.00398	0.99124
601 C	0.00484	0.00389	0.99127
602 C	0.00490	0.00383	0.99127
603 A	0.00498	0.00375	0.99127
604 C	0.00510	0.00363	0.99128
605 T	0.00531	0.00342	0.99128
606 T	0.00542	0.00331	0.99128
607 C	0.00553	0.00319	0.99128
608 C	0.00568	0.00304	0.99128
609 T	0.00580	0.00292	0.99128
610 G	0.00585	0.00287	0.99128
611 A	0.00598	0.00274	0.99128
612 T	0.00638	0.00234	0.99128
613 T	0.00685	0.00183	0.99131
614 T	0.00711	0.00141	0.99148
615 A	0.00722	0.00120	0.99158
616 T	0.00740	0.00082	0.99178
617 C	0.00743	0.00051	0.99206
618 T	0.00751	0.00038	0.9921
619 A	0.00750	0.00036	0.99214
620 T	0.00749	0.00036	0.99216
621 T	0.00745	0.00039	0.99216
622 T	0.00736	0.00048	0.99216
623 C	0.00721	0.00062	0.99217
624 T	0.00700	0.00085	0.99215
625 A	0.00674	0.00111	0.99215
626 G	0.00666	0.00120	0.99214
627 A	0.00661	0.00125	0.99214
628 A	0.00658	0.00128	0.99214
629 C	0.00657	0.00128	0.99215
630 T	0.00657	0.00128	0.99215
631 T	0.00656	0.00128	0.99215
632 C	0.00655	0.00129	0.99215
633 A	0.00654	0.00130	0.99215
634 T	0.00654	0.00131	0.99215
635 T	0.00654	0.00131	0.99215
636 T	0.00653	0.00132	0.99216
637 G	0.00651	0.00133	0.99216
638 A	0.00650	0.00130	0.9922
639 A	0.00649	0.00127	0.99224
640 T	0.00648	0.00120	0.99232
641 G	0.00647	0.00115	0.99238
642 G	0.00647	0.00107	0.99247
643 G	0.00648	0.00100	0.99252
644 G	0.00648	0.00092	0.9926
645 T	0.00649	0.00082	0.99269
646 A	0.00649	0.00071	0.99279
647 T	0.00651	0.00053	0.99296
648 T	0.00651	0.00035	0.99314
649 A	0.00651	0.00032	0.99316
650 G	0.00651	0.00029	0.99321
651 T	0.00651	0.00030	0.9932
652 T	0.00651	0.00032	0.99317
653 T	0.00648	0.00039	0.99313
654 A	0.00642	0.00051	0.99307
655 G	0.00639	0.00056	0.99306
656 A	0.00637	0.00059	0.99304
657 T	0.00637	0.00060	0.99303
658 T	0.00635	0.00063	0.99302
659 T	0.00633	0.00065	0.99302
660 T	0.00629	0.00068	0.99303
661 A	0.00623	0.00073	0.99304
662 A	0.00621	0.00075	0.99304
663 T	0.00620	0.00075	0.99305
664 C	0.00618	0.00076	0.99306
665 C	0.00617	0.00077	0.99306
666 T	0.00616	0.00078	0.99306
667 A	0.00613	0.00081	0.99306
668 A	0.00612	0.00082	0.99306
669 G	0.00612	0.00082	0.99306
670 C	0.00613	0.00081	0.99306
671 A	0.00615	0.00079	0.99306
672 T	0.00620	0.00073	0.99306
673 G	0.00622	0.00071	0.99307
674 T	0.00627	0.00067	0.99307
675 A	0.00629	0.00064	0.99307
676 G	0.00635	0.00055	0.9931
677 T	0.00641	0.00043	0.99315
678 T	0.00644	0.00038	0.99319
679 T	0.00645	0.00035	0.9932
680 A	0.00645	0.00035	0.99319
681 T	0.00646	0.00034	0.9932
682 G	0.00646	0.00034	0.99319
683 T	0.00646	0.00033	0.99321
684 T	0.00645	0.00031	0.99323
685 T	0.00641	0.00037	0.99322
686 G	0.00634	0.00045	0.99321
687 G	0.00625	0.00056	0.99319
688 A	0.00620	0.00063	0.99317
689 T	0.00617	0.00065	0.99319
690 A	0.00611	0.00070	0.99319
691 G	0.00610	0.00070	0.9932
692 A	0.00609	0.00070	0.99321
693 C	0.00608	0.00071	0.99321
694 G	0.00608	0.00072	0.99319
695 C	0.00609	0.00074	0.99317
696 T	0.00609	0.00087	0.99305
697 T	0.00609	0.00096	0.99295
698 T	0.00608	0.00100	0.99293
699 A	0.00606	0.00105	0.99289
700 A	0.00604	0.00110	0.99286
701 G	0.00602	0.00113	0.99285
702 C	0.00601	0.00114	0.99285
703 A	0.00600	0.00120	0.9928
704 A	0.00603	0.00120	0.99277
705 T	0.00608	0.00116	0.99276
706 T	0.00610	0.00117	0.99273
707 A	0.00611	0.00119	0.99271
708 T	0.00612	0.00111	0.99277
709 A	0.00613	0.00104	0.99283
710 T	0.00615	0.00094	0.99291
711 T	0.00614	0.00090	0.99296
712 A	0.00609	0.00093	0.99299
713 C	0.00604	0.00093	0.99303
714 A	0.00600	0.00096	0.99304
715 G	0.00598	0.00097	0.99304
716 G	0.00597	0.00098	0.99304
717 A	0.00599	0.00097	0.99304
718 C	0.00602	0.00093	0.99304
719 T	0.00614	0.00081	0.99304
720 T	0.00622	0.00074	0.99304
721 G	0.00624	0.00072	0.99305
722 A	0.00627	0.00067	0.99306
723 T	0.00632	0.00062	0.99307
724 T	0.00632	0.00057	0.9931
725 A	0.00632	0.00056	0.99312
726 T	0.00636	0.00048	0.99316
727 C	0.00636	0.00047	0.99317
728 C	0.00636	0.00047	0.99317
729 T	0.00635	0.00049	0.99316
730 T	0.00627	0.00059	0.99314
731 T	0.00612	0.00077	0.99311
732 T	0.00559	0.00132	0.99308
733 G	0.00426	0.00271	0.99302
734 G	0.00323	0.00384	0.99293
735 A	0.00264	0.00449	0.99287
736 G	0.00227	0.00487	0.99286
737 A	0.00206	0.00517	0.99277
738 A	0.00182	0.00550	0.99269
739 G	0.00157	0.00585	0.99258
740 A	0.00146	0.00630	0.99224
741 T	0.00141	0.00654	0.99204
742 G	0.00129	0.00695	0.99175
743 A	0.00124	0.00728	0.99148
744 T	0.00119	0.00743	0.99138
745 A	0.00106	0.00765	0.99128
746 A	0.00098	0.00778	0.99124
747 A	0.00091	0.00786	0.99123
748 A	0.00087	0.00790	0.99123
749 A	0.00086	0.00792	0.99122
750 A	0.00085	0.00790	0.99124
751 A	0.00086	0.00785	0.9913
752 A	0.00088	0.00772	0.99141
753 T	0.00091	0.00745	0.99164
754 A	0.00093	0.00721	0.99186
755 A	0.00097	0.00665	0.99238
756 A	0.00105	0.00542	0.99353
757 T	0.00120	0.00430	0.9945
758 T	0.00131	0.00369	0.995
759 A	0.00136	0.00335	0.99529
760 A	0.00147	0.00306	0.99547
761 A	0.00158	0.00273	0.9957
762 A	0.00171	0.00232	0.99596
763 T	0.00213	0.00175	0.99611
764 A	0.00238	0.00142	0.9962
765 T	0.00272	0.00092	0.99635
766 T	0.00293	0.00063	0.99644
767 T	0.00298	0.00052	0.9965
768 T	0.00298	0.00041	0.99661
769 T	0.00293	0.00039	0.99668
770 G	0.00286	0.00042	0.99673
771 G	0.00282	0.00042	0.99676
772 C	0.00282	0.00042	0.99677
773 C	0.00281	0.00042	0.99677
774 T	0.00279	0.00045	0.99676
775 T	0.00272	0.00056	0.99672
776 G	0.00257	0.00077	0.99667
777 T	0.00250	0.00090	0.9966
778 G	0.00241	0.00106	0.99653
779 A	0.00237	0.00116	0.99647
780 T	0.00236	0.00118	0.99646
781 T	0.00231	0.00123	0.99645
782 T	0.00224	0.00130	0.99646
783 G	0.00201	0.00154	0.99645
784 C	0.00196	0.00161	0.99643
785 A	0.00193	0.00168	0.99639
786 T	0.00191	0.00175	0.99635
787 A	0.00189	0.00186	0.99624
788 T	0.00188	0.00196	0.99616
789 A	0.00179	0.00211	0.99609
790 A	0.00174	0.00219	0.99608
791 T	0.00171	0.00219	0.9961
792 A	0.00168	0.00217	0.99614
793 G	0.00166	0.00213	0.99621
794 G	0.00165	0.00211	0.99624
795 A	0.00165	0.00212	0.99623
796 A	0.00165	0.00210	0.99626
797 A	0.00166	0.00207	0.99627
798 A	0.00170	0.00197	0.99634
799 G	0.00176	0.00177	0.99647
800 A	0.00181	0.00164	0.99654
801 T	0.00189	0.00147	0.99664
802 A	0.00194	0.00137	0.99669
803 T	0.00196	0.00128	0.99676
804 T	0.00197	0.00121	0.99683
805 A	0.00197	0.00113	0.9969
806 C	0.00198	0.00093	0.99708
807 T	0.00200	0.00089	0.99711
808 A	0.00203	0.00084	0.99712
809 G	0.00208	0.00078	0.99714
810 A	0.00218	0.00067	0.99715
811 T	0.00228	0.00056	0.99716
812 T	0.00235	0.00039	0.99727
813 T	0.00238	0.00029	0.99733
814 C	0.00239	0.00026	0.99736
815 A	0.00240	0.00024	0.99737
816 T	0.00241	0.00021	0.99738
817 T	0.00242	0.00019	0.99739
818 T	0.00243	0.00018	0.99739
819 A	0.00242	0.00019	0.99739
820 A	0.00242	0.00018	0.9974
821 T	0.00243	0.00017	0.9974
822 T	0.00242	0.00017	0.9974
823 C	0.00242	0.00017	0.99741
824 A	0.00243	0.00017	0.99741
825 T	0.00244	0.00016	0.99741
826 T	0.00244	0.00016	0.99741
827 T	0.00244	0.00015	0.99741
828 T	0.00244	0.00015	0.99741
829 C	0.00244	0.00015	0.99741
830 C	0.00244	0.00015	0.99741
831 T	0.00244	0.00015	0.99741
832 A	0.00244	0.00015	0.99741
833 T	0.00244	0.00015	0.99741
834 T	0.00244	0.00015	0.99741
835 T	0.00244	0.00015	0.99741
836 T	0.00244	0.00014	0.99741
837 A	0.00244	0.00014	0.99742
838 T	0.00244	0.00013	0.99743
839 T	0.00244	0.00012	0.99743
840 A	0.00244	0.00013	0.99743
841 A	0.00243	0.00012	0.99745
842 T	0.00243	0.00010	0.99747
843 G	0.00243	0.00009	0.99748
844 G	0.00243	0.00008	0.99748
845 C	0.00243	0.00008	0.99748
846 T	0.00242	0.00013	0.99745
847 T	0.00239	0.00022	0.99739
848 T	0.00234	0.00036	0.9973
849 A	0.00228	0.00049	0.99722
850 G	0.00226	0.00055	0.99719
851 A	0.00225	0.00060	0.99715
852 T	0.00224	0.00060	0.99716
853 T	0.00223	0.00061	0.99716
854 T	0.00222	0.00062	0.99716
855 A	0.00219	0.00065	0.99716
856 C	0.00218	0.00066	0.99716
857 C	0.00217	0.00067	0.99716
858 T	0.00217	0.00067	0.99716
859 T	0.00217	0.00068	0.99716
860 T	0.00216	0.00068	0.99715
861 A	0.00214	0.00070	0.99715
862 C	0.00213	0.00072	0.99715
863 C	0.00210	0.00074	0.99716
864 A	0.00208	0.00077	0.99716
865 A	0.00207	0.00078	0.99714
866 A	0.00207	0.00079	0.99714
867 A	0.00205	0.00081	0.99713
868 A	0.00206	0.00081	0.99713
869 A	0.00211	0.00074	0.99715
870 A	0.00218	0.00063	0.99719
871 T	0.00229	0.00047	0.99724
872 T	0.00234	0.00037	0.99729
873 T	0.00236	0.00032	0.99732
874 T	0.00238	0.00029	0.99732
875 T	0.00238	0.00029	0.99734
876 G	0.00236	0.00029	0.99734
877 A	0.00235	0.00029	0.99736
878 T	0.00235	0.00027	0.99738
879 C	0.00234	0.00026	0.9974
880 C	0.00234	0.00026	0.9974
881 A	0.00234	0.00026	0.99741
882 T	0.00234	0.00025	0.99741
883 T	0.00233	0.00025	0.99741
884 C	0.00232	0.00025	0.99742
885 T	0.00231	0.00025	0.99743
886 T	0.00230	0.00025	0.99745
887 G	0.00226	0.00028	0.99746
888 G	0.00224	0.00032	0.99743
889 A	0.00223	0.00034	0.99742
890 T	0.00223	0.00035	0.99741
891 T	0.00223	0.00038	0.99739
892 T	0.00223	0.00041	0.99736
893 T	0.00222	0.00045	0.99734
894 A	0.00221	0.00051	0.99728
895 T	0.00221	0.00058	0.99722
896 T	0.00220	0.00073	0.99708
897 T	0.00213	0.00092	0.99695
898 A	0.00205	0.00121	0.99675
899 A	0.00200	0.00134	0.99666
900 T	0.00197	0.00140	0.99663
901 A	0.00193	0.00148	0.99659
902 A	0.00190	0.00154	0.99656
903 T	0.00185	0.00162	0.99653
904 A	0.00173	0.00183	0.99643
905 A	0.00166	0.00196	0.99638
906 A	0.00161	0.00209	0.9963
907 A	0.00158	0.00221	0.99622
908 A	0.00157	0.00224	0.9962
909 A	0.00157	0.00226	0.99618
910 A	0.00159	0.00220	0.99621
911 T	0.00162	0.00214	0.99625
912 G	0.00165	0.00210	0.99625
913 T	0.00169	0.00205	0.99626
914 C	0.00172	0.00201	0.99627
915 T	0.00175	0.00198	0.99627
916 A	0.00177	0.00196	0.99627
917 A	0.00182	0.00190	0.99628
918 A	0.00190	0.00181	0.99629
919 T	0.00208	0.00162	0.9963
920 C	0.00219	0.00140	0.99641
921 T	0.00240	0.00113	0.99648
922 T	0.00246	0.00104	0.9965
923 T	0.00248	0.00103	0.9965
924 A	0.00248	0.00107	0.99645
925 A	0.00248	0.00112	0.99639
926 A	0.00252	0.00105	0.99643
927 T	0.00261	0.00084	0.99655
928 A	0.00266	0.00073	0.99661
929 A	0.00274	0.00060	0.99666
930 T	0.00284	0.00047	0.9967
931 A	0.00285	0.00043	0.99671
932 C	0.00288	0.00039	0.99673
933 T	0.00289	0.00038	0.99673
934 C	0.00289	0.00039	0.99672
935 T	0.00289	0.00041	0.9967
936 T	0.00288	0.00050	0.99662
937 T	0.00286	0.00056	0.99659
938 A	0.00281	0.00064	0.99655
939 T	0.00277	0.00069	0.99654
940 G	0.00272	0.00075	0.99654
941 T	0.00269	0.00078	0.99653
942 A	0.00266	0.00080	0.99653
943 G	0.00265	0.00080	0.99655
944 A	0.00266	0.00079	0.99656
945 C	0.00268	0.00076	0.99657
946 G	0.00270	0.00073	0.99657
947 A	0.00276	0.00066	0.99658
948 T	0.00283	0.00058	0.99658
949 T	0.00284	0.00057	0.99658
950 T	0.00285	0.00057	0.99658
951 A	0.00285	0.00057	0.99658
952 T	0.00285	0.00057	0.99658
953 T	0.00285	0.00057	0.99658
954 A	0.00284	0.00058	0.99657
955 A	0.00285	0.00059	0.99657
956 A	0.00285	0.00058	0.99657
957 A	0.00286	0.00057	0.99657
958 A	0.00290	0.00052	0.99658
959 T	0.00299	0.00040	0.99661
960 T	0.00303	0.00032	0.99664
961 T	0.00305	0.00026	0.99669
962 T	0.00306	0.00022	0.99672
963 T	0.00306	0.00017	0.99677
964 T	0.00306	0.00015	0.99679
965 C	0.00305	0.00014	0.99681
966 T	0.00305	0.00014	0.99681
967 G	0.00305	0.00015	0.99681
968 T	0.00305	0.00015	0.99681
969 A	0.00304	0.00015	0.99681
970 G	0.00305	0.00015	0.99681
971 A	0.00305	0.00014	0.99681
972 T	0.00306	0.00013	0.99681
973 G	0.00306	0.00012	0.99681
974 C	0.00308	0.00011	0.99681
975 T	0.00309	0.00009	0.99682
976 A	0.00310	0.00009	0.99682
977 T	0.00312	0.00007	0.99682
978 T	0.00313	0.00006	0.99682
979 C	0.00313	0.00006	0.99681
980 G	0.00313	0.00006	0.99681
981 T	0.00314	0.00006	0.99681
982 T	0.00314	0.00006	0.9968
983 A	0.00314	0.00007	0.99679
984 T	0.00314	0.00006	0.99679
985 T	0.00314	0.00007	0.99679
986 T	0.00314	0.00007	0.99679
987 T	0.00314	0.00007	0.99679
988 G	0.00314	0.00007	0.99678
989 T	0.00314	0.00007	0.99679
990 T	0.00314	0.00007	0.99679
991 T	0.00314	0.00007	0.99679
992 T	0.00314	0.00007	0.99679
993 A	0.00313	0.00008	0.99679
994 C	0.00313	0.00009	0.99678
995 A	0.00312	0.00010	0.99677
996 T	0.00312	0.00012	0.99676
997 G	0.00311	0.00016	0.99673
998 A	0.00311	0.00019	0.9967
999 A	0.00311	0.00019	0.9967
1000 A	0.00311	0.00019	0.9967
1001 T	0.00311	0.00019	0.9967
1002 T	0.00312	0.00018	0.9967
1003 C	0.00312	0.00018	0.9967
1004 C	0.00312	0.00018	0.9967
1005 T	0.00313	0.00017	0.9967
1006 T	0.00313	0.00017	0.9967
1007 A	0.00313	0.00017	0.9967
1008 T	0.00313	0.00017	0.99669
1009 C	0.00314	0.00017	0.99669
1010 A	0.00314	0.00017	0.99669
1011 T	0.00314	0.00016	0.99669
1012 T	0.00314	0.00016	0.99669
1013 C	0.00314	0.00016	0.99669
1014 T	0.00314	0.00016	0.99669
1015 G	0.00314	0.00017	0.99669
1016 A	0.00314	0.00017	0.99669
1017 T	0.00315	0.00016	0.99669
1018 G	0.00316	0.00015	0.99669
1019 G	0.00317	0.00013	0.9967
1020 T	0.00320	0.00010	0.9967
1021 A	0.00322	0.00008	0.9967
1022 T	0.00322	0.00007	0.9967
1023 T	0.00322	0.00008	0.9967
1024 T	0.00322	0.00008	0.9967
1025 T	0.00322	0.00008	0.9967
1026 A	0.00321	0.00009	0.99669
1027 A	0.00321	0.00010	0.99669
1028 C	0.00321	0.00011	0.99668
1029 T	0.00321	0.00012	0.99667
1030 T	0.00320	0.00014	0.99666
1031 A	0.00319	0.00016	0.99664
1032 T	0.00319	0.00017	0.99664
1033 G	0.00318	0.00019	0.99664
1034 A	0.00318	0.00019	0.99663
1035 T	0.00318	0.00019	0.99663
1036 C	0.00318	0.00018	0.99664
1037 T	0.00319	0.00019	0.99663
1038 T	0.00319	0.00020	0.99661
1039 T	0.00319	0.00024	0.99657
1040 T	0.00319	0.00027	0.99653
1041 A	0.00319	0.00032	0.99649
1042 T	0.00318	0.00034	0.99647
1043 T	0.00318	0.00037	0.99645
1044 T	0.00317	0.00041	0.99642
1045 G	0.00315	0.00045	0.9964
1046 A	0.00311	0.00053	0.99636
1047 A	0.00308	0.00061	0.99632
1048 A	0.00305	0.00070	0.99624
1049 G	0.00305	0.00073	0.99623
1050 A	0.00305	0.00079	0.99616
1051 T	0.00306	0.00085	0.9961
1052 A	0.00306	0.00089	0.99605
1053 T	0.00307	0.00092	0.996
1054 A	0.00308	0.00092	0.99599
1055 A	0.00308	0.00093	0.99599
1056 T	0.00308	0.00093	0.99599
1057 A	0.00308	0.00096	0.99596
1058 C	0.00308	0.00097	0.99595
1059 T	0.00308	0.00099	0.99593
1060 G	0.00308	0.00102	0.9959
1061 A	0.00309	0.00103	0.99588
1062 T	0.00314	0.00098	0.99588
1063 C	0.00317	0.00095	0.99588
1064 T	0.00320	0.00094	0.99586
1065 T	0.00322	0.00093	0.99585
1066 G	0.00321	0.00095	0.99583
1067 T	0.00323	0.00097	0.9958
1068 G	0.00321	0.00106	0.99574
1069 A	0.00322	0.00104	0.99574
1070 A	0.00326	0.00098	0.99576
1071 T	0.00333	0.00089	0.99578
1072 A	0.00335	0.00088	0.99576
1073 C	0.00341	0.00083	0.99577
1074 T	0.00347	0.00081	0.99571
1075 A	0.00351	0.00084	0.99565
1076 T	0.00355	0.00083	0.99563
1077 A	0.00354	0.00085	0.99561
1078 G	0.00355	0.00085	0.9956
1079 G	0.00356	0.00085	0.99559
1080 T	0.00359	0.00082	0.99559
1081 A	0.00360	0.00085	0.99555
1082 A	0.00362	0.00087	0.99551
1083 T	0.00365	0.00090	0.99544
1084 T	0.00366	0.00097	0.99537
1085 T	0.00365	0.00112	0.99523
1086 A	0.00360	0.00138	0.99501
1087 T	0.00359	0.00146	0.99495
1088 T	0.00355	0.00161	0.99483
1089 A	0.00347	0.00172	0.9948
1090 A	0.00345	0.00175	0.9948
1091 G	0.00349	0.00168	0.99483
1092 T	0.00350	0.00168	0.99482
1093 C	0.00345	0.00172	0.99483
1094 G	0.00341	0.00178	0.99481
1095 T	0.00344	0.00176	0.99479
1096 A	0.00344	0.00181	0.99476
1097 C	0.00346	0.00180	0.99474
1098 T	0.00350	0.00182	0.99467
1099 T	0.00347	0.00196	0.99457
1100 T	0.00339	0.00213	0.99448
1101 A	0.00313	0.00251	0.99436
1102 G	0.00286	0.00291	0.99423
1103 G	0.00273	0.00312	0.99415
1104 A	0.00268	0.00333	0.99399
1105 A	0.00269	0.00351	0.9938
1106 T	0.00279	0.00354	0.99367
1107 G	0.00282	0.00373	0.99344
1108 A	0.00295	0.00413	0.99292
1109 T	0.00312	0.00443	0.99245
1110 A	0.00314	0.00478	0.99209
1111 G	0.00319	0.00483	0.99198
1112 T	0.00322	0.00497	0.99182
1113 T	0.00319	0.00519	0.99162
1114 A	0.00312	0.00552	0.99137
1115 A	0.00309	0.00582	0.99109
1116 A	0.00306	0.00613	0.99081
1117 T	0.00306	0.00651	0.99043
1118 A	0.00301	0.00715	0.98984
1119 T	0.00299	0.00770	0.98931
1120 A	0.00281	0.00864	0.98854
1121 A	0.00274	0.00939	0.98787
1122 T	0.00277	0.00956	0.98767
1123 A	0.00270	0.00976	0.98754
1124 A	0.00271	0.00971	0.98759
1125 T	0.00274	0.00954	0.98772
1126 G	0.00248	0.00988	0.98763
1127 G	0.00237	0.01011	0.98752
1128 A	0.00242	0.01043	0.98715
1129 G	0.00247	0.01071	0.98682
1130 A	0.00269	0.01112	0.98619
1131 A	0.00324	0.01130	0.98546
1132 T	0.00388	0.01104	0.98508
1133 T	0.00415	0.01102	0.98482
1134 A	0.00397	0.01165	0.98438
1135 A	0.00379	0.01219	0.98403
1136 G	0.00352	0.01281	0.98367
1137 A	0.00329	0.01378	0.98294
1138 A	0.00303	0.01482	0.98214
1139 A	0.00293	0.01574	0.98133
1140 A	0.00332	0.01568	0.981
1141 A	0.00390	0.01521	0.98089
1142 A	0.00443	0.01468	0.98089
1143 A	0.00513	0.01384	0.98104
1144 T	0.00578	0.01307	0.98116
1145 T	0.00590	0.01297	0.98112
1146 A	0.00578	0.01312	0.9811
1147 A	0.00577	0.01319	0.98104
1148 A	0.00583	0.01313	0.98105
1149 T	0.00597	0.01278	0.98125
1150 A	0.00599	0.01263	0.98139
1151 A	0.00632	0.01217	0.98151
1152 G	0.00661	0.01179	0.9816
1153 G	0.00724	0.01116	0.9816
1154 T	0.00809	0.01029	0.98163
1155 T	0.00845	0.00991	0.98164
1156 A	0.00844	0.00989	0.98167
1157 A	0.00858	0.00955	0.98187
1158 A	0.00884	0.00904	0.98211
1159 G	0.00923	0.00827	0.9825
1160 A	0.01003	0.00715	0.98282
1161 A	0.01090	0.00582	0.98327
1162 T	0.01183	0.00448	0.98369
1163 T	0.01218	0.00412	0.98371
1164 T	0.01228	0.00416	0.98356
1165 G	0.01219	0.00425	0.98356
1166 A	0.01210	0.00443	0.98347
1167 A	0.01210	0.00437	0.98353
1168 T	0.01225	0.00409	0.98367
1169 C	0.01239	0.00371	0.9839
1170 G	0.01256	0.00352	0.98392
1171 A	0.01269	0.00343	0.98388
1172 T	0.01281	0.00330	0.98389
1173 T	0.01287	0.00328	0.98386
1174 G	0.01290	0.00339	0.98372
1175 A	0.01297	0.00366	0.98338
1176 T	0.01309	0.00395	0.98296
1177 T	0.01313	0.00399	0.98288
1178 T	0.01316	0.00398	0.98286
1179 A	0.01314	0.00415	0.98272
1180 G	0.01313	0.00413	0.98274
1181 C	0.01312	0.00428	0.9826
1182 T	0.01300	0.00477	0.98223
1183 A	0.01295	0.00532	0.98173
1184 A	0.01297	0.00570	0.98132
1185 A	0.01302	0.00583	0.98116
1186 G	0.01315	0.00571	0.98114
1187 A	0.01336	0.00548	0.98117
1188 A	0.01351	0.00521	0.98128
1189 T	0.01374	0.00485	0.98141
1190 C	0.01383	0.00472	0.98145
1191 T	0.01394	0.00468	0.98139
1192 T	0.01398	0.00466	0.98136
1193 T	0.01403	0.00463	0.98133
1194 A	0.01405	0.00465	0.9813
1195 A	0.01410	0.00460	0.9813
1196 C	0.01419	0.00447	0.98133
1197 A	0.01433	0.00433	0.98134
1198 A	0.01477	0.00389	0.98135
1199 C	0.01531	0.00333	0.98135
1200 T	0.01555	0.00309	0.98135
1201 A	0.01572	0.00292	0.98136
1202 T	0.01618	0.00241	0.98141
1203 A	0.01634	0.00221	0.98146
1204 T	0.01657	0.00193	0.9815
1205 C	0.01676	0.00156	0.98168
1206 A	0.01713	0.00113	0.98174
1207 T	0.01744	0.00077	0.98179
1208 C	0.01756	0.00063	0.98181
1209 T	0.01758	0.00060	0.98181
1210 T	0.01756	0.00062	0.98181
1211 T	0.01752	0.00067	0.98181
1212 G	0.01739	0.00079	0.98182
1213 C	0.01730	0.00087	0.98182
1214 G	0.01726	0.00092	0.98182
1215 T	0.01726	0.00091	0.98183
1216 C	0.01724	0.00093	0.98182
1217 A	0.01724	0.00098	0.98178
1218 T	0.01722	0.00105	0.98174
1219 T	0.01718	0.00121	0.98161
1220 T	0.01714	0.00130	0.98156
1221 T	0.01708	0.00148	0.98144
1222 A	0.01689	0.00183	0.98128
1223 T	0.01677	0.00201	0.98123
1224 G	0.01651	0.00231	0.98118
1225 G	0.01637	0.00252	0.9811
1226 A	0.01632	0.00263	0.98106
1227 A	0.01628	0.00272	0.981
1228 G	0.01626	0.00274	0.98099
1229 A	0.01626	0.00280	0.98094
1230 T	0.01626	0.00286	0.98089
1231 T	0.01623	0.00305	0.98073
1232 A	0.01614	0.00344	0.98043
1233 T	0.01607	0.00361	0.98031
1234 A	0.01601	0.00391	0.98007
1235 A	0.01596	0.00397	0.98007
1236 A	0.01592	0.00401	0.98007
1237 G	0.01590	0.00395	0.98014
1238 T	0.01590	0.00398	0.98012
1239 G	0.01589	0.00399	0.98013
1240 A	0.01592	0.00396	0.98011
1241 G	0.01599	0.00388	0.98013
1242 T	0.01615	0.00371	0.98013
1243 G	0.01620	0.00362	0.98018
1244 A	0.01632	0.00346	0.98022
1245 T	0.01652	0.00310	0.98038
1246 T	0.01659	0.00291	0.9805
1247 C	0.01659	0.00275	0.98066
1248 T	0.01659	0.00285	0.98057
1249 A	0.01657	0.00309	0.98034
1250 T	0.01657	0.00319	0.98024
1251 A	0.01655	0.00340	0.98004
1252 G	0.01660	0.00351	0.9799
1253 A	0.01668	0.00350	0.97981
1254 A	0.01689	0.00330	0.97981
1255 T	0.01723	0.00288	0.97989
1256 G	0.01732	0.00277	0.97991
1257 T	0.01759	0.00250	0.97992
1258 G	0.01765	0.00249	0.97987
1259 T	0.01774	0.00248	0.97978
1260 A	0.01772	0.00268	0.9796
1261 T	0.01773	0.00289	0.97938
1262 T	0.01769	0.00307	0.97924
1263 A	0.01751	0.00348	0.97901
1264 A	0.01741	0.00402	0.97857
1265 A	0.01732	0.00460	0.97809
1266 A	0.01727	0.00483	0.9779
1267 T	0.01728	0.00484	0.97788
1268 T	0.01728	0.00485	0.97787
1269 A	0.01716	0.00495	0.9779
1270 G	0.01716	0.00489	0.97795
1271 C	0.01730	0.00467	0.97803
1272 T	0.01753	0.00442	0.97805
1273 C	0.01761	0.00432	0.97807
1274 G	0.01779	0.00416	0.97805
1275 T	0.01795	0.00401	0.97804
1276 T	0.01803	0.00396	0.97802
1277 T	0.01804	0.00397	0.978
1278 A	0.01798	0.00408	0.97793
1279 T	0.01804	0.00401	0.97795
1280 G	0.01804	0.00410	0.97786
1281 T	0.01812	0.00422	0.97767
1282 A	0.01815	0.00472	0.97714
1283 A	0.01829	0.00512	0.97659
1284 T	0.01847	0.00567	0.97586
1285 A	0.01852	0.00650	0.97498
1286 A	0.01868	0.00673	0.97459
1287 A	0.01908	0.00651	0.97441
1288 T	0.01958	0.00613	0.97429
1289 A	0.01972	0.00628	0.974
1290 T	0.01964	0.00663	0.97373
1291 A	0.01937	0.00755	0.97309
1292 T	0.01928	0.00813	0.97259
1293 T	0.01911	0.00864	0.97225
1294 G	0.01879	0.00923	0.97198
1295 A	0.01861	0.00983	0.97156
1296 T	0.01856	0.01013	0.97132
1297 T	0.01849	0.01021	0.9713
1298 T	0.01832	0.01040	0.97129
1299 A	0.01785	0.01089	0.97126
1300 A	0.01743	0.01131	0.97126
1301 C	0.01725	0.01143	0.97131
1302 G	0.01721	0.01146	0.97133
1303 G	0.01731	0.01133	0.97135
1304 A	0.01757	0.01106	0.97137
1305 A	0.01814	0.01046	0.9714
1306 C	0.01879	0.00975	0.97146
1307 C	0.01965	0.00881	0.97155
1308 T	0.02057	0.00790	0.97154
1309 T	0.02107	0.00761	0.97133
1310 G	0.02126	0.00772	0.97102
1311 G	0.02146	0.00801	0.97053
1312 A	0.02177	0.00868	0.96955
1313 A	0.02215	0.00844	0.96941
1314 T	0.02303	0.00742	0.96955
1315 T	0.02384	0.00667	0.96949
1316 T	0.02408	0.00647	0.96944
1317 G	0.02388	0.00674	0.96939
1318 A	0.02361	0.00782	0.96856
1319 T	0.02340	0.00855	0.96804
1320 T	0.02251	0.01110	0.9664
1321 A	0.02037	0.01609	0.96354
1322 A	0.01832	0.02000	0.96168
1323 A	0.01705	0.02206	0.96089
1324 A	0.01602	0.02369	0.96029
1325 G	0.01509	0.02557	0.95935
1326 T	0.01452	0.02795	0.95754
1327 A	0.01317	0.03221	0.95463
1328 A	0.01255	0.03319	0.95427
1329 A	0.01221	0.03370	0.9541
