# lcl|CP097583.1_cds_USQ93341.1_1
# AA	inside	membr	outside
1 A	0.12756	0.00000	0.87243
2 T	0.12602	0.00154	0.87243
3 G	0.12469	0.00288	0.87243
4 C	0.12469	0.01439	0.86092
5 A	0.10924	0.05899	0.83177
6 A	0.10924	0.06325	0.82751
7 A	0.10231	0.07120	0.82649
8 A	0.10231	0.07120	0.82648
9 G	0.10210	0.07149	0.8264
10 A	0.10210	0.07240	0.8255
11 T	0.10208	0.07244	0.82547
12 G	0.10011	0.07442	0.82546
13 T	0.09717	0.07744	0.82538
14 C	0.09717	0.07744	0.82538
15 T	0.09717	0.08257	0.82026
16 A	0.09683	0.08291	0.82026
17 A	0.09650	0.08335	0.82015
18 A	0.09649	0.08361	0.8199
19 T	0.09635	0.08394	0.81972
20 A	0.09463	0.09129	0.81408
21 T	0.08553	0.10024	0.81423
22 T	0.08529	0.10069	0.81402
23 T	0.08378	0.10225	0.81397
24 A	0.07926	0.10644	0.8143
25 A	0.07789	0.10461	0.8175
26 G	0.07716	0.10299	0.81984
27 T	0.08789	0.08873	0.82338
28 C	0.11049	0.05430	0.8352
29 C	0.11372	0.05096	0.83532
30 T	0.11408	0.05075	0.83516
31 T	0.11182	0.05728	0.8309
32 T	0.10787	0.06426	0.82787
33 T	0.09444	0.08172	0.82384
34 A	0.06896	0.10858	0.82246
35 A	0.06008	0.11626	0.82367
36 A	0.05516	0.11928	0.82556
37 A	0.05220	0.12285	0.82496
38 C	0.05389	0.12104	0.82506
39 A	0.05079	0.12482	0.82438
40 A	0.04986	0.12589	0.82426
41 A	0.04980	0.12601	0.82419
42 A	0.04986	0.12623	0.8239
43 A	0.05476	0.12025	0.82499
44 T	0.05486	0.11096	0.83418
45 A	0.05524	0.10920	0.83556
46 A	0.05584	0.10580	0.83835
47 T	0.05628	0.10067	0.84306
48 A	0.05635	0.09817	0.84548
49 A	0.05647	0.09615	0.84739
50 T	0.05723	0.09350	0.84927
51 T	0.05777	0.09055	0.85167
52 A	0.05828	0.08759	0.85413
53 G	0.06028	0.08119	0.85853
54 T	0.06441	0.07149	0.8641
55 A	0.06659	0.06442	0.86899
56 T	0.07025	0.04756	0.88219
57 T	0.07167	0.02605	0.90228
58 G	0.07216	0.01782	0.91002
59 T	0.07292	0.01294	0.91414
60 T	0.07372	0.01016	0.91612
61 T	0.07387	0.00891	0.91723
62 T	0.07432	0.00677	0.91891
63 A	0.07445	0.00677	0.91879
64 A	0.07458	0.00680	0.91862
65 T	0.07508	0.00667	0.91825
66 T	0.07518	0.00749	0.91733
67 T	0.07523	0.00895	0.91582
68 T	0.07512	0.01044	0.91444
69 T	0.07490	0.01166	0.91343
70 T	0.07447	0.01476	0.91077
71 T	0.07400	0.01922	0.90678
72 A	0.07244	0.02330	0.90426
73 A	0.07161	0.02430	0.90409
74 T	0.07129	0.02464	0.90407
75 T	0.07091	0.02507	0.90401
76 G	0.07063	0.02553	0.90383
77 C	0.07055	0.02578	0.90366
78 T	0.07058	0.02605	0.90338
79 G	0.07057	0.02632	0.9031
80 T	0.07062	0.02670	0.90268
81 A	0.07048	0.02690	0.90262
82 A	0.07059	0.02681	0.9026
83 T	0.07120	0.02608	0.90272
84 T	0.07174	0.02548	0.90278
85 C	0.07186	0.02524	0.9029
86 A	0.07274	0.02440	0.90286
87 A	0.07356	0.02364	0.9028
88 T	0.07470	0.02269	0.90261
89 G	0.07583	0.02191	0.90226
90 T	0.07840	0.01991	0.90169
91 T	0.08007	0.01886	0.90107
92 A	0.08052	0.01946	0.90001
93 T	0.08244	0.01722	0.90035
94 A	0.08504	0.01423	0.90073
95 T	0.08689	0.01086	0.90225
96 T	0.08635	0.01079	0.90286
97 C	0.08561	0.01137	0.90301
98 C	0.08319	0.01415	0.90266
99 A	0.08187	0.01644	0.90169
100 T	0.08134	0.01730	0.90137
101 T	0.07978	0.01932	0.9009
102 A	0.07691	0.02297	0.90012
103 T	0.07479	0.02576	0.89946
104 T	0.07269	0.02956	0.89775
105 T	0.06862	0.03518	0.8962
106 G	0.06130	0.04347	0.89523
107 A	0.05798	0.04775	0.89427
108 A	0.05577	0.05069	0.89354
109 G	0.05217	0.05470	0.89313
110 G	0.04990	0.05732	0.89279
111 A	0.04873	0.05852	0.89275
112 A	0.04789	0.05934	0.89277
113 A	0.04764	0.05948	0.89289
114 A	0.04785	0.05902	0.89313
115 C	0.04869	0.05763	0.89368
116 A	0.04888	0.05735	0.89377
117 A	0.04909	0.05689	0.89403
118 A	0.04939	0.05628	0.89433
119 T	0.05017	0.05466	0.89518
120 T	0.05048	0.05369	0.89583
121 T	0.05049	0.05093	0.89858
122 T	0.04941	0.05011	0.90047
123 A	0.04630	0.05207	0.90163
124 G	0.04491	0.05036	0.90473
125 A	0.04483	0.04634	0.90883
126 C	0.04553	0.04026	0.91421
127 T	0.04801	0.03594	0.91604
128 T	0.04974	0.03185	0.91841
129 T	0.05007	0.02881	0.92112
130 A	0.04940	0.02872	0.92187
131 T	0.04852	0.02910	0.92239
132 T	0.04701	0.02845	0.92454
133 A	0.04278	0.03495	0.92228
134 A	0.04087	0.03738	0.92174
135 T	0.03910	0.04057	0.92034
136 A	0.03426	0.04860	0.91714
137 A	0.02899	0.05661	0.9144
138 T	0.02732	0.06063	0.91204
139 A	0.02314	0.06987	0.907
140 A	0.02009	0.07769	0.90222
141 A	0.01883	0.08058	0.9006
142 G	0.01848	0.08180	0.89972
143 A	0.01826	0.08282	0.89892
144 A	0.01827	0.08223	0.89949
145 A	0.01825	0.08068	0.90107
146 A	0.01841	0.07748	0.90412
147 T	0.01853	0.07567	0.9058
148 C	0.01807	0.07517	0.90676
149 A	0.01752	0.07621	0.90628
150 T	0.01738	0.07670	0.90593
151 A	0.01706	0.07778	0.90515
152 A	0.01730	0.07783	0.90487
153 G	0.01822	0.07659	0.90518
154 G	0.01935	0.07498	0.90567
155 A	0.02098	0.07371	0.90531
156 T	0.02553	0.06549	0.90898
157 A	0.02690	0.06291	0.91018
158 A	0.02826	0.05983	0.91191
159 A	0.03122	0.05228	0.9165
160 C	0.03411	0.04358	0.92231
161 A	0.03650	0.04001	0.92349
162 A	0.04149	0.03208	0.92642
163 T	0.04644	0.02473	0.92884
164 C	0.04767	0.02253	0.92979
165 T	0.04834	0.02180	0.92986
166 T	0.04838	0.02156	0.93005
167 A	0.04730	0.02256	0.93013
168 T	0.04648	0.02328	0.93024
169 A	0.04542	0.02427	0.93032
170 A	0.04465	0.02458	0.93077
171 A	0.04423	0.02408	0.93169
172 G	0.04476	0.02255	0.93269
173 C	0.04553	0.02113	0.93334
174 A	0.04638	0.01996	0.93365
175 C	0.04737	0.01872	0.93391
176 A	0.04818	0.01787	0.93396
177 T	0.05015	0.01583	0.93401
178 A	0.05189	0.01409	0.93401
179 T	0.05272	0.01296	0.93431
180 T	0.05328	0.01198	0.93473
181 T	0.05355	0.01027	0.93617
182 T	0.05363	0.00927	0.9371
183 G	0.05343	0.00887	0.9377
184 T	0.05347	0.00849	0.93804
185 T	0.05346	0.00812	0.93841
186 T	0.05344	0.00791	0.93865
187 T	0.05339	0.00755	0.93906
188 T	0.05322	0.00738	0.93939
189 T	0.05276	0.00730	0.93994
190 T	0.05187	0.00749	0.94064
191 T	0.05101	0.00780	0.94119
192 A	0.04982	0.00838	0.94179
193 A	0.04929	0.00826	0.94245
194 G	0.04874	0.00827	0.94299
195 T	0.04847	0.00828	0.94325
196 A	0.04808	0.00855	0.94337
197 T	0.04787	0.00852	0.94362
198 A	0.04753	0.00873	0.94374
199 A	0.04746	0.00873	0.94381
200 A	0.04747	0.00866	0.94387
201 T	0.04753	0.00845	0.94402
202 G	0.04755	0.00833	0.94412
203 T	0.04763	0.00816	0.94421
204 T	0.04769	0.00808	0.94423
205 A	0.04771	0.00801	0.94428
206 T	0.04777	0.00777	0.94446
207 T	0.04778	0.00773	0.94449
208 T	0.04773	0.00780	0.94448
209 T	0.04764	0.00787	0.9445
210 A	0.04737	0.00828	0.94436
211 T	0.04723	0.00842	0.94435
212 A	0.04669	0.00919	0.94412
213 T	0.04648	0.00873	0.94479
214 T	0.04624	0.00841	0.94536
215 T	0.04578	0.00835	0.94587
216 A	0.04475	0.00939	0.94586
217 T	0.04421	0.00961	0.94618
218 T	0.04338	0.01019	0.94642
219 A	0.04230	0.01100	0.94669
220 T	0.04167	0.01143	0.9469
221 G	0.04037	0.01247	0.94716
222 C	0.03946	0.01331	0.94724
223 G	0.03843	0.01440	0.94718
224 C	0.03822	0.01474	0.94703
225 A	0.03801	0.01545	0.94653
226 A	0.03784	0.01631	0.94584
227 T	0.03780	0.01706	0.94515
228 A	0.03765	0.01768	0.94467
229 G	0.03737	0.01826	0.94438
230 G	0.03733	0.01837	0.94431
231 T	0.03750	0.01821	0.9443
232 A	0.03756	0.01809	0.94436
233 A	0.03785	0.01757	0.94458
234 A	0.03832	0.01686	0.94483
235 T	0.03944	0.01503	0.94554
236 T	0.03980	0.01418	0.94602
237 T	0.03993	0.01389	0.94619
238 A	0.03986	0.01400	0.94614
239 T	0.04000	0.01299	0.94702
240 T	0.03984	0.01268	0.94748
241 T	0.03952	0.01232	0.94816
242 A	0.03919	0.01194	0.94887
243 T	0.03898	0.01160	0.94942
244 A	0.03862	0.01105	0.95032
245 A	0.03844	0.01045	0.95111
246 C	0.03844	0.00942	0.95213
247 A	0.03842	0.00945	0.95212
248 A	0.03885	0.00894	0.95221
249 A	0.03962	0.00807	0.95232
250 T	0.04047	0.00715	0.95238
251 T	0.04072	0.00690	0.95238
252 T	0.04069	0.00677	0.95254
253 T	0.04036	0.00783	0.95181
254 T	0.03912	0.01020	0.95068
255 A	0.03587	0.01546	0.94867
256 A	0.03395	0.01798	0.94807
257 T	0.03324	0.01901	0.94776
258 A	0.03156	0.02124	0.94721
259 A	0.03023	0.02258	0.94719
260 A	0.02963	0.02302	0.94735
261 T	0.02940	0.02291	0.94769
262 T	0.02814	0.02383	0.94802
263 C	0.02673	0.02489	0.94838
264 C	0.02538	0.02605	0.94857
265 A	0.02440	0.02699	0.94861
266 T	0.02397	0.02735	0.94868
267 T	0.02340	0.02782	0.94878
268 C	0.02255	0.02863	0.94882
269 A	0.02179	0.02942	0.94879
270 T	0.02161	0.02949	0.9489
271 A	0.02102	0.03021	0.94876
272 A	0.01997	0.03143	0.9486
273 A	0.01951	0.03199	0.9485
274 G	0.01942	0.03158	0.94899
275 G	0.01909	0.03141	0.94949
276 A	0.01942	0.03075	0.94983
277 A	0.02037	0.02875	0.95088
278 T	0.02228	0.02406	0.95367
279 T	0.02235	0.02244	0.95521
280 A	0.02146	0.02289	0.95564
281 A	0.02130	0.02175	0.95696
282 A	0.02084	0.02095	0.95822
283 A	0.02056	0.02040	0.95904
284 A	0.02019	0.01991	0.95991
285 T	0.02000	0.01846	0.96153
286 A	0.01922	0.01776	0.96302
287 T	0.01866	0.01654	0.96481
288 G	0.01708	0.01683	0.96609
289 C	0.01593	0.01705	0.96702
290 G	0.01516	0.01748	0.96736
291 T	0.01484	0.01745	0.96772
292 C	0.01404	0.01810	0.96786
293 A	0.01359	0.01878	0.96763
294 A	0.01336	0.01918	0.96746
295 G	0.01343	0.01875	0.96782
296 A	0.01352	0.01926	0.96722
297 T	0.01376	0.01914	0.9671
298 A	0.01388	0.01859	0.96753
299 T	0.01420	0.01768	0.96812
300 T	0.01442	0.01743	0.96815
301 T	0.01443	0.01788	0.96769
302 A	0.01431	0.01855	0.96714
303 T	0.01434	0.01889	0.96677
304 A	0.01418	0.01975	0.96607
305 A	0.01390	0.02001	0.96609
306 A	0.01254	0.02151	0.96595
307 A	0.01163	0.02257	0.9658
308 A	0.01114	0.02327	0.9656
309 A	0.01084	0.02298	0.96618
310 A	0.01079	0.02235	0.96686
311 T	0.01085	0.02070	0.96845
312 T	0.01081	0.01966	0.96953
313 A	0.01066	0.01923	0.97011
314 A	0.01066	0.01890	0.97044
315 T	0.01087	0.01798	0.97115
316 A	0.01100	0.01744	0.97156
317 G	0.01139	0.01669	0.97192
318 A	0.01219	0.01570	0.9721
319 T	0.01339	0.01432	0.97229
320 T	0.01386	0.01372	0.97242
321 A	0.01417	0.01325	0.97259
322 C	0.01461	0.01259	0.9728
323 C	0.01505	0.01207	0.97288
324 T	0.01568	0.01144	0.97288
325 A	0.01635	0.01082	0.97283
326 T	0.01766	0.00948	0.97286
327 T	0.01843	0.00867	0.9729
328 A	0.01858	0.00827	0.97315
329 A	0.01888	0.00643	0.97469
330 A	0.01936	0.00479	0.97586
331 T	0.02000	0.00352	0.97648
332 T	0.02031	0.00283	0.97687
333 T	0.02041	0.00255	0.97704
334 T	0.02036	0.00267	0.97697
335 T	0.02025	0.00275	0.97699
336 T	0.02006	0.00280	0.97714
337 G	0.01878	0.00401	0.97721
338 A	0.01796	0.00482	0.97721
339 T	0.01745	0.00529	0.97726
340 C	0.01672	0.00599	0.9773
341 A	0.01627	0.00647	0.97726
342 A	0.01591	0.00684	0.97725
343 A	0.01570	0.00705	0.97725
344 A	0.01564	0.00706	0.9773
345 T	0.01561	0.00705	0.97735
346 A	0.01552	0.00699	0.9775
347 C	0.01552	0.00675	0.97773
348 T	0.01555	0.00661	0.97785
349 G	0.01544	0.00666	0.9779
350 T	0.01539	0.00660	0.978
351 T	0.01519	0.00672	0.97809
352 G	0.01503	0.00684	0.97813
353 G	0.01497	0.00676	0.97828
354 C	0.01492	0.00671	0.97837
355 G	0.01491	0.00669	0.97839
356 A	0.01497	0.00662	0.97841
357 T	0.01512	0.00636	0.97853
358 G	0.01505	0.00640	0.97855
359 T	0.01500	0.00637	0.97863
360 T	0.01481	0.00538	0.9798
361 A	0.01452	0.00508	0.9804
362 T	0.01446	0.00471	0.98083
363 G	0.01429	0.00461	0.9811
364 A	0.01417	0.00536	0.98046
365 A	0.01412	0.00556	0.98032
366 T	0.01407	0.00589	0.98004
367 A	0.01378	0.00657	0.97965
368 A	0.01358	0.00684	0.97959
369 A	0.01332	0.00714	0.97954
370 A	0.01321	0.00717	0.97963
371 T	0.01318	0.00705	0.97977
372 G	0.01313	0.00693	0.97995
373 A	0.01311	0.00684	0.98005
374 C	0.01312	0.00661	0.98027
375 T	0.01312	0.00653	0.98034
376 A	0.01311	0.00653	0.98036
377 A	0.01312	0.00649	0.98039
378 T	0.01316	0.00642	0.98042
379 A	0.01318	0.00641	0.98041
380 A	0.01322	0.00626	0.98052
381 T	0.01339	0.00581	0.98079
382 G	0.01347	0.00557	0.98096
383 T	0.01366	0.00514	0.9812
384 C	0.01386	0.00467	0.98147
385 G	0.01407	0.00443	0.9815
386 A	0.01443	0.00404	0.98153
387 T	0.01551	0.00291	0.98158
388 A	0.01587	0.00259	0.98154
389 T	0.01636	0.00213	0.98151
390 T	0.01673	0.00166	0.98161
391 A	0.01680	0.00144	0.98176
392 T	0.01688	0.00112	0.982
393 T	0.01686	0.00105	0.98209
394 T	0.01683	0.00106	0.98211
395 C	0.01678	0.00109	0.98214
396 T	0.01663	0.00132	0.98206
397 A	0.01650	0.00156	0.98194
398 A	0.01641	0.00171	0.98189
399 T	0.01638	0.00175	0.98187
400 G	0.01637	0.00182	0.98182
401 G	0.01636	0.00185	0.98179
402 A	0.01636	0.00184	0.9818
403 T	0.01636	0.00183	0.98181
404 T	0.01635	0.00183	0.98181
405 A	0.01624	0.00193	0.98182
406 C	0.01616	0.00200	0.98183
407 A	0.01610	0.00206	0.98184
408 A	0.01608	0.00207	0.98185
409 C	0.01611	0.00204	0.98185
410 A	0.01614	0.00201	0.98185
411 A	0.01622	0.00193	0.98185
412 A	0.01632	0.00182	0.98186
413 C	0.01652	0.00160	0.98188
414 T	0.01661	0.00150	0.98188
415 T	0.01666	0.00142	0.98191
416 T	0.01671	0.00133	0.98196
417 T	0.01673	0.00126	0.98201
418 G	0.01675	0.00119	0.98206
419 C	0.01681	0.00093	0.98226
420 T	0.01692	0.00071	0.98236
421 T	0.01699	0.00058	0.98243
422 C	0.01701	0.00053	0.98246
423 T	0.01706	0.00047	0.98247
424 A	0.01707	0.00046	0.98247
425 T	0.01708	0.00043	0.98249
426 T	0.01708	0.00042	0.98251
427 A	0.01708	0.00041	0.98251
428 T	0.01708	0.00028	0.98263
429 T	0.01708	0.00020	0.98272
430 T	0.01708	0.00014	0.98277
431 G	0.01707	0.00012	0.98281
432 T	0.01707	0.00011	0.98282
433 G	0.01706	0.00012	0.98283
434 C	0.01705	0.00012	0.98283
435 T	0.01705	0.00012	0.98283
436 T	0.01705	0.00012	0.98282
437 T	0.01704	0.00013	0.98282
438 T	0.01704	0.00015	0.98281
439 T	0.01702	0.00017	0.98281
440 T	0.01701	0.00019	0.98281
441 T	0.01698	0.00021	0.9828
442 A	0.01695	0.00026	0.98279
443 A	0.01694	0.00027	0.98279
444 T	0.01692	0.00029	0.98279
445 A	0.01691	0.00030	0.98279
446 T	0.01691	0.00030	0.9828
447 A	0.01690	0.00030	0.9828
448 G	0.01689	0.00030	0.98281
449 C	0.01690	0.00029	0.98281
450 T	0.01690	0.00029	0.98281
451 A	0.01690	0.00028	0.98281
452 T	0.01691	0.00028	0.98281
453 T	0.01691	0.00027	0.98282
454 T	0.01691	0.00027	0.98282
455 T	0.01691	0.00026	0.98283
456 A	0.01690	0.00027	0.98283
457 T	0.01689	0.00027	0.98285
458 T	0.01688	0.00027	0.98285
459 A	0.01687	0.00028	0.98285
460 G	0.01686	0.00028	0.98286
461 T	0.01687	0.00025	0.98287
462 T	0.01687	0.00023	0.9829
463 T	0.01687	0.00022	0.98291
464 G	0.01686	0.00020	0.98294
465 C	0.01687	0.00017	0.98296
466 A	0.01687	0.00016	0.98297
467 T	0.01687	0.00016	0.98297
468 G	0.01687	0.00015	0.98298
469 T	0.01687	0.00015	0.98298
470 T	0.01687	0.00016	0.98298
471 G	0.01686	0.00016	0.98298
472 T	0.01686	0.00016	0.98298
473 T	0.01686	0.00017	0.98298
474 A	0.01685	0.00017	0.98297
475 G	0.01685	0.00018	0.98297
476 T	0.01685	0.00018	0.98297
477 T	0.01685	0.00018	0.98297
478 A	0.01685	0.00018	0.98297
479 A	0.01684	0.00018	0.98298
480 T	0.01684	0.00017	0.98299
481 T	0.01684	0.00016	0.983
482 G	0.01684	0.00014	0.98302
483 G	0.01684	0.00013	0.98303
484 C	0.01684	0.00012	0.98303
485 G	0.01684	0.00012	0.98303
486 T	0.01684	0.00012	0.98304
487 T	0.01684	0.00012	0.98304
488 T	0.01684	0.00012	0.98304
489 A	0.01684	0.00013	0.98303
490 G	0.01684	0.00012	0.98304
491 G	0.01685	0.00012	0.98304
492 T	0.01686	0.00011	0.98304
493 T	0.01686	0.00010	0.98303
494 T	0.01687	0.00010	0.98303
495 T	0.01687	0.00009	0.98303
496 G	0.01688	0.00009	0.98303
497 T	0.01688	0.00009	0.98303
498 T	0.01688	0.00009	0.98303
499 A	0.01688	0.00009	0.98303
500 T	0.01689	0.00008	0.98303
501 T	0.01689	0.00008	0.98304
502 T	0.01689	0.00007	0.98304
503 C	0.01688	0.00008	0.98304
504 T	0.01688	0.00008	0.98304
505 T	0.01687	0.00009	0.98304
506 T	0.01682	0.00014	0.98304
507 A	0.01674	0.00023	0.98303
508 A	0.01671	0.00026	0.98303
509 T	0.01670	0.00027	0.98303
510 G	0.01668	0.00029	0.98303
511 A	0.01667	0.00030	0.98303
512 T	0.01668	0.00029	0.98303
513 T	0.01668	0.00029	0.98303
514 C	0.01668	0.00029	0.98303
515 C	0.01669	0.00028	0.98303
516 T	0.01669	0.00028	0.98303
517 T	0.01670	0.00027	0.98303
518 T	0.01670	0.00027	0.98303
519 T	0.01670	0.00027	0.98303
520 T	0.01670	0.00027	0.98303
521 C	0.01670	0.00027	0.98303
522 T	0.01669	0.00027	0.98303
523 C	0.01669	0.00028	0.98304
524 T	0.01669	0.00028	0.98304
525 T	0.01668	0.00028	0.98304
526 A	0.01668	0.00029	0.98303
527 T	0.01668	0.00029	0.98303
528 T	0.01667	0.00031	0.98302
529 G	0.01661	0.00037	0.98302
530 T	0.01658	0.00036	0.98305
531 G	0.01654	0.00040	0.98307
532 A	0.01653	0.00043	0.98304
533 T	0.01653	0.00044	0.98303
534 C	0.01652	0.00046	0.98301
535 T	0.01652	0.00063	0.98286
536 T	0.01652	0.00081	0.98268
537 T	0.01651	0.00112	0.98237
538 A	0.01650	0.00193	0.98157
539 T	0.01649	0.00233	0.98118
540 T	0.01644	0.00284	0.98072
541 A	0.01638	0.00334	0.98028
542 T	0.01622	0.00354	0.98024
543 T	0.01586	0.00395	0.98019
544 A	0.01538	0.00446	0.98015
545 A	0.01502	0.00484	0.98013
546 C	0.01477	0.00510	0.98013
547 A	0.01463	0.00528	0.98009
548 G	0.01454	0.00538	0.98007
549 A	0.01453	0.00542	0.98005
550 A	0.01453	0.00542	0.98004
551 A	0.01455	0.00540	0.98005
552 A	0.01461	0.00528	0.98011
553 T	0.01467	0.00518	0.98015
554 C	0.01470	0.00511	0.98019
555 T	0.01475	0.00505	0.9802
556 C	0.01477	0.00503	0.9802
557 G	0.01481	0.00498	0.9802
558 T	0.01499	0.00481	0.98021
559 C	0.01519	0.00461	0.9802
560 A	0.01552	0.00428	0.9802
561 T	0.01643	0.00337	0.9802
562 A	0.01679	0.00300	0.98021
563 T	0.01720	0.00250	0.9803
564 T	0.01747	0.00217	0.98036
565 T	0.01750	0.00192	0.98058
566 T	0.01750	0.00163	0.98087
567 T	0.01747	0.00126	0.98127
568 A	0.01737	0.00114	0.98149
569 T	0.01732	0.00101	0.98167
570 T	0.01706	0.00122	0.98171
571 C	0.01631	0.00199	0.9817
572 A	0.01513	0.00358	0.98129
573 A	0.01309	0.00579	0.98112
574 A	0.01167	0.00749	0.98084
575 G	0.01107	0.00811	0.98082
576 A	0.01049	0.00876	0.98075
577 T	0.00975	0.00954	0.98071
578 T	0.00890	0.01044	0.98066
579 C	0.00760	0.01186	0.98054
580 G	0.00665	0.01345	0.9799
581 A	0.00611	0.01436	0.97952
582 T	0.00576	0.01493	0.97931
583 A	0.00528	0.01545	0.97927
584 A	0.00510	0.01565	0.97925
585 A	0.00504	0.01570	0.97926
586 A	0.00501	0.01571	0.97927
587 C	0.00501	0.01567	0.97932
588 A	0.00505	0.01561	0.97934
589 T	0.00517	0.01544	0.97939
590 C	0.00519	0.01535	0.97946
591 T	0.00525	0.01526	0.97949
592 G	0.00528	0.01522	0.9795
593 A	0.00533	0.01501	0.97966
594 A	0.00541	0.01449	0.9801
595 T	0.00579	0.01323	0.98099
596 A	0.00590	0.01112	0.98298
597 T	0.00613	0.00930	0.98457
598 A	0.00613	0.00868	0.98519
599 A	0.00622	0.00785	0.98593
600 T	0.00637	0.00638	0.98725
601 G	0.00645	0.00507	0.98848
602 G	0.00663	0.00369	0.98969
603 T	0.00729	0.00243	0.99028
604 T	0.00755	0.00204	0.99041
605 T	0.00767	0.00192	0.9904
606 T	0.00768	0.00166	0.99066
607 T	0.00763	0.00176	0.99061
608 T	0.00753	0.00197	0.99049
609 A	0.00722	0.00252	0.99026
610 C	0.00701	0.00328	0.9897
611 A	0.00625	0.00640	0.98735
612 A	0.00576	0.00835	0.9859
613 G	0.00501	0.01074	0.98425
614 A	0.00429	0.01523	0.98049
615 A	0.00378	0.02017	0.97605
616 A	0.00366	0.02191	0.97443
617 A	0.00365	0.02257	0.97379
618 A	0.00366	0.02323	0.9731
619 T	0.00371	0.02341	0.97287
620 T	0.00372	0.02342	0.97286
621 T	0.00371	0.02345	0.97285
622 A	0.00364	0.02353	0.97283
623 A	0.00361	0.02357	0.97282
624 C	0.00361	0.02354	0.97285
625 G	0.00364	0.02351	0.97285
626 G	0.00374	0.02340	0.97285
627 T	0.00401	0.02313	0.97285
628 C	0.00420	0.02295	0.97286
629 A	0.00428	0.02289	0.97283
630 T	0.00448	0.02264	0.97288
631 A	0.00458	0.02247	0.97295
632 A	0.00480	0.02206	0.97315
633 A	0.00549	0.02121	0.9733
634 G	0.00779	0.01807	0.97414
635 A	0.00925	0.01618	0.97457
636 A	0.01107	0.01368	0.97525
637 A	0.01506	0.00913	0.97581
638 T	0.01976	0.00408	0.97615
639 T	0.02115	0.00280	0.97605
640 A	0.02140	0.00301	0.97559
641 T	0.02189	0.00272	0.97539
642 T	0.02178	0.00315	0.97507
643 T	0.02126	0.00411	0.97463
644 T	0.02052	0.00510	0.97438
645 A	0.01887	0.00718	0.97396
646 T	0.01776	0.00853	0.97371
647 A	0.01639	0.01006	0.97354
648 T	0.01524	0.01123	0.97352
649 A	0.01175	0.01477	0.97347
650 A	0.00923	0.01735	0.97342
651 T	0.00863	0.01794	0.97343
652 C	0.00742	0.01916	0.97342
653 A	0.00552	0.02117	0.97331
654 A	0.00432	0.02240	0.97328
655 C	0.00368	0.02305	0.97327
656 A	0.00288	0.02390	0.97322
657 A	0.00208	0.02472	0.97319
658 A	0.00158	0.02524	0.97317
659 A	0.00154	0.02530	0.97315
660 A	0.00162	0.02524	0.97313
661 A	0.00181	0.02503	0.97316
662 A	0.00214	0.02457	0.97329
663 T	0.00280	0.02359	0.97362
664 A	0.00308	0.02301	0.9739
665 T	0.00358	0.02187	0.97455
666 T	0.00389	0.02086	0.97525
667 A	0.00387	0.02008	0.97605
668 T	0.00403	0.01837	0.9776
669 T	0.00397	0.01728	0.97874
670 A	0.00369	0.01657	0.97974
671 A	0.00336	0.01600	0.98064
672 A	0.00329	0.01334	0.98337
673 G	0.00328	0.01123	0.98549
674 A	0.00312	0.01093	0.98595
675 A	0.00307	0.00988	0.98705
676 T	0.00319	0.00796	0.98885
677 T	0.00308	0.00708	0.98984
678 T	0.00287	0.00681	0.99032
679 A	0.00268	0.00656	0.99076
680 A	0.00259	0.00607	0.99133
681 A	0.00253	0.00575	0.99172
682 G	0.00252	0.00574	0.99175
683 A	0.00253	0.00586	0.99161
684 T	0.00249	0.00613	0.99137
685 A	0.00235	0.00660	0.99105
686 T	0.00232	0.00707	0.99061
687 T	0.00222	0.00724	0.99054
688 A	0.00201	0.00744	0.99055
689 A	0.00195	0.00739	0.99066
690 T	0.00196	0.00707	0.99097
691 C	0.00192	0.00689	0.99119
692 A	0.00194	0.00679	0.99127
693 A	0.00207	0.00648	0.99144
694 G	0.00227	0.00607	0.99166
695 A	0.00252	0.00578	0.9917
696 T	0.00295	0.00530	0.99174
697 T	0.00331	0.00472	0.99197
698 T	0.00348	0.00441	0.99212
699 A	0.00352	0.00429	0.9922
700 T	0.00359	0.00404	0.99237
701 C	0.00359	0.00385	0.99256
702 T	0.00352	0.00389	0.99259
703 A	0.00340	0.00406	0.99255
704 A	0.00344	0.00401	0.99255
705 A	0.00354	0.00389	0.99257
706 A	0.00376	0.00365	0.99259
707 T	0.00412	0.00315	0.99273
708 G	0.00443	0.00265	0.99292
709 A	0.00488	0.00212	0.993
710 T	0.00506	0.00182	0.99312
711 T	0.00513	0.00158	0.99329
712 T	0.00515	0.00150	0.99334
713 T	0.00516	0.00147	0.99337
714 T	0.00512	0.00146	0.99341
715 A	0.00506	0.00150	0.99344
716 A	0.00500	0.00153	0.99346
717 A	0.00499	0.00153	0.99348
718 T	0.00504	0.00146	0.99351
719 C	0.00505	0.00143	0.99353
720 A	0.00505	0.00143	0.99351
721 A	0.00508	0.00140	0.99353
722 A	0.00513	0.00132	0.99355
723 T	0.00522	0.00121	0.99358
724 T	0.00528	0.00111	0.99362
725 T	0.00533	0.00085	0.99381
726 T	0.00537	0.00062	0.99401
727 T	0.00539	0.00050	0.99411
728 T	0.00539	0.00044	0.99417
729 C	0.00535	0.00044	0.99421
730 T	0.00533	0.00045	0.99421
731 C	0.00531	0.00047	0.99422
732 T	0.00530	0.00049	0.99422
733 A	0.00526	0.00053	0.99421
734 G	0.00525	0.00054	0.9942
735 T	0.00526	0.00053	0.99421
736 T	0.00526	0.00052	0.99422
737 T	0.00526	0.00046	0.99428
738 A	0.00525	0.00041	0.99434
739 G	0.00525	0.00034	0.99442
740 C	0.00525	0.00030	0.99445
741 T	0.00525	0.00030	0.99446
742 A	0.00525	0.00029	0.99447
743 T	0.00526	0.00027	0.99447
744 T	0.00527	0.00026	0.99447
745 C	0.00526	0.00027	0.99448
746 C	0.00526	0.00027	0.99447
747 T	0.00525	0.00028	0.99447
748 A	0.00525	0.00029	0.99446
749 T	0.00524	0.00029	0.99447
750 T	0.00523	0.00031	0.99447
751 A	0.00520	0.00034	0.99446
752 T	0.00519	0.00031	0.9945
753 T	0.00517	0.00030	0.99453
754 A	0.00515	0.00030	0.99455
755 A	0.00514	0.00029	0.99457
756 T	0.00514	0.00026	0.99461
757 T	0.00513	0.00024	0.99463
758 C	0.00513	0.00023	0.99464
759 T	0.00513	0.00024	0.99463
760 T	0.00512	0.00025	0.99464
761 T	0.00510	0.00026	0.99464
762 T	0.00505	0.00031	0.99464
763 A	0.00497	0.00039	0.99464
764 C	0.00493	0.00042	0.99465
765 A	0.00489	0.00047	0.99464
766 T	0.00486	0.00049	0.99464
767 A	0.00484	0.00052	0.99464
768 T	0.00483	0.00052	0.99465
769 A	0.00481	0.00054	0.99465
770 T	0.00480	0.00053	0.99466
771 T	0.00479	0.00053	0.99467
772 A	0.00478	0.00054	0.99468
773 T	0.00478	0.00053	0.99469
774 A	0.00477	0.00051	0.99472
775 T	0.00476	0.00050	0.99473
776 T	0.00476	0.00049	0.99476
777 A	0.00475	0.00048	0.99478
778 A	0.00474	0.00047	0.99479
779 C	0.00474	0.00046	0.9948
780 T	0.00474	0.00045	0.99481
781 A	0.00474	0.00045	0.99481
782 T	0.00475	0.00043	0.99482
783 T	0.00475	0.00042	0.99483
784 G	0.00475	0.00041	0.99484
785 T	0.00475	0.00035	0.9949
786 T	0.00475	0.00028	0.99497
787 A	0.00475	0.00025	0.99501
788 T	0.00475	0.00020	0.99505
789 T	0.00475	0.00018	0.99507
790 G	0.00474	0.00016	0.9951
791 T	0.00474	0.00014	0.99512
792 T	0.00474	0.00013	0.99513
793 A	0.00474	0.00012	0.99513
794 T	0.00474	0.00011	0.99515
795 G	0.00474	0.00010	0.99516
796 G	0.00474	0.00009	0.99516
797 G	0.00474	0.00008	0.99517
798 G	0.00474	0.00008	0.99518
799 T	0.00474	0.00008	0.99518
800 A	0.00474	0.00007	0.99518
801 T	0.00474	0.00007	0.99519
802 T	0.00474	0.00008	0.99518
803 A	0.00474	0.00009	0.99518
804 T	0.00473	0.00010	0.99517
805 T	0.00473	0.00012	0.99516
806 T	0.00471	0.00016	0.99512
807 A	0.00468	0.00020	0.99512
808 A	0.00467	0.00023	0.9951
809 T	0.00466	0.00024	0.9951
810 G	0.00465	0.00025	0.99511
811 C	0.00464	0.00025	0.99511
812 T	0.00464	0.00025	0.99511
813 T	0.00464	0.00025	0.99511
814 C	0.00463	0.00026	0.99511
815 C	0.00463	0.00026	0.99511
816 T	0.00463	0.00026	0.99511
817 A	0.00463	0.00027	0.99511
818 T	0.00463	0.00027	0.99511
819 T	0.00462	0.00027	0.99511
820 G	0.00462	0.00027	0.99511
821 A	0.00462	0.00027	0.99511
822 T	0.00462	0.00027	0.99511
823 A	0.00462	0.00027	0.99511
824 A	0.00462	0.00026	0.99512
825 T	0.00463	0.00025	0.99512
826 G	0.00464	0.00024	0.99513
827 A	0.00464	0.00023	0.99513
828 A	0.00466	0.00021	0.99514
829 G	0.00468	0.00016	0.99515
830 G	0.00470	0.00012	0.99519
831 T	0.00471	0.00009	0.9952
832 T	0.00472	0.00007	0.99521
833 T	0.00472	0.00006	0.99522
834 T	0.00472	0.00006	0.99522
835 T	0.00472	0.00006	0.99522
836 T	0.00472	0.00006	0.99522
837 A	0.00472	0.00006	0.99522
838 T	0.00472	0.00005	0.99523
839 T	0.00472	0.00005	0.99523
840 T	0.00472	0.00004	0.99523
841 A	0.00472	0.00004	0.99524
842 C	0.00472	0.00004	0.99524
843 T	0.00471	0.00004	0.99524
844 T	0.00471	0.00004	0.99524
845 T	0.00469	0.00007	0.99524
846 G	0.00466	0.00009	0.99524
847 G	0.00465	0.00010	0.99524
848 G	0.00465	0.00011	0.99524
849 T	0.00465	0.00012	0.99523
850 T	0.00465	0.00013	0.99522
851 T	0.00464	0.00014	0.99522
852 T	0.00463	0.00015	0.99521
853 T	0.00462	0.00016	0.99521
854 G	0.00460	0.00018	0.99521
855 C	0.00459	0.00019	0.99521
856 A	0.00459	0.00020	0.99521
857 C	0.00458	0.00021	0.99521
858 A	0.00458	0.00022	0.9952
859 A	0.00458	0.00022	0.9952
860 T	0.00458	0.00022	0.9952
861 T	0.00458	0.00022	0.9952
862 C	0.00458	0.00022	0.9952
863 A	0.00458	0.00022	0.99519
864 A	0.00458	0.00023	0.9952
865 T	0.00458	0.00022	0.9952
866 T	0.00458	0.00022	0.9952
867 A	0.00457	0.00023	0.9952
868 G	0.00457	0.00020	0.99523
869 G	0.00457	0.00018	0.99524
870 G	0.00457	0.00017	0.99525
871 A	0.00458	0.00017	0.99526
872 T	0.00459	0.00015	0.99526
873 G	0.00459	0.00015	0.99526
874 T	0.00460	0.00014	0.99527
875 T	0.00460	0.00013	0.99527
876 T	0.00459	0.00013	0.99528
877 G	0.00459	0.00012	0.99529
878 A	0.00459	0.00012	0.9953
879 A	0.00459	0.00011	0.9953
880 G	0.00459	0.00010	0.99531
881 C	0.00460	0.00009	0.99531
882 T	0.00461	0.00008	0.99531
883 T	0.00461	0.00008	0.99531
884 T	0.00461	0.00008	0.99531
885 T	0.00461	0.00008	0.99531
886 A	0.00461	0.00008	0.99531
887 T	0.00461	0.00008	0.99531
888 T	0.00461	0.00008	0.99531
889 C	0.00460	0.00010	0.9953
890 A	0.00459	0.00011	0.9953
891 A	0.00459	0.00012	0.99529
892 T	0.00459	0.00012	0.99529
893 A	0.00460	0.00012	0.99528
894 T	0.00460	0.00012	0.99528
895 G	0.00460	0.00012	0.99528
896 T	0.00461	0.00012	0.99527
897 T	0.00461	0.00012	0.99527
898 T	0.00459	0.00013	0.99527
899 G	0.00458	0.00015	0.99527
900 G	0.00457	0.00015	0.99527
901 C	0.00457	0.00016	0.99527
902 G	0.00456	0.00018	0.99525
903 T	0.00456	0.00020	0.99524
904 T	0.00456	0.00022	0.99523
905 T	0.00455	0.00025	0.99521
906 A	0.00451	0.00033	0.99516
907 G	0.00449	0.00040	0.99512
908 G	0.00448	0.00045	0.99506
909 A	0.00448	0.00047	0.99505
910 A	0.00448	0.00047	0.99504
911 A	0.00449	0.00047	0.99505
912 T	0.00450	0.00046	0.99504
913 C	0.00450	0.00046	0.99504
914 C	0.00450	0.00047	0.99503
915 T	0.00450	0.00051	0.99499
916 A	0.00450	0.00055	0.99495
917 T	0.00450	0.00056	0.99494
918 T	0.00450	0.00059	0.99491
919 A	0.00448	0.00062	0.99489
920 A	0.00448	0.00064	0.99489
921 T	0.00448	0.00063	0.99488
922 G	0.00448	0.00063	0.99489
923 A	0.00449	0.00063	0.99488
924 T	0.00451	0.00063	0.99486
925 T	0.00452	0.00064	0.99485
926 T	0.00453	0.00064	0.99484
927 A	0.00453	0.00063	0.99484
928 A	0.00455	0.00061	0.99485
929 G	0.00457	0.00054	0.99488
930 T	0.00463	0.00048	0.9949
931 C	0.00466	0.00044	0.9949
932 A	0.00468	0.00043	0.99489
933 A	0.00469	0.00042	0.99489
934 A	0.00472	0.00040	0.99488
935 T	0.00476	0.00035	0.99488
936 T	0.00479	0.00033	0.99488
937 T	0.00481	0.00031	0.99489
938 T	0.00483	0.00028	0.99489
939 T	0.00484	0.00026	0.9949
940 G	0.00484	0.00026	0.99489
941 T	0.00486	0.00024	0.9949
942 C	0.00488	0.00023	0.9949
943 G	0.00489	0.00027	0.99483
944 T	0.00491	0.00030	0.99479
945 T	0.00492	0.00030	0.99477
946 A	0.00492	0.00033	0.99475
947 T	0.00494	0.00032	0.99473
948 T	0.00495	0.00034	0.99471
949 C	0.00494	0.00037	0.99469
950 A	0.00492	0.00047	0.99462
951 A	0.00488	0.00063	0.99448
952 T	0.00484	0.00072	0.99445
953 C	0.00418	0.00145	0.99437
954 A	0.00341	0.00254	0.99405
955 A	0.00303	0.00308	0.99389
956 C	0.00282	0.00338	0.9938
957 T	0.00266	0.00376	0.99358
958 A	0.00243	0.00403	0.99355
959 A	0.00233	0.00412	0.99354
960 A	0.00228	0.00417	0.99354
961 G	0.00225	0.00421	0.99354
962 C	0.00224	0.00421	0.99354
963 C	0.00224	0.00421	0.99354
964 G	0.00225	0.00421	0.99354
965 C	0.00226	0.00420	0.99354
966 T	0.00230	0.00415	0.99354
967 A	0.00232	0.00414	0.99354
968 T	0.00233	0.00413	0.99354
969 C	0.00234	0.00411	0.99355
970 C	0.00235	0.00410	0.99355
971 A	0.00237	0.00407	0.99355
972 A	0.00239	0.00405	0.99355
973 A	0.00246	0.00397	0.99357
974 A	0.00261	0.00381	0.99358
975 A	0.00270	0.00366	0.99364
976 G	0.00285	0.00269	0.99445
977 T	0.00325	0.00146	0.99528
978 T	0.00341	0.00088	0.99571
979 T	0.00348	0.00061	0.9959
980 T	0.00358	0.00039	0.99603
981 T	0.00359	0.00024	0.99618
982 G	0.00358	0.00019	0.99623
983 A	0.00358	0.00017	0.99625
984 T	0.00358	0.00016	0.99626
985 T	0.00357	0.00021	0.99623
986 T	0.00354	0.00033	0.99614
987 T	0.00350	0.00047	0.99604
988 T	0.00337	0.00078	0.99584
989 T	0.00309	0.00137	0.99554
990 A	0.00283	0.00268	0.9945
991 T	0.00265	0.00386	0.99348
992 A	0.00234	0.00476	0.9929
993 T	0.00210	0.00535	0.99256
994 G	0.00152	0.00604	0.99245
995 A	0.00113	0.00647	0.99241
996 A	0.00087	0.00675	0.99239
997 A	0.00078	0.00685	0.99237
998 C	0.00074	0.00689	0.99236
999 C	0.00071	0.00694	0.99234
1000 G	0.00069	0.00709	0.99222
1001 A	0.00068	0.00721	0.99211
1002 A	0.00067	0.00729	0.99204
1003 G	0.00066	0.00737	0.99196
1004 A	0.00067	0.00741	0.99192
1005 A	0.00067	0.00743	0.9919
1006 A	0.00069	0.00742	0.99189
1007 A	0.00071	0.00740	0.99189
1008 A	0.00076	0.00732	0.99191
1009 G	0.00087	0.00716	0.99197
1010 A	0.00102	0.00695	0.99203
1011 A	0.00126	0.00658	0.99216
1012 G	0.00162	0.00588	0.9925
1013 A	0.00262	0.00463	0.99276
1014 T	0.00361	0.00341	0.99298
1015 G	0.00406	0.00267	0.99326
1016 A	0.00432	0.00219	0.9935
1017 A	0.00441	0.00159	0.99399
1018 T	0.00446	0.00116	0.99437
1019 C	0.00440	0.00100	0.9946
1020 T	0.00439	0.00098	0.99462
1021 A	0.00434	0.00105	0.99461
1022 A	0.00433	0.00106	0.9946
1023 T	0.00443	0.00097	0.9946
1024 T	0.00446	0.00098	0.99456
1025 G	0.00428	0.00122	0.9945
1026 T	0.00427	0.00153	0.99421
1027 A	0.00423	0.00168	0.99409
1028 T	0.00423	0.00172	0.99405
1029 T	0.00421	0.00176	0.99403
1030 A	0.00419	0.00181	0.994
1031 C	0.00417	0.00184	0.99399
1032 T	0.00416	0.00190	0.99395
1033 T	0.00411	0.00197	0.99392
1034 T	0.00406	0.00204	0.99391
1035 A	0.00401	0.00210	0.99389
1036 G	0.00399	0.00213	0.99388
1037 A	0.00399	0.00213	0.99388
1038 T	0.00399	0.00211	0.9939
1039 A	0.00399	0.00210	0.99391
1040 A	0.00399	0.00207	0.99394
1041 A	0.00399	0.00203	0.99398
1042 G	0.00400	0.00193	0.99407
1043 T	0.00403	0.00184	0.99413
1044 A	0.00406	0.00175	0.99419
1045 G	0.00408	0.00167	0.99425
1046 A	0.00411	0.00160	0.99428
1047 A	0.00416	0.00147	0.99437
1048 G	0.00425	0.00116	0.99458
1049 G	0.00455	0.00078	0.99467
1050 T	0.00470	0.00057	0.99473
1051 T	0.00476	0.00048	0.99476
1052 T	0.00481	0.00041	0.99478
1053 T	0.00483	0.00035	0.99483
1054 G	0.00484	0.00030	0.99486
1055 T	0.00488	0.00024	0.99489
1056 T	0.00489	0.00018	0.99493
1057 T	0.00490	0.00014	0.99496
1058 C	0.00491	0.00010	0.995
1059 T	0.00491	0.00009	0.995
1060 T	0.00491	0.00008	0.995
1061 T	0.00491	0.00009	0.995
1062 T	0.00490	0.00009	0.99501
1063 T	0.00489	0.00011	0.99501
1064 C	0.00488	0.00011	0.99501
1065 G	0.00487	0.00013	0.995
1066 A	0.00487	0.00014	0.995
1067 A	0.00487	0.00014	0.99499
1068 T	0.00488	0.00013	0.99499
1069 G	0.00488	0.00014	0.99498
1070 T	0.00488	0.00013	0.99498
1071 T	0.00488	0.00013	0.99498
1072 T	0.00488	0.00014	0.99498
1073 C	0.00488	0.00014	0.99498
1074 A	0.00488	0.00014	0.99497
1075 T	0.00489	0.00015	0.99496
1076 T	0.00489	0.00015	0.99495
1077 T	0.00490	0.00016	0.99495
1078 G	0.00489	0.00017	0.99493
1079 G	0.00489	0.00018	0.99492
1080 T	0.00490	0.00019	0.99492
1081 T	0.00490	0.00020	0.9949
1082 A	0.00490	0.00021	0.9949
1083 T	0.00490	0.00021	0.99489
1084 T	0.00489	0.00024	0.99487
1085 A	0.00482	0.00039	0.99479
1086 T	0.00474	0.00058	0.99469
1087 A	0.00452	0.00106	0.99443
1088 A	0.00444	0.00122	0.99434
1089 A	0.00437	0.00136	0.99427
1090 G	0.00432	0.00141	0.99427
1091 A	0.00429	0.00144	0.99427
1092 T	0.00428	0.00145	0.99427
1093 T	0.00424	0.00149	0.99427
1094 C	0.00420	0.00153	0.99427
1095 G	0.00417	0.00156	0.99427
1096 C	0.00416	0.00157	0.99427
1097 C	0.00416	0.00157	0.99427
1098 T	0.00416	0.00157	0.99427
1099 G	0.00416	0.00157	0.99426
1100 T	0.00418	0.00156	0.99426
1101 T	0.00418	0.00157	0.99426
1102 C	0.00417	0.00158	0.99425
1103 T	0.00417	0.00159	0.99424
1104 T	0.00417	0.00160	0.99423
1105 A	0.00415	0.00164	0.99422
1106 A	0.00415	0.00165	0.99421
1107 A	0.00417	0.00162	0.99421
1108 A	0.00425	0.00148	0.99428
1109 A	0.00438	0.00127	0.99436
1110 T	0.00465	0.00079	0.99455
1111 A	0.00471	0.00068	0.99461
1112 T	0.00477	0.00056	0.99468
1113 T	0.00477	0.00053	0.9947
1114 A	0.00477	0.00054	0.99469
1115 A	0.00476	0.00055	0.99469
1116 T	0.00476	0.00053	0.99471
1117 T	0.00475	0.00055	0.99469
1118 T	0.00471	0.00067	0.99462
1119 A	0.00465	0.00094	0.99441
1120 G	0.00461	0.00105	0.99434
1121 A	0.00459	0.00117	0.99424
1122 T	0.00456	0.00130	0.99415
1123 G	0.00453	0.00147	0.994
1124 T	0.00454	0.00161	0.99385
1125 T	0.00454	0.00186	0.9936
1126 T	0.00452	0.00211	0.99337
1127 A	0.00448	0.00232	0.99321
1128 T	0.00441	0.00252	0.99308
1129 A	0.00429	0.00276	0.99296
1130 A	0.00423	0.00286	0.9929
1131 A	0.00422	0.00288	0.9929
1132 A	0.00421	0.00289	0.9929
1133 A	0.00422	0.00288	0.9929
1134 T	0.00425	0.00283	0.99292
1135 C	0.00426	0.00282	0.99292
1136 A	0.00427	0.00280	0.99292
1137 A	0.00430	0.00277	0.99292
1138 A	0.00433	0.00274	0.99294
1139 C	0.00436	0.00269	0.99294
1140 A	0.00444	0.00262	0.99295
1141 G	0.00455	0.00245	0.99299
1142 T	0.00479	0.00215	0.99305
1143 A	0.00488	0.00203	0.99309
1144 G	0.00500	0.00190	0.99311
1145 C	0.00513	0.00169	0.99317
1146 T	0.00535	0.00145	0.99321
1147 G	0.00551	0.00127	0.99322
1148 T	0.00581	0.00096	0.99323
1149 T	0.00603	0.00074	0.99324
1150 G	0.00613	0.00065	0.99322
1151 T	0.00623	0.00054	0.99323
1152 T	0.00628	0.00051	0.9932
1153 G	0.00629	0.00049	0.99323
1154 G	0.00628	0.00054	0.99317
1155 T	0.00629	0.00065	0.99306
1156 T	0.00629	0.00069	0.99302
1157 C	0.00628	0.00070	0.99302
1158 T	0.00625	0.00073	0.99301
1159 A	0.00621	0.00079	0.993
1160 C	0.00618	0.00083	0.99299
1161 C	0.00606	0.00100	0.99294
1162 G	0.00600	0.00108	0.99292
1163 G	0.00599	0.00113	0.99289
1164 T	0.00597	0.00121	0.99282
1165 T	0.00592	0.00138	0.9927
1166 C	0.00583	0.00155	0.99262
1167 A	0.00578	0.00179	0.99243
1168 G	0.00566	0.00203	0.99231
1169 G	0.00558	0.00230	0.99212
1170 A	0.00553	0.00253	0.99193
1171 A	0.00552	0.00256	0.99191
1172 A	0.00552	0.00259	0.99189
1173 A	0.00554	0.00260	0.99186
1174 A	0.00561	0.00252	0.99187
1175 C	0.00574	0.00237	0.99189
1176 A	0.00578	0.00233	0.99189
1177 A	0.00584	0.00228	0.99188
1178 C	0.00596	0.00218	0.99186
1179 T	0.00601	0.00220	0.99179
1180 T	0.00601	0.00225	0.99174
1181 T	0.00601	0.00224	0.99175
1182 A	0.00599	0.00224	0.99177
1183 A	0.00599	0.00223	0.99178
1184 T	0.00603	0.00204	0.99193
1185 C	0.00604	0.00197	0.99199
1186 A	0.00604	0.00199	0.99197
1187 A	0.00614	0.00191	0.99196
1188 T	0.00634	0.00168	0.99198
1189 T	0.00644	0.00154	0.99203
1190 T	0.00652	0.00144	0.99204
1191 A	0.00651	0.00136	0.99213
1192 T	0.00659	0.00119	0.99222
1193 T	0.00665	0.00109	0.99226
1194 A	0.00656	0.00116	0.99228
1195 A	0.00651	0.00120	0.99228
1196 C	0.00646	0.00124	0.9923
1197 T	0.00643	0.00131	0.99226
1198 A	0.00636	0.00152	0.99212
1199 G	0.00635	0.00154	0.99211
1200 A	0.00638	0.00152	0.9921
1201 T	0.00643	0.00147	0.99209
1202 T	0.00649	0.00139	0.99211
1203 C	0.00653	0.00134	0.99213
1204 T	0.00654	0.00133	0.99213
1205 A	0.00653	0.00135	0.99212
1206 T	0.00648	0.00140	0.99211
1207 G	0.00643	0.00150	0.99206
1208 A	0.00642	0.00159	0.99199
1209 T	0.00643	0.00161	0.99196
1210 A	0.00640	0.00166	0.99194
1211 T	0.00640	0.00165	0.99195
1212 T	0.00623	0.00183	0.99194
1213 G	0.00595	0.00213	0.99191
1214 A	0.00576	0.00238	0.99186
1215 T	0.00565	0.00256	0.99179
1216 G	0.00543	0.00296	0.9916
1217 A	0.00532	0.00335	0.99133
1218 A	0.00528	0.00358	0.99114
1219 G	0.00527	0.00353	0.9912
1220 G	0.00530	0.00351	0.99119
1221 T	0.00543	0.00340	0.99117
1222 T	0.00543	0.00360	0.99097
1223 C	0.00543	0.00375	0.99082
1224 T	0.00541	0.00445	0.99013
1225 A	0.00537	0.00459	0.99004
1226 T	0.00535	0.00465	0.99001
1227 A	0.00525	0.00479	0.98995
1228 A	0.00525	0.00486	0.9899
1229 C	0.00526	0.00482	0.98992
1230 A	0.00531	0.00490	0.98978
1231 A	0.00539	0.00498	0.98963
1232 T	0.00549	0.00496	0.98955
1233 T	0.00553	0.00495	0.98952
1234 G	0.00554	0.00499	0.98947
1235 A	0.00555	0.00487	0.98958
1236 T	0.00564	0.00454	0.98982
1237 G	0.00571	0.00435	0.98994
1238 G	0.00584	0.00430	0.98986
1239 A	0.00605	0.00437	0.98959
1240 G	0.00635	0.00451	0.98914
1241 T	0.00654	0.00530	0.98816
1242 A	0.00643	0.00688	0.98669
1243 G	0.00640	0.00849	0.9851
1244 A	0.00646	0.01100	0.98255
1245 T	0.00670	0.01186	0.98143
1246 A	0.00669	0.01326	0.98004
1247 T	0.00720	0.01342	0.97938
1248 T	0.00713	0.01355	0.97931
1249 A	0.00683	0.01394	0.97923
1250 G	0.00655	0.01423	0.97923
1251 A	0.00633	0.01455	0.97912
1252 C	0.00628	0.01474	0.97898
1253 A	0.00630	0.01553	0.97817
1254 A	0.00640	0.01560	0.978
1255 T	0.00646	0.01570	0.97783
1256 T	0.00623	0.01625	0.97753
1257 A	0.00519	0.01784	0.97698
1258 C	0.00454	0.01868	0.97677
1259 A	0.00383	0.01990	0.97627
1260 A	0.00352	0.02050	0.97598
1261 A	0.00347	0.02069	0.97584
1262 A	0.00381	0.02044	0.97575
1263 A	0.00437	0.01999	0.97564
1264 A	0.00555	0.01890	0.97555
1265 A	0.00706	0.01741	0.97552
1266 A	0.00887	0.01558	0.97554
1267 T	0.01146	0.01292	0.97562
1268 A	0.01231	0.01206	0.97563
1269 T	0.01337	0.01086	0.97577
1270 T	0.01364	0.01051	0.97585
1271 T	0.01337	0.01072	0.97592
1272 A	0.01274	0.01121	0.97605
1273 A	0.01213	0.01162	0.97625
1274 G	0.01184	0.01168	0.97647
1275 A	0.01179	0.01166	0.97655
1276 A	0.01242	0.01089	0.97669
1277 A	0.01258	0.01060	0.97682
1278 A	0.01283	0.01022	0.97695
1279 A	0.01334	0.00941	0.97725
1280 T	0.01411	0.00760	0.97828
1281 T	0.01433	0.00686	0.97881
1282 T	0.01441	0.00625	0.97934
1283 T	0.01429	0.00620	0.97951
1284 A	0.01399	0.00645	0.97955
1285 G	0.01385	0.00651	0.97964
1286 G	0.01382	0.00658	0.9796
1287 A	0.01393	0.00656	0.97951
1288 T	0.01415	0.00636	0.97948
1289 T	0.01426	0.00630	0.97944
1290 A	0.01431	0.00626	0.97943
1291 G	0.01438	0.00605	0.97957
1292 T	0.01447	0.00579	0.97974
1293 T	0.01452	0.00549	0.97999
1294 T	0.01454	0.00516	0.9803
1295 T	0.01452	0.00470	0.98078
1296 A	0.01438	0.00445	0.98117
1297 C	0.01430	0.00423	0.98147
1298 A	0.01425	0.00426	0.98148
1299 A	0.01422	0.00433	0.98145
1300 G	0.01425	0.00428	0.98147
1301 A	0.01436	0.00418	0.98146
1302 T	0.01457	0.00399	0.98145
1303 G	0.01473	0.00370	0.98158
1304 T	0.01501	0.00328	0.98172
1305 T	0.01512	0.00291	0.98197
1306 T	0.01519	0.00262	0.98219
1307 G	0.01522	0.00235	0.98244
1308 G	0.01529	0.00217	0.98254
1309 C	0.01542	0.00201	0.98257
1310 T	0.01559	0.00227	0.98215
1311 T	0.01563	0.00304	0.98133
1312 T	0.01561	0.00405	0.98034
1313 T	0.01541	0.00512	0.97947
1314 T	0.01483	0.00724	0.97793
1315 A	0.01392	0.00926	0.97683
1316 A	0.01344	0.01030	0.97626
1317 A	0.01335	0.01072	0.97593
1318 G	0.01329	0.01072	0.97599
1319 G	0.01333	0.01060	0.97608
1320 T	0.01342	0.01049	0.9761
1321 A	0.01346	0.01054	0.976
1322 C	0.01353	0.01059	0.97588
1323 T	0.01361	0.01094	0.97545
1324 A	0.01365	0.01156	0.97479
1325 T	0.01371	0.01174	0.97455
1326 T	0.01374	0.01199	0.97428
1327 T	0.01362	0.01249	0.97389
1328 T	0.01343	0.01295	0.97362
1329 A	0.01299	0.01365	0.97336
