# lcl|CP097583.1_cds_USQ93272.1_1
# AA	inside	membr	outside
1 A	0.57176	0.00000	0.42824
2 T	0.56597	0.00579	0.42824
3 G	0.56119	0.01057	0.42824
4 A	0.56119	0.15616	0.28265
5 A	0.51351	0.33823	0.14827
6 A	0.51351	0.37124	0.11526
7 A	0.30548	0.58178	0.11274
8 T	0.30548	0.58183	0.1127
9 A	0.27307	0.61436	0.11258
10 A	0.27303	0.61756	0.10941
11 C	0.27007	0.62068	0.10926
12 A	0.21732	0.67358	0.1091
13 C	0.18878	0.70261	0.10861
14 T	0.18878	0.70261	0.10861
15 T	0.18878	0.72425	0.08698
16 G	0.18736	0.72566	0.08698
17 A	0.18546	0.72818	0.08637
18 A	0.18539	0.72938	0.08523
19 A	0.18411	0.73132	0.08457
20 T	0.16902	0.74812	0.08286
21 G	0.10250	0.81397	0.08352
22 A	0.10479	0.81120	0.08401
23 T	0.11205	0.79877	0.08917
24 C	0.11827	0.79153	0.09019
25 A	0.12215	0.78844	0.08941
26 A	0.12779	0.78449	0.08772
27 A	0.24618	0.66323	0.09058
28 G	0.35279	0.52188	0.12532
29 A	0.38243	0.49411	0.12345
30 A	0.39033	0.29896	0.31071
31 T	0.38986	0.30347	0.30668
32 T	0.37216	0.31535	0.31249
33 A	0.27876	0.46690	0.25433
34 A	0.20849	0.56711	0.2244
35 G	0.16508	0.58230	0.25261
36 A	0.13582	0.62687	0.2373
37 C	0.12953	0.65307	0.2174
38 A	0.13168	0.69092	0.17741
39 A	0.11138	0.81997	0.06865
40 A	0.10227	0.83342	0.0643
41 A	0.10069	0.83653	0.06278
42 A	0.09763	0.83831	0.06406
43 A	0.09823	0.82014	0.08163
44 C	0.09574	0.76088	0.14338
45 A	0.09661	0.75867	0.14471
46 C	0.09628	0.75804	0.14569
47 A	0.09574	0.76872	0.13554
48 A	0.09714	0.77452	0.12834
49 G	0.09732	0.78000	0.12268
50 T	0.09883	0.78127	0.11991
51 A	0.09825	0.78454	0.11721
52 G	0.10481	0.77452	0.12067
53 G	0.11253	0.77751	0.10996
54 A	0.12558	0.75843	0.11599
55 A	0.15301	0.70727	0.13971
56 T	0.22070	0.55767	0.22163
57 A	0.25692	0.46320	0.27988
58 A	0.28381	0.39073	0.32546
59 C	0.35245	0.28375	0.36381
60 T	0.38590	0.25364	0.36046
61 T	0.41330	0.23752	0.34918
62 A	0.45429	0.19987	0.34584
63 T	0.45600	0.20114	0.34286
64 T	0.45364	0.21252	0.33384
65 G	0.44437	0.23789	0.31774
66 T	0.43897	0.26364	0.2974
67 A	0.42321	0.30846	0.26833
68 A	0.40668	0.35061	0.24271
69 A	0.39445	0.37942	0.22613
70 A	0.39636	0.38917	0.21448
71 A	0.36459	0.42882	0.20659
72 A	0.35869	0.43564	0.20567
73 G	0.36094	0.43229	0.20678
74 C	0.35982	0.43134	0.20885
75 T	0.36283	0.43784	0.19933
76 T	0.35270	0.45607	0.19123
77 T	0.33555	0.48154	0.18291
78 A	0.30732	0.51760	0.17509
79 G	0.27783	0.55356	0.16861
80 A	0.26393	0.57469	0.16138
81 A	0.25495	0.59217	0.15289
82 G	0.24631	0.60146	0.15224
83 A	0.25800	0.59044	0.15156
84 T	0.28294	0.56203	0.15503
85 A	0.29516	0.54358	0.16127
86 C	0.30903	0.52297	0.16799
87 T	0.31943	0.51127	0.16931
88 C	0.32525	0.50122	0.17353
89 A	0.33313	0.49471	0.17216
90 A	0.34265	0.48174	0.17561
91 G	0.35378	0.46706	0.17916
92 G	0.36340	0.44967	0.18694
93 A	0.37638	0.43369	0.18993
94 G	0.39041	0.37154	0.23805
95 A	0.40003	0.34148	0.25849
96 T	0.40734	0.31948	0.27319
97 A	0.40755	0.30227	0.29019
98 T	0.41555	0.26989	0.31456
99 C	0.41562	0.22925	0.35514
100 G	0.41514	0.21343	0.37143
101 A	0.41003	0.20798	0.382
102 A	0.40597	0.19585	0.39818
103 G	0.40379	0.18581	0.4104
104 C	0.39513	0.18501	0.41987
105 G	0.36850	0.20161	0.42989
106 G	0.33973	0.23422	0.42605
107 C	0.33174	0.25285	0.41541
108 A	0.32485	0.34826	0.32689
109 A	0.31964	0.41550	0.26485
110 T	0.31812	0.44302	0.23885
111 T	0.30874	0.49624	0.19502
112 G	0.30453	0.53631	0.15916
113 A	0.30344	0.56366	0.1329
114 A	0.30294	0.57270	0.12435
115 T	0.30430	0.57251	0.12319
116 T	0.30319	0.57806	0.11875
117 A	0.30097	0.58524	0.1138
118 T	0.30046	0.58728	0.11227
119 T	0.29889	0.59017	0.11094
120 G	0.29632	0.59311	0.11057
121 A	0.29535	0.59648	0.10817
122 A	0.29525	0.59543	0.10932
123 A	0.29463	0.59266	0.1127
124 A	0.29528	0.58477	0.11996
125 A	0.29723	0.57658	0.12619
126 A	0.29840	0.56914	0.13247
127 A	0.30009	0.55120	0.14871
128 A	0.30592	0.51395	0.18014
129 A	0.31572	0.46588	0.21841
130 G	0.33376	0.43666	0.22959
131 G	0.42775	0.33476	0.2375
132 T	0.51353	0.24176	0.24471
133 A	0.55690	0.19168	0.25142
134 T	0.61483	0.12009	0.26508
135 T	0.64464	0.08772	0.26764
136 T	0.66539	0.06568	0.26892
137 T	0.67256	0.05790	0.26953
138 T	0.67568	0.05553	0.26879
139 T	0.67638	0.05702	0.26661
140 C	0.67218	0.06581	0.262
141 T	0.66977	0.10063	0.22961
142 T	0.64169	0.18469	0.17362
143 A	0.57290	0.33186	0.09524
144 T	0.52859	0.38712	0.0843
145 A	0.47605	0.44112	0.08283
146 A	0.45306	0.46347	0.08348
147 T	0.44126	0.47477	0.08397
148 C	0.42453	0.49142	0.08405
149 C	0.40958	0.50644	0.08398
150 T	0.39751	0.51858	0.08392
151 G	0.35495	0.56136	0.08369
152 A	0.31618	0.60057	0.08325
153 C	0.29983	0.61753	0.08265
154 C	0.28648	0.63360	0.07991
155 A	0.27641	0.64700	0.07659
156 A	0.27199	0.65311	0.0749
157 A	0.27020	0.65577	0.07404
158 A	0.26926	0.65711	0.07362
159 G	0.26835	0.65817	0.07348
160 A	0.27087	0.65496	0.07417
161 A	0.27789	0.64537	0.07674
162 A	0.28910	0.62820	0.0827
163 G	0.30260	0.60166	0.09573
164 A	0.33452	0.56174	0.10374
165 A	0.38571	0.48071	0.13358
166 A	0.45210	0.35167	0.19623
167 T	0.46357	0.28974	0.24668
168 T	0.46555	0.23888	0.29557
169 T	0.46565	0.21741	0.31695
170 T	0.46402	0.20692	0.32906
171 A	0.46061	0.20162	0.33776
172 G	0.45265	0.19594	0.35142
173 A	0.45109	0.18764	0.36127
174 A	0.45036	0.15467	0.39497
175 G	0.45059	0.11913	0.43029
176 G	0.45084	0.10720	0.44196
177 T	0.45369	0.10517	0.44113
178 T	0.45404	0.10184	0.44411
179 T	0.45395	0.10218	0.44387
180 A	0.45258	0.11241	0.43501
181 A	0.45122	0.12076	0.42802
182 C	0.45068	0.12270	0.42662
183 T	0.44955	0.13652	0.41393
184 A	0.44415	0.16861	0.38723
185 A	0.43891	0.17898	0.38211
186 T	0.43697	0.18475	0.37829
187 G	0.43654	0.19250	0.37096
188 T	0.43861	0.19562	0.36577
189 C	0.43983	0.20386	0.3563
190 G	0.44238	0.21370	0.34392
191 T	0.44597	0.21736	0.33667
192 T	0.44968	0.22013	0.33019
193 G	0.45091	0.22538	0.32371
194 T	0.45489	0.22724	0.31787
195 T	0.45422	0.22584	0.31994
196 A	0.44481	0.24228	0.31291
197 A	0.44218	0.24946	0.30835
198 A	0.44287	0.25433	0.30281
199 G	0.44476	0.25568	0.29956
200 G	0.45426	0.25827	0.28747
201 T	0.46087	0.25910	0.28003
202 A	0.46322	0.26565	0.27112
203 A	0.47204	0.26574	0.26222
204 T	0.48134	0.26148	0.25718
205 A	0.48188	0.26148	0.25664
206 A	0.49090	0.25064	0.25847
207 A	0.51316	0.22307	0.26377
208 G	0.52098	0.20947	0.26955
209 C	0.52914	0.19879	0.27207
210 T	0.54404	0.18443	0.27153
211 A	0.55198	0.17851	0.26951
212 T	0.57019	0.16123	0.26859
213 T	0.58241	0.15241	0.26518
214 T	0.58795	0.15431	0.25775
215 T	0.58963	0.16341	0.24696
216 A	0.58931	0.17765	0.23305
217 T	0.59119	0.19090	0.21791
218 A	0.58851	0.20119	0.21031
219 T	0.58854	0.19621	0.21525
220 G	0.58670	0.20020	0.2131
221 A	0.59094	0.19800	0.21105
222 G	0.59542	0.19379	0.21079
223 T	0.60960	0.17993	0.21047
224 T	0.61454	0.17590	0.20956
225 G	0.61541	0.17790	0.20668
226 A	0.62175	0.17231	0.20594
227 A	0.62631	0.16746	0.20623
228 T	0.62742	0.16421	0.20837
229 A	0.62494	0.16638	0.20868
230 C	0.62333	0.16840	0.20827
231 T	0.60771	0.19104	0.20125
232 G	0.55865	0.24367	0.19768
233 A	0.52428	0.28133	0.1944
234 A	0.50499	0.30264	0.19238
235 A	0.49232	0.31702	0.19066
236 C	0.48473	0.32297	0.19231
237 A	0.48160	0.33159	0.18681
238 G	0.48783	0.33371	0.17846
239 A	0.50140	0.32539	0.17321
240 T	0.52219	0.30523	0.17259
241 T	0.52905	0.29912	0.17183
242 T	0.52748	0.29616	0.17637
243 T	0.51127	0.30919	0.17954
244 G	0.48558	0.33144	0.18298
245 T	0.47702	0.33807	0.1849
246 A	0.46266	0.35228	0.18506
247 G	0.45489	0.35910	0.18601
248 C	0.45238	0.35875	0.18887
249 T	0.44808	0.36411	0.18782
250 A	0.43849	0.37594	0.18557
251 A	0.43339	0.38308	0.18352
252 A	0.43181	0.38413	0.18406
253 A	0.43152	0.38325	0.18522
254 A	0.43737	0.35689	0.20574
255 T	0.44173	0.29876	0.2595
256 G	0.44363	0.26340	0.29297
257 A	0.44593	0.24429	0.30978
258 A	0.44832	0.23226	0.31942
259 A	0.45010	0.22000	0.32989
260 A	0.45692	0.20082	0.34227
261 T	0.47262	0.17279	0.35459
262 T	0.48117	0.15630	0.36254
263 T	0.48427	0.15046	0.36527
264 T	0.48563	0.14628	0.3681
265 A	0.48509	0.14643	0.36848
266 T	0.48586	0.13152	0.38261
267 T	0.48320	0.12992	0.38689
268 G	0.47649	0.16926	0.35424
269 A	0.47186	0.24672	0.28142
270 T	0.47136	0.30769	0.22095
271 T	0.46486	0.35716	0.17797
272 T	0.45360	0.36966	0.17674
273 A	0.43523	0.38822	0.17656
274 T	0.42787	0.39414	0.178
275 A	0.41809	0.40510	0.17681
276 C	0.41296	0.40932	0.17772
277 A	0.40967	0.41402	0.17631
278 A	0.40734	0.41776	0.1749
279 T	0.40773	0.41837	0.17391
280 G	0.40649	0.42299	0.17052
281 A	0.40563	0.43330	0.16107
282 A	0.40678	0.44063	0.15259
283 T	0.40824	0.44734	0.14441
284 T	0.40842	0.45266	0.13893
285 A	0.40810	0.46253	0.12937
286 G	0.40877	0.47009	0.12114
287 A	0.41215	0.47323	0.11463
288 A	0.41869	0.46874	0.11257
289 A	0.43221	0.45640	0.1114
290 A	0.46071	0.42529	0.114
291 A	0.51142	0.36652	0.12206
292 A	0.58712	0.28186	0.13101
293 T	0.65587	0.20319	0.14094
294 T	0.69527	0.15379	0.15094
295 T	0.70028	0.13661	0.16311
296 T	0.70271	0.12158	0.1757
297 A	0.70099	0.11949	0.17952
298 T	0.69861	0.11730	0.18409
299 T	0.68726	0.12969	0.18304
300 A	0.65373	0.17140	0.17488
301 G	0.63694	0.18814	0.17492
302 A	0.62603	0.20046	0.17352
303 A	0.61923	0.20575	0.17503
304 G	0.62178	0.20135	0.17687
305 C	0.63037	0.19345	0.17618
306 T	0.64091	0.18766	0.17144
307 G	0.64462	0.18594	0.16944
308 A	0.65321	0.17872	0.16808
309 T	0.66249	0.17101	0.1665
310 T	0.66704	0.16723	0.16573
311 C	0.66760	0.16605	0.16634
312 T	0.66758	0.16697	0.16545
313 T	0.66612	0.16931	0.16457
314 C	0.66463	0.17132	0.16405
315 T	0.66373	0.17331	0.16296
316 G	0.66199	0.17562	0.16238
317 T	0.66146	0.17674	0.1618
318 T	0.65874	0.18024	0.16102
319 A	0.65097	0.18887	0.16015
320 A	0.64799	0.18925	0.16277
321 A	0.64929	0.18373	0.16698
322 A	0.65266	0.16786	0.17948
323 G	0.66147	0.12545	0.21308
324 T	0.66535	0.10284	0.23181
325 T	0.66720	0.08851	0.24429
326 T	0.66737	0.08168	0.25095
327 A	0.66541	0.07949	0.25509
328 G	0.66576	0.07722	0.25702
329 A	0.66700	0.07574	0.25725
330 T	0.66733	0.07377	0.25889
331 G	0.66469	0.07703	0.25828
332 A	0.66572	0.07833	0.25595
333 T	0.66772	0.07660	0.25568
334 T	0.66731	0.07701	0.25568
335 T	0.66423	0.08052	0.25524
336 T	0.65730	0.09020	0.2525
337 T	0.64430	0.12563	0.23007
338 T	0.60880	0.18277	0.20842
339 A	0.49352	0.32279	0.18369
340 A	0.40793	0.42525	0.16681
341 A	0.35737	0.48648	0.15614
342 A	0.31557	0.52345	0.16097
343 T	0.29944	0.53465	0.16591
344 A	0.27630	0.55629	0.1674
345 T	0.26889	0.56245	0.16866
346 C	0.25091	0.58036	0.16873
347 A	0.23070	0.60364	0.16567
348 A	0.22437	0.61266	0.16297
349 T	0.21996	0.61970	0.16034
350 G	0.20743	0.63622	0.15635
351 G	0.19802	0.65061	0.15137
352 A	0.19227	0.65776	0.14997
353 A	0.18797	0.66198	0.15005
354 T	0.18570	0.66146	0.15285
355 G	0.17929	0.66778	0.15293
356 G	0.17643	0.67184	0.15173
357 A	0.17586	0.67265	0.15149
358 A	0.17746	0.66382	0.15872
359 A	0.18173	0.64613	0.17214
360 A	0.20510	0.60566	0.18924
361 A	0.22762	0.54854	0.22384
362 G	0.25125	0.41822	0.33053
363 A	0.26441	0.33573	0.39986
364 A	0.27318	0.28590	0.44092
365 T	0.27371	0.27173	0.45456
366 T	0.25448	0.34972	0.3958
367 G	0.22965	0.45714	0.31322
368 A	0.21044	0.54196	0.2476
369 A	0.20512	0.56561	0.22927
370 G	0.20661	0.56509	0.2283
371 A	0.21025	0.58259	0.20716
372 A	0.21487	0.58009	0.20504
373 T	0.22160	0.56335	0.21505
374 T	0.22572	0.55206	0.22221
375 A	0.22658	0.54879	0.22463
376 A	0.22847	0.54271	0.22882
377 T	0.23103	0.53534	0.23364
378 T	0.23187	0.52712	0.24101
379 T	0.23168	0.52421	0.2441
380 C	0.22872	0.52566	0.24562
381 A	0.22564	0.53943	0.23493
382 G	0.22260	0.55671	0.22069
383 A	0.22025	0.58825	0.1915
384 A	0.22172	0.61951	0.15877
385 A	0.22651	0.62220	0.15129
386 A	0.24080	0.60899	0.15021
387 A	0.26652	0.58211	0.15137
388 A	0.31031	0.53134	0.15836
389 C	0.40309	0.41524	0.18168
390 T	0.51815	0.28414	0.19771
391 T	0.58466	0.20704	0.2083
392 T	0.60767	0.18524	0.20708
393 T	0.61677	0.18138	0.20185
394 T	0.62204	0.17977	0.19819
395 T	0.62144	0.18235	0.1962
396 T	0.61752	0.18851	0.19396
397 A	0.61502	0.19644	0.18854
398 T	0.61427	0.21044	0.17528
399 T	0.61087	0.23636	0.15278
400 A	0.60212	0.27442	0.12347
401 A	0.59591	0.29578	0.10831
402 A	0.58943	0.30372	0.10685
403 G	0.58845	0.30299	0.10856
404 A	0.59485	0.29473	0.11042
405 A	0.60786	0.27893	0.11321
406 C	0.63394	0.25009	0.11597
407 A	0.66362	0.22155	0.11483
408 A	0.67577	0.21153	0.1127
409 A	0.68760	0.20045	0.11195
410 T	0.69839	0.19065	0.11096
411 T	0.70081	0.18944	0.10974
412 G	0.70241	0.18878	0.10881
413 T	0.70735	0.18427	0.10838
414 T	0.71004	0.18175	0.10821
415 T	0.71243	0.17887	0.1087
416 T	0.71585	0.17457	0.10958
417 A	0.71431	0.17476	0.11093
418 T	0.71311	0.17057	0.11633
419 C	0.70467	0.17103	0.12431
420 A	0.69783	0.17511	0.12707
421 C	0.70325	0.16649	0.13026
422 G	0.71748	0.15135	0.13117
423 T	0.73485	0.13015	0.135
424 A	0.72263	0.14030	0.13707
425 T	0.71127	0.14476	0.14397
426 T	0.68670	0.16758	0.14572
427 C	0.62777	0.22323	0.149
428 A	0.50366	0.34959	0.14675
429 A	0.44209	0.41252	0.14539
430 A	0.40629	0.45123	0.14249
431 T	0.39163	0.46897	0.1394
432 A	0.36143	0.51061	0.12796
433 A	0.32802	0.55432	0.11766
434 T	0.31792	0.56799	0.11409
435 T	0.30041	0.58764	0.11195
436 T	0.28278	0.60851	0.10871
437 A	0.25472	0.63962	0.10565
438 T	0.23477	0.66077	0.10447
439 A	0.20263	0.69539	0.10198
440 A	0.18735	0.70813	0.10452
441 A	0.18031	0.71119	0.10849
442 A	0.17752	0.70573	0.11675
443 A	0.17667	0.69635	0.12698
444 A	0.17651	0.68683	0.13666
445 G	0.17705	0.67329	0.14966
446 A	0.17731	0.65727	0.16542
447 T	0.17797	0.62670	0.19532
448 G	0.17827	0.60873	0.213
449 A	0.17877	0.58795	0.23328
450 A	0.17989	0.53330	0.28681
451 G	0.18267	0.40063	0.4167
452 A	0.18468	0.33878	0.47654
453 A	0.18870	0.29245	0.51885
454 G	0.19370	0.26476	0.54154
455 G	0.20741	0.21411	0.57849
456 T	0.22326	0.15507	0.62168
457 T	0.23058	0.12521	0.64421
458 T	0.23373	0.10488	0.66139
459 T	0.23585	0.09773	0.66642
460 G	0.23690	0.09038	0.67272
461 G	0.23807	0.08743	0.6745
462 T	0.24128	0.07983	0.67889
463 T	0.24226	0.11416	0.64358
464 T	0.24215	0.21488	0.54297
465 T	0.23995	0.43588	0.32417
466 T	0.23447	0.56722	0.19832
467 A	0.22282	0.65464	0.12253
468 T	0.21749	0.66892	0.1136
469 A	0.21378	0.68379	0.10244
470 A	0.21270	0.68897	0.09833
471 A	0.21223	0.68984	0.09793
472 C	0.21224	0.69014	0.09762
473 A	0.21221	0.69102	0.09677
474 T	0.21224	0.69140	0.09636
475 C	0.21201	0.69195	0.09603
476 A	0.21170	0.69344	0.09486
477 A	0.21134	0.69460	0.09406
478 G	0.21130	0.69500	0.0937
479 G	0.21184	0.69476	0.09341
480 A	0.21352	0.69351	0.09296
481 G	0.21785	0.68946	0.09269
482 G	0.22584	0.68165	0.09251
483 A	0.24313	0.66461	0.09227
484 A	0.26466	0.64308	0.09226
485 A	0.29472	0.61286	0.09242
486 A	0.35462	0.55236	0.09302
487 A	0.47992	0.42473	0.09535
488 T	0.70907	0.19086	0.10006
489 T	0.81500	0.07835	0.10664
490 T	0.85277	0.03079	0.11644
491 C	0.85666	0.02260	0.12074
492 T	0.86196	0.01568	0.12236
493 G	0.86297	0.01472	0.12231
494 C	0.86319	0.01456	0.12225
495 T	0.86388	0.01430	0.12183
496 T	0.86495	0.01381	0.12124
497 T	0.86535	0.01381	0.12085
498 A	0.86459	0.01448	0.12092
499 G	0.86513	0.01381	0.12106
500 T	0.86586	0.01262	0.12152
501 T	0.86592	0.01243	0.12166
502 C	0.86574	0.01305	0.12121
503 A	0.86595	0.01394	0.12011
504 T	0.86577	0.01533	0.11889
505 T	0.86496	0.01629	0.11875
506 T	0.86396	0.01745	0.11859
507 A	0.86054	0.02116	0.1183
508 A	0.85763	0.02432	0.11805
509 C	0.85651	0.02570	0.1178
510 T	0.85610	0.02701	0.11689
511 A	0.85286	0.03060	0.11654
512 A	0.85132	0.03234	0.11634
513 A	0.85113	0.03271	0.11616
514 T	0.85112	0.03253	0.11635
515 C	0.85114	0.03155	0.11732
516 T	0.85168	0.03036	0.11796
517 T	0.85178	0.02971	0.11852
518 C	0.85101	0.03007	0.11893
519 T	0.85088	0.03015	0.11898
520 G	0.85056	0.03051	0.11893
521 C	0.85041	0.02981	0.11978
522 T	0.85045	0.02998	0.11957
523 G	0.85020	0.03053	0.11928
524 A	0.85016	0.03022	0.11962
525 T	0.85044	0.02930	0.12025
526 G	0.84987	0.02959	0.12054
527 T	0.84990	0.02761	0.12249
528 C	0.84765	0.02823	0.12412
529 G	0.84565	0.02971	0.12464
530 A	0.83914	0.03577	0.12509
531 A	0.83440	0.03871	0.12689
532 G	0.83117	0.04108	0.12774
533 A	0.83060	0.04143	0.12797
534 A	0.83031	0.03820	0.13149
535 C	0.83026	0.03634	0.1334
536 A	0.83040	0.03592	0.13367
537 T	0.83040	0.03548	0.13412
538 T	0.83016	0.03532	0.13452
539 T	0.82962	0.03545	0.13493
540 G	0.82642	0.03834	0.13524
541 C	0.82500	0.03830	0.1367
542 C	0.82365	0.03942	0.13694
543 T	0.82299	0.04004	0.13697
544 G	0.82197	0.04123	0.13679
545 T	0.82180	0.04152	0.13668
546 T	0.82105	0.04259	0.13636
547 C	0.81934	0.04460	0.13606
548 A	0.81380	0.05350	0.13269
549 T	0.80095	0.06621	0.13284
550 A	0.78573	0.08157	0.13269
551 T	0.77922	0.08632	0.13446
552 A	0.77017	0.09423	0.1356
553 G	0.76514	0.09194	0.14292
554 T	0.76292	0.08927	0.1478
555 T	0.75769	0.09144	0.15087
556 G	0.75131	0.09740	0.1513
557 G	0.74799	0.10080	0.15121
558 T	0.74455	0.10567	0.14979
559 A	0.73133	0.12190	0.14677
560 T	0.72159	0.13505	0.14336
561 G	0.70374	0.15383	0.14244
562 A	0.68883	0.16901	0.14217
563 A	0.68237	0.17308	0.14454
564 A	0.67489	0.17905	0.14606
565 C	0.67309	0.17883	0.14808
566 C	0.67142	0.18002	0.14856
567 T	0.66999	0.18406	0.14596
568 A	0.66778	0.18842	0.1438
569 A	0.66661	0.19182	0.14157
570 A	0.66564	0.19414	0.14022
571 T	0.66838	0.18712	0.1445
572 T	0.66622	0.17126	0.16251
573 T	0.65795	0.16235	0.17971
574 T	0.62911	0.18898	0.1819
575 T	0.60859	0.21848	0.17293
576 A	0.57368	0.27766	0.14866
577 A	0.54025	0.35072	0.10902
578 A	0.52672	0.37136	0.10192
579 T	0.52043	0.37647	0.1031
580 A	0.49505	0.40421	0.10074
581 A	0.48200	0.41580	0.1022
582 A	0.47756	0.40910	0.11335
583 G	0.47665	0.39945	0.1239
584 A	0.47557	0.38494	0.13949
585 G	0.47480	0.37076	0.15444
586 T	0.47497	0.36435	0.16068
587 C	0.47287	0.35909	0.16805
588 A	0.46894	0.36344	0.16762
589 G	0.46471	0.36694	0.16835
590 T	0.46441	0.36717	0.16842
591 A	0.46068	0.37250	0.16682
592 G	0.46090	0.37415	0.16495
593 A	0.46212	0.37038	0.1675
594 T	0.46357	0.36311	0.17332
595 A	0.45942	0.35942	0.18117
596 A	0.45921	0.34289	0.19789
597 C	0.45969	0.30175	0.23856
598 G	0.47019	0.28502	0.24479
599 A	0.49052	0.26258	0.2469
600 T	0.52947	0.21919	0.25134
601 T	0.52519	0.25706	0.21775
602 T	0.50256	0.30173	0.19571
603 T	0.45155	0.35852	0.18993
604 A	0.36678	0.45875	0.17447
605 T	0.32426	0.50930	0.16644
606 A	0.25297	0.59798	0.14905
607 A	0.22609	0.63011	0.1438
608 A	0.20341	0.65619	0.14041
609 T	0.18871	0.67530	0.13599
610 A	0.16409	0.70004	0.13587
611 A	0.14268	0.72062	0.13669
612 A	0.13574	0.72559	0.13867
613 G	0.13262	0.72610	0.14128
614 C	0.13132	0.72625	0.14242
615 A	0.13112	0.73656	0.13232
616 A	0.13147	0.74125	0.12728
617 A	0.13109	0.74596	0.12296
618 A	0.13256	0.74394	0.1235
619 G	0.13511	0.73948	0.12541
620 A	0.13929	0.72803	0.13268
621 A	0.15461	0.70830	0.13708
622 A	0.17687	0.67780	0.14534
623 A	0.20518	0.63039	0.16442
624 T	0.27397	0.51265	0.21339
625 T	0.30412	0.43850	0.25738
626 T	0.32240	0.37148	0.30612
627 A	0.31902	0.35683	0.32414
628 T	0.30984	0.36586	0.32431
629 T	0.29679	0.40336	0.29984
630 A	0.24475	0.46918	0.28608
631 G	0.22793	0.50627	0.2658
632 A	0.22291	0.53420	0.24289
633 A	0.22057	0.54590	0.23353
634 C	0.22002	0.55338	0.2266
635 A	0.21989	0.55963	0.22049
636 A	0.21878	0.57013	0.21108
637 A	0.22048	0.58423	0.1953
638 T	0.22096	0.60817	0.17087
639 C	0.21827	0.61553	0.16619
640 A	0.21864	0.63676	0.14459
641 A	0.21690	0.65629	0.12681
642 A	0.21445	0.66616	0.11939
643 C	0.21338	0.67199	0.11463
644 A	0.20050	0.69547	0.10402
645 A	0.17637	0.73048	0.09315
646 A	0.17052	0.74789	0.08159
647 A	0.17002	0.75162	0.07836
648 G	0.17344	0.75218	0.07438
649 A	0.18411	0.73534	0.08056
650 A	0.21842	0.67895	0.10263
651 C	0.25573	0.61314	0.13114
652 A	0.31202	0.54453	0.14345
653 G	0.34529	0.48040	0.17431
654 T	0.39441	0.43070	0.1749
655 C	0.42006	0.40814	0.17179
656 G	0.41895	0.44121	0.13984
657 T	0.43068	0.43070	0.13861
658 A	0.42165	0.43807	0.14028
659 A	0.42197	0.43528	0.14276
660 A	0.43586	0.41792	0.14622
661 C	0.46149	0.37348	0.16504
662 C	0.46885	0.35814	0.17301
663 A	0.48615	0.34480	0.16905
664 T	0.50225	0.32827	0.16948
665 T	0.49115	0.33955	0.1693
666 A	0.45018	0.38178	0.16805
667 A	0.44480	0.37595	0.17925
668 C	0.44662	0.34054	0.21284
669 G	0.45001	0.32704	0.22295
670 G	0.45258	0.32028	0.22714
671 A	0.45578	0.31721	0.22702
672 T	0.45944	0.31306	0.2275
673 C	0.45214	0.32269	0.22518
674 A	0.44237	0.34215	0.21548
675 A	0.44315	0.35700	0.19984
676 T	0.45588	0.36192	0.1822
677 T	0.45648	0.38007	0.16346
678 A	0.44734	0.40239	0.15027
679 T	0.45149	0.39007	0.15843
680 T	0.42622	0.41770	0.15608
681 A	0.33698	0.50691	0.15611
682 G	0.25990	0.59451	0.14559
683 A	0.19590	0.67347	0.13063
684 A	0.15658	0.72469	0.11873
685 A	0.13736	0.74270	0.11995
686 A	0.13445	0.73678	0.12877
687 A	0.12960	0.73436	0.13604
688 G	0.13102	0.71445	0.15453
689 C	0.13343	0.67373	0.19284
690 A	0.13503	0.67344	0.19152
691 A	0.13548	0.67211	0.19241
692 T	0.13578	0.66966	0.19456
693 A	0.12369	0.68410	0.1922
694 G	0.12043	0.68445	0.19511
695 A	0.12358	0.67948	0.19693
696 A	0.12746	0.66807	0.20447
697 A	0.13981	0.64557	0.21461
698 A	0.16185	0.61534	0.22281
699 T	0.19170	0.57332	0.23498
700 A	0.20911	0.55391	0.23698
701 A	0.22516	0.53447	0.24038
702 T	0.24596	0.51872	0.23532
703 T	0.25490	0.54015	0.20495
704 T	0.25333	0.47240	0.27427
705 A	0.23780	0.42650	0.3357
706 A	0.23688	0.36803	0.39509
707 G	0.24412	0.32631	0.42958
708 C	0.24647	0.30833	0.4452
709 A	0.24847	0.30346	0.44807
710 C	0.25401	0.29299	0.45301
711 T	0.25946	0.29324	0.4473
712 T	0.26152	0.29725	0.44122
713 T	0.26088	0.30031	0.43881
714 A	0.25401	0.31014	0.43584
715 A	0.25004	0.31723	0.43274
716 T	0.24541	0.31210	0.44248
717 C	0.23911	0.32608	0.43481
718 G	0.22988	0.42102	0.3491
719 A	0.22234	0.54330	0.23436
720 A	0.22346	0.63507	0.14147
721 A	0.22713	0.66514	0.10773
722 A	0.23293	0.67298	0.09408
723 A	0.25198	0.65745	0.09057
724 A	0.27389	0.63469	0.09142
725 A	0.30399	0.60034	0.09568
726 T	0.35765	0.53810	0.10425
727 T	0.36462	0.51964	0.11573
728 G	0.36982	0.49570	0.13449
729 T	0.37346	0.48350	0.14304
730 T	0.37508	0.47903	0.1459
731 T	0.37590	0.47737	0.14673
732 A	0.37578	0.47731	0.14691
733 T	0.37918	0.47295	0.14787
734 T	0.38153	0.46990	0.14858
735 A	0.38132	0.46887	0.14982
736 G	0.38186	0.46435	0.15379
737 A	0.38444	0.45557	0.15999
738 A	0.38994	0.44358	0.16647
739 C	0.40365	0.41803	0.17832
740 A	0.42555	0.39100	0.18345
741 A	0.51877	0.28813	0.1931
742 C	0.63622	0.16257	0.2012
743 T	0.72864	0.06897	0.20239
744 T	0.75286	0.04411	0.20303
745 T	0.76018	0.03660	0.20323
746 T	0.75556	0.04409	0.20035
747 T	0.74053	0.06549	0.19398
748 T	0.71944	0.09170	0.18885
749 A	0.66543	0.15313	0.18143
750 T	0.62521	0.20119	0.1736
751 A	0.55969	0.28192	0.15839
752 T	0.49533	0.35529	0.14938
753 G	0.31388	0.56533	0.12079
754 G	0.20252	0.68841	0.10907
755 A	0.13343	0.77520	0.09137
756 A	0.10987	0.80543	0.0847
757 A	0.09878	0.82059	0.08063
758 C	0.09368	0.82562	0.08071
759 A	0.09113	0.82836	0.08051
760 A	0.08991	0.82883	0.08126
761 A	0.08736	0.83090	0.08174
762 T	0.08609	0.83215	0.08175
763 C	0.08312	0.83556	0.08132
764 A	0.08125	0.83873	0.08002
765 A	0.08096	0.83985	0.07919
766 A	0.08116	0.84070	0.07813
767 A	0.08190	0.84004	0.07806
768 A	0.08399	0.83691	0.0791
769 A	0.08831	0.81886	0.09284
770 T	0.09540	0.78607	0.11853
771 A	0.09991	0.74796	0.15213
772 A	0.10619	0.68187	0.21194
773 G	0.11377	0.61132	0.27492
774 A	0.12645	0.54823	0.32532
775 G	0.13566	0.49578	0.36856
776 A	0.16227	0.35183	0.48591
777 A	0.17779	0.26748	0.55473
778 T	0.19761	0.21659	0.5858
779 A	0.20343	0.23066	0.56591
780 T	0.20622	0.26950	0.52428
781 T	0.20552	0.32289	0.4716
782 T	0.19892	0.36986	0.43121
783 A	0.18709	0.39247	0.42044
784 G	0.17974	0.40436	0.4159
785 A	0.17836	0.41852	0.40312
786 T	0.17808	0.43146	0.39047
787 C	0.17763	0.45709	0.36528
788 A	0.17749	0.49771	0.3248
789 T	0.17850	0.51933	0.30217
790 A	0.17727	0.57523	0.2475
791 A	0.17707	0.59153	0.2314
792 T	0.17717	0.59752	0.22531
793 A	0.17595	0.59955	0.2245
794 A	0.17641	0.59828	0.2253
795 A	0.18093	0.59235	0.22672
796 A	0.18984	0.58161	0.22855
797 C	0.21294	0.55649	0.23057
798 T	0.24649	0.52239	0.23112
799 G	0.26635	0.50229	0.23135
800 A	0.29120	0.47737	0.23143
801 T	0.33092	0.43726	0.23181
802 A	0.36923	0.39868	0.23209
803 T	0.42525	0.33723	0.23752
804 T	0.47563	0.28356	0.2408
805 A	0.50454	0.24768	0.24777
806 T	0.51732	0.22295	0.25972
807 C	0.52466	0.20876	0.26657
808 G	0.53995	0.19206	0.26799
809 C	0.56219	0.16934	0.26848
810 T	0.60303	0.12900	0.26796
811 T	0.63909	0.09478	0.26614
812 A	0.65254	0.08515	0.26231
813 T	0.69099	0.04897	0.26004
814 T	0.68504	0.06190	0.25307
815 A	0.64988	0.11192	0.2382
816 T	0.63470	0.13175	0.23355
817 T	0.60581	0.16945	0.22474
818 G	0.59794	0.17747	0.22458
819 T	0.59227	0.18339	0.22434
820 T	0.57970	0.19696	0.22334
821 T	0.56916	0.20779	0.22306
822 C	0.55296	0.22414	0.22291
823 G	0.55238	0.22474	0.22288
824 A	0.55232	0.22480	0.22287
825 A	0.55243	0.22464	0.22293
826 G	0.55249	0.22450	0.223
827 T	0.55261	0.22423	0.22316
828 T	0.55265	0.22332	0.22402
829 G	0.55268	0.22276	0.22456
830 G	0.55275	0.22200	0.22525
831 A	0.55292	0.22128	0.2258
832 A	0.55321	0.22011	0.22669
833 A	0.55432	0.21785	0.22783
834 A	0.55695	0.21258	0.23048
835 A	0.56167	0.20162	0.23672
836 A	0.56652	0.18991	0.24358
837 A	0.57533	0.16239	0.26228
838 T	0.59169	0.10178	0.30653
839 A	0.59768	0.06956	0.33276
840 A	0.60726	0.00000	0.39274
