# lcl|CP097583.1_cds_USQ93262.1_1
# AA	inside	membr	outside
1 A	0.28893	0.00000	0.71107
2 T	0.28793	0.00101	0.71107
3 G	0.28699	0.00195	0.71107
4 G	0.28699	0.04716	0.66586
5 A	0.28154	0.15361	0.56485
6 T	0.28154	0.17692	0.54154
7 G	0.15656	0.31039	0.53305
8 A	0.15656	0.31057	0.53287
9 A	0.15128	0.31781	0.53091
10 A	0.15128	0.39466	0.45407
11 A	0.15086	0.39744	0.4517
12 T	0.14760	0.40115	0.45125
13 A	0.14283	0.40793	0.44924
14 G	0.14283	0.40793	0.44924
15 A	0.14283	0.41343	0.44374
16 A	0.14274	0.41352	0.44374
17 T	0.14268	0.41359	0.44373
18 A	0.14267	0.41365	0.44368
19 G	0.14253	0.41380	0.44367
20 A	0.14232	0.41410	0.44359
21 T	0.14201	0.41418	0.44382
22 G	0.14294	0.41293	0.44413
23 C	0.14651	0.40862	0.44487
24 T	0.15441	0.40060	0.44499
25 A	0.15965	0.39356	0.44679
26 T	0.16535	0.38589	0.44876
27 G	0.20038	0.34778	0.45184
28 A	0.28968	0.25480	0.45552
29 T	0.32220	0.21268	0.46512
30 T	0.34821	0.07777	0.57401
31 T	0.35187	0.07134	0.5768
32 C	0.35520	0.06330	0.5815
33 T	0.40038	0.02712	0.5725
34 T	0.40191	0.04220	0.55589
35 T	0.40209	0.05135	0.54655
36 T	0.40215	0.05630	0.54155
37 T	0.40135	0.06193	0.53672
38 T	0.39872	0.07087	0.53041
39 T	0.38212	0.12003	0.49785
40 A	0.35225	0.15390	0.49385
41 A	0.34621	0.16136	0.49243
42 T	0.34496	0.16340	0.49164
43 A	0.34393	0.16473	0.49134
44 G	0.34336	0.16734	0.4893
45 T	0.34337	0.16770	0.48893
46 T	0.34321	0.16922	0.48757
47 T	0.34284	0.17141	0.48575
48 A	0.34203	0.17648	0.48149
49 A	0.34109	0.19390	0.46501
50 A	0.34095	0.19640	0.46265
51 A	0.34104	0.19668	0.46228
52 A	0.34166	0.19619	0.46215
53 T	0.34425	0.19348	0.46227
54 A	0.34628	0.19154	0.46218
55 C	0.34909	0.18837	0.46254
56 A	0.35872	0.17920	0.46207
57 A	0.37944	0.15785	0.46272
58 T	0.39936	0.13403	0.46661
59 T	0.41795	0.11353	0.46851
60 T	0.42442	0.10631	0.46926
61 T	0.42829	0.09961	0.47211
62 T	0.43117	0.08430	0.48452
63 T	0.41631	0.07954	0.50416
64 A	0.38985	0.10858	0.50158
65 T	0.37080	0.13172	0.49748
66 C	0.34431	0.17006	0.48563
67 G	0.32915	0.21691	0.45394
68 A	0.32183	0.22956	0.4486
69 G	0.32071	0.23166	0.44763
70 A	0.32154	0.23150	0.44695
71 A	0.32557	0.22743	0.447
72 C	0.33971	0.21232	0.44797
73 C	0.34068	0.21121	0.44811
74 C	0.34056	0.21135	0.44809
75 A	0.34046	0.21148	0.44807
76 C	0.34043	0.21151	0.44806
77 C	0.34032	0.21166	0.44802
78 T	0.34034	0.21170	0.44795
79 C	0.34049	0.21162	0.44789
80 A	0.34050	0.21187	0.44764
81 A	0.34076	0.21195	0.44729
82 A	0.34150	0.21127	0.44723
83 G	0.34311	0.20896	0.44794
84 A	0.34847	0.20288	0.44865
85 A	0.35319	0.18574	0.46107
86 T	0.36290	0.15139	0.4857
87 T	0.37420	0.10750	0.5183
88 G	0.37625	0.08460	0.53915
89 C	0.38354	0.05788	0.55858
90 C	0.39976	0.04232	0.55792
91 A	0.40218	0.06656	0.53127
92 A	0.40295	0.07458	0.52247
93 T	0.40488	0.07938	0.51574
94 A	0.40453	0.09371	0.50176
95 T	0.40439	0.10204	0.49357
96 T	0.40154	0.10466	0.49381
97 T	0.39766	0.10764	0.49471
98 T	0.38942	0.11548	0.4951
99 A	0.36578	0.13844	0.49579
100 C	0.35600	0.14729	0.49671
101 C	0.34827	0.15474	0.497
102 T	0.34067	0.16265	0.49668
103 C	0.33378	0.16985	0.49637
104 A	0.32844	0.17568	0.49589
105 T	0.32593	0.17879	0.49529
106 G	0.32195	0.18325	0.4948
107 T	0.32007	0.18532	0.49461
108 A	0.31551	0.19085	0.49364
109 A	0.31169	0.19420	0.49411
110 A	0.30907	0.19560	0.49534
111 A	0.30918	0.19268	0.49814
112 A	0.31041	0.18926	0.50032
113 C	0.32051	0.17510	0.50438
114 T	0.34850	0.14649	0.50501
115 A	0.35489	0.14117	0.50394
116 A	0.36008	0.13760	0.50232
117 T	0.37132	0.12712	0.50156
118 T	0.37349	0.12926	0.49725
119 T	0.36993	0.13242	0.49766
120 A	0.35911	0.14123	0.49966
121 A	0.35342	0.13931	0.50727
122 T	0.35136	0.11710	0.53154
123 T	0.34718	0.11282	0.54001
124 G	0.34350	0.11288	0.54362
125 T	0.34249	0.11240	0.5451
126 T	0.33938	0.11417	0.54644
127 G	0.33644	0.11687	0.54669
128 T	0.33554	0.11855	0.54591
129 T	0.33084	0.12420	0.54496
130 A	0.32564	0.13181	0.54255
131 A	0.32357	0.13401	0.54242
132 A	0.32219	0.13492	0.54289
133 G	0.32087	0.13672	0.5424
134 A	0.31981	0.14195	0.53824
135 T	0.31933	0.14965	0.53103
136 A	0.31720	0.17269	0.51012
137 A	0.31672	0.17734	0.50595
138 A	0.31793	0.17666	0.50541
139 A	0.32030	0.17292	0.50678
140 A	0.32313	0.16688	0.50999
141 T	0.33064	0.15329	0.51606
142 T	0.33571	0.14281	0.52148
143 A	0.33780	0.13223	0.52997
144 T	0.33960	0.12336	0.53704
145 G	0.34042	0.11930	0.54027
146 C	0.34209	0.11380	0.54411
147 T	0.34639	0.11207	0.54154
148 A	0.34887	0.11637	0.53476
149 T	0.34964	0.12213	0.52823
150 T	0.34031	0.14588	0.51381
151 G	0.31667	0.18140	0.50193
152 T	0.30228	0.20397	0.49376
153 A	0.27336	0.24102	0.48563
154 G	0.24635	0.27265	0.481
155 A	0.24585	0.27626	0.47789
156 A	0.24875	0.27354	0.47771
157 A	0.25394	0.26773	0.47833
158 G	0.26386	0.25653	0.47961
159 T	0.28531	0.23321	0.48149
160 T	0.28924	0.22831	0.48244
161 T	0.29043	0.22672	0.48285
162 T	0.29077	0.22617	0.48305
163 A	0.29090	0.22595	0.48315
164 C	0.29103	0.22565	0.48332
165 A	0.29112	0.22548	0.4834
166 A	0.29138	0.22508	0.48354
167 A	0.29186	0.22439	0.48375
168 A	0.29302	0.22279	0.48419
169 G	0.29489	0.22044	0.48468
170 A	0.30105	0.21178	0.48716
171 A	0.31119	0.19601	0.49279
172 A	0.32548	0.17434	0.50018
173 T	0.35119	0.12912	0.51969
174 T	0.36581	0.08846	0.54574
175 T	0.37562	0.06137	0.56301
176 A	0.38115	0.03164	0.58721
177 A	0.38663	0.00000	0.61337
