# lcl|CP097583.1_cds_USQ93365.1_1
# AA	inside	membr	outside
1 A	0.14299	0.00000	0.85701
2 T	0.13910	0.00389	0.85701
3 G	0.13648	0.00651	0.85701
4 G	0.13648	0.00715	0.85636
5 C	0.12553	0.01826	0.85621
6 A	0.12553	0.01835	0.85612
7 A	0.09761	0.04632	0.85608
8 T	0.09761	0.04632	0.85607
9 C	0.09559	0.04834	0.85607
10 G	0.09559	0.04940	0.85501
11 G	0.09543	0.04961	0.85495
12 A	0.09442	0.05066	0.85492
13 T	0.09362	0.05157	0.85481
14 T	0.09362	0.05157	0.85481
15 A	0.09362	0.05396	0.85242
16 T	0.09349	0.05408	0.85242
17 T	0.09330	0.05429	0.85242
18 G	0.09328	0.05433	0.85239
19 T	0.09301	0.05461	0.85238
20 G	0.09138	0.05665	0.85198
21 T	0.08912	0.05870	0.85218
22 T	0.08887	0.05882	0.85231
23 A	0.08848	0.05902	0.8525
24 T	0.08840	0.05842	0.85318
25 A	0.08800	0.05278	0.85922
26 T	0.08775	0.04962	0.86263
27 T	0.08753	0.04631	0.86616
28 G	0.08702	0.04218	0.87079
29 G	0.08644	0.04708	0.86648
30 T	0.08630	0.03792	0.87578
31 T	0.08548	0.04977	0.86475
32 T	0.08307	0.06789	0.84904
33 T	0.08002	0.10418	0.81579
34 A	0.07614	0.14559	0.77827
35 A	0.07438	0.15897	0.76666
36 A	0.06810	0.17561	0.75629
37 A	0.06596	0.18213	0.75192
38 T	0.06719	0.18201	0.7508
39 T	0.06552	0.18554	0.74894
40 A	0.06106	0.19130	0.74763
41 T	0.05862	0.19424	0.74714
42 G	0.05435	0.19946	0.7462
43 A	0.05218	0.20157	0.74625
44 A	0.04944	0.20579	0.74477
45 A	0.04848	0.20785	0.74368
46 G	0.04742	0.21039	0.74219
47 G	0.04732	0.21436	0.73832
48 A	0.04760	0.21675	0.73566
49 A	0.04807	0.21647	0.73546
50 A	0.04949	0.21448	0.73604
51 A	0.05435	0.20893	0.73672
52 A	0.06386	0.19826	0.73788
53 C	0.07744	0.18270	0.73986
54 A	0.09208	0.16711	0.74081
55 A	0.11076	0.14603	0.74322
56 T	0.14567	0.10889	0.74544
57 T	0.17816	0.07468	0.74717
58 A	0.18588	0.06674	0.74737
59 T	0.19459	0.05020	0.7552
60 T	0.19622	0.04487	0.7589
61 T	0.19455	0.04606	0.75939
62 A	0.18608	0.05714	0.75677
63 T	0.15671	0.08835	0.75494
64 A	0.13710	0.11457	0.74833
65 A	0.12062	0.12993	0.74945
66 A	0.11042	0.13833	0.75126
67 G	0.10628	0.13994	0.75377
68 A	0.10269	0.14246	0.75486
69 C	0.09829	0.14547	0.75624
70 C	0.09745	0.14622	0.75634
71 C	0.09793	0.14590	0.75618
72 T	0.09629	0.14878	0.75493
73 A	0.08930	0.15834	0.75236
74 A	0.08419	0.16437	0.75145
75 C	0.07730	0.17185	0.75085
76 A	0.05820	0.19123	0.75056
77 A	0.05340	0.19605	0.75055
78 A	0.05140	0.19799	0.7506
79 G	0.04927	0.20002	0.75072
80 C	0.04891	0.20013	0.75096
81 T	0.04923	0.19920	0.75157
82 A	0.04796	0.19966	0.75238
83 A	0.04792	0.19825	0.75383
84 A	0.04917	0.19431	0.75652
85 A	0.05207	0.18351	0.76442
86 C	0.05598	0.14170	0.80232
87 A	0.06318	0.11841	0.81841
88 T	0.06520	0.10152	0.83328
89 T	0.06537	0.09414	0.84049
90 A	0.06501	0.09076	0.84423
91 G	0.06484	0.08760	0.84757
92 A	0.06461	0.07986	0.85553
93 C	0.06468	0.07196	0.86336
94 A	0.06509	0.06956	0.86535
95 A	0.06676	0.06579	0.86745
96 T	0.06982	0.05670	0.87348
97 A	0.07062	0.05162	0.87775
98 T	0.07120	0.04501	0.88379
99 T	0.07137	0.02438	0.90425
100 G	0.07141	0.02187	0.90672
101 A	0.07145	0.02079	0.90775
102 T	0.07147	0.01927	0.90926
103 T	0.07102	0.01980	0.90918
104 T	0.06999	0.02109	0.90892
105 T	0.06880	0.02178	0.90942
106 G	0.06589	0.02529	0.90883
107 G	0.06383	0.02772	0.90845
108 A	0.06255	0.02996	0.90749
109 C	0.06184	0.03057	0.90759
110 A	0.06167	0.03108	0.90725
111 G	0.06191	0.03095	0.90713
112 A	0.06228	0.03067	0.90705
113 C	0.06318	0.02969	0.90713
114 T	0.06394	0.02889	0.90716
115 T	0.06438	0.02810	0.90752
116 T	0.06443	0.02782	0.90775
117 G	0.06419	0.02796	0.90784
118 C	0.06435	0.02778	0.90788
119 C	0.06444	0.02763	0.90793
120 C	0.06468	0.02737	0.90795
121 G	0.06500	0.02720	0.9078
122 A	0.06614	0.02640	0.90746
123 T	0.06895	0.02391	0.90715
124 G	0.06972	0.02387	0.90641
125 G	0.07070	0.02422	0.90509
126 T	0.07184	0.02334	0.90482
127 G	0.07222	0.02244	0.90535
128 G	0.07280	0.02215	0.90505
129 T	0.07357	0.02376	0.90266
130 A	0.07266	0.02557	0.90176
131 A	0.07201	0.02847	0.89952
132 A	0.07096	0.03000	0.89904
133 T	0.06780	0.03439	0.8978
134 C	0.06325	0.04003	0.89672
135 A	0.05847	0.04918	0.89235
136 A	0.05628	0.05210	0.89162
137 A	0.05496	0.05368	0.89136
138 T	0.05414	0.05468	0.89119
139 T	0.05201	0.05745	0.89054
140 C	0.04762	0.06302	0.88937
141 A	0.04562	0.07021	0.88417
142 A	0.04420	0.07290	0.8829
143 A	0.04327	0.07438	0.88235
144 A	0.04303	0.07469	0.88227
145 A	0.04324	0.07450	0.88225
146 C	0.04350	0.07334	0.88315
147 A	0.04447	0.07187	0.88366
148 A	0.04659	0.06934	0.88407
149 T	0.04948	0.06599	0.88453
150 C	0.05072	0.06425	0.88503
151 A	0.05173	0.06316	0.88512
152 A	0.05454	0.05957	0.8859
153 A	0.05630	0.05640	0.8873
154 T	0.05973	0.05149	0.88879
155 A	0.06094	0.04933	0.88973
156 T	0.06249	0.04336	0.89415
157 A	0.06302	0.03874	0.89824
158 G	0.06584	0.03158	0.90259
159 T	0.06536	0.03009	0.90454
160 G	0.06104	0.03485	0.90411
161 A	0.06011	0.03674	0.90316
162 A	0.06033	0.03541	0.90426
163 C	0.06180	0.03057	0.90762
164 A	0.06626	0.02574	0.908
165 T	0.06800	0.02305	0.90895
166 T	0.06851	0.02188	0.90961
167 T	0.06854	0.02160	0.90985
168 T	0.06836	0.02166	0.90997
169 C	0.06806	0.02165	0.91029
170 C	0.06770	0.02197	0.91034
171 T	0.06760	0.02225	0.91015
172 T	0.06744	0.02250	0.91006
173 T	0.06723	0.02281	0.90995
174 A	0.06686	0.02344	0.9097
175 A	0.06654	0.02402	0.90945
176 C	0.06579	0.02492	0.90929
177 A	0.06536	0.02647	0.90818
178 A	0.06457	0.02748	0.90795
179 A	0.06479	0.02734	0.90786
180 A	0.06564	0.02634	0.90803
181 A	0.06680	0.02486	0.90835
182 A	0.06814	0.02181	0.91005
183 T	0.07081	0.01457	0.91462
184 T	0.07252	0.01160	0.91587
185 A	0.07290	0.01074	0.91636
186 T	0.07326	0.01014	0.9166
187 T	0.07356	0.00965	0.9168
188 T	0.07357	0.00955	0.91688
189 T	0.07352	0.00939	0.91709
190 T	0.07341	0.00929	0.9173
191 T	0.07325	0.00919	0.91756
192 A	0.07281	0.00937	0.91782
193 C	0.07269	0.00901	0.9183
194 G	0.07269	0.00891	0.9184
195 C	0.07273	0.00877	0.9185
196 A	0.07283	0.00889	0.91828
197 A	0.07316	0.00845	0.91839
198 A	0.07354	0.00792	0.91855
199 T	0.07417	0.00652	0.91932
200 T	0.07516	0.00509	0.91975
201 C	0.07544	0.00377	0.92079
202 A	0.07558	0.00354	0.92088
203 T	0.07574	0.00330	0.92096
204 G	0.07582	0.00320	0.92099
205 A	0.07596	0.00304	0.921
206 T	0.07621	0.00278	0.92101
207 T	0.07638	0.00253	0.92109
208 T	0.07652	0.00232	0.92116
209 T	0.07662	0.00219	0.92119
210 T	0.07669	0.00209	0.92122
211 G	0.07671	0.00198	0.92131
212 T	0.07673	0.00185	0.92142
213 T	0.07672	0.00174	0.92153
214 A	0.07671	0.00160	0.92169
215 C	0.07673	0.00121	0.92206
216 A	0.07675	0.00112	0.92213
217 T	0.07679	0.00097	0.92223
218 C	0.07682	0.00090	0.92227
219 T	0.07705	0.00068	0.92228
220 T	0.07706	0.00067	0.92227
221 T	0.07702	0.00072	0.92226
222 G	0.07696	0.00079	0.92225
223 T	0.07695	0.00081	0.92225
224 T	0.07692	0.00082	0.92226
225 A	0.07682	0.00091	0.92227
226 T	0.07679	0.00093	0.92228
227 T	0.07677	0.00094	0.92228
228 A	0.07671	0.00101	0.92228
229 C	0.07670	0.00102	0.92227
230 T	0.07673	0.00100	0.92227
231 T	0.07671	0.00102	0.92227
232 T	0.07668	0.00105	0.92227
233 T	0.07662	0.00112	0.92226
234 C	0.07637	0.00138	0.92225
235 A	0.07622	0.00156	0.92222
236 T	0.07619	0.00159	0.92222
237 T	0.07614	0.00163	0.92223
238 A	0.07609	0.00169	0.92222
239 T	0.07608	0.00169	0.92223
240 T	0.07605	0.00169	0.92225
241 T	0.07601	0.00170	0.92229
242 T	0.07598	0.00172	0.9223
243 A	0.07589	0.00179	0.92232
244 T	0.07586	0.00178	0.92236
245 T	0.07572	0.00190	0.92238
246 T	0.07556	0.00210	0.92234
247 A	0.07544	0.00231	0.92225
248 T	0.07540	0.00229	0.9223
249 G	0.07533	0.00240	0.92227
250 A	0.07530	0.00256	0.92214
251 T	0.07528	0.00258	0.92214
252 T	0.07514	0.00275	0.92212
253 A	0.07490	0.00306	0.92203
254 A	0.07479	0.00316	0.92205
255 T	0.07473	0.00319	0.92208
256 A	0.07462	0.00333	0.92205
257 T	0.07460	0.00319	0.92222
258 T	0.07454	0.00319	0.92226
259 T	0.07448	0.00342	0.9221
260 T	0.07436	0.00367	0.92197
261 T	0.07405	0.00423	0.92172
262 T	0.07352	0.00535	0.92113
263 A	0.07265	0.00660	0.92074
264 T	0.07123	0.00803	0.92075
265 A	0.06789	0.01134	0.92077
266 A	0.06687	0.01227	0.92086
267 A	0.06623	0.01282	0.92096
268 C	0.06575	0.01310	0.92115
269 C	0.06558	0.01314	0.92128
270 T	0.06557	0.01314	0.92128
271 G	0.06529	0.01357	0.92114
272 A	0.06519	0.01397	0.92085
273 T	0.06519	0.01422	0.92059
274 T	0.06494	0.01467	0.92038
275 A	0.06468	0.01499	0.92033
276 T	0.06461	0.01495	0.92044
277 A	0.06440	0.01507	0.92053
278 A	0.06434	0.01503	0.92063
279 T	0.06439	0.01481	0.9208
280 A	0.06427	0.01483	0.9209
281 C	0.06436	0.01446	0.92119
282 T	0.06458	0.01420	0.92122
283 A	0.06449	0.01439	0.92112
284 A	0.06459	0.01438	0.92103
285 T	0.06510	0.01357	0.92134
286 T	0.06529	0.01291	0.92179
287 A	0.06520	0.01170	0.92311
288 T	0.06514	0.00871	0.92614
289 T	0.06501	0.00808	0.92691
290 A	0.06466	0.00844	0.9269
291 T	0.06433	0.00930	0.92637
292 A	0.06390	0.01042	0.92569
293 A	0.06377	0.01076	0.92547
294 A	0.06386	0.01058	0.92556
295 A	0.06419	0.01008	0.92572
296 T	0.06452	0.00959	0.92589
297 T	0.06475	0.00939	0.92586
298 T	0.06488	0.00925	0.92587
299 T	0.06493	0.00935	0.92572
300 T	0.06491	0.00998	0.92511
301 A	0.06486	0.01068	0.92445
302 A	0.06479	0.01127	0.92394
303 T	0.06479	0.01129	0.92392
304 A	0.06476	0.01141	0.92383
305 A	0.06484	0.01131	0.92386
306 A	0.06514	0.01083	0.92403
307 T	0.06562	0.01021	0.92418
308 T	0.06588	0.00988	0.92424
309 A	0.06609	0.00958	0.92434
310 T	0.06649	0.00902	0.92449
311 T	0.06673	0.00868	0.9246
312 A	0.06691	0.00836	0.92473
313 A	0.06733	0.00764	0.92504
314 T	0.06836	0.00625	0.92538
315 T	0.06912	0.00511	0.92577
316 T	0.06946	0.00461	0.92593
317 T	0.06968	0.00433	0.92599
318 A	0.06978	0.00420	0.92603
319 C	0.06994	0.00400	0.92607
320 T	0.07043	0.00349	0.92608
321 T	0.07081	0.00309	0.92611
322 G	0.07115	0.00273	0.92612
323 T	0.07202	0.00186	0.92613
324 T	0.07263	0.00121	0.92615
325 T	0.07306	0.00070	0.92624
326 T	0.07321	0.00050	0.92629
327 T	0.07329	0.00038	0.92633
328 C	0.07329	0.00037	0.92634
329 T	0.07332	0.00035	0.92634
330 T	0.07331	0.00037	0.92633
331 T	0.07329	0.00040	0.9263
332 T	0.07326	0.00047	0.92628
333 T	0.07318	0.00061	0.92622
334 T	0.07309	0.00087	0.92604
335 T	0.07296	0.00127	0.92577
336 A	0.07284	0.00159	0.92556
337 T	0.07270	0.00175	0.92555
338 T	0.07236	0.00213	0.92551
339 A	0.07153	0.00301	0.92546
340 T	0.07104	0.00351	0.92545
341 C	0.07022	0.00434	0.92545
342 A	0.06962	0.00497	0.92542
343 G	0.06938	0.00521	0.9254
344 C	0.06927	0.00534	0.9254
345 A	0.06922	0.00541	0.92537
346 A	0.06921	0.00543	0.92536
347 T	0.06920	0.00544	0.92536
348 A	0.06918	0.00547	0.92536
349 T	0.06917	0.00547	0.92536
350 A	0.06916	0.00544	0.9254
351 T	0.06916	0.00536	0.92548
352 G	0.06915	0.00532	0.92554
353 G	0.06915	0.00524	0.92562
354 C	0.06915	0.00513	0.92571
355 G	0.06917	0.00508	0.92575
356 G	0.06922	0.00498	0.9258
357 G	0.06939	0.00475	0.92586
358 T	0.06967	0.00440	0.92594
359 T	0.06983	0.00416	0.92601
360 A	0.06984	0.00394	0.92622
361 G	0.06986	0.00345	0.92669
362 A	0.06990	0.00258	0.92752
363 G	0.06992	0.00204	0.92805
364 T	0.06994	0.00131	0.92875
365 T	0.06998	0.00082	0.9292
366 T	0.06999	0.00064	0.92937
367 T	0.06999	0.00056	0.92945
368 T	0.06998	0.00052	0.92949
369 T	0.06996	0.00053	0.92951
370 A	0.06991	0.00056	0.92952
371 G	0.06990	0.00055	0.92955
372 C	0.06989	0.00054	0.92957
373 G	0.06988	0.00058	0.92954
374 A	0.06987	0.00064	0.92949
375 T	0.06987	0.00063	0.9295
376 T	0.06987	0.00064	0.92949
377 T	0.06986	0.00066	0.92948
378 T	0.06985	0.00066	0.9295
379 T	0.06982	0.00067	0.9295
380 G	0.06979	0.00069	0.92952
381 G	0.06978	0.00070	0.92952
382 T	0.06977	0.00070	0.92953
383 G	0.06973	0.00075	0.92953
384 T	0.06973	0.00075	0.92951
385 T	0.06970	0.00081	0.92949
386 T	0.06964	0.00092	0.92943
387 T	0.06953	0.00107	0.92939
388 T	0.06942	0.00121	0.92937
389 A	0.06929	0.00140	0.92931
390 T	0.06924	0.00150	0.92926
391 G	0.06908	0.00173	0.92918
392 T	0.06894	0.00205	0.92901
393 T	0.06876	0.00272	0.92852
394 A	0.06838	0.00349	0.92813
395 A	0.06823	0.00379	0.92798
396 A	0.06821	0.00389	0.9279
397 T	0.06825	0.00387	0.92788
398 T	0.06826	0.00388	0.92785
399 T	0.06825	0.00390	0.92785
400 T	0.06822	0.00393	0.92784
401 T	0.06816	0.00401	0.92783
402 T	0.06807	0.00412	0.92782
403 A	0.06794	0.00425	0.92781
404 A	0.06786	0.00433	0.92781
405 A	0.06774	0.00442	0.92784
406 T	0.06772	0.00436	0.92793
407 G	0.06762	0.00440	0.92798
408 G	0.06760	0.00435	0.92805
409 T	0.06762	0.00426	0.92812
410 T	0.06749	0.00435	0.92816
411 G	0.06724	0.00462	0.92814
412 G	0.06717	0.00478	0.92805
413 G	0.06715	0.00504	0.92781
414 G	0.06721	0.00554	0.92725
415 A	0.06741	0.00626	0.92633
416 T	0.06800	0.00614	0.92586
417 T	0.06838	0.00584	0.92578
418 T	0.06850	0.00565	0.92584
419 T	0.06850	0.00563	0.92587
420 T	0.06846	0.00568	0.92587
421 T	0.06837	0.00578	0.92585
422 C	0.06823	0.00590	0.92586
423 A	0.06808	0.00622	0.9257
424 T	0.06795	0.00656	0.9255
425 T	0.06731	0.00760	0.92509
426 T	0.06569	0.00978	0.92453
427 T	0.06427	0.01207	0.92366
428 T	0.06239	0.01464	0.92298
429 A	0.05956	0.01861	0.92183
430 G	0.05837	0.02037	0.92126
431 A	0.05779	0.02180	0.92041
432 A	0.05668	0.02382	0.91951
433 A	0.05549	0.02637	0.91814
434 A	0.05507	0.02714	0.91779
435 A	0.05511	0.02728	0.9176
436 G	0.05542	0.02714	0.91743
437 A	0.05621	0.02666	0.91713
438 T	0.05723	0.02584	0.91692
439 T	0.05784	0.02576	0.91641
440 T	0.05802	0.02637	0.91561
441 T	0.05775	0.02841	0.91383
442 A	0.05670	0.03268	0.91062
443 A	0.05384	0.03689	0.90927
444 T	0.05185	0.03944	0.90871
445 A	0.04640	0.04497	0.90862
446 A	0.04435	0.04680	0.90885
447 A	0.04263	0.04778	0.90958
448 A	0.04214	0.04647	0.91139
449 C	0.04255	0.04301	0.91444
450 T	0.04316	0.04122	0.91561
451 G	0.04339	0.04021	0.9164
452 T	0.04420	0.03856	0.91724
453 G	0.04425	0.03855	0.9172
454 A	0.04395	0.03868	0.91736
455 A	0.04430	0.03722	0.91847
456 T	0.04531	0.03493	0.91976
457 T	0.04423	0.03540	0.92037
458 C	0.04289	0.03652	0.92059
459 A	0.04107	0.03843	0.9205
460 C	0.03994	0.03958	0.92047
461 A	0.03933	0.04033	0.92034
462 T	0.03945	0.04027	0.92028
463 A	0.03976	0.04009	0.92015
464 A	0.04151	0.03801	0.92049
465 T	0.04467	0.03382	0.9215
466 T	0.04560	0.02946	0.92493
467 A	0.04572	0.02702	0.92726
468 T	0.04580	0.02138	0.93282
469 T	0.04566	0.01944	0.93489
470 T	0.04549	0.01784	0.93667
471 C	0.04513	0.01721	0.93766
472 A	0.04503	0.01716	0.93782
473 T	0.04515	0.01670	0.93814
474 T	0.04499	0.01672	0.93828
475 A	0.04144	0.02056	0.93799
476 T	0.03907	0.02304	0.93789
477 T	0.03781	0.02380	0.93839
478 A	0.03682	0.02492	0.93826
479 G	0.03641	0.02498	0.9386
480 T	0.03634	0.02465	0.93901
481 A	0.03620	0.02514	0.93866
482 T	0.03619	0.02565	0.93817
483 T	0.03592	0.02697	0.93711
484 T	0.03514	0.03038	0.93448
485 G	0.03395	0.03580	0.93025
486 T	0.03388	0.04067	0.92544
487 T	0.03358	0.04965	0.91677
488 A	0.03310	0.05204	0.91486
489 T	0.03285	0.05366	0.9135
490 T	0.03246	0.05545	0.91209
491 A	0.03069	0.06014	0.90917
492 C	0.02902	0.06415	0.90683
493 G	0.02733	0.07646	0.89621
494 A	0.02590	0.09794	0.87616
495 A	0.02480	0.10294	0.87226
496 A	0.02310	0.10814	0.86876
497 A	0.02195	0.11236	0.86569
498 A	0.02143	0.11186	0.86671
499 C	0.02153	0.11117	0.8673
500 A	0.02182	0.12507	0.85312
501 A	0.02247	0.14126	0.83626
502 A	0.02315	0.16182	0.81504
503 A	0.02456	0.18571	0.78974
504 A	0.02559	0.18711	0.7873
505 A	0.02669	0.18696	0.78635
506 A	0.02729	0.18701	0.7857
507 A	0.02900	0.18578	0.78523
508 C	0.03101	0.18283	0.78617
509 A	0.03241	0.18229	0.7853
510 A	0.03703	0.17821	0.78475
511 A	0.03605	0.18010	0.78386
512 C	0.03630	0.18008	0.78362
513 A	0.03512	0.18137	0.78351
514 A	0.03522	0.17987	0.7849
515 A	0.03492	0.17895	0.78614
516 A	0.03860	0.17421	0.7872
517 C	0.05234	0.15948	0.78818
518 A	0.05410	0.15681	0.78908
519 A	0.05734	0.15219	0.79047
520 A	0.06092	0.14749	0.79159
521 C	0.06507	0.14241	0.79252
522 C	0.06939	0.13808	0.79253
523 A	0.08380	0.12464	0.79156
524 A	0.09994	0.10945	0.79061
525 A	0.12157	0.08806	0.79037
526 T	0.14711	0.06249	0.79039
527 T	0.15062	0.05835	0.79103
528 A	0.15140	0.05579	0.7928
529 A	0.15235	0.05242	0.79523
530 A	0.15401	0.04811	0.79788
531 T	0.15517	0.04403	0.8008
532 T	0.15636	0.04041	0.80324
533 A	0.15689	0.03829	0.80482
534 T	0.15795	0.03484	0.80721
535 A	0.15823	0.03345	0.80832
536 T	0.15780	0.03143	0.81078
537 A	0.15680	0.02969	0.81351
538 A	0.15656	0.02692	0.81652
539 T	0.15678	0.02234	0.82088
540 A	0.15671	0.02080	0.82249
541 C	0.15675	0.01805	0.82519
542 G	0.15692	0.01718	0.82591
543 T	0.15731	0.01632	0.82637
544 T	0.15744	0.01633	0.82623
545 G	0.15757	0.01707	0.82536
546 G	0.15851	0.01861	0.82287
547 T	0.15974	0.01926	0.82101
548 T	0.16024	0.02101	0.81875
549 T	0.16040	0.02098	0.81862
550 A	0.16052	0.02097	0.81851
551 T	0.16107	0.01990	0.81903
552 A	0.16118	0.01942	0.81939
553 C	0.16161	0.01875	0.81965
554 T	0.16234	0.01804	0.81962
555 T	0.16319	0.01723	0.81959
556 A	0.16352	0.01687	0.8196
557 T	0.16405	0.01629	0.81966
558 A	0.16421	0.01607	0.81972
559 T	0.16455	0.01500	0.82045
560 T	0.16462	0.01412	0.82127
561 T	0.16457	0.01390	0.82153
562 A	0.16443	0.01395	0.82161
563 T	0.16446	0.01374	0.82179
564 T	0.16417	0.01395	0.82188
565 G	0.16383	0.01421	0.82197
566 C	0.16398	0.01401	0.82201
567 A	0.16450	0.01354	0.82195
568 A	0.16590	0.01214	0.82197
569 T	0.16900	0.00903	0.82197
570 T	0.17129	0.00676	0.82195
571 T	0.17312	0.00499	0.82189
572 T	0.17331	0.00470	0.82199
573 A	0.17339	0.00452	0.82209
574 T	0.17350	0.00432	0.82218
575 T	0.17363	0.00403	0.82234
576 T	0.17373	0.00382	0.82245
577 T	0.17383	0.00364	0.82252
578 T	0.17395	0.00345	0.8226
579 A	0.17400	0.00331	0.82269
580 T	0.17406	0.00313	0.82281
581 G	0.17412	0.00286	0.82302
582 G	0.17418	0.00268	0.82314
583 T	0.17441	0.00233	0.82325
584 T	0.17459	0.00201	0.82341
585 T	0.17462	0.00181	0.82357
586 A	0.17464	0.00166	0.8237
587 T	0.17469	0.00128	0.82404
588 T	0.17471	0.00088	0.82442
589 G	0.17473	0.00070	0.82457
590 T	0.17481	0.00052	0.82467
591 A	0.17485	0.00043	0.82472
592 T	0.17492	0.00031	0.82477
593 A	0.17497	0.00021	0.82483
594 A	0.17507	0.00000	0.82493
