# lcl|CP097583.1_cds_USQ93308.1_1
# AA	inside	membr	outside
1 T	0.34191	0.00000	0.65809
2 T	0.34142	0.00049	0.65809
3 G	0.34119	0.00072	0.65809
4 T	0.34119	0.05217	0.60664
5 G	0.33865	0.14736	0.51399
6 G	0.33865	0.16083	0.50052
7 A	0.33404	0.16962	0.49634
8 T	0.33404	0.16973	0.49623
9 T	0.33203	0.17460	0.49337
10 A	0.33202	0.45952	0.20846
11 A	0.33149	0.47185	0.19665
12 A	0.32588	0.47881	0.19531
13 A	0.31528	0.49518	0.18954
14 A	0.31528	0.49518	0.18954
15 T	0.31528	0.51548	0.16924
16 C	0.31052	0.52024	0.16924
17 A	0.29695	0.53640	0.16665
18 T	0.29660	0.53964	0.16376
19 A	0.26752	0.57384	0.15864
20 A	0.20280	0.67402	0.12318
21 A	0.13386	0.74297	0.12316
22 A	0.13009	0.74676	0.12315
23 G	0.12927	0.74715	0.12358
24 G	0.13498	0.74131	0.12371
25 C	0.14485	0.73045	0.1247
26 C	0.15118	0.72413	0.12469
27 A	0.19577	0.67947	0.12477
28 T	0.28613	0.58829	0.12557
29 T	0.29975	0.57454	0.12571
30 C	0.30728	0.56596	0.12676
31 C	0.30910	0.56397	0.12693
32 C	0.31585	0.55586	0.12829
33 T	0.51364	0.35824	0.12813
34 G	0.50623	0.36615	0.12762
35 A	0.50825	0.36454	0.12721
36 T	0.51495	0.35512	0.12994
37 A	0.50670	0.36385	0.12946
38 A	0.51795	0.34958	0.13247
39 A	0.50846	0.34806	0.14348
40 T	0.51410	0.31545	0.17046
41 A	0.51326	0.30571	0.18102
42 T	0.52603	0.26080	0.21317
43 A	0.54561	0.20657	0.24782
44 A	0.49943	0.20748	0.29308
45 T	0.47046	0.23326	0.29628
46 A	0.45751	0.25120	0.29128
47 A	0.44569	0.26680	0.28751
48 A	0.43749	0.27805	0.28446
49 T	0.43554	0.28168	0.28278
50 T	0.43037	0.28903	0.2806
51 A	0.41930	0.31713	0.26357
52 T	0.40050	0.34145	0.25804
53 T	0.31804	0.44417	0.23779
54 A	0.27092	0.51143	0.21764
55 A	0.22918	0.56504	0.20578
56 C	0.22010	0.57308	0.20683
57 A	0.21034	0.58651	0.20315
58 T	0.20293	0.59641	0.20066
59 A	0.18474	0.61714	0.19813
60 T	0.17780	0.61894	0.20327
61 C	0.16794	0.62774	0.20432
62 A	0.16209	0.62924	0.20868
63 A	0.15919	0.63168	0.20913
64 A	0.15976	0.62808	0.21215
65 G	0.16236	0.62544	0.2122
66 T	0.17311	0.61332	0.21358
67 A	0.17744	0.56639	0.25617
68 T	0.18282	0.53544	0.28174
69 T	0.18690	0.53234	0.28076
70 A	0.18737	0.55946	0.25317
71 A	0.18913	0.57924	0.23163
72 A	0.19028	0.59775	0.21197
73 A	0.19385	0.60060	0.20555
74 A	0.21123	0.57791	0.21086
75 A	0.22422	0.54869	0.22709
76 A	0.25073	0.45681	0.29246
77 A	0.27819	0.38935	0.33246
78 T	0.30145	0.32857	0.36998
79 A	0.31393	0.32421	0.36186
80 T	0.32951	0.30689	0.36361
81 A	0.33546	0.30255	0.36199
82 T	0.34332	0.28388	0.3728
83 T	0.34643	0.28188	0.37169
84 T	0.34900	0.28800	0.363
85 A	0.35096	0.34679	0.30226
86 A	0.35454	0.37849	0.26697
87 A	0.35703	0.41277	0.23019
88 T	0.35871	0.41688	0.22441
89 T	0.35993	0.42027	0.2198
90 A	0.35831	0.42820	0.2135
91 A	0.36144	0.42864	0.20992
92 C	0.37512	0.41544	0.20944
93 T	0.40735	0.38295	0.2097
94 A	0.42323	0.36688	0.20988
95 A	0.43964	0.35013	0.21023
96 T	0.45181	0.33771	0.21048
97 C	0.45240	0.33716	0.21044
98 C	0.45500	0.33491	0.21009
99 T	0.46664	0.32576	0.20759
100 G	0.46817	0.32460	0.20723
101 A	0.47275	0.32008	0.20717
102 T	0.48810	0.30474	0.20715
103 T	0.48728	0.30550	0.20722
104 C	0.47286	0.31908	0.20805
105 C	0.45697	0.33511	0.20792
106 A	0.45433	0.34011	0.20556
107 A	0.46474	0.33182	0.20344
108 T	0.52087	0.27621	0.20292
109 A	0.55118	0.24673	0.20209
110 A	0.58551	0.21146	0.20303
111 T	0.59566	0.19288	0.21146
112 T	0.59245	0.19033	0.21722
113 T	0.58142	0.19528	0.2233
114 A	0.56270	0.21356	0.22374
115 A	0.55425	0.22042	0.22533
116 A	0.55025	0.22136	0.22839
117 A	0.54804	0.21496	0.23701
118 T	0.54840	0.20639	0.24521
119 C	0.54560	0.20404	0.25036
120 T	0.54231	0.20699	0.2507
121 A	0.53571	0.21540	0.24889
122 T	0.53060	0.22134	0.24807
123 T	0.52836	0.22336	0.24828
124 A	0.52507	0.22587	0.24906
125 A	0.52346	0.21841	0.25812
126 A	0.52308	0.20219	0.27472
127 T	0.52288	0.17646	0.30065
128 C	0.51793	0.15784	0.32423
129 G	0.51709	0.15519	0.32773
130 T	0.51774	0.15767	0.3246
131 T	0.51718	0.16864	0.31418
132 T	0.51537	0.18646	0.29817
133 A	0.51325	0.20109	0.28566
134 A	0.51301	0.20734	0.27964
135 T	0.51312	0.21036	0.27652
136 G	0.51252	0.21240	0.27508
137 A	0.51455	0.21623	0.26922
138 T	0.51628	0.21873	0.26498
139 A	0.51690	0.23195	0.25115
140 A	0.51776	0.23656	0.24568
141 A	0.51957	0.23235	0.24807
142 T	0.52199	0.22616	0.25185
143 T	0.52464	0.22099	0.25437
144 A	0.52397	0.21728	0.25874
145 C	0.52503	0.21046	0.26451
146 A	0.52559	0.21666	0.25775
147 T	0.52540	0.22135	0.25325
148 A	0.52406	0.23343	0.24251
149 A	0.52334	0.24853	0.22813
150 A	0.51823	0.27093	0.21085
151 A	0.51771	0.26928	0.21301
152 T	0.52107	0.26517	0.21376
153 G	0.52521	0.26312	0.21168
154 G	0.53511	0.26196	0.20293
155 C	0.55130	0.24736	0.20134
156 A	0.56393	0.23685	0.19922
157 A	0.58153	0.21892	0.19955
158 T	0.60679	0.19312	0.20009
159 C	0.62047	0.17842	0.20111
160 C	0.63008	0.16875	0.20117
161 C	0.62783	0.17150	0.20068
162 T	0.63217	0.16927	0.19857
163 G	0.62423	0.17761	0.19815
164 A	0.61314	0.18917	0.1977
165 A	0.60563	0.19728	0.19709
166 T	0.60049	0.20219	0.19732
167 C	0.59586	0.20447	0.19967
168 A	0.59291	0.20955	0.19755
169 G	0.59493	0.20969	0.19538
170 A	0.59823	0.20982	0.19195
171 A	0.60642	0.20083	0.19275
172 A	0.61944	0.18658	0.19399
173 G	0.63729	0.16103	0.20168
174 A	0.64398	0.15016	0.20586
175 C	0.64910	0.14111	0.20978
176 C	0.65541	0.13278	0.21181
177 A	0.66566	0.12233	0.21201
178 G	0.67113	0.11647	0.2124
179 T	0.67585	0.11141	0.21273
180 T	0.67690	0.11070	0.2124
181 T	0.67749	0.11033	0.21219
182 T	0.67779	0.10701	0.2152
183 A	0.67788	0.10338	0.21874
184 A	0.67829	0.08869	0.23303
185 T	0.68000	0.07552	0.24448
186 T	0.68044	0.06215	0.2574
187 G	0.68080	0.05002	0.26918
188 G	0.68166	0.03966	0.27869
189 C	0.68293	0.02980	0.28726
190 T	0.68524	0.02512	0.28964
191 G	0.68766	0.02132	0.29101
192 T	0.69090	0.01775	0.29136
193 T	0.69330	0.01568	0.29101
194 T	0.69318	0.01786	0.28896
195 T	0.69254	0.02208	0.28539
196 T	0.68847	0.03743	0.2741
197 T	0.68463	0.05517	0.2602
198 G	0.67109	0.09269	0.23622
199 A	0.65612	0.11506	0.22883
200 T	0.64612	0.12818	0.22569
201 A	0.63295	0.14251	0.22453
202 G	0.58385	0.19265	0.2235
203 C	0.56744	0.20974	0.22282
204 A	0.55835	0.22011	0.22154
205 C	0.55492	0.22352	0.22157
206 T	0.55375	0.22491	0.22133
207 T	0.54669	0.23223	0.22108
208 T	0.53605	0.24321	0.22074
209 C	0.49850	0.28084	0.22066
210 A	0.46331	0.31690	0.21979
211 G	0.43732	0.34369	0.21899
212 A	0.39817	0.38478	0.21705
213 C	0.36986	0.41470	0.21544
214 A	0.32692	0.46734	0.20574
215 A	0.29859	0.49644	0.20497
216 A	0.27175	0.52402	0.20422
217 G	0.25897	0.53677	0.20427
218 A	0.25998	0.53535	0.20467
219 C	0.27009	0.51761	0.21229
220 A	0.28147	0.50328	0.21525
221 A	0.30203	0.47061	0.22736
222 T	0.30910	0.45065	0.24025
223 G	0.31045	0.44126	0.24829
224 A	0.31147	0.43292	0.25562
225 T	0.31260	0.38123	0.30617
226 T	0.31212	0.36454	0.32334
227 T	0.31135	0.35401	0.33464
228 T	0.30923	0.35145	0.33932
229 G	0.30425	0.35961	0.33614
230 A	0.30026	0.36632	0.33342
231 A	0.29604	0.37060	0.33336
232 G	0.28043	0.35945	0.36011
233 A	0.27546	0.34256	0.38198
234 A	0.27460	0.32545	0.39995
235 A	0.27530	0.28411	0.44059
236 A	0.27673	0.25754	0.46573
237 T	0.28521	0.20906	0.50574
238 A	0.28490	0.18498	0.53013
239 G	0.28516	0.16473	0.55011
240 T	0.28485	0.17786	0.53729
241 T	0.28204	0.22924	0.48872
242 A	0.27716	0.29252	0.43032
243 T	0.27087	0.34664	0.38248
244 A	0.24730	0.47348	0.27922
245 A	0.21660	0.52144	0.26196
246 T	0.19520	0.55879	0.24601
247 A	0.15630	0.61210	0.2316
248 A	0.13166	0.64643	0.22191
249 C	0.10611	0.67716	0.21673
250 G	0.07600	0.71849	0.20551
251 A	0.07110	0.73489	0.194
252 A	0.07689	0.73497	0.18814
253 A	0.08806	0.72545	0.18649
254 A	0.09781	0.71449	0.18769
255 T	0.10655	0.69014	0.20332
256 T	0.10980	0.68277	0.20743
257 T	0.10750	0.68524	0.20726
258 A	0.09767	0.70193	0.2004
259 A	0.09023	0.71346	0.19632
260 A	0.08671	0.71800	0.19529
261 A	0.08460	0.71979	0.19561
262 A	0.09107	0.71251	0.19643
263 A	0.12363	0.67822	0.19814
264 A	0.18030	0.62017	0.19952
265 A	0.23672	0.56032	0.20296
266 A	0.28473	0.50435	0.21092
267 A	0.37625	0.38731	0.23644
268 A	0.40028	0.32449	0.27523
269 T	0.42283	0.27412	0.30305
270 T	0.44176	0.22014	0.3381
271 A	0.45768	0.18390	0.35842
272 T	0.47264	0.14417	0.38319
273 T	0.47883	0.11118	0.40999
274 A	0.47846	0.10571	0.41583
275 T	0.47582	0.10373	0.42044
276 T	0.46941	0.10753	0.42307
277 T	0.46280	0.11264	0.42456
278 G	0.44579	0.12900	0.42521
279 G	0.43390	0.14316	0.42294
280 G	0.42972	0.15134	0.41893
281 T	0.43113	0.17362	0.39524
282 T	0.39466	0.26366	0.34168
283 A	0.29103	0.38328	0.32569
284 G	0.24814	0.43129	0.32056
285 A	0.20836	0.47790	0.31374
286 A	0.18592	0.50220	0.31188
287 C	0.17924	0.50696	0.3138
288 T	0.17912	0.51041	0.31047
289 A	0.17632	0.51966	0.30403
290 G	0.17484	0.52587	0.29928
291 T	0.17455	0.53015	0.2953
292 T	0.17324	0.53555	0.29122
293 T	0.16897	0.54489	0.28614
294 A	0.16297	0.55904	0.27798
295 A	0.15832	0.56411	0.27757
296 A	0.15583	0.56326	0.2809
297 A	0.15475	0.55628	0.28897
298 T	0.15419	0.54403	0.30178
299 C	0.14998	0.53988	0.31015
300 A	0.14475	0.55192	0.30332
301 A	0.14520	0.55662	0.29818
302 A	0.15123	0.54779	0.30098
303 A	0.16005	0.53788	0.30207
304 A	0.18978	0.50685	0.30337
305 A	0.24490	0.40683	0.34828
306 T	0.26466	0.28243	0.4529
307 A	0.27070	0.24730	0.48201
308 T	0.27849	0.21825	0.50325
309 T	0.27799	0.26295	0.45907
310 G	0.27196	0.32504	0.403
311 A	0.26732	0.37264	0.36003
312 A	0.26555	0.39353	0.34092
313 T	0.26758	0.40283	0.32958
314 T	0.26604	0.41849	0.31547
315 A	0.25643	0.45032	0.29325
316 A	0.25220	0.46454	0.28327
317 A	0.25308	0.46590	0.28102
318 T	0.25305	0.46383	0.28312
319 A	0.25161	0.46350	0.28489
320 A	0.25191	0.46181	0.28628
321 A	0.25225	0.45891	0.28885
322 A	0.25331	0.45234	0.29436
323 C	0.26336	0.43464	0.302
324 T	0.27751	0.41871	0.30378
325 A	0.27976	0.41603	0.30421
326 A	0.28357	0.41174	0.30469
327 A	0.28859	0.40642	0.30499
328 A	0.29728	0.39731	0.30541
329 C	0.31232	0.37642	0.31125
330 T	0.34694	0.33950	0.31356
331 A	0.37364	0.31120	0.31515
332 T	0.44424	0.23717	0.31859
333 T	0.49570	0.18076	0.32354
334 T	0.52715	0.14403	0.32881
335 G	0.54032	0.11919	0.3405
336 T	0.55795	0.09410	0.34795
337 T	0.56811	0.07642	0.35547
338 C	0.58068	0.05377	0.36554
339 T	0.59016	0.04088	0.36895
340 T	0.59453	0.03563	0.36983
341 A	0.59472	0.03641	0.36887
342 T	0.59098	0.04099	0.36804
343 T	0.57315	0.06308	0.36376
344 A	0.54686	0.09082	0.36232
345 T	0.53675	0.10044	0.36281
346 G	0.52356	0.11420	0.36224
347 A	0.51869	0.11928	0.36203
348 T	0.51685	0.11865	0.3645
349 A	0.51442	0.12112	0.36446
350 G	0.51333	0.12178	0.36488
351 A	0.51336	0.12139	0.36525
352 T	0.51403	0.12033	0.36564
353 T	0.51413	0.12002	0.36585
354 G	0.51403	0.11990	0.36607
355 C	0.51465	0.11904	0.36632
356 T	0.51531	0.11827	0.36642
357 T	0.51531	0.11818	0.36651
358 T	0.51506	0.11823	0.36671
359 C	0.51472	0.11870	0.36658
360 T	0.51350	0.12087	0.36563
361 A	0.49547	0.14014	0.36438
362 A	0.48109	0.15573	0.36318
363 T	0.47277	0.16351	0.36372
364 A	0.45794	0.17888	0.36317
365 A	0.44405	0.18689	0.36906
366 T	0.44265	0.16707	0.39028
367 G	0.43469	0.15047	0.41484
368 T	0.42624	0.15164	0.42212
369 T	0.41364	0.16245	0.42392
370 T	0.38701	0.20344	0.40955
371 G	0.34575	0.25729	0.39696
372 G	0.31704	0.30354	0.37942
373 A	0.30353	0.32234	0.37413
374 T	0.29736	0.32813	0.3745
375 A	0.28984	0.33606	0.3741
376 T	0.28501	0.34102	0.37396
377 C	0.27819	0.34766	0.37415
378 C	0.27248	0.35427	0.37325
379 G	0.26934	0.36147	0.36919
380 A	0.26429	0.37399	0.36172
381 A	0.26080	0.38310	0.3561
382 A	0.25713	0.38984	0.35303
383 A	0.25415	0.39451	0.35135
384 A	0.25299	0.37878	0.36823
385 G	0.25322	0.36355	0.38324
386 A	0.25333	0.35486	0.39181
387 A	0.25503	0.33774	0.40722
388 G	0.25792	0.31829	0.42378
389 T	0.26220	0.30492	0.43287
390 A	0.26546	0.29385	0.44068
391 G	0.27035	0.27601	0.45364
392 A	0.27837	0.26268	0.45895
393 T	0.29307	0.22397	0.48297
394 A	0.29758	0.19600	0.50643
395 G	0.30977	0.15810	0.53213
396 T	0.31239	0.14960	0.53801
397 C	0.30782	0.15727	0.53491
398 A	0.30344	0.18409	0.51248
399 T	0.29789	0.20577	0.49633
400 G	0.28600	0.25064	0.46336
401 G	0.27422	0.28697	0.43881
402 A	0.25406	0.33714	0.4088
403 A	0.24237	0.37019	0.38743
404 A	0.23111	0.40168	0.3672
405 G	0.21978	0.41238	0.36783
406 G	0.20551	0.42908	0.36541
407 A	0.19968	0.43966	0.36066
408 A	0.19740	0.44509	0.35751
409 C	0.19540	0.45051	0.35409
410 A	0.19429	0.45713	0.34858
411 T	0.19588	0.45715	0.34697
412 A	0.19313	0.46230	0.34457
413 A	0.19420	0.46198	0.34382
414 A	0.19697	0.45937	0.34367
415 A	0.20542	0.44891	0.34566
416 A	0.21080	0.44073	0.34847
417 T	0.22405	0.42012	0.35582
418 A	0.23247	0.40758	0.35996
419 C	0.24670	0.38648	0.36682
420 T	0.26519	0.36481	0.37
421 A	0.28382	0.34309	0.37309
422 A	0.30156	0.32084	0.3776
423 T	0.34232	0.26981	0.38787
424 T	0.36673	0.23577	0.3975
425 T	0.38685	0.19145	0.4217
426 A	0.39975	0.16318	0.43708
427 A	0.41442	0.13509	0.45049
428 A	0.41829	0.11830	0.46341
429 T	0.42562	0.09424	0.48014
430 T	0.43209	0.08074	0.48717
431 A	0.43494	0.07582	0.48924
432 T	0.44083	0.06625	0.49291
433 T	0.44417	0.06477	0.49107
434 T	0.44287	0.07447	0.48266
435 T	0.43812	0.09406	0.46781
436 T	0.43060	0.11333	0.45608
437 T	0.41805	0.13779	0.44416
438 G	0.38652	0.19075	0.42273
439 A	0.36749	0.22769	0.40482
440 A	0.35891	0.24464	0.39645
441 A	0.35622	0.25406	0.38972
442 A	0.35554	0.26091	0.38354
443 A	0.35629	0.26178	0.38192
444 A	0.35783	0.25975	0.38242
445 T	0.35935	0.25707	0.38358
446 T	0.35992	0.25608	0.384
447 A	0.35978	0.25630	0.38391
448 A	0.36037	0.25383	0.3858
449 A	0.36212	0.24751	0.39038
450 T	0.36400	0.24030	0.39569
451 G	0.36448	0.23808	0.39744
452 T	0.36656	0.23519	0.39825
453 G	0.36658	0.23516	0.39826
454 G	0.36835	0.23398	0.39767
455 A	0.36993	0.23271	0.39736
456 A	0.37744	0.22412	0.39844
457 A	0.39305	0.20472	0.40223
458 T	0.42264	0.16785	0.4095
459 T	0.43615	0.14482	0.41903
460 A	0.44062	0.12866	0.43072
461 T	0.45374	0.08739	0.45887
462 G	0.45921	0.06645	0.47434
463 C	0.46293	0.05625	0.48082
464 C	0.46575	0.05233	0.48192
465 T	0.47023	0.04854	0.48123
466 T	0.46832	0.05219	0.47949
467 C	0.46308	0.05904	0.47788
468 G	0.45696	0.06613	0.47691
469 A	0.45288	0.07099	0.47613
470 T	0.45197	0.07206	0.47598
471 A	0.44780	0.07684	0.47536
472 C	0.44626	0.07849	0.47525
473 A	0.44542	0.08026	0.47432
474 T	0.44580	0.08053	0.47367
475 G	0.44495	0.08902	0.46603
476 A	0.44558	0.09140	0.46302
477 T	0.44699	0.09187	0.46114
478 A	0.44677	0.09381	0.45942
479 A	0.44692	0.09436	0.45873
480 A	0.44781	0.09340	0.45879
481 G	0.44914	0.09079	0.46007
482 A	0.44960	0.08848	0.46192
483 T	0.45007	0.08389	0.46604
484 T	0.44952	0.08216	0.46832
485 G	0.44862	0.08003	0.47135
486 G	0.44847	0.07822	0.47331
487 G	0.44873	0.07560	0.47567
488 A	0.44947	0.07403	0.47649
489 T	0.45166	0.06909	0.47925
490 A	0.45319	0.06699	0.47982
491 T	0.45438	0.06535	0.48027
492 T	0.45485	0.06469	0.48046
493 A	0.45356	0.06744	0.47899
494 T	0.45349	0.06522	0.48129
495 G	0.45246	0.06444	0.4831
496 G	0.45298	0.06270	0.48433
497 G	0.45460	0.06034	0.48507
498 T	0.46298	0.05077	0.48624
499 C	0.46591	0.04770	0.48639
500 A	0.46828	0.04678	0.48494
501 A	0.47128	0.04393	0.4848
502 T	0.47358	0.04183	0.48459
503 T	0.47430	0.04140	0.4843
504 T	0.47451	0.04122	0.48428
505 T	0.47464	0.04071	0.48464
506 A	0.47459	0.04021	0.48519
507 T	0.47466	0.03906	0.48628
508 C	0.47458	0.03798	0.48744
509 G	0.47478	0.03771	0.4875
510 C	0.47592	0.03672	0.48737
511 G	0.47762	0.03592	0.48646
512 A	0.47931	0.03564	0.48505
513 A	0.48351	0.03290	0.48359
514 T	0.49062	0.02721	0.48218
515 T	0.49354	0.02507	0.48138
516 T	0.49495	0.02306	0.48199
517 A	0.49088	0.02851	0.48062
518 T	0.48808	0.03147	0.48045
519 T	0.48256	0.04164	0.47581
520 A	0.45966	0.07584	0.4645
521 A	0.44459	0.10299	0.45242
522 A	0.42601	0.13263	0.44135
523 T	0.42140	0.13903	0.43957
524 A	0.41347	0.14717	0.43935
525 T	0.40918	0.15170	0.43913
526 G	0.40383	0.15698	0.43919
527 C	0.40093	0.15974	0.43933
528 C	0.39425	0.16637	0.43938
529 A	0.38945	0.17125	0.43931
530 C	0.38668	0.17406	0.43926
531 C	0.38460	0.17643	0.43898
532 G	0.38307	0.17850	0.43842
533 A	0.38257	0.17944	0.43799
534 A	0.38309	0.17906	0.43785
535 G	0.38423	0.17796	0.43782
536 A	0.38570	0.17642	0.43788
537 T	0.38787	0.17341	0.43872
538 A	0.38871	0.17162	0.43967
539 A	0.38990	0.16828	0.44182
540 G	0.39195	0.16016	0.4479
541 A	0.39408	0.15374	0.45217
542 A	0.39924	0.14197	0.45878
543 A	0.41020	0.10960	0.48021
544 A	0.42095	0.08172	0.49733
545 C	0.43147	0.04987	0.51866
546 T	0.43412	0.04184	0.52404
547 G	0.43467	0.03852	0.5268
548 G	0.43525	0.03765	0.5271
549 A	0.43542	0.03938	0.52521
550 T	0.43579	0.03852	0.52569
551 T	0.43562	0.03330	0.53107
552 A	0.43495	0.03661	0.52843
553 G	0.43510	0.04081	0.5241
554 T	0.43545	0.04720	0.51735
555 T	0.43530	0.05597	0.50873
556 T	0.43445	0.06182	0.50373
557 T	0.43332	0.06721	0.49947
558 G	0.42967	0.07144	0.49889
559 A	0.42732	0.07392	0.49876
560 C	0.42555	0.07566	0.49879
561 T	0.42448	0.07680	0.49872
562 C	0.42260	0.07867	0.49873
563 C	0.42153	0.07976	0.49871
564 A	0.42068	0.08062	0.4987
565 A	0.42044	0.08086	0.4987
566 C	0.42083	0.08046	0.49871
567 T	0.42186	0.07944	0.4987
568 C	0.42231	0.07901	0.49868
569 A	0.42365	0.07777	0.49858
570 T	0.42686	0.07458	0.49856
571 A	0.42919	0.07224	0.49857
572 T	0.43472	0.06653	0.49875
573 T	0.43724	0.06392	0.49883
574 A	0.43960	0.06098	0.49942
575 C	0.44692	0.05224	0.50084
576 T	0.45498	0.04383	0.50119
577 G	0.46189	0.03666	0.50145
578 A	0.47023	0.02785	0.50192
579 T	0.47654	0.02060	0.50286
580 T	0.47984	0.01627	0.50389
581 T	0.48034	0.01172	0.50794
582 T	0.48045	0.00894	0.5106
583 T	0.48042	0.00690	0.51268
584 T	0.48031	0.00599	0.5137
585 T	0.47994	0.00542	0.51464
586 T	0.47927	0.00713	0.51361
587 G	0.47575	0.01124	0.51301
588 T	0.47267	0.01628	0.51105
589 G	0.46592	0.02788	0.5062
590 A	0.46169	0.03650	0.50181
591 A	0.45905	0.04252	0.49842
592 T	0.45775	0.04738	0.49488
593 T	0.45648	0.05080	0.49273
594 A	0.45333	0.05730	0.48937
595 G	0.45145	0.06184	0.48671
596 T	0.45110	0.06443	0.48447
597 T	0.45058	0.06801	0.48141
598 A	0.44976	0.07079	0.47945
599 A	0.44957	0.07188	0.47856
600 T	0.44954	0.07191	0.47855
601 A	0.44908	0.07239	0.47853
602 T	0.44862	0.07285	0.47853
603 T	0.44777	0.07368	0.47855
604 C	0.44515	0.07634	0.47851
605 A	0.44344	0.07824	0.47832
606 A	0.44273	0.07899	0.47829
607 A	0.44272	0.07885	0.47842
608 G	0.44365	0.07747	0.47888
609 T	0.44629	0.07428	0.47942
610 A	0.44752	0.06960	0.48287
611 A	0.44987	0.06393	0.4862
612 T	0.45469	0.05238	0.49293
613 G	0.45814	0.04501	0.49685
614 A	0.46158	0.03901	0.49941
615 T	0.46634	0.03253	0.50114
616 A	0.46827	0.02921	0.50253
617 T	0.47151	0.02287	0.50562
618 C	0.47370	0.01872	0.50759
619 G	0.47565	0.01664	0.5077
620 T	0.47827	0.01411	0.50762
621 T	0.47949	0.01321	0.5073
622 T	0.47980	0.01391	0.50628
623 T	0.47969	0.01522	0.50509
624 A	0.47893	0.01615	0.50492
625 G	0.47858	0.01579	0.50563
626 A	0.47841	0.01496	0.50663
627 T	0.47851	0.01222	0.50927
628 C	0.47825	0.01082	0.51094
629 C	0.47810	0.01043	0.51147
630 G	0.47804	0.01045	0.51151
631 T	0.47804	0.01046	0.5115
632 G	0.47786	0.01066	0.51149
633 T	0.47785	0.01068	0.51147
634 T	0.47761	0.01088	0.51152
635 G	0.47722	0.01099	0.51178
636 T	0.47688	0.01127	0.51185
637 G	0.47650	0.01151	0.51199
638 G	0.47622	0.01175	0.51203
639 T	0.47604	0.01192	0.51204
640 A	0.47580	0.01235	0.51185
641 C	0.47567	0.01232	0.51202
642 A	0.47550	0.01252	0.51198
643 G	0.47517	0.01275	0.51209
644 G	0.47549	0.01223	0.51228
645 C	0.47627	0.01142	0.51231
646 G	0.47693	0.01177	0.5113
647 G	0.47751	0.01169	0.5108
648 T	0.47755	0.01216	0.51029
649 T	0.47683	0.01375	0.50942
650 T	0.47642	0.01508	0.5085
651 T	0.47499	0.01826	0.50675
652 T	0.47250	0.02240	0.50511
653 T	0.46811	0.03005	0.50183
654 A	0.45625	0.04392	0.49983
655 A	0.45165	0.04854	0.49981
656 T	0.44981	0.05031	0.49989
657 T	0.44567	0.05425	0.50009
658 G	0.43903	0.06051	0.50046
659 C	0.43740	0.06187	0.50074
660 A	0.43646	0.06304	0.5005
661 G	0.43592	0.06390	0.50018
662 C	0.43392	0.06641	0.49967
663 T	0.43289	0.06840	0.49871
664 A	0.43185	0.07067	0.49748
665 T	0.43135	0.07176	0.49689
666 G	0.43063	0.07284	0.49653
667 A	0.43026	0.07435	0.49539
668 A	0.43047	0.07489	0.49464
669 A	0.43160	0.07425	0.49414
670 T	0.43243	0.07420	0.49337
671 A	0.42985	0.07726	0.49289
672 T	0.42925	0.07661	0.49414
673 A	0.42425	0.08486	0.49089
674 T	0.42380	0.08593	0.49027
675 G	0.42205	0.08491	0.49305
676 T	0.41882	0.08135	0.49982
677 G	0.39575	0.09195	0.51229
678 T	0.38412	0.10300	0.51288
679 C	0.35673	0.13767	0.5056
680 A	0.27099	0.26131	0.4677
681 A	0.23441	0.33153	0.43405
682 A	0.21982	0.34801	0.43217
683 A	0.21351	0.35423	0.43226
684 A	0.20984	0.35735	0.4328
685 T	0.20768	0.35645	0.43588
686 C	0.19598	0.36650	0.43752
687 C	0.18200	0.38038	0.43763
688 C	0.15572	0.40971	0.43457
689 A	0.13941	0.42849	0.4321
690 A	0.12201	0.44809	0.4299
691 A	0.11196	0.45891	0.42913
692 A	0.10615	0.46475	0.4291
693 C	0.10131	0.46811	0.43058
694 G	0.09577	0.46937	0.43486
695 A	0.08992	0.47282	0.43726
696 A	0.08734	0.47011	0.44255
697 C	0.08716	0.46631	0.44653
698 A	0.08418	0.47116	0.44465
699 A	0.08387	0.46521	0.45092
700 G	0.08510	0.44095	0.47395
701 A	0.09144	0.42981	0.47875
702 A	0.09828	0.41162	0.4901
703 A	0.13025	0.32232	0.54743
704 T	0.15699	0.27969	0.56332
705 A	0.15173	0.29351	0.55477
706 A	0.14759	0.33451	0.5179
707 A	0.12506	0.39891	0.47602
708 A	0.10813	0.42635	0.46552
709 A	0.09805	0.42880	0.47315
710 A	0.09142	0.42194	0.48663
711 A	0.09255	0.39692	0.51053
712 A	0.09420	0.38901	0.51679
713 T	0.09569	0.38194	0.52237
714 T	0.09012	0.40450	0.50538
715 A	0.07558	0.41761	0.50681
716 A	0.06853	0.42086	0.51062
717 A	0.06659	0.41811	0.5153
718 A	0.06534	0.41269	0.52196
719 C	0.06432	0.40767	0.528
720 A	0.06430	0.40651	0.5292
721 G	0.06725	0.40220	0.53055
722 A	0.07044	0.40081	0.52875
723 A	0.07530	0.39776	0.52694
724 C	0.08522	0.38840	0.52638
725 A	0.09850	0.38498	0.51651
726 A	0.14047	0.34901	0.51052
727 T	0.17856	0.31496	0.50649
728 T	0.20180	0.29137	0.50683
729 A	0.22175	0.27430	0.50395
730 T	0.24443	0.23324	0.52233
731 T	0.24271	0.22293	0.53437
732 A	0.21219	0.25243	0.53538
733 G	0.19986	0.26283	0.53731
734 G	0.19913	0.27001	0.53086
735 A	0.20564	0.26789	0.52647
736 A	0.21709	0.25955	0.52337
737 T	0.24158	0.23306	0.52535
738 T	0.24218	0.22425	0.53356
739 G	0.23864	0.22953	0.53183
740 A	0.23646	0.24022	0.52332
741 A	0.23564	0.24711	0.51725
742 A	0.23497	0.25309	0.51194
743 A	0.23545	0.25483	0.50972
744 A	0.23794	0.25425	0.50781
745 A	0.24231	0.24931	0.50838
746 G	0.24735	0.24398	0.50867
747 G	0.25100	0.24430	0.5047
748 A	0.26443	0.23423	0.50134
749 A	0.27461	0.22522	0.50017
750 T	0.28427	0.21504	0.50069
751 G	0.28950	0.20816	0.50234
752 A	0.29690	0.19695	0.50615
753 T	0.30494	0.18117	0.51389
754 A	0.30766	0.17144	0.5209
755 T	0.31452	0.13806	0.54741
756 G	0.31686	0.12652	0.55662
757 T	0.32509	0.11537	0.55954
758 G	0.32795	0.11369	0.55836
759 G	0.33299	0.10741	0.5596
760 T	0.33928	0.10056	0.56015
761 T	0.34224	0.09539	0.56237
762 A	0.34482	0.09005	0.56513
763 C	0.35090	0.08094	0.56816
764 A	0.35598	0.07490	0.56912
765 C	0.36211	0.06772	0.57017
766 T	0.36637	0.06308	0.57056
767 C	0.36956	0.05981	0.57063
768 A	0.37172	0.05796	0.57033
769 A	0.37451	0.05558	0.56991
770 C	0.38041	0.04981	0.56979
771 T	0.38507	0.04567	0.56926
772 G	0.38752	0.04516	0.56732
773 T	0.39079	0.04298	0.56622
774 T	0.39239	0.04399	0.56362
775 A	0.39288	0.04732	0.5598
776 A	0.39395	0.04783	0.55821
777 T	0.39595	0.04487	0.55918
778 A	0.39677	0.04710	0.55613
779 T	0.39859	0.04490	0.55651
780 G	0.40035	0.04674	0.55291
781 A	0.40347	0.05334	0.54318
782 T	0.40461	0.05465	0.54075
783 G	0.40461	0.05489	0.54049
784 A	0.40431	0.05596	0.53973
785 T	0.40457	0.05470	0.54072
786 G	0.40186	0.05785	0.54029
787 C	0.40021	0.05994	0.53984
788 A	0.39931	0.06105	0.53964
789 T	0.39859	0.06172	0.53969
790 G	0.39666	0.06367	0.53968
791 G	0.39584	0.06452	0.53965
792 C	0.39595	0.06448	0.53956
793 G	0.39582	0.06534	0.53885
794 A	0.39647	0.06494	0.53859
795 T	0.39919	0.06213	0.53868
796 G	0.40024	0.06117	0.53859
797 G	0.40109	0.06043	0.53848
798 C	0.40252	0.05898	0.5385
799 C	0.40237	0.05948	0.53815
800 A	0.40303	0.05964	0.53733
801 T	0.40732	0.05565	0.53703
802 A	0.40692	0.05651	0.53658
803 C	0.41016	0.05341	0.53642
804 T	0.41880	0.04512	0.53609
805 A	0.41975	0.04430	0.53595
806 A	0.42019	0.04337	0.53644
807 T	0.42192	0.04122	0.53686
808 A	0.42087	0.04227	0.53686
809 T	0.42117	0.03911	0.53972
810 T	0.41947	0.03875	0.54178
811 T	0.41594	0.04117	0.54289
812 A	0.40945	0.04697	0.54358
813 T	0.40209	0.05267	0.54524
814 C	0.38562	0.06833	0.54605
815 A	0.35938	0.09492	0.5457
816 A	0.33837	0.11630	0.54534
817 G	0.32706	0.12761	0.54532
818 G	0.32278	0.13214	0.54508
819 A	0.32192	0.13333	0.54475
820 A	0.32149	0.13233	0.54619
821 A	0.32185	0.12962	0.54852
822 T	0.32261	0.12583	0.55156
823 T	0.32344	0.12457	0.55198
824 G	0.32354	0.12382	0.55264
825 T	0.32403	0.12165	0.55432
826 T	0.32412	0.12067	0.55521
827 T	0.32405	0.12002	0.55592
828 T	0.32382	0.11922	0.55696
829 G	0.32317	0.12001	0.55681
830 A	0.32293	0.12118	0.55589
831 A	0.32289	0.12089	0.55622
832 T	0.32307	0.12041	0.55652
833 T	0.32268	0.11754	0.55977
834 T	0.32152	0.11767	0.56081
835 A	0.31803	0.12126	0.56071
836 A	0.31606	0.11967	0.56428
837 A	0.31575	0.10609	0.57816
838 A	0.31620	0.08080	0.603
839 T	0.31712	0.05984	0.62305
840 T	0.31726	0.05066	0.63207
841 C	0.31659	0.05137	0.63204
842 A	0.31479	0.06176	0.62345
843 G	0.31082	0.07536	0.61382
844 G	0.31022	0.08266	0.60712
845 A	0.31023	0.09231	0.59746
846 T	0.31197	0.10330	0.58474
847 T	0.31276	0.13095	0.5563
848 T	0.31247	0.15208	0.53544
849 T	0.31137	0.16994	0.51869
850 A	0.30964	0.18647	0.5039
851 A	0.30932	0.19396	0.49672
852 A	0.30883	0.19873	0.49243
853 A	0.30951	0.19978	0.4907
854 A	0.31102	0.19918	0.4898
855 T	0.31424	0.19567	0.49008
856 A	0.31410	0.19535	0.49055
857 A	0.31607	0.19229	0.49165
858 A	0.32022	0.18512	0.49466
859 C	0.32349	0.17985	0.49665
860 C	0.32412	0.17896	0.49692
861 A	0.32503	0.17847	0.49649
862 A	0.32661	0.17730	0.49609
863 A	0.32938	0.17447	0.49615
864 T	0.33574	0.16760	0.49666
865 G	0.34480	0.15656	0.49864
866 T	0.35789	0.13837	0.50374
867 A	0.36502	0.13004	0.50494
868 G	0.37702	0.11669	0.50629
869 C	0.39449	0.09808	0.50743
870 T	0.43313	0.05896	0.50791
871 T	0.45246	0.03941	0.50813
872 T	0.46513	0.02747	0.50739
873 T	0.47185	0.02117	0.50698
874 T	0.47384	0.02087	0.50529
875 T	0.47411	0.02411	0.50178
876 A	0.47280	0.02512	0.50208
877 A	0.47318	0.02406	0.50276
878 A	0.47331	0.02313	0.50356
879 T	0.47353	0.02134	0.50513
880 C	0.47330	0.02051	0.5062
881 C	0.47329	0.02022	0.50648
882 T	0.47324	0.02029	0.50648
883 C	0.47236	0.02129	0.50635
884 C	0.47184	0.02239	0.50577
885 T	0.47161	0.02363	0.50476
886 T	0.47080	0.02529	0.50391
887 A	0.46581	0.03218	0.50201
888 T	0.45972	0.03989	0.50039
889 A	0.44851	0.05347	0.49803
890 A	0.43885	0.06489	0.49627
891 T	0.43496	0.06972	0.49532
892 G	0.42934	0.07537	0.49529
893 G	0.42736	0.07739	0.49525
894 A	0.42672	0.07807	0.49521
895 T	0.42798	0.07632	0.4957
896 C	0.42839	0.07517	0.49644
897 A	0.42972	0.07361	0.49667
898 T	0.43327	0.06938	0.49735
899 C	0.43288	0.06873	0.49839
900 T	0.43234	0.06925	0.49842
901 G	0.43019	0.07199	0.49783
902 A	0.42440	0.07887	0.49673
903 A	0.42048	0.08366	0.49586
904 C	0.41914	0.08533	0.49554
905 A	0.41847	0.08667	0.49485
906 A	0.41853	0.08606	0.49541
907 T	0.41954	0.08418	0.49627
908 T	0.42004	0.08341	0.49655
909 A	0.41805	0.08507	0.49688
910 A	0.41801	0.07929	0.5027
911 G	0.41913	0.07103	0.50984
912 A	0.42114	0.06049	0.51838
913 T	0.42326	0.05126	0.52548
914 T	0.42428	0.04966	0.52605
915 T	0.42423	0.04676	0.52901
916 A	0.42392	0.04699	0.5291
917 T	0.42303	0.04741	0.52956
918 T	0.41925	0.05197	0.52878
919 C	0.41533	0.05769	0.52698
920 A	0.41248	0.06542	0.52209
921 A	0.41120	0.07183	0.51696
922 A	0.41053	0.07252	0.51695
923 A	0.41036	0.07226	0.51738
924 A	0.41093	0.07013	0.51894
925 G	0.41235	0.06233	0.52532
926 C	0.41381	0.05686	0.52933
927 T	0.41384	0.05780	0.52836
928 T	0.41342	0.06216	0.52441
929 T	0.41014	0.07286	0.517
930 A	0.40247	0.08230	0.51523
931 G	0.39843	0.08772	0.51385
932 A	0.39328	0.09292	0.5138
933 A	0.39106	0.09595	0.513
934 C	0.39129	0.09732	0.51139
935 T	0.39175	0.10232	0.50593
936 G	0.38866	0.11349	0.49785
937 A	0.38906	0.11425	0.49669
938 T	0.39050	0.11308	0.49642
939 A	0.39104	0.11254	0.49642
940 A	0.39245	0.10940	0.49816
941 C	0.39480	0.10221	0.50299
942 T	0.39736	0.09609	0.50654
943 C	0.40021	0.09141	0.50838
944 C	0.40354	0.08805	0.50841
945 T	0.40400	0.08878	0.50722
946 A	0.40280	0.09098	0.50622
947 A	0.40111	0.09315	0.50573
948 A	0.40097	0.09363	0.5054
949 G	0.40119	0.09361	0.5052
950 G	0.40289	0.09219	0.50492
951 A	0.40732	0.09018	0.50249
952 A	0.41407	0.08240	0.50353
953 A	0.41629	0.07476	0.50895
954 A	0.41863	0.06919	0.51218
955 G	0.42249	0.06031	0.51721
956 T	0.42666	0.05373	0.51962
957 A	0.42892	0.05124	0.51984
958 G	0.43358	0.04455	0.52187
959 T	0.44049	0.03370	0.52581
960 T	0.44142	0.03065	0.52793
961 G	0.44164	0.02985	0.52851
962 C	0.44188	0.02906	0.52906
963 C	0.44177	0.02954	0.52869
964 A	0.44173	0.03259	0.52569
965 T	0.44210	0.03315	0.52475
966 T	0.44158	0.03386	0.52456
967 G	0.43854	0.03770	0.52376
968 T	0.43787	0.03869	0.52344
969 A	0.43408	0.04144	0.52448
970 C	0.43270	0.04074	0.52656
971 A	0.43221	0.04087	0.52692
972 A	0.43258	0.04014	0.52729
973 G	0.43525	0.03695	0.5278
974 C	0.44007	0.03198	0.52795
975 T	0.44247	0.02966	0.52787
976 T	0.44349	0.02855	0.52796
977 C	0.44315	0.02883	0.52803
978 T	0.44250	0.02965	0.52785
979 G	0.44157	0.03060	0.52783
980 C	0.44161	0.03049	0.5279
981 T	0.44004	0.03211	0.52786
982 A	0.43442	0.03787	0.52772
983 C	0.43215	0.04004	0.52781
984 T	0.42847	0.04391	0.52762
985 G	0.41416	0.05874	0.52709
986 G	0.40980	0.06316	0.52704
987 T	0.41058	0.06272	0.52669
988 A	0.40810	0.06523	0.52668
989 A	0.40764	0.06428	0.52808
990 T	0.40766	0.06016	0.53219
991 T	0.40621	0.05976	0.53403
992 C	0.40242	0.06001	0.53757
993 T	0.39699	0.06609	0.53691
994 A	0.38920	0.07446	0.53634
995 A	0.38479	0.07941	0.53581
996 A	0.38188	0.08281	0.5353
997 G	0.37959	0.08529	0.53512
998 C	0.37770	0.08552	0.53677
999 T	0.37503	0.09294	0.53203
1000 G	0.37171	0.09993	0.52836
1001 T	0.37089	0.10422	0.5249
1002 T	0.36969	0.10802	0.52228
1003 A	0.36787	0.11341	0.51872
1004 A	0.36724	0.11436	0.51841
1005 T	0.36704	0.10988	0.52308
1006 A	0.36639	0.11255	0.52105
1007 A	0.36616	0.11546	0.51837
1008 T	0.36651	0.11042	0.52307
1009 A	0.36597	0.12775	0.50628
1010 T	0.36583	0.13571	0.49846
1011 T	0.36522	0.14933	0.48544
1012 A	0.36380	0.17751	0.45869
1013 A	0.36176	0.18800	0.45024
1014 A	0.36006	0.19602	0.44392
1015 G	0.35956	0.19959	0.44085
1016 A	0.36008	0.19978	0.44014
1017 A	0.36066	0.19660	0.44274
1018 G	0.36167	0.19357	0.44476
1019 A	0.36297	0.19391	0.44312
1020 A	0.36447	0.19227	0.44326
1021 A	0.36749	0.18759	0.44492
1022 T	0.37538	0.17707	0.44756
1023 T	0.38079	0.17100	0.44821
1024 T	0.38367	0.17229	0.44404
1025 T	0.38475	0.18573	0.42952
1026 A	0.38481	0.19351	0.42169
1027 A	0.38537	0.20130	0.41333
1028 A	0.38674	0.20226	0.411
1029 A	0.39140	0.19715	0.41145
1030 C	0.39971	0.18816	0.41212
1031 A	0.41197	0.17593	0.4121
1032 T	0.43735	0.14977	0.41289
1033 C	0.44827	0.13813	0.4136
1034 A	0.46402	0.12204	0.41394
1035 T	0.48950	0.09580	0.41469
1036 A	0.49692	0.08645	0.41663
1037 C	0.50457	0.07701	0.41842
1038 T	0.51264	0.06838	0.41898
1039 T	0.51841	0.06171	0.41989
1040 T	0.52062	0.05936	0.42002
1041 A	0.52180	0.05864	0.41956
1042 T	0.52457	0.05585	0.41958
1043 T	0.52497	0.05524	0.41978
1044 A	0.52194	0.05875	0.41931
1045 G	0.52041	0.06076	0.41883
1046 C	0.52060	0.06190	0.41749
1047 A	0.52454	0.06093	0.41453
1048 A	0.53843	0.04887	0.41271
1049 G	0.54732	0.04004	0.41264
1050 T	0.55725	0.03034	0.41241
1051 T	0.55973	0.02777	0.4125
1052 T	0.55985	0.02728	0.41286
1053 T	0.55984	0.02708	0.41307
1054 T	0.55958	0.02731	0.41311
1055 C	0.55924	0.02762	0.41313
1056 T	0.55905	0.02781	0.41314
1057 T	0.55868	0.02817	0.41314
1058 G	0.55622	0.03066	0.41312
1059 T	0.55339	0.03354	0.41307
1060 C	0.54625	0.04071	0.41304
1061 C	0.53727	0.04980	0.41293
1062 A	0.52931	0.05825	0.41245
1063 A	0.52775	0.06019	0.41207
1064 G	0.52695	0.06119	0.41186
1065 A	0.52665	0.06155	0.41179
1066 G	0.52694	0.06029	0.41277
1067 A	0.52795	0.05576	0.41629
1068 A	0.52942	0.05139	0.41919
1069 C	0.53161	0.04612	0.42228
1070 T	0.53467	0.04308	0.42225
1071 T	0.53618	0.04159	0.42223
1072 T	0.53647	0.04164	0.42189
1073 T	0.53629	0.04210	0.4216
1074 T	0.53484	0.04407	0.42109
1075 C	0.53230	0.04675	0.42096
1076 A	0.52986	0.05118	0.41896
1077 T	0.52667	0.05641	0.41692
1078 G	0.51922	0.06926	0.41152
1079 G	0.51519	0.07701	0.40781
1080 A	0.50153	0.10015	0.39833
1081 A	0.49424	0.10606	0.3997
1082 T	0.48691	0.10993	0.40316
1083 A	0.47392	0.11660	0.40947
1084 G	0.46932	0.11274	0.41794
1085 C	0.46647	0.10878	0.42475
1086 A	0.46271	0.11379	0.42351
1087 G	0.46004	0.11677	0.42319
1088 G	0.45849	0.11914	0.42237
1089 A	0.45783	0.12056	0.42161
1090 G	0.45777	0.12094	0.42129
1091 T	0.45801	0.12074	0.42125
1092 G	0.45786	0.12126	0.42087
1093 A	0.45837	0.12076	0.42087
1094 T	0.45901	0.11967	0.42132
1095 T	0.45942	0.11864	0.42194
1096 A	0.45966	0.11786	0.42248
1097 C	0.46056	0.11519	0.42425
1098 T	0.46176	0.11458	0.42366
1099 A	0.46338	0.11511	0.4215
1100 A	0.46617	0.11083	0.423
1101 T	0.47216	0.09938	0.42846
1102 A	0.47568	0.09407	0.43026
1103 T	0.48468	0.07080	0.44452
1104 T	0.48658	0.06138	0.45204
1105 T	0.48717	0.05187	0.46096
1106 T	0.48758	0.04000	0.47243
1107 A	0.48780	0.03791	0.47429
1108 A	0.48836	0.03692	0.47471
1109 T	0.49079	0.03217	0.47704
1110 T	0.49203	0.02959	0.47839
1111 T	0.49262	0.03084	0.47655
1112 T	0.49206	0.03842	0.46952
1113 T	0.48956	0.05025	0.46018
1114 G	0.48487	0.05819	0.45695
1115 A	0.48021	0.06912	0.45067
1116 A	0.47591	0.07812	0.44597
1117 T	0.47216	0.08900	0.43884
1118 C	0.46307	0.10954	0.42739
1119 A	0.45239	0.17121	0.3764
1120 A	0.44480	0.24385	0.31134
1121 G	0.44290	0.27153	0.28557
1122 T	0.44111	0.28521	0.27368
1123 A	0.43829	0.29090	0.27082
1124 T	0.43831	0.29177	0.26992
1125 T	0.43401	0.29626	0.26974
1126 C	0.42840	0.30221	0.26939
1127 C	0.42496	0.30634	0.26871
1128 A	0.41725	0.31549	0.26726
1129 C	0.41404	0.31964	0.26632
1130 A	0.41290	0.32116	0.26594
1131 T	0.41010	0.32415	0.26575
1132 A	0.39861	0.33575	0.26564
1133 A	0.38820	0.34608	0.26573
1134 C	0.38417	0.34975	0.26609
1135 A	0.38564	0.34724	0.26713
1136 A	0.38871	0.34220	0.26909
1137 A	0.39006	0.33739	0.27255
1138 A	0.39524	0.32813	0.27662
1139 C	0.40109	0.31749	0.28142
1140 A	0.40881	0.30608	0.28511
1141 A	0.42261	0.28312	0.29427
1142 A	0.47165	0.22434	0.304
1143 T	0.53653	0.15092	0.31256
1144 G	0.55711	0.12506	0.31783
1145 C	0.56950	0.10191	0.32859
1146 T	0.57337	0.09369	0.33294
1147 A	0.57265	0.09359	0.33377
1148 C	0.57252	0.08919	0.33829
1149 T	0.57338	0.08793	0.33869
1150 T	0.57291	0.09270	0.33439
1151 T	0.57142	0.09126	0.33732
1152 T	0.56865	0.10063	0.33072
1153 T	0.56008	0.12538	0.31454
1154 T	0.54064	0.15535	0.30401
1155 A	0.51339	0.18465	0.30195
1156 G	0.50528	0.18857	0.30616
1157 G	0.50237	0.19088	0.30674
1158 A	0.50037	0.19622	0.30341
1159 T	0.49965	0.19750	0.30285
1160 G	0.49849	0.19932	0.30218
1161 G	0.49730	0.20315	0.29955
1162 A	0.49627	0.20970	0.29403
1163 T	0.49678	0.21353	0.2897
1164 T	0.49659	0.22112	0.28228
1165 A	0.49612	0.24175	0.26214
1166 A	0.49593	0.25333	0.25075
1167 A	0.49578	0.25939	0.24483
1168 G	0.49578	0.26350	0.24073
1169 A	0.49670	0.26798	0.23532
1170 T	0.49939	0.26702	0.23359
1171 G	0.50085	0.26633	0.23282
1172 A	0.50544	0.26214	0.23243
1173 T	0.51408	0.24746	0.23846
1174 G	0.51953	0.23491	0.24556
1175 G	0.53328	0.21683	0.24989
1176 T	0.55971	0.18767	0.25262
1177 T	0.57701	0.16618	0.25681
1178 T	0.58563	0.15098	0.26339
1179 T	0.58649	0.16452	0.24899
1180 A	0.58139	0.18393	0.23468
1181 T	0.58037	0.19820	0.22143
1182 T	0.57330	0.20862	0.21808
1183 A	0.55011	0.23691	0.21298
1184 A	0.52904	0.26237	0.20859
1185 A	0.50835	0.28939	0.20226
1186 C	0.48239	0.32529	0.19233
1187 A	0.36624	0.48264	0.15112
1188 A	0.31452	0.56307	0.1224
1189 A	0.25901	0.62459	0.11641
1190 A	0.21841	0.67028	0.1113
1191 G	0.18294	0.71279	0.10427
1192 A	0.15157	0.75698	0.09144
1193 C	0.12356	0.79190	0.08454
1194 A	0.08096	0.84668	0.07235
1195 A	0.05491	0.87805	0.06703
1196 A	0.03566	0.90080	0.06355
1197 A	0.02605	0.91222	0.06173
1198 A	0.02467	0.91437	0.06096
1199 G	0.02866	0.91025	0.06108
1200 A	0.03692	0.90135	0.06172
1201 A	0.04919	0.88726	0.06355
1202 T	0.06621	0.86411	0.06967
1203 A	0.07133	0.85145	0.07722
1204 C	0.07668	0.83929	0.08403
1205 A	0.07514	0.83944	0.08542
1206 A	0.07457	0.83064	0.09479
1207 A	0.07637	0.81352	0.1101
1208 A	0.08006	0.79170	0.12824
1209 A	0.08851	0.76196	0.14953
1210 G	0.12078	0.60576	0.27346
1211 A	0.14170	0.52124	0.33706
1212 A	0.14981	0.44484	0.40535
1213 A	0.15712	0.39968	0.4432
1214 A	0.16900	0.35741	0.47359
1215 A	0.18784	0.30406	0.5081
1216 T	0.19795	0.26039	0.54166
1217 T	0.19523	0.22935	0.57542
1218 A	0.18032	0.23147	0.58821
1219 T	0.16733	0.25759	0.57508
1220 G	0.13546	0.34865	0.51589
1221 G	0.07663	0.50125	0.42212
1222 G	0.04437	0.58990	0.36573
1223 A	0.03005	0.65349	0.31646
1224 A	0.02459	0.74279	0.23262
1225 A	0.02238	0.78020	0.19742
1226 A	0.01931	0.83376	0.14693
1227 A	0.01767	0.88153	0.1008
1228 A	0.01862	0.89934	0.08204
1229 T	0.01911	0.91708	0.06381
1230 A	0.01787	0.91917	0.06296
1231 A	0.01673	0.91870	0.06456
1232 A	0.01631	0.91620	0.06748
1233 A	0.01652	0.91051	0.07297
1234 C	0.01852	0.90401	0.07746
1235 A	0.02544	0.89852	0.07604
1236 A	0.04198	0.88294	0.07508
1237 A	0.05769	0.86763	0.07469
1238 A	0.06860	0.85550	0.0759
1239 A	0.08085	0.84081	0.07834
1240 T	0.10895	0.79144	0.09961
1241 G	0.12798	0.74944	0.12258
1242 G	0.16322	0.69433	0.14245
1243 A	0.24947	0.58473	0.1658
1244 T	0.38008	0.40356	0.21636
1245 T	0.42498	0.34488	0.23015
1246 G	0.43248	0.34407	0.22344
1247 A	0.46050	0.34096	0.19854
1248 A	0.46206	0.36103	0.17691
1249 A	0.50451	0.32677	0.16873
1250 T	0.55494	0.28029	0.16477
1251 A	0.56688	0.27461	0.15851
1252 T	0.57972	0.26741	0.15287
1253 A	0.56456	0.28464	0.1508
1254 T	0.55375	0.30041	0.14585
1255 A	0.39402	0.47055	0.13542
1256 A	0.28093	0.58896	0.1301
1257 C	0.24670	0.62791	0.12539
1258 A	0.20542	0.70403	0.09055
1259 A	0.18351	0.74064	0.07585
1260 T	0.16633	0.76617	0.0675
1261 A	0.11480	0.82705	0.05815
1262 A	0.08072	0.86473	0.05454
1263 A	0.05333	0.89437	0.05231
1264 A	0.04022	0.90684	0.05294
1265 A	0.03499	0.91047	0.05454
1266 A	0.03636	0.90566	0.05798
1267 G	0.04079	0.89724	0.06197
1268 A	0.04990	0.88226	0.06784
1269 A	0.06679	0.84754	0.08567
1270 A	0.09207	0.80464	0.10329
1271 T	0.11357	0.75939	0.12704
1272 C	0.11528	0.74528	0.13944
1273 A	0.11182	0.75356	0.13462
1274 A	0.10760	0.75918	0.13322
1275 A	0.10007	0.76688	0.13305
1276 G	0.09172	0.76280	0.14548
1277 A	0.09417	0.75362	0.1522
1278 A	0.10714	0.58168	0.31118
1279 G	0.11516	0.45799	0.42684
1280 A	0.12351	0.42497	0.45152
1281 T	0.15677	0.40069	0.44254
1282 A	0.16656	0.43506	0.39838
1283 A	0.17239	0.45328	0.37433
1284 T	0.18056	0.42067	0.39876
1285 A	0.18123	0.40898	0.40979
1286 T	0.18214	0.39346	0.4244
1287 A	0.17825	0.45627	0.36548
1288 G	0.17140	0.52954	0.29906
1289 A	0.15625	0.57354	0.27021
1290 A	0.14455	0.60424	0.25122
1291 A	0.13910	0.61459	0.24631
1292 G	0.13396	0.62335	0.24269
1293 T	0.12662	0.63681	0.23657
1294 A	0.12001	0.64722	0.23277
1295 A	0.11971	0.64734	0.23295
1296 A	0.12629	0.63379	0.23993
1297 A	0.13383	0.61896	0.24721
1298 T	0.14225	0.59763	0.26012
1299 G	0.14427	0.58586	0.26986
1300 C	0.14551	0.58167	0.27282
1301 A	0.14691	0.58088	0.27221
1302 A	0.15496	0.57175	0.27329
1303 A	0.17366	0.55194	0.2744
1304 T	0.23581	0.48760	0.27658
1305 C	0.29315	0.42723	0.27962
1306 C	0.33690	0.37989	0.28321
1307 T	0.36861	0.34760	0.28379
1308 G	0.38391	0.33186	0.28423
1309 G	0.39534	0.32025	0.28441
1310 A	0.45522	0.25995	0.28483
1311 T	0.53304	0.17604	0.29093
1312 T	0.56244	0.13152	0.30605
1313 T	0.57961	0.10133	0.31906
1314 T	0.58006	0.09646	0.32348
1315 A	0.57616	0.09786	0.32598
1316 A	0.57306	0.09387	0.33307
1317 C	0.57431	0.08702	0.33868
1318 G	0.57771	0.09023	0.33206
1319 A	0.57853	0.09379	0.32769
1320 T	0.58106	0.09302	0.32592
1321 G	0.58097	0.09558	0.32345
1322 A	0.57556	0.10344	0.32099
1323 A	0.57299	0.10444	0.32256
1324 T	0.57040	0.10470	0.3249
1325 G	0.56491	0.11294	0.32215
1326 G	0.56434	0.12510	0.31056
1327 T	0.56460	0.13920	0.29621
1328 G	0.56424	0.15209	0.28367
