# lcl|CP097583.1_cds_USQ93525.1_1
# AA	inside	membr	outside
1 A	0.58101	0.00000	0.41899
2 T	0.57698	0.00403	0.41899
3 G	0.57569	0.00533	0.41899
4 G	0.57569	0.01815	0.40617
5 C	0.55946	0.04707	0.39347
6 A	0.55946	0.05147	0.38907
7 A	0.52727	0.08458	0.38815
8 C	0.52726	0.08461	0.38813
9 A	0.51316	0.09981	0.38703
10 A	0.51315	0.16978	0.31707
11 A	0.51210	0.17362	0.31429
12 A	0.49891	0.18705	0.31405
13 A	0.47944	0.20747	0.31309
14 T	0.47944	0.20747	0.31309
15 A	0.47944	0.21102	0.30954
16 C	0.47934	0.21112	0.30954
17 G	0.47921	0.21135	0.30944
18 T	0.47921	0.21142	0.30937
19 T	0.47897	0.21178	0.30925
20 T	0.46862	0.22725	0.30412
21 A	0.42641	0.26943	0.30416
22 C	0.42472	0.27073	0.30455
23 A	0.42327	0.27302	0.30371
24 A	0.42345	0.27318	0.30337
25 C	0.42483	0.26430	0.31088
26 G	0.42672	0.26253	0.31075
27 T	0.44017	0.24892	0.3109
28 T	0.45336	0.22605	0.32059
29 T	0.45663	0.22256	0.32081
30 A	0.45586	0.20530	0.33884
31 G	0.45362	0.20467	0.34171
32 G	0.45398	0.19158	0.35444
33 T	0.50916	0.13564	0.35519
34 A	0.51000	0.13706	0.35294
35 A	0.51085	0.12661	0.36253
36 T	0.51210	0.11045	0.37745
37 C	0.51061	0.11309	0.3763
38 A	0.50798	0.12146	0.37055
39 T	0.49839	0.14555	0.35606
40 A	0.49384	0.15772	0.34843
41 A	0.49083	0.16922	0.33995
42 A	0.49016	0.17041	0.33943
43 A	0.49447	0.15486	0.35066
44 G	0.49488	0.11551	0.38962
45 A	0.49718	0.11078	0.39204
46 C	0.49983	0.10598	0.39419
47 C	0.50265	0.10314	0.39421
48 T	0.50584	0.10153	0.39263
49 T	0.50831	0.10103	0.39066
50 T	0.50994	0.10248	0.38758
51 T	0.51095	0.10161	0.38744
52 T	0.51131	0.10141	0.38728
53 A	0.51128	0.09929	0.38943
54 T	0.51273	0.09376	0.39351
55 C	0.51460	0.08884	0.39656
56 G	0.51579	0.08750	0.39671
57 T	0.51993	0.08304	0.39703
58 A	0.52132	0.08571	0.39298
59 T	0.52417	0.08269	0.39313
60 A	0.52565	0.08051	0.39384
61 G	0.53164	0.06907	0.3993
62 T	0.54398	0.04710	0.40892
63 G	0.54978	0.03763	0.41259
64 T	0.55642	0.02888	0.41469
65 C	0.55365	0.03169	0.41466
66 T	0.54948	0.04219	0.40833
67 A	0.52656	0.07815	0.39529
68 T	0.52068	0.09450	0.38482
69 G	0.51339	0.11912	0.36749
70 G	0.50998	0.12913	0.36089
71 A	0.50963	0.13981	0.35055
72 A	0.50941	0.14140	0.34919
73 T	0.50667	0.14509	0.34824
74 C	0.48670	0.16661	0.34669
75 T	0.47517	0.18222	0.3426
76 C	0.45078	0.21257	0.33666
77 G	0.43428	0.23120	0.33452
78 T	0.42568	0.24142	0.3329
79 A	0.41274	0.25557	0.33169
80 A	0.40206	0.26668	0.33125
81 C	0.39573	0.27316	0.33111
82 A	0.38335	0.28756	0.3291
83 A	0.37319	0.30017	0.32664
84 A	0.36530	0.31134	0.32336
85 A	0.36050	0.31775	0.32174
86 G	0.35930	0.31846	0.32224
87 A	0.35840	0.31722	0.32437
88 G	0.35910	0.31094	0.32996
89 A	0.36480	0.29907	0.33613
90 C	0.37671	0.26292	0.36036
91 G	0.38663	0.24964	0.36374
92 G	0.40211	0.23184	0.36604
93 A	0.40920	0.22779	0.363
94 A	0.41853	0.22038	0.3611
95 A	0.42129	0.21628	0.36243
96 A	0.42496	0.20227	0.37277
97 T	0.42953	0.17163	0.39884
98 T	0.43438	0.15108	0.41455
99 T	0.43892	0.12257	0.4385
100 T	0.43975	0.10740	0.45284
101 T	0.43846	0.10758	0.45397
102 A	0.43639	0.11399	0.44962
103 G	0.43592	0.12109	0.44299
104 A	0.43568	0.14767	0.41664
105 A	0.43750	0.14626	0.41623
106 A	0.44030	0.14119	0.41851
107 T	0.44430	0.13277	0.42293
108 T	0.44555	0.13198	0.42247
109 T	0.44426	0.13796	0.41778
110 T	0.44188	0.14467	0.41345
111 A	0.43577	0.16793	0.3963
112 G	0.43115	0.17565	0.3932
113 G	0.42503	0.18376	0.39121
114 A	0.42136	0.18857	0.39007
115 A	0.42110	0.18936	0.38954
116 C	0.42424	0.18665	0.38911
117 T	0.42532	0.18785	0.38683
118 T	0.42242	0.19280	0.38477
119 A	0.41915	0.19932	0.38153
120 T	0.41850	0.20056	0.38094
121 G	0.41655	0.20264	0.38081
122 A	0.41619	0.20256	0.38125
123 A	0.41858	0.19920	0.38221
124 C	0.42721	0.18803	0.38476
125 C	0.43953	0.17424	0.38624
126 A	0.45740	0.15613	0.38647
127 T	0.49276	0.12051	0.38674
128 T	0.50343	0.10975	0.38682
129 T	0.50722	0.10593	0.38685
130 C	0.50652	0.10627	0.38721
131 G	0.50867	0.10307	0.38827
132 T	0.51344	0.09660	0.38996
133 A	0.51626	0.09232	0.39143
134 A	0.53104	0.07331	0.39565
135 T	0.53629	0.06453	0.39918
136 T	0.53739	0.05742	0.4052
137 T	0.53395	0.05602	0.41003
138 A	0.52409	0.06391	0.412
139 A	0.51914	0.06664	0.41421
140 T	0.51884	0.06327	0.41788
141 C	0.51861	0.05889	0.4225
142 G	0.51945	0.05636	0.42419
143 A	0.51813	0.05842	0.42345
144 T	0.51679	0.06029	0.42292
145 G	0.50898	0.07409	0.41693
146 T	0.48771	0.11016	0.40213
147 A	0.47120	0.13504	0.39375
148 G	0.46609	0.14818	0.38573
149 A	0.46356	0.16188	0.37456
150 T	0.46165	0.16803	0.37032
151 T	0.45751	0.17476	0.36773
152 T	0.45119	0.18896	0.35986
153 A	0.43901	0.20674	0.35426
154 G	0.43372	0.21719	0.34909
155 A	0.43054	0.23456	0.33489
156 T	0.42822	0.24627	0.32551
157 A	0.42673	0.25292	0.32035
158 A	0.42665	0.25558	0.31777
159 A	0.42668	0.25396	0.31936
160 G	0.42642	0.24989	0.32369
161 T	0.42663	0.24087	0.3325
162 T	0.42626	0.23700	0.33674
163 C	0.42593	0.23565	0.33842
164 A	0.42575	0.23638	0.33786
165 A	0.42647	0.23538	0.33815
166 A	0.42819	0.23213	0.33968
167 A	0.43109	0.22793	0.34098
168 A	0.43939	0.21317	0.34744
169 T	0.45883	0.16936	0.3718
170 G	0.46790	0.14515	0.38696
171 G	0.47796	0.12992	0.39212
172 T	0.48990	0.11525	0.39484
173 T	0.49474	0.10701	0.39825
174 A	0.49593	0.10278	0.40129
175 T	0.50433	0.08939	0.40628
176 C	0.50800	0.07976	0.41223
177 A	0.50498	0.09019	0.40483
178 G	0.51439	0.09158	0.39402
179 T	0.52258	0.09047	0.38694
180 T	0.52201	0.10576	0.37224
181 G	0.51766	0.11327	0.36907
182 G	0.51504	0.11779	0.36717
183 T	0.50953	0.12398	0.3665
184 T	0.50134	0.13403	0.36463
185 C	0.48853	0.14753	0.36394
186 T	0.47742	0.16266	0.35992
187 C	0.44556	0.20780	0.34665
188 A	0.41819	0.26310	0.31871
189 A	0.33130	0.36139	0.30732
190 A	0.28756	0.40658	0.30586
191 A	0.26856	0.42620	0.30524
192 A	0.25899	0.43598	0.30504
193 A	0.25402	0.44040	0.30557
194 C	0.25196	0.44161	0.30643
195 T	0.24996	0.44377	0.30628
196 A	0.24642	0.44717	0.30641
197 A	0.24743	0.44539	0.30719
198 A	0.24814	0.44395	0.30792
199 A	0.25194	0.43885	0.30921
200 C	0.26298	0.41641	0.32061
201 T	0.27580	0.39876	0.32544
202 G	0.28170	0.38809	0.33021
203 T	0.29445	0.37059	0.33496
204 T	0.29770	0.36284	0.33945
205 A	0.29927	0.35892	0.34181
206 C	0.30177	0.34051	0.35772
207 T	0.30677	0.32228	0.37095
208 A	0.30879	0.30634	0.38487
209 A	0.31382	0.29158	0.39461
210 T	0.33019	0.24919	0.42062
211 T	0.35235	0.20955	0.4381
212 T	0.35815	0.11820	0.52365
213 A	0.35602	0.08364	0.56035
214 T	0.35399	0.07915	0.56685
215 T	0.33369	0.13647	0.52984
216 A	0.28160	0.27719	0.44121
217 A	0.22203	0.40319	0.37478
218 A	0.19177	0.45770	0.35053
219 A	0.15066	0.52268	0.32666
220 A	0.13023	0.55278	0.31699
221 G	0.12132	0.56847	0.31021
222 A	0.11292	0.58777	0.29932
223 G	0.10641	0.60509	0.28849
224 T	0.10436	0.61753	0.27811
225 T	0.10019	0.63028	0.26953
226 A	0.09278	0.65424	0.25298
227 A	0.08528	0.67089	0.24383
228 A	0.07885	0.67836	0.24279
229 A	0.07070	0.68800	0.2413
230 A	0.06017	0.70072	0.23911
231 A	0.05456	0.70745	0.238
232 C	0.04841	0.71453	0.23706
233 A	0.04813	0.71585	0.23601
234 A	0.04937	0.71497	0.23566
235 A	0.05282	0.71136	0.23582
236 A	0.06237	0.69994	0.23769
237 A	0.07966	0.68041	0.23993
238 A	0.12736	0.60864	0.264
239 A	0.21995	0.46368	0.31637
240 T	0.29420	0.33041	0.37539
241 A	0.31929	0.27823	0.40247
242 T	0.34744	0.21047	0.44209
243 T	0.35708	0.18282	0.4601
244 A	0.36429	0.16742	0.46828
245 A	0.37500	0.14806	0.47693
246 T	0.39284	0.12134	0.48582
247 T	0.40322	0.10554	0.49125
248 T	0.41031	0.09305	0.49664
249 A	0.41929	0.07761	0.5031
250 A	0.42625	0.06323	0.51052
251 A	0.42851	0.05338	0.51812
252 A	0.43171	0.04025	0.52805
253 T	0.43654	0.02244	0.54102
254 A	0.43938	0.01208	0.54854
255 A	0.44263	0.00000	0.55737
