# lcl|CP097583.1_cds_USQ93132.1_1
# AA	inside	membr	outside
1 A	0.58878	0.00000	0.41122
2 T	0.58720	0.00158	0.41122
3 G	0.58595	0.00284	0.41122
4 T	0.58595	0.00809	0.40596
5 C	0.55530	0.05174	0.39296
6 T	0.55529	0.06499	0.37971
7 A	0.29888	0.32655	0.37456
8 G	0.29887	0.32664	0.37449
9 T	0.26788	0.36087	0.37125
10 A	0.26777	0.52528	0.20695
11 A	0.26020	0.53776	0.20204
12 A	0.19784	0.60143	0.20072
13 A	0.14099	0.66164	0.19737
14 A	0.14097	0.66166	0.19737
15 A	0.14097	0.67692	0.18211
16 G	0.14034	0.67755	0.18211
17 A	0.13996	0.67803	0.18201
18 A	0.13995	0.67813	0.18192
19 A	0.13984	0.67829	0.18187
20 A	0.13968	0.67888	0.18144
21 T	0.13956	0.67887	0.18156
22 T	0.14011	0.67806	0.18182
23 A	0.14074	0.67674	0.18252
24 T	0.14296	0.67321	0.18384
25 T	0.14455	0.66143	0.19402
26 T	0.14531	0.65292	0.20177
27 A	0.14793	0.62661	0.22546
28 A	0.16308	0.58037	0.25655
29 T	0.18421	0.53634	0.27945
30 T	0.21090	0.32078	0.46833
31 A	0.21699	0.30449	0.47853
32 T	0.23423	0.23974	0.52603
33 T	0.34613	0.11726	0.53661
34 T	0.34986	0.10867	0.54146
35 T	0.35167	0.07398	0.57435
36 A	0.35322	0.04315	0.60363
37 T	0.35375	0.04297	0.60328
38 T	0.36477	0.03516	0.60007
39 T	0.36107	0.08883	0.55009
40 T	0.35646	0.12561	0.51792
41 A	0.35192	0.19087	0.45721
42 T	0.35103	0.23510	0.41387
43 A	0.34993	0.26026	0.38981
44 A	0.34885	0.32927	0.32188
45 T	0.34842	0.34064	0.31095
46 T	0.34837	0.34505	0.30658
47 A	0.34656	0.35285	0.30058
48 T	0.33897	0.36119	0.29984
49 A	0.31669	0.38983	0.29348
50 C	0.30466	0.40334	0.292
51 T	0.29673	0.41294	0.29033
52 C	0.27632	0.43455	0.28913
53 A	0.26277	0.45064	0.28659
54 T	0.26314	0.45274	0.28412
55 A	0.25840	0.46047	0.28113
56 T	0.25883	0.46196	0.27922
57 T	0.25514	0.46906	0.27579
58 A	0.22886	0.50236	0.26877
59 A	0.21265	0.51881	0.26853
60 A	0.20525	0.52521	0.26953
61 G	0.20369	0.52425	0.27207
62 A	0.24595	0.47813	0.27592
63 C	0.28675	0.43232	0.28092
64 C	0.35838	0.35857	0.28305
65 C	0.39855	0.31926	0.28219
66 T	0.41836	0.30212	0.27953
67 G	0.44142	0.28366	0.27491
68 A	0.41307	0.31765	0.26928
69 A	0.38982	0.34492	0.26526
70 A	0.37106	0.36742	0.26152
71 A	0.36734	0.36401	0.26865
72 A	0.37296	0.33571	0.29133
73 T	0.37173	0.32065	0.30762
74 T	0.36170	0.32265	0.31565
75 T	0.33691	0.33574	0.32735
76 A	0.29380	0.38043	0.32577
77 A	0.27811	0.39628	0.32561
78 A	0.27117	0.39833	0.3305
79 G	0.26801	0.39668	0.33531
80 A	0.26914	0.39174	0.33912
81 A	0.27407	0.36429	0.36164
82 G	0.27379	0.34785	0.37836
83 A	0.26904	0.34738	0.38359
84 A	0.26691	0.34501	0.38808
85 C	0.26643	0.33924	0.39433
86 A	0.26577	0.34180	0.39243
87 T	0.26732	0.33517	0.39751
88 T	0.26840	0.33033	0.40126
89 G	0.26876	0.32917	0.40207
90 G	0.27170	0.32781	0.40049
91 A	0.27601	0.29838	0.42562
92 A	0.28002	0.26577	0.45421
93 T	0.28693	0.22931	0.48375
94 T	0.29225	0.21479	0.49296
95 A	0.29449	0.20878	0.49673
96 T	0.29800	0.19076	0.51124
97 T	0.29964	0.17197	0.52839
98 G	0.29943	0.14750	0.55307
99 T	0.30326	0.11757	0.57917
100 C	0.29955	0.12512	0.57533
101 A	0.29058	0.18950	0.51992
102 A	0.28658	0.24986	0.46356
103 A	0.28811	0.27280	0.43908
104 A	0.28841	0.28093	0.43066
105 A	0.29019	0.29066	0.41915
106 T	0.29663	0.28142	0.42195
107 T	0.30005	0.27759	0.42236
108 A	0.30025	0.27614	0.42362
109 G	0.30331	0.27037	0.42632
110 G	0.30640	0.26550	0.4281
111 T	0.31117	0.25934	0.4295
112 C	0.31504	0.25429	0.43068
113 T	0.32117	0.24833	0.4305
114 T	0.32459	0.24498	0.43043
115 T	0.32543	0.24439	0.43019
116 T	0.32527	0.24474	0.42999
117 A	0.32349	0.24684	0.42967
118 G	0.32290	0.24671	0.43038
119 G	0.32143	0.24816	0.43041
120 A	0.31869	0.25142	0.42988
121 A	0.32055	0.24808	0.43137
122 G	0.32736	0.23878	0.43386
123 A	0.34361	0.21934	0.43705
124 A	0.40086	0.15374	0.4454
125 T	0.45977	0.08973	0.4505
126 T	0.48179	0.06593	0.45228
127 A	0.48740	0.05999	0.4526
128 T	0.49646	0.04997	0.45357
129 T	0.49705	0.04935	0.4536
130 A	0.49014	0.05581	0.45405
131 T	0.48578	0.05885	0.45536
132 T	0.48204	0.06224	0.45572
133 T	0.47817	0.06597	0.45586
134 C	0.47289	0.07104	0.45607
135 T	0.46559	0.07840	0.45601
136 T	0.44179	0.10227	0.45595
137 C	0.42400	0.12017	0.45582
138 T	0.40167	0.14319	0.45514
139 G	0.38679	0.15883	0.45438
140 A	0.37393	0.17159	0.45448
141 A	0.36052	0.18485	0.45463
142 G	0.35742	0.18707	0.4555
143 G	0.35654	0.18559	0.45788
144 A	0.35370	0.18733	0.45897
145 A	0.35298	0.18661	0.46042
146 T	0.35398	0.18439	0.46162
147 T	0.35198	0.18613	0.46189
148 A	0.34754	0.19078	0.46169
149 A	0.34539	0.19141	0.46319
150 T	0.34487	0.18887	0.46627
151 G	0.34249	0.18925	0.46826
152 G	0.34149	0.18794	0.47056
153 G	0.34132	0.18043	0.47825
154 A	0.34114	0.17226	0.48659
155 C	0.34133	0.16290	0.49577
156 T	0.34181	0.15945	0.49874
157 T	0.34197	0.15457	0.50347
158 T	0.34191	0.14765	0.51044
159 G	0.34117	0.12516	0.53367
160 T	0.34073	0.11654	0.54273
161 C	0.33915	0.09532	0.56553
162 A	0.33765	0.09900	0.56335
163 G	0.33656	0.09785	0.56559
164 G	0.33334	0.10523	0.56143
165 A	0.33097	0.11598	0.55305
166 T	0.33071	0.12805	0.54124
167 T	0.32873	0.16150	0.50977
168 A	0.31109	0.23739	0.45152
169 A	0.30016	0.26426	0.43558
170 A	0.29121	0.28654	0.42225
171 A	0.28723	0.29822	0.41456
172 G	0.27185	0.32503	0.40311
173 A	0.26385	0.39035	0.3458
174 A	0.25655	0.41604	0.32742
175 G	0.24736	0.44433	0.30831
176 A	0.24361	0.45014	0.30626
177 T	0.24302	0.45100	0.30598
178 A	0.24013	0.45429	0.30559
179 T	0.23985	0.45404	0.30612
180 C	0.23609	0.45763	0.30629
181 G	0.23262	0.46113	0.30625
182 A	0.23068	0.46316	0.30616
183 A	0.22978	0.46397	0.30625
184 A	0.23069	0.46209	0.30723
185 C	0.23956	0.45148	0.30895
186 A	0.24624	0.44302	0.31074
187 T	0.26262	0.42148	0.3159
188 A	0.26610	0.41415	0.31975
189 C	0.27353	0.40289	0.32358
190 A	0.30428	0.37072	0.325
191 T	0.35690	0.30128	0.34182
192 G	0.35479	0.29403	0.35118
193 G	0.35043	0.29335	0.35622
194 A	0.35614	0.28801	0.35585
195 A	0.36856	0.26015	0.37129
196 T	0.43069	0.18881	0.38051
197 A	0.44686	0.16532	0.38782
198 T	0.46440	0.13677	0.39882
199 T	0.46160	0.13585	0.40255
200 T	0.45172	0.15292	0.39536
201 A	0.42237	0.20330	0.37432
202 A	0.27000	0.37623	0.35377
203 A	0.20130	0.45430	0.3444
204 A	0.16300	0.50982	0.32718
205 A	0.14685	0.53562	0.31753
206 A	0.13803	0.54532	0.31665
207 A	0.13136	0.55375	0.31488
208 A	0.10629	0.57899	0.31471
209 T	0.09653	0.58572	0.31775
210 A	0.08550	0.59625	0.31826
211 A	0.08020	0.59639	0.32341
212 A	0.07876	0.59198	0.32926
213 A	0.07878	0.58439	0.33684
214 G	0.07964	0.57111	0.34926
215 G	0.08197	0.55370	0.36433
216 T	0.08596	0.53363	0.3804
217 T	0.08854	0.52661	0.38485
218 T	0.08924	0.52420	0.38655
219 C	0.08856	0.52379	0.38765
220 G	0.08800	0.52826	0.38374
221 A	0.08818	0.52480	0.38701
222 A	0.08993	0.51940	0.39067
223 A	0.09985	0.50083	0.39932
224 A	0.12373	0.45623	0.42004
225 C	0.14846	0.26756	0.58398
226 A	0.16169	0.18723	0.65108
227 T	0.18365	0.13028	0.68607
228 T	0.19392	0.11080	0.69529
229 G	0.19695	0.10751	0.69554
230 A	0.20050	0.10382	0.69568
231 T	0.20382	0.07131	0.72487
232 T	0.20457	0.06345	0.73198
233 T	0.19859	0.07935	0.72206
234 T	0.19547	0.18644	0.61809
235 A	0.18440	0.31932	0.49629
236 A	0.17216	0.38930	0.43854
237 A	0.16700	0.43386	0.39915
238 A	0.16409	0.45125	0.38466
239 T	0.16029	0.49197	0.34775
240 A	0.15567	0.51163	0.33269
241 G	0.15422	0.51366	0.33212
242 A	0.15380	0.51396	0.33224
243 T	0.15872	0.50871	0.33257
244 A	0.15848	0.51003	0.3315
245 C	0.15940	0.50901	0.33159
246 A	0.16050	0.50826	0.33124
247 T	0.16180	0.50732	0.33088
248 A	0.16213	0.50777	0.33009
249 T	0.16414	0.50596	0.3299
250 C	0.16421	0.50632	0.32947
251 A	0.16516	0.50669	0.32816
252 T	0.16900	0.50267	0.32833
253 A	0.17216	0.49935	0.3285
254 A	0.17745	0.49353	0.32902
255 A	0.18929	0.48056	0.33015
256 C	0.21915	0.43825	0.3426
257 A	0.32125	0.33304	0.34572
258 T	0.45023	0.19400	0.35576
259 G	0.50527	0.13046	0.36427
260 T	0.54543	0.08719	0.36738
261 A	0.55593	0.07495	0.36912
262 T	0.58463	0.04090	0.37447
263 T	0.59223	0.02796	0.37982
264 T	0.58785	0.02936	0.3828
265 C	0.58182	0.03357	0.38461
266 C	0.57331	0.04195	0.38474
267 T	0.56804	0.05046	0.38151
268 A	0.54158	0.08180	0.37661
269 G	0.50710	0.11936	0.37354
270 A	0.49445	0.14071	0.36483
271 T	0.49035	0.14582	0.36383
272 T	0.48281	0.15594	0.36125
273 A	0.46618	0.17668	0.35715
274 T	0.45821	0.18468	0.35711
275 C	0.44150	0.20100	0.3575
276 T	0.41739	0.22644	0.35617
277 A	0.35901	0.28691	0.35407
278 T	0.31286	0.33429	0.35285
279 C	0.25420	0.39502	0.35078
280 A	0.23569	0.41713	0.34718
281 A	0.22473	0.43029	0.34498
282 A	0.21901	0.43699	0.344
283 G	0.21757	0.43862	0.3438
284 T	0.21665	0.43962	0.34373
285 A	0.20892	0.44660	0.34448
286 A	0.20071	0.45288	0.34641
287 G	0.19388	0.45451	0.3516
288 A	0.18982	0.45293	0.35725
289 A	0.18770	0.44645	0.36585
290 A	0.18917	0.43801	0.37282
291 A	0.19257	0.41151	0.39593
292 G	0.19529	0.37788	0.42683
293 A	0.20235	0.36028	0.43737
294 A	0.20369	0.35554	0.44078
295 A	0.20698	0.34874	0.44428
296 T	0.21209	0.33036	0.45755
297 A	0.21212	0.32206	0.46582
298 G	0.21188	0.29785	0.49027
299 T	0.21321	0.26556	0.52123
300 A	0.21479	0.21799	0.56722
301 G	0.21628	0.17536	0.60835
302 C	0.21875	0.12430	0.65695
303 T	0.22193	0.11428	0.66379
304 T	0.22312	0.10976	0.66712
305 T	0.22249	0.11126	0.66625
306 G	0.22179	0.11467	0.66354
307 A	0.22168	0.11798	0.66034
308 A	0.22215	0.11108	0.66678
309 A	0.22319	0.10343	0.67337
310 T	0.22508	0.09678	0.67813
311 T	0.22600	0.09731	0.6767
312 G	0.21728	0.11357	0.66916
313 G	0.21468	0.13834	0.64698
314 A	0.21423	0.16200	0.62378
315 T	0.21392	0.17922	0.60687
316 A	0.21076	0.21010	0.57913
317 A	0.21250	0.21559	0.57191
318 A	0.21899	0.21352	0.5675
319 G	0.22591	0.21180	0.56229
320 A	0.23398	0.20672	0.5593
321 T	0.24041	0.20256	0.55703
322 T	0.24417	0.20427	0.55156
323 T	0.24790	0.20406	0.54805
324 A	0.24935	0.20352	0.54712
325 T	0.25213	0.20010	0.54777
326 T	0.25345	0.19836	0.54818
327 T	0.25439	0.19700	0.54861
328 C	0.25352	0.19726	0.54922
329 C	0.25345	0.19755	0.549
330 T	0.25399	0.19835	0.54766
331 G	0.25069	0.20333	0.54599
332 A	0.25107	0.20549	0.54343
333 A	0.25447	0.20388	0.54165
334 A	0.26147	0.19803	0.5405
335 G	0.27313	0.17767	0.5492
336 T	0.30202	0.14583	0.55215
337 A	0.32244	0.12398	0.55358
338 A	0.33888	0.10594	0.55518
339 T	0.36366	0.07685	0.55949
340 C	0.37026	0.06820	0.56154
341 C	0.37420	0.06534	0.56046
342 T	0.37473	0.07112	0.55415
343 G	0.36320	0.10001	0.53679
344 A	0.35667	0.14332	0.50001
345 T	0.35813	0.15656	0.48532
346 A	0.35346	0.16961	0.47693
347 A	0.35117	0.17548	0.47335
348 T	0.35088	0.17687	0.47224
349 T	0.35017	0.17817	0.47166
350 A	0.34870	0.17959	0.47171
351 T	0.34908	0.17678	0.47413
352 T	0.34912	0.17560	0.47528
353 T	0.34814	0.17640	0.47546
354 A	0.34414	0.17813	0.47772
355 G	0.34372	0.17686	0.47942
356 A	0.34266	0.17707	0.48027
357 A	0.34251	0.17634	0.48115
358 C	0.34337	0.17457	0.48206
359 C	0.34317	0.17477	0.48207
360 T	0.34163	0.17698	0.48139
361 A	0.33543	0.18437	0.4802
362 A	0.33015	0.19065	0.4792
363 A	0.32935	0.19285	0.47779
364 A	0.33075	0.19181	0.47744
365 A	0.33702	0.17874	0.48424
366 A	0.35754	0.14305	0.4994
367 T	0.39722	0.09290	0.50988
368 T	0.41156	0.07641	0.51203
369 T	0.41505	0.06888	0.51607
370 T	0.41074	0.07785	0.5114
371 T	0.39948	0.09207	0.50845
372 T	0.37402	0.12263	0.50335
373 C	0.32833	0.16790	0.50377
374 A	0.28136	0.21806	0.50057
375 A	0.26328	0.24020	0.49652
376 A	0.25608	0.24825	0.49567
377 C	0.24939	0.25220	0.49841
378 G	0.24220	0.26280	0.495
379 T	0.23885	0.26818	0.49298
380 T	0.23574	0.27420	0.49006
381 A	0.23057	0.28201	0.48741
382 A	0.22826	0.28475	0.487
383 A	0.22690	0.28431	0.48879
384 A	0.22658	0.27884	0.49458
385 G	0.22629	0.27321	0.5005
386 A	0.22672	0.27085	0.50243
387 A	0.22726	0.26881	0.50393
388 G	0.22804	0.26626	0.5057
389 A	0.22910	0.26393	0.50697
390 A	0.23071	0.25989	0.5094
391 G	0.23382	0.25094	0.51523
392 A	0.23763	0.23977	0.52261
393 T	0.24669	0.21442	0.53889
394 G	0.25122	0.19230	0.55647
395 T	0.25763	0.16018	0.58219
396 A	0.25867	0.12710	0.61423
397 G	0.26161	0.08497	0.65342
398 T	0.26643	0.06525	0.66832
399 T	0.26966	0.05436	0.67598
400 G	0.27095	0.04802	0.68103
401 T	0.27647	0.03770	0.68584
402 T	0.27914	0.03681	0.68405
403 T	0.27978	0.04377	0.67645
404 T	0.27876	0.05742	0.66382
405 A	0.27417	0.07189	0.65395
406 G	0.27173	0.08836	0.63991
407 A	0.26995	0.09919	0.63085
408 T	0.26853	0.10068	0.63079
409 G	0.26482	0.10703	0.62814
410 T	0.26235	0.11613	0.62152
411 T	0.25795	0.12533	0.61672
412 C	0.24775	0.13811	0.61414
413 G	0.23830	0.15428	0.60742
414 A	0.23527	0.16434	0.60039
415 A	0.23367	0.17550	0.59083
416 A	0.23343	0.18293	0.58363
417 T	0.23399	0.18510	0.58091
418 G	0.23408	0.19029	0.57564
419 A	0.23502	0.19210	0.57288
420 T	0.23687	0.19109	0.57203
421 T	0.23800	0.19087	0.57113
422 A	0.23838	0.19112	0.5705
423 T	0.24086	0.18894	0.5702
424 G	0.24291	0.18751	0.56958
425 A	0.24991	0.18202	0.56808
426 A	0.26241	0.17067	0.56692
427 T	0.28114	0.15341	0.56545
428 A	0.28868	0.14433	0.56698
429 T	0.30221	0.12885	0.56894
430 A	0.30746	0.12205	0.57049
431 A	0.30900	0.11696	0.57403
432 T	0.31471	0.10597	0.57932
433 T	0.32607	0.09045	0.58348
434 T	0.33154	0.08144	0.58702
435 A	0.33299	0.07206	0.59495
436 G	0.33660	0.06035	0.60306
437 G	0.34139	0.05338	0.60523
438 T	0.35067	0.04298	0.60636
439 C	0.35826	0.03554	0.6062
440 A	0.36137	0.03342	0.60521
441 T	0.36739	0.02835	0.60425
442 T	0.36953	0.02899	0.60148
443 T	0.36894	0.03643	0.59463
444 T	0.34886	0.07530	0.57584
445 A	0.29953	0.14682	0.55365
446 G	0.28860	0.16704	0.54437
447 A	0.27731	0.18805	0.53464
448 A	0.27248	0.19403	0.53348
449 A	0.27215	0.19455	0.5333
450 T	0.27318	0.19387	0.53295
451 T	0.27218	0.19673	0.5311
452 C	0.26873	0.20183	0.52945
453 T	0.26632	0.20743	0.52624
454 A	0.26166	0.21549	0.52285
455 T	0.25977	0.21762	0.52262
456 T	0.25787	0.21954	0.5226
457 A	0.25494	0.22245	0.52261
458 A	0.25400	0.22293	0.52307
459 C	0.25382	0.22271	0.52348
460 C	0.25384	0.22264	0.52352
461 C	0.25371	0.22282	0.52347
462 T	0.25416	0.22247	0.52337
463 A	0.25447	0.22228	0.52325
464 A	0.25555	0.22124	0.52321
465 A	0.25890	0.21779	0.52331
466 A	0.26729	0.20802	0.5247
467 T	0.28985	0.15997	0.55019
468 T	0.31183	0.08702	0.60115
469 A	0.31891	0.07060	0.6105
470 G	0.32526	0.05378	0.62097
471 T	0.32670	0.04711	0.62618
472 A	0.32700	0.04413	0.62887
473 A	0.32808	0.03881	0.63311
474 T	0.33169	0.03104	0.63727
475 T	0.33389	0.02439	0.64172
476 T	0.33637	0.01877	0.64486
477 T	0.33791	0.01323	0.64887
478 C	0.33691	0.01262	0.65047
479 G	0.33592	0.01676	0.64732
480 T	0.33369	0.02529	0.64102
481 G	0.32935	0.05546	0.61519
482 A	0.32650	0.11094	0.56256
483 T	0.32430	0.12014	0.55556
484 T	0.31954	0.12755	0.55292
485 T	0.30992	0.13851	0.55157
486 T	0.29271	0.15682	0.55047
487 C	0.26555	0.18554	0.54891
488 C	0.24109	0.21415	0.54477
489 A	0.23163	0.23226	0.53612
490 G	0.22724	0.24070	0.53207
491 A	0.22518	0.24567	0.52916
492 A	0.22385	0.24788	0.52827
493 T	0.22343	0.24830	0.52828
494 G	0.22293	0.24868	0.5284
495 G	0.22270	0.24868	0.52862
496 G	0.22271	0.24849	0.52879
497 C	0.22265	0.24846	0.52889
498 A	0.22259	0.24889	0.52852
499 G	0.22322	0.24877	0.52801
500 A	0.22472	0.24820	0.52708
501 A	0.22639	0.24718	0.52643
502 A	0.23144	0.24292	0.52563
503 A	0.23923	0.23311	0.52766
504 A	0.26322	0.20499	0.53179
505 A	0.30884	0.15481	0.53635
506 A	0.31828	0.13806	0.54366
507 T	0.32825	0.11535	0.5564
508 T	0.33308	0.09572	0.5712
509 T	0.33532	0.07916	0.58552
510 A	0.33514	0.06513	0.59973
511 T	0.33755	0.04567	0.61678
512 C	0.34037	0.03823	0.62139
513 T	0.34283	0.03962	0.61755
514 T	0.34388	0.04367	0.61244
515 T	0.34150	0.05259	0.60591
516 T	0.32920	0.07473	0.59607
517 T	0.31748	0.10303	0.5795
518 T	0.30862	0.12607	0.56531
519 A	0.29274	0.15645	0.55081
520 A	0.28351	0.18204	0.53444
521 A	0.27957	0.19118	0.52926
522 A	0.27235	0.20003	0.52762
523 A	0.26712	0.20666	0.52622
524 A	0.26323	0.21093	0.52584
525 T	0.26021	0.21421	0.52558
526 A	0.25881	0.21621	0.52498
527 A	0.25865	0.21651	0.52485
528 A	0.25886	0.21630	0.52485
529 A	0.25944	0.21568	0.52488
530 A	0.26034	0.21459	0.52507
531 A	0.26188	0.21254	0.52558
532 G	0.26583	0.20727	0.5269
533 T	0.27508	0.19634	0.52858
534 T	0.28149	0.18872	0.52979
535 T	0.28667	0.18176	0.53157
536 T	0.29036	0.17613	0.53351
537 A	0.29329	0.16987	0.53684
538 A	0.29825	0.15841	0.54333
539 C	0.31011	0.12803	0.56186
540 T	0.33208	0.09643	0.5715
541 T	0.34615	0.07650	0.57735
542 A	0.35558	0.05870	0.58573
543 T	0.36800	0.03983	0.59217
544 T	0.37078	0.03381	0.59541
545 G	0.37124	0.02437	0.60439
546 T	0.37200	0.01771	0.61029
547 A	0.37156	0.01414	0.6143
548 C	0.37135	0.01135	0.61731
549 T	0.37145	0.01455	0.614
550 G	0.37111	0.01997	0.60892
551 G	0.37062	0.03193	0.59745
552 T	0.37046	0.04076	0.58877
553 G	0.37025	0.05568	0.57407
554 G	0.37023	0.06531	0.56446
555 A	0.37023	0.06732	0.56246
556 G	0.37035	0.06789	0.56176
557 T	0.37061	0.06819	0.5612
558 T	0.37061	0.06862	0.56077
559 C	0.37046	0.06915	0.56038
560 G	0.37035	0.07039	0.55926
561 T	0.37031	0.07114	0.55854
562 T	0.37007	0.07200	0.55793
563 G	0.36929	0.07346	0.55725
564 T	0.36904	0.07477	0.55619
565 G	0.36849	0.07692	0.55459
566 A	0.36822	0.08008	0.5517
567 A	0.36800	0.08145	0.55056
568 A	0.36805	0.08124	0.5507
569 A	0.36837	0.08061	0.55102
570 A	0.36960	0.07854	0.55186
571 G	0.37190	0.07524	0.55286
572 C	0.37854	0.06782	0.55364
573 A	0.38616	0.05991	0.55393
574 T	0.40110	0.04463	0.55427
575 C	0.40864	0.03703	0.55434
576 T	0.42008	0.02584	0.55409
577 A	0.42453	0.02168	0.55378
578 T	0.42619	0.02015	0.55367
579 T	0.42616	0.02062	0.55323
580 T	0.42539	0.02217	0.55245
581 T	0.42383	0.02437	0.5518
582 A	0.41974	0.02856	0.55169
583 T	0.41744	0.03102	0.55154
584 T	0.41069	0.03776	0.55156
585 A	0.40334	0.04505	0.55161
586 C	0.39942	0.04810	0.55248
587 G	0.39799	0.04928	0.55274
588 C	0.39827	0.04868	0.55306
589 T	0.39983	0.04720	0.55298
590 C	0.39917	0.04788	0.55295
591 T	0.39832	0.04894	0.55274
592 A	0.39607	0.05148	0.55245
593 A	0.39412	0.05363	0.55224
594 A	0.39326	0.05440	0.55233
595 G	0.39300	0.05455	0.55245
596 G	0.39162	0.05527	0.55312
597 A	0.39087	0.05570	0.55343
598 T	0.39020	0.05589	0.55391
599 T	0.38766	0.05850	0.55384
600 G	0.38305	0.06383	0.55312
601 A	0.37876	0.07062	0.55062
602 A	0.37801	0.07184	0.55016
603 T	0.37810	0.07081	0.55109
604 G	0.37780	0.07219	0.55
605 A	0.37791	0.07433	0.54776
606 A	0.37821	0.07659	0.5452
607 G	0.37806	0.07298	0.54896
608 T	0.37830	0.06927	0.55243
609 T	0.37824	0.06638	0.55539
610 T	0.37732	0.06608	0.55659
611 A	0.37488	0.06835	0.55677
612 T	0.37252	0.07014	0.55735
613 C	0.37027	0.07211	0.55762
614 A	0.36806	0.07789	0.55406
615 A	0.36634	0.08061	0.55306
616 T	0.36453	0.08529	0.55018
617 T	0.35981	0.09281	0.54738
618 A	0.34592	0.11029	0.54379
619 A	0.34247	0.11435	0.54319
620 A	0.34117	0.11409	0.54475
621 A	0.34072	0.11278	0.5465
622 G	0.34104	0.10875	0.55021
623 G	0.34259	0.10266	0.55475
624 C	0.34593	0.09479	0.55928
625 G	0.34843	0.09186	0.55971
626 G	0.35068	0.08994	0.55939
627 C	0.35511	0.08607	0.55882
628 A	0.36176	0.08149	0.55674
629 T	0.36775	0.07697	0.55528
630 T	0.37063	0.07586	0.55351
631 A	0.37218	0.07868	0.54914
632 T	0.37283	0.08249	0.54469
633 T	0.37113	0.09122	0.53764
634 A	0.36693	0.09798	0.53509
635 A	0.36556	0.09897	0.53546
636 A	0.36629	0.09886	0.53484
637 T	0.36971	0.09496	0.53534
638 A	0.36939	0.09754	0.53307
639 T	0.37242	0.09226	0.53533
640 A	0.37229	0.09089	0.53682
641 G	0.37095	0.08139	0.54766
642 T	0.37158	0.08136	0.54706
643 C	0.36724	0.09014	0.54262
644 A	0.36171	0.11648	0.5218
645 A	0.35844	0.12139	0.52017
646 G	0.35662	0.12327	0.5201
647 A	0.34981	0.13024	0.51995
648 A	0.34576	0.13427	0.51996
649 C	0.34413	0.13559	0.52028
650 C	0.34319	0.13658	0.52023
651 A	0.34345	0.13678	0.51977
652 G	0.34357	0.13705	0.51939
653 A	0.34530	0.13572	0.51898
654 A	0.34945	0.13161	0.51895
655 G	0.35440	0.12638	0.51922
656 T	0.36375	0.11339	0.52285
657 T	0.36762	0.10491	0.52747
658 C	0.36875	0.10154	0.52971
659 A	0.36958	0.10154	0.52889
660 A	0.37063	0.10023	0.52914
661 G	0.37395	0.09509	0.53096
662 G	0.37511	0.09291	0.53197
663 T	0.38128	0.08523	0.53349
664 C	0.38352	0.07832	0.53816
665 A	0.38512	0.07659	0.53828
666 A	0.39001	0.06915	0.54084
667 T	0.40685	0.04794	0.54521
668 T	0.40777	0.04459	0.54763
669 A	0.40771	0.04346	0.54883
670 T	0.40796	0.03528	0.55677
671 T	0.40794	0.03033	0.56173
672 T	0.40769	0.02774	0.56457
673 G	0.40649	0.02718	0.56633
674 A	0.40650	0.02590	0.56759
675 T	0.40679	0.02396	0.56925
676 G	0.40696	0.02313	0.56991
677 G	0.40713	0.02242	0.57045
678 T	0.40760	0.02155	0.57085
679 C	0.40771	0.02173	0.57056
680 A	0.40771	0.02467	0.56762
681 A	0.40790	0.02608	0.56602
682 G	0.40927	0.02476	0.56597
683 T	0.41032	0.02441	0.56527
684 T	0.41105	0.02637	0.56258
685 T	0.41181	0.02663	0.56156
686 A	0.41210	0.02799	0.55992
687 T	0.41257	0.02850	0.55893
688 G	0.41312	0.02939	0.55749
689 T	0.41432	0.03234	0.55333
690 T	0.41482	0.03622	0.54895
691 T	0.41531	0.04366	0.54103
692 T	0.41519	0.05453	0.53028
693 T	0.41349	0.05936	0.52715
694 G	0.40454	0.07138	0.52409
695 A	0.38678	0.09087	0.52235
696 T	0.37209	0.10638	0.52153
697 C	0.33081	0.14926	0.51993
698 A	0.31373	0.17109	0.51518
699 A	0.29445	0.19455	0.51101
700 A	0.28476	0.20845	0.50679
701 G	0.27858	0.21783	0.50359
702 A	0.27514	0.22612	0.49874
703 A	0.27226	0.22996	0.49777
704 T	0.27160	0.23072	0.49767
705 A	0.26622	0.23643	0.49735
706 G	0.26199	0.24067	0.49734
707 C	0.26068	0.24191	0.49742
708 C	0.25780	0.24476	0.49744
709 G	0.25252	0.25012	0.49736
710 C	0.24998	0.25270	0.49731
711 C	0.24505	0.25784	0.49711
712 C	0.24330	0.26007	0.49663
713 A	0.24236	0.26196	0.49568
714 A	0.24631	0.25866	0.49502
715 G	0.25341	0.25177	0.49481
716 T	0.25588	0.24803	0.49609
717 T	0.25201	0.24411	0.50388
718 A	0.23252	0.24235	0.52513
719 A	0.22158	0.23256	0.54586
720 C	0.21096	0.20154	0.5875
721 A	0.20205	0.20559	0.59236
722 A	0.19203	0.21465	0.59333
723 A	0.17766	0.24736	0.57498
724 A	0.17372	0.27520	0.55108
725 A	0.17061	0.29585	0.53354
726 A	0.16459	0.31289	0.52252
727 G	0.15778	0.33655	0.50567
728 A	0.15535	0.35179	0.49286
729 A	0.15385	0.36248	0.48367
730 A	0.15388	0.36385	0.48227
731 A	0.15464	0.36037	0.48499
732 T	0.15601	0.35251	0.49148
733 A	0.15638	0.34761	0.49601
734 T	0.15684	0.33825	0.50491
735 T	0.15704	0.33134	0.51162
736 A	0.15711	0.32681	0.51607
737 T	0.15739	0.32311	0.5195
738 A	0.15743	0.32036	0.52221
739 G	0.15744	0.31594	0.52661
740 T	0.15764	0.30668	0.53568
741 A	0.15759	0.28758	0.55483
742 G	0.15778	0.27907	0.56316
743 G	0.15778	0.27631	0.56591
744 A	0.16351	0.26948	0.56701
745 A	0.17451	0.25156	0.57393
746 G	0.20021	0.20928	0.5905
747 A	0.23171	0.17352	0.59478
748 G	0.25723	0.14305	0.59973
749 A	0.28146	0.11419	0.60435
750 T	0.30824	0.08131	0.61045
751 T	0.32546	0.06321	0.61132
752 T	0.33447	0.05711	0.60842
753 T	0.33650	0.06411	0.59938
754 T	0.33407	0.09089	0.57504
755 T	0.32855	0.14359	0.52786
756 T	0.32080	0.15669	0.52251
757 G	0.29876	0.18672	0.51452
758 A	0.27740	0.21364	0.50895
759 T	0.24996	0.24502	0.50502
760 C	0.22355	0.27469	0.50176
761 A	0.21408	0.29159	0.49433
762 A	0.20726	0.29958	0.49316
763 A	0.20438	0.30253	0.49309
764 A	0.20505	0.30158	0.49337
765 A	0.20759	0.29874	0.49366
766 C	0.21543	0.28933	0.49524
767 C	0.22220	0.28224	0.49556
768 T	0.22760	0.27699	0.49541
769 T	0.22962	0.27553	0.49485
770 G	0.22992	0.27683	0.49324
771 T	0.23061	0.27876	0.49062
772 G	0.22510	0.28896	0.48593
773 A	0.22208	0.29569	0.48223
774 A	0.22396	0.29637	0.47967
775 A	0.22990	0.29222	0.47789
776 G	0.24024	0.27917	0.4806
777 A	0.26721	0.24585	0.48695
778 T	0.31531	0.19160	0.49308
779 A	0.32120	0.17879	0.50001
780 T	0.32930	0.15214	0.51856
781 A	0.33198	0.12927	0.53875
782 T	0.33497	0.09090	0.57413
783 C	0.33520	0.07018	0.59462
784 A	0.33675	0.07515	0.58809
785 A	0.33698	0.07323	0.58979
786 T	0.33589	0.07202	0.59209
787 T	0.33208	0.07581	0.59211
788 G	0.31733	0.09324	0.58943
789 C	0.30989	0.10632	0.58379
790 G	0.30122	0.14284	0.55594
791 G	0.29851	0.20380	0.49769
792 A	0.29724	0.23726	0.46551
793 A	0.29884	0.23687	0.46429
794 A	0.30038	0.23600	0.46362
795 T	0.30495	0.22514	0.4699
796 C	0.30593	0.22017	0.4739
797 C	0.30605	0.22020	0.47375
798 T	0.30745	0.21999	0.47255
799 A	0.30666	0.22246	0.47088
800 G	0.30834	0.22166	0.46999
801 T	0.31218	0.21881	0.46901
802 T	0.31240	0.21979	0.46781
803 G	0.31201	0.22035	0.46764
804 T	0.31286	0.22135	0.4658
805 A	0.30898	0.22832	0.4627
806 A	0.30665	0.23136	0.46199
807 T	0.31275	0.22247	0.46478
808 A	0.30937	0.22525	0.46538
809 A	0.30715	0.22529	0.46755
810 A	0.30735	0.22092	0.47173
811 C	0.31113	0.20358	0.48529
812 A	0.31688	0.19395	0.48917
813 A	0.34238	0.16323	0.49439
814 A	0.39502	0.10935	0.49564
815 T	0.42799	0.07604	0.49597
816 T	0.42985	0.07653	0.49362
817 T	0.42891	0.07720	0.49389
818 T	0.42455	0.08044	0.49502
819 A	0.40578	0.09805	0.49617
820 T	0.37965	0.12360	0.49674
821 G	0.35615	0.14914	0.4947
822 C	0.34114	0.16618	0.49268
823 A	0.31575	0.20351	0.48074
824 G	0.29740	0.22647	0.47613
825 T	0.27645	0.25207	0.47148
826 G	0.23433	0.29709	0.46858
827 A	0.20270	0.33267	0.46463
828 A	0.19357	0.34058	0.46585
829 G	0.18862	0.34847	0.46292
830 A	0.18576	0.35775	0.45649
831 A	0.18299	0.36535	0.45166
832 A	0.18095	0.37068	0.44837
833 A	0.17945	0.37186	0.44868
834 T	0.17848	0.37160	0.44992
835 G	0.17742	0.37383	0.44875
836 A	0.17733	0.37524	0.44743
837 A	0.17819	0.37415	0.44766
838 A	0.17989	0.37128	0.44883
839 T	0.18329	0.36398	0.45272
840 G	0.18531	0.35783	0.45686
841 A	0.18610	0.35114	0.46276
842 A	0.18746	0.33173	0.48081
843 G	0.19110	0.29879	0.51011
844 T	0.19766	0.26972	0.53261
845 A	0.20419	0.24718	0.54864
846 T	0.21762	0.20288	0.5795
847 T	0.22160	0.17885	0.59955
848 T	0.22346	0.15544	0.6211
849 A	0.22389	0.12443	0.65168
850 G	0.22613	0.09058	0.6833
851 G	0.22893	0.07693	0.69414
852 T	0.23652	0.06395	0.69953
853 A	0.24472	0.05352	0.70176
854 G	0.25453	0.03977	0.7057
855 T	0.26216	0.02929	0.70855
856 T	0.26469	0.02451	0.7108
857 G	0.26561	0.02251	0.71188
858 T	0.26802	0.02036	0.71162
859 T	0.26936	0.02013	0.71051
860 C	0.26910	0.02367	0.70723
861 T	0.26840	0.03754	0.69405
862 T	0.26413	0.07363	0.66224
863 T	0.25376	0.10821	0.63803
864 A	0.23048	0.17540	0.59412
865 G	0.19444	0.25605	0.54951
866 A	0.18100	0.29467	0.52433
867 G	0.17751	0.31343	0.50907
868 T	0.17594	0.34388	0.48018
869 G	0.17398	0.36382	0.4622
870 T	0.17382	0.36635	0.45984
871 A	0.17234	0.37428	0.45338
872 G	0.16984	0.38003	0.45012
873 T	0.16850	0.38375	0.44775
874 C	0.16611	0.38830	0.44559
875 T	0.16321	0.39928	0.43751
876 A	0.15878	0.40898	0.43224
877 A	0.15670	0.41319	0.43011
878 A	0.15400	0.41829	0.42771
879 T	0.15238	0.42179	0.42583
880 A	0.14433	0.43222	0.42345
881 A	0.14222	0.43688	0.4209
882 A	0.14329	0.43667	0.42004
883 A	0.14745	0.43208	0.42046
884 A	0.16235	0.41471	0.42294
885 T	0.19891	0.37156	0.42953
886 A	0.21866	0.34091	0.44043
887 A	0.26084	0.27677	0.46239
888 T	0.31176	0.19042	0.49782
889 C	0.33599	0.15336	0.51066
890 G	0.34988	0.13758	0.51254
891 T	0.37695	0.11054	0.51251
892 T	0.38975	0.09998	0.51027
893 A	0.39118	0.09966	0.50916
894 T	0.39833	0.09212	0.50955
895 T	0.40389	0.08402	0.51209
896 T	0.40577	0.08233	0.5119
897 A	0.40299	0.08839	0.50862
898 T	0.40585	0.08593	0.50823
899 T	0.40187	0.09248	0.50566
900 A	0.36204	0.14565	0.49231
901 A	0.32945	0.19419	0.47636
902 A	0.30186	0.23965	0.45849
903 A	0.26803	0.27940	0.45258
904 A	0.23203	0.32596	0.442
905 A	0.19482	0.37763	0.42755
906 T	0.17281	0.41691	0.41027
907 A	0.10381	0.52634	0.36985
908 A	0.06700	0.57856	0.35444
909 A	0.04931	0.60327	0.34742
910 G	0.03096	0.62793	0.34111
911 A	0.02912	0.63192	0.33895
912 A	0.02899	0.63325	0.33777
913 A	0.02994	0.63222	0.33784
914 A	0.03251	0.62942	0.33807
915 T	0.03735	0.62402	0.33863
916 T	0.03966	0.62083	0.3395
917 C	0.04065	0.61919	0.34016
918 A	0.04179	0.61778	0.34043
919 A	0.04379	0.61507	0.34115
920 A	0.04779	0.60855	0.34366
921 T	0.05329	0.60055	0.34616
922 A	0.05885	0.59186	0.34929
923 A	0.07193	0.54343	0.38464
924 A	0.08795	0.49609	0.41595
925 A	0.10607	0.44663	0.4473
926 A	0.11991	0.39480	0.4853
927 A	0.13796	0.33281	0.52922
928 G	0.15889	0.26645	0.57466
929 A	0.18355	0.21436	0.60209
930 T	0.22915	0.10030	0.67055
931 T	0.24476	0.04927	0.70597
932 A	0.25056	0.02569	0.72374
933 A	0.25642	0.00000	0.74358
