# lcl|CP097583.1_cds_USQ93197.1_1
# AA	inside	membr	outside
1 T	0.67802	0.00000	0.32198
2 T	0.67773	0.00029	0.32198
3 G	0.67755	0.00047	0.32198
4 T	0.67755	0.00559	0.31685
5 T	0.67311	0.01970	0.30719
6 T	0.67310	0.02407	0.30282
7 T	0.57743	0.12371	0.29886
8 A	0.57743	0.12379	0.29878
9 T	0.56372	0.13874	0.29754
10 A	0.56367	0.27083	0.16549
11 A	0.56142	0.27644	0.16213
12 A	0.54875	0.28986	0.16139
13 T	0.54167	0.30040	0.15793
14 T	0.54167	0.30040	0.15793
15 T	0.54167	0.32065	0.13768
16 T	0.54096	0.32136	0.13768
17 A	0.53854	0.32469	0.13677
18 T	0.53847	0.32616	0.13537
19 A	0.53480	0.33264	0.13256
20 A	0.50510	0.39904	0.09586
21 A	0.48588	0.41843	0.09569
22 G	0.48504	0.42331	0.09165
23 T	0.48314	0.42903	0.08782
24 T	0.47750	0.44206	0.08044
25 A	0.46926	0.45570	0.07504
26 A	0.46518	0.46398	0.07084
27 A	0.46709	0.45871	0.07421
28 A	0.47404	0.45233	0.07363
29 A	0.47923	0.44711	0.07366
30 T	0.50177	0.35567	0.14256
31 G	0.50468	0.35297	0.14235
32 A	0.51058	0.34210	0.14732
33 T	0.61393	0.23920	0.14687
34 T	0.61710	0.23695	0.14594
35 C	0.61626	0.23226	0.15148
36 T	0.61536	0.23243	0.15221
37 C	0.61029	0.23880	0.15091
38 A	0.61602	0.23833	0.14565
39 A	0.60741	0.27091	0.12168
40 C	0.60818	0.27426	0.11756
41 A	0.60612	0.28985	0.10402
42 A	0.60452	0.29730	0.09818
43 G	0.63217	0.24545	0.12238
44 A	0.62758	0.26009	0.11233
45 T	0.62713	0.26042	0.11245
46 A	0.62632	0.26768	0.10599
47 T	0.63138	0.26098	0.10764
48 A	0.62154	0.26373	0.11473
49 G	0.61990	0.26094	0.11917
50 A	0.62152	0.25735	0.12113
51 A	0.62658	0.24956	0.12385
52 C	0.63372	0.23943	0.12685
53 C	0.64013	0.23421	0.12567
54 A	0.64211	0.23243	0.12546
55 T	0.65235	0.22190	0.12574
56 T	0.65649	0.21760	0.1259
57 A	0.65920	0.21420	0.1266
58 C	0.66288	0.20577	0.13134
59 C	0.66706	0.19349	0.13944
60 T	0.66602	0.19093	0.14305
61 C	0.66766	0.18634	0.146
62 A	0.68592	0.16602	0.14806
63 T	0.69522	0.15628	0.1485
64 T	0.71098	0.13779	0.15123
65 C	0.71694	0.12489	0.15817
66 T	0.72411	0.12182	0.15407
67 T	0.73522	0.10490	0.15988
68 A	0.71642	0.12214	0.16144
69 T	0.70616	0.13315	0.16068
70 T	0.69249	0.15626	0.15125
71 C	0.65850	0.19261	0.1489
72 A	0.62400	0.24183	0.13418
73 G	0.60275	0.26336	0.13388
74 A	0.58535	0.28337	0.13128
75 A	0.52687	0.34315	0.12998
76 C	0.48836	0.38123	0.13041
77 C	0.44608	0.43211	0.12181
78 A	0.41030	0.49368	0.09602
79 G	0.40089	0.52026	0.07885
80 A	0.39378	0.56159	0.04463
81 A	0.39001	0.56841	0.04157
82 A	0.38868	0.57059	0.04073
83 T	0.38897	0.56289	0.04814
84 A	0.38221	0.56735	0.05044
85 C	0.37922	0.57074	0.05004
86 A	0.37608	0.58934	0.03458
87 A	0.36590	0.60797	0.02612
88 A	0.36263	0.61121	0.02616
89 A	0.36533	0.60718	0.02749
90 T	0.36636	0.60140	0.03224
91 A	0.36829	0.57100	0.06071
92 C	0.37397	0.53476	0.09127
93 A	0.38083	0.51637	0.1028
94 A	0.39637	0.48809	0.11554
95 T	0.41043	0.46635	0.12322
96 A	0.41133	0.47338	0.11529
97 A	0.41476	0.46189	0.12334
98 T	0.41982	0.39258	0.1876
99 A	0.42023	0.35442	0.22535
100 T	0.43674	0.29037	0.27289
101 C	0.45699	0.23695	0.30605
102 A	0.46990	0.21914	0.31096
103 T	0.49488	0.18826	0.31685
104 C	0.49198	0.18802	0.32001
105 T	0.49300	0.18921	0.31779
106 A	0.49282	0.19314	0.31405
107 G	0.49428	0.19013	0.3156
108 A	0.49693	0.19083	0.31223
109 T	0.51135	0.17891	0.30973
110 T	0.51480	0.17261	0.31259
111 T	0.47705	0.21733	0.30562
112 G	0.37905	0.35581	0.26514
113 A	0.30630	0.46931	0.2244
114 A	0.23971	0.56950	0.19079
115 A	0.17732	0.65532	0.16736
116 A	0.14560	0.69695	0.15745
117 A	0.12418	0.73783	0.13799
118 G	0.11466	0.76220	0.12314
119 A	0.11854	0.79159	0.08987
120 A	0.11114	0.81777	0.07109
121 A	0.10748	0.83594	0.05659
122 T	0.11082	0.83449	0.05469
123 T	0.09984	0.84506	0.0551
124 G	0.08586	0.85689	0.05724
125 A	0.07028	0.87099	0.05873
126 A	0.06123	0.87789	0.06088
127 C	0.05544	0.87787	0.06669
128 C	0.04775	0.88478	0.06747
129 A	0.04671	0.88752	0.06577
130 G	0.04763	0.88945	0.06292
131 A	0.04993	0.89164	0.05844
132 A	0.05544	0.88906	0.0555
133 A	0.06665	0.87654	0.05682
134 A	0.07935	0.81227	0.10838
135 G	0.11277	0.68028	0.20695
136 A	0.14284	0.58866	0.2685
137 A	0.16804	0.51810	0.31386
138 A	0.18850	0.47183	0.33967
139 A	0.19251	0.48784	0.31965
140 A	0.20189	0.49150	0.30662
141 A	0.21777	0.48375	0.29848
142 G	0.25189	0.45074	0.29737
143 A	0.27249	0.46800	0.25951
144 T	0.29101	0.48164	0.22735
145 A	0.29493	0.50611	0.19896
146 T	0.29310	0.53143	0.17547
147 T	0.28197	0.54391	0.17412
148 A	0.26784	0.56095	0.17122
149 A	0.25912	0.57099	0.16989
150 A	0.25241	0.58122	0.16638
151 C	0.24890	0.58672	0.16438
152 A	0.24186	0.64317	0.11496
153 A	0.22408	0.68424	0.09168
154 G	0.21879	0.71364	0.06757
155 A	0.21632	0.73481	0.04888
156 T	0.21578	0.74163	0.04259
157 A	0.21227	0.75182	0.0359
158 A	0.21310	0.75104	0.03586
159 A	0.21868	0.74016	0.04116
160 G	0.23392	0.71852	0.04756
161 A	0.26304	0.68470	0.05227
162 A	0.31934	0.61547	0.06518
163 C	0.37000	0.54843	0.08156
164 C	0.40680	0.50823	0.08497
165 A	0.43029	0.48457	0.08514
166 T	0.49051	0.42347	0.08602
167 T	0.52829	0.38490	0.08681
168 A	0.55125	0.36013	0.08862
169 C	0.57811	0.32471	0.09718
170 C	0.58716	0.30167	0.11116
171 T	0.59636	0.29201	0.11163
172 G	0.58728	0.29720	0.11552
173 A	0.59312	0.29040	0.11649
174 A	0.61011	0.27334	0.11655
175 T	0.66579	0.21008	0.12413
176 C	0.69031	0.16289	0.1468
177 T	0.71787	0.14320	0.13893
178 T	0.72290	0.14079	0.13632
179 A	0.68907	0.18557	0.12536
180 T	0.65604	0.22695	0.11701
181 T	0.61710	0.27715	0.10575
182 C	0.55946	0.34731	0.09324
183 A	0.50299	0.41555	0.08146
184 G	0.48358	0.43692	0.07949
185 A	0.46929	0.45604	0.07467
186 A	0.41515	0.51221	0.07264
187 C	0.38721	0.54049	0.07231
188 C	0.36067	0.56918	0.07015
189 A	0.34348	0.59572	0.0608
190 G	0.34042	0.60843	0.05115
191 A	0.33815	0.61722	0.04464
192 A	0.33771	0.61768	0.04461
193 A	0.33926	0.61178	0.04896
194 T	0.34806	0.59140	0.06054
195 G	0.34656	0.57386	0.07957
196 C	0.34755	0.56559	0.08686
197 A	0.34824	0.56890	0.08286
198 A	0.34678	0.57366	0.07956
199 A	0.35014	0.56969	0.08017
200 A	0.36632	0.55063	0.08305
201 T	0.37647	0.52996	0.09358
202 A	0.38626	0.45813	0.15562
203 C	0.39635	0.36953	0.23412
204 A	0.40409	0.33908	0.25682
205 A	0.41531	0.32417	0.26052
206 T	0.42171	0.33916	0.23913
207 A	0.41904	0.41711	0.16385
208 A	0.41989	0.41620	0.16392
209 T	0.41443	0.37243	0.21313
210 A	0.40220	0.36291	0.23489
211 T	0.39883	0.33724	0.26394
212 C	0.39321	0.32940	0.2774
213 A	0.39028	0.33255	0.27717
214 T	0.39008	0.33114	0.27878
215 C	0.38091	0.34006	0.27903
216 T	0.37585	0.34689	0.27726
217 A	0.37126	0.35179	0.27695
218 G	0.36923	0.35199	0.27877
219 A	0.36879	0.35230	0.27891
220 T	0.37278	0.34754	0.27968
221 C	0.37573	0.34020	0.28407
222 T	0.37553	0.33943	0.28504
223 G	0.37228	0.34481	0.28291
224 A	0.36895	0.34975	0.28129
225 A	0.36657	0.35218	0.28125
226 C	0.36917	0.34820	0.28263
227 A	0.38261	0.33281	0.28459
228 A	0.40996	0.30404	0.286
229 G	0.45971	0.24978	0.29051
230 T	0.54217	0.16441	0.29342
231 A	0.55069	0.15660	0.29271
232 T	0.56141	0.13584	0.30275
233 T	0.56634	0.12483	0.30882
234 T	0.56682	0.13381	0.29937
235 T	0.56546	0.13163	0.30292
236 T	0.56335	0.13424	0.30241
237 A	0.56165	0.14878	0.28958
238 T	0.56047	0.15083	0.2887
239 C	0.55905	0.15591	0.28505
240 A	0.55646	0.17562	0.26792
241 G	0.55552	0.19183	0.25264
242 A	0.55555	0.21834	0.22611
243 T	0.55731	0.24337	0.19932
244 G	0.55754	0.27056	0.1719
245 A	0.55665	0.31903	0.12432
246 A	0.55651	0.33890	0.10459
247 A	0.55028	0.35329	0.09644
248 T	0.54567	0.35927	0.09505
249 A	0.52155	0.39026	0.08819
250 G	0.50533	0.40965	0.08502
251 A	0.50218	0.41595	0.08188
252 G	0.49561	0.42531	0.07908
253 A	0.49595	0.42855	0.07551
254 A	0.50129	0.42318	0.07553
255 A	0.50774	0.41624	0.07603
256 G	0.51870	0.40298	0.07833
257 A	0.53750	0.38258	0.07992
258 C	0.54764	0.36821	0.08414
259 C	0.56216	0.35126	0.08658
260 T	0.58355	0.32871	0.08775
261 T	0.59150	0.31973	0.08876
262 C	0.59467	0.31538	0.08995
263 C	0.60372	0.30590	0.09037
264 C	0.61733	0.29190	0.09077
265 A	0.64171	0.26854	0.08976
266 T	0.67412	0.23672	0.08916
267 A	0.70085	0.21171	0.08744
268 T	0.75082	0.16096	0.08822
269 T	0.76974	0.13956	0.09071
270 T	0.77641	0.12445	0.09915
271 A	0.76616	0.12787	0.10597
272 T	0.76427	0.10631	0.12942
273 T	0.74865	0.10913	0.14222
274 A	0.70210	0.15624	0.14166
275 C	0.67649	0.17732	0.14619
276 T	0.64184	0.22835	0.12981
277 A	0.60037	0.28194	0.11769
278 A	0.57053	0.31820	0.11128
279 A	0.55257	0.33999	0.10745
280 A	0.54308	0.35073	0.10619
281 T	0.54086	0.35115	0.108
282 G	0.53822	0.35275	0.10903
283 G	0.53662	0.35393	0.10945
284 A	0.53558	0.35363	0.1108
285 T	0.53472	0.35078	0.11449
286 G	0.53233	0.35277	0.11491
287 A	0.52452	0.36329	0.11218
288 C	0.51920	0.36957	0.11122
289 G	0.51178	0.39209	0.09613
290 T	0.51008	0.40256	0.08737
291 A	0.50567	0.41582	0.0785
292 A	0.50359	0.42084	0.07556
293 T	0.50451	0.41928	0.07621
294 A	0.47916	0.43034	0.0905
295 A	0.46560	0.43306	0.10134
296 A	0.46715	0.40954	0.12332
297 T	0.47298	0.35958	0.16744
298 A	0.47332	0.34318	0.1835
299 T	0.48702	0.29893	0.21404
300 G	0.49194	0.26366	0.24439
301 T	0.49460	0.24279	0.26261
302 T	0.49185	0.23698	0.27117
303 T	0.48353	0.24553	0.27093
304 C	0.46345	0.27497	0.26158
305 A	0.44065	0.31767	0.24169
306 A	0.41134	0.36072	0.22794
307 A	0.40478	0.37527	0.21994
308 A	0.40393	0.38239	0.21368
309 A	0.40760	0.38284	0.20956
310 A	0.41409	0.37227	0.21364
311 A	0.42125	0.36656	0.21219
312 T	0.43857	0.34403	0.2174
313 T	0.44208	0.34437	0.21354
314 T	0.44177	0.34180	0.21643
315 A	0.42633	0.35665	0.21703
316 A	0.41201	0.36938	0.2186
317 A	0.40638	0.34780	0.24582
318 C	0.40698	0.32981	0.26321
319 G	0.40915	0.32610	0.26476
320 A	0.41557	0.32067	0.26376
321 T	0.42777	0.30762	0.26461
322 T	0.43074	0.30040	0.26886
323 C	0.42884	0.29732	0.27384
324 T	0.43075	0.29372	0.27553
325 G	0.43228	0.28616	0.28157
326 G	0.43774	0.27328	0.28899
327 T	0.45081	0.24460	0.3046
328 T	0.46555	0.21455	0.31989
329 C	0.46886	0.18355	0.34759
330 C	0.45741	0.20758	0.33501
331 A	0.43682	0.31839	0.24479
332 A	0.42478	0.39202	0.1832
333 A	0.41796	0.41887	0.16317
334 A	0.41959	0.43867	0.14173
335 T	0.42634	0.43764	0.13602
336 T	0.42476	0.44266	0.13258
337 A	0.41338	0.46701	0.11962
338 A	0.40981	0.48948	0.10071
339 A	0.40744	0.49051	0.10205
340 G	0.40745	0.49311	0.09943
341 A	0.40863	0.51119	0.08019
342 A	0.41133	0.51801	0.07065
343 A	0.41527	0.51192	0.07282
344 T	0.41968	0.50507	0.07525
345 T	0.41902	0.50317	0.07781
346 A	0.41034	0.51205	0.07761
347 C	0.40621	0.51648	0.07731
348 A	0.40108	0.53037	0.06855
349 G	0.40012	0.53573	0.06414
350 A	0.40166	0.53874	0.0596
351 T	0.40963	0.53148	0.05889
352 A	0.41383	0.53092	0.05525
353 A	0.43567	0.49857	0.06576
354 A	0.52423	0.38932	0.08645
355 T	0.58519	0.31246	0.10235
356 G	0.59560	0.28999	0.11442
357 T	0.61356	0.26348	0.12295
358 A	0.60528	0.26993	0.12478
359 C	0.60718	0.25719	0.13563
360 C	0.61375	0.24511	0.14114
361 T	0.64442	0.21741	0.13817
362 C	0.63261	0.24132	0.12608
363 A	0.61339	0.28331	0.10331
364 T	0.61677	0.29163	0.0916
365 T	0.58267	0.33906	0.07827
366 A	0.50210	0.43411	0.0638
367 G	0.47857	0.45970	0.06174
368 A	0.47003	0.47074	0.05923
369 A	0.46812	0.46389	0.06799
370 T	0.46991	0.45387	0.07622
371 C	0.46550	0.45345	0.08105
372 T	0.43872	0.48522	0.07606
373 C	0.28823	0.64683	0.06494
374 A	0.23481	0.71571	0.04948
375 A	0.19489	0.76470	0.04041
376 A	0.17032	0.79202	0.03766
377 A	0.15812	0.80550	0.03638
378 A	0.14591	0.81975	0.03434
379 A	0.13398	0.82751	0.03852
380 A	0.12937	0.82819	0.04244
381 T	0.13416	0.80630	0.05954
382 A	0.13360	0.79882	0.06758
383 A	0.13879	0.78195	0.07925
384 A	0.14547	0.76201	0.09252
385 T	0.16173	0.71202	0.12625
386 T	0.17235	0.66569	0.16196
387 A	0.14184	0.68230	0.17586
388 A	0.13793	0.65530	0.20677
389 C	0.13191	0.60214	0.26594
390 A	0.11780	0.61533	0.26687
391 A	0.10965	0.62398	0.26637
392 A	0.10367	0.64690	0.24943
393 A	0.09557	0.67986	0.22456
394 G	0.08977	0.70252	0.20771
395 A	0.08363	0.71183	0.20453
396 T	0.08860	0.56664	0.34476
397 A	0.08443	0.56458	0.35099
398 T	0.08498	0.56352	0.3515
399 A	0.07571	0.61277	0.31151
400 G	0.06523	0.61758	0.31719
401 A	0.05670	0.62558	0.31772
402 A	0.05335	0.62686	0.31979
403 T	0.05230	0.63628	0.31142
404 C	0.04690	0.66342	0.28967
405 A	0.04213	0.81658	0.14128
406 A	0.03993	0.82661	0.13346
407 A	0.03672	0.83470	0.12859
408 A	0.03097	0.84308	0.12595
409 A	0.02691	0.84742	0.12567
410 C	0.02815	0.81040	0.16145
411 A	0.03250	0.81421	0.15329
412 G	0.03827	0.80448	0.15725
413 A	0.05137	0.80169	0.14694
414 A	0.06283	0.80003	0.13714
415 G	0.08779	0.78157	0.13064
416 A	0.12504	0.74871	0.12625
417 A	0.16989	0.70121	0.12889
418 A	0.23450	0.62484	0.14066
419 T	0.29274	0.57119	0.13607
420 T	0.31849	0.55286	0.12865
421 A	0.31545	0.59211	0.09245
422 A	0.29923	0.62165	0.07912
423 A	0.26699	0.65758	0.07543
424 A	0.23603	0.69389	0.07008
425 A	0.22143	0.71405	0.06452
426 A	0.22226	0.72397	0.05377
427 A	0.23419	0.73565	0.03016
428 T	0.34679	0.62904	0.02417
429 A	0.31668	0.66084	0.02248
430 A	0.28915	0.68538	0.02547
431 A	0.26516	0.70442	0.03043
432 A	0.24285	0.72147	0.03569
433 C	0.24168	0.71860	0.03973
434 C	0.22760	0.73173	0.04067
435 A	0.23399	0.72516	0.04085
436 G	0.23951	0.71935	0.04114
437 G	0.24277	0.71608	0.04116
438 C	0.23446	0.72473	0.04081
439 C	0.19988	0.76158	0.03854
440 A	0.17682	0.78842	0.03476
441 A	0.18114	0.78842	0.03044
442 A	0.18702	0.78649	0.02649
443 A	0.19515	0.78019	0.02466
444 T	0.22130	0.74067	0.03803
445 A	0.20714	0.71970	0.07316
446 A	0.18318	0.70489	0.11192
447 A	0.15608	0.69488	0.14904
448 G	0.13475	0.68966	0.17559
449 A	0.13011	0.69298	0.17691
450 T	0.15287	0.66485	0.18227
451 A	0.15454	0.66217	0.1833
452 A	0.15282	0.63918	0.208
453 A	0.14993	0.62055	0.22952
454 T	0.14831	0.59682	0.25488
455 T	0.13083	0.60845	0.26071
456 A	0.08117	0.69382	0.22502
457 A	0.06820	0.71055	0.22124
458 A	0.06258	0.71829	0.21913
459 A	0.05837	0.72003	0.2216
460 A	0.05512	0.71294	0.23194
461 A	0.05258	0.69897	0.24845
462 T	0.05281	0.65646	0.29073
463 G	0.05241	0.65100	0.2966
464 A	0.05323	0.67580	0.27097
465 A	0.05559	0.69011	0.2543
466 A	0.05861	0.70592	0.23547
467 T	0.06336	0.69804	0.2386
468 A	0.06799	0.66713	0.26488
469 A	0.07921	0.61660	0.30419
470 T	0.09751	0.55614	0.34634
471 T	0.10852	0.51782	0.37366
472 C	0.12013	0.49153	0.38834
473 T	0.13306	0.48125	0.38569
474 A	0.13926	0.48775	0.37298
475 A	0.14659	0.49215	0.36126
476 T	0.16207	0.49186	0.34608
477 G	0.17051	0.51479	0.3147
478 A	0.18108	0.53983	0.27909
479 T	0.22161	0.50314	0.27524
480 T	0.23696	0.51824	0.24481
481 A	0.22324	0.58921	0.18755
482 A	0.22020	0.62877	0.15104
483 A	0.22119	0.64979	0.12903
484 A	0.21497	0.67593	0.1091
485 A	0.21287	0.68487	0.10226
486 A	0.23948	0.66405	0.09647
487 A	0.27445	0.63899	0.08656
488 A	0.28181	0.65392	0.06426
489 G	0.29414	0.64547	0.06039
490 T	0.29615	0.64776	0.05608
491 T	0.26846	0.67620	0.05534
492 A	0.22270	0.72295	0.05435
493 G	0.18458	0.76206	0.05337
494 A	0.16450	0.78209	0.0534
495 C	0.15499	0.79022	0.0548
496 G	0.15217	0.79316	0.05467
497 A	0.16376	0.78084	0.05541
498 A	0.17941	0.76448	0.05611
499 A	0.20274	0.74002	0.05723
500 A	0.24374	0.69630	0.05996
501 C	0.31727	0.60421	0.07852
502 T	0.38092	0.53360	0.08548
503 G	0.41868	0.48843	0.09289
504 T	0.46231	0.43315	0.10455
505 C	0.47647	0.41141	0.11212
506 A	0.47957	0.40838	0.11206
507 T	0.49056	0.38633	0.1231
508 A	0.48440	0.38719	0.12841
509 A	0.47911	0.39195	0.12893
510 A	0.48904	0.38485	0.1261
511 T	0.51329	0.31645	0.17026
512 T	0.51333	0.28047	0.2062
513 G	0.51111	0.25782	0.23108
514 T	0.51171	0.23263	0.25565
515 G	0.49853	0.22657	0.2749
516 T	0.49474	0.22058	0.28467
517 T	0.48472	0.22072	0.29456
518 T	0.47096	0.23289	0.29615
519 A	0.44464	0.25930	0.29606
520 T	0.41540	0.29101	0.29359
521 C	0.36576	0.34473	0.28951
522 A	0.34234	0.38719	0.27047
523 A	0.32687	0.42349	0.24965
524 G	0.31851	0.45203	0.22946
525 A	0.31432	0.49955	0.18613
526 A	0.31084	0.54625	0.14291
527 G	0.30638	0.56096	0.13265
528 A	0.30432	0.56080	0.13488
529 G	0.30357	0.55691	0.13952
530 A	0.30305	0.56216	0.13479
531 A	0.30657	0.54936	0.14406
532 C	0.31304	0.53126	0.1557
533 T	0.32240	0.53485	0.14276
534 A	0.32527	0.54300	0.13172
535 T	0.33094	0.54233	0.12673
536 T	0.33446	0.55160	0.11394
537 A	0.33536	0.56178	0.10286
538 G	0.34405	0.54170	0.11425
539 A	0.35988	0.52972	0.11039
540 T	0.36805	0.50289	0.12906
541 T	0.37379	0.48056	0.14565
542 A	0.37654	0.45551	0.16795
543 T	0.37921	0.42319	0.19761
544 C	0.36712	0.39970	0.23318
545 A	0.36518	0.41386	0.22097
546 A	0.37250	0.42799	0.19951
547 A	0.38171	0.46356	0.15473
548 A	0.41139	0.46196	0.12665
549 T	0.44747	0.45292	0.0996
550 A	0.44413	0.46012	0.09575
551 A	0.44534	0.46216	0.0925
552 A	0.45371	0.45928	0.08701
553 T	0.47379	0.43446	0.09175
554 C	0.47655	0.42921	0.09424
555 A	0.48032	0.42954	0.09014
556 T	0.49233	0.41759	0.09008
557 C	0.47739	0.43314	0.08947
558 A	0.46897	0.44429	0.08674
559 T	0.47156	0.44327	0.08517
560 C	0.45343	0.46149	0.08507
561 G	0.43732	0.47946	0.08322
562 T	0.43358	0.48640	0.08002
563 T	0.41006	0.51184	0.07809
564 A	0.35613	0.56926	0.07461
565 G	0.29936	0.62905	0.07159
566 A	0.25178	0.68206	0.06615
567 A	0.21886	0.70595	0.07519
568 A	0.18892	0.73282	0.07826
569 A	0.19215	0.72066	0.08719
570 A	0.22660	0.67540	0.09799
571 G	0.24779	0.64386	0.10835
572 A	0.26877	0.61574	0.11549
573 C	0.26979	0.59988	0.13033
574 A	0.26553	0.60376	0.13071
575 T	0.26446	0.60568	0.12985
576 A	0.22313	0.65650	0.12038
577 A	0.20334	0.68649	0.11017
578 A	0.19251	0.70259	0.10489
579 A	0.19051	0.70044	0.10906
580 T	0.18884	0.67922	0.13193
581 A	0.17189	0.69135	0.13677
582 T	0.16531	0.68583	0.14885
583 T	0.15384	0.67833	0.16784
584 A	0.13470	0.68903	0.17627
585 T	0.12928	0.67820	0.19251
586 A	0.11518	0.67956	0.20526
587 A	0.10672	0.65630	0.23698
588 A	0.10509	0.62226	0.27265
589 G	0.11107	0.57632	0.31261
590 A	0.11482	0.55575	0.32943
591 A	0.12416	0.51579	0.36005
592 T	0.12698	0.49828	0.37474
593 T	0.12537	0.50059	0.37404
594 A	0.11983	0.52240	0.35777
595 A	0.11390	0.54242	0.34368
596 A	0.10989	0.56823	0.32189
597 A	0.10341	0.60512	0.29147
598 A	0.09978	0.63397	0.26625
599 A	0.10106	0.63488	0.26406
600 A	0.10730	0.66192	0.23078
601 G	0.11339	0.66400	0.22261
602 A	0.12387	0.67044	0.20569
603 A	0.13354	0.66323	0.20322
604 T	0.15581	0.61778	0.22642
605 T	0.15932	0.60375	0.23693
606 G	0.14987	0.60895	0.24117
607 G	0.14456	0.62488	0.23055
608 A	0.13319	0.70613	0.16067
609 A	0.13429	0.72366	0.14205
610 A	0.13800	0.74786	0.11414
611 T	0.15864	0.72539	0.11597
612 A	0.16581	0.71911	0.11509
613 T	0.17877	0.70785	0.11338
614 T	0.18678	0.69934	0.11387
615 A	0.18767	0.69865	0.11367
616 G	0.19690	0.68574	0.11736
617 A	0.21576	0.66163	0.12261
618 A	0.23618	0.63487	0.12896
619 A	0.26942	0.59604	0.13454
620 A	0.31498	0.54069	0.14433
621 A	0.35834	0.48928	0.15238
622 A	0.41348	0.42431	0.16221
623 T	0.48118	0.34664	0.17218
624 T	0.50913	0.31290	0.17796
625 T	0.52522	0.29141	0.18337
626 G	0.53160	0.28025	0.18815
627 T	0.53864	0.27017	0.19119
628 A	0.54344	0.26076	0.19579
629 A	0.55425	0.23756	0.20819
630 A	0.58153	0.19817	0.2203
631 T	0.66112	0.10035	0.23854
632 A	0.68808	0.06206	0.24986
633 A	0.73208	0.00000	0.26793
