# lcl|CP097583.1_cds_USQ93453.1_1
# AA	inside	membr	outside
1 A	0.63831	0.00000	0.36169
2 T	0.63787	0.00044	0.36169
3 G	0.63766	0.00065	0.36169
4 A	0.63766	0.00294	0.3594
5 G	0.63734	0.00464	0.35802
6 T	0.63734	0.00502	0.35764
7 T	0.63628	0.00643	0.35729
8 T	0.63628	0.00645	0.35727
9 T	0.63095	0.01230	0.35675
10 T	0.63094	0.04048	0.32858
11 T	0.62923	0.04251	0.32826
12 G	0.56471	0.10721	0.32808
13 A	0.51893	0.15365	0.32742
14 G	0.51893	0.15365	0.32742
15 C	0.51893	0.15657	0.3245
16 G	0.51851	0.15699	0.3245
17 A	0.51822	0.15736	0.32442
18 T	0.51821	0.15752	0.32426
19 G	0.51776	0.15812	0.32412
20 G	0.51642	0.16249	0.32109
21 T	0.51525	0.16364	0.32112
22 T	0.51563	0.16328	0.32109
23 T	0.51589	0.16310	0.32102
24 T	0.51627	0.16294	0.32079
25 T	0.51568	0.16341	0.32091
26 C	0.51344	0.16648	0.32009
27 T	0.51151	0.17357	0.31492
28 A	0.50349	0.19370	0.30281
29 A	0.49892	0.20848	0.29261
30 A	0.49384	0.22070	0.28546
31 A	0.48761	0.23210	0.28029
32 T	0.48276	0.20644	0.31081
33 T	0.48442	0.19837	0.31721
34 A	0.42031	0.28066	0.29903
35 T	0.37693	0.33569	0.28738
36 A	0.31253	0.42705	0.26042
37 A	0.25449	0.50592	0.23959
38 A	0.23015	0.55225	0.2176
39 T	0.19626	0.60755	0.19619
40 A	0.16727	0.64856	0.18418
41 A	0.15139	0.66516	0.18345
42 A	0.13596	0.68058	0.18346
43 A	0.13032	0.68519	0.1845
44 T	0.12541	0.68927	0.18531
45 C	0.11698	0.69761	0.18541
46 A	0.11398	0.70139	0.18463
47 G	0.11230	0.70297	0.18473
48 A	0.11200	0.70300	0.185
49 G	0.11230	0.70229	0.18542
50 G	0.11681	0.69826	0.18494
51 A	0.12765	0.68208	0.19027
52 A	0.13725	0.66933	0.19342
53 A	0.14554	0.65412	0.20034
54 A	0.15491	0.63725	0.20784
55 A	0.16488	0.61750	0.21761
56 A	0.17991	0.57857	0.24151
57 A	0.21004	0.48142	0.30854
58 T	0.27488	0.35966	0.36545
59 T	0.32203	0.24937	0.4286
60 T	0.33942	0.17773	0.48285
61 A	0.34729	0.15218	0.50054
62 T	0.35805	0.11175	0.5302
63 T	0.36148	0.09181	0.54671
64 A	0.36042	0.07995	0.55963
65 G	0.36038	0.06453	0.5751
66 T	0.35985	0.05728	0.58287
67 T	0.35749	0.05508	0.58743
68 C	0.35188	0.05600	0.59212
69 T	0.34066	0.06838	0.59095
70 C	0.30414	0.10945	0.58641
71 A	0.28109	0.17208	0.54683
72 A	0.27186	0.23727	0.49088
73 G	0.26729	0.29158	0.44114
74 A	0.26419	0.36614	0.36967
75 T	0.26295	0.40970	0.32735
76 A	0.25547	0.46143	0.2831
77 T	0.24877	0.48540	0.26583
78 T	0.24199	0.51294	0.24507
79 G	0.23435	0.52660	0.23904
80 A	0.23176	0.53291	0.23534
81 A	0.23067	0.53633	0.23301
82 A	0.23084	0.53716	0.23201
83 C	0.23269	0.53546	0.23185
84 G	0.23656	0.53261	0.23084
85 A	0.23978	0.53101	0.2292
86 T	0.24508	0.52599	0.22893
87 A	0.24533	0.52556	0.22912
88 A	0.24601	0.52432	0.22967
89 T	0.24727	0.51831	0.23442
90 G	0.24754	0.51134	0.24111
91 A	0.24911	0.50380	0.24709
92 A	0.25227	0.48938	0.25836
93 A	0.25890	0.45215	0.28895
94 G	0.29320	0.39666	0.31014
95 A	0.35194	0.32931	0.31875
96 A	0.40794	0.26630	0.32576
97 A	0.48598	0.18197	0.33205
98 T	0.53979	0.12192	0.33829
99 T	0.57716	0.07396	0.34888
100 C	0.58825	0.05328	0.35847
101 G	0.60113	0.03759	0.36128
102 T	0.60744	0.03196	0.3606
103 T	0.61058	0.02848	0.36094
104 T	0.61185	0.02699	0.36115
105 A	0.60973	0.02962	0.36064
106 T	0.60925	0.02989	0.36085
107 C	0.60633	0.03348	0.36019
108 T	0.60485	0.03543	0.35972
109 T	0.59931	0.04150	0.35919
110 T	0.59659	0.04465	0.35877
111 A	0.59279	0.04939	0.35782
112 C	0.58972	0.05398	0.3563
113 T	0.58461	0.06691	0.34848
114 T	0.57043	0.09087	0.3387
115 G	0.52113	0.14216	0.33671
116 A	0.49382	0.16974	0.33644
117 A	0.46029	0.20341	0.33629
118 G	0.44134	0.22207	0.33659
119 C	0.43530	0.22792	0.33678
120 C	0.43208	0.23135	0.33658
121 G	0.43145	0.23339	0.33517
122 A	0.43163	0.23409	0.33427
123 T	0.43221	0.23475	0.33304
124 G	0.43200	0.23732	0.33068
125 T	0.43480	0.23777	0.32743
126 A	0.43265	0.24149	0.32586
127 A	0.43120	0.24277	0.32603
128 G	0.43095	0.23884	0.33021
129 T	0.43113	0.23576	0.33311
130 T	0.42952	0.23357	0.33691
131 A	0.42327	0.23696	0.33976
132 C	0.41833	0.23511	0.34656
133 G	0.41333	0.24092	0.34575
134 A	0.41169	0.24398	0.34433
135 A	0.41167	0.24254	0.34579
136 G	0.41902	0.22858	0.35241
137 T	0.42813	0.20738	0.36448
138 T	0.42965	0.16006	0.41029
139 A	0.42872	0.13663	0.43465
140 T	0.42833	0.10430	0.46737
141 T	0.42640	0.08873	0.48487
142 A	0.42189	0.08785	0.49026
143 C	0.41981	0.08711	0.49309
144 T	0.42046	0.08902	0.49052
145 G	0.41962	0.09352	0.48686
146 A	0.42016	0.09979	0.48005
147 A	0.42157	0.11039	0.46804
148 T	0.42372	0.11722	0.45907
149 T	0.41740	0.13644	0.44616
150 T	0.39727	0.17799	0.42473
151 A	0.38369	0.21684	0.39947
152 A	0.37615	0.24563	0.37822
153 T	0.37294	0.25205	0.37501
154 G	0.36816	0.25902	0.37283
155 A	0.36455	0.26394	0.37151
156 A	0.35172	0.27511	0.37316
157 T	0.34964	0.27979	0.37057
158 T	0.33564	0.30450	0.35986
159 A	0.32192	0.34596	0.33212
160 A	0.31303	0.37421	0.31277
161 T	0.30264	0.39571	0.30165
162 A	0.28651	0.41540	0.29809
163 A	0.27123	0.43474	0.29403
164 A	0.23692	0.47260	0.29049
165 G	0.20840	0.50172	0.28988
166 C	0.18597	0.52586	0.28817
167 A	0.16805	0.55165	0.2803
168 A	0.16630	0.56030	0.2734
169 A	0.17110	0.55551	0.2734
170 A	0.18285	0.54292	0.27423
171 A	0.19437	0.52981	0.27583
172 A	0.21420	0.49717	0.28863
173 C	0.24225	0.44296	0.31478
174 T	0.27254	0.40264	0.32482
175 T	0.28745	0.38685	0.3257
176 T	0.28632	0.39735	0.31632
177 A	0.27735	0.40847	0.31418
178 G	0.27072	0.41323	0.31604
179 G	0.26669	0.39719	0.33612
180 A	0.26413	0.39127	0.34459
181 C	0.27045	0.36665	0.36291
182 A	0.29141	0.34548	0.36311
183 A	0.30843	0.32557	0.366
184 G	0.31902	0.30553	0.37545
185 A	0.32516	0.28858	0.38626
186 A	0.33248	0.26837	0.39914
187 G	0.34415	0.21449	0.44135
188 T	0.35444	0.17181	0.47375
189 T	0.35839	0.14264	0.49896
190 C	0.36144	0.12480	0.51375
191 T	0.35631	0.14883	0.49486
192 T	0.34531	0.18220	0.47249
193 A	0.30508	0.26661	0.42831
194 A	0.26584	0.33642	0.39773
195 A	0.25012	0.38320	0.36668
196 G	0.24402	0.41139	0.34459
197 G	0.23785	0.43320	0.32895
198 A	0.23408	0.45928	0.30665
199 A	0.24082	0.46042	0.29876
200 T	0.24480	0.45097	0.30422
201 T	0.24134	0.45101	0.30765
202 A	0.23034	0.45843	0.31123
203 A	0.22493	0.45872	0.31634
204 A	0.22202	0.45559	0.32239
205 C	0.22521	0.44571	0.32909
206 C	0.22742	0.44168	0.33089
207 T	0.22680	0.44284	0.33036
208 C	0.22075	0.44997	0.32928
209 A	0.20818	0.46916	0.32267
210 A	0.19586	0.48265	0.32148
211 G	0.18455	0.49456	0.3209
212 A	0.17671	0.50298	0.32032
213 A	0.17910	0.50058	0.32032
214 C	0.20036	0.46029	0.33936
215 A	0.22098	0.43262	0.34641
216 A	0.26208	0.36069	0.37723
217 G	0.29555	0.30184	0.40261
218 T	0.33460	0.25545	0.40995
219 T	0.35714	0.23345	0.40942
220 A	0.36408	0.22362	0.41229
221 T	0.37939	0.20217	0.41844
222 T	0.37638	0.20531	0.41831
223 A	0.37233	0.22071	0.40697
224 A	0.37103	0.22998	0.39899
225 A	0.36903	0.24847	0.3825
226 A	0.36863	0.25719	0.37418
227 T	0.36888	0.25484	0.37628
228 T	0.36012	0.26945	0.37043
229 A	0.34746	0.28724	0.36529
230 T	0.34139	0.29342	0.36519
231 A	0.33322	0.30026	0.36652
232 A	0.33309	0.29009	0.37683
233 A	0.33114	0.28076	0.3881
234 A	0.33017	0.27095	0.39888
235 G	0.33224	0.25949	0.40827
236 A	0.33668	0.25167	0.41165
237 T	0.34430	0.24109	0.41461
238 A	0.35025	0.23493	0.41481
239 T	0.35711	0.22646	0.41644
240 T	0.36226	0.21992	0.41783
241 T	0.36448	0.21579	0.41972
242 T	0.36322	0.21555	0.42124
243 G	0.35566	0.22053	0.42381
244 A	0.34687	0.23384	0.41929
245 C	0.35002	0.22566	0.42432
246 A	0.35925	0.22716	0.41359
247 A	0.37225	0.22402	0.40373
248 T	0.40229	0.19520	0.4025
249 T	0.41847	0.18360	0.39793
250 A	0.42252	0.18560	0.39188
251 T	0.43234	0.16595	0.40171
252 T	0.43661	0.15119	0.4122
253 T	0.43775	0.14512	0.41713
254 T	0.43632	0.14405	0.41962
255 A	0.41599	0.16203	0.42198
256 G	0.40469	0.17178	0.42354
257 G	0.40005	0.17548	0.42448
258 T	0.39809	0.17760	0.42432
259 C	0.39146	0.18481	0.42373
260 A	0.38385	0.19674	0.41941
261 T	0.38293	0.20118	0.41589
262 A	0.37688	0.21202	0.4111
263 A	0.37549	0.21580	0.40872
264 A	0.37510	0.21832	0.40658
265 A	0.37651	0.21356	0.40994
266 A	0.37953	0.20027	0.4202
267 T	0.38691	0.17942	0.43368
268 A	0.38446	0.17871	0.43682
269 C	0.39510	0.16442	0.44047
270 T	0.40724	0.15203	0.44072
271 G	0.40865	0.15068	0.44067
272 C	0.41293	0.14621	0.44086
273 T	0.41651	0.14484	0.43864
274 T	0.41224	0.15373	0.43403
275 T	0.40216	0.17181	0.42603
276 A	0.37623	0.21878	0.405
277 A	0.36734	0.23124	0.40142
278 G	0.36167	0.21675	0.42158
279 T	0.35640	0.21272	0.43088
280 T	0.34606	0.22183	0.43212
281 T	0.33118	0.24028	0.42854
282 A	0.31340	0.26242	0.42418
283 G	0.30460	0.27049	0.42491
284 A	0.30062	0.27476	0.42462
285 T	0.30161	0.26952	0.42887
286 A	0.29924	0.27183	0.42892
287 A	0.29435	0.27842	0.42724
288 A	0.29063	0.28283	0.42654
289 A	0.28928	0.28340	0.42731
290 A	0.28902	0.28191	0.42907
291 A	0.28936	0.27573	0.43491
292 T	0.29086	0.27277	0.43637
293 T	0.29144	0.27308	0.43549
294 A	0.29089	0.27508	0.43403
295 A	0.29149	0.27309	0.43542
296 A	0.29429	0.26570	0.44001
297 T	0.30015	0.25178	0.44808
298 A	0.30947	0.23124	0.4593
299 T	0.33550	0.17879	0.48571
300 T	0.34394	0.15776	0.4983
301 A	0.34768	0.14567	0.50666
302 T	0.35353	0.12753	0.51895
303 T	0.35669	0.11084	0.53248
304 C	0.35889	0.09346	0.54765
305 T	0.36381	0.08193	0.55426
306 T	0.36755	0.07562	0.55682
307 T	0.36868	0.07518	0.55613
308 T	0.36820	0.08125	0.55055
309 G	0.36644	0.08686	0.5467
310 A	0.36113	0.09616	0.54271
311 T	0.35348	0.10722	0.5393
312 G	0.34273	0.12788	0.52939
313 G	0.34125	0.15048	0.50827
314 G	0.34100	0.16002	0.49898
315 A	0.34229	0.16027	0.49745
316 T	0.34558	0.15779	0.49664
317 T	0.34806	0.15711	0.49483
318 A	0.33638	0.17396	0.48965
319 C	0.33169	0.18419	0.48412
320 A	0.32644	0.20034	0.47322
321 A	0.31812	0.22018	0.46171
322 G	0.31467	0.23054	0.4548
323 G	0.31316	0.23311	0.45374
324 A	0.30839	0.24044	0.45117
325 A	0.30421	0.24578	0.45002
326 G	0.30237	0.24534	0.45228
327 C	0.28964	0.25736	0.453
328 G	0.27393	0.28111	0.44497
329 G	0.23922	0.33111	0.42967
330 A	0.21708	0.36673	0.41618
331 A	0.21321	0.37167	0.41513
332 A	0.20941	0.37611	0.41447
333 A	0.21479	0.36339	0.42182
334 A	0.22029	0.34748	0.43223
335 C	0.22925	0.32686	0.44388
336 T	0.24581	0.30865	0.44554
337 A	0.24675	0.30654	0.44671
338 C	0.24655	0.30523	0.44822
339 A	0.24102	0.31040	0.44858
340 A	0.23881	0.31164	0.44956
341 C	0.24250	0.29710	0.46041
342 T	0.24858	0.28835	0.46306
343 G	0.25601	0.27895	0.46504
344 C	0.26658	0.26130	0.47213
345 T	0.27234	0.25338	0.47428
346 G	0.27273	0.25184	0.47542
347 G	0.27535	0.24348	0.48117
348 T	0.28017	0.23404	0.48579
349 A	0.28110	0.23093	0.48797
350 A	0.28383	0.21038	0.50579
351 A	0.29369	0.17853	0.52778
352 T	0.31069	0.11206	0.57725
353 T	0.32023	0.07178	0.608
354 A	0.32100	0.05994	0.61906
355 T	0.32304	0.04559	0.63138
356 C	0.32350	0.03728	0.63922
357 T	0.32357	0.03290	0.64353
358 T	0.32329	0.03094	0.64577
359 T	0.32261	0.03119	0.6462
360 T	0.32079	0.03389	0.64532
361 T	0.31684	0.04200	0.64116
362 G	0.28915	0.07255	0.6383
363 G	0.25802	0.11594	0.62604
364 A	0.23020	0.18111	0.58869
365 T	0.21134	0.24026	0.5484
366 T	0.18899	0.35007	0.46095
367 A	0.14393	0.46516	0.3909
368 A	0.11692	0.51085	0.37224
369 A	0.10590	0.53295	0.36114
370 A	0.10085	0.54236	0.35678
371 A	0.09638	0.54902	0.35461
372 G	0.09475	0.55112	0.35412
373 A	0.09419	0.55211	0.3537
374 A	0.09347	0.55314	0.35339
375 A	0.09282	0.55370	0.35347
376 A	0.09254	0.55362	0.35384
377 T	0.09258	0.55279	0.35464
378 G	0.09226	0.55262	0.35512
379 C	0.09224	0.55210	0.35566
380 A	0.09244	0.55209	0.35547
381 A	0.09299	0.55159	0.35542
382 A	0.09413	0.55004	0.35583
383 A	0.09780	0.54504	0.35716
384 A	0.10437	0.53559	0.36004
385 A	0.11773	0.49340	0.38887
386 A	0.14043	0.43642	0.42315
387 A	0.18432	0.35769	0.45798
388 G	0.23303	0.28297	0.48399
389 T	0.32983	0.16298	0.50719
390 T	0.39099	0.06736	0.54165
391 T	0.40244	0.03772	0.55984
392 T	0.40616	0.02839	0.56545
393 A	0.40633	0.02900	0.56467
394 T	0.40577	0.03247	0.56176
395 T	0.40100	0.04632	0.55267
396 A	0.39357	0.06028	0.54615
397 A	0.39071	0.06294	0.54634
398 T	0.38888	0.06389	0.54724
399 T	0.38361	0.06867	0.54773
400 G	0.37266	0.07932	0.54802
401 C	0.36446	0.08717	0.54837
402 C	0.36179	0.08996	0.54826
403 G	0.36139	0.09100	0.54761
404 C	0.36158	0.09144	0.54697
405 T	0.36182	0.09272	0.54546
406 G	0.36150	0.09401	0.54449
407 A	0.36139	0.09431	0.5443
408 T	0.36144	0.09441	0.54415
409 A	0.35996	0.09628	0.54376
410 T	0.36018	0.09615	0.54366
411 C	0.36113	0.09537	0.5435
412 T	0.36247	0.09556	0.54197
413 A	0.36247	0.09975	0.53778
414 T	0.36536	0.09822	0.53642
415 A	0.36621	0.09888	0.53492
416 G	0.36852	0.09704	0.53445
417 A	0.37296	0.09168	0.53537
418 T	0.38112	0.07767	0.54121
419 T	0.38121	0.07097	0.54782
420 T	0.37081	0.07853	0.55065
421 G	0.36311	0.08399	0.5529
422 G	0.35861	0.08466	0.55672
423 A	0.35530	0.08080	0.5639
424 G	0.35390	0.07499	0.57111
425 C	0.35383	0.07297	0.5732
426 T	0.35390	0.07329	0.57282
427 G	0.35256	0.07604	0.5714
428 T	0.35233	0.07857	0.5691
429 A	0.34948	0.08187	0.56864
430 G	0.34639	0.08573	0.56788
431 A	0.34442	0.08876	0.56682
432 A	0.34357	0.09039	0.56604
433 C	0.34281	0.09173	0.56547
434 A	0.34151	0.09805	0.56044
435 G	0.34126	0.10203	0.5567
436 T	0.34442	0.10387	0.5517
437 T	0.34260	0.11704	0.54036
438 A	0.33702	0.13895	0.52402
439 A	0.33479	0.14161	0.52361
440 A	0.33464	0.13992	0.52544
441 A	0.33406	0.13669	0.52924
442 T	0.33599	0.12645	0.53755
443 C	0.33706	0.11462	0.54832
444 T	0.33723	0.11349	0.54928
445 A	0.33652	0.12121	0.54226
446 T	0.33591	0.12852	0.53556
447 T	0.33425	0.14110	0.52465
448 G	0.32537	0.15728	0.51735
449 G	0.32194	0.16586	0.5122
450 G	0.32105	0.17178	0.50717
451 G	0.32113	0.17713	0.50174
452 A	0.32071	0.18070	0.49858
453 A	0.32097	0.18000	0.49902
454 A	0.32263	0.17780	0.49956
455 A	0.32582	0.17361	0.50057
456 G	0.32920	0.16875	0.50205
457 A	0.33529	0.16054	0.50418
458 T	0.34157	0.15098	0.50745
459 A	0.34622	0.14481	0.50897
460 G	0.35606	0.13218	0.51176
461 G	0.36886	0.11430	0.51684
462 T	0.37093	0.10965	0.51943
463 A	0.36921	0.11081	0.51998
464 T	0.36953	0.10923	0.52124
465 C	0.36683	0.11171	0.52147
466 G	0.36423	0.11564	0.52013
467 A	0.36387	0.11774	0.51838
468 A	0.37224	0.10995	0.5178
469 G	0.38317	0.10044	0.5164
470 T	0.40082	0.08643	0.51275
471 T	0.40793	0.07907	0.513
472 T	0.40488	0.08674	0.50838
473 T	0.39742	0.09867	0.5039
474 T	0.38368	0.11352	0.5028
475 A	0.35809	0.14057	0.50133
476 A	0.33998	0.15897	0.50105
477 T	0.32532	0.17376	0.50092
478 C	0.29213	0.20792	0.49995
479 A	0.25752	0.24524	0.49725
480 A	0.19893	0.30991	0.49115
481 A	0.17519	0.33567	0.48914
482 A	0.16355	0.34797	0.48848
483 A	0.15875	0.35324	0.48801
484 G	0.15662	0.35424	0.48914
485 A	0.15574	0.35423	0.49003
486 T	0.15628	0.35049	0.49323
487 G	0.15523	0.35023	0.49454
488 A	0.15470	0.34916	0.49614
489 A	0.15490	0.34720	0.4979
490 A	0.15564	0.34476	0.4996
491 A	0.15723	0.34076	0.50201
492 A	0.16129	0.33376	0.50495
493 G	0.16799	0.32182	0.51018
494 T	0.17842	0.30393	0.51766
495 T	0.18622	0.28126	0.53251
496 T	0.19018	0.26353	0.54628
497 T	0.19124	0.24503	0.56374
498 G	0.19094	0.22213	0.58693
499 G	0.19081	0.20699	0.6022
500 A	0.19127	0.19318	0.61555
501 T	0.19274	0.16326	0.64401
502 A	0.19446	0.13352	0.67201
503 T	0.20007	0.07268	0.72726
504 T	0.20110	0.05403	0.74487
505 G	0.20071	0.04591	0.75338
506 T	0.20063	0.04424	0.75513
507 T	0.19986	0.04723	0.75291
508 G	0.19834	0.05609	0.74556
509 A	0.19732	0.07093	0.73175
510 A	0.19645	0.08610	0.71745
511 A	0.19593	0.10424	0.69982
512 A	0.19572	0.12008	0.68421
513 T	0.19641	0.13108	0.67251
514 G	0.19360	0.15341	0.65299
515 G	0.18779	0.17822	0.63398
516 T	0.18266	0.21151	0.60583
517 A	0.17086	0.28273	0.54641
518 T	0.16493	0.30253	0.53254
519 A	0.15400	0.32287	0.52313
520 A	0.14764	0.33540	0.51695
521 A	0.14497	0.33922	0.51581
522 A	0.14465	0.34023	0.51511
523 T	0.14658	0.33783	0.51559
524 A	0.14646	0.33764	0.5159
525 T	0.14815	0.33517	0.51668
526 G	0.14614	0.33684	0.51703
527 C	0.14549	0.33708	0.51743
528 T	0.14614	0.33626	0.5176
529 G	0.14449	0.33795	0.51756
530 A	0.14581	0.33660	0.51759
531 A	0.15172	0.33035	0.51794
532 C	0.16384	0.31773	0.51843
533 A	0.17778	0.30313	0.51909
534 A	0.19886	0.28111	0.52003
535 A	0.21825	0.26056	0.52119
536 A	0.23641	0.24098	0.52261
537 T	0.26701	0.20751	0.52547
538 A	0.28447	0.18261	0.53292
539 A	0.31312	0.14538	0.5415
540 T	0.36733	0.07639	0.55627
541 T	0.37828	0.05780	0.56392
542 T	0.38430	0.04216	0.57355
543 T	0.38748	0.03391	0.5786
544 G	0.38811	0.03071	0.58117
545 A	0.38873	0.02945	0.58182
546 T	0.38849	0.02869	0.58282
547 G	0.38799	0.02996	0.58206
548 T	0.38786	0.03252	0.57962
549 A	0.38647	0.03912	0.57441
550 G	0.38618	0.04163	0.57219
551 T	0.38625	0.04456	0.56918
552 T	0.38525	0.04681	0.56794
553 A	0.38464	0.04918	0.56619
554 T	0.38396	0.05135	0.56469
555 T	0.38135	0.05557	0.56308
556 G	0.37908	0.06070	0.56021
557 T	0.37785	0.06443	0.55772
558 T	0.37423	0.07200	0.55377
559 G	0.36794	0.07897	0.55308
560 A	0.36369	0.08363	0.55268
561 T	0.35869	0.08881	0.5525
562 A	0.34703	0.10046	0.55251
563 C	0.34168	0.10558	0.55274
564 A	0.33531	0.11193	0.55277
565 G	0.33280	0.11425	0.55295
566 C	0.33220	0.11444	0.55336
567 A	0.33185	0.11461	0.55354
568 G	0.33246	0.11373	0.5538
569 G	0.33395	0.11155	0.5545
570 A	0.33657	0.10829	0.55515
571 C	0.34012	0.10410	0.55577
572 G	0.34770	0.09484	0.55746
573 T	0.35326	0.08866	0.55808
574 T	0.35655	0.08487	0.55859
575 T	0.35551	0.08470	0.55978
576 G	0.34700	0.09258	0.56043
577 A	0.34322	0.09439	0.56239
578 C	0.34227	0.09111	0.56662
579 T	0.34232	0.08985	0.56782
580 A	0.33589	0.09660	0.56751
581 T	0.33440	0.09702	0.56857
582 T	0.32524	0.10684	0.56792
583 G	0.30632	0.12404	0.56965
584 A	0.29250	0.13272	0.57479
585 T	0.28292	0.13041	0.58667
586 A	0.26457	0.14369	0.59174
587 C	0.24560	0.15686	0.59754
588 C	0.22608	0.17640	0.59751
589 G	0.21005	0.20130	0.58865
590 A	0.20142	0.21568	0.5829
591 A	0.19429	0.22896	0.57675
592 A	0.19159	0.23412	0.5743
593 T	0.19027	0.23517	0.57456
594 G	0.18617	0.23734	0.5765
595 A	0.18299	0.24079	0.57622
596 T	0.18111	0.24264	0.57626
597 A	0.17867	0.24576	0.57556
598 G	0.17661	0.24855	0.57484
599 A	0.17463	0.25627	0.56911
600 A	0.17282	0.26137	0.5658
601 G	0.17178	0.26684	0.56138
602 A	0.16783	0.28626	0.54591
603 A	0.16722	0.29908	0.5337
604 A	0.16778	0.30130	0.53091
605 T	0.17053	0.29234	0.53713
606 A	0.16743	0.28951	0.54305
607 A	0.16479	0.28898	0.54622
608 A	0.16358	0.28492	0.55151
609 A	0.16224	0.27683	0.56093
610 A	0.16294	0.26749	0.56958
611 A	0.16605	0.25595	0.57801
612 T	0.17606	0.23808	0.58586
613 A	0.18074	0.24318	0.57609
614 T	0.18633	0.24215	0.57151
615 T	0.18768	0.24340	0.56892
616 A	0.18687	0.25202	0.56111
617 A	0.18684	0.25178	0.56138
618 A	0.18648	0.25350	0.56002
619 C	0.18795	0.25194	0.5601
620 A	0.18925	0.25905	0.5517
621 A	0.19533	0.25638	0.54829
622 A	0.20946	0.24284	0.5477
623 A	0.22046	0.23202	0.54751
624 A	0.22971	0.22301	0.54728
625 G	0.25091	0.19598	0.5531
626 T	0.27564	0.16896	0.5554
627 T	0.28692	0.15734	0.55573
628 A	0.28973	0.15348	0.5568
629 A	0.29569	0.14456	0.55974
630 T	0.30534	0.13242	0.56225
631 A	0.30851	0.12765	0.56384
632 C	0.31662	0.11725	0.56613
633 G	0.32690	0.10684	0.56626
634 T	0.34044	0.09381	0.56575
635 C	0.34766	0.08679	0.56555
636 T	0.36338	0.07152	0.5651
637 G	0.37024	0.06546	0.5643
638 A	0.37596	0.06003	0.56401
639 T	0.38608	0.04938	0.56453
640 G	0.39006	0.04498	0.56496
641 T	0.39658	0.03615	0.56727
642 A	0.40002	0.03171	0.56828
643 T	0.40836	0.02145	0.57018
644 T	0.41120	0.01803	0.57078
645 A	0.41233	0.01673	0.57094
646 A	0.41360	0.01532	0.57107
647 T	0.41526	0.01316	0.57158
648 T	0.41584	0.01243	0.57173
649 G	0.41632	0.01176	0.57192
650 T	0.41737	0.01061	0.57201
651 A	0.41754	0.01023	0.57223
652 G	0.41773	0.00993	0.57233
653 C	0.41805	0.00975	0.5722
654 T	0.41839	0.00973	0.57188
655 G	0.41853	0.00972	0.57175
656 A	0.41914	0.00917	0.57168
657 T	0.42044	0.00785	0.57172
658 T	0.42097	0.00727	0.57176
659 C	0.42131	0.00669	0.57201
660 T	0.42200	0.00593	0.57206
661 C	0.42220	0.00581	0.57199
662 T	0.42242	0.00582	0.57176
663 T	0.42177	0.00677	0.57146
664 T	0.41865	0.01019	0.57116
665 T	0.41592	0.01332	0.57075
666 A	0.40975	0.01963	0.57062
667 G	0.40748	0.02179	0.57072
668 G	0.40648	0.02252	0.571
669 T	0.40582	0.02306	0.57112
670 C	0.40464	0.02427	0.57109
671 A	0.40399	0.02517	0.57085
672 A	0.40217	0.02729	0.57054
673 C	0.40131	0.02816	0.57053
674 A	0.40073	0.02884	0.57043
675 G	0.40055	0.02902	0.57043
676 T	0.40082	0.02868	0.57049
677 C	0.40105	0.02844	0.57051
678 T	0.40111	0.02847	0.57042
679 G	0.40096	0.02871	0.57034
680 T	0.40093	0.02881	0.57026
681 G	0.40086	0.02912	0.57002
682 A	0.40081	0.02968	0.56951
683 A	0.40065	0.03005	0.5693
684 T	0.40082	0.02969	0.5695
685 A	0.40084	0.02922	0.56994
686 T	0.40092	0.02764	0.57143
687 A	0.40064	0.02364	0.57572
688 G	0.40065	0.02062	0.57874
689 C	0.39974	0.01649	0.58377
690 T	0.39865	0.01741	0.58395
691 A	0.39691	0.01982	0.58327
692 A	0.39500	0.02216	0.58284
693 G	0.39437	0.02373	0.58191
694 A	0.39440	0.02515	0.58045
695 G	0.39467	0.02309	0.58225
696 T	0.39482	0.02189	0.58329
697 T	0.39494	0.02097	0.58409
698 T	0.39490	0.02084	0.58425
699 C	0.39394	0.02213	0.58393
700 C	0.39325	0.02564	0.58111
701 A	0.39278	0.03766	0.56956
702 T	0.39163	0.04173	0.56664
703 G	0.38902	0.04716	0.56381
704 A	0.38614	0.05188	0.56198
705 A	0.38423	0.05493	0.56084
706 C	0.38317	0.05600	0.56084
707 A	0.38247	0.05751	0.56002
708 A	0.38215	0.05804	0.5598
709 A	0.38207	0.05812	0.55981
710 T	0.38226	0.05760	0.56014
711 A	0.38173	0.05802	0.56025
712 G	0.38186	0.05640	0.56174
713 G	0.38252	0.05435	0.56313
714 A	0.38337	0.05195	0.56468
715 G	0.38437	0.04921	0.56642
716 C	0.38600	0.04696	0.56704
717 T	0.38741	0.04561	0.56698
718 A	0.38687	0.04631	0.56682
719 C	0.38655	0.04672	0.56673
720 A	0.38632	0.04756	0.56611
721 G	0.38663	0.04808	0.56529
722 G	0.38735	0.04691	0.56574
723 G	0.39077	0.04344	0.5658
724 A	0.40191	0.03277	0.56532
725 T	0.40619	0.02683	0.56698
726 T	0.40909	0.02156	0.56934
727 A	0.41040	0.01789	0.57172
728 T	0.41140	0.01507	0.57353
729 T	0.41151	0.01437	0.57412
730 T	0.41165	0.01366	0.57469
731 T	0.41156	0.01344	0.575
732 A	0.41070	0.01418	0.57512
733 A	0.40959	0.01517	0.57524
734 C	0.40835	0.01594	0.57571
735 T	0.40354	0.02152	0.57493
736 A	0.39712	0.03040	0.57248
737 A	0.39384	0.03483	0.57132
738 A	0.39117	0.03837	0.57045
739 A	0.39012	0.04046	0.56942
740 T	0.38958	0.04154	0.56888
741 G	0.38906	0.04277	0.56816
742 G	0.38920	0.04260	0.5682
743 A	0.38985	0.04192	0.56823
744 T	0.39111	0.04061	0.56827
745 T	0.39173	0.04016	0.56812
746 C	0.39225	0.03974	0.56801
747 T	0.39289	0.03947	0.56764
748 G	0.39286	0.03955	0.56759
749 A	0.39296	0.03951	0.56753
750 T	0.39328	0.03918	0.56755
751 A	0.39334	0.03912	0.56755
752 C	0.39372	0.03821	0.56806
753 T	0.39369	0.03822	0.56809
754 A	0.39333	0.03843	0.56824
755 A	0.39333	0.03795	0.56872
756 A	0.39334	0.03695	0.56971
757 G	0.39338	0.03582	0.5708
758 G	0.39414	0.02995	0.5759
759 T	0.39661	0.02169	0.5817
760 G	0.39744	0.01775	0.58481
761 G	0.39834	0.01453	0.58714
762 A	0.39933	0.01298	0.58769
763 G	0.40048	0.01086	0.58866
764 C	0.40192	0.00867	0.5894
765 T	0.40255	0.00796	0.5895
766 G	0.40283	0.00775	0.58942
767 C	0.40322	0.00758	0.5892
768 T	0.40350	0.00905	0.58745
769 T	0.40361	0.00945	0.58694
770 T	0.40370	0.01003	0.58627
771 A	0.40318	0.01103	0.5858
772 T	0.40300	0.01171	0.58528
773 C	0.40242	0.01303	0.58455
774 G	0.40201	0.01600	0.58199
775 A	0.40183	0.02037	0.5778
776 T	0.40198	0.02193	0.5761
777 G	0.40189	0.02674	0.57137
778 A	0.40197	0.03049	0.56754
779 A	0.40207	0.03149	0.56644
780 G	0.40195	0.03265	0.5654
781 T	0.40216	0.03477	0.56308
782 A	0.40167	0.03645	0.56188
783 T	0.40146	0.03743	0.56111
784 A	0.40097	0.03809	0.56093
785 T	0.40095	0.03813	0.56093
786 C	0.40025	0.03890	0.56084
787 A	0.39994	0.03959	0.56047
788 C	0.39987	0.03982	0.56031
789 T	0.40003	0.04009	0.55988
790 A	0.40019	0.04045	0.55936
791 A	0.40162	0.03920	0.55918
792 G	0.40236	0.03841	0.55922
793 T	0.40352	0.03714	0.55934
794 T	0.40430	0.03567	0.56003
795 A	0.40495	0.03469	0.56036
796 C	0.40635	0.03265	0.56099
797 C	0.40936	0.02936	0.56127
798 T	0.41420	0.02447	0.56133
799 A	0.41634	0.02249	0.56117
800 T	0.42150	0.01743	0.56107
801 T	0.42380	0.01545	0.56076
802 A	0.42370	0.01614	0.56017
803 A	0.42374	0.01630	0.55996
804 A	0.42561	0.01443	0.55995
805 T	0.42695	0.01210	0.56095
806 T	0.42780	0.01083	0.56138
807 T	0.42779	0.01034	0.56188
808 A	0.42664	0.01124	0.56212
809 C	0.42507	0.01218	0.56274
810 T	0.42438	0.01286	0.56277
811 T	0.42232	0.01486	0.56282
812 C	0.41985	0.01732	0.56283
813 T	0.41861	0.01893	0.56246
814 T	0.41510	0.02265	0.56224
815 C	0.40850	0.02934	0.56216
816 T	0.40134	0.03702	0.56164
817 T	0.38344	0.05621	0.56035
818 C	0.35422	0.08643	0.55935
819 A	0.33016	0.11265	0.5572
820 G	0.31392	0.13040	0.55568
821 A	0.30653	0.13917	0.5543
822 A	0.30378	0.14209	0.55413
823 A	0.30130	0.14490	0.5538
824 A	0.30052	0.14555	0.55393
825 A	0.30048	0.14515	0.55438
826 C	0.30071	0.14421	0.55508
827 A	0.30086	0.14445	0.55469
828 T	0.30091	0.14461	0.55447
829 A	0.30079	0.14503	0.55417
830 A	0.30086	0.14476	0.55438
831 T	0.30092	0.14368	0.5554
832 G	0.30082	0.14138	0.55779
833 A	0.30101	0.13966	0.55933
834 T	0.30119	0.13637	0.56243
835 G	0.30128	0.13276	0.56596
836 A	0.30168	0.12954	0.56878
837 T	0.30232	0.12304	0.57464
838 A	0.30268	0.11541	0.58191
839 A	0.30365	0.10557	0.59078
840 T	0.30570	0.08357	0.61073
841 T	0.30691	0.05633	0.63676
842 T	0.30813	0.03654	0.65533
843 T	0.30871	0.02743	0.66385
844 G	0.30900	0.02681	0.66418
845 A	0.30873	0.03246	0.65881
846 A	0.30883	0.03611	0.65506
847 A	0.30936	0.03854	0.6521
848 T	0.31022	0.03859	0.65119
849 T	0.31083	0.04023	0.64894
850 T	0.31127	0.04380	0.64493
851 T	0.31143	0.04634	0.64224
852 T	0.31131	0.04702	0.64167
853 T	0.31096	0.04760	0.64145
854 A	0.30995	0.04943	0.64063
855 T	0.30415	0.05612	0.63972
856 C	0.29445	0.06646	0.63908
857 C	0.27970	0.08339	0.63692
858 A	0.26676	0.09681	0.63644
859 G	0.25939	0.10437	0.63624
860 A	0.25427	0.10979	0.63595
861 A	0.25267	0.11157	0.63575
862 C	0.25276	0.11158	0.63566
863 G	0.25357	0.11098	0.63545
864 T	0.25626	0.10874	0.63501
865 A	0.25688	0.10810	0.63502
866 T	0.26016	0.10464	0.63521
867 G	0.26208	0.10261	0.63531
868 G	0.26747	0.09681	0.63572
869 C	0.27303	0.09099	0.63598
870 T	0.27810	0.08616	0.63574
871 T	0.27945	0.08538	0.63517
872 C	0.27970	0.08552	0.63478
873 T	0.27993	0.08761	0.63246
874 A	0.27609	0.09358	0.63033
875 G	0.27407	0.09629	0.62963
876 A	0.27321	0.09769	0.62909
877 A	0.27399	0.09644	0.62957
878 T	0.27499	0.08736	0.63764
879 A	0.27391	0.07908	0.647
880 T	0.27532	0.06353	0.66115
881 T	0.27478	0.05349	0.67173
882 A	0.27345	0.04972	0.67683
883 G	0.27300	0.04592	0.68108
884 A	0.27261	0.04546	0.68193
885 T	0.27077	0.04649	0.68273
886 A	0.26611	0.05052	0.68337
887 T	0.26486	0.05073	0.68441
888 G	0.25954	0.05551	0.68495
889 G	0.25538	0.06093	0.68369
890 G	0.25373	0.06307	0.6832
891 T	0.25244	0.06650	0.68106
892 G	0.25002	0.07593	0.67404
893 A	0.24929	0.08092	0.66978
894 T	0.25015	0.08360	0.66626
895 A	0.25018	0.08610	0.66371
896 T	0.25193	0.08422	0.66385
897 T	0.25278	0.08365	0.66357
898 T	0.25169	0.08413	0.66418
899 T	0.24904	0.08821	0.66274
900 A	0.24429	0.09656	0.65916
901 A	0.24009	0.10370	0.65622
902 C	0.23818	0.10435	0.65748
903 T	0.23517	0.10965	0.65518
904 T	0.23083	0.11700	0.65217
905 T	0.22882	0.12334	0.64784
906 A	0.22303	0.13543	0.64153
907 A	0.22116	0.13937	0.63946
908 T	0.22117	0.13778	0.64105
909 T	0.21965	0.13639	0.64396
910 G	0.21634	0.14121	0.64245
911 A	0.21603	0.13986	0.64411
912 T	0.21729	0.13705	0.64565
913 A	0.21725	0.13904	0.64371
914 A	0.21955	0.13777	0.64268
915 T	0.22702	0.12994	0.64304
916 G	0.22764	0.13221	0.64016
917 T	0.22871	0.13757	0.63372
918 A	0.21986	0.15657	0.62358
919 G	0.21317	0.17123	0.6156
920 A	0.21141	0.18514	0.60345
921 A	0.20778	0.19921	0.59301
922 G	0.20549	0.21407	0.58044
923 A	0.19936	0.23142	0.56922
924 T	0.19406	0.24583	0.56011
925 A	0.17538	0.28585	0.53876
926 A	0.15614	0.32766	0.5162
927 A	0.14019	0.36330	0.49652
928 A	0.12900	0.40524	0.46576
929 T	0.12166	0.43780	0.44054
930 A	0.09916	0.50022	0.40063
931 A	0.09055	0.51199	0.39746
932 A	0.08464	0.51908	0.39628
933 T	0.08252	0.51943	0.39804
934 A	0.07291	0.52902	0.39807
935 C	0.06528	0.53620	0.39852
936 A	0.06329	0.53830	0.39841
937 A	0.06129	0.54057	0.39814
938 A	0.06101	0.54050	0.39848
939 A	0.06264	0.53749	0.39987
940 C	0.06765	0.53081	0.40155
941 A	0.07538	0.51627	0.40835
942 A	0.08176	0.50540	0.41284
943 G	0.09180	0.49168	0.41651
944 A	0.10368	0.47718	0.41915
945 T	0.12149	0.45584	0.42267
946 A	0.13244	0.43224	0.43531
947 A	0.14285	0.40739	0.44976
948 A	0.16354	0.36504	0.47142
949 G	0.19084	0.31330	0.49586
950 A	0.21734	0.26817	0.51449
951 A	0.25314	0.21505	0.53181
952 G	0.28486	0.16377	0.55137
953 T	0.32385	0.10679	0.56936
954 T	0.32528	0.10584	0.56888
955 T	0.31676	0.13452	0.54872
956 T	0.30080	0.16861	0.5306
957 A	0.26973	0.21695	0.51332
958 G	0.24772	0.25036	0.50193
959 A	0.22743	0.27809	0.49449
960 T	0.21606	0.29502	0.48892
961 A	0.19124	0.33842	0.47033
962 G	0.18311	0.35805	0.45884
963 A	0.17931	0.36979	0.45091
964 A	0.17798	0.37863	0.44338
965 T	0.17944	0.37916	0.4414
966 T	0.17941	0.37845	0.44213
967 T	0.17736	0.38292	0.43972
968 T	0.17231	0.38877	0.43893
969 A	0.16078	0.40100	0.43822
970 C	0.15113	0.41148	0.4374
971 A	0.14251	0.42585	0.43164
972 A	0.13743	0.43311	0.42946
973 G	0.13564	0.43558	0.42877
974 A	0.13691	0.43540	0.42769
975 A	0.13984	0.43278	0.42738
976 G	0.15031	0.41760	0.43209
977 A	0.17066	0.39029	0.43904
978 T	0.20754	0.33775	0.45471
979 T	0.23004	0.29685	0.47312
980 A	0.24503	0.25991	0.49506
981 T	0.26109	0.22972	0.50919
982 A	0.26634	0.21931	0.51435
983 A	0.27331	0.21587	0.51082
984 T	0.29280	0.18717	0.52003
985 T	0.30541	0.17781	0.51678
986 A	0.30892	0.18012	0.51096
987 T	0.31461	0.17919	0.5062
988 A	0.30729	0.19958	0.49314
989 A	0.28992	0.22750	0.48258
990 T	0.28594	0.23427	0.47979
991 G	0.28112	0.24014	0.47874
992 A	0.28062	0.24399	0.47539
993 T	0.28406	0.23940	0.47654
994 T	0.28715	0.23563	0.47721
995 T	0.28343	0.24375	0.47282
996 A	0.26788	0.27073	0.46138
997 A	0.25566	0.29364	0.45069
998 T	0.24530	0.32301	0.43169
999 A	0.22401	0.35079	0.4252
1000 A	0.20814	0.37252	0.41934
1001 A	0.19696	0.38967	0.41337
1002 A	0.19119	0.39552	0.41329
1003 C	0.19202	0.39356	0.41442
1004 A	0.19505	0.39088	0.41408
1005 A	0.20581	0.37925	0.41494
1006 C	0.22550	0.35820	0.4163
1007 T	0.24380	0.34022	0.41598
1008 T	0.25417	0.32984	0.416
1009 A	0.25947	0.32275	0.41778
1010 A	0.26555	0.31370	0.42074
1011 G	0.27870	0.29088	0.43042
1012 T	0.29595	0.25260	0.45146
1013 T	0.30531	0.23381	0.46088
1014 G	0.31069	0.22183	0.46748
1015 T	0.32175	0.21148	0.46677
1016 T	0.32491	0.20910	0.46598
1017 A	0.31344	0.22797	0.45859
1018 A	0.29991	0.24687	0.45323
1019 A	0.29682	0.24779	0.45539
1020 A	0.29746	0.25078	0.45176
1021 A	0.31190	0.23782	0.45028
1022 A	0.31676	0.22379	0.45945
1023 A	0.32119	0.20871	0.4701
1024 T	0.32737	0.19203	0.4806
1025 T	0.32482	0.19181	0.48337
1026 A	0.31945	0.20812	0.47243
1027 G	0.31613	0.21008	0.47379
1028 G	0.31531	0.21188	0.47281
1029 T	0.31573	0.21223	0.47203
1030 T	0.31565	0.21283	0.47152
1031 C	0.31448	0.21519	0.47033
1032 T	0.31295	0.22105	0.466
1033 A	0.30858	0.22937	0.46205
1034 T	0.30770	0.23172	0.46058
1035 G	0.30680	0.23433	0.45888
1036 A	0.30705	0.23857	0.45438
1037 G	0.30902	0.23528	0.45569
1038 T	0.31514	0.23172	0.45313
1039 A	0.31879	0.23331	0.44791
1040 A	0.32799	0.21584	0.45617
1041 A	0.33791	0.19381	0.46828
1042 A	0.34996	0.17282	0.47722
1043 T	0.36802	0.14672	0.48526
1044 G	0.38023	0.13370	0.48607
1045 T	0.39201	0.12260	0.48538
1046 T	0.39701	0.11731	0.48568
1047 A	0.39864	0.11679	0.48457
1048 A	0.40253	0.11132	0.48615
1049 G	0.41475	0.09525	0.48999
1050 T	0.41923	0.08829	0.49248
1051 T	0.42450	0.08436	0.49114
1052 T	0.42788	0.08761	0.48452
1053 T	0.42784	0.08913	0.48304
1054 A	0.42662	0.08977	0.48361
1055 T	0.42811	0.08645	0.48545
1056 T	0.42822	0.08284	0.48894
1057 C	0.42261	0.08778	0.48961
1058 C	0.41900	0.09273	0.48827
1059 A	0.41709	0.10902	0.47388
1060 G	0.39620	0.15083	0.45297
1061 G	0.38377	0.17034	0.44589
1062 T	0.37064	0.19418	0.43518
1063 A	0.34113	0.23089	0.42798
1064 T	0.33625	0.24040	0.42334
1065 C	0.32944	0.25476	0.4158
1066 A	0.32835	0.25951	0.41214
1067 A	0.33043	0.25890	0.41068
1068 T	0.33499	0.25522	0.40979
1069 T	0.33699	0.25426	0.40876
1070 C	0.33512	0.25700	0.40788
1071 T	0.32684	0.26674	0.40642
1072 A	0.31278	0.28183	0.40539
1073 A	0.30335	0.29133	0.40532
1074 A	0.29887	0.29577	0.40536
1075 A	0.29816	0.29627	0.40557
1076 T	0.29361	0.29829	0.4081
1077 C	0.27381	0.31602	0.41017
1078 A	0.25220	0.34138	0.40642
1079 A	0.24165	0.35277	0.40558
1080 A	0.23442	0.35735	0.40822
1081 A	0.23032	0.35959	0.41008
1082 A	0.24066	0.34569	0.41365
1083 A	0.26181	0.29761	0.44058
1084 A	0.27250	0.26572	0.46177
1085 T	0.28648	0.22122	0.4923
1086 G	0.29183	0.18429	0.52388
1087 C	0.29587	0.17124	0.53289
1088 C	0.30231	0.16001	0.53768
1089 T	0.30692	0.15497	0.53811
1090 T	0.30887	0.15342	0.53772
1091 T	0.30984	0.15330	0.53686
1092 T	0.31021	0.15677	0.53302
1093 T	0.30932	0.16328	0.5274
1094 T	0.28996	0.19945	0.51059
1095 A	0.26290	0.24458	0.49252
1096 G	0.24509	0.26429	0.49063
1097 A	0.23847	0.28405	0.47748
1098 A	0.23618	0.28863	0.47519
1099 A	0.23454	0.28824	0.47722
1100 A	0.23501	0.27343	0.49157
1101 T	0.23918	0.25245	0.50837
1102 G	0.24047	0.25580	0.50373
1103 A	0.24200	0.26164	0.49637
1104 T	0.24384	0.27059	0.48557
1105 G	0.24409	0.27993	0.47598
1106 T	0.24418	0.28535	0.47047
1107 T	0.24196	0.28895	0.46909
1108 A	0.23937	0.29284	0.46778
1109 T	0.23895	0.29393	0.46712
1110 T	0.23792	0.29659	0.46548
1111 C	0.23598	0.30238	0.46163
1112 A	0.23442	0.31714	0.44845
1113 A	0.23461	0.33333	0.43206
1114 A	0.23560	0.35348	0.41092
1115 A	0.23997	0.35824	0.40179
1116 A	0.24982	0.34808	0.4021
1117 T	0.28756	0.28727	0.42517
1118 T	0.31719	0.23247	0.45035
1119 T	0.32320	0.20926	0.46755
1120 C	0.32854	0.19936	0.4721
1121 A	0.33138	0.19753	0.47108
1122 A	0.33402	0.19569	0.47029
1123 G	0.34037	0.18940	0.47024
1124 C	0.34693	0.18315	0.46992
1125 T	0.36609	0.16725	0.46665
1126 A	0.37357	0.17612	0.45032
1127 T	0.38530	0.16867	0.44603
1128 T	0.38148	0.17306	0.44545
1129 A	0.34063	0.21504	0.44433
1130 T	0.31505	0.23703	0.44792
1131 C	0.27063	0.28184	0.44753
1132 C	0.24750	0.31958	0.43291
1133 A	0.23013	0.36389	0.40597
1134 A	0.22337	0.37894	0.39769
1135 A	0.23085	0.37491	0.39425
1136 G	0.24121	0.36802	0.39077
1137 T	0.25335	0.36089	0.38576
1138 A	0.24603	0.36791	0.38606
1139 T	0.23755	0.37379	0.38866
1140 G	0.22901	0.38026	0.39073
1141 A	0.22525	0.38161	0.39314
1142 C	0.22251	0.37777	0.39973
1143 C	0.21921	0.38089	0.3999
1144 A	0.21700	0.39865	0.38436
1145 A	0.20960	0.42359	0.3668
1146 A	0.18813	0.45072	0.36115
1147 G	0.16623	0.47483	0.35894
1148 A	0.14438	0.49898	0.35664
1149 A	0.13456	0.49935	0.36609
1150 G	0.12989	0.49529	0.37482
1151 A	0.12863	0.48472	0.38664
1152 A	0.13060	0.44671	0.42269
1153 A	0.13408	0.41960	0.44632
1154 G	0.14007	0.37725	0.48269
1155 A	0.15455	0.37285	0.4726
1156 T	0.17474	0.37358	0.45168
1157 T	0.17391	0.41595	0.41014
1158 A	0.16565	0.44251	0.39184
1159 A	0.15732	0.44926	0.39342
1160 A	0.15295	0.44398	0.40308
1161 A	0.14203	0.43977	0.4182
1162 C	0.12966	0.43933	0.43101
1163 C	0.12666	0.43771	0.43563
1164 T	0.12696	0.44044	0.43259
1165 A	0.12385	0.45100	0.42516
1166 A	0.12240	0.45727	0.42033
1167 A	0.13305	0.44794	0.419
1168 T	0.15009	0.42605	0.42386
1169 T	0.15272	0.39723	0.45005
1170 A	0.14618	0.38332	0.4705
1171 A	0.14403	0.36278	0.49319
1172 T	0.14114	0.34551	0.51335
1173 C	0.12561	0.36196	0.51243
1174 G	0.11871	0.39892	0.48237
1175 A	0.12371	0.41633	0.45997
1176 A	0.13216	0.42229	0.44555
1177 A	0.14324	0.42136	0.4354
1178 A	0.16952	0.40579	0.4247
1179 T	0.19662	0.38191	0.42146
1180 A	0.22118	0.36485	0.41397
1181 A	0.23760	0.35827	0.40413
1182 T	0.23975	0.36176	0.39848
1183 A	0.23474	0.37123	0.39403
1184 A	0.23093	0.36906	0.40002
1185 T	0.22867	0.36390	0.40742
1186 A	0.18763	0.40884	0.40353
1187 G	0.14614	0.45794	0.39592
1188 A	0.13193	0.48941	0.37866
1189 A	0.12027	0.51963	0.36009
1190 G	0.10672	0.53708	0.3562
1191 A	0.10006	0.54762	0.35232
1192 A	0.09923	0.54576	0.35502
1193 G	0.10277	0.53281	0.36442
1194 A	0.10822	0.52268	0.3691
1195 A	0.11535	0.50961	0.37504
1196 C	0.13292	0.47691	0.39017
1197 T	0.16653	0.44058	0.3929
1198 A	0.18169	0.42963	0.38867
1199 G	0.19138	0.41778	0.39085
1200 A	0.20033	0.40818	0.39149
1201 A	0.21202	0.39520	0.39278
1202 T	0.22660	0.36818	0.40523
1203 C	0.24326	0.33503	0.42171
1204 G	0.26667	0.31005	0.42328
1205 T	0.28674	0.29323	0.42002
1206 T	0.29440	0.28814	0.41746
1207 A	0.29447	0.29453	0.411
1208 A	0.29667	0.29272	0.41061
1209 A	0.29978	0.24806	0.45217
1210 G	0.30985	0.18857	0.50158
1211 G	0.32995	0.14732	0.52273
1212 T	0.35141	0.11567	0.53292
1213 T	0.34797	0.11284	0.53919
1214 C	0.33229	0.12537	0.54233
1215 A	0.30886	0.16685	0.5243
1216 G	0.23873	0.25486	0.50641
1217 G	0.20702	0.29781	0.49517
1218 A	0.19631	0.33688	0.4668
1219 A	0.19030	0.37829	0.43142
1220 G	0.19092	0.38661	0.42246
1221 T	0.19523	0.38265	0.42212
1222 G	0.19103	0.38627	0.4227
1223 A	0.17762	0.40035	0.42203
1224 A	0.16646	0.41225	0.42129
1225 C	0.16377	0.41428	0.42195
1226 C	0.16111	0.41672	0.42217
1227 A	0.15990	0.41902	0.42108
1228 A	0.16381	0.41637	0.41982
1229 C	0.16869	0.41110	0.42022
1230 T	0.17486	0.40501	0.42014
1231 G	0.17406	0.40449	0.42145
1232 A	0.17510	0.39931	0.42559
1233 C	0.17596	0.39549	0.42854
1234 A	0.17824	0.39251	0.42925
1235 T	0.18810	0.37522	0.43668
1236 T	0.19534	0.35485	0.44981
1237 A	0.19865	0.33549	0.46585
1238 G	0.21589	0.29987	0.48425
1239 T	0.23808	0.20369	0.55823
1240 C	0.24617	0.16386	0.58996
1241 A	0.26705	0.13835	0.5946
1242 T	0.29790	0.10632	0.59577
1243 T	0.30503	0.10399	0.59098
1244 T	0.30353	0.11557	0.5809
1245 A	0.29769	0.13339	0.56892
1246 A	0.29563	0.13487	0.56949
1247 T	0.28843	0.14346	0.56812
1248 A	0.28236	0.18128	0.53637
1249 G	0.27992	0.20173	0.51834
1250 A	0.27958	0.23252	0.4879
1251 A	0.28014	0.26491	0.45494
1252 T	0.28085	0.27514	0.44402
1253 T	0.27652	0.31230	0.41118
1254 T	0.26950	0.33665	0.39385
1255 A	0.26517	0.35572	0.37911
1256 T	0.26233	0.36568	0.37198
1257 T	0.25424	0.38331	0.36246
1258 A	0.22991	0.42633	0.34375
1259 A	0.20965	0.46243	0.32791
1260 A	0.19202	0.48222	0.32576
1261 A	0.16978	0.50735	0.32287
1262 A	0.15152	0.52726	0.32123
1263 A	0.14338	0.53708	0.31954
1264 C	0.14383	0.53613	0.32004
1265 A	0.13430	0.55043	0.31527
1266 A	0.12545	0.55939	0.31516
1267 A	0.12688	0.55699	0.31613
1268 A	0.13558	0.54457	0.31986
1269 A	0.14281	0.53706	0.32013
1270 C	0.15048	0.52226	0.32726
1271 A	0.17489	0.50021	0.3249
1272 A	0.19458	0.48286	0.32257
1273 A	0.23238	0.44461	0.32301
1274 T	0.27206	0.40416	0.32377
1275 A	0.27916	0.39722	0.32362
1276 T	0.30379	0.36400	0.33221
1277 C	0.30007	0.35958	0.34035
1278 T	0.29977	0.35684	0.34339
1279 A	0.27554	0.38095	0.34351
1280 A	0.25145	0.40171	0.34685
1281 A	0.24692	0.39393	0.35915
1282 C	0.24517	0.38351	0.37132
1283 A	0.23839	0.37956	0.38204
1284 A	0.23485	0.37174	0.3934
1285 A	0.23056	0.37172	0.39773
1286 T	0.23106	0.36630	0.40265
1287 G	0.22702	0.36853	0.40446
1288 A	0.22725	0.35266	0.4201
1289 A	0.22778	0.33248	0.43973
1290 G	0.23029	0.31718	0.45252
1291 A	0.23506	0.30795	0.457
1292 A	0.24220	0.28942	0.46837
1293 T	0.24837	0.26668	0.48496
1294 T	0.25315	0.25309	0.49375
1295 T	0.25491	0.25042	0.49466
1296 A	0.25468	0.25284	0.49248
1297 G	0.25521	0.24981	0.49497
1298 A	0.25604	0.24273	0.50122
1299 T	0.25810	0.22852	0.51339
1300 T	0.25975	0.21594	0.52431
1301 T	0.25974	0.21850	0.52176
1302 A	0.25409	0.23364	0.51226
1303 A	0.24905	0.25570	0.49526
1304 A	0.24755	0.25786	0.49459
1305 T	0.24900	0.24787	0.50313
1306 G	0.25041	0.24339	0.5062
1307 A	0.25650	0.23868	0.50481
1308 T	0.26762	0.22281	0.50957
1309 T	0.27096	0.22060	0.50845
1310 T	0.27158	0.22468	0.50374
1311 A	0.26888	0.24994	0.48118
1312 A	0.26772	0.27731	0.45497
1313 A	0.26849	0.28954	0.44196
1314 T	0.27195	0.28938	0.43866
1315 A	0.27165	0.29024	0.43811
1316 A	0.27349	0.28898	0.43753
1317 T	0.27846	0.28315	0.43839
1318 C	0.27984	0.28109	0.43908
1319 C	0.28181	0.27992	0.43827
1320 T	0.28555	0.27782	0.43663
1321 G	0.28651	0.27822	0.43527
1322 A	0.28978	0.27683	0.43339
1323 A	0.29612	0.27187	0.43202
1324 G	0.30904	0.26000	0.43096
1325 A	0.33458	0.22917	0.43625
1326 T	0.38086	0.17690	0.44224
1327 T	0.39468	0.16154	0.44378
1328 T	0.39880	0.15659	0.44462
1329 A	0.40048	0.15444	0.44508
