# lcl|CP097583.1_cds_USQ93252.1_1
# AA	inside	membr	outside
1 A	0.31029	0.00000	0.68971
2 T	0.30938	0.00091	0.68971
3 G	0.30891	0.00138	0.68971
4 A	0.30891	0.03793	0.65316
5 A	0.30543	0.05831	0.63626
6 A	0.30543	0.06081	0.63376
7 A	0.30081	0.06554	0.63365
8 A	0.30081	0.06554	0.63365
9 T	0.30026	0.06613	0.6336
10 T	0.30026	0.07178	0.62795
11 C	0.30001	0.07232	0.62767
12 T	0.29831	0.07460	0.6271
13 A	0.29613	0.08112	0.62275
14 A	0.29613	0.08112	0.62274
15 A	0.29613	0.10230	0.60157
16 T	0.29613	0.10231	0.60157
17 T	0.29609	0.10274	0.60117
18 T	0.29608	0.10355	0.60037
19 G	0.29553	0.10460	0.59986
20 T	0.28911	0.11819	0.59269
21 T	0.27927	0.12803	0.5927
22 A	0.27828	0.13017	0.59155
23 A	0.27806	0.13073	0.59122
24 A	0.27930	0.12975	0.59095
25 G	0.28085	0.12720	0.59195
26 A	0.28263	0.12531	0.59207
27 T	0.31586	0.09142	0.59271
28 A	0.32729	0.07764	0.59508
29 T	0.32927	0.07532	0.59541
30 A	0.32928	0.07199	0.59873
31 A	0.32924	0.07132	0.59945
32 C	0.32959	0.06905	0.60136
33 T	0.33509	0.06280	0.60211
34 C	0.33507	0.06247	0.60245
35 C	0.33656	0.06050	0.60293
36 G	0.34020	0.05657	0.60322
37 C	0.34134	0.05546	0.60321
38 G	0.35887	0.03794	0.60319
39 T	0.36118	0.03562	0.60319
40 T	0.36477	0.03190	0.60332
41 T	0.36626	0.02963	0.60411
42 T	0.36712	0.02798	0.60489
43 C	0.36959	0.01780	0.61261
44 T	0.36954	0.01094	0.61952
45 T	0.36992	0.01015	0.61993
46 A	0.36963	0.01242	0.61795
47 A	0.36800	0.01720	0.61481
48 T	0.36724	0.02019	0.61257
49 T	0.36465	0.02345	0.6119
50 T	0.36066	0.02773	0.61161
51 T	0.35700	0.03118	0.61181
52 G	0.35089	0.03899	0.61012
53 G	0.34777	0.04322	0.60901
54 T	0.34650	0.04478	0.60872
55 A	0.34432	0.04738	0.6083
56 A	0.34275	0.04875	0.6085
57 A	0.34132	0.05027	0.6084
58 T	0.33970	0.05208	0.60821
59 G	0.33800	0.05406	0.60794
60 G	0.33725	0.05494	0.60781
61 T	0.33708	0.05533	0.60759
62 A	0.33664	0.05637	0.60699
63 T	0.33628	0.05724	0.60648
64 C	0.33524	0.05890	0.60586
65 A	0.33401	0.06368	0.6023
66 A	0.33120	0.06794	0.60086
67 G	0.33049	0.06921	0.6003
68 A	0.33057	0.07026	0.59916
69 A	0.33292	0.06816	0.59892
70 A	0.33678	0.06155	0.60167
71 T	0.34052	0.05504	0.60443
72 T	0.34268	0.04870	0.60862
73 T	0.34342	0.04364	0.61294
74 G	0.34350	0.04096	0.61554
75 T	0.34429	0.03669	0.61902
76 T	0.34397	0.03716	0.61888
77 T	0.34265	0.03901	0.61835
78 A	0.33943	0.04205	0.61853
79 A	0.33837	0.04212	0.61951
80 A	0.33773	0.04157	0.6207
81 A	0.33731	0.04041	0.62229
82 G	0.33718	0.03886	0.62396
83 C	0.33726	0.03806	0.62467
84 A	0.33685	0.04034	0.62281
85 G	0.33721	0.04033	0.62246
86 A	0.33775	0.04008	0.62217
87 A	0.33865	0.03849	0.62286
88 T	0.34240	0.03380	0.62381
89 T	0.34353	0.02982	0.62665
90 G	0.34342	0.02919	0.62738
91 C	0.34401	0.02979	0.6262
92 T	0.34439	0.03281	0.6228
93 T	0.34421	0.03541	0.62038
94 G	0.34337	0.03902	0.61761
95 A	0.34342	0.04077	0.61581
96 T	0.34415	0.04082	0.61504
97 T	0.34459	0.03983	0.61558
98 A	0.34505	0.03878	0.61616
99 T	0.34694	0.03562	0.61743
100 T	0.34776	0.03313	0.6191
101 C	0.34800	0.03028	0.62172
102 A	0.34791	0.02992	0.62217
103 G	0.34796	0.02943	0.6226
104 A	0.34810	0.02892	0.62298
105 T	0.34844	0.02819	0.62336
106 A	0.34876	0.02772	0.62353
107 T	0.35070	0.02471	0.62459
108 T	0.35131	0.02367	0.62501
109 A	0.35162	0.02324	0.62514
110 A	0.35172	0.02289	0.62539
111 A	0.35196	0.02230	0.62574
112 G	0.35244	0.02115	0.62641
113 G	0.35372	0.01901	0.62727
114 T	0.35791	0.01427	0.62782
115 T	0.36212	0.00989	0.62799
116 T	0.36423	0.00780	0.62796
117 T	0.36543	0.00618	0.62839
118 T	0.36573	0.00612	0.62815
119 T	0.36550	0.00648	0.62801
120 T	0.36497	0.00725	0.62777
121 A	0.36441	0.00835	0.62724
122 T	0.36427	0.00876	0.62697
123 T	0.36364	0.00927	0.62709
124 T	0.36254	0.01021	0.62725
125 A	0.35953	0.01317	0.62729
126 T	0.35485	0.01773	0.62742
127 C	0.34903	0.02348	0.62749
128 T	0.34638	0.02613	0.62749
129 A	0.34297	0.02953	0.6275
130 C	0.34027	0.03223	0.6275
131 C	0.33807	0.03460	0.62733
132 T	0.33603	0.03686	0.62711
133 T	0.33197	0.04104	0.62699
134 A	0.32423	0.04894	0.62684
135 T	0.32018	0.05305	0.62677
136 G	0.31398	0.05930	0.62672
137 G	0.31180	0.06145	0.62675
138 A	0.30921	0.06402	0.62677
139 T	0.30880	0.06427	0.62692
140 A	0.30706	0.06583	0.62711
141 T	0.30609	0.06634	0.62758
142 G	0.30317	0.06872	0.62811
143 C	0.30009	0.07097	0.62894
144 T	0.29889	0.07190	0.6292
145 A	0.29615	0.07450	0.62934
146 T	0.29475	0.07536	0.62989
147 A	0.29162	0.07771	0.63067
148 T	0.28916	0.07765	0.63318
149 G	0.28382	0.07712	0.63907
150 G	0.28204	0.07334	0.64462
151 G	0.27677	0.07637	0.64686
152 A	0.27549	0.07523	0.64928
153 A	0.27418	0.07405	0.65177
154 T	0.27350	0.07149	0.65501
155 T	0.27177	0.07099	0.65723
156 T	0.26457	0.07534	0.66009
157 A	0.25405	0.08280	0.66314
158 T	0.24819	0.08778	0.66403
159 T	0.24196	0.09176	0.66629
160 A	0.23085	0.10293	0.66622
161 G	0.22155	0.11097	0.66748
162 A	0.21683	0.11673	0.66644
163 G	0.21464	0.11964	0.66571
164 A	0.21340	0.12037	0.66623
165 A	0.21251	0.11921	0.66828
166 T	0.21212	0.11634	0.67154
167 T	0.21125	0.11582	0.67292
168 C	0.21016	0.11641	0.67342
169 G	0.20942	0.12049	0.67009
170 T	0.20921	0.12365	0.66714
171 A	0.20846	0.13059	0.66096
172 G	0.20774	0.13403	0.65824
173 A	0.20609	0.13893	0.65498
174 T	0.20576	0.13617	0.65808
175 A	0.20337	0.14390	0.65273
176 A	0.20203	0.14684	0.65113
177 A	0.20244	0.14730	0.65025
178 A	0.20332	0.14533	0.65135
179 G	0.20440	0.13545	0.66016
180 A	0.20684	0.12641	0.66676
181 T	0.20999	0.12717	0.66285
182 T	0.20789	0.14083	0.65128
183 A	0.20196	0.18471	0.61334
184 A	0.19816	0.20834	0.5935
185 A	0.19645	0.21839	0.58516
186 A	0.19693	0.21768	0.58538
187 A	0.19707	0.21789	0.58505
188 A	0.19850	0.21597	0.58553
189 A	0.20126	0.21252	0.58622
190 C	0.20536	0.20721	0.58742
191 T	0.21130	0.20130	0.5874
192 T	0.21620	0.19620	0.5876
193 A	0.21899	0.19387	0.58714
194 A	0.22369	0.18900	0.58731
195 T	0.22869	0.18328	0.58803
196 C	0.23100	0.17844	0.59056
197 A	0.23301	0.17578	0.59121
198 T	0.23837	0.16829	0.59333
199 C	0.23913	0.16631	0.59456
200 A	0.23888	0.16694	0.59418
201 A	0.24129	0.16461	0.59411
202 A	0.24786	0.15708	0.59506
203 A	0.26136	0.14180	0.59684
204 T	0.28169	0.11997	0.59834
205 G	0.29824	0.09729	0.60448
206 T	0.33737	0.05193	0.6107
207 T	0.35502	0.03087	0.61411
208 T	0.36165	0.02372	0.61464
209 A	0.36228	0.02273	0.61499
210 T	0.36330	0.02087	0.61583
211 T	0.35934	0.02435	0.61631
212 T	0.35247	0.03093	0.6166
213 C	0.34718	0.03597	0.61686
214 C	0.34330	0.03989	0.61682
215 C	0.33849	0.04509	0.61642
216 T	0.33670	0.04734	0.61596
217 T	0.33423	0.05012	0.61566
218 T	0.32997	0.05455	0.61548
219 A	0.32755	0.05726	0.61519
220 T	0.32690	0.05785	0.61526
221 T	0.32589	0.05762	0.61648
222 A	0.32322	0.05863	0.61815
223 T	0.32184	0.05735	0.62081
224 T	0.31788	0.06012	0.622
225 T	0.30886	0.06868	0.62246
226 A	0.28286	0.09453	0.62261
227 C	0.27025	0.10683	0.62292
228 C	0.26100	0.11637	0.62264
229 G	0.25090	0.12848	0.62062
230 A	0.24180	0.14052	0.61768
231 A	0.24013	0.14513	0.61475
232 A	0.23908	0.14955	0.61137
233 A	0.23785	0.15270	0.60945
234 T	0.23793	0.14717	0.61491
235 T	0.23785	0.14142	0.62073
236 T	0.23748	0.13855	0.62398
237 A	0.23617	0.14123	0.6226
238 T	0.23546	0.14022	0.62432
239 T	0.22753	0.15075	0.62172
240 T	0.21372	0.17016	0.61612
241 A	0.17481	0.22478	0.60042
242 A	0.15434	0.25077	0.5949
243 A	0.14249	0.27071	0.58679
244 A	0.13253	0.29190	0.57556
245 A	0.12907	0.29673	0.5742
246 A	0.12734	0.29687	0.57579
247 G	0.12654	0.29424	0.57923
248 A	0.12609	0.28885	0.58506
249 A	0.12596	0.26956	0.60448
250 A	0.12616	0.25994	0.6139
251 A	0.12679	0.25204	0.62117
252 A	0.12898	0.24045	0.63057
253 G	0.13174	0.22781	0.64045
254 A	0.13473	0.22178	0.64349
255 A	0.13885	0.21579	0.64536
256 C	0.14252	0.21051	0.64697
257 A	0.14484	0.21364	0.64152
258 T	0.14890	0.22058	0.63051
259 A	0.15160	0.22347	0.62493
260 T	0.15868	0.21610	0.62522
261 T	0.16259	0.21386	0.62356
262 G	0.16613	0.19546	0.63841
263 A	0.17286	0.17614	0.65101
264 T	0.19092	0.12150	0.68758
265 G	0.19640	0.10364	0.69995
266 G	0.20505	0.09062	0.70434
267 T	0.21921	0.07870	0.70209
268 T	0.22438	0.07253	0.70309
269 T	0.22634	0.07029	0.70337
270 T	0.22711	0.06917	0.70372
271 T	0.22699	0.06894	0.70408
272 C	0.22420	0.07156	0.70424
273 T	0.22176	0.07483	0.7034
274 C	0.21564	0.08228	0.70208
275 C	0.20624	0.09556	0.6982
276 A	0.19799	0.11931	0.68271
277 G	0.19527	0.12718	0.67755
278 A	0.19401	0.13522	0.67076
279 A	0.19405	0.13825	0.6677
280 G	0.20104	0.13245	0.6665
281 T	0.21742	0.11673	0.66584
282 T	0.22474	0.11009	0.66516
283 A	0.22625	0.10894	0.66482
284 T	0.22893	0.10620	0.66487
285 T	0.22967	0.10574	0.66459
286 A	0.22878	0.10863	0.66259
287 C	0.22559	0.11356	0.66085
288 A	0.22154	0.12456	0.6539
289 A	0.21790	0.13589	0.64621
290 T	0.21343	0.14769	0.63887
291 T	0.19461	0.17085	0.63454
292 G	0.15808	0.21124	0.63068
293 A	0.12542	0.24911	0.62548
294 A	0.10528	0.26969	0.62504
295 G	0.09695	0.27485	0.6282
296 A	0.09472	0.27509	0.63019
297 A	0.09624	0.26957	0.63419
298 G	0.10145	0.26009	0.63846
299 T	0.11688	0.24245	0.64067
300 T	0.11830	0.24109	0.64061
301 A	0.11334	0.24999	0.63667
302 A	0.10882	0.25862	0.63255
303 T	0.10521	0.26303	0.63176
304 C	0.09830	0.27110	0.6306
305 A	0.08600	0.28770	0.6263
306 A	0.08200	0.29514	0.62286
307 G	0.08062	0.29844	0.62094
308 A	0.08080	0.29959	0.61961
309 A	0.08283	0.29791	0.61926
310 A	0.08531	0.29036	0.62433
311 A	0.09260	0.27563	0.63177
312 A	0.10180	0.25406	0.64414
313 T	0.11176	0.21865	0.66959
314 T	0.11608	0.19501	0.68891
315 A	0.11871	0.16786	0.71343
316 T	0.12338	0.14177	0.73485
317 T	0.12472	0.12728	0.748
318 A	0.12479	0.12571	0.74949
319 G	0.12602	0.12647	0.74752
320 A	0.12832	0.12739	0.74429
321 T	0.13345	0.12229	0.74426
322 A	0.13696	0.12041	0.74263
323 A	0.13976	0.11644	0.7438
324 A	0.14508	0.10845	0.74647
325 T	0.15188	0.10298	0.74514
326 T	0.15320	0.11974	0.72705
327 A	0.15031	0.16290	0.68679
328 A	0.15165	0.17624	0.67211
329 T	0.15377	0.19263	0.6536
330 T	0.15175	0.21298	0.63528
331 A	0.14709	0.22930	0.62361
332 T	0.14381	0.24230	0.61389
333 A	0.13751	0.25012	0.61237
334 A	0.13572	0.25180	0.61248
335 G	0.13570	0.25170	0.6126
336 A	0.13693	0.25041	0.61266
337 C	0.13924	0.24780	0.61296
338 C	0.14426	0.24263	0.61311
339 T	0.14945	0.23742	0.61312
340 A	0.15220	0.23458	0.61323
341 C	0.15777	0.22883	0.6134
342 T	0.16266	0.22390	0.61344
343 T	0.16575	0.22075	0.6135
344 C	0.16618	0.22004	0.61378
345 A	0.16763	0.21846	0.61391
346 G	0.17037	0.21563	0.614
347 A	0.17681	0.20866	0.61453
348 A	0.18885	0.19614	0.61501
349 G	0.21852	0.16582	0.61565
350 T	0.27380	0.10499	0.62122
351 A	0.29788	0.07786	0.62426
352 T	0.32054	0.05295	0.62651
353 T	0.33344	0.03717	0.62939
354 A	0.33846	0.03342	0.62812
355 T	0.34424	0.02543	0.63033
356 T	0.34397	0.02472	0.63131
357 T	0.34130	0.02705	0.63165
358 T	0.33525	0.03351	0.63124
359 C	0.32402	0.04750	0.62848
360 T	0.31501	0.06088	0.62412
361 C	0.29346	0.08559	0.62095
362 A	0.28077	0.10502	0.61421
363 A	0.27756	0.11118	0.61126
364 T	0.27664	0.11451	0.60885
365 A	0.27588	0.11686	0.60727
366 T	0.27555	0.11760	0.60685
367 T	0.27504	0.11741	0.60755
368 A	0.27417	0.11784	0.60799
369 T	0.27338	0.11827	0.60835
370 G	0.27162	0.12016	0.60822
371 C	0.27083	0.12113	0.60805
372 A	0.27037	0.12266	0.60697
373 A	0.27026	0.12409	0.60565
374 A	0.27023	0.12471	0.60505
375 A	0.27097	0.12442	0.60461
376 A	0.27308	0.12252	0.6044
377 A	0.27777	0.11698	0.60524
378 A	0.27978	0.11366	0.60656
379 A	0.28464	0.10530	0.61006
380 T	0.28971	0.09393	0.61636
381 A	0.29293	0.08168	0.62539
382 T	0.30003	0.06232	0.63765
383 T	0.30408	0.04969	0.64622
384 T	0.30630	0.03226	0.66145
385 T	0.30786	0.02274	0.6694
386 C	0.30803	0.02198	0.66998
387 T	0.30839	0.02174	0.66986
388 T	0.30775	0.02245	0.66979
389 A	0.30595	0.02434	0.6697
390 T	0.30406	0.02576	0.67018
391 C	0.29988	0.02980	0.67032
392 G	0.29704	0.03274	0.67022
393 T	0.29689	0.03200	0.67111
394 G	0.29594	0.03336	0.67071
395 A	0.29576	0.03505	0.6692
396 T	0.29664	0.03413	0.66922
397 C	0.29625	0.03407	0.66968
398 T	0.29530	0.03528	0.66942
399 A	0.29327	0.03744	0.66929
400 C	0.29223	0.03853	0.66924
401 C	0.29179	0.03942	0.66878
402 T	0.29133	0.04162	0.66705
403 A	0.29009	0.04727	0.66265
404 A	0.29003	0.04906	0.66091
405 A	0.29018	0.04999	0.65984
406 T	0.29083	0.04985	0.65932
407 T	0.29105	0.04959	0.65935
408 A	0.29086	0.04982	0.65932
409 T	0.29244	0.04724	0.66033
410 T	0.29223	0.04662	0.66115
411 T	0.29166	0.04587	0.66246
412 A	0.29038	0.04603	0.66359
413 A	0.28991	0.04449	0.6656
414 T	0.29017	0.04035	0.66948
415 C	0.29031	0.03743	0.67226
416 A	0.28976	0.03810	0.67214
417 A	0.29051	0.03699	0.67251
418 T	0.29211	0.03494	0.67295
419 G	0.29190	0.03489	0.67321
420 G	0.29164	0.03456	0.6738
421 T	0.29165	0.03306	0.67529
422 G	0.29097	0.03234	0.67668
423 C	0.29054	0.03316	0.6763
424 A	0.29097	0.03654	0.67249
425 A	0.29263	0.03584	0.67153
426 T	0.29703	0.03206	0.67092
427 G	0.29865	0.03281	0.66854
428 T	0.29986	0.03382	0.66632
429 T	0.29986	0.03373	0.66641
430 G	0.29773	0.03606	0.66621
431 T	0.29607	0.03843	0.6655
432 A	0.29462	0.04161	0.66377
433 C	0.29401	0.04316	0.66282
434 G	0.29301	0.05307	0.65392
435 T	0.29280	0.05832	0.64888
436 T	0.29143	0.06440	0.64416
437 G	0.28447	0.07602	0.6395
438 G	0.26661	0.09731	0.63608
439 G	0.25838	0.10777	0.63385
440 A	0.25081	0.11864	0.63054
441 A	0.24060	0.13122	0.62818
442 A	0.23635	0.13564	0.62801
443 A	0.23362	0.13859	0.6278
444 A	0.23097	0.14172	0.6273
445 A	0.22940	0.14342	0.62718
446 C	0.23061	0.14197	0.62741
447 T	0.23338	0.14154	0.62508
448 A	0.22982	0.14939	0.6208
449 A	0.22574	0.15759	0.61668
450 T	0.22334	0.16049	0.61616
451 A	0.21255	0.17147	0.61598
452 A	0.20318	0.18016	0.61667
453 A	0.19908	0.18165	0.61927
454 C	0.20017	0.17771	0.62211
455 C	0.20223	0.17405	0.62372
456 A	0.20639	0.16957	0.62404
457 T	0.21965	0.15554	0.62482
458 T	0.22536	0.14929	0.62535
459 T	0.22699	0.14697	0.62604
460 T	0.22550	0.14283	0.63167
461 T	0.22193	0.12871	0.64936
462 A	0.21667	0.12663	0.6567
463 A	0.21283	0.12320	0.66397
464 G	0.21149	0.11572	0.67278
465 A	0.21028	0.11526	0.67447
466 A	0.20968	0.11442	0.6759
467 G	0.20666	0.11649	0.67685
468 T	0.20521	0.11859	0.6762
469 A	0.19807	0.13132	0.67061
470 A	0.19678	0.14193	0.6613
471 A	0.19994	0.13836	0.66169
472 G	0.20367	0.13229	0.66404
473 A	0.20468	0.12911	0.6662
474 A	0.20567	0.11928	0.67505
475 T	0.20661	0.11263	0.68077
476 T	0.20671	0.11286	0.68043
477 T	0.20657	0.11948	0.67395
478 T	0.20587	0.12673	0.6674
479 T	0.20439	0.13231	0.66331
480 A	0.20226	0.13506	0.66267
481 T	0.20043	0.13577	0.6638
482 G	0.19698	0.13584	0.66718
483 G	0.19332	0.13624	0.67044
484 C	0.19154	0.13750	0.67096
485 A	0.18693	0.15179	0.66127
486 A	0.18441	0.15998	0.65561
487 G	0.18470	0.16502	0.65028
488 A	0.18665	0.16759	0.64575
489 A	0.18808	0.16581	0.64611
490 G	0.19135	0.15754	0.65112
491 G	0.19522	0.15136	0.65343
492 G	0.20126	0.14124	0.6575
493 C	0.21066	0.13042	0.65893
494 A	0.21279	0.13306	0.65414
495 T	0.21589	0.13439	0.64972
496 A	0.21380	0.14527	0.64093
497 C	0.21347	0.15505	0.63149
498 A	0.21391	0.15993	0.62615
499 G	0.21917	0.15834	0.62249
500 T	0.22737	0.15203	0.6206
501 T	0.23296	0.14829	0.61875
502 C	0.23414	0.14566	0.6202
503 A	0.23363	0.14458	0.62179
504 T	0.23099	0.14569	0.62332
505 G	0.21907	0.15520	0.62573
506 C	0.21333	0.15868	0.62799
507 A	0.21145	0.16072	0.62783
508 A	0.21590	0.15345	0.63066
509 C	0.21519	0.15406	0.63075
510 T	0.20888	0.17019	0.62093
511 A	0.19964	0.19734	0.60302
512 A	0.18963	0.21550	0.59488
513 A	0.17949	0.23429	0.58621
514 A	0.17342	0.24411	0.58247
515 A	0.17273	0.24466	0.58262
516 A	0.16282	0.25276	0.58442
517 G	0.16330	0.24716	0.58954
518 A	0.16561	0.24233	0.59206
519 A	0.17047	0.23329	0.59624
520 G	0.18061	0.22005	0.59934
521 C	0.18687	0.21167	0.60145
522 T	0.18752	0.21393	0.59855
523 A	0.18341	0.22091	0.59568
524 T	0.18170	0.22445	0.59385
525 T	0.16881	0.24159	0.5896
526 A	0.13694	0.28021	0.58286
527 A	0.11588	0.30047	0.58365
528 A	0.10145	0.30553	0.59302
529 G	0.09545	0.30286	0.60168
530 A	0.09285	0.30113	0.60602
531 A	0.09361	0.29433	0.61207
532 A	0.09721	0.28185	0.62094
533 C	0.10893	0.25309	0.63798
534 T	0.12707	0.22751	0.64542
535 A	0.13328	0.21426	0.65246
536 T	0.14083	0.19917	0.66
537 T	0.14161	0.19253	0.66586
538 A	0.13812	0.19385	0.66803
539 C	0.13404	0.18461	0.68136
540 A	0.13140	0.18336	0.68524
541 A	0.13135	0.18122	0.68743
542 T	0.13290	0.17591	0.69119
543 A	0.13329	0.17420	0.69251
544 T	0.13597	0.17020	0.69383
545 T	0.13852	0.15720	0.70428
546 G	0.13738	0.15412	0.7085
547 A	0.13767	0.15883	0.7035
548 A	0.14097	0.14970	0.70934
549 T	0.14719	0.11878	0.73403
550 T	0.14943	0.11013	0.74043
551 T	0.14796	0.12284	0.7292
552 A	0.13999	0.15156	0.70846
553 T	0.13360	0.17455	0.69185
554 A	0.11665	0.23413	0.64921
555 T	0.10786	0.25999	0.63215
556 A	0.09566	0.28349	0.62085
557 A	0.08388	0.30700	0.60912
558 A	0.07989	0.32786	0.59225
559 A	0.07906	0.33718	0.58376
560 A	0.07863	0.33967	0.58169
561 A	0.07889	0.33973	0.58137
562 T	0.07935	0.33861	0.58203
563 T	0.07949	0.34062	0.57989
564 A	0.07815	0.34755	0.5743
565 G	0.07793	0.35163	0.57044
566 G	0.07845	0.35271	0.56884
567 A	0.07892	0.35372	0.56736
568 A	0.08098	0.35145	0.56756
569 A	0.08664	0.34311	0.57025
570 A	0.09803	0.33039	0.57158
571 G	0.10726	0.31868	0.57406
572 A	0.11513	0.30948	0.5754
573 A	0.13183	0.28992	0.57825
574 T	0.16020	0.25485	0.58495
575 T	0.18311	0.22295	0.59394
576 A	0.19877	0.19963	0.6016
577 T	0.24369	0.13923	0.61708
578 T	0.26115	0.11348	0.62537
579 A	0.26904	0.09662	0.63434
580 G	0.27830	0.07686	0.64484
581 C	0.29396	0.05754	0.64851
582 T	0.30272	0.04812	0.64915
583 A	0.30600	0.04392	0.65009
584 T	0.31206	0.03677	0.65116
585 T	0.31750	0.03062	0.65187
586 C	0.32197	0.02552	0.65251
587 C	0.32787	0.01840	0.65373
588 T	0.33275	0.01439	0.65286
589 T	0.33442	0.01512	0.65047
590 T	0.33517	0.01731	0.64752
591 T	0.33492	0.02204	0.64304
592 G	0.33393	0.02366	0.64241
593 T	0.33056	0.02832	0.64113
594 T	0.32551	0.03570	0.63879
595 T	0.31732	0.04625	0.63642
596 C	0.29779	0.07130	0.63091
597 A	0.21991	0.16603	0.61406
598 G	0.17699	0.22981	0.5932
599 G	0.14003	0.29195	0.56802
600 A	0.12291	0.32463	0.55247
601 A	0.11223	0.34333	0.54443
602 A	0.10665	0.35221	0.54113
603 A	0.10238	0.35819	0.53943
604 A	0.09998	0.36064	0.53938
605 A	0.09829	0.36234	0.53936
606 A	0.09751	0.36270	0.53979
607 A	0.09691	0.36302	0.54007
608 C	0.09691	0.36210	0.541
609 A	0.09720	0.36160	0.54121
610 C	0.09785	0.36059	0.54156
611 A	0.09938	0.35908	0.54154
612 A	0.10177	0.35659	0.54164
613 T	0.10490	0.35315	0.54196
614 C	0.10804	0.34749	0.54447
615 A	0.10810	0.34653	0.54536
616 G	0.10939	0.33856	0.55205
617 A	0.11222	0.33338	0.55439
618 A	0.11613	0.32597	0.5579
619 A	0.12489	0.30945	0.56565
620 A	0.14392	0.21363	0.64245
621 A	0.16722	0.14773	0.68505
622 T	0.19171	0.08621	0.72208
623 T	0.20250	0.07141	0.72609
624 T	0.20561	0.07218	0.72221
625 A	0.20494	0.08388	0.71118
626 A	0.20438	0.08165	0.71397
627 A	0.20328	0.08044	0.71628
628 G	0.20294	0.07796	0.7191
629 G	0.20300	0.07626	0.72075
630 C	0.20296	0.07513	0.72191
631 G	0.20243	0.07649	0.72108
632 C	0.20214	0.07815	0.71972
633 T	0.20179	0.08427	0.71394
634 G	0.20139	0.10624	0.69237
635 A	0.20138	0.11507	0.68355
636 A	0.20158	0.11898	0.67944
637 T	0.20211	0.11839	0.6795
638 G	0.20257	0.11703	0.6804
639 G	0.20364	0.11543	0.68092
640 A	0.20631	0.11229	0.6814
641 C	0.21153	0.10677	0.6817
642 T	0.22216	0.09704	0.68079
643 T	0.23086	0.08855	0.68059
644 A	0.23537	0.08421	0.68042
645 T	0.24225	0.07727	0.68048
646 T	0.24706	0.07270	0.68024
647 C	0.25132	0.06731	0.68137
648 T	0.25950	0.05966	0.68084
649 A	0.26019	0.06177	0.67804
650 T	0.26070	0.06353	0.67576
651 T	0.26064	0.06730	0.67205
652 G	0.25991	0.07075	0.66934
653 A	0.25992	0.07388	0.6662
654 A	0.26182	0.07371	0.66448
655 G	0.26459	0.07233	0.66307
656 C	0.27234	0.06553	0.66214
657 T	0.29385	0.04787	0.65827
658 T	0.30031	0.04638	0.65331
659 T	0.30232	0.04805	0.64963
660 A	0.30220	0.04902	0.64878
661 A	0.30213	0.04986	0.64801
662 T	0.30186	0.05017	0.64797
663 G	0.30025	0.05196	0.64779
664 C	0.30019	0.05235	0.64747
665 A	0.30038	0.05285	0.64676
666 C	0.30011	0.05371	0.64619
667 G	0.29981	0.05748	0.64271
668 A	0.29938	0.06412	0.63649
669 T	0.29795	0.06703	0.63502
670 A	0.29738	0.07071	0.63191
671 A	0.29851	0.07079	0.63071
672 A	0.30178	0.06745	0.63077
673 C	0.30495	0.06360	0.63145
674 A	0.30860	0.05981	0.63159
675 A	0.31195	0.05575	0.6323
676 G	0.31614	0.05098	0.63288
677 C	0.32076	0.04619	0.63305
678 T	0.32560	0.04132	0.63308
679 C	0.32786	0.03897	0.63317
680 T	0.33039	0.03646	0.63314
681 T	0.33189	0.03498	0.63313
682 C	0.33180	0.03502	0.63319
683 A	0.33102	0.03564	0.63334
684 A	0.33062	0.03588	0.6335
685 G	0.33032	0.03533	0.63435
686 C	0.33025	0.03391	0.63584
687 T	0.33004	0.03500	0.63496
688 G	0.33004	0.03477	0.63519
689 G	0.33042	0.03407	0.63551
690 A	0.33312	0.03167	0.63521
691 A	0.33835	0.02570	0.63594
692 C	0.34019	0.02111	0.6387
693 T	0.34369	0.01660	0.63972
694 T	0.34450	0.01516	0.64033
695 C	0.34429	0.01513	0.64057
696 G	0.34387	0.01563	0.6405
697 C	0.34378	0.01587	0.64034
698 A	0.34376	0.01617	0.64007
699 T	0.34386	0.01630	0.63984
700 T	0.34390	0.01699	0.63911
701 A	0.34378	0.01902	0.6372
702 T	0.34331	0.02113	0.63555
703 T	0.34141	0.02739	0.6312
704 T	0.33766	0.03419	0.62815
705 A	0.33320	0.04074	0.62606
706 G	0.33126	0.04233	0.62641
707 G	0.33031	0.04276	0.62693
708 A	0.32997	0.04296	0.62707
709 A	0.32993	0.04269	0.62738
710 C	0.33096	0.04097	0.62807
711 T	0.33138	0.04309	0.62553
712 A	0.33162	0.04556	0.62282
713 A	0.33212	0.04613	0.62175
714 A	0.33216	0.04707	0.62077
715 T	0.33229	0.04692	0.6208
716 T	0.33226	0.04682	0.62093
717 T	0.33201	0.04687	0.62113
718 T	0.33118	0.04753	0.62129
719 C	0.32893	0.04973	0.62134
720 T	0.32821	0.05141	0.62038
721 A	0.32641	0.05531	0.61829
722 A	0.32568	0.05846	0.61586
723 A	0.32606	0.06145	0.61249
724 A	0.32782	0.06414	0.60804
725 A	0.33013	0.06239	0.60748
726 T	0.33636	0.05358	0.61006
727 T	0.33985	0.04590	0.61425
728 T	0.34167	0.04059	0.61774
729 T	0.34150	0.03980	0.6187
730 C	0.34086	0.04124	0.6179
731 A	0.34095	0.04388	0.61517
732 A	0.34115	0.04474	0.61411
733 A	0.34182	0.04446	0.61371
734 T	0.34505	0.04169	0.61326
735 T	0.34740	0.04065	0.61195
736 A	0.34773	0.04382	0.60844
737 A	0.34832	0.04468	0.607
738 A	0.34858	0.04436	0.60706
739 T	0.34932	0.04301	0.60767
740 T	0.34993	0.04160	0.60847
741 T	0.35050	0.03985	0.60965
742 C	0.35073	0.03798	0.61129
743 A	0.35133	0.03887	0.60979
744 A	0.35275	0.03739	0.60986
745 G	0.35506	0.03455	0.61039
746 A	0.35862	0.03073	0.61065
747 T	0.36369	0.02530	0.611
748 T	0.36526	0.02330	0.61144
749 C	0.36554	0.02282	0.61165
750 T	0.36600	0.02267	0.61133
751 A	0.36630	0.02352	0.61018
752 A	0.36678	0.02376	0.60947
753 T	0.36843	0.02250	0.60906
754 T	0.37079	0.02192	0.60728
755 T	0.37148	0.02328	0.60523
756 A	0.37076	0.02810	0.60115
757 G	0.37087	0.02827	0.60086
758 A	0.37172	0.02767	0.60061
759 T	0.37513	0.02388	0.60099
760 A	0.37634	0.02251	0.60115
761 C	0.37677	0.02193	0.6013
762 T	0.37720	0.02151	0.60129
763 C	0.37726	0.02150	0.60124
764 A	0.37745	0.02173	0.60082
765 A	0.37798	0.02149	0.60053
766 T	0.37958	0.01993	0.60049
767 T	0.38014	0.01952	0.60034
768 T	0.38002	0.01988	0.60009
769 G	0.37962	0.02040	0.59998
770 C	0.37946	0.02068	0.59986
771 T	0.37940	0.02080	0.59979
772 G	0.37925	0.02103	0.59973
773 A	0.37961	0.02074	0.59965
774 A	0.38097	0.01942	0.59962
775 C	0.38239	0.01792	0.5997
776 A	0.38372	0.01656	0.59972
777 A	0.38567	0.01449	0.59984
778 A	0.38796	0.01187	0.60017
779 C	0.39167	0.00708	0.60125
780 T	0.39212	0.00623	0.60165
781 T	0.39237	0.00555	0.60207
782 C	0.39219	0.00558	0.60223
783 T	0.39143	0.00634	0.60223
784 T	0.39044	0.00733	0.60224
785 G	0.38687	0.01082	0.60232
786 G	0.38494	0.01283	0.60223
787 G	0.38433	0.01395	0.60173
788 G	0.38374	0.01567	0.60059
789 G	0.38362	0.01823	0.59815
790 A	0.38390	0.01858	0.59752
791 T	0.38424	0.01828	0.59749
792 T	0.38438	0.01825	0.59736
793 T	0.38439	0.01816	0.59745
794 C	0.38427	0.01826	0.59746
795 T	0.38392	0.01934	0.59674
796 A	0.38317	0.02073	0.59611
797 C	0.38260	0.02150	0.5959
798 A	0.38165	0.02329	0.59506
799 A	0.38115	0.02410	0.59475
800 G	0.38077	0.02464	0.59459
801 A	0.38040	0.02537	0.59423
802 T	0.38029	0.02566	0.59405
803 T	0.38010	0.02583	0.59407
804 A	0.37989	0.02604	0.59408
805 A	0.37972	0.02579	0.59449
806 T	0.37974	0.02424	0.59602
807 A	0.37958	0.02341	0.59701
808 G	0.37958	0.02038	0.60004
809 G	0.37960	0.01898	0.60142
810 A	0.38004	0.01783	0.60213
811 G	0.38111	0.01595	0.60294
812 C	0.38359	0.01331	0.6031
813 T	0.38430	0.01299	0.60271
814 A	0.38439	0.01360	0.60201
815 T	0.38486	0.01329	0.60185
816 G	0.38487	0.01359	0.60154
817 A	0.38500	0.01506	0.59994
818 T	0.38584	0.01484	0.59932
819 T	0.38630	0.01585	0.59785
820 A	0.38600	0.02097	0.59303
821 T	0.38635	0.02175	0.59191
822 G	0.38605	0.02205	0.5919
823 A	0.38597	0.02224	0.59179
824 T	0.38622	0.02181	0.59197
825 T	0.38627	0.02184	0.59188
826 C	0.38598	0.02213	0.59189
827 A	0.38573	0.02293	0.59134
828 T	0.38577	0.02305	0.59118
829 G	0.38561	0.02339	0.591
830 G	0.38559	0.02366	0.59075
831 A	0.38559	0.02411	0.5903
832 G	0.38566	0.02418	0.59016
833 A	0.38576	0.02428	0.58996
834 T	0.38602	0.02407	0.58991
835 G	0.38619	0.02423	0.58958
836 A	0.38668	0.02396	0.58936
837 T	0.38752	0.02310	0.58938
838 G	0.38774	0.02310	0.58916
839 A	0.38816	0.02275	0.58909
840 A	0.38980	0.02123	0.58898
841 G	0.39129	0.01968	0.58904
842 G	0.39373	0.01716	0.5891
843 T	0.39939	0.01150	0.5891
844 T	0.40111	0.01031	0.58857
845 T	0.40153	0.01024	0.58824
846 A	0.40177	0.01155	0.58668
847 G	0.40204	0.01251	0.58545
848 T	0.40239	0.01291	0.5847
849 T	0.40270	0.01247	0.58484
850 T	0.40329	0.01162	0.5851
851 T	0.40353	0.01136	0.58511
852 A	0.40349	0.01133	0.58518
853 C	0.40359	0.01115	0.58526
854 C	0.40392	0.01081	0.58527
855 T	0.40436	0.01051	0.58513
856 C	0.40448	0.01052	0.58499
857 C	0.40398	0.01178	0.58424
858 T	0.40377	0.01567	0.58056
859 T	0.40345	0.01917	0.57738
860 A	0.40275	0.02039	0.57687
861 T	0.40240	0.02120	0.57639
862 A	0.40176	0.02190	0.57634
863 T	0.40179	0.02188	0.57633
864 C	0.40132	0.02234	0.57633
865 G	0.40095	0.02272	0.57634
866 C	0.40132	0.02235	0.57633
867 T	0.40225	0.02146	0.57629
868 C	0.40280	0.02096	0.57624
869 C	0.40429	0.01967	0.57604
870 T	0.40553	0.01858	0.57589
871 A	0.40602	0.01823	0.57575
872 T	0.40620	0.01815	0.57566
873 T	0.40610	0.01837	0.57553
874 C	0.40584	0.01880	0.57536
875 A	0.40435	0.02128	0.57437
876 A	0.40305	0.02286	0.57409
877 A	0.40280	0.02339	0.57381
878 T	0.40300	0.02321	0.57379
879 A	0.40293	0.02334	0.57373
880 G	0.40367	0.02161	0.57472
881 T	0.40718	0.01781	0.57501
882 T	0.40911	0.01635	0.57453
883 A	0.40822	0.01936	0.57242
884 T	0.40595	0.02433	0.56972
885 T	0.40034	0.03063	0.56904
886 A	0.38860	0.04251	0.56889
887 T	0.37740	0.05344	0.56916
888 T	0.35681	0.07340	0.56979
889 C	0.32946	0.10069	0.56985
890 C	0.31018	0.12090	0.56892
891 A	0.29019	0.14171	0.5681
892 C	0.28038	0.15183	0.56779
893 T	0.27227	0.16072	0.56701
894 T	0.26284	0.17102	0.56614
895 C	0.25375	0.18022	0.56603
896 A	0.24802	0.18635	0.56563
897 A	0.24571	0.18856	0.56573
898 T	0.24446	0.18843	0.56711
899 C	0.23925	0.19269	0.56807
900 T	0.22981	0.20338	0.5668
901 C	0.20073	0.23596	0.5633
902 A	0.16967	0.28586	0.54448
903 A	0.14403	0.33969	0.51628
904 A	0.13680	0.36947	0.49372
905 A	0.13360	0.38488	0.48152
906 A	0.13223	0.40184	0.46593
907 A	0.13299	0.41088	0.45613
908 A	0.13246	0.40797	0.45956
909 A	0.12752	0.40404	0.46844
910 G	0.12342	0.40170	0.47488
911 A	0.12112	0.40195	0.47694
912 A	0.12075	0.38786	0.4914
913 G	0.12179	0.37387	0.50434
914 T	0.12310	0.36383	0.51307
915 T	0.12319	0.36123	0.51559
916 T	0.12280	0.36398	0.51322
917 T	0.12137	0.36892	0.5097
918 A	0.11681	0.38604	0.49715
919 G	0.11349	0.40130	0.4852
920 A	0.11145	0.43300	0.45556
921 A	0.11091	0.45408	0.43501
922 A	0.11126	0.45262	0.43612
923 A	0.11353	0.44413	0.44233
924 A	0.11881	0.41184	0.46936
925 G	0.13742	0.36483	0.49775
926 C	0.16628	0.31462	0.5191
927 T	0.18861	0.29466	0.51674
928 A	0.19938	0.29319	0.50742
929 A	0.21507	0.28150	0.50344
930 T	0.23015	0.26931	0.50054
931 A	0.23327	0.27069	0.49604
932 A	0.23874	0.26503	0.49624
933 A	0.24677	0.26088	0.49235
934 T	0.27146	0.24972	0.47881
935 T	0.27818	0.27155	0.45028
936 A	0.26814	0.30150	0.43035
937 T	0.25701	0.34199	0.40099
938 A	0.22175	0.40748	0.37077
939 T	0.20673	0.42591	0.36737
940 A	0.16917	0.46740	0.36344
941 A	0.14736	0.49055	0.36209
942 A	0.14789	0.49202	0.36009
943 C	0.16763	0.47397	0.3584
944 A	0.18134	0.46674	0.35192
945 A	0.18456	0.46862	0.34681
946 T	0.19281	0.46050	0.34669
947 T	0.19454	0.45878	0.34667
948 A	0.19079	0.46263	0.34658
949 T	0.19218	0.46049	0.34733
950 C	0.19205	0.46010	0.34785
951 T	0.19718	0.45505	0.34777
952 A	0.19285	0.46001	0.34714
953 G	0.18855	0.46432	0.34713
954 A	0.18674	0.46651	0.34675
955 A	0.18790	0.46571	0.34639
956 A	0.19675	0.45373	0.34952
957 A	0.21737	0.42891	0.35372
958 T	0.25420	0.37814	0.36766
959 A	0.27266	0.34081	0.38652
960 T	0.30388	0.28168	0.41444
961 A	0.32389	0.22844	0.44768
962 G	0.32573	0.20448	0.46979
963 A	0.32665	0.17046	0.5029
964 G	0.33095	0.13431	0.53474
965 T	0.33686	0.11831	0.54483
966 T	0.33825	0.11039	0.55136
967 G	0.33535	0.12094	0.54372
968 T	0.33423	0.12802	0.53775
969 T	0.31386	0.16318	0.52297
970 T	0.28010	0.21169	0.50821
971 T	0.25304	0.24771	0.49925
972 A	0.20930	0.32120	0.4695
973 G	0.18785	0.37401	0.43814
974 A	0.18012	0.40081	0.41907
975 T	0.17651	0.39979	0.4237
976 A	0.16871	0.40475	0.42654
977 A	0.16528	0.40797	0.42675
978 T	0.16289	0.41358	0.42353
979 C	0.15678	0.43203	0.41118
980 A	0.15172	0.49126	0.35703
981 A	0.14999	0.51055	0.33946
982 A	0.14967	0.51938	0.33094
983 A	0.14976	0.52308	0.32715
984 T	0.15159	0.52314	0.32527
985 A	0.15152	0.52558	0.3229
986 A	0.15341	0.52225	0.32434
987 A	0.15678	0.51769	0.32552
988 A	0.16324	0.50970	0.32707
989 A	0.17183	0.49449	0.33369
990 T	0.19147	0.45914	0.34939
991 A	0.20289	0.43618	0.36093
992 T	0.22616	0.38043	0.39341
993 T	0.24115	0.33275	0.4261
994 G	0.25208	0.30082	0.4471
995 G	0.27372	0.25595	0.47033
996 T	0.30513	0.21422	0.48064
997 T	0.31669	0.20007	0.48324
998 G	0.30711	0.21168	0.48121
999 G	0.30513	0.21753	0.47734
1000 A	0.30874	0.22741	0.46385
1001 A	0.31460	0.24444	0.44096
1002 A	0.33113	0.25174	0.41712
1003 T	0.38866	0.20940	0.40194
1004 T	0.40223	0.21237	0.38541
1005 T	0.40337	0.21520	0.38143
1006 A	0.39675	0.22688	0.37637
1007 G	0.39344	0.23133	0.37524
1008 T	0.39649	0.22907	0.37444
1009 C	0.39648	0.23083	0.37269
1010 A	0.39752	0.23046	0.37202
1011 T	0.39882	0.22945	0.37173
1012 T	0.39703	0.23156	0.37142
1013 A	0.38787	0.24117	0.37096
1014 C	0.35824	0.27114	0.37063
1015 G	0.33343	0.29700	0.36957
1016 A	0.31432	0.31833	0.36735
1017 A	0.30989	0.32582	0.3643
1018 T	0.31263	0.32368	0.36369
1019 T	0.30141	0.33631	0.36228
1020 A	0.26913	0.36884	0.36202
1021 A	0.21935	0.41112	0.36954
1022 A	0.19617	0.43025	0.37358
1023 A	0.19412	0.42926	0.37661
1024 G	0.21508	0.40391	0.381
1025 G	0.24257	0.37374	0.38369
1026 T	0.26325	0.35042	0.38633
1027 A	0.27343	0.33707	0.3895
1028 T	0.27598	0.32971	0.3943
1029 T	0.27628	0.32263	0.40109
1030 C	0.27047	0.32415	0.40538
1031 C	0.26141	0.33225	0.40634
1032 A	0.25096	0.34295	0.40609
1033 T	0.24682	0.34702	0.40617
1034 T	0.23620	0.35932	0.40448
1035 G	0.20416	0.39748	0.39837
1036 A	0.17944	0.42531	0.39526
1037 G	0.16545	0.41151	0.42303
1038 A	0.15941	0.39504	0.44555
1039 A	0.15884	0.37169	0.46947
1040 T	0.16099	0.35632	0.48268
1041 A	0.16122	0.34909	0.48969
1042 G	0.16275	0.33128	0.50597
1043 A	0.16523	0.30416	0.53061
1044 A	0.16731	0.25713	0.57556
1045 T	0.16921	0.23496	0.59583
1046 T	0.16451	0.25040	0.58509
1047 A	0.15912	0.29046	0.55043
1048 G	0.15668	0.32139	0.52193
1049 G	0.15510	0.34087	0.50403
1050 A	0.15351	0.36924	0.47725
1051 T	0.15209	0.40588	0.44204
1052 T	0.15004	0.44729	0.40267
1053 A	0.14473	0.51697	0.3383
1054 A	0.14113	0.54643	0.31245
1055 G	0.14045	0.54256	0.31699
1056 A	0.14105	0.55626	0.30268
1057 G	0.14381	0.56104	0.29515
1058 A	0.15143	0.57248	0.27609
1059 T	0.16072	0.55092	0.28835
1060 T	0.16354	0.54626	0.2902
1061 T	0.16452	0.55188	0.2836
1062 A	0.16265	0.56244	0.27492
1063 C	0.16137	0.56645	0.27219
1064 A	0.15985	0.57741	0.26273
1065 A	0.15845	0.58306	0.2585
1066 G	0.16168	0.58294	0.25538
1067 A	0.17159	0.58722	0.24119
1068 A	0.18244	0.59512	0.22244
1069 A	0.21105	0.57633	0.21263
1070 A	0.25490	0.53545	0.20964
1071 T	0.29693	0.49894	0.20414
1072 A	0.31638	0.49864	0.18497
1073 A	0.34461	0.48487	0.17052
1074 T	0.38388	0.45401	0.16211
1075 A	0.42055	0.41820	0.16125
1076 T	0.48014	0.35512	0.16474
1077 T	0.49555	0.33744	0.16701
1078 A	0.49033	0.34245	0.16722
1079 C	0.49484	0.33714	0.16802
1080 A	0.50472	0.32738	0.1679
1081 A	0.54364	0.28837	0.16799
1082 T	0.56290	0.26870	0.16841
1083 C	0.57427	0.25711	0.16862
1084 T	0.58606	0.24565	0.1683
1085 T	0.57927	0.25188	0.16886
1086 T	0.54652	0.28515	0.16833
1087 A	0.43928	0.39282	0.16789
1088 C	0.36289	0.46937	0.16774
1089 A	0.29680	0.53513	0.16807
1090 A	0.26531	0.56652	0.16817
1091 G	0.25593	0.57491	0.16916
1092 A	0.24475	0.58554	0.16972
1093 C	0.23826	0.59049	0.17124
1094 A	0.24175	0.58601	0.17225
1095 T	0.25853	0.56809	0.17339
1096 A	0.26911	0.55718	0.17371
1097 A	0.27682	0.54802	0.17516
1098 T	0.28041	0.53916	0.18044
1099 T	0.27791	0.52434	0.19774
1100 T	0.26663	0.52373	0.20965
1101 T	0.24089	0.55342	0.20569
1102 A	0.16316	0.65639	0.18045
1103 A	0.11628	0.73326	0.15046
1104 A	0.08937	0.77509	0.13554
1105 A	0.07890	0.79399	0.12711
1106 A	0.07370	0.79797	0.12832
1107 A	0.07084	0.79435	0.13481
1108 A	0.07163	0.77438	0.15399
1109 A	0.07298	0.73547	0.19154
1110 A	0.07349	0.63172	0.29479
1111 A	0.07606	0.55778	0.36616
1112 T	0.07856	0.49270	0.42874
1113 A	0.07905	0.46116	0.45978
1114 A	0.07935	0.43983	0.48081
1115 T	0.07891	0.41935	0.50173
1116 T	0.07773	0.42571	0.49657
1117 A	0.07175	0.47099	0.45725
1118 A	0.06583	0.52940	0.40477
1119 A	0.06148	0.63612	0.3024
1120 G	0.05765	0.69804	0.24431
1121 A	0.05711	0.73467	0.20822
1122 A	0.06181	0.74070	0.19749
1123 G	0.07170	0.71225	0.21604
1124 A	0.09033	0.66915	0.24052
1125 G	0.12064	0.56575	0.31361
1126 T	0.15386	0.49612	0.35001
1127 C	0.16676	0.46291	0.37034
1128 T	0.17674	0.45326	0.36999
1129 T	0.17891	0.45441	0.36668
1130 T	0.17926	0.45759	0.36315
1131 A	0.17769	0.46252	0.35978
1132 T	0.17767	0.46353	0.3588
1133 T	0.17644	0.46578	0.35777
1134 G	0.16934	0.48273	0.34793
1135 A	0.16632	0.50235	0.33133
1136 A	0.16718	0.51892	0.3139
1137 A	0.16580	0.54225	0.29195
1138 G	0.17371	0.55052	0.27577
1139 A	0.19681	0.56355	0.23964
1140 A	0.24564	0.51246	0.2419
1141 A	0.30761	0.44445	0.24794
1142 T	0.42512	0.32184	0.25304
1143 T	0.48864	0.25384	0.25752
1144 C	0.51703	0.22418	0.2588
1145 C	0.52899	0.21219	0.25882
1146 T	0.53236	0.21014	0.2575
1147 A	0.53362	0.21150	0.25488
1148 T	0.53594	0.21142	0.25264
1149 T	0.53857	0.21239	0.24904
1150 T	0.53371	0.22548	0.24081
1151 T	0.51960	0.25597	0.22442
1152 A	0.46580	0.34290	0.19129
1153 T	0.42504	0.39408	0.18088
1154 T	0.33463	0.50109	0.16428
1155 A	0.25048	0.60621	0.1433
1156 A	0.22485	0.63247	0.14268
1157 A	0.22247	0.62758	0.14996
1158 A	0.23233	0.61233	0.15534
1159 A	0.24901	0.58873	0.16226
1160 C	0.27248	0.55681	0.17071
1161 C	0.29044	0.53755	0.17201
1162 A	0.31851	0.51002	0.17147
1163 T	0.31413	0.51544	0.17043
1164 T	0.30314	0.52839	0.16848
1165 C	0.29163	0.54260	0.16577
1166 A	0.27943	0.56109	0.15947
1167 T	0.27375	0.56823	0.15802
1168 A	0.26143	0.58484	0.15373
1169 A	0.25823	0.59258	0.1492
1170 A	0.25156	0.60114	0.14731
1171 G	0.24762	0.60434	0.14804
1172 A	0.24760	0.60002	0.15238
1173 A	0.24932	0.58316	0.16752
1174 A	0.26822	0.54159	0.19019
1175 T	0.30855	0.44068	0.25077
1176 G	0.31765	0.38618	0.29617
1177 T	0.33154	0.28905	0.37941
1178 T	0.33954	0.21631	0.44415
1179 T	0.33218	0.20871	0.45911
1180 C	0.31006	0.23780	0.45214
1181 A	0.27056	0.33901	0.39043
1182 A	0.25433	0.39533	0.35034
1183 A	0.24274	0.41297	0.34429
1184 A	0.23556	0.42973	0.33471
1185 A	0.23155	0.44094	0.32751
1186 G	0.22839	0.42405	0.34755
1187 C	0.22829	0.40612	0.36558
1188 T	0.23088	0.39501	0.37411
1189 T	0.23259	0.39054	0.37686
1190 C	0.22970	0.39302	0.37729
1191 G	0.23120	0.39680	0.372
1192 A	0.23477	0.39669	0.36854
1193 A	0.23781	0.38674	0.37544
1194 T	0.24752	0.37137	0.38112
1195 T	0.25600	0.36171	0.38229
1196 T	0.25859	0.35814	0.38327
1197 T	0.25753	0.37719	0.36527
1198 T	0.25242	0.39646	0.35113
1199 T	0.24698	0.41642	0.3366
1200 A	0.23416	0.46175	0.30409
1201 A	0.22850	0.48596	0.28554
1202 A	0.22647	0.49501	0.27851
1203 A	0.23301	0.48655	0.28044
1204 G	0.28187	0.41953	0.2986
1205 A	0.31627	0.39292	0.29082
1206 A	0.31943	0.39166	0.28892
1207 A	0.32832	0.38882	0.28285
1208 A	0.33853	0.37910	0.28236
1209 T	0.34597	0.36929	0.28474
1210 A	0.34116	0.37919	0.27965
1211 T	0.33994	0.38787	0.27219
1212 A	0.33242	0.41471	0.25287
1213 T	0.32035	0.45586	0.22378
1214 T	0.28609	0.50748	0.20643
1215 A	0.20401	0.60148	0.19451
1216 G	0.16620	0.64694	0.18686
1217 A	0.15235	0.66189	0.18576
1218 A	0.14977	0.66424	0.18599
1219 G	0.15878	0.65231	0.18891
1220 T	0.18849	0.61798	0.19353
1221 C	0.19985	0.59961	0.20053
1222 A	0.20832	0.58789	0.2038
1223 C	0.22895	0.56098	0.21007
1224 A	0.23753	0.55235	0.21012
1225 A	0.24202	0.54671	0.21127
1226 C	0.25806	0.52488	0.21706
1227 T	0.27778	0.49864	0.22358
1228 T	0.29405	0.48140	0.22455
1229 A	0.29686	0.47334	0.22981
1230 T	0.30415	0.46229	0.23356
1231 G	0.29933	0.46366	0.23702
1232 A	0.29133	0.46172	0.24695
1233 A	0.29709	0.44263	0.26028
1234 G	0.31035	0.41164	0.27802
1235 A	0.33549	0.36927	0.29523
1236 T	0.37316	0.30141	0.32543
1237 T	0.38517	0.24677	0.36806
1238 T	0.37656	0.19912	0.42432
1239 T	0.34835	0.22956	0.42208
1240 A	0.29603	0.35223	0.35175
1241 A	0.25171	0.49117	0.25712
1242 A	0.20769	0.58585	0.20646
1243 A	0.17063	0.66098	0.16839
1244 A	0.15330	0.68754	0.15917
1245 A	0.13787	0.69821	0.16393
1246 A	0.13183	0.69826	0.16991
1247 A	0.13054	0.68968	0.17978
1248 T	0.12993	0.67704	0.19302
1249 C	0.12540	0.67318	0.20142
1250 T	0.12176	0.68408	0.19417
1251 T	0.11224	0.71519	0.17258
1252 A	0.09393	0.76018	0.14588
1253 A	0.08373	0.78931	0.12695
1254 A	0.07323	0.81140	0.11536
1255 A	0.06654	0.81780	0.11565
1256 A	0.06317	0.82364	0.11319
1257 T	0.06354	0.82616	0.11031
1258 A	0.06221	0.83442	0.10337
1259 A	0.06335	0.83317	0.10349
1260 A	0.06893	0.81835	0.11271
1261 G	0.08090	0.78356	0.13554
1262 G	0.10913	0.72204	0.16883
1263 A	0.19211	0.59850	0.20938
1264 T	0.29370	0.45943	0.24686
1265 A	0.34119	0.37821	0.2806
1266 T	0.37743	0.30779	0.31478
1267 A	0.38589	0.28487	0.32923
1268 T	0.38762	0.26750	0.34487
1269 T	0.38659	0.26415	0.34927
1270 A	0.38269	0.26848	0.34883
1271 A	0.38159	0.26834	0.35008
1272 A	0.38318	0.26248	0.35435
1273 A	0.39488	0.24521	0.35991
1274 T	0.42153	0.20739	0.37107
1275 G	0.44040	0.17604	0.38356
1276 A	0.45578	0.16045	0.38377
1277 G	0.47042	0.14590	0.38367
1278 T	0.48247	0.14525	0.37229
1279 G	0.48437	0.17185	0.34378
1280 T	0.48718	0.21066	0.30216
1281 T	0.46967	0.26993	0.2604
1282 T	0.41133	0.36947	0.2192
1283 A	0.32378	0.48419	0.19204
1284 T	0.25163	0.57567	0.1727
1285 G	0.15980	0.68136	0.15883
1286 A	0.11137	0.73144	0.15718
1287 G	0.07884	0.76485	0.1563
1288 A	0.06144	0.78366	0.1549
1289 A	0.05679	0.78885	0.15436
1290 C	0.05548	0.78923	0.15529
1291 G	0.05401	0.79082	0.15517
1292 A	0.05445	0.79007	0.15548
1293 A	0.05644	0.78628	0.15728
1294 G	0.05817	0.78293	0.15891
1295 C	0.06041	0.77945	0.16014
1296 A	0.06118	0.77928	0.15954
1297 G	0.06353	0.77607	0.16041
1298 A	0.06800	0.76939	0.1626
1299 A	0.07806	0.75730	0.16464
1300 A	0.09085	0.74365	0.1655
1301 A	0.11363	0.71625	0.17012
1302 A	0.15579	0.66001	0.18421
1303 A	0.20933	0.57829	0.21237
1304 T	0.25996	0.46539	0.27465
1305 T	0.29502	0.34743	0.35755
1306 A	0.30772	0.28427	0.408
1307 T	0.31843	0.23163	0.44994
1308 T	0.31794	0.19528	0.48679
1309 A	0.30877	0.22698	0.46424
1310 A	0.30199	0.24011	0.4579
1311 A	0.28387	0.30693	0.4092
1312 G	0.27225	0.38065	0.3471
1313 A	0.25778	0.49024	0.25199
1314 A	0.22206	0.62251	0.15543
1315 G	0.20301	0.65197	0.14502
1316 A	0.19391	0.66963	0.13646
1317 A	0.18596	0.68708	0.12697
1318 A	0.18300	0.69151	0.12549
1319 C	0.18266	0.69063	0.12671
1320 A	0.18243	0.69543	0.12214
1321 G	0.18296	0.69428	0.12276
1322 G	0.18357	0.69340	0.12304
1323 A	0.18442	0.69246	0.12311
1324 G	0.18636	0.69024	0.1234
1325 C	0.18925	0.68612	0.12463
1326 G	0.19353	0.68151	0.12496
1327 A	0.19947	0.67506	0.12547
1328 C	0.20930	0.66381	0.1269
1329 A	0.22287	0.64961	0.12753
