# lcl|CP097583.1_cds_USQ93536.1_1
# AA	inside	membr	outside
1 A	0.65076	0.00000	0.34924
2 T	0.64972	0.00104	0.34924
3 G	0.64861	0.00215	0.34924
4 A	0.64861	0.01269	0.33869
5 A	0.63241	0.03108	0.33651
6 A	0.63241	0.03144	0.33616
7 G	0.60556	0.05834	0.33611
8 C	0.60555	0.05834	0.3361
9 C	0.59844	0.06558	0.33597
10 A	0.59842	0.09171	0.30987
11 A	0.59684	0.09513	0.30804
12 A	0.58000	0.11294	0.30705
13 T	0.56128	0.13228	0.30645
14 A	0.56127	0.13229	0.30645
15 T	0.56127	0.13828	0.30046
16 T	0.56026	0.13928	0.30045
17 C	0.55716	0.14266	0.30018
18 T	0.55702	0.14314	0.29984
19 T	0.55008	0.15044	0.29948
20 T	0.45137	0.25742	0.2912
21 T	0.17789	0.53091	0.2912
22 C	0.14130	0.56768	0.29102
23 A	0.11025	0.59894	0.29082
24 A	0.09946	0.60980	0.29074
25 A	0.09341	0.61439	0.2922
26 C	0.08930	0.61730	0.29341
27 A	0.09288	0.61390	0.29321
28 A	0.09105	0.60323	0.30571
29 T	0.08057	0.61332	0.30611
30 A	0.06760	0.61148	0.32092
31 G	0.05916	0.62349	0.31735
32 A	0.05510	0.62879	0.31611
33 A	0.06663	0.62017	0.3132
34 A	0.06492	0.62214	0.31294
35 A	0.06423	0.60959	0.32618
36 A	0.06286	0.59640	0.34074
37 G	0.05799	0.60094	0.34107
38 A	0.06055	0.59924	0.34021
39 A	0.05408	0.60856	0.33737
40 A	0.05427	0.59982	0.34591
41 G	0.05279	0.57731	0.36991
42 A	0.05325	0.56122	0.38553
43 T	0.05935	0.45753	0.48313
44 A	0.05353	0.26675	0.67972
45 T	0.05100	0.23489	0.71411
46 C	0.04580	0.22368	0.73052
47 A	0.04270	0.26874	0.68855
48 A	0.04191	0.28398	0.67412
49 A	0.04058	0.28613	0.67329
50 A	0.04119	0.28267	0.67614
51 G	0.04324	0.27561	0.68115
52 T	0.04666	0.25441	0.69894
53 G	0.04779	0.24354	0.70867
54 G	0.05113	0.23620	0.71267
55 T	0.05938	0.23677	0.70385
56 T	0.06266	0.23851	0.69883
57 A	0.06332	0.26479	0.67189
58 A	0.06433	0.31378	0.62189
59 A	0.06599	0.32230	0.61172
60 T	0.06777	0.32788	0.60436
61 A	0.06658	0.35058	0.58284
62 A	0.07482	0.35103	0.57415
63 A	0.07912	0.36074	0.56013
64 G	0.08363	0.35898	0.55739
65 A	0.08949	0.35185	0.55866
66 T	0.10453	0.33470	0.56078
67 T	0.12695	0.30750	0.56556
68 A	0.13370	0.29888	0.56742
69 C	0.14463	0.28262	0.57275
70 T	0.17500	0.25127	0.57373
71 T	0.18193	0.24620	0.57187
72 T	0.17681	0.25642	0.56677
73 A	0.15894	0.27718	0.56388
74 G	0.14424	0.29518	0.56058
75 A	0.13461	0.30925	0.55614
76 A	0.12268	0.32768	0.54964
77 C	0.11976	0.33422	0.54603
78 T	0.12850	0.34651	0.52499
79 G	0.12159	0.37029	0.50811
80 A	0.13892	0.36786	0.49323
81 A	0.17368	0.34229	0.48403
82 A	0.18093	0.33841	0.48065
83 A	0.19459	0.32496	0.48045
84 T	0.22070	0.29548	0.48381
85 A	0.23196	0.28368	0.48435
86 A	0.24517	0.26957	0.48527
87 T	0.25233	0.26185	0.48582
88 T	0.25344	0.26146	0.48511
89 T	0.25301	0.26247	0.48452
90 T	0.24863	0.26825	0.48312
91 A	0.24335	0.27450	0.48214
92 A	0.23956	0.27804	0.4824
93 A	0.23735	0.27942	0.48323
94 A	0.23823	0.27544	0.48633
95 A	0.24234	0.26337	0.49429
96 A	0.24577	0.24194	0.5123
97 A	0.25028	0.22175	0.52797
98 A	0.25761	0.20126	0.54113
99 A	0.26992	0.16720	0.56287
100 G	0.28213	0.14010	0.57777
101 T	0.30962	0.10123	0.58914
102 T	0.32585	0.07188	0.60227
103 T	0.33420	0.05741	0.60839
104 T	0.33765	0.04804	0.61431
105 T	0.33892	0.04247	0.61861
106 A	0.33921	0.04188	0.61891
107 C	0.33979	0.03983	0.62038
108 T	0.33968	0.04249	0.61782
109 A	0.33819	0.04619	0.61563
110 T	0.33899	0.04595	0.61506
111 T	0.33757	0.04898	0.61344
112 G	0.33620	0.05250	0.6113
113 T	0.33692	0.05265	0.61042
114 T	0.33682	0.05019	0.61298
115 A	0.33586	0.04919	0.61495
116 T	0.33564	0.04885	0.61551
117 T	0.32962	0.05471	0.61567
118 C	0.31722	0.06679	0.61599
119 C	0.30204	0.08260	0.61536
120 A	0.29431	0.09060	0.61509
121 C	0.29006	0.09486	0.61508
122 C	0.28767	0.09730	0.61503
123 T	0.28696	0.09816	0.61489
124 C	0.28571	0.09958	0.61471
125 C	0.28477	0.10080	0.61443
126 A	0.28412	0.10187	0.61401
127 A	0.28430	0.10204	0.61365
128 A	0.28453	0.10195	0.61352
129 T	0.28624	0.10024	0.61352
130 A	0.28659	0.09950	0.61391
131 T	0.28980	0.09359	0.61661
132 T	0.29121	0.08922	0.61957
133 A	0.29049	0.08898	0.62053
134 C	0.29131	0.08495	0.62374
135 A	0.29298	0.08343	0.6236
136 G	0.29680	0.07981	0.62339
137 G	0.29869	0.07857	0.62275
138 A	0.30021	0.07639	0.62341
139 A	0.30234	0.07351	0.62415
140 A	0.30375	0.06421	0.63204
141 A	0.30496	0.05010	0.64494
142 C	0.30630	0.03163	0.66206
143 T	0.30723	0.02449	0.66829
144 T	0.30728	0.02139	0.67133
145 C	0.30695	0.02214	0.67091
146 A	0.30693	0.02745	0.66562
147 T	0.30693	0.03035	0.66273
148 T	0.30650	0.03463	0.65887
149 T	0.30567	0.03977	0.65456
150 A	0.30404	0.04267	0.65329
151 G	0.30198	0.04457	0.65344
152 G	0.30059	0.04524	0.65417
153 G	0.29858	0.04628	0.65514
154 C	0.29726	0.04699	0.65575
155 A	0.29608	0.04800	0.65592
156 C	0.29574	0.04770	0.65656
157 G	0.29528	0.04854	0.65617
158 C	0.29393	0.04999	0.65608
159 C	0.29222	0.05264	0.65514
160 T	0.29174	0.05542	0.65285
161 G	0.28908	0.06002	0.65091
162 G	0.28727	0.06323	0.6495
163 A	0.28577	0.06556	0.64866
164 A	0.28454	0.06680	0.64866
165 T	0.28437	0.06658	0.64905
166 A	0.28383	0.06688	0.6493
167 A	0.28464	0.06556	0.64981
168 C	0.28702	0.06212	0.65087
169 A	0.29171	0.05702	0.65126
170 C	0.29529	0.05267	0.65204
171 T	0.30107	0.04648	0.65245
172 T	0.30472	0.04242	0.65286
173 T	0.30435	0.04236	0.65329
174 A	0.30073	0.04461	0.65465
175 C	0.29627	0.04804	0.6557
176 A	0.29249	0.05030	0.65721
177 A	0.28779	0.05405	0.65817
178 G	0.28452	0.05618	0.6593
179 A	0.28307	0.05815	0.65878
180 T	0.28323	0.05827	0.65849
181 A	0.28180	0.05716	0.66104
182 T	0.28210	0.05408	0.66382
183 T	0.28115	0.05339	0.66546
184 T	0.27969	0.05269	0.66762
185 T	0.27610	0.05631	0.66759
186 A	0.26992	0.06177	0.66831
187 G	0.26550	0.06559	0.66891
188 T	0.26298	0.06809	0.66893
189 T	0.25691	0.07386	0.66924
190 C	0.24091	0.09092	0.66818
191 G	0.22896	0.10553	0.66551
192 A	0.22049	0.11789	0.66163
193 A	0.21454	0.12966	0.6558
194 G	0.21084	0.13632	0.65284
195 A	0.20804	0.14557	0.64638
196 A	0.20664	0.14890	0.64446
197 A	0.20564	0.14736	0.647
198 A	0.20536	0.14433	0.65031
199 A	0.20568	0.14083	0.65349
200 A	0.20606	0.13600	0.65793
201 A	0.20667	0.13164	0.66169
202 A	0.20826	0.12719	0.66455
203 T	0.20996	0.12234	0.6677
204 G	0.21126	0.11764	0.6711
205 T	0.21240	0.11403	0.67357
206 T	0.21287	0.11044	0.67669
207 A	0.21322	0.10746	0.67933
208 G	0.21429	0.10113	0.68458
209 G	0.21538	0.09279	0.69184
210 T	0.21682	0.08480	0.69838
211 T	0.21807	0.08046	0.70147
212 A	0.21909	0.07521	0.7057
213 T	0.22093	0.06192	0.71714
214 G	0.22273	0.05165	0.72562
215 A	0.22587	0.04321	0.73093
216 T	0.23215	0.03174	0.7361
217 A	0.23546	0.02566	0.73888
218 T	0.24217	0.01625	0.74158
219 T	0.24489	0.01220	0.7429
220 C	0.24558	0.01046	0.74396
221 T	0.24610	0.01002	0.74389
222 T	0.24648	0.01052	0.74299
223 T	0.24661	0.01170	0.74169
224 T	0.24660	0.01309	0.74031
225 T	0.24647	0.01358	0.73995
226 T	0.24624	0.01387	0.73989
227 T	0.24572	0.01467	0.73961
228 G	0.23684	0.02430	0.73886
229 C	0.23240	0.02900	0.73861
230 C	0.22731	0.03510	0.73759
231 T	0.22291	0.04345	0.73364
232 G	0.22010	0.05176	0.72814
233 G	0.21823	0.05831	0.72346
234 A	0.21710	0.06849	0.71442
235 A	0.21744	0.07383	0.70873
236 T	0.21835	0.07651	0.70514
237 G	0.21885	0.07697	0.70419
238 G	0.22015	0.07678	0.70307
239 A	0.22041	0.07806	0.70154
240 T	0.22101	0.07909	0.6999
241 C	0.21895	0.08225	0.6988
242 A	0.21372	0.08906	0.69722
243 T	0.20807	0.09577	0.69616
244 G	0.19181	0.11311	0.69508
245 C	0.17732	0.12893	0.69375
246 A	0.16290	0.14733	0.68976
247 G	0.15976	0.15170	0.68854
248 G	0.15527	0.15755	0.68718
249 A	0.15008	0.16420	0.68572
250 A	0.14780	0.16627	0.68592
251 T	0.14760	0.15672	0.69569
252 A	0.14580	0.15402	0.70018
253 G	0.14546	0.14873	0.7058
254 C	0.14805	0.14208	0.70987
255 G	0.15090	0.13769	0.71141
256 A	0.15261	0.13503	0.71237
257 C	0.15391	0.13274	0.71335
258 C	0.15529	0.13154	0.71317
259 C	0.15416	0.13314	0.71271
260 A	0.15027	0.14070	0.70904
261 A	0.14517	0.14795	0.70688
262 A	0.14374	0.15125	0.705
263 A	0.13501	0.16134	0.70365
264 T	0.13072	0.16380	0.70548
265 A	0.12009	0.17500	0.70492
266 A	0.09985	0.19204	0.70811
267 A	0.09032	0.19209	0.71759
268 A	0.08146	0.19591	0.72263
269 T	0.07283	0.20374	0.72344
270 A	0.05570	0.22696	0.71735
271 A	0.04520	0.24931	0.70548
272 A	0.03542	0.26781	0.69676
273 A	0.02941	0.27616	0.69443
274 C	0.02625	0.27897	0.69478
275 A	0.02418	0.28609	0.68973
276 A	0.02337	0.28648	0.69015
277 A	0.02306	0.28601	0.69093
278 A	0.02297	0.28467	0.69236
279 A	0.02317	0.28270	0.69413
280 C	0.02363	0.27229	0.70408
281 T	0.02451	0.26839	0.7071
282 A	0.02486	0.26549	0.70965
283 A	0.02664	0.26145	0.71191
284 G	0.02774	0.25568	0.71659
285 A	0.02886	0.25380	0.71734
286 G	0.02973	0.24178	0.72849
287 A	0.03010	0.23565	0.73425
288 A	0.03907	0.21480	0.74613
289 G	0.04572	0.18518	0.7691
290 A	0.05169	0.16920	0.77911
291 A	0.06039	0.15030	0.78931
292 G	0.07200	0.12640	0.8016
293 G	0.08264	0.09929	0.81807
294 A	0.10075	0.07157	0.82768
295 T	0.11702	0.04527	0.83771
296 T	0.12127	0.03792	0.8408
297 C	0.11998	0.04181	0.83821
298 T	0.11767	0.07141	0.81091
299 T	0.10598	0.09090	0.80312
300 A	0.07707	0.12387	0.79906
301 G	0.05752	0.14484	0.79764
302 A	0.04696	0.15722	0.79582
303 C	0.03927	0.16512	0.79561
304 C	0.03330	0.17234	0.79436
305 A	0.03095	0.17754	0.79151
306 A	0.03123	0.17826	0.79052
307 A	0.03233	0.17753	0.79014
308 A	0.03397	0.17600	0.79004
309 T	0.03691	0.17268	0.79041
310 T	0.03860	0.16904	0.79235
311 T	0.03853	0.16819	0.79329
312 A	0.03725	0.16851	0.79424
313 A	0.03603	0.16894	0.79504
314 C	0.03594	0.16838	0.79568
315 T	0.03621	0.16865	0.79515
316 A	0.03584	0.17002	0.79413
317 A	0.03656	0.16958	0.79386
318 A	0.03831	0.16780	0.79389
319 G	0.04098	0.16472	0.7943
320 A	0.04665	0.15471	0.79864
321 A	0.07234	0.12166	0.806
322 A	0.08124	0.09806	0.82069
323 T	0.08823	0.06280	0.84896
324 T	0.09109	0.04197	0.86694
325 T	0.09361	0.02986	0.87652
326 T	0.09436	0.02268	0.88296
327 T	0.09371	0.01947	0.88682
328 T	0.09251	0.01942	0.88807
329 T	0.08740	0.02583	0.88676
330 A	0.08300	0.03343	0.88358
331 A	0.07843	0.04271	0.87886
332 A	0.07144	0.05104	0.87753
333 A	0.06590	0.05703	0.87708
334 T	0.06412	0.05782	0.87806
335 A	0.06244	0.05794	0.87962
336 C	0.06232	0.05611	0.88157
337 G	0.06220	0.05588	0.88191
338 C	0.06277	0.05500	0.88224
339 T	0.06374	0.05391	0.88235
340 T	0.06396	0.05366	0.88238
341 C	0.06372	0.05390	0.88238
342 T	0.06374	0.05404	0.88222
343 T	0.06353	0.05454	0.88193
344 T	0.06298	0.05553	0.88149
345 A	0.05821	0.06125	0.88054
346 T	0.05545	0.06429	0.88025
347 G	0.05145	0.06821	0.88034
348 G	0.04600	0.07364	0.88036
349 A	0.04264	0.07683	0.88053
350 A	0.04132	0.07660	0.88208
351 A	0.04162	0.07396	0.88443
352 G	0.04347	0.06659	0.88995
353 A	0.04671	0.05940	0.89389
354 A	0.05123	0.05043	0.89834
355 G	0.05288	0.04216	0.90496
356 A	0.05407	0.03647	0.90946
357 T	0.05452	0.03400	0.91147
358 T	0.05466	0.03217	0.91317
359 A	0.05459	0.03176	0.91364
360 T	0.05464	0.03111	0.91425
361 T	0.05459	0.03088	0.91453
362 C	0.05366	0.03177	0.91456
363 T	0.05271	0.03336	0.91392
364 A	0.05181	0.03543	0.91276
365 A	0.05146	0.03622	0.91232
366 A	0.05146	0.03625	0.9123
367 A	0.05202	0.03525	0.91274
368 T	0.05320	0.02815	0.91864
369 T	0.05355	0.02406	0.9224
370 A	0.05363	0.02021	0.92617
371 T	0.05389	0.01515	0.93096
372 T	0.05298	0.01325	0.93377
373 C	0.05038	0.01449	0.93513
374 G	0.04822	0.01664	0.93514
375 T	0.04734	0.01739	0.93527
376 G	0.04610	0.01859	0.93531
377 A	0.04503	0.01974	0.93524
378 G	0.04458	0.02018	0.93523
379 C	0.04445	0.02020	0.93535
380 A	0.04432	0.02036	0.93532
381 A	0.04431	0.02032	0.93537
382 T	0.04449	0.01993	0.93558
383 G	0.04455	0.01973	0.93572
384 G	0.04480	0.01931	0.93589
385 G	0.04521	0.01768	0.93712
386 C	0.04605	0.01566	0.93829
387 T	0.04720	0.01380	0.939
388 T	0.04765	0.01305	0.9393
389 C	0.04778	0.01274	0.93949
390 A	0.04785	0.01265	0.9395
391 T	0.04794	0.01255	0.93952
392 T	0.04785	0.01244	0.93971
393 A	0.04769	0.01235	0.93996
394 G	0.04766	0.01217	0.94016
395 G	0.04770	0.01056	0.94174
396 T	0.04784	0.00756	0.9446
397 T	0.04803	0.00538	0.94659
398 T	0.04795	0.00486	0.94719
399 A	0.04770	0.00517	0.94713
400 T	0.04768	0.00590	0.94643
401 T	0.04731	0.00883	0.94386
402 T	0.04665	0.01093	0.94242
403 T	0.04561	0.01301	0.94138
404 T	0.04404	0.01609	0.93987
405 A	0.04137	0.02089	0.93774
406 G	0.03997	0.02340	0.93663
407 A	0.03948	0.02464	0.93588
408 T	0.03928	0.02526	0.93547
409 T	0.03900	0.02624	0.93476
410 A	0.03856	0.02788	0.93356
411 T	0.03816	0.02913	0.93271
412 A	0.03713	0.03134	0.93152
413 A	0.03677	0.03239	0.93084
414 A	0.03666	0.03314	0.93021
415 T	0.03664	0.03355	0.92981
416 A	0.03658	0.03378	0.92964
417 T	0.03657	0.03378	0.92965
418 G	0.03654	0.03392	0.92954
419 A	0.03656	0.03399	0.92944
420 A	0.03669	0.03383	0.92948
421 A	0.03712	0.03325	0.92962
422 A	0.03820	0.03182	0.92998
423 A	0.04050	0.02914	0.93035
424 T	0.04497	0.02372	0.93131
425 T	0.04717	0.02028	0.93255
426 T	0.04805	0.01802	0.93393
427 A	0.04853	0.01596	0.93551
428 C	0.04976	0.01266	0.93759
429 T	0.05045	0.01141	0.93814
430 T	0.05090	0.01083	0.93826
431 T	0.05090	0.01102	0.93808
432 A	0.05075	0.01106	0.93819
433 G	0.05141	0.01015	0.93844
434 A	0.05196	0.00915	0.93889
435 T	0.05279	0.00728	0.93992
436 C	0.05282	0.00681	0.94036
437 C	0.05310	0.00646	0.94044
438 T	0.05338	0.00636	0.94026
439 T	0.05280	0.00729	0.93992
440 C	0.05034	0.01021	0.93946
441 T	0.04852	0.01351	0.93798
442 T	0.04591	0.01651	0.93759
443 T	0.04197	0.02066	0.93736
444 A	0.03402	0.02888	0.9371
445 A	0.03000	0.03297	0.93703
446 C	0.02876	0.03420	0.93704
447 T	0.02752	0.03559	0.93689
448 A	0.02579	0.03735	0.93687
449 A	0.02496	0.03817	0.93687
450 A	0.02439	0.03871	0.9369
451 A	0.02325	0.03980	0.93695
452 C	0.02231	0.04019	0.93751
453 A	0.02160	0.04068	0.93773
454 G	0.02133	0.04053	0.93815
455 T	0.02091	0.04052	0.93857
456 A	0.02006	0.04117	0.93876
457 G	0.01932	0.04174	0.93894
458 A	0.01892	0.04170	0.93938
459 A	0.01857	0.04133	0.94009
460 A	0.01837	0.04084	0.94079
461 A	0.01852	0.03998	0.94149
462 A	0.01893	0.03787	0.94321
463 G	0.01947	0.03339	0.94714
464 T	0.02094	0.02833	0.95074
465 T	0.02121	0.02471	0.95408
466 T	0.02118	0.02135	0.95747
467 T	0.02107	0.01613	0.96279
468 C	0.02044	0.01402	0.96553
469 A	0.01990	0.01452	0.96558
470 T	0.01930	0.01474	0.96596
471 T	0.01841	0.01536	0.96623
472 A	0.01730	0.01662	0.96609
473 A	0.01654	0.01729	0.96616
474 A	0.01610	0.01647	0.96743
475 T	0.01571	0.01565	0.96863
476 T	0.01526	0.01522	0.96952
477 A	0.01502	0.01510	0.96987
478 T	0.01493	0.01474	0.97033
479 A	0.01473	0.01441	0.97086
480 T	0.01463	0.01396	0.97141
481 A	0.01440	0.01437	0.97123
482 A	0.01410	0.01449	0.97141
483 A	0.01389	0.01445	0.97166
484 G	0.01372	0.01449	0.97178
485 A	0.01375	0.01443	0.97182
486 T	0.01398	0.01414	0.97188
487 A	0.01403	0.01410	0.97187
488 A	0.01418	0.01388	0.97194
489 T	0.01474	0.01308	0.97218
490 T	0.01506	0.01252	0.97242
491 T	0.01517	0.01187	0.97296
492 A	0.01522	0.01150	0.97328
493 A	0.01537	0.01070	0.97393
494 T	0.01580	0.00931	0.97488
495 T	0.01611	0.00800	0.97588
496 T	0.01600	0.00746	0.97654
497 A	0.01567	0.00738	0.97695
498 T	0.01554	0.00707	0.97739
499 C	0.01513	0.00700	0.97787
500 G	0.01496	0.00712	0.97792
501 T	0.01504	0.00713	0.97784
502 G	0.01497	0.00752	0.97751
503 A	0.01507	0.00773	0.9772
504 T	0.01558	0.00730	0.97713
505 T	0.01571	0.00715	0.97715
506 A	0.01568	0.00718	0.97714
507 T	0.01574	0.00709	0.97717
508 A	0.01576	0.00719	0.97705
509 A	0.01578	0.00719	0.97702
510 A	0.01582	0.00713	0.97705
511 A	0.01604	0.00684	0.97713
512 T	0.01625	0.00652	0.97722
513 T	0.01633	0.00634	0.97733
514 A	0.01624	0.00633	0.97743
515 T	0.01634	0.00599	0.97768
516 T	0.01632	0.00587	0.97781
517 A	0.01627	0.00591	0.97782
518 A	0.01623	0.00587	0.97789
519 T	0.01621	0.00561	0.97818
520 T	0.01618	0.00532	0.9785
521 G	0.01613	0.00520	0.97867
522 G	0.01608	0.00488	0.97904
523 G	0.01618	0.00454	0.97928
524 A	0.01641	0.00420	0.97939
525 T	0.01692	0.00346	0.97961
526 C	0.01726	0.00301	0.97973
527 C	0.01747	0.00277	0.97976
528 T	0.01772	0.00253	0.97975
529 G	0.01786	0.00241	0.97974
530 T	0.01802	0.00227	0.97971
531 T	0.01795	0.00239	0.97967
532 A	0.01768	0.00270	0.97962
533 T	0.01739	0.00296	0.97965
534 T	0.01648	0.00400	0.97952
535 A	0.01429	0.00622	0.97948
536 A	0.01247	0.00803	0.97949
537 G	0.01144	0.00897	0.97959
538 A	0.01099	0.00935	0.97965
539 C	0.01086	0.00940	0.97975
540 A	0.01078	0.00945	0.97977
541 A	0.01082	0.00937	0.97981
542 C	0.01092	0.00923	0.97985
543 T	0.01104	0.00909	0.97987
544 T	0.01106	0.00905	0.97989
545 T	0.01100	0.00904	0.97995
546 A	0.01094	0.00908	0.97998
547 T	0.01090	0.00909	0.98001
548 C	0.01082	0.00908	0.98009
549 T	0.01076	0.00914	0.9801
550 A	0.01065	0.00929	0.98006
551 A	0.01029	0.00970	0.98
552 T	0.00988	0.01011	0.98001
553 A	0.00906	0.01093	0.98001
554 T	0.00869	0.01081	0.9805
555 A	0.00832	0.01074	0.98094
556 G	0.00821	0.01031	0.98148
557 A	0.00827	0.00940	0.98234
558 A	0.00830	0.00740	0.9843
559 G	0.00833	0.00571	0.98595
560 T	0.00835	0.00497	0.98668
561 T	0.00826	0.00517	0.98657
562 A	0.00795	0.00650	0.98554
563 A	0.00775	0.00765	0.9846
564 T	0.00770	0.00772	0.98457
565 T	0.00762	0.00781	0.98457
566 A	0.00744	0.00801	0.98455
567 T	0.00732	0.00809	0.9846
568 C	0.00708	0.00829	0.98463
569 G	0.00655	0.00887	0.98458
570 A	0.00613	0.00932	0.98454
571 G	0.00590	0.00954	0.98456
572 A	0.00584	0.00962	0.98455
573 A	0.00583	0.00954	0.98463
574 A	0.00587	0.00901	0.98513
575 T	0.00589	0.00830	0.98581
576 T	0.00584	0.00750	0.98666
577 C	0.00560	0.00739	0.98701
578 A	0.00533	0.00771	0.98695
579 A	0.00515	0.00796	0.98689
580 G	0.00494	0.00825	0.98682
581 G	0.00484	0.00840	0.98676
582 A	0.00484	0.00838	0.98677
583 A	0.00504	0.00810	0.98685
584 A	0.00548	0.00751	0.98701
585 A	0.00660	0.00605	0.98735
586 C	0.00764	0.00465	0.98771
587 T	0.00789	0.00431	0.9878
588 T	0.00801	0.00409	0.98791
589 T	0.00808	0.00389	0.98803
590 T	0.00810	0.00377	0.98814
591 T	0.00806	0.00368	0.98826
592 T	0.00797	0.00328	0.98875
593 A	0.00787	0.00302	0.98911
594 T	0.00783	0.00285	0.98931
595 A	0.00768	0.00296	0.98936
596 T	0.00753	0.00304	0.98942
597 A	0.00729	0.00325	0.98947
598 A	0.00724	0.00326	0.9895
599 A	0.00725	0.00315	0.9896
600 A	0.00730	0.00285	0.98985
601 T	0.00754	0.00234	0.99012
602 A	0.00769	0.00201	0.99031
603 T	0.00783	0.00165	0.99052
604 T	0.00790	0.00147	0.99064
605 T	0.00790	0.00139	0.9907
606 T	0.00790	0.00137	0.99073
607 T	0.00790	0.00137	0.99074
608 T	0.00789	0.00137	0.99075
609 A	0.00788	0.00138	0.99074
610 T	0.00786	0.00138	0.99076
611 T	0.00782	0.00141	0.99078
612 T	0.00775	0.00145	0.9908
613 A	0.00754	0.00164	0.99082
614 A	0.00744	0.00169	0.99087
615 T	0.00742	0.00156	0.99102
616 G	0.00739	0.00145	0.99115
617 A	0.00740	0.00135	0.99125
618 T	0.00744	0.00114	0.99142
619 T	0.00745	0.00100	0.99155
620 C	0.00746	0.00083	0.99171
621 T	0.00747	0.00079	0.99174
622 A	0.00747	0.00078	0.99175
623 A	0.00748	0.00077	0.99175
624 T	0.00750	0.00075	0.99176
625 C	0.00751	0.00073	0.99176
626 T	0.00752	0.00072	0.99176
627 C	0.00752	0.00071	0.99177
628 T	0.00753	0.00070	0.99177
629 T	0.00753	0.00071	0.99176
630 T	0.00751	0.00073	0.99175
631 T	0.00749	0.00075	0.99175
632 T	0.00746	0.00078	0.99175
633 A	0.00738	0.00084	0.99178
634 G	0.00734	0.00084	0.99181
635 A	0.00728	0.00087	0.99185
636 A	0.00705	0.00097	0.99199
637 G	0.00702	0.00090	0.99208
638 T	0.00701	0.00089	0.99209
639 T	0.00695	0.00096	0.99209
640 G	0.00688	0.00102	0.9921
641 C	0.00686	0.00104	0.9921
642 T	0.00681	0.00110	0.9921
643 A	0.00674	0.00117	0.9921
644 C	0.00669	0.00121	0.9921
645 T	0.00665	0.00126	0.99209
646 A	0.00659	0.00131	0.99209
647 C	0.00656	0.00135	0.99209
648 A	0.00653	0.00138	0.99209
649 A	0.00652	0.00139	0.9921
650 G	0.00651	0.00138	0.9921
651 A	0.00651	0.00137	0.99211
652 C	0.00652	0.00135	0.99213
653 C	0.00653	0.00130	0.99218
654 T	0.00654	0.00127	0.99219
655 G	0.00655	0.00125	0.9922
656 A	0.00657	0.00121	0.99223
657 A	0.00659	0.00116	0.99225
658 A	0.00662	0.00107	0.99232
659 C	0.00665	0.00073	0.99262
660 G	0.00667	0.00067	0.99266
661 A	0.00669	0.00062	0.99269
662 T	0.00673	0.00053	0.99274
663 T	0.00673	0.00047	0.99279
664 T	0.00674	0.00045	0.99281
665 T	0.00674	0.00037	0.99289
666 T	0.00673	0.00028	0.99299
667 G	0.00669	0.00025	0.99306
668 C	0.00668	0.00022	0.9931
669 T	0.00667	0.00020	0.99312
670 G	0.00666	0.00020	0.99313
671 A	0.00666	0.00019	0.99314
672 T	0.00665	0.00019	0.99315
673 C	0.00665	0.00019	0.99316
674 A	0.00664	0.00020	0.99316
675 A	0.00662	0.00021	0.99316
676 G	0.00662	0.00021	0.99317
677 C	0.00662	0.00020	0.99317
678 T	0.00662	0.00021	0.99317
679 T	0.00662	0.00020	0.99318
680 T	0.00662	0.00021	0.99318
681 A	0.00660	0.00022	0.99318
682 G	0.00659	0.00023	0.99318
683 C	0.00658	0.00024	0.99317
684 T	0.00655	0.00029	0.99316
685 G	0.00644	0.00042	0.99314
686 T	0.00639	0.00048	0.99313
687 T	0.00627	0.00060	0.99313
688 A	0.00599	0.00088	0.99313
689 A	0.00588	0.00097	0.99314
690 T	0.00582	0.00098	0.99319
691 C	0.00569	0.00110	0.99321
692 C	0.00557	0.00121	0.99321
693 T	0.00544	0.00135	0.99321
694 G	0.00518	0.00160	0.99321
695 A	0.00508	0.00171	0.99321
696 A	0.00499	0.00181	0.99321
697 G	0.00495	0.00184	0.99322
698 A	0.00493	0.00184	0.99323
699 T	0.00492	0.00184	0.99325
700 C	0.00489	0.00186	0.99325
701 C	0.00488	0.00187	0.99326
702 A	0.00486	0.00189	0.99325
703 A	0.00485	0.00190	0.99325
704 G	0.00484	0.00190	0.99325
705 A	0.00484	0.00191	0.99325
706 T	0.00485	0.00190	0.99325
707 A	0.00484	0.00186	0.9933
708 T	0.00485	0.00171	0.99344
709 T	0.00483	0.00166	0.99351
710 A	0.00481	0.00157	0.99362
711 T	0.00480	0.00134	0.99386
712 G	0.00478	0.00125	0.99397
713 A	0.00477	0.00118	0.99404
714 T	0.00477	0.00103	0.99421
715 T	0.00476	0.00091	0.99433
716 G	0.00473	0.00084	0.99443
717 G	0.00473	0.00072	0.99456
718 A	0.00473	0.00069	0.99458
719 T	0.00473	0.00065	0.99462
720 T	0.00473	0.00067	0.9946
721 G	0.00473	0.00069	0.99459
722 G	0.00472	0.00072	0.99456
723 T	0.00470	0.00078	0.99452
724 A	0.00468	0.00084	0.99449
725 A	0.00467	0.00087	0.99446
726 A	0.00466	0.00089	0.99446
727 A	0.00466	0.00091	0.99443
728 A	0.00466	0.00091	0.99443
729 A	0.00467	0.00090	0.99443
730 G	0.00469	0.00087	0.99444
731 T	0.00471	0.00086	0.99443
732 T	0.00472	0.00086	0.99441
733 T	0.00471	0.00089	0.9944
734 T	0.00469	0.00096	0.99435
735 G	0.00461	0.00105	0.99434
736 A	0.00457	0.00108	0.99435
737 T	0.00455	0.00109	0.99436
738 A	0.00452	0.00111	0.99437
739 C	0.00454	0.00107	0.99439
740 C	0.00459	0.00102	0.9944
741 A	0.00464	0.00097	0.99438
742 T	0.00472	0.00089	0.99439
743 T	0.00478	0.00083	0.99439
744 T	0.00477	0.00084	0.99439
745 A	0.00474	0.00087	0.99439
746 C	0.00473	0.00084	0.99442
747 T	0.00472	0.00084	0.99443
748 A	0.00465	0.00091	0.99444
749 A	0.00459	0.00097	0.99444
750 T	0.00457	0.00099	0.99444
751 A	0.00446	0.00110	0.99444
752 G	0.00439	0.00117	0.99444
753 A	0.00436	0.00119	0.99444
754 G	0.00437	0.00119	0.99444
755 T	0.00440	0.00116	0.99445
756 A	0.00442	0.00113	0.99445
757 A	0.00447	0.00104	0.99449
758 T	0.00449	0.00094	0.99457
759 T	0.00449	0.00090	0.99462
760 T	0.00449	0.00087	0.99464
761 C	0.00449	0.00084	0.99467
762 T	0.00448	0.00085	0.99468
763 G	0.00445	0.00087	0.99468
764 T	0.00445	0.00087	0.99468
765 A	0.00442	0.00091	0.99468
766 A	0.00440	0.00092	0.99468
767 T	0.00440	0.00088	0.99472
768 T	0.00438	0.00084	0.99478
769 A	0.00434	0.00083	0.99482
770 T	0.00433	0.00080	0.99487
771 A	0.00430	0.00075	0.99495
772 G	0.00428	0.00069	0.99503
773 A	0.00428	0.00064	0.99508
774 T	0.00429	0.00051	0.99519
775 G	0.00429	0.00044	0.99527
776 A	0.00430	0.00039	0.99531
777 T	0.00431	0.00036	0.99533
778 T	0.00432	0.00034	0.99534
779 C	0.00431	0.00034	0.99534
780 T	0.00431	0.00036	0.99534
781 G	0.00430	0.00040	0.9953
782 T	0.00429	0.00046	0.99524
783 T	0.00424	0.00062	0.99514
784 G	0.00416	0.00076	0.99508
785 A	0.00412	0.00088	0.995
786 T	0.00408	0.00096	0.99496
787 A	0.00403	0.00105	0.99492
788 T	0.00400	0.00108	0.99492
789 G	0.00397	0.00115	0.99488
790 G	0.00395	0.00125	0.9948
791 A	0.00394	0.00128	0.99479
792 A	0.00393	0.00128	0.99479
793 T	0.00392	0.00127	0.9948
794 T	0.00391	0.00127	0.99481
795 C	0.00385	0.00135	0.9948
796 G	0.00382	0.00139	0.99479
797 G	0.00381	0.00141	0.99478
798 A	0.00380	0.00144	0.99475
799 A	0.00380	0.00145	0.99474
800 C	0.00380	0.00146	0.99474
801 A	0.00380	0.00148	0.99472
802 G	0.00381	0.00149	0.9947
803 G	0.00383	0.00148	0.99469
804 A	0.00387	0.00145	0.99468
805 G	0.00394	0.00141	0.99465
806 T	0.00407	0.00125	0.99468
807 G	0.00412	0.00118	0.9947
808 G	0.00419	0.00118	0.99464
809 T	0.00421	0.00123	0.99456
810 A	0.00415	0.00147	0.99438
811 A	0.00410	0.00189	0.99401
812 A	0.00404	0.00228	0.99367
813 A	0.00403	0.00262	0.99335
814 A	0.00394	0.00280	0.99326
815 T	0.00392	0.00284	0.99323
816 A	0.00381	0.00295	0.99324
817 A	0.00375	0.00299	0.99325
818 C	0.00374	0.00294	0.99332
819 T	0.00372	0.00295	0.99333
820 C	0.00367	0.00298	0.99334
821 C	0.00366	0.00299	0.99334
822 T	0.00367	0.00299	0.99334
823 G	0.00365	0.00300	0.99334
824 C	0.00366	0.00299	0.99335
825 T	0.00368	0.00298	0.99335
826 C	0.00368	0.00297	0.99335
827 A	0.00367	0.00299	0.99334
828 T	0.00369	0.00297	0.99333
829 G	0.00368	0.00298	0.99333
830 A	0.00372	0.00294	0.99334
831 T	0.00384	0.00283	0.99334
832 G	0.00387	0.00279	0.99334
833 A	0.00403	0.00260	0.99337
834 A	0.00435	0.00224	0.9934
835 A	0.00465	0.00190	0.99345
836 A	0.00494	0.00157	0.99349
837 T	0.00508	0.00140	0.99353
838 G	0.00508	0.00147	0.99345
839 A	0.00508	0.00150	0.99341
840 T	0.00508	0.00145	0.99347
841 T	0.00501	0.00152	0.99347
842 T	0.00489	0.00164	0.99347
843 T	0.00470	0.00181	0.99349
844 C	0.00445	0.00205	0.99349
845 G	0.00409	0.00254	0.99337
846 A	0.00359	0.00323	0.99317
847 A	0.00317	0.00391	0.99291
848 T	0.00284	0.00465	0.99251
849 A	0.00229	0.00547	0.99223
850 G	0.00211	0.00582	0.99208
851 G	0.00197	0.00611	0.99192
852 G	0.00190	0.00640	0.9917
853 A	0.00186	0.00665	0.99149
854 A	0.00185	0.00678	0.99137
855 G	0.00185	0.00681	0.99134
856 A	0.00188	0.00683	0.9913
857 A	0.00191	0.00681	0.99129
858 A	0.00196	0.00674	0.9913
859 A	0.00203	0.00666	0.9913
860 A	0.00212	0.00655	0.99133
861 T	0.00227	0.00635	0.99138
862 A	0.00238	0.00620	0.99141
863 A	0.00243	0.00609	0.99147
864 T	0.00251	0.00586	0.99163
865 T	0.00254	0.00566	0.99181
866 T	0.00251	0.00553	0.99197
867 A	0.00244	0.00544	0.99212
868 A	0.00245	0.00513	0.99242
869 A	0.00258	0.00450	0.99293
870 A	0.00284	0.00380	0.99337
871 T	0.00338	0.00284	0.99378
872 C	0.00368	0.00207	0.99425
873 T	0.00394	0.00178	0.99427
874 A	0.00407	0.00175	0.99417
875 T	0.00431	0.00153	0.99416
876 T	0.00444	0.00144	0.99412
877 T	0.00452	0.00148	0.994
878 T	0.00454	0.00153	0.99394
879 A	0.00448	0.00173	0.99379
880 T	0.00444	0.00182	0.99374
881 G	0.00432	0.00205	0.99363
882 T	0.00401	0.00251	0.99349
883 A	0.00347	0.00347	0.99306
884 T	0.00333	0.00375	0.99292
885 A	0.00308	0.00419	0.99272
886 A	0.00291	0.00453	0.99255
887 A	0.00277	0.00473	0.99249
888 T	0.00266	0.00487	0.99247
889 G	0.00246	0.00507	0.99248
890 A	0.00228	0.00520	0.99252
891 A	0.00216	0.00527	0.99256
892 G	0.00213	0.00526	0.9926
893 A	0.00213	0.00522	0.99265
894 C	0.00215	0.00518	0.99267
895 G	0.00218	0.00514	0.99268
896 G	0.00230	0.00503	0.99267
897 T	0.00252	0.00483	0.99265
898 A	0.00255	0.00484	0.99261
899 C	0.00261	0.00482	0.99257
900 T	0.00273	0.00478	0.99249
901 A	0.00273	0.00493	0.99234
902 T	0.00283	0.00481	0.99236
903 G	0.00281	0.00482	0.99237
904 A	0.00286	0.00478	0.99237
905 A	0.00294	0.00442	0.99264
906 T	0.00335	0.00370	0.99295
907 G	0.00332	0.00413	0.99254
908 A	0.00312	0.00487	0.992
909 A	0.00304	0.00525	0.99171
910 A	0.00297	0.00523	0.9918
911 T	0.00291	0.00515	0.99193
912 A	0.00236	0.00552	0.99212
913 G	0.00215	0.00554	0.9923
914 C	0.00206	0.00556	0.99239
915 C	0.00193	0.00582	0.99225
916 G	0.00180	0.00615	0.99204
917 A	0.00173	0.00641	0.99187
918 A	0.00170	0.00653	0.99177
919 A	0.00165	0.00662	0.99173
920 A	0.00164	0.00667	0.99169
921 A	0.00171	0.00655	0.99174
922 T	0.00181	0.00640	0.99179
923 A	0.00187	0.00629	0.99184
924 T	0.00200	0.00604	0.99196
925 C	0.00195	0.00603	0.99202
926 A	0.00193	0.00602	0.99205
927 A	0.00200	0.00593	0.99206
928 A	0.00217	0.00574	0.99209
929 A	0.00244	0.00541	0.99215
930 T	0.00311	0.00463	0.99226
931 T	0.00377	0.00357	0.99266
932 T	0.00405	0.00304	0.99292
933 A	0.00402	0.00292	0.99306
934 A	0.00398	0.00280	0.99321
935 G	0.00388	0.00234	0.99378
936 C	0.00388	0.00212	0.99401
937 A	0.00395	0.00201	0.99405
938 T	0.00418	0.00171	0.99412
939 T	0.00431	0.00154	0.99415
940 T	0.00431	0.00153	0.99417
941 T	0.00409	0.00174	0.99416
942 A	0.00353	0.00226	0.9942
943 G	0.00311	0.00266	0.99423
944 A	0.00297	0.00282	0.99421
945 A	0.00293	0.00282	0.99426
946 T	0.00290	0.00276	0.99434
947 G	0.00286	0.00274	0.9944
948 T	0.00284	0.00268	0.99448
949 C	0.00277	0.00271	0.99453
950 G	0.00264	0.00283	0.99453
951 T	0.00259	0.00288	0.99453
952 C	0.00250	0.00298	0.99452
953 G	0.00244	0.00315	0.99441
954 A	0.00240	0.00350	0.9941
955 A	0.00237	0.00375	0.99389
956 A	0.00234	0.00399	0.99367
957 A	0.00231	0.00427	0.99341
958 T	0.00233	0.00421	0.99345
959 T	0.00232	0.00422	0.99346
960 A	0.00227	0.00441	0.99332
961 A	0.00223	0.00457	0.99319
962 T	0.00226	0.00449	0.99326
963 T	0.00223	0.00444	0.99333
964 A	0.00210	0.00445	0.99344
965 A	0.00205	0.00414	0.99381
966 T	0.00205	0.00383	0.99411
967 G	0.00203	0.00380	0.99417
968 A	0.00201	0.00385	0.99414
969 T	0.00200	0.00384	0.99416
970 T	0.00199	0.00385	0.99417
971 T	0.00196	0.00386	0.99418
972 A	0.00190	0.00390	0.9942
973 G	0.00187	0.00383	0.9943
974 A	0.00187	0.00382	0.99432
975 A	0.00186	0.00378	0.99436
976 A	0.00197	0.00361	0.99441
977 A	0.00227	0.00327	0.99446
978 A	0.00250	0.00300	0.9945
979 A	0.00278	0.00267	0.99454
980 T	0.00315	0.00224	0.99461
981 T	0.00326	0.00209	0.99464
982 A	0.00331	0.00202	0.99467
983 A	0.00345	0.00183	0.99473
984 T	0.00367	0.00152	0.99481
985 T	0.00375	0.00140	0.99485
986 T	0.00380	0.00130	0.9949
987 A	0.00385	0.00117	0.99499
988 G	0.00392	0.00103	0.99506
989 T	0.00396	0.00096	0.99509
990 T	0.00400	0.00087	0.99513
991 T	0.00398	0.00086	0.99516
992 C	0.00385	0.00097	0.99518
993 T	0.00379	0.00109	0.99513
994 A	0.00364	0.00128	0.99508
995 T	0.00330	0.00165	0.99506
996 G	0.00273	0.00232	0.99495
997 A	0.00243	0.00272	0.99485
998 T	0.00216	0.00306	0.99478
999 A	0.00152	0.00385	0.99464
1000 A	0.00120	0.00426	0.99454
1001 A	0.00103	0.00448	0.99449
1002 A	0.00097	0.00453	0.9945
1003 G	0.00093	0.00457	0.99449
1004 A	0.00093	0.00457	0.9945
1005 A	0.00094	0.00455	0.99451
1006 C	0.00095	0.00451	0.99453
1007 A	0.00097	0.00449	0.99453
1008 T	0.00099	0.00446	0.99454
1009 A	0.00100	0.00445	0.99455
1010 A	0.00102	0.00441	0.99457
1011 A	0.00102	0.00439	0.99459
1012 C	0.00103	0.00424	0.99473
1013 A	0.00104	0.00417	0.99479
1014 T	0.00107	0.00403	0.9949
1015 A	0.00108	0.00388	0.99503
1016 T	0.00115	0.00367	0.99518
1017 G	0.00119	0.00348	0.99532
1018 G	0.00128	0.00289	0.99583
1019 T	0.00141	0.00217	0.99642
1020 A	0.00150	0.00176	0.99674
1021 G	0.00159	0.00137	0.99704
1022 G	0.00172	0.00071	0.99757
1023 T	0.00183	0.00037	0.9978
1024 T	0.00187	0.00019	0.99793
1025 T	0.00188	0.00013	0.99799
1026 T	0.00188	0.00011	0.99802
1027 T	0.00186	0.00011	0.99802
1028 C	0.00183	0.00014	0.99803
1029 T	0.00180	0.00017	0.99803
1030 A	0.00176	0.00021	0.99803
1031 G	0.00173	0.00024	0.99802
1032 C	0.00173	0.00026	0.99801
1033 A	0.00172	0.00027	0.998
1034 T	0.00172	0.00028	0.99799
1035 T	0.00172	0.00030	0.99798
1036 T	0.00171	0.00033	0.99795
1037 C	0.00168	0.00040	0.99792
1038 A	0.00160	0.00056	0.99784
1039 G	0.00156	0.00061	0.99783
1040 G	0.00154	0.00064	0.99783
1041 A	0.00152	0.00066	0.99782
1042 T	0.00152	0.00066	0.99782
1043 C	0.00151	0.00066	0.99783
1044 T	0.00151	0.00067	0.99782
1045 A	0.00151	0.00067	0.99781
1046 T	0.00151	0.00067	0.99781
1047 G	0.00151	0.00068	0.99781
1048 A	0.00151	0.00069	0.9978
1049 T	0.00151	0.00068	0.99781
1050 T	0.00150	0.00067	0.99783
1051 G	0.00149	0.00065	0.99786
1052 A	0.00145	0.00067	0.99788
1053 A	0.00143	0.00065	0.99792
1054 C	0.00142	0.00063	0.99794
1055 C	0.00142	0.00063	0.99795
1056 A	0.00143	0.00063	0.99795
1057 A	0.00143	0.00062	0.99795
1058 G	0.00146	0.00059	0.99795
1059 A	0.00149	0.00056	0.99795
1060 T	0.00153	0.00049	0.99798
1061 T	0.00159	0.00033	0.99807
1062 A	0.00159	0.00029	0.99812
1063 T	0.00160	0.00026	0.99815
1064 C	0.00160	0.00023	0.99817
1065 T	0.00160	0.00023	0.99817
1066 T	0.00158	0.00024	0.99818
1067 T	0.00154	0.00029	0.99816
1068 A	0.00149	0.00036	0.99815
1069 C	0.00142	0.00044	0.99814
1070 A	0.00132	0.00061	0.99807
1071 A	0.00129	0.00066	0.99805
1072 T	0.00128	0.00067	0.99805
1073 G	0.00125	0.00071	0.99804
1074 G	0.00124	0.00072	0.99804
1075 T	0.00124	0.00072	0.99805
1076 T	0.00124	0.00073	0.99804
1077 T	0.00123	0.00074	0.99803
1078 T	0.00122	0.00076	0.99801
1079 T	0.00121	0.00079	0.998
1080 G	0.00118	0.00084	0.99798
1081 A	0.00117	0.00087	0.99796
1082 A	0.00117	0.00088	0.99795
1083 A	0.00116	0.00090	0.99794
1084 A	0.00115	0.00090	0.99795
1085 T	0.00115	0.00090	0.99795
1086 G	0.00115	0.00090	0.99795
1087 A	0.00115	0.00089	0.99796
1088 A	0.00115	0.00088	0.99797
1089 A	0.00115	0.00086	0.99799
1090 G	0.00116	0.00080	0.99804
1091 A	0.00119	0.00072	0.99809
1092 A	0.00121	0.00064	0.99816
1093 T	0.00129	0.00046	0.99825
1094 T	0.00131	0.00040	0.99828
1095 A	0.00132	0.00038	0.9983
1096 T	0.00134	0.00032	0.99834
1097 C	0.00136	0.00029	0.99836
1098 T	0.00140	0.00024	0.99836
1099 T	0.00143	0.00020	0.99836
1100 C	0.00145	0.00018	0.99836
1101 T	0.00146	0.00018	0.99836
1102 T	0.00147	0.00019	0.99834
1103 T	0.00146	0.00020	0.99834
1104 T	0.00144	0.00026	0.9983
1105 G	0.00138	0.00044	0.99818
1106 T	0.00135	0.00055	0.9981
1107 T	0.00132	0.00068	0.99801
1108 T	0.00124	0.00083	0.99793
1109 T	0.00112	0.00100	0.99787
1110 A	0.00096	0.00118	0.99787
1111 A	0.00087	0.00127	0.99786
1112 A	0.00081	0.00133	0.99786
1113 A	0.00080	0.00135	0.99786
1114 C	0.00079	0.00135	0.99786
1115 A	0.00079	0.00135	0.99786
1116 A	0.00079	0.00135	0.99786
1117 C	0.00080	0.00135	0.99786
1118 A	0.00080	0.00135	0.99785
1119 T	0.00080	0.00135	0.99785
1120 A	0.00080	0.00136	0.99784
1121 A	0.00079	0.00137	0.99784
1122 T	0.00080	0.00137	0.99783
1123 A	0.00080	0.00137	0.99784
1124 T	0.00081	0.00134	0.99785
1125 A	0.00082	0.00131	0.99787
1126 A	0.00086	0.00125	0.99789
1127 A	0.00094	0.00112	0.99795
1128 T	0.00112	0.00084	0.99803
1129 T	0.00122	0.00068	0.99809
1130 T	0.00129	0.00056	0.99815
1131 T	0.00132	0.00046	0.99822
1132 T	0.00133	0.00036	0.99831
1133 T	0.00132	0.00026	0.99842
1134 T	0.00129	0.00022	0.99849
1135 C	0.00124	0.00023	0.99853
1136 C	0.00120	0.00026	0.99853
1137 T	0.00117	0.00030	0.99853
1138 C	0.00106	0.00041	0.99853
1139 A	0.00095	0.00052	0.99853
1140 A	0.00088	0.00059	0.99852
1141 A	0.00085	0.00063	0.99852
1142 G	0.00085	0.00064	0.99852
1143 A	0.00085	0.00063	0.99852
1144 T	0.00086	0.00061	0.99852
1145 T	0.00087	0.00060	0.99852
1146 T	0.00087	0.00060	0.99853
1147 T	0.00086	0.00061	0.99853
1148 T	0.00083	0.00064	0.99853
1149 A	0.00079	0.00068	0.99853
1150 A	0.00077	0.00070	0.99853
1151 A	0.00076	0.00071	0.99852
1152 A	0.00076	0.00071	0.99852
1153 A	0.00077	0.00070	0.99854
1154 T	0.00077	0.00067	0.99856
1155 T	0.00077	0.00065	0.99858
1156 T	0.00077	0.00063	0.9986
1157 T	0.00076	0.00061	0.99863
1158 T	0.00076	0.00057	0.99868
1159 A	0.00074	0.00055	0.99871
1160 A	0.00073	0.00053	0.99874
1161 T	0.00073	0.00043	0.99884
1162 A	0.00072	0.00036	0.99892
1163 A	0.00071	0.00031	0.99898
1164 T	0.00072	0.00027	0.99901
1165 T	0.00072	0.00026	0.99902
1166 G	0.00072	0.00026	0.99903
1167 G	0.00072	0.00025	0.99903
1168 T	0.00072	0.00025	0.99903
1169 T	0.00072	0.00024	0.99904
1170 A	0.00073	0.00023	0.99904
1171 T	0.00073	0.00021	0.99906
1172 T	0.00073	0.00018	0.99909
1173 A	0.00073	0.00017	0.9991
1174 A	0.00073	0.00016	0.99911
1175 A	0.00073	0.00016	0.99911
1176 T	0.00073	0.00015	0.99911
1177 G	0.00073	0.00015	0.99911
1178 T	0.00074	0.00014	0.99912
1179 T	0.00074	0.00014	0.99912
1180 G	0.00074	0.00013	0.99913
1181 A	0.00073	0.00013	0.99913
1182 A	0.00074	0.00012	0.99915
1183 G	0.00074	0.00010	0.99916
1184 A	0.00074	0.00010	0.99916
1185 T	0.00074	0.00008	0.99917
1186 T	0.00075	0.00007	0.99918
1187 G	0.00075	0.00007	0.99918
1188 G	0.00075	0.00007	0.99918
1189 T	0.00075	0.00006	0.99918
1190 G	0.00075	0.00006	0.99918
1191 T	0.00076	0.00006	0.99918
1192 A	0.00076	0.00006	0.99918
1193 T	0.00077	0.00005	0.99918
1194 C	0.00077	0.00005	0.99918
1195 T	0.00077	0.00004	0.99918
1196 C	0.00077	0.00004	0.99918
1197 T	0.00078	0.00004	0.99918
1198 C	0.00078	0.00004	0.99918
1199 G	0.00078	0.00004	0.99918
1200 T	0.00078	0.00004	0.99918
1201 C	0.00078	0.00004	0.99918
1202 A	0.00078	0.00004	0.99918
1203 A	0.00078	0.00003	0.99918
1204 T	0.00078	0.00003	0.99918
1205 T	0.00079	0.00003	0.99918
1206 A	0.00079	0.00003	0.99918
1207 T	0.00079	0.00003	0.99918
1208 G	0.00079	0.00003	0.99919
1209 G	0.00079	0.00003	0.99919
1210 T	0.00079	0.00003	0.99919
1211 G	0.00079	0.00003	0.99919
1212 G	0.00079	0.00002	0.99919
1213 G	0.00079	0.00002	0.99919
1214 G	0.00079	0.00002	0.99919
1215 T	0.00079	0.00002	0.99919
1216 C	0.00079	0.00002	0.99919
1217 A	0.00079	0.00002	0.99919
1218 T	0.00079	0.00002	0.99919
1219 T	0.00079	0.00002	0.99919
1220 C	0.00079	0.00002	0.99918
1221 T	0.00079	0.00002	0.99918
1222 A	0.00079	0.00002	0.99918
1223 T	0.00079	0.00003	0.99918
1224 T	0.00078	0.00003	0.99918
1225 C	0.00077	0.00004	0.99918
1226 C	0.00077	0.00005	0.99918
1227 T	0.00076	0.00006	0.99917
1228 G	0.00075	0.00008	0.99916
1229 T	0.00074	0.00010	0.99916
1230 T	0.00073	0.00012	0.99915
1231 T	0.00070	0.00016	0.99914
1232 G	0.00064	0.00024	0.99912
1233 G	0.00061	0.00030	0.99909
1234 T	0.00059	0.00035	0.99905
1235 A	0.00056	0.00040	0.99903
1236 T	0.00055	0.00044	0.99901
1237 A	0.00052	0.00051	0.99897
1238 A	0.00051	0.00055	0.99893
1239 A	0.00051	0.00059	0.99891
1240 A	0.00050	0.00061	0.99889
1241 A	0.00050	0.00062	0.99888
1242 T	0.00049	0.00063	0.99888
1243 G	0.00048	0.00065	0.99887
1244 A	0.00046	0.00068	0.99886
1245 A	0.00045	0.00070	0.99885
1246 G	0.00044	0.00073	0.99883
1247 A	0.00044	0.00074	0.99882
1248 A	0.00044	0.00073	0.99882
1249 A	0.00045	0.00073	0.99882
1250 T	0.00046	0.00071	0.99883
1251 T	0.00047	0.00070	0.99883
1252 A	0.00048	0.00071	0.99882
1253 A	0.00048	0.00071	0.99881
1254 A	0.00050	0.00068	0.99883
1255 G	0.00051	0.00061	0.99888
1256 T	0.00055	0.00054	0.99891
1257 T	0.00057	0.00050	0.99893
1258 C	0.00057	0.00049	0.99894
1259 A	0.00057	0.00051	0.99892
1260 A	0.00060	0.00048	0.99892
1261 G	0.00062	0.00046	0.99893
1262 T	0.00064	0.00044	0.99893
1263 T	0.00064	0.00043	0.99893
1264 G	0.00064	0.00044	0.99893
1265 A	0.00063	0.00044	0.99894
1266 A	0.00064	0.00042	0.99895
1267 G	0.00065	0.00039	0.99896
1268 A	0.00066	0.00037	0.99897
1269 T	0.00068	0.00034	0.99898
1270 C	0.00069	0.00032	0.99898
1271 C	0.00069	0.00033	0.99898
1272 A	0.00067	0.00035	0.99897
1273 G	0.00067	0.00036	0.99896
1274 G	0.00068	0.00037	0.99896
1275 A	0.00070	0.00036	0.99893
1276 A	0.00073	0.00035	0.99892
1277 A	0.00074	0.00034	0.99892
1278 T	0.00076	0.00031	0.99893
1279 G	0.00076	0.00030	0.99893
1280 G	0.00077	0.00028	0.99895
1281 T	0.00080	0.00025	0.99895
1282 T	0.00081	0.00022	0.99896
1283 T	0.00082	0.00021	0.99897
1284 T	0.00082	0.00020	0.99898
1285 G	0.00081	0.00021	0.99898
1286 T	0.00081	0.00020	0.99899
1287 T	0.00079	0.00022	0.99899
1288 C	0.00077	0.00024	0.99899
1289 A	0.00076	0.00030	0.99894
1290 A	0.00075	0.00033	0.99892
1291 G	0.00075	0.00033	0.99892
1292 A	0.00075	0.00035	0.9989
1293 A	0.00074	0.00035	0.9989
1294 A	0.00075	0.00034	0.99891
1295 C	0.00076	0.00031	0.99893
1296 A	0.00077	0.00030	0.99893
1297 G	0.00078	0.00028	0.99893
1298 A	0.00079	0.00027	0.99893
1299 T	0.00081	0.00025	0.99894
1300 G	0.00082	0.00024	0.99894
1301 T	0.00083	0.00023	0.99894
1302 T	0.00083	0.00022	0.99894
1303 T	0.00084	0.00022	0.99894
1304 T	0.00084	0.00022	0.99894
1305 A	0.00084	0.00022	0.99894
1306 G	0.00084	0.00021	0.99895
1307 A	0.00084	0.00020	0.99896
1308 T	0.00085	0.00018	0.99897
1309 A	0.00085	0.00017	0.99898
1310 C	0.00086	0.00014	0.999
1311 A	0.00087	0.00012	0.99901
1312 T	0.00091	0.00007	0.99901
1313 G	0.00093	0.00005	0.99902
1314 G	0.00094	0.00004	0.99902
1315 T	0.00095	0.00003	0.99902
1316 T	0.00095	0.00002	0.99902
1317 T	0.00096	0.00002	0.99903
1318 T	0.00096	0.00002	0.99903
1319 C	0.00096	0.00001	0.99903
1320 T	0.00096	0.00001	0.99903
1321 T	0.00096	0.00001	0.99903
1322 C	0.00096	0.00001	0.99903
1323 T	0.00096	0.00001	0.99903
1324 T	0.00096	0.00001	0.99903
1325 C	0.00096	0.00001	0.99903
1326 T	0.00096	0.00001	0.99902
1327 T	0.00096	0.00002	0.99902
