# lcl|CP097583.1_cds_USQ93239.1_1
# AA	inside	membr	outside
1 A	0.43809	0.00000	0.5619
2 T	0.43783	0.00026	0.5619
3 G	0.43767	0.00043	0.5619
4 T	0.43767	0.01520	0.54713
5 A	0.43175	0.04306	0.52519
6 T	0.43175	0.04722	0.52103
7 T	0.34713	0.13317	0.51969
8 T	0.34712	0.13324	0.51963
9 G	0.30054	0.18191	0.51754
10 A	0.30045	0.39674	0.3028
11 A	0.29179	0.42016	0.28804
12 A	0.18615	0.53450	0.27935
13 A	0.08122	0.68590	0.23288
14 A	0.08120	0.68592	0.23287
15 A	0.08120	0.90172	0.01708
16 A	0.07933	0.90359	0.01708
17 T	0.07755	0.90593	0.01651
18 T	0.07741	0.90731	0.01527
19 A	0.07222	0.91265	0.01513
20 A	0.05230	0.93428	0.01342
21 A	0.02712	0.95945	0.01343
22 A	0.02572	0.96102	0.01327
23 C	0.02508	0.96149	0.01342
24 A	0.02529	0.96181	0.0129
25 A	0.02658	0.96038	0.01304
26 A	0.02765	0.95900	0.01335
27 A	0.03942	0.94433	0.01625
28 A	0.05830	0.92015	0.02156
29 T	0.06553	0.89299	0.04148
30 A	0.07217	0.81359	0.11424
31 G	0.07168	0.80907	0.11925
32 A	0.07546	0.78358	0.14096
33 A	0.23895	0.65058	0.11047
34 A	0.25151	0.64641	0.10208
35 A	0.27676	0.54666	0.17659
36 A	0.33156	0.41314	0.2553
37 A	0.34148	0.40144	0.25708
38 T	0.52897	0.21483	0.25619
39 T	0.52876	0.22601	0.24523
40 T	0.52958	0.23761	0.23281
41 T	0.52860	0.24600	0.2254
42 A	0.51799	0.26055	0.22147
43 A	0.51757	0.25217	0.23027
44 A	0.51249	0.26406	0.22345
45 T	0.50865	0.27584	0.21552
46 G	0.50473	0.28238	0.21289
47 A	0.50237	0.28728	0.21035
48 T	0.50177	0.28865	0.20958
49 A	0.49806	0.29572	0.20623
50 A	0.49582	0.29963	0.20455
51 A	0.49779	0.29654	0.20567
52 T	0.50458	0.28742	0.208
53 A	0.51106	0.27987	0.20906
54 T	0.52713	0.25999	0.21288
55 G	0.53871	0.24655	0.21473
56 T	0.57235	0.20953	0.21812
57 T	0.58263	0.19934	0.21803
58 T	0.58567	0.19663	0.21769
59 G	0.58910	0.19236	0.21853
60 T	0.59865	0.17960	0.22175
61 T	0.60760	0.16942	0.22298
62 C	0.62146	0.15158	0.22695
63 T	0.63616	0.13751	0.22633
64 A	0.64383	0.13035	0.22582
65 T	0.65114	0.11659	0.23227
66 A	0.65501	0.11639	0.2286
67 T	0.67958	0.09390	0.22653
68 T	0.68578	0.09197	0.22225
69 T	0.68633	0.08975	0.22392
70 T	0.67655	0.10119	0.22226
71 T	0.65610	0.12533	0.21857
72 A	0.60408	0.18369	0.21224
73 C	0.54029	0.25812	0.20159
74 A	0.47934	0.37158	0.14909
75 A	0.43979	0.43313	0.12708
76 A	0.41916	0.46959	0.11124
77 A	0.41477	0.48141	0.10382
78 T	0.41669	0.48484	0.09847
79 A	0.41242	0.49721	0.09037
80 A	0.41451	0.49696	0.08853
81 T	0.41627	0.49359	0.09015
82 T	0.41602	0.49524	0.08874
83 T	0.41488	0.49764	0.08748
84 T	0.41232	0.50188	0.08579
85 A	0.40839	0.50690	0.08471
86 A	0.40582	0.50957	0.08461
87 A	0.40260	0.51213	0.08528
88 G	0.40233	0.51135	0.08632
89 A	0.40579	0.50662	0.08759
90 A	0.41212	0.49806	0.08981
91 G	0.42164	0.48072	0.09765
92 A	0.42643	0.46882	0.10476
93 T	0.43502	0.44425	0.12073
94 A	0.44138	0.41836	0.14027
95 A	0.45160	0.36245	0.18595
96 A	0.46755	0.28689	0.24556
97 T	0.52119	0.17090	0.30791
98 T	0.54130	0.11381	0.34489
99 T	0.55470	0.08223	0.36307
100 G	0.55871	0.07473	0.36657
101 A	0.56357	0.06935	0.36708
102 T	0.57201	0.05611	0.37188
103 T	0.57556	0.05319	0.37124
104 T	0.57797	0.05348	0.36855
105 T	0.58000	0.05761	0.36239
106 T	0.58071	0.06226	0.35702
107 T	0.58070	0.06600	0.3533
108 T	0.57887	0.06681	0.35431
109 A	0.57347	0.07090	0.35563
110 T	0.57149	0.06926	0.35925
111 A	0.56635	0.07310	0.36055
112 C	0.56516	0.07334	0.36151
113 C	0.56467	0.07371	0.36161
114 C	0.56503	0.07357	0.3614
115 T	0.56616	0.07298	0.36087
116 T	0.56653	0.07312	0.36035
117 G	0.56600	0.07410	0.3599
118 T	0.56725	0.07345	0.3593
119 T	0.56765	0.07436	0.35799
120 T	0.56608	0.07855	0.35537
121 A	0.56156	0.08897	0.34946
122 G	0.55918	0.09563	0.34519
123 T	0.55769	0.10631	0.336
124 T	0.55126	0.13955	0.30919
125 A	0.54023	0.17840	0.28137
126 T	0.53956	0.19064	0.26981
127 G	0.53562	0.20625	0.25812
128 T	0.53175	0.22391	0.24434
129 T	0.51995	0.24532	0.23473
130 A	0.50555	0.26669	0.22776
131 A	0.49782	0.27823	0.22395
132 A	0.49513	0.28180	0.22307
133 A	0.49247	0.28667	0.22086
134 T	0.49138	0.28779	0.22083
135 T	0.48610	0.30586	0.20804
136 T	0.47640	0.32860	0.19501
137 T	0.46050	0.35513	0.18437
138 T	0.41882	0.40677	0.17441
139 A	0.35790	0.47526	0.16685
140 A	0.32565	0.51045	0.1639
141 A	0.30494	0.53333	0.16172
142 A	0.28801	0.55184	0.16015
143 A	0.28266	0.55812	0.15922
144 A	0.28647	0.55330	0.16024
145 A	0.29324	0.54307	0.16369
146 A	0.30660	0.52353	0.16988
147 T	0.34240	0.47569	0.18191
148 T	0.36862	0.43566	0.19572
149 T	0.37730	0.42120	0.2015
150 A	0.37994	0.41196	0.2081
151 T	0.38441	0.39747	0.21812
152 T	0.37074	0.40035	0.2289
153 A	0.33502	0.42964	0.23534
154 G	0.30674	0.45855	0.23471
155 A	0.29431	0.48392	0.22178
156 A	0.28995	0.49909	0.21096
157 A	0.29018	0.50899	0.20084
158 T	0.31056	0.47310	0.21633
159 T	0.32376	0.44028	0.23596
160 T	0.32741	0.41717	0.25543
161 T	0.32429	0.38866	0.28705
162 T	0.31005	0.36569	0.32426
163 G	0.29611	0.36131	0.34257
164 A	0.28864	0.35852	0.35284
165 A	0.28544	0.35289	0.36167
166 G	0.28597	0.35090	0.36313
167 T	0.28859	0.35472	0.35669
168 T	0.28736	0.36237	0.35027
169 T	0.28263	0.37099	0.34638
170 T	0.26639	0.39724	0.33637
171 A	0.24687	0.43665	0.31649
172 A	0.23550	0.46413	0.30037
173 A	0.22764	0.48372	0.28865
174 A	0.22506	0.49148	0.28346
175 A	0.22467	0.48898	0.28635
176 A	0.22874	0.46720	0.30406
177 A	0.23596	0.43868	0.32536
178 G	0.25215	0.40734	0.3405
179 A	0.26584	0.38641	0.34774
180 T	0.28861	0.35485	0.35653
181 T	0.29172	0.35564	0.35264
182 T	0.28591	0.38042	0.33368
183 A	0.25989	0.46582	0.27429
184 A	0.22598	0.56041	0.21361
185 T	0.20826	0.59733	0.19441
186 A	0.17519	0.66667	0.15814
187 A	0.16763	0.68830	0.14407
188 A	0.16833	0.70274	0.12893
189 G	0.17294	0.70193	0.12513
190 T	0.18479	0.69610	0.11911
191 T	0.18702	0.69782	0.11516
192 A	0.18075	0.70080	0.11845
193 G	0.18136	0.68688	0.13175
194 A	0.18901	0.66636	0.14463
195 A	0.20080	0.64573	0.15347
196 C	0.21463	0.62460	0.16077
197 A	0.22926	0.61002	0.16071
198 A	0.24582	0.59406	0.16012
199 A	0.25622	0.58550	0.15828
200 T	0.25503	0.58690	0.15807
201 A	0.23554	0.60955	0.15491
202 G	0.22732	0.62256	0.15012
203 A	0.22861	0.62605	0.14534
204 A	0.23840	0.61179	0.1498
205 A	0.26888	0.57057	0.16055
206 A	0.34910	0.45934	0.19156
207 T	0.43248	0.33629	0.23123
208 G	0.46067	0.28721	0.25212
209 T	0.49955	0.21809	0.28236
210 G	0.51189	0.19754	0.29057
211 T	0.53319	0.17381	0.29301
212 T	0.53893	0.16683	0.29424
213 T	0.54162	0.16207	0.2963
214 T	0.53870	0.15978	0.30153
215 T	0.52801	0.16365	0.30833
216 T	0.50721	0.18289	0.30991
217 C	0.42944	0.26038	0.31018
218 A	0.35785	0.35006	0.29208
219 A	0.31920	0.39305	0.28775
220 A	0.30559	0.40784	0.28657
221 A	0.30110	0.41251	0.2864
222 T	0.30358	0.40784	0.28858
223 G	0.30316	0.39617	0.30067
224 G	0.30683	0.37090	0.32227
225 T	0.31889	0.34790	0.3332
226 T	0.32660	0.33703	0.33637
227 T	0.32891	0.33395	0.33714
228 T	0.32956	0.33517	0.33528
229 T	0.32840	0.34246	0.32914
230 T	0.32697	0.35352	0.31951
231 A	0.32278	0.37300	0.30422
232 A	0.32061	0.39043	0.28897
233 A	0.32074	0.40549	0.27377
234 T	0.32332	0.41289	0.26379
235 A	0.32311	0.41554	0.26136
236 T	0.32537	0.40700	0.26763
237 T	0.32456	0.40541	0.27003
238 A	0.32299	0.40903	0.26797
239 A	0.32444	0.39371	0.28185
240 A	0.32775	0.32819	0.34406
241 T	0.34541	0.25225	0.40234
242 T	0.34853	0.23244	0.41904
243 A	0.33982	0.28226	0.37793
244 A	0.32805	0.35052	0.32143
245 A	0.26794	0.47921	0.25285
246 T	0.22865	0.56958	0.20177
247 A	0.16694	0.67339	0.15967
248 G	0.13472	0.72439	0.14088
249 A	0.11625	0.77624	0.10751
250 A	0.10505	0.80618	0.08876
251 A	0.09624	0.82419	0.07957
252 A	0.09843	0.82476	0.0768
253 A	0.10645	0.81723	0.07632
254 A	0.12004	0.80055	0.07941
255 A	0.13386	0.78505	0.08109
256 A	0.15021	0.76687	0.08292
257 T	0.16591	0.74873	0.08536
258 C	0.16999	0.74073	0.08928
259 A	0.17109	0.73893	0.08997
260 C	0.17697	0.73179	0.09125
261 T	0.18689	0.72148	0.09163
262 C	0.18787	0.72030	0.09182
263 A	0.19053	0.71795	0.09153
264 A	0.19715	0.71116	0.09168
265 A	0.21438	0.69346	0.09217
266 A	0.26600	0.63304	0.10097
267 A	0.32883	0.55860	0.11257
268 A	0.40849	0.40208	0.18944
269 T	0.48356	0.27530	0.24113
270 T	0.53300	0.16706	0.29994
271 T	0.54928	0.12435	0.32637
272 T	0.56385	0.09672	0.33942
273 A	0.56822	0.09039	0.34139
274 T	0.56603	0.09040	0.34358
275 T	0.55847	0.10175	0.33979
276 G	0.53235	0.13745	0.3302
277 A	0.52188	0.20174	0.27639
278 A	0.51824	0.22380	0.25796
279 T	0.51621	0.23648	0.24731
280 A	0.51083	0.25324	0.23593
281 T	0.50861	0.25489	0.2365
282 T	0.50598	0.25935	0.23468
283 T	0.50335	0.26457	0.23207
284 T	0.50074	0.27029	0.22897
285 G	0.49687	0.27529	0.22784
286 A	0.49354	0.28061	0.22585
287 A	0.49097	0.28147	0.22756
288 T	0.48916	0.28174	0.2291
289 A	0.48563	0.28630	0.22806
290 G	0.48101	0.29160	0.22739
291 C	0.47902	0.29553	0.22544
292 G	0.47664	0.30873	0.21463
293 A	0.47568	0.32609	0.19823
294 T	0.47813	0.32870	0.19317
295 G	0.48011	0.33028	0.18961
296 A	0.48857	0.32400	0.18742
297 G	0.50159	0.30273	0.19568
298 A	0.51335	0.28269	0.20397
299 G	0.52904	0.24089	0.23007
300 T	0.58628	0.17556	0.23817
301 T	0.60295	0.16058	0.23647
302 A	0.61397	0.15237	0.23366
303 T	0.62443	0.13685	0.23873
304 T	0.62544	0.13378	0.24078
305 G	0.62166	0.13564	0.2427
306 T	0.61839	0.14277	0.23884
307 C	0.61207	0.15305	0.23487
308 A	0.55963	0.23307	0.20729
309 A	0.53305	0.27635	0.19059
310 A	0.51301	0.30166	0.18533
311 A	0.49065	0.33090	0.17844
312 A	0.48041	0.34933	0.17025
313 G	0.48021	0.35001	0.16978
314 A	0.48381	0.34717	0.16902
315 A	0.49696	0.33247	0.17057
316 T	0.51658	0.31160	0.17182
317 T	0.52267	0.30641	0.17092
318 T	0.52539	0.30607	0.16854
319 A	0.52475	0.31233	0.16292
320 A	0.52560	0.31375	0.16065
321 T	0.52768	0.31129	0.16103
322 A	0.52794	0.31132	0.16074
323 A	0.53017	0.30866	0.16118
324 T	0.53596	0.30118	0.16286
325 C	0.53924	0.29531	0.16545
326 A	0.54028	0.29326	0.16646
327 A	0.54319	0.28757	0.16924
328 G	0.54987	0.27448	0.17565
329 T	0.56140	0.25784	0.18076
330 A	0.56842	0.24423	0.18736
331 G	0.59211	0.15988	0.24801
332 T	0.60867	0.11358	0.27774
333 A	0.61458	0.08884	0.29658
334 G	0.62266	0.06433	0.31302
335 T	0.63426	0.04379	0.32195
336 T	0.63966	0.03858	0.32176
337 T	0.64166	0.03847	0.31986
338 T	0.64194	0.04262	0.31544
339 G	0.64146	0.05009	0.30845
340 G	0.64242	0.07471	0.28286
341 A	0.64507	0.08832	0.26661
342 T	0.65112	0.09582	0.25306
343 T	0.65339	0.10175	0.24485
344 A	0.65343	0.11181	0.23477
345 T	0.65346	0.13703	0.2095
346 T	0.65196	0.14772	0.20032
347 C	0.65056	0.15583	0.19361
348 T	0.64967	0.15908	0.19125
349 T	0.64846	0.16056	0.19098
350 C	0.64671	0.16270	0.19059
351 A	0.64477	0.16519	0.19004
352 C	0.64389	0.16634	0.18977
353 C	0.64368	0.16717	0.18916
354 A	0.64353	0.16963	0.18683
355 A	0.64381	0.17022	0.18596
356 A	0.64534	0.16916	0.1855
357 T	0.64805	0.16675	0.1852
358 A	0.65008	0.16482	0.1851
359 T	0.65491	0.15936	0.18573
360 A	0.65772	0.15587	0.1864
361 G	0.66290	0.15009	0.18701
362 C	0.67092	0.14164	0.18744
363 T	0.69414	0.11974	0.18612
364 A	0.70562	0.11070	0.18369
365 A	0.71752	0.09906	0.18342
366 A	0.72636	0.09023	0.18342
367 A	0.73684	0.07960	0.18356
368 A	0.76153	0.05349	0.18498
369 C	0.77455	0.03720	0.18825
370 T	0.78328	0.02666	0.19006
371 T	0.78562	0.02282	0.19156
372 C	0.78603	0.02108	0.1929
373 T	0.78664	0.01996	0.19341
374 C	0.78691	0.01935	0.19374
375 T	0.78693	0.01966	0.1934
376 A	0.78678	0.02031	0.19291
377 T	0.78847	0.01874	0.19279
378 T	0.78557	0.02131	0.19313
379 G	0.77883	0.02805	0.19313
380 G	0.77636	0.02996	0.19368
381 A	0.77548	0.03043	0.19409
382 C	0.77545	0.03016	0.19439
383 A	0.77585	0.03048	0.19367
384 T	0.77787	0.02823	0.19389
385 T	0.77824	0.02795	0.19381
386 T	0.77879	0.02745	0.19376
387 A	0.77895	0.02726	0.19378
388 C	0.77894	0.02614	0.19491
389 G	0.77900	0.02589	0.19511
390 T	0.77915	0.02562	0.19523
391 T	0.77911	0.02559	0.1953
392 C	0.77897	0.02571	0.19532
393 T	0.77881	0.02589	0.1953
394 A	0.77845	0.02627	0.19528
395 C	0.77828	0.02629	0.19543
396 A	0.77816	0.02681	0.19504
397 G	0.77831	0.02708	0.19461
398 T	0.77870	0.02704	0.19426
399 T	0.77848	0.02844	0.19308
400 A	0.77670	0.03087	0.19243
401 T	0.77619	0.02748	0.19633
402 T	0.77481	0.02300	0.20219
403 G	0.77053	0.02580	0.20366
404 G	0.76920	0.02701	0.2038
405 T	0.76927	0.02751	0.20321
406 A	0.76904	0.02795	0.20301
407 A	0.76865	0.02867	0.20268
408 T	0.76866	0.02879	0.20256
409 T	0.76808	0.03030	0.20162
410 C	0.76418	0.03735	0.19847
411 T	0.76138	0.04145	0.19716
412 T	0.75695	0.04684	0.19621
413 T	0.74575	0.05950	0.19475
414 A	0.72544	0.08162	0.19294
415 C	0.70900	0.10017	0.19083
416 A	0.69801	0.11624	0.18575
417 A	0.69156	0.12429	0.18415
418 A	0.68908	0.12730	0.18361
419 A	0.68881	0.12763	0.18357
420 A	0.68906	0.12733	0.1836
421 G	0.68995	0.12531	0.18474
422 T	0.69227	0.12186	0.18587
423 T	0.69315	0.11890	0.18795
424 T	0.69337	0.11809	0.18854
425 A	0.69308	0.11729	0.18963
426 T	0.69291	0.11432	0.19277
427 C	0.69175	0.11453	0.19372
428 A	0.69092	0.11585	0.19323
429 A	0.68916	0.11785	0.19299
430 A	0.68895	0.11866	0.19239
431 A	0.68943	0.11841	0.19215
432 G	0.69058	0.11700	0.19242
433 T	0.69446	0.10619	0.19934
434 T	0.69563	0.09815	0.20622
435 A	0.69562	0.09157	0.2128
436 G	0.69451	0.07907	0.22642
437 G	0.69516	0.06372	0.24112
438 T	0.69743	0.05249	0.25009
439 T	0.70046	0.05137	0.24818
440 T	0.70004	0.05741	0.24254
441 T	0.69687	0.06636	0.23677
442 A	0.69034	0.07414	0.23552
443 A	0.67743	0.08750	0.23507
444 A	0.67053	0.09460	0.23487
445 A	0.66828	0.09721	0.23452
446 C	0.66753	0.09756	0.23492
447 T	0.66707	0.09989	0.23304
448 A	0.66357	0.10551	0.23092
449 T	0.66306	0.10555	0.23139
450 T	0.66177	0.10605	0.23218
451 A	0.66037	0.10707	0.23256
452 G	0.66033	0.10511	0.23456
453 C	0.66125	0.10355	0.23519
454 A	0.66210	0.10407	0.23382
455 T	0.66408	0.10195	0.23397
456 T	0.66508	0.10072	0.2342
457 A	0.66540	0.10038	0.23422
458 A	0.66670	0.09864	0.23466
459 T	0.66986	0.09162	0.23853
460 C	0.67157	0.08618	0.24225
461 A	0.67535	0.08197	0.24268
462 T	0.68552	0.07025	0.24422
463 T	0.69356	0.06102	0.24542
464 T	0.69561	0.05673	0.24766
465 A	0.69300	0.05563	0.25136
466 G	0.69143	0.04450	0.26407
467 G	0.69088	0.03936	0.26976
468 T	0.69112	0.03900	0.26988
469 G	0.68722	0.04807	0.26471
470 A	0.68443	0.05977	0.2558
471 T	0.68187	0.06482	0.25331
472 T	0.67603	0.07432	0.24965
473 G	0.66280	0.09685	0.24035
474 G	0.64994	0.12611	0.22394
475 G	0.64501	0.13390	0.22109
476 G	0.64285	0.13820	0.21896
477 T	0.64357	0.13761	0.21882
478 A	0.64172	0.13965	0.21863
479 C	0.64026	0.14103	0.21871
480 T	0.63929	0.14295	0.21776
481 C	0.63826	0.14513	0.21661
482 A	0.63775	0.14725	0.215
483 A	0.63761	0.14798	0.21441
484 T	0.63795	0.14792	0.21413
485 T	0.63780	0.14818	0.21402
486 T	0.63508	0.15091	0.21401
487 G	0.62037	0.16406	0.21557
488 G	0.60082	0.18155	0.21763
489 A	0.59425	0.18706	0.21869
490 A	0.59177	0.18953	0.21871
491 A	0.59177	0.18977	0.21846
492 A	0.59699	0.18001	0.223
493 T	0.60718	0.16331	0.22951
494 T	0.61202	0.15159	0.23639
495 A	0.61434	0.14488	0.24078
496 A	0.62356	0.12490	0.25155
497 T	0.63905	0.09798	0.26297
498 T	0.64127	0.09085	0.26788
499 T	0.64145	0.08752	0.27103
500 T	0.63939	0.08874	0.27186
501 A	0.62328	0.10374	0.27298
502 G	0.60594	0.12027	0.27379
503 C	0.59760	0.12834	0.27406
504 T	0.59104	0.13830	0.27065
505 T	0.56796	0.16984	0.2622
506 A	0.50648	0.24953	0.244
507 T	0.44718	0.32663	0.22618
508 A	0.33707	0.46146	0.20147
509 A	0.26874	0.53486	0.19639
510 A	0.22243	0.57551	0.20207
511 A	0.19870	0.58252	0.21877
512 A	0.18208	0.59438	0.22354
513 A	0.17057	0.60280	0.22663
514 T	0.16765	0.60187	0.23048
515 G	0.16096	0.60593	0.23311
516 G	0.15750	0.60771	0.23479
517 G	0.15330	0.61064	0.23606
518 C	0.15020	0.61473	0.23508
519 T	0.14746	0.63226	0.22028
520 A	0.13817	0.67215	0.18968
521 A	0.13360	0.68660	0.17981
522 A	0.13182	0.69371	0.17447
523 A	0.13100	0.69800	0.171
524 A	0.13116	0.68331	0.18554
525 A	0.13204	0.66369	0.20427
526 G	0.13409	0.64825	0.21766
527 A	0.13936	0.63337	0.22727
528 A	0.14890	0.59476	0.25635
529 A	0.16648	0.51647	0.31705
530 A	0.18590	0.43320	0.3809
531 T	0.21176	0.31205	0.47619
532 A	0.21786	0.25264	0.52951
533 T	0.22382	0.20411	0.57207
534 G	0.22476	0.19123	0.58401
535 T	0.22535	0.19076	0.58389
536 T	0.22267	0.20957	0.56776
537 A	0.21707	0.25558	0.52735
538 A	0.21408	0.32270	0.46322
539 A	0.21242	0.38890	0.39868
540 A	0.21176	0.41343	0.37481
541 G	0.21422	0.40964	0.37614
542 A	0.22567	0.40120	0.37312
543 T	0.25508	0.36875	0.37617
544 C	0.26172	0.36350	0.37478
545 C	0.26547	0.38603	0.34849
546 T	0.26848	0.41704	0.31448
547 A	0.26563	0.45496	0.27941
548 T	0.26577	0.46633	0.2679
549 T	0.25910	0.48932	0.25158
550 A	0.25059	0.51766	0.23176
551 A	0.24794	0.52621	0.22586
552 T	0.24893	0.52850	0.22257
553 G	0.24770	0.53160	0.2207
554 A	0.24712	0.53462	0.21826
555 A	0.25339	0.52780	0.21881
556 T	0.26487	0.51492	0.2202
557 T	0.27464	0.50310	0.22225
558 A	0.28383	0.49244	0.22372
559 C	0.30257	0.47012	0.22731
560 A	0.33875	0.43090	0.23035
561 A	0.39923	0.36792	0.23285
562 A	0.45813	0.30689	0.23498
563 G	0.49045	0.27251	0.23704
564 A	0.50485	0.25703	0.23812
565 G	0.52752	0.22830	0.24419
566 T	0.55028	0.20260	0.24711
567 T	0.56616	0.18505	0.24879
568 T	0.59534	0.15521	0.24945
569 A	0.61781	0.13272	0.24947
570 T	0.64383	0.10212	0.25405
571 A	0.64801	0.09683	0.25517
572 T	0.66252	0.07508	0.2624
573 T	0.67371	0.05770	0.26859
574 T	0.67075	0.06029	0.26896
575 T	0.66266	0.07101	0.26633
576 A	0.64308	0.09111	0.26581
577 T	0.62872	0.10541	0.26587
578 T	0.60729	0.12673	0.26598
579 T	0.55432	0.17968	0.266
580 C	0.42218	0.31186	0.26597
581 A	0.28670	0.45004	0.26327
582 T	0.24752	0.49059	0.26188
583 C	0.19528	0.54457	0.26015
584 A	0.15347	0.59650	0.25004
585 A	0.13731	0.61508	0.24761
586 G	0.13327	0.62009	0.24663
587 A	0.12834	0.62663	0.24502
588 A	0.12676	0.62873	0.24451
589 G	0.12691	0.62703	0.24606
590 T	0.12810	0.62395	0.24795
591 G	0.12868	0.62187	0.24945
592 A	0.12971	0.61916	0.25112
593 T	0.13178	0.61560	0.25263
594 T	0.13284	0.61479	0.25237
595 A	0.13206	0.62168	0.24626
596 A	0.13209	0.62481	0.24309
597 A	0.13378	0.62060	0.24562
598 A	0.13729	0.61338	0.24933
599 A	0.13914	0.59829	0.26257
600 T	0.14131	0.57277	0.28592
601 A	0.14146	0.54682	0.31171
602 A	0.14070	0.48067	0.37862
603 A	0.13856	0.34220	0.51924
604 C	0.13870	0.20384	0.65746
605 A	0.13571	0.22297	0.64132
606 A	0.13333	0.31993	0.54674
607 T	0.14045	0.45076	0.40879
608 T	0.13810	0.54382	0.31808
609 A	0.12898	0.60278	0.26824
610 G	0.12160	0.63722	0.24119
611 A	0.11792	0.66759	0.21449
612 T	0.11654	0.67094	0.21251
613 G	0.10905	0.68357	0.20738
614 A	0.10755	0.68636	0.20609
615 G	0.10811	0.68644	0.20546
616 C	0.10903	0.68525	0.20572
617 A	0.11083	0.68374	0.20543
618 A	0.11577	0.67858	0.20565
619 G	0.12105	0.67285	0.2061
620 C	0.12769	0.66591	0.2064
621 T	0.13764	0.65630	0.20606
622 A	0.14749	0.64685	0.20565
623 G	0.15033	0.64413	0.20553
624 A	0.15253	0.64274	0.20473
625 A	0.15566	0.63938	0.20496
626 A	0.16281	0.62859	0.2086
627 A	0.17792	0.60907	0.21301
628 A	0.23100	0.54881	0.22018
629 T	0.40002	0.37133	0.22865
630 T	0.59434	0.17168	0.23399
631 T	0.68355	0.07766	0.23879
632 T	0.70082	0.05292	0.24625
633 T	0.70499	0.04158	0.25344
634 T	0.70593	0.03773	0.25634
635 A	0.69986	0.04242	0.25772
636 T	0.70219	0.03434	0.26347
637 C	0.69953	0.03566	0.26481
638 T	0.69710	0.04133	0.26157
639 T	0.68193	0.06240	0.25568
640 T	0.63592	0.11422	0.24986
641 T	0.48977	0.27079	0.23944
642 A	0.24700	0.52824	0.22476
643 G	0.20211	0.58193	0.21596
644 A	0.18954	0.59922	0.21125
645 A	0.18254	0.61226	0.2052
646 A	0.17636	0.62247	0.20117
647 A	0.16967	0.63177	0.19856
648 T	0.14242	0.66027	0.19731
649 A	0.10138	0.70272	0.1959
650 A	0.08300	0.72326	0.19374
651 A	0.07437	0.73252	0.1931
652 G	0.07176	0.73532	0.19292
653 A	0.07040	0.73731	0.19228
654 T	0.06964	0.73836	0.192
655 A	0.06649	0.74356	0.18995
656 A	0.06258	0.75037	0.18705
657 A	0.06019	0.75200	0.1878
658 G	0.05859	0.74751	0.1939
659 A	0.05817	0.74352	0.19831
660 A	0.05943	0.73023	0.21034
661 A	0.06469	0.71018	0.22514
662 T	0.07396	0.67048	0.25556
663 A	0.07933	0.61821	0.30246
664 A	0.08923	0.47011	0.44067
665 C	0.10200	0.23371	0.66429
666 T	0.10999	0.20261	0.6874
667 G	0.11182	0.22548	0.66271
668 A	0.11551	0.31423	0.57026
669 A	0.11875	0.38623	0.49501
670 T	0.12215	0.39190	0.48595
671 T	0.12215	0.36982	0.50802
672 A	0.12043	0.34869	0.53087
673 T	0.12149	0.34143	0.53708
674 G	0.12005	0.35213	0.52781
675 G	0.12007	0.35486	0.52507
676 A	0.12097	0.35797	0.52105
677 A	0.12266	0.35905	0.51828
678 A	0.12603	0.35856	0.51542
679 T	0.13116	0.36137	0.50747
680 A	0.13281	0.36729	0.4999
681 T	0.13422	0.37685	0.48894
682 T	0.13457	0.39519	0.47024
683 T	0.13396	0.43844	0.4276
684 T	0.13182	0.48248	0.3857
685 A	0.12745	0.51439	0.35816
686 A	0.12560	0.53305	0.34135
687 A	0.12613	0.53966	0.33422
688 G	0.13012	0.53966	0.33023
689 A	0.14344	0.52870	0.32786
690 A	0.18190	0.49176	0.32635
691 A	0.27814	0.39457	0.32729
692 T	0.37079	0.30098	0.32823
693 T	0.39523	0.27675	0.32802
694 T	0.40679	0.26434	0.32887
695 C	0.41119	0.25881	0.33
696 T	0.41620	0.25619	0.3276
697 T	0.41393	0.26224	0.32383
698 T	0.40069	0.27869	0.32062
699 A	0.38660	0.29631	0.31708
700 A	0.37409	0.31292	0.31299
701 A	0.36752	0.32085	0.31164
702 A	0.36974	0.31907	0.3112
703 G	0.37680	0.31191	0.31129
704 A	0.39515	0.29374	0.31111
705 A	0.42387	0.26399	0.31214
706 T	0.47646	0.20979	0.31374
707 T	0.51327	0.17071	0.31603
708 T	0.53138	0.14922	0.3194
709 C	0.53794	0.14115	0.32092
710 A	0.53858	0.14053	0.32089
711 T	0.53958	0.13990	0.32052
712 C	0.53766	0.14225	0.32009
713 A	0.53822	0.14248	0.3193
714 A	0.53896	0.14210	0.31895
715 A	0.54097	0.14017	0.31886
716 T	0.54530	0.13561	0.31909
717 T	0.54857	0.13193	0.31951
718 T	0.55092	0.12506	0.32402
719 A	0.55302	0.11871	0.32826
720 T	0.55671	0.10438	0.33891
721 G	0.55768	0.08912	0.35319
722 A	0.55974	0.07337	0.3669
723 T	0.56337	0.05506	0.38158
724 T	0.56417	0.04480	0.39103
725 T	0.56319	0.03883	0.39798
726 A	0.56015	0.03828	0.40157
727 T	0.55834	0.03795	0.40371
728 T	0.55618	0.03984	0.40398
729 A	0.55239	0.04396	0.40365
730 G	0.55082	0.04486	0.40432
731 G	0.55030	0.04458	0.40511
732 A	0.55017	0.04426	0.40557
733 G	0.55058	0.04047	0.40895
734 T	0.55149	0.03719	0.41131
735 T	0.55210	0.03444	0.41346
736 T	0.55258	0.03434	0.41308
737 C	0.55252	0.03644	0.41104
738 A	0.55256	0.03942	0.40802
739 T	0.55279	0.04220	0.40502
740 T	0.55296	0.04377	0.40327
741 T	0.55306	0.04472	0.40221
742 G	0.55302	0.04587	0.40111
743 A	0.55337	0.04590	0.40073
744 T	0.55430	0.04429	0.4014
745 T	0.55490	0.04310	0.40201
746 A	0.55509	0.04252	0.40239
747 T	0.55640	0.04027	0.40334
748 T	0.55710	0.03806	0.40484
749 A	0.55744	0.03506	0.4075
750 T	0.55803	0.03226	0.40971
751 A	0.55834	0.03077	0.41089
752 T	0.55902	0.02736	0.41362
753 T	0.55866	0.02674	0.4146
754 G	0.55524	0.03031	0.41445
755 G	0.55068	0.03577	0.41355
756 T	0.55000	0.03886	0.41114
757 G	0.54892	0.04152	0.40956
758 A	0.54926	0.04436	0.40638
759 A	0.55111	0.04500	0.40389
760 T	0.55465	0.04201	0.40334
761 C	0.55758	0.03963	0.40279
762 T	0.56127	0.03808	0.40066
763 T	0.56273	0.04019	0.39707
764 T	0.56324	0.04343	0.39333
765 T	0.56274	0.04448	0.39278
766 T	0.56093	0.04681	0.39226
767 T	0.55152	0.05672	0.39176
768 T	0.53524	0.07321	0.39155
769 C	0.52135	0.08717	0.39148
770 A	0.50802	0.10126	0.39072
771 T	0.50201	0.10782	0.39017
772 G	0.48972	0.12136	0.38892
773 A	0.48042	0.13316	0.38643
774 T	0.47652	0.13969	0.38379
775 A	0.46753	0.14905	0.38342
776 A	0.46255	0.15370	0.38375
777 A	0.46181	0.15101	0.38718
778 G	0.46231	0.14454	0.39315
779 C	0.46431	0.14141	0.39429
780 A	0.46636	0.13860	0.39504
781 A	0.47042	0.13436	0.39523
782 T	0.47481	0.12975	0.39545
783 T	0.47582	0.12877	0.39541
784 C	0.47393	0.13107	0.395
785 A	0.47330	0.13236	0.39434
786 A	0.47540	0.13094	0.39366
787 T	0.47794	0.12794	0.39412
788 T	0.47689	0.12724	0.39587
789 A	0.46976	0.13312	0.39712
790 T	0.46243	0.12432	0.41324
791 T	0.44003	0.14038	0.41959
792 A	0.36851	0.22787	0.40362
793 G	0.32753	0.27640	0.39607
794 A	0.29325	0.33680	0.36995
795 A	0.28422	0.34424	0.37155
796 G	0.28186	0.34126	0.37688
797 A	0.28180	0.33741	0.38079
798 G	0.28145	0.32986	0.3887
799 C	0.28150	0.32579	0.39271
800 T	0.27919	0.32894	0.39187
801 C	0.27392	0.33563	0.39045
802 A	0.27022	0.34301	0.38677
803 A	0.26748	0.34748	0.38504
804 G	0.26595	0.35188	0.38217
805 A	0.26431	0.35864	0.37704
806 A	0.26358	0.36177	0.37466
807 T	0.26354	0.36304	0.37343
808 A	0.26176	0.36846	0.36977
809 A	0.26086	0.37043	0.36871
810 A	0.26105	0.37124	0.36771
811 A	0.26214	0.36889	0.36897
812 A	0.26480	0.35934	0.37585
813 A	0.27156	0.34040	0.38803
814 A	0.28846	0.29894	0.4126
815 T	0.31612	0.20429	0.47958
816 A	0.32970	0.15461	0.51569
817 C	0.35250	0.09941	0.54809
818 T	0.35804	0.09125	0.5507
819 T	0.36051	0.09363	0.54586
820 G	0.36063	0.09856	0.54081
821 T	0.36142	0.10212	0.53646
822 A	0.36159	0.10712	0.53128
823 T	0.36248	0.10685	0.53067
824 T	0.36337	0.10883	0.5278
825 A	0.36461	0.11178	0.52361
826 G	0.36535	0.11498	0.51967
827 A	0.36774	0.11394	0.51832
828 T	0.37248	0.10872	0.5188
829 G	0.37474	0.10959	0.51566
830 A	0.37879	0.10842	0.5128
831 T	0.38417	0.10492	0.5109
832 G	0.38513	0.10337	0.5115
833 A	0.38661	0.10368	0.50971
834 A	0.38920	0.10467	0.50613
835 G	0.39271	0.10241	0.50487
836 C	0.39430	0.10186	0.50383
837 T	0.39716	0.10341	0.49942
838 T	0.39851	0.11068	0.49081
839 A	0.39923	0.11456	0.48621
840 T	0.40157	0.11403	0.4844
841 G	0.40438	0.11306	0.48256
842 T	0.41253	0.10635	0.48112
843 T	0.41920	0.09938	0.48143
844 A	0.42451	0.09369	0.48181
845 T	0.43115	0.08591	0.48294
846 T	0.43623	0.07986	0.48392
847 C	0.44187	0.07379	0.48433
848 C	0.44808	0.06810	0.48382
849 T	0.45516	0.06539	0.47945
850 T	0.45690	0.06887	0.47423
851 T	0.45704	0.07249	0.47047
852 A	0.45280	0.08009	0.46711
853 G	0.45208	0.08221	0.46571
854 A	0.45291	0.08274	0.46435
855 A	0.44657	0.08930	0.46413
856 A	0.44697	0.08860	0.46443
857 A	0.45078	0.08482	0.4644
858 T	0.45498	0.08080	0.46422
859 G	0.45644	0.08094	0.46262
860 A	0.46070	0.07855	0.46075
861 T	0.46983	0.06907	0.46109
862 T	0.47295	0.06560	0.46146
863 T	0.46907	0.06950	0.46143
864 G	0.45605	0.08222	0.46172
865 C	0.44216	0.09576	0.46208
866 C	0.42027	0.11762	0.4621
867 A	0.38314	0.15517	0.46169
868 C	0.35501	0.18334	0.46164
869 C	0.34581	0.19265	0.46154
870 A	0.34049	0.19847	0.46104
871 G	0.33943	0.19978	0.46078
872 C	0.34322	0.19597	0.46082
873 T	0.34671	0.19509	0.4582
874 T	0.34783	0.20058	0.45158
875 T	0.34540	0.20337	0.45123
876 A	0.33289	0.21640	0.45071
877 A	0.32841	0.22201	0.44958
878 T	0.32446	0.22089	0.45465
879 A	0.31893	0.22912	0.45196
880 C	0.31678	0.23246	0.45077
881 A	0.31493	0.24365	0.44143
882 G	0.31349	0.24935	0.43716
883 A	0.31206	0.25681	0.43112
884 A	0.30521	0.26612	0.42867
885 A	0.30166	0.26978	0.42856
886 A	0.30009	0.26550	0.43441
887 A	0.29890	0.25369	0.44741
888 A	0.29764	0.23910	0.46326
889 A	0.29737	0.21688	0.48575
890 A	0.29748	0.18054	0.52197
891 T	0.29736	0.15523	0.54741
892 G	0.29639	0.15493	0.54868
893 G	0.29591	0.16361	0.54048
894 A	0.29335	0.18789	0.51876
895 A	0.29199	0.19093	0.51708
896 G	0.29362	0.18690	0.51949
897 T	0.30080	0.17668	0.52252
898 A	0.30412	0.16980	0.52608
899 C	0.30660	0.15448	0.53892
900 A	0.30950	0.15347	0.53703
901 C	0.31610	0.14435	0.53955
902 T	0.32408	0.14353	0.53239
903 T	0.32887	0.14701	0.52412
904 T	0.33330	0.15783	0.50887
905 A	0.33299	0.16781	0.49919
906 T	0.33489	0.16990	0.49522
907 T	0.33339	0.16485	0.50176
908 T	0.32935	0.16732	0.50333
909 A	0.32202	0.17417	0.50381
910 A	0.31836	0.17701	0.50464
911 C	0.31633	0.17765	0.50602
912 A	0.31480	0.17966	0.50554
913 A	0.31526	0.18042	0.50432
914 G	0.32042	0.17535	0.50423
915 A	0.32758	0.16866	0.50376
916 G	0.33952	0.15704	0.50344
917 A	0.35974	0.13349	0.50676
918 T	0.36579	0.12430	0.50992
919 A	0.36803	0.12106	0.51091
920 T	0.37039	0.11735	0.51226
921 A	0.37206	0.11444	0.5135
922 G	0.37574	0.10925	0.51501
923 T	0.38516	0.09915	0.51569
924 A	0.38999	0.09475	0.51527
925 T	0.40071	0.08434	0.51495
926 G	0.40607	0.08236	0.51157
927 T	0.41878	0.06969	0.51153
928 G	0.42355	0.06457	0.51187
929 T	0.42687	0.06115	0.51198
930 T	0.42546	0.06298	0.51156
931 T	0.41852	0.07194	0.50954
932 T	0.40437	0.08626	0.50936
933 A	0.37520	0.11332	0.51148
934 G	0.35352	0.13323	0.51324
935 A	0.34633	0.13878	0.51489
936 T	0.34448	0.13908	0.51643
937 C	0.33859	0.14457	0.51684
938 G	0.33779	0.14568	0.51653
939 T	0.33721	0.14636	0.51643
940 T	0.33533	0.14864	0.51602
941 A	0.33007	0.15479	0.51513
942 T	0.31787	0.16739	0.51474
943 C	0.29654	0.18948	0.51398
944 A	0.28041	0.20709	0.51249
945 A	0.27261	0.21549	0.51191
946 A	0.27039	0.21793	0.51167
947 A	0.27031	0.21791	0.51179
948 A	0.27212	0.21587	0.51201
949 T	0.27904	0.20554	0.51542
950 T	0.28222	0.20008	0.5177
951 T	0.28462	0.19447	0.52091
952 A	0.28577	0.19018	0.52405
953 A	0.28791	0.18350	0.52859
954 T	0.29204	0.16762	0.54033
955 T	0.29588	0.14526	0.55886
956 T	0.29622	0.11882	0.58496
957 T	0.29614	0.09820	0.60566
958 T	0.29578	0.09302	0.6112
959 C	0.29501	0.09063	0.61437
960 T	0.29463	0.08961	0.61576
961 A	0.29388	0.09172	0.6144
962 A	0.29379	0.09082	0.61539
963 A	0.29428	0.08931	0.61641
964 T	0.29529	0.08443	0.62028
965 G	0.29531	0.06926	0.63543
966 T	0.29644	0.04797	0.65558
967 T	0.29740	0.03790	0.66471
968 T	0.29743	0.05165	0.65093
969 A	0.29647	0.08712	0.6164
970 T	0.29592	0.12519	0.5789
971 A	0.28995	0.17715	0.5329
972 T	0.28662	0.19483	0.51855
973 G	0.28295	0.21069	0.50636
974 T	0.27875	0.24193	0.47932
975 A	0.27524	0.27766	0.4471
976 G	0.27188	0.30039	0.42774
977 T	0.27066	0.30402	0.42532
978 A	0.26888	0.30759	0.42354
979 G	0.26739	0.31037	0.42224
980 G	0.26593	0.31277	0.4213
981 C	0.26568	0.31391	0.42041
982 A	0.26527	0.31925	0.41549
983 A	0.26667	0.32234	0.41099
984 T	0.26933	0.31974	0.41093
985 G	0.26971	0.32039	0.40991
986 A	0.26950	0.32234	0.40815
987 A	0.26956	0.32258	0.40786
988 C	0.27132	0.32040	0.40828
989 A	0.27119	0.32175	0.40706
990 A	0.27602	0.31802	0.40596
991 A	0.29596	0.29900	0.40505
992 A	0.33317	0.26271	0.40412
993 A	0.37594	0.21931	0.40476
994 T	0.42869	0.15865	0.41267
995 T	0.44453	0.13837	0.4171
996 A	0.45047	0.12926	0.42028
997 C	0.46888	0.10701	0.42411
998 A	0.49117	0.08754	0.42128
999 T	0.50155	0.07591	0.42253
1000 T	0.49052	0.08704	0.42244
1001 A	0.47301	0.10415	0.42284
1002 T	0.45481	0.12133	0.42385
1003 C	0.38369	0.19108	0.42523
1004 A	0.30489	0.27003	0.42508
1005 A	0.25554	0.31949	0.42498
1006 C	0.23299	0.34263	0.42439
1007 A	0.21996	0.35830	0.42174
1008 A	0.20806	0.37492	0.41702
1009 T	0.19977	0.38400	0.41623
1010 T	0.18196	0.40299	0.41505
1011 A	0.16458	0.42366	0.41177
1012 A	0.15647	0.42912	0.41441
1013 A	0.15254	0.43082	0.41664
1014 A	0.15097	0.42992	0.41911
1015 T	0.15166	0.42572	0.42262
1016 C	0.15052	0.42467	0.4248
1017 A	0.14942	0.42547	0.42512
1018 G	0.14950	0.42508	0.42542
1019 T	0.15020	0.42479	0.42501
1020 A	0.14982	0.42590	0.42428
1021 A	0.15290	0.42384	0.42326
1022 T	0.15389	0.40734	0.43877
1023 T	0.15410	0.38859	0.45732
1024 A	0.15328	0.36995	0.47677
1025 A	0.15244	0.34783	0.49973
1026 T	0.15258	0.27940	0.56803
1027 A	0.15251	0.21261	0.63488
1028 A	0.15320	0.16452	0.68228
1029 G	0.15475	0.13604	0.70922
1030 A	0.15779	0.11860	0.7236
1031 T	0.16274	0.09657	0.74069
1032 T	0.16413	0.08443	0.75144
1033 G	0.16462	0.07213	0.76326
1034 G	0.16676	0.07041	0.76283
1035 T	0.16714	0.09828	0.73458
1036 T	0.16674	0.15604	0.67721
1037 A	0.16524	0.19483	0.63993
1038 T	0.16440	0.22477	0.61084
1039 G	0.16255	0.24983	0.58762
1040 A	0.15891	0.28733	0.55377
1041 A	0.15650	0.31731	0.5262
1042 A	0.15597	0.34547	0.49856
1043 A	0.15686	0.35402	0.48912
1044 T	0.16032	0.35019	0.48948
1045 T	0.16013	0.35080	0.48907
1046 T	0.15921	0.35208	0.48871
1047 A	0.15839	0.35425	0.48735
1048 C	0.15809	0.35653	0.48537
1049 A	0.15819	0.36256	0.47925
1050 A	0.15938	0.36484	0.47578
1051 T	0.16030	0.36551	0.47419
1052 T	0.15865	0.36969	0.47166
1053 A	0.14488	0.38416	0.47096
1054 G	0.14055	0.38842	0.47103
1055 A	0.14131	0.38749	0.4712
1056 A	0.14635	0.38144	0.47221
1057 C	0.16588	0.36085	0.47328
1058 A	0.21085	0.31587	0.47328
1059 T	0.28392	0.24235	0.47373
1060 A	0.31672	0.20854	0.47475
1061 T	0.34513	0.17926	0.47561
1062 T	0.36152	0.16170	0.47678
1063 A	0.37986	0.13971	0.48043
1064 A	0.40024	0.11570	0.48406
1065 T	0.42698	0.08540	0.48761
1066 T	0.43411	0.07633	0.48956
1067 T	0.42578	0.08350	0.49073
1068 C	0.41665	0.09129	0.49206
1069 G	0.41175	0.09573	0.49252
1070 G	0.41050	0.09639	0.49311
1071 T	0.41200	0.09457	0.49344
1072 T	0.41622	0.09064	0.49314
1073 T	0.41751	0.09019	0.4923
1074 A	0.41526	0.09276	0.49199
1075 A	0.41608	0.08903	0.49488
1076 T	0.41556	0.07440	0.51004
1077 T	0.41347	0.07210	0.51443
1078 T	0.41188	0.07184	0.51628
1079 T	0.40951	0.07302	0.51747
1080 A	0.40615	0.07605	0.5178
1081 T	0.40492	0.07637	0.51872
1082 T	0.40261	0.07870	0.51869
1083 T	0.38853	0.09269	0.51878
1084 C	0.36482	0.11710	0.51808
1085 A	0.34750	0.14307	0.50944
1086 A	0.32717	0.17192	0.50091
1087 A	0.31721	0.18933	0.49346
1088 A	0.31173	0.20451	0.48376
1089 T	0.30698	0.21799	0.47503
1090 A	0.29211	0.24522	0.46267
1091 T	0.28136	0.25126	0.46738
1092 T	0.25816	0.27952	0.46232
1093 A	0.22136	0.34367	0.43497
1094 A	0.20340	0.37760	0.419
1095 A	0.18993	0.40940	0.40067
1096 A	0.17739	0.42473	0.39788
1097 T	0.17536	0.42405	0.40059
1098 A	0.16764	0.43121	0.40115
1099 T	0.16389	0.43271	0.4034
1100 C	0.15713	0.43634	0.40653
1101 T	0.15335	0.43932	0.40734
1102 A	0.14813	0.44397	0.40789
1103 C	0.14447	0.44625	0.40928
1104 A	0.14214	0.44982	0.40804
1105 A	0.14113	0.45071	0.40817
1106 G	0.13836	0.44171	0.41993
1107 A	0.13647	0.42940	0.43413
1108 G	0.14066	0.41521	0.44412
1109 A	0.14651	0.39795	0.45553
1110 A	0.15349	0.39276	0.45375
1111 A	0.16491	0.38771	0.44738
1112 A	0.17971	0.37127	0.44902
1113 T	0.20908	0.32836	0.46256
1114 A	0.21426	0.31314	0.4726
1115 A	0.22397	0.28395	0.49208
1116 T	0.25020	0.22641	0.52338
1117 A	0.26276	0.20126	0.53598
1118 A	0.27904	0.17084	0.55012
1119 T	0.28634	0.14425	0.56941
1120 T	0.28631	0.13729	0.5764
1121 T	0.28427	0.13074	0.58499
1122 T	0.27820	0.13238	0.58943
1123 C	0.26471	0.14092	0.59437
1124 G	0.23925	0.17040	0.59035
1125 A	0.21701	0.20251	0.58048
1126 T	0.21411	0.21455	0.57134
1127 T	0.20388	0.24842	0.54771
1128 A	0.17567	0.30672	0.51761
1129 A	0.15788	0.34294	0.49919
1130 A	0.14264	0.37321	0.48415
1131 A	0.11834	0.40518	0.47648
1132 G	0.11816	0.40728	0.47457
1133 A	0.12401	0.40961	0.46638
1134 T	0.13497	0.40286	0.46217
1135 A	0.12394	0.42433	0.45173
1136 T	0.11811	0.43440	0.44749
1137 A	0.11127	0.45006	0.43867
1138 A	0.11013	0.45399	0.43588
1139 T	0.11152	0.45322	0.43526
1140 T	0.11057	0.45571	0.43373
1141 A	0.10529	0.46368	0.43103
1142 A	0.10085	0.46906	0.43009
1143 T	0.09767	0.47112	0.4312
1144 A	0.08204	0.48479	0.43318
1145 A	0.07061	0.49074	0.43864
1146 A	0.06076	0.48710	0.45214
1147 G	0.06231	0.45620	0.48148
1148 C	0.06899	0.41524	0.51576
1149 A	0.07655	0.40582	0.51763
1150 G	0.10034	0.37577	0.52389
1151 A	0.12680	0.34041	0.53279
1152 A	0.14243	0.31408	0.54349
1153 A	0.15226	0.28969	0.55804
1154 T	0.15524	0.25759	0.58717
1155 A	0.14179	0.26975	0.58847
1156 G	0.13707	0.27677	0.58616
1157 A	0.13546	0.28266	0.58189
1158 A	0.13895	0.26652	0.59454
1159 G	0.13838	0.25930	0.60232
1160 T	0.14452	0.26347	0.59201
1161 T	0.13636	0.30687	0.55677
1162 A	0.09927	0.42896	0.47177
1163 A	0.08438	0.47956	0.43606
1164 A	0.07337	0.49955	0.42708
1165 A	0.07069	0.50476	0.42454
1166 A	0.06994	0.50294	0.42713
1167 T	0.07059	0.48891	0.44049
1168 A	0.06987	0.48023	0.4499
1169 T	0.06984	0.46940	0.46076
1170 A	0.06899	0.46695	0.46406
1171 A	0.06903	0.46343	0.46754
1172 T	0.07026	0.45671	0.47303
1173 A	0.07070	0.45419	0.47511
1174 A	0.07214	0.45059	0.47727
1175 A	0.07369	0.44486	0.48144
1176 A	0.07504	0.43927	0.4857
1177 G	0.07723	0.42820	0.49457
1178 A	0.08499	0.40721	0.50781
1179 T	0.09921	0.38195	0.51884
1180 A	0.10817	0.36924	0.5226
1181 G	0.11908	0.35595	0.52497
1182 A	0.13430	0.34154	0.52415
1183 A	0.15826	0.31804	0.5237
1184 A	0.19912	0.26567	0.53521
1185 T	0.29161	0.14102	0.56737
1186 T	0.32320	0.10207	0.57473
1187 T	0.33159	0.09602	0.57239
1188 T	0.33333	0.09783	0.56884
1189 T	0.33136	0.09843	0.5702
1190 T	0.32218	0.10837	0.56944
1191 T	0.29406	0.13675	0.56918
1192 C	0.27751	0.15410	0.56839
1193 C	0.26806	0.16390	0.56804
1194 A	0.26329	0.17280	0.56391
1195 G	0.26062	0.17804	0.56134
1196 A	0.25909	0.18131	0.5596
1197 C	0.25961	0.18225	0.55814
1198 A	0.26061	0.18877	0.55062
1199 A	0.26261	0.19926	0.53814
1200 G	0.26409	0.20213	0.53378
1201 A	0.26747	0.20184	0.53069
1202 T	0.26971	0.20118	0.52911
1203 A	0.26679	0.20385	0.52936
1204 A	0.26949	0.20180	0.52871
1205 A	0.27415	0.19692	0.52893
1206 T	0.28177	0.18891	0.52931
1207 G	0.28348	0.18723	0.52929
1208 A	0.28644	0.18476	0.5288
1209 A	0.29274	0.17815	0.5291
1210 A	0.30424	0.16410	0.53167
1211 T	0.31136	0.15030	0.53834
1212 A	0.31328	0.14125	0.54547
1213 T	0.31596	0.12405	0.56
1214 C	0.31740	0.09647	0.58613
1215 T	0.31863	0.08602	0.59534
1216 C	0.31834	0.08132	0.60033
1217 G	0.32035	0.07941	0.60024
1218 T	0.32034	0.08078	0.59888
1219 C	0.31865	0.08359	0.59776
1220 A	0.31737	0.08697	0.59567
1221 A	0.32317	0.08205	0.59478
1222 A	0.33429	0.06985	0.59586
1223 T	0.33906	0.06361	0.59733
1224 A	0.34120	0.06055	0.59825
1225 T	0.34266	0.05323	0.60412
1226 C	0.34318	0.04524	0.61158
1227 T	0.34396	0.04219	0.61384
1228 A	0.34258	0.04241	0.61502
1229 T	0.34213	0.04169	0.61619
1230 C	0.34072	0.04220	0.61707
1231 G	0.34040	0.04227	0.61733
1232 G	0.34084	0.04114	0.61802
1233 G	0.34078	0.04088	0.61834
1234 G	0.34134	0.04018	0.61848
1235 C	0.34236	0.03912	0.61852
1236 T	0.34354	0.03834	0.61812
1237 A	0.34384	0.03950	0.61667
1238 T	0.34511	0.03832	0.61657
1239 T	0.34576	0.03861	0.61563
1240 A	0.34613	0.04078	0.61309
1241 T	0.34760	0.03657	0.61583
1242 T	0.34899	0.03258	0.61843
1243 T	0.35029	0.03109	0.61861
1244 T	0.35015	0.03190	0.61795
1245 T	0.34895	0.03497	0.61608
1246 A	0.34618	0.04388	0.60995
1247 A	0.34376	0.04846	0.60778
1248 T	0.34273	0.04980	0.60747
1249 G	0.34139	0.05138	0.60722
1250 A	0.33803	0.05561	0.60635
1251 T	0.33624	0.05702	0.60674
1252 T	0.33077	0.06398	0.60525
1253 T	0.32151	0.07386	0.60463
1254 A	0.29853	0.10062	0.60085
1255 A	0.28618	0.11575	0.59806
1256 A	0.27903	0.12512	0.59585
1257 A	0.27388	0.13195	0.59417
1258 A	0.26932	0.13816	0.59252
1259 A	0.26751	0.14104	0.59145
1260 T	0.26799	0.14007	0.59194
1261 G	0.26519	0.14266	0.59215
1262 A	0.26570	0.14186	0.59243
1263 T	0.26869	0.13797	0.59334
1264 C	0.26865	0.13689	0.59446
1265 G	0.26920	0.13576	0.59505
1266 T	0.27271	0.13145	0.59584
1267 C	0.27402	0.12948	0.5965
1268 A	0.27560	0.12760	0.5968
1269 T	0.28110	0.12100	0.5979
1270 T	0.28257	0.11748	0.59995
1271 T	0.28121	0.11794	0.60084
1272 A	0.27527	0.12366	0.60107
1273 G	0.27205	0.12259	0.60537
1274 A	0.26867	0.12423	0.60711
1275 T	0.26581	0.12231	0.61188
1276 A	0.25747	0.12454	0.618
1277 T	0.25715	0.10649	0.63637
1278 A	0.25421	0.10197	0.64381
1279 G	0.25448	0.09572	0.6498
1280 A	0.25510	0.09224	0.65266
1281 A	0.25591	0.08799	0.65609
1282 T	0.25668	0.08490	0.65842
1283 T	0.25564	0.08574	0.65863
1284 T	0.25416	0.08643	0.6594
1285 G	0.25193	0.08917	0.6589
1286 A	0.25057	0.09250	0.65694
1287 T	0.24985	0.09337	0.65677
1288 T	0.24812	0.09584	0.65604
1289 T	0.24313	0.10406	0.65281
1290 A	0.23403	0.11889	0.64708
1291 G	0.22836	0.13552	0.63612
1292 A	0.22654	0.14527	0.62819
1293 A	0.22551	0.15132	0.62317
1294 A	0.22528	0.15452	0.62019
1295 A	0.22594	0.15032	0.62374
1296 A	0.22717	0.14661	0.62622
1297 A	0.22986	0.13972	0.63041
1298 T	0.23399	0.12970	0.63631
1299 G	0.23645	0.12162	0.64193
1300 T	0.23884	0.12343	0.63773
1301 T	0.24019	0.12571	0.63411
1302 A	0.24008	0.13572	0.62421
1303 A	0.24106	0.14241	0.61653
1304 A	0.24282	0.14351	0.61367
1305 A	0.24454	0.14220	0.61326
1306 T	0.24827	0.13806	0.61366
1307 T	0.25061	0.13527	0.61412
1308 T	0.25031	0.13434	0.61535
1309 G	0.24814	0.13584	0.61602
1310 A	0.24493	0.13816	0.6169
1311 A	0.24479	0.13638	0.61882
1312 G	0.24714	0.12896	0.6239
1313 G	0.25202	0.11651	0.63146
1314 C	0.26302	0.10110	0.63588
1315 A	0.26950	0.09439	0.63611
1316 A	0.27176	0.09184	0.63639
1317 T	0.27472	0.08870	0.63659
1318 A	0.27313	0.09028	0.6366
1319 C	0.27349	0.08981	0.6367
1320 A	0.27361	0.08964	0.63675
1321 G	0.27617	0.08679	0.63704
1322 G	0.28207	0.08059	0.63734
1323 T	0.29330	0.06929	0.63741
1324 C	0.29883	0.06360	0.63757
1325 C	0.30762	0.05430	0.63808
1326 T	0.31396	0.04902	0.63701
1327 T	0.31608	0.04869	0.63523
1328 A	0.31509	0.05167	0.63324
