# lcl|CP097583.1_cds_USQ93205.1_1
# AA	inside	membr	outside
1 T	0.34449	0.00000	0.6555
2 T	0.34317	0.00133	0.6555
3 G	0.34193	0.00256	0.6555
4 T	0.34193	0.00437	0.6537
5 C	0.30031	0.04949	0.6502
6 A	0.30031	0.05103	0.64866
7 A	0.25922	0.09237	0.6484
8 A	0.25922	0.09238	0.6484
9 A	0.25405	0.09765	0.6483
10 T	0.25404	0.09861	0.64735
11 T	0.25332	0.09940	0.64728
12 T	0.24030	0.11245	0.64725
13 A	0.19040	0.16262	0.64699
14 C	0.19039	0.16262	0.64699
15 T	0.19039	0.16526	0.64434
16 T	0.18878	0.16687	0.64434
17 A	0.18404	0.17171	0.64425
18 T	0.18395	0.17198	0.64407
19 A	0.18065	0.17559	0.64376
20 A	0.17540	0.18499	0.63961
21 A	0.16994	0.19038	0.63968
22 T	0.17004	0.19045	0.63952
23 T	0.17008	0.18962	0.6403
24 A	0.17014	0.18941	0.64045
25 A	0.17022	0.18491	0.64487
26 T	0.17061	0.18122	0.64817
27 A	0.17105	0.17560	0.65336
28 T	0.17287	0.13883	0.6883
29 T	0.17304	0.13634	0.69063
30 A	0.17236	0.10932	0.71831
31 A	0.17180	0.10739	0.72081
32 G	0.17168	0.09680	0.73151
33 T	0.17254	0.08913	0.73833
34 T	0.17247	0.08977	0.73776
35 A	0.17196	0.08332	0.74472
36 T	0.17180	0.04965	0.77854
37 G	0.17095	0.05262	0.77643
38 A	0.17207	0.05047	0.77747
39 T	0.17199	0.04787	0.78014
40 G	0.17186	0.04298	0.78517
41 G	0.17191	0.04124	0.78686
42 C	0.17230	0.03832	0.78938
43 A	0.17566	0.03352	0.79081
44 C	0.17501	0.03549	0.78949
45 T	0.17546	0.04665	0.77789
46 A	0.17520	0.05481	0.76999
47 A	0.17545	0.06404	0.76051
48 T	0.17624	0.06375	0.76001
49 T	0.17643	0.06611	0.75747
50 A	0.17605	0.06893	0.75502
51 T	0.17620	0.06801	0.75579
52 C	0.17446	0.06959	0.75595
53 A	0.17358	0.07189	0.75453
54 T	0.17246	0.07458	0.75296
55 G	0.16782	0.08185	0.75032
56 G	0.16781	0.08383	0.74836
57 T	0.17052	0.08163	0.74785
58 T	0.17018	0.08176	0.74806
59 A	0.16687	0.08561	0.74752
60 T	0.16650	0.08623	0.74727
61 C	0.16391	0.09000	0.74609
62 A	0.16103	0.09754	0.74143
63 A	0.15823	0.10200	0.73977
64 A	0.15699	0.10378	0.73923
65 A	0.15694	0.10399	0.73906
66 A	0.15731	0.10366	0.73903
67 C	0.16162	0.09822	0.74016
68 A	0.17085	0.08884	0.74031
69 G	0.17725	0.08190	0.74084
70 A	0.18561	0.07342	0.74098
71 C	0.18705	0.07180	0.74115
72 T	0.18968	0.06985	0.74047
73 A	0.19149	0.06782	0.74069
74 A	0.19081	0.06847	0.74072
75 T	0.19050	0.06694	0.74256
76 G	0.18808	0.06845	0.74346
77 T	0.18660	0.06668	0.74673
78 G	0.17979	0.06946	0.75075
79 A	0.16977	0.07853	0.7517
80 T	0.16219	0.08602	0.7518
81 A	0.15495	0.09547	0.74958
82 A	0.15228	0.09859	0.74913
83 C	0.15235	0.09670	0.75095
84 A	0.15314	0.09481	0.75206
85 A	0.15665	0.08966	0.75368
86 T	0.15855	0.08573	0.75572
87 T	0.15882	0.08447	0.75671
88 C	0.15859	0.08405	0.75736
89 A	0.15822	0.08336	0.75842
90 A	0.15764	0.08285	0.75951
91 T	0.15760	0.08150	0.76091
92 C	0.15746	0.08057	0.76196
93 A	0.15746	0.08044	0.7621
94 G	0.15770	0.07926	0.76304
95 T	0.15866	0.07729	0.76405
96 G	0.15895	0.07548	0.76557
97 T	0.15954	0.07301	0.76745
98 T	0.15944	0.07001	0.77055
99 A	0.15890	0.06644	0.77466
100 G	0.15900	0.06154	0.77946
101 A	0.16027	0.05110	0.78863
102 A	0.16105	0.03666	0.80229
103 C	0.16281	0.02611	0.81107
104 G	0.16713	0.01738	0.81549
105 T	0.17173	0.01084	0.81743
106 T	0.17261	0.00936	0.81802
107 C	0.17274	0.00923	0.81802
108 T	0.17292	0.01200	0.81509
109 T	0.17289	0.01747	0.80964
110 T	0.17138	0.03136	0.79726
111 A	0.16549	0.05917	0.77534
112 T	0.16199	0.07356	0.76444
113 T	0.15476	0.08859	0.75666
114 T	0.14293	0.10813	0.74893
115 A	0.12073	0.13681	0.74246
116 A	0.10344	0.15758	0.73898
117 A	0.09330	0.16990	0.7368
118 A	0.09116	0.17219	0.73665
119 T	0.09058	0.17247	0.73696
120 A	0.08901	0.17394	0.73706
121 A	0.08844	0.17416	0.7374
122 C	0.08798	0.17404	0.73797
123 T	0.08665	0.17529	0.73806
124 A	0.08555	0.17640	0.73805
125 A	0.08506	0.17693	0.738
126 A	0.08474	0.17732	0.73793
127 C	0.08476	0.17734	0.7379
128 A	0.08494	0.17732	0.73774
129 A	0.08553	0.17685	0.73762
130 A	0.08705	0.17535	0.73761
131 A	0.09119	0.17111	0.7377
132 A	0.09925	0.16272	0.73803
133 A	0.11625	0.14125	0.7425
134 T	0.14464	0.10201	0.75334
135 T	0.15717	0.08022	0.76261
136 T	0.16298	0.06454	0.77247
137 T	0.16529	0.05283	0.78187
138 A	0.16580	0.03833	0.79587
139 A	0.16610	0.02482	0.80908
140 C	0.16683	0.01498	0.8182
141 T	0.16527	0.01616	0.81857
142 A	0.15993	0.02173	0.81835
143 T	0.15599	0.02532	0.81868
144 A	0.14628	0.03532	0.8184
145 G	0.13851	0.04270	0.81878
146 C	0.13429	0.04494	0.82077
147 G	0.13217	0.04616	0.82167
148 G	0.13165	0.04633	0.82201
149 C	0.13160	0.04620	0.8222
150 C	0.13163	0.04614	0.82223
151 A	0.13170	0.04612	0.82218
152 G	0.13184	0.04591	0.82224
153 T	0.13206	0.04572	0.82222
154 C	0.13212	0.04565	0.82223
155 G	0.13216	0.04561	0.82223
156 T	0.13229	0.04542	0.82229
157 A	0.13231	0.04545	0.82224
158 C	0.13236	0.04529	0.82236
159 T	0.13235	0.04566	0.822
160 G	0.13203	0.04635	0.82163
161 A	0.13190	0.04727	0.82083
162 T	0.13223	0.04721	0.82056
163 A	0.13191	0.04875	0.81934
164 A	0.13234	0.04693	0.82074
165 A	0.13289	0.04167	0.82544
166 G	0.13353	0.03640	0.83007
167 G	0.13427	0.02820	0.83754
168 T	0.13444	0.02252	0.84304
169 G	0.13430	0.02035	0.84535
170 T	0.13438	0.01959	0.84604
171 T	0.13437	0.02077	0.84486
172 C	0.13420	0.02129	0.8445
173 A	0.13409	0.02241	0.84351
174 T	0.13408	0.02288	0.84304
175 G	0.13388	0.02374	0.84238
176 C	0.13334	0.02518	0.84148
177 A	0.13207	0.02904	0.83889
178 G	0.13024	0.03368	0.83608
179 A	0.12908	0.04257	0.82835
180 A	0.12799	0.04514	0.82686
181 G	0.12778	0.04710	0.82513
182 A	0.12808	0.04752	0.82439
183 A	0.12887	0.04653	0.8246
184 C	0.13038	0.04469	0.82494
185 A	0.13139	0.04390	0.82471
186 A	0.13305	0.04209	0.82486
187 G	0.13503	0.03998	0.82499
188 T	0.13802	0.03684	0.82513
189 T	0.13924	0.03552	0.82524
190 A	0.14012	0.03445	0.82543
191 T	0.14092	0.03342	0.82567
192 C	0.14141	0.03264	0.82595
193 C	0.14221	0.03177	0.82602
194 A	0.14348	0.03050	0.82603
195 T	0.14472	0.02923	0.82606
196 T	0.14594	0.02812	0.82594
197 T	0.14664	0.02781	0.82555
198 T	0.14707	0.02788	0.82505
199 A	0.14746	0.02699	0.82554
200 A	0.14906	0.02418	0.82676
201 A	0.15165	0.01974	0.82861
202 A	0.15895	0.01123	0.82982
203 C	0.16101	0.00790	0.8311
204 T	0.16318	0.00545	0.83137
205 T	0.16415	0.00432	0.83153
206 C	0.16440	0.00398	0.83162
207 T	0.16461	0.00379	0.8316
208 T	0.16472	0.00370	0.83158
209 T	0.16470	0.00372	0.83157
210 T	0.16409	0.00439	0.83152
211 T	0.16276	0.00585	0.83139
212 G	0.16004	0.00884	0.83111
213 G	0.15674	0.01274	0.83052
214 A	0.15423	0.01691	0.82885
215 T	0.15247	0.02061	0.82692
216 T	0.15021	0.02336	0.82642
217 G	0.14843	0.02521	0.82635
218 A	0.14757	0.02610	0.82633
219 A	0.14741	0.02616	0.82644
220 C	0.14764	0.02572	0.82664
221 C	0.14812	0.02514	0.82674
222 A	0.14787	0.02542	0.8267
223 T	0.14764	0.02563	0.82673
224 A	0.14722	0.02605	0.82673
225 T	0.14700	0.02627	0.82672
226 T	0.14658	0.02670	0.82672
227 C	0.14582	0.02739	0.8268
228 T	0.14492	0.02840	0.82669
229 T	0.14330	0.03014	0.82656
230 T	0.13881	0.03488	0.82631
231 A	0.12484	0.04945	0.82571
232 A	0.10954	0.06501	0.82545
233 A	0.09925	0.07477	0.82597
234 A	0.09591	0.07685	0.82724
235 A	0.09498	0.07496	0.83007
236 G	0.09521	0.07126	0.83353
237 A	0.09666	0.06726	0.83608
238 G	0.09853	0.06329	0.83818
239 C	0.09911	0.06069	0.8402
240 T	0.09925	0.05999	0.84076
241 T	0.09910	0.06044	0.84046
242 T	0.09880	0.06135	0.83986
243 A	0.09756	0.06377	0.83868
244 A	0.09469	0.06732	0.83799
245 A	0.09333	0.06846	0.83821
246 T	0.09288	0.06840	0.83871
247 A	0.09175	0.06924	0.83901
248 A	0.09083	0.06988	0.83929
249 G	0.09026	0.06951	0.84023
250 G	0.09017	0.06809	0.84173
251 T	0.09001	0.06642	0.84357
252 A	0.08975	0.06462	0.84563
253 A	0.08987	0.05980	0.85033
254 T	0.09033	0.04660	0.86307
255 G	0.09044	0.03156	0.878
256 C	0.09061	0.02182	0.88757
257 C	0.09090	0.01912	0.88998
258 T	0.09089	0.01877	0.89033
259 T	0.09075	0.01884	0.8904
260 G	0.09032	0.01928	0.8904
261 C	0.09008	0.01957	0.89035
262 G	0.09000	0.02017	0.88983
263 A	0.09039	0.02146	0.88815
264 T	0.09126	0.02055	0.8882
265 A	0.09182	0.02016	0.88802
266 T	0.09266	0.01857	0.88877
267 T	0.09227	0.01663	0.89111
268 C	0.09024	0.02154	0.88822
269 A	0.08767	0.03786	0.87447
270 A	0.08680	0.05018	0.86302
271 G	0.08611	0.05866	0.85522
272 T	0.08593	0.06525	0.84882
273 A	0.08496	0.07307	0.84197
274 T	0.08479	0.07782	0.8374
275 T	0.08427	0.08139	0.83435
276 A	0.08328	0.08525	0.83146
277 G	0.08298	0.08673	0.8303
278 A	0.08280	0.08830	0.8289
279 T	0.08248	0.08929	0.82822
280 A	0.08195	0.09048	0.82758
281 T	0.08176	0.09108	0.82717
282 A	0.08127	0.09206	0.82667
283 G	0.08097	0.09248	0.82655
284 A	0.08078	0.09303	0.82619
285 A	0.08101	0.09325	0.82575
286 A	0.08212	0.09258	0.8253
287 A	0.08250	0.09235	0.82515
288 A	0.08324	0.09144	0.82532
289 A	0.08430	0.09008	0.82562
290 A	0.08644	0.08692	0.82664
291 A	0.09176	0.07950	0.82874
292 G	0.10544	0.06317	0.83139
293 A	0.11899	0.04835	0.83265
294 T	0.13154	0.03439	0.83407
295 T	0.13911	0.02595	0.83495
296 C	0.14448	0.01928	0.83624
297 T	0.14895	0.01456	0.8365
298 T	0.15117	0.01216	0.83667
299 T	0.15247	0.01066	0.83687
300 A	0.15295	0.01009	0.83697
301 T	0.15409	0.00892	0.83699
302 T	0.15452	0.00806	0.83741
303 T	0.15300	0.00911	0.8379
304 C	0.15131	0.01053	0.83816
305 A	0.15069	0.01106	0.83825
306 T	0.15023	0.01130	0.83847
307 G	0.14880	0.01261	0.8386
308 C	0.14833	0.01311	0.83856
309 T	0.14585	0.01603	0.83812
310 C	0.14078	0.02160	0.83762
311 G	0.13641	0.02666	0.83693
312 T	0.13385	0.02934	0.83681
313 T	0.12832	0.03503	0.83666
314 A	0.12325	0.04021	0.83654
315 T	0.11964	0.04394	0.83643
316 C	0.11320	0.05044	0.83636
317 A	0.11022	0.05393	0.83585
318 T	0.10839	0.05589	0.83572
319 A	0.10358	0.06103	0.8354
320 C	0.10149	0.06325	0.83526
321 T	0.10062	0.06472	0.83465
322 A	0.09906	0.06634	0.8346
323 A	0.09859	0.06671	0.83471
324 A	0.09848	0.06660	0.83493
325 T	0.09858	0.06620	0.83522
326 C	0.09854	0.06377	0.83769
327 T	0.09851	0.06229	0.8392
328 A	0.09852	0.06148	0.84001
329 A	0.09853	0.06070	0.84077
330 A	0.09857	0.05923	0.8422
331 A	0.09886	0.05790	0.84325
332 T	0.09949	0.05231	0.8482
333 T	0.10001	0.04545	0.85453
334 T	0.10019	0.04019	0.85963
335 A	0.09951	0.03948	0.86102
336 T	0.09922	0.03619	0.86459
337 A	0.09811	0.03687	0.86502
338 A	0.09749	0.03694	0.86557
339 G	0.09720	0.03223	0.87057
340 T	0.09761	0.03032	0.87207
341 A	0.09741	0.03257	0.87003
342 T	0.09747	0.03198	0.87056
343 G	0.09699	0.03728	0.86573
344 T	0.09725	0.04195	0.86081
345 T	0.09709	0.04832	0.85459
346 T	0.09690	0.05064	0.85246
347 T	0.09663	0.05256	0.85081
348 T	0.09608	0.05453	0.84938
349 T	0.09532	0.05634	0.84833
350 C	0.09367	0.05908	0.84725
351 A	0.08908	0.06879	0.84213
352 A	0.08428	0.07822	0.83749
353 A	0.08188	0.08322	0.83489
354 A	0.07977	0.08640	0.83384
355 A	0.07849	0.08872	0.83279
356 A	0.07805	0.08953	0.83242
357 A	0.07841	0.08911	0.83248
358 A	0.07988	0.08718	0.83295
359 A	0.08171	0.08506	0.83323
360 A	0.08550	0.08026	0.83425
361 T	0.09001	0.07503	0.83496
362 T	0.09207	0.07259	0.83533
363 A	0.09378	0.07075	0.83548
364 A	0.09714	0.06704	0.83582
365 A	0.10170	0.06212	0.83619
366 T	0.10924	0.05377	0.837
367 T	0.11532	0.04719	0.83749
368 C	0.12110	0.04069	0.83821
369 T	0.12444	0.03711	0.83845
370 T	0.12608	0.03526	0.83866
371 T	0.12692	0.03415	0.83893
372 T	0.12740	0.03337	0.83923
373 A	0.12774	0.03245	0.83981
374 A	0.13134	0.02435	0.84431
375 T	0.13591	0.01480	0.84929
376 T	0.13784	0.01039	0.85177
377 A	0.13790	0.00862	0.85348
378 T	0.13825	0.00752	0.85423
379 C	0.13678	0.00981	0.85341
380 G	0.13596	0.01234	0.8517
381 T	0.13583	0.01287	0.8513
382 T	0.13554	0.01351	0.85095
383 T	0.13510	0.01448	0.85042
384 T	0.13380	0.01666	0.84955
385 C	0.13134	0.02022	0.84844
386 A	0.12930	0.02415	0.84655
387 A	0.12863	0.02595	0.84542
388 G	0.12831	0.02742	0.84426
389 T	0.12825	0.02764	0.84412
390 A	0.12816	0.02781	0.84403
391 T	0.12822	0.02761	0.84417
392 A	0.12828	0.02740	0.84431
393 C	0.12849	0.02691	0.8446
394 T	0.12873	0.02662	0.84465
395 T	0.12890	0.02638	0.84472
396 T	0.12876	0.02648	0.84476
397 G	0.12842	0.02689	0.84468
398 A	0.12799	0.02747	0.84454
399 A	0.12735	0.02779	0.84485
400 A	0.12713	0.02737	0.8455
401 A	0.12726	0.02655	0.8462
402 T	0.12889	0.02301	0.8481
403 A	0.13016	0.02113	0.8487
404 T	0.13068	0.02072	0.84859
405 T	0.13075	0.02262	0.84664
406 A	0.13084	0.02607	0.84309
407 A	0.13143	0.02615	0.84241
408 T	0.13289	0.02395	0.84316
409 T	0.13439	0.02109	0.84451
410 T	0.13527	0.01986	0.84487
411 T	0.13586	0.01906	0.84508
412 T	0.13566	0.01922	0.84511
413 C	0.13463	0.02020	0.84517
414 A	0.13363	0.02123	0.84514
415 C	0.13338	0.02145	0.84517
416 T	0.13322	0.02170	0.84508
417 T	0.13289	0.02214	0.84498
418 A	0.13216	0.02295	0.8449
419 T	0.13166	0.02323	0.84511
420 T	0.13064	0.02404	0.84532
421 A	0.12777	0.02669	0.84554
422 A	0.12527	0.02886	0.84587
423 A	0.12382	0.03006	0.84612
424 G	0.12331	0.03000	0.84669
425 A	0.12328	0.02980	0.84692
426 A	0.12409	0.02856	0.84735
427 G	0.12538	0.02687	0.84775
428 C	0.12838	0.02347	0.84814
429 T	0.13227	0.01944	0.84829
430 C	0.13340	0.01843	0.84816
431 T	0.13422	0.01850	0.84728
432 T	0.13415	0.02010	0.84575
433 T	0.13361	0.02360	0.84279
434 A	0.13217	0.02744	0.84039
435 T	0.13124	0.02940	0.83936
436 T	0.13043	0.03029	0.83928
437 T	0.12873	0.03213	0.83913
438 A	0.12459	0.03712	0.8383
439 T	0.12184	0.04013	0.83802
440 T	0.11675	0.04548	0.83776
441 A	0.10996	0.05235	0.83769
442 G	0.10717	0.05473	0.8381
443 A	0.10579	0.05580	0.83841
444 A	0.10516	0.05431	0.84053
445 G	0.10483	0.05251	0.84267
446 G	0.10475	0.05132	0.84393
447 T	0.10464	0.05125	0.84411
448 G	0.10450	0.05162	0.84389
449 A	0.10442	0.05202	0.84356
450 A	0.10440	0.05246	0.84314
451 A	0.10443	0.05300	0.84258
452 A	0.10465	0.05291	0.84244
453 A	0.10520	0.05240	0.84241
454 G	0.10644	0.05107	0.84249
455 A	0.10848	0.04876	0.84277
456 T	0.11236	0.04377	0.84387
457 T	0.11518	0.03910	0.84573
458 T	0.11648	0.03597	0.84755
459 T	0.11721	0.03459	0.84821
460 G	0.11769	0.03334	0.84897
461 T	0.11866	0.02970	0.85163
462 T	0.11923	0.02720	0.85357
463 T	0.11979	0.02386	0.85635
464 T	0.12022	0.02036	0.85942
465 A	0.12025	0.02012	0.85963
466 T	0.12071	0.01869	0.8606
467 T	0.12075	0.01828	0.86096
468 T	0.11878	0.02027	0.86094
469 A	0.11360	0.02647	0.85993
470 C	0.11102	0.03020	0.85878
471 T	0.10638	0.03918	0.85444
472 A	0.09368	0.05991	0.84642
473 A	0.08880	0.06813	0.84307
474 T	0.08447	0.07509	0.84044
475 A	0.07918	0.08443	0.83639
476 A	0.07507	0.09125	0.83369
477 T	0.07265	0.09633	0.83102
478 A	0.06921	0.10332	0.82747
479 A	0.06775	0.10614	0.8261
480 A	0.06420	0.10995	0.82585
481 G	0.06230	0.11184	0.82587
482 A	0.06111	0.11305	0.82585
483 T	0.06245	0.11155	0.82599
484 C	0.06014	0.11388	0.82599
485 C	0.05722	0.11741	0.82536
486 T	0.05342	0.12400	0.82258
487 A	0.04379	0.13559	0.82063
488 A	0.03781	0.14247	0.81972
489 A	0.03341	0.14752	0.81907
490 A	0.03057	0.15085	0.81858
491 A	0.02989	0.14929	0.82083
492 A	0.03015	0.14383	0.82602
493 A	0.03054	0.13994	0.82952
494 A	0.03402	0.13133	0.83466
495 T	0.04147	0.11216	0.84636
496 A	0.04284	0.10666	0.85051
497 C	0.04461	0.09938	0.856
498 A	0.04677	0.09549	0.85774
499 G	0.04852	0.09157	0.8599
500 T	0.05089	0.08786	0.86125
501 T	0.05305	0.08433	0.86263
502 A	0.05352	0.08338	0.86309
503 A	0.05356	0.07915	0.86728
504 A	0.05378	0.07531	0.87091
505 G	0.05442	0.06972	0.87586
506 T	0.05583	0.06617	0.87799
507 A	0.05648	0.06219	0.88134
508 A	0.05763	0.05788	0.88449
509 T	0.06043	0.05092	0.88865
510 T	0.06148	0.04254	0.89599
511 T	0.06110	0.03995	0.89895
512 A	0.05990	0.04034	0.89976
513 T	0.05945	0.04099	0.89957
514 A	0.05736	0.04819	0.89445
515 A	0.05591	0.05226	0.89183
516 A	0.05544	0.05481	0.88975
517 G	0.05534	0.06101	0.88365
518 T	0.05693	0.06500	0.87807
519 T	0.05859	0.07354	0.86787
520 T	0.05884	0.07655	0.86461
521 A	0.05827	0.08358	0.85814
522 T	0.05832	0.08580	0.85589
523 T	0.05768	0.08902	0.8533
524 C	0.05281	0.09697	0.85023
525 A	0.04578	0.11289	0.84132
526 G	0.04044	0.12202	0.83754
527 A	0.03565	0.13005	0.83431
528 A	0.03269	0.13475	0.83256
529 G	0.03149	0.13686	0.83165
530 A	0.03158	0.13754	0.83088
531 A	0.03246	0.13683	0.83071
532 A	0.03383	0.13536	0.83082
533 A	0.03554	0.13313	0.83134
534 T	0.03867	0.12895	0.83238
535 G	0.04034	0.12585	0.83382
536 A	0.04269	0.12265	0.83466
537 A	0.04782	0.11568	0.83649
538 A	0.05178	0.11013	0.83809
539 A	0.05678	0.10428	0.83894
540 T	0.06634	0.09382	0.83984
541 C	0.07248	0.08702	0.8405
542 A	0.08195	0.07738	0.84068
543 A	0.08714	0.07171	0.84115
544 T	0.09766	0.05988	0.84247
545 T	0.10252	0.05430	0.84318
546 T	0.10592	0.05047	0.84362
547 A	0.10864	0.04339	0.84797
548 T	0.11602	0.02896	0.85503
549 T	0.11878	0.02058	0.86064
550 T	0.12090	0.01356	0.86553
551 T	0.12197	0.01037	0.86766
552 A	0.12252	0.00896	0.86852
553 T	0.12331	0.00752	0.86918
554 T	0.12348	0.00689	0.86963
555 T	0.12343	0.00645	0.87012
556 T	0.12300	0.00677	0.87023
557 T	0.12219	0.00775	0.87005
558 T	0.12138	0.00882	0.8698
559 C	0.11899	0.01163	0.86938
560 A	0.11570	0.01711	0.8672
561 T	0.11366	0.02308	0.86326
562 G	0.11021	0.03097	0.85882
563 G	0.10410	0.04343	0.85247
564 A	0.09765	0.05781	0.84454
565 A	0.09503	0.06281	0.84216
566 A	0.09410	0.06474	0.84116
567 A	0.09384	0.06568	0.84048
568 G	0.09390	0.06571	0.84039
569 G	0.09445	0.06518	0.84036
570 T	0.09581	0.06384	0.84035
571 T	0.09627	0.06342	0.84031
572 T	0.09648	0.06323	0.84028
573 T	0.09638	0.06337	0.84024
574 T	0.09595	0.06381	0.84025
575 T	0.09442	0.06550	0.84009
576 A	0.09134	0.06862	0.84005
577 A	0.08966	0.07016	0.84018
578 A	0.08807	0.07141	0.84051
579 A	0.08696	0.07172	0.84132
580 C	0.08660	0.07064	0.84276
581 A	0.08656	0.07023	0.84321
582 A	0.08722	0.06791	0.84487
583 A	0.08984	0.06289	0.84727
584 T	0.09460	0.05616	0.84924
585 G	0.09843	0.04987	0.85169
586 A	0.10461	0.03754	0.85784
587 T	0.11261	0.02303	0.86435
588 T	0.11480	0.01821	0.86699
589 T	0.11539	0.01671	0.8679
590 T	0.11573	0.01596	0.8683
591 A	0.11577	0.01579	0.86844
592 T	0.11587	0.01543	0.86869
593 T	0.11592	0.01514	0.86895
594 T	0.11591	0.01476	0.86933
595 T	0.11587	0.01437	0.86976
596 T	0.11553	0.01427	0.8702
597 A	0.11485	0.01455	0.8706
598 G	0.11465	0.01326	0.8721
599 T	0.11467	0.01059	0.87474
600 A	0.11467	0.00932	0.87601
601 G	0.11473	0.00788	0.87738
602 G	0.11489	0.00684	0.87827
603 T	0.11511	0.00614	0.87875
604 T	0.11538	0.00560	0.87902
605 T	0.11547	0.00595	0.87858
606 T	0.11538	0.00711	0.87751
607 T	0.11521	0.00857	0.87622
608 T	0.11496	0.01087	0.87417
609 A	0.11445	0.01421	0.87134
610 A	0.11421	0.01723	0.86856
611 T	0.11422	0.01930	0.86648
612 T	0.11395	0.02282	0.86322
613 T	0.11358	0.02821	0.8582
614 T	0.11294	0.03212	0.85494
615 T	0.11155	0.03609	0.85235
616 A	0.10942	0.04012	0.85046
617 T	0.10832	0.04218	0.8495
618 A	0.09939	0.05126	0.84935
619 G	0.09707	0.05337	0.84955
620 G	0.09491	0.05542	0.84967
621 T	0.09332	0.05773	0.84896
622 C	0.08969	0.06338	0.84693
623 A	0.08666	0.06997	0.84337
624 A	0.08129	0.07732	0.84138
625 A	0.07891	0.08052	0.84057
626 A	0.07709	0.08293	0.83999
627 A	0.07613	0.08438	0.83949
628 A	0.07588	0.08516	0.83895
629 G	0.07586	0.08573	0.83841
630 A	0.07579	0.08722	0.83698
631 A	0.07639	0.08670	0.8369
632 A	0.07862	0.08409	0.83729
633 G	0.08140	0.08099	0.83762
634 A	0.08400	0.07809	0.8379
635 C	0.08794	0.07313	0.83893
636 T	0.09355	0.06718	0.83927
637 T	0.09622	0.06393	0.83985
638 T	0.09724	0.06218	0.84058
639 A	0.09630	0.06212	0.84158
640 A	0.09488	0.06281	0.84231
641 C	0.09415	0.05369	0.85216
642 A	0.09380	0.05188	0.85433
643 G	0.09439	0.04886	0.85674
644 A	0.09588	0.04614	0.85798
645 T	0.09870	0.04051	0.8608
646 T	0.10127	0.03590	0.86283
647 T	0.10197	0.02955	0.86849
648 A	0.10070	0.02886	0.87045
649 G	0.10033	0.02790	0.87177
650 A	0.10039	0.02817	0.87144
651 A	0.10081	0.02735	0.87184
652 A	0.10154	0.02618	0.87229
653 A	0.10315	0.02405	0.8728
654 T	0.10379	0.02297	0.87324
655 A	0.10376	0.02934	0.86691
656 T	0.10393	0.03371	0.86237
657 G	0.10373	0.03763	0.85864
658 T	0.10375	0.04012	0.85613
659 T	0.10376	0.04247	0.85377
660 T	0.10359	0.04462	0.85179
661 A	0.10321	0.04747	0.84932
662 A	0.10304	0.04733	0.84963
663 T	0.10301	0.04601	0.85098
664 G	0.10282	0.04550	0.85169
665 T	0.10293	0.04500	0.85207
666 T	0.10293	0.04498	0.85209
667 G	0.10285	0.04504	0.85211
668 A	0.10287	0.04514	0.852
669 T	0.10308	0.04472	0.8522
670 A	0.10323	0.04439	0.85237
671 G	0.10368	0.04283	0.85349
672 T	0.10459	0.04172	0.85369
673 G	0.10566	0.04079	0.85354
674 A	0.10634	0.04057	0.85309
675 A	0.10752	0.03953	0.85295
676 A	0.10890	0.03830	0.8528
677 A	0.11065	0.03657	0.85279
678 A	0.11880	0.02818	0.85302
679 T	0.12717	0.01956	0.85327
680 T	0.13288	0.01345	0.85367
681 T	0.13584	0.01045	0.85371
682 T	0.13706	0.00944	0.8535
683 A	0.13765	0.00937	0.85298
684 T	0.13897	0.00813	0.85289
685 T	0.13950	0.00779	0.85271
686 T	0.13974	0.00769	0.85257
687 T	0.13988	0.00763	0.85249
688 T	0.13999	0.00752	0.85249
689 T	0.13962	0.00788	0.8525
690 A	0.13881	0.00855	0.85263
691 G	0.13862	0.00864	0.85273
692 C	0.13857	0.00865	0.85277
693 T	0.13883	0.00839	0.85278
694 C	0.13852	0.00870	0.85278
695 C	0.13856	0.00868	0.85276
696 A	0.13837	0.00901	0.85262
697 T	0.13834	0.00920	0.85246
698 C	0.13711	0.01083	0.85207
699 T	0.13565	0.01380	0.85055
700 A	0.13339	0.01696	0.84965
701 A	0.13200	0.01879	0.84921
702 T	0.13123	0.01960	0.84918
703 G	0.13012	0.02074	0.84913
704 G	0.12989	0.02097	0.84914
705 A	0.13022	0.02062	0.84915
706 C	0.13083	0.01993	0.84924
707 T	0.13130	0.01948	0.84922
708 T	0.13154	0.01923	0.84923
709 T	0.13138	0.01947	0.84915
710 G	0.13134	0.01945	0.84921
711 T	0.13130	0.01943	0.84927
712 T	0.13117	0.01909	0.84973
713 T	0.13108	0.01851	0.8504
714 A	0.13090	0.01838	0.85072
715 A	0.13089	0.01809	0.85102
716 A	0.13090	0.01779	0.85131
717 G	0.13092	0.01718	0.8519
718 A	0.13098	0.01677	0.85225
719 A	0.13119	0.01593	0.85289
720 A	0.13146	0.01486	0.85368
721 A	0.13205	0.01263	0.85532
722 T	0.13365	0.00902	0.85733
723 T	0.13440	0.00592	0.85968
724 T	0.13469	0.00419	0.86113
725 T	0.13472	0.00333	0.86195
726 T	0.13475	0.00238	0.86287
727 T	0.13477	0.00199	0.86323
728 A	0.13479	0.00178	0.86343
729 T	0.13485	0.00146	0.86368
730 T	0.13493	0.00116	0.86391
731 A	0.13499	0.00086	0.86415
732 A	0.13520	0.00000	0.8648
