# lcl|CP097583.1_cds_USQ93549.1_1
# AA	inside	membr	outside
1 A	0.81250	0.00000	0.1875
2 T	0.80959	0.00291	0.1875
3 G	0.80831	0.00419	0.1875
4 A	0.80831	0.02148	0.17021
5 T	0.79373	0.04406	0.16222
6 G	0.79373	0.04621	0.16006
7 T	0.56414	0.27661	0.15926
8 C	0.56412	0.27665	0.15924
9 A	0.51245	0.32903	0.15853
10 A	0.51235	0.36396	0.1237
11 A	0.50802	0.37018	0.1218
12 A	0.46911	0.41001	0.12089
13 G	0.44923	0.43091	0.11987
14 A	0.44923	0.43091	0.11987
15 A	0.44923	0.43745	0.11333
16 A	0.44911	0.43757	0.11333
17 C	0.44899	0.43771	0.1133
18 T	0.44897	0.43794	0.1131
19 T	0.44846	0.43860	0.11294
20 A	0.44641	0.44143	0.11216
21 T	0.44307	0.44473	0.11221
22 G	0.44274	0.44522	0.11204
23 A	0.44295	0.44349	0.11356
24 C	0.44480	0.44032	0.11487
25 T	0.44687	0.43361	0.11951
26 A	0.44768	0.43242	0.1199
27 T	0.46300	0.40938	0.12762
28 A	0.47017	0.39518	0.13466
29 T	0.47419	0.38653	0.13928
30 T	0.47923	0.16704	0.35372
31 T	0.47796	0.15532	0.36671
32 G	0.47507	0.10702	0.41792
33 C	0.49347	0.07950	0.42702
34 G	0.49386	0.08354	0.4226
35 C	0.49506	0.06996	0.43497
36 T	0.49662	0.09502	0.40836
37 G	0.49626	0.12776	0.37597
38 A	0.50124	0.13592	0.36284
39 T	0.49748	0.26041	0.24211
40 A	0.49244	0.28401	0.22356
41 T	0.49133	0.30648	0.20219
42 C	0.48930	0.31407	0.19663
43 A	0.48778	0.31962	0.1926
44 A	0.48612	0.32541	0.18848
45 T	0.48632	0.32563	0.18805
46 C	0.48433	0.33144	0.18424
47 G	0.48281	0.34057	0.17662
48 C	0.48321	0.34706	0.16974
49 A	0.48052	0.41892	0.10057
50 A	0.48111	0.42999	0.08889
51 A	0.48605	0.43151	0.08244
52 T	0.48925	0.42871	0.08205
53 T	0.49096	0.42680	0.08223
54 A	0.49251	0.42211	0.08538
55 T	0.49481	0.41509	0.0901
56 C	0.49319	0.41493	0.09188
57 C	0.49216	0.41787	0.08997
58 A	0.46905	0.45294	0.07802
59 A	0.48941	0.43473	0.07587
60 A	0.51495	0.41062	0.07442
61 A	0.53076	0.39611	0.07313
62 T	0.64232	0.27967	0.07802
63 C	0.65131	0.26467	0.08402
64 G	0.65303	0.26186	0.08511
65 A	0.61487	0.29790	0.08723
66 C	0.54156	0.36978	0.08866
67 G	0.48231	0.43085	0.08684
68 A	0.41476	0.49952	0.08571
69 C	0.39725	0.51602	0.08674
70 G	0.37132	0.54281	0.08588
71 A	0.34177	0.57224	0.08599
72 C	0.37942	0.53176	0.08882
73 T	0.36722	0.54634	0.08645
74 A	0.28901	0.63578	0.0752
75 C	0.24970	0.68010	0.0702
76 A	0.17307	0.77518	0.05174
77 A	0.12616	0.82526	0.04858
78 A	0.09770	0.85245	0.04986
79 G	0.09126	0.85588	0.05286
80 A	0.09017	0.85399	0.05584
81 C	0.09809	0.81731	0.08459
82 C	0.09772	0.81256	0.08971
83 A	0.09571	0.81512	0.08917
84 T	0.09231	0.82074	0.08694
85 A	0.08120	0.83884	0.07997
86 A	0.07438	0.84568	0.07995
87 A	0.06961	0.83994	0.09045
88 A	0.06766	0.79198	0.14035
89 A	0.06704	0.70220	0.23076
90 G	0.06958	0.63076	0.29965
91 A	0.07060	0.57005	0.35934
92 A	0.07033	0.54237	0.3873
93 A	0.07054	0.51070	0.41877
94 G	0.06951	0.46854	0.46195
95 A	0.06536	0.50200	0.43264
96 A	0.06204	0.50520	0.43276
97 G	0.07141	0.45663	0.47196
98 A	0.07493	0.45281	0.47226
99 A	0.08949	0.40194	0.50858
100 T	0.09060	0.41603	0.49337
101 A	0.08244	0.49304	0.42453
102 T	0.07358	0.57736	0.34906
103 A	0.04058	0.81272	0.1467
104 A	0.03237	0.88960	0.07802
105 A	0.02728	0.89802	0.07469
106 A	0.02660	0.89788	0.07551
107 A	0.02869	0.88996	0.08134
108 T	0.03479	0.87269	0.09252
109 C	0.03575	0.86527	0.09898
110 G	0.03633	0.86236	0.10131
111 C	0.03686	0.86097	0.10217
112 C	0.03625	0.86194	0.10181
113 A	0.03647	0.86388	0.09965
114 A	0.03891	0.86351	0.09757
115 G	0.04579	0.85853	0.09568
116 A	0.05267	0.85515	0.09218
117 A	0.07828	0.83291	0.08881
118 A	0.13820	0.76610	0.09571
119 G	0.16926	0.72537	0.10536
120 T	0.20459	0.68705	0.10835
121 A	0.23535	0.65690	0.10775
122 A	0.26946	0.62617	0.10437
123 A	0.35116	0.54638	0.10246
124 A	0.44366	0.44675	0.10959
125 A	0.51449	0.36620	0.11931
126 T	0.70124	0.15012	0.14865
127 T	0.74376	0.11258	0.14366
128 T	0.73134	0.14770	0.12096
129 A	0.59768	0.31140	0.09092
130 A	0.45398	0.48468	0.06133
131 T	0.43998	0.50188	0.05814
132 T	0.36771	0.57692	0.05537
133 A	0.30862	0.64054	0.05084
134 A	0.29105	0.65855	0.0504
135 A	0.28458	0.66481	0.0506
136 G	0.28627	0.66154	0.05219
137 A	0.28838	0.65814	0.05348
138 A	0.29166	0.65415	0.05418
139 A	0.29564	0.64934	0.05502
140 T	0.30032	0.64323	0.05646
141 A	0.30145	0.64072	0.05783
142 C	0.30283	0.63680	0.06037
143 A	0.30443	0.63436	0.06121
144 A	0.30730	0.62927	0.06343
145 A	0.31160	0.62227	0.06613
146 C	0.31698	0.61397	0.06905
147 A	0.32074	0.60912	0.07014
148 G	0.32663	0.59492	0.07846
149 A	0.33478	0.57745	0.08777
150 G	0.35242	0.53770	0.10988
151 T	0.38372	0.47987	0.13641
152 G	0.41253	0.23484	0.35263
153 A	0.44511	0.00000	0.55489
