# lcl|CP097583.1_cds_USQ93298.1_1
# AA	inside	membr	outside
1 A	0.78787	0.00000	0.21213
2 T	0.78464	0.00323	0.21213
3 G	0.78303	0.00483	0.21213
4 A	0.78303	0.00933	0.20763
5 A	0.76183	0.03385	0.20432
6 T	0.76183	0.03433	0.20383
7 C	0.66715	0.12937	0.20348
8 A	0.66715	0.12943	0.20342
9 A	0.64950	0.14806	0.20244
10 T	0.64947	0.20230	0.14823
11 T	0.63876	0.21920	0.14204
12 A	0.36381	0.49612	0.14006
13 A	0.17823	0.68657	0.1352
14 T	0.17818	0.68662	0.1352
15 A	0.17818	0.69632	0.12549
16 G	0.16359	0.71091	0.12549
17 A	0.13799	0.73667	0.12533
18 A	0.13752	0.73755	0.12493
19 C	0.13077	0.74454	0.12468
20 A	0.10532	0.79465	0.10002
21 A	0.08109	0.81894	0.09997
22 A	0.08105	0.82071	0.09825
23 T	0.08200	0.82056	0.09743
24 T	0.08236	0.82098	0.09666
25 T	0.08174	0.81513	0.10314
26 T	0.07879	0.81606	0.10515
27 A	0.06984	0.82092	0.10924
28 A	0.06439	0.81093	0.12468
29 A	0.05849	0.81406	0.12745
30 A	0.05611	0.74109	0.2028
31 A	0.05508	0.73610	0.20882
32 A	0.05789	0.69762	0.24449
33 A	0.10457	0.62206	0.27337
34 T	0.11088	0.58658	0.30254
35 T	0.11227	0.36771	0.52002
36 A	0.11233	0.27795	0.60972
37 A	0.09847	0.30789	0.59364
38 A	0.10033	0.31997	0.5797
39 A	0.08354	0.35454	0.56193
40 G	0.07998	0.35337	0.56664
41 A	0.07632	0.37821	0.54546
42 A	0.07542	0.39763	0.52695
43 A	0.09738	0.39261	0.51001
44 A	0.09571	0.51254	0.39174
45 A	0.09695	0.54977	0.35329
46 T	0.09913	0.55263	0.34825
47 T	0.09954	0.56350	0.33697
48 T	0.09850	0.58354	0.31796
49 A	0.07956	0.67248	0.24796
50 G	0.07644	0.67292	0.25064
51 A	0.07545	0.67142	0.25313
52 A	0.07470	0.67124	0.25406
53 A	0.07621	0.66735	0.25643
54 C	0.08142	0.66094	0.25764
55 G	0.08752	0.65845	0.25403
56 A	0.09814	0.65009	0.25177
57 T	0.11271	0.63589	0.25141
58 G	0.11790	0.63118	0.25092
59 A	0.13050	0.61853	0.25096
60 T	0.15029	0.58490	0.26481
61 G	0.15705	0.57424	0.26872
62 A	0.17795	0.54190	0.28015
63 A	0.19916	0.51934	0.2815
64 A	0.22550	0.48983	0.28467
65 G	0.25369	0.45905	0.28726
66 A	0.30239	0.40961	0.288
67 T	0.44991	0.25839	0.2917
68 T	0.49553	0.21035	0.29412
69 T	0.51185	0.19229	0.29587
70 A	0.52014	0.18282	0.29703
71 A	0.53635	0.16400	0.29965
72 T	0.58900	0.09393	0.31707
73 C	0.59030	0.08887	0.32083
74 A	0.59154	0.08860	0.31987
75 T	0.59824	0.08185	0.31991
76 A	0.60005	0.08254	0.3174
77 T	0.60319	0.07924	0.31757
78 T	0.60581	0.07765	0.31654
79 T	0.60545	0.07765	0.31691
80 T	0.60474	0.07806	0.3172
81 A	0.60266	0.08060	0.31674
82 A	0.60172	0.07890	0.31938
83 G	0.60136	0.07470	0.32394
84 T	0.60283	0.06699	0.33017
85 G	0.60324	0.06323	0.33353
86 T	0.59785	0.06951	0.33265
87 T	0.58459	0.08545	0.32995
88 T	0.57917	0.09498	0.32584
89 G	0.57037	0.10821	0.32142
90 T	0.56677	0.11956	0.31367
91 A	0.55989	0.14402	0.29608
92 G	0.55669	0.15671	0.28659
93 A	0.55532	0.16593	0.27875
94 A	0.55457	0.16661	0.27882
95 A	0.55301	0.16740	0.27959
96 A	0.55223	0.16486	0.28291
97 G	0.55174	0.16300	0.28526
98 C	0.55294	0.16017	0.28689
99 A	0.55597	0.15640	0.28763
100 G	0.55686	0.15448	0.28866
101 T	0.55916	0.15098	0.28986
102 T	0.55989	0.14854	0.29157
103 C	0.55882	0.14894	0.29224
104 A	0.55906	0.14687	0.29407
105 A	0.55919	0.14536	0.29545
106 T	0.56008	0.14267	0.29726
107 T	0.56084	0.14027	0.29889
108 A	0.56053	0.13865	0.30082
109 G	0.56379	0.11956	0.31665
110 C	0.56833	0.09831	0.33336
111 T	0.57496	0.08632	0.33872
112 C	0.57963	0.07530	0.34507
113 G	0.58808	0.06509	0.34683
114 C	0.60442	0.04630	0.34929
115 T	0.61402	0.03684	0.34914
116 T	0.62009	0.03059	0.34932
117 T	0.62014	0.03100	0.34885
118 T	0.61966	0.03279	0.34755
119 A	0.61767	0.04078	0.34154
120 T	0.61662	0.04109	0.34229
121 A	0.61495	0.04808	0.33697
122 A	0.61390	0.05378	0.33233
123 A	0.61073	0.07178	0.31749
124 G	0.60800	0.08149	0.31051
125 T	0.60351	0.09007	0.30642
126 T	0.59421	0.10867	0.29712
127 G	0.58826	0.12504	0.28669
128 A	0.58625	0.13560	0.27815
129 T	0.58518	0.14124	0.27358
130 A	0.58374	0.14852	0.26774
131 T	0.58307	0.14992	0.26701
132 T	0.58017	0.15433	0.26551
133 G	0.57501	0.16149	0.2635
134 A	0.56985	0.17140	0.25875
135 G	0.55142	0.19138	0.2572
136 A	0.54619	0.19671	0.2571
137 A	0.54240	0.20060	0.257
138 A	0.54177	0.20084	0.25739
139 G	0.54172	0.19957	0.25871
140 C	0.54238	0.19770	0.25992
141 A	0.54489	0.19482	0.26029
142 C	0.55107	0.18739	0.26153
143 A	0.55392	0.18471	0.26137
144 A	0.56041	0.17761	0.26198
145 A	0.56730	0.16997	0.26273
146 T	0.58793	0.14508	0.267
147 T	0.59864	0.13064	0.27072
148 G	0.60482	0.11720	0.27798
149 C	0.61626	0.09571	0.28803
150 T	0.62820	0.07846	0.29334
151 T	0.63443	0.07019	0.29538
152 C	0.63787	0.06554	0.29659
153 T	0.64314	0.06049	0.29637
154 T	0.64363	0.06143	0.29495
155 T	0.64265	0.06100	0.29635
156 A	0.63931	0.06098	0.29972
157 T	0.63892	0.05786	0.30322
158 T	0.63217	0.04706	0.32076
159 A	0.62365	0.05194	0.32441
160 C	0.61969	0.05360	0.3267
161 A	0.61661	0.06572	0.31768
162 T	0.61557	0.07143	0.313
163 G	0.61346	0.07946	0.30707
164 A	0.61051	0.09099	0.2985
165 T	0.60396	0.10573	0.29031
166 T	0.58770	0.12404	0.28826
167 A	0.55736	0.16340	0.27924
168 T	0.54161	0.18236	0.27602
169 A	0.51110	0.21629	0.27261
170 C	0.49340	0.23526	0.27134
171 T	0.48392	0.24948	0.2666
172 A	0.46325	0.28243	0.25431
173 A	0.45632	0.29308	0.2506
174 A	0.45116	0.29968	0.24916
175 A	0.44814	0.30318	0.24868
176 A	0.44127	0.30928	0.24945
177 T	0.44045	0.30770	0.25184
178 G	0.43952	0.30527	0.25521
179 A	0.43788	0.30226	0.25985
180 A	0.43781	0.29697	0.26521
181 C	0.43990	0.28573	0.27437
182 C	0.44170	0.27883	0.27947
183 A	0.44408	0.27524	0.28068
184 T	0.45427	0.26373	0.28199
185 T	0.45690	0.26078	0.28232
186 A	0.45699	0.26037	0.28265
187 G	0.46147	0.25267	0.28586
188 A	0.46829	0.23612	0.29559
189 A	0.47085	0.21121	0.31794
190 T	0.48065	0.16406	0.35529
191 T	0.48354	0.14089	0.37557
192 T	0.48431	0.10930	0.40638
193 C	0.48275	0.09617	0.42108
194 A	0.48361	0.09620	0.42019
195 T	0.49153	0.08287	0.4256
196 T	0.49254	0.07914	0.42831
197 T	0.49019	0.08124	0.42857
198 A	0.46930	0.10820	0.42249
199 T	0.46118	0.11179	0.42704
200 C	0.44661	0.12590	0.42749
201 A	0.43403	0.14877	0.4172
202 T	0.42671	0.16312	0.41017
203 T	0.41781	0.17819	0.40401
204 A	0.39578	0.22001	0.3842
205 T	0.37826	0.25086	0.37088
206 T	0.35776	0.28955	0.3527
207 A	0.33145	0.32810	0.34045
208 A	0.31287	0.35878	0.32835
209 A	0.30366	0.37368	0.32265
210 T	0.29758	0.38206	0.32036
211 A	0.28491	0.39578	0.31932
212 A	0.27337	0.40793	0.31869
213 A	0.27023	0.41046	0.31931
214 A	0.26790	0.41106	0.32104
215 C	0.26575	0.40995	0.3243
216 G	0.26604	0.41693	0.31703
217 A	0.27190	0.42620	0.3019
218 A	0.27816	0.43226	0.28959
219 A	0.28077	0.43812	0.28112
220 A	0.28588	0.43741	0.27671
221 T	0.29852	0.40324	0.29825
222 T	0.30499	0.38891	0.30609
223 A	0.30773	0.37691	0.31535
224 A	0.31675	0.35982	0.32343
225 T	0.32442	0.34441	0.33116
226 A	0.32693	0.33592	0.33715
227 A	0.34083	0.30241	0.35676
228 G	0.35417	0.27029	0.37555
229 T	0.37107	0.23603	0.3929
230 A	0.37617	0.21986	0.40397
231 T	0.38723	0.19310	0.41967
232 A	0.39034	0.18523	0.42444
233 A	0.39211	0.17894	0.42895
234 A	0.39364	0.16755	0.43881
235 C	0.39620	0.15379	0.45002
236 A	0.39882	0.14912	0.45206
237 A	0.40371	0.14159	0.4547
238 G	0.40926	0.13307	0.45766
239 C	0.42308	0.11766	0.45925
240 T	0.44251	0.09798	0.45951
241 C	0.45652	0.08326	0.46022
242 C	0.46861	0.07103	0.46036
243 T	0.47971	0.06026	0.46004
244 T	0.48406	0.05673	0.45921
245 T	0.48693	0.05523	0.45784
246 T	0.48988	0.05464	0.45548
247 A	0.49176	0.05600	0.45224
248 T	0.49494	0.05237	0.45269
249 T	0.49705	0.04787	0.45508
250 T	0.49800	0.04492	0.45708
251 A	0.49718	0.04454	0.45828
252 T	0.49584	0.04394	0.46022
253 C	0.49104	0.04607	0.46289
254 A	0.48763	0.04882	0.46356
255 T	0.48860	0.04662	0.46478
256 G	0.48848	0.04567	0.46585
257 C	0.48911	0.04469	0.46619
258 T	0.48890	0.04488	0.46622
259 T	0.48785	0.04575	0.4664
260 T	0.48430	0.04917	0.46653
261 T	0.47707	0.05636	0.46657
262 A	0.46450	0.06893	0.46656
263 G	0.45273	0.08047	0.46681
264 C	0.44586	0.08713	0.46702
265 G	0.43726	0.09563	0.46711
266 C	0.43511	0.09761	0.46727
267 G	0.43393	0.09890	0.46717
268 G	0.43470	0.09822	0.46709
269 C	0.43714	0.09584	0.46701
270 T	0.44065	0.09233	0.46702
271 A	0.44114	0.09190	0.46696
272 T	0.44155	0.08991	0.46854
273 T	0.44114	0.08859	0.47027
274 G	0.44041	0.08766	0.47192
275 T	0.43999	0.08242	0.47759
276 T	0.43734	0.07641	0.48625
277 G	0.43193	0.08098	0.48708
278 T	0.42547	0.09165	0.48288
279 T	0.41314	0.12251	0.46435
280 A	0.36871	0.22698	0.40431
281 A	0.34125	0.27587	0.38287
282 A	0.31777	0.31509	0.36714
283 A	0.30734	0.32853	0.36413
284 A	0.30069	0.33305	0.36626
285 A	0.29831	0.32782	0.37387
286 G	0.29731	0.32169	0.381
287 A	0.29695	0.32164	0.38141
288 G	0.29676	0.32092	0.38232
289 T	0.29691	0.32515	0.37794
290 T	0.29673	0.32933	0.37394
291 T	0.29620	0.33452	0.36928
292 A	0.29534	0.33923	0.36543
293 A	0.29460	0.34262	0.36278
294 T	0.29407	0.34565	0.36029
295 A	0.29231	0.35556	0.35213
296 T	0.29224	0.36191	0.34584
297 A	0.29070	0.37766	0.33164
298 A	0.29050	0.38635	0.32315
299 A	0.29111	0.38468	0.3242
300 A	0.29488	0.37506	0.33006
301 G	0.30044	0.35974	0.33982
302 A	0.32311	0.32775	0.34913
303 T	0.38569	0.22649	0.38782
304 A	0.40508	0.18469	0.41024
305 T	0.42072	0.14874	0.43054
306 A	0.42326	0.14284	0.43389
307 C	0.42590	0.14116	0.43294
308 A	0.42186	0.16875	0.40939
309 A	0.42518	0.18476	0.39006
310 A	0.43144	0.19270	0.37585
311 T	0.44254	0.18886	0.3686
312 T	0.44832	0.20594	0.34575
313 T	0.44878	0.21952	0.33171
314 T	0.42784	0.24248	0.32969
315 A	0.38541	0.28601	0.32858
316 A	0.37577	0.29491	0.32933
317 A	0.37270	0.29685	0.33045
318 C	0.37862	0.28880	0.33258
319 G	0.38524	0.28328	0.33147
320 C	0.40022	0.26957	0.33021
321 T	0.40986	0.26068	0.32946
322 A	0.41282	0.25874	0.32845
323 T	0.41547	0.25637	0.32816
324 T	0.41585	0.25612	0.32803
325 C	0.41528	0.25683	0.32788
326 A	0.41510	0.25758	0.32732
327 A	0.41594	0.25641	0.32765
328 A	0.41797	0.25395	0.32807
329 A	0.42406	0.24598	0.32995
330 A	0.43311	0.23529	0.33159
331 C	0.45863	0.20040	0.34097
332 A	0.48096	0.17463	0.34441
333 T	0.49859	0.15366	0.34775
334 G	0.50533	0.14405	0.35061
335 T	0.52417	0.12142	0.35441
336 T	0.53232	0.11044	0.35724
337 T	0.52304	0.09536	0.3816
338 G	0.50139	0.08313	0.41547
339 G	0.48594	0.09283	0.42123
340 G	0.47942	0.09605	0.42453
341 G	0.47274	0.10391	0.42335
342 A	0.46923	0.11137	0.4194
343 T	0.46953	0.11335	0.41712
344 C	0.46680	0.11585	0.41736
345 T	0.46333	0.12323	0.41345
346 A	0.45182	0.14747	0.40072
347 T	0.43818	0.16476	0.39707
348 C	0.42001	0.18671	0.39328
349 A	0.40838	0.20566	0.38596
350 A	0.39132	0.22908	0.37961
351 C	0.37392	0.25498	0.3711
352 A	0.35804	0.29050	0.35146
353 T	0.35135	0.30128	0.34737
354 G	0.34355	0.31165	0.3448
355 A	0.33937	0.31752	0.34312
356 G	0.33735	0.32039	0.34226
357 T	0.33716	0.32000	0.34285
358 A	0.33659	0.31932	0.34409
359 A	0.33734	0.31572	0.34694
360 A	0.33888	0.30244	0.35868
361 T	0.34271	0.27903	0.37827
362 T	0.34573	0.26242	0.39185
363 A	0.34679	0.25637	0.39685
364 G	0.34885	0.24836	0.4028
365 A	0.35260	0.24070	0.4067
366 T	0.35619	0.23544	0.40838
367 A	0.35613	0.23475	0.40912
368 A	0.36007	0.22862	0.41131
369 A	0.37140	0.20869	0.4199
370 A	0.37714	0.18759	0.43527
371 T	0.38517	0.16131	0.45351
372 A	0.39389	0.14193	0.46417
373 G	0.40311	0.11660	0.48029
374 T	0.41433	0.09106	0.49461
375 T	0.42833	0.07518	0.49649
376 T	0.42974	0.08414	0.48612
377 T	0.42928	0.09077	0.47995
378 T	0.42404	0.11568	0.46028
379 A	0.40595	0.16971	0.42434
380 T	0.39805	0.18012	0.42183
381 T	0.37460	0.20646	0.41894
382 A	0.34319	0.24459	0.41223
383 G	0.31859	0.26995	0.41146
384 C	0.30127	0.28911	0.40962
385 G	0.28224	0.32355	0.3942
386 A	0.26976	0.34256	0.38768
387 C	0.26359	0.35187	0.38454
388 A	0.25933	0.36768	0.37299
389 A	0.25790	0.37281	0.36929
390 G	0.26005	0.37140	0.36855
391 A	0.26248	0.37070	0.36682
392 T	0.26598	0.36929	0.36473
393 A	0.26754	0.37107	0.36139
394 G	0.26903	0.37534	0.35562
395 A	0.27061	0.37997	0.34942
396 A	0.27011	0.38775	0.34213
397 A	0.27322	0.38702	0.33976
398 A	0.28635	0.37395	0.3397
399 T	0.30560	0.35218	0.34222
400 A	0.31227	0.34331	0.34443
401 A	0.32857	0.31813	0.3533
402 T	0.35950	0.26409	0.3764
403 A	0.35656	0.25871	0.38473
404 G	0.35470	0.23952	0.40578
405 A	0.35826	0.21240	0.42934
406 G	0.35976	0.18760	0.45264
407 A	0.36316	0.17138	0.46545
408 T	0.38397	0.13373	0.48231
409 T	0.39048	0.11673	0.4928
410 A	0.39132	0.10988	0.4988
411 T	0.39761	0.09788	0.50452
412 C	0.39587	0.09756	0.50656
413 C	0.38789	0.11113	0.50098
414 G	0.37937	0.12954	0.49109
415 A	0.38020	0.13864	0.48116
416 A	0.38326	0.14441	0.47233
417 T	0.39006	0.13994	0.47
418 G	0.39542	0.13713	0.46745
419 T	0.40359	0.12723	0.46919
420 T	0.40581	0.12451	0.46969
421 G	0.40621	0.12437	0.46942
422 A	0.40698	0.12490	0.46812
423 T	0.40943	0.12130	0.46927
424 T	0.41046	0.12209	0.46744
425 A	0.41071	0.12872	0.46057
426 T	0.41206	0.12406	0.46388
427 T	0.41051	0.12355	0.46594
428 T	0.40663	0.12696	0.46641
429 A	0.40002	0.13386	0.46612
430 C	0.39730	0.13580	0.4669
431 G	0.39373	0.14111	0.46516
432 A	0.39206	0.14536	0.46258
433 A	0.39246	0.14789	0.45965
434 A	0.39551	0.14582	0.45867
435 G	0.39948	0.14204	0.45847
436 T	0.40920	0.12373	0.46707
437 T	0.41696	0.10852	0.47451
438 A	0.42247	0.10431	0.47322
439 T	0.43008	0.09891	0.47102
440 C	0.43173	0.10116	0.46711
441 T	0.43361	0.12278	0.44362
442 T	0.43286	0.14130	0.42584
443 T	0.42944	0.15791	0.41264
444 A	0.40485	0.19880	0.39635
445 G	0.38039	0.24183	0.37778
446 A	0.36773	0.26675	0.36552
447 A	0.36503	0.27391	0.36106
448 A	0.36842	0.27503	0.35656
449 A	0.36818	0.27623	0.3556
450 T	0.37135	0.27112	0.35753
451 T	0.37136	0.26870	0.35994
452 T	0.36991	0.26732	0.36278
453 A	0.36646	0.27036	0.36318
454 A	0.36465	0.27064	0.36472
455 A	0.36478	0.27014	0.36507
456 T	0.36672	0.26845	0.36483
457 A	0.36409	0.27101	0.36491
458 A	0.36383	0.27152	0.36465
459 A	0.36356	0.27161	0.36482
460 A	0.36626	0.26775	0.36599
461 C	0.37213	0.25930	0.36857
462 T	0.38242	0.24895	0.36863
463 A	0.39154	0.24002	0.36844
464 T	0.42347	0.20661	0.36992
465 T	0.44200	0.18574	0.37226
466 T	0.45234	0.17223	0.37543
467 A	0.46086	0.13973	0.39941
468 T	0.47621	0.09912	0.42467
469 T	0.48407	0.07813	0.43779
470 A	0.48758	0.06946	0.44296
471 T	0.49431	0.05802	0.44768
472 T	0.49804	0.05134	0.45062
473 T	0.49950	0.04893	0.45157
474 T	0.49859	0.04830	0.45311
475 T	0.49417	0.05216	0.45366
476 T	0.48593	0.06153	0.45254
477 A	0.47156	0.08009	0.44834
478 A	0.46472	0.09040	0.44489
479 A	0.45162	0.10839	0.44
480 A	0.44576	0.11721	0.43704
481 T	0.44345	0.11898	0.43757
482 T	0.43703	0.12770	0.43527
483 A	0.42570	0.14317	0.43112
484 A	0.41018	0.16205	0.42777
485 C	0.40793	0.16750	0.42456
486 T	0.40859	0.18390	0.40752
487 T	0.40731	0.19132	0.40137
488 T	0.40345	0.19920	0.39734
489 T	0.39622	0.20964	0.39415
490 T	0.38216	0.22670	0.39114
491 C	0.37199	0.23874	0.38927
492 A	0.36826	0.24754	0.3842
493 T	0.36765	0.25100	0.38135
494 A	0.36682	0.25733	0.37585
495 T	0.36805	0.26158	0.37037
496 T	0.36833	0.26693	0.36473
497 A	0.36764	0.26902	0.36334
498 T	0.36604	0.26718	0.36677
499 A	0.36386	0.26463	0.3715
500 A	0.36479	0.25343	0.38178
501 A	0.36710	0.24530	0.3876
502 G	0.37286	0.22371	0.40343
503 A	0.37960	0.21127	0.40913
504 A	0.38350	0.20506	0.41143
505 A	0.38801	0.19568	0.41631
506 A	0.39356	0.18162	0.42482
507 G	0.39851	0.15963	0.44185
508 A	0.40498	0.15314	0.44188
509 A	0.42382	0.14342	0.43276
510 T	0.43646	0.13305	0.43049
511 T	0.44286	0.12127	0.43587
512 T	0.44452	0.11090	0.44458
513 T	0.43706	0.10685	0.4561
514 A	0.41489	0.12862	0.45649
515 C	0.39344	0.15637	0.45019
516 A	0.38265	0.22583	0.39151
517 A	0.38339	0.25421	0.3624
518 T	0.38807	0.25201	0.35992
519 T	0.38887	0.25081	0.36032
520 T	0.38362	0.25522	0.36116
521 T	0.37315	0.26309	0.36377
522 C	0.35648	0.27723	0.3663
523 C	0.33914	0.29444	0.36642
524 C	0.32692	0.30787	0.36521
525 T	0.31901	0.31632	0.36466
526 G	0.30422	0.33165	0.36413
527 A	0.29568	0.34054	0.36379
528 A	0.29248	0.34384	0.36369
529 C	0.29219	0.34393	0.36388
530 A	0.29257	0.34347	0.36397
531 A	0.29718	0.33869	0.36413
532 T	0.30912	0.32638	0.3645
533 T	0.31558	0.31963	0.36478
534 A	0.31569	0.31938	0.36493
535 A	0.31660	0.31540	0.368
536 A	0.31969	0.30274	0.37757
537 A	0.32571	0.27362	0.40067
538 G	0.33462	0.23875	0.42664
539 T	0.39335	0.16417	0.44249
540 T	0.42115	0.12855	0.45029
541 T	0.42471	0.11917	0.45611
542 T	0.42515	0.11061	0.46424
543 T	0.42478	0.10240	0.47282
544 G	0.42412	0.09322	0.48266
545 A	0.42373	0.08225	0.49402
546 T	0.42417	0.06753	0.50829
547 T	0.42492	0.06328	0.5118
548 T	0.42430	0.06890	0.5068
549 T	0.42177	0.07085	0.50739
550 T	0.41497	0.08157	0.50346
551 T	0.39075	0.12035	0.48891
552 T	0.34744	0.18633	0.46623
553 A	0.30235	0.24622	0.45144
554 A	0.28502	0.27113	0.44386
555 G	0.26172	0.30307	0.43521
556 A	0.23893	0.34034	0.42073
557 A	0.22309	0.36124	0.41567
558 T	0.20424	0.38640	0.40936
559 A	0.15848	0.44741	0.39412
560 A	0.13383	0.48925	0.37692
561 A	0.12357	0.51403	0.3624
562 A	0.11443	0.54040	0.34517
563 T	0.10639	0.56722	0.32639
564 A	0.09078	0.59589	0.31333
565 A	0.07473	0.62419	0.30108
566 A	0.07220	0.62842	0.29937
567 A	0.07224	0.62874	0.29902
568 A	0.07418	0.62679	0.29903
569 A	0.08032	0.61983	0.29985
570 A	0.09460	0.60301	0.30238
571 T	0.11782	0.57372	0.30845
572 T	0.13130	0.55385	0.31485
573 A	0.13955	0.53758	0.32287
574 A	0.15092	0.50554	0.34354
575 T	0.16880	0.44613	0.38507
576 T	0.17719	0.40181	0.42099
577 A	0.18215	0.38237	0.43548
578 A	0.19036	0.35414	0.4555
579 T	0.20400	0.31813	0.47787
580 A	0.20854	0.29842	0.49304
581 A	0.21538	0.27187	0.51275
582 A	0.23049	0.21454	0.55498
583 G	0.24847	0.16979	0.58175
584 A	0.26508	0.14062	0.59429
585 A	0.28784	0.10401	0.60815
586 T	0.31320	0.06361	0.62319
587 A	0.32627	0.03298	0.64076
588 A	0.33977	0.00000	0.66024
