# lcl|CP097583.1_cds_USQ93352.1_1
# AA	inside	membr	outside
1 A	0.68738	0.00000	0.31262
2 T	0.68181	0.00557	0.31262
3 G	0.67943	0.00795	0.31262
4 C	0.67943	0.01121	0.30935
5 A	0.63586	0.06945	0.29469
6 A	0.63586	0.07220	0.29194
7 C	0.59722	0.11158	0.29121
8 A	0.59722	0.11162	0.29117
9 A	0.59274	0.11669	0.29057
10 A	0.59273	0.14964	0.25763
11 A	0.59168	0.15269	0.25563
12 A	0.55018	0.19529	0.25452
13 G	0.47687	0.27438	0.24876
14 A	0.47685	0.27440	0.24875
15 A	0.47685	0.33366	0.1895
16 A	0.47640	0.33411	0.1895
17 G	0.47616	0.33478	0.18906
18 T	0.47615	0.33668	0.18717
19 T	0.47586	0.33951	0.18463
20 T	0.47161	0.40243	0.12596
21 T	0.44976	0.42293	0.12731
22 T	0.44000	0.44408	0.11592
23 T	0.40749	0.49967	0.09284
24 A	0.34989	0.59344	0.05666
25 A	0.31844	0.62443	0.05713
26 A	0.30327	0.63827	0.05846
27 A	0.29681	0.63750	0.06569
28 A	0.30143	0.59526	0.10331
29 C	0.30080	0.59010	0.1091
30 T	0.30165	0.57500	0.12335
31 A	0.29753	0.59753	0.10494
32 A	0.29561	0.60657	0.09781
33 A	0.31327	0.59218	0.09455
34 A	0.31415	0.59376	0.09208
35 A	0.31747	0.55321	0.12931
36 A	0.32421	0.48393	0.19186
37 G	0.32646	0.47673	0.19681
38 G	0.37603	0.42527	0.1987
39 C	0.37871	0.42343	0.19786
40 A	0.38332	0.42811	0.18857
41 A	0.38852	0.42325	0.18823
42 A	0.39968	0.41144	0.18887
43 A	0.45555	0.35080	0.19365
44 T	0.46222	0.32510	0.21267
45 A	0.47343	0.29251	0.23406
46 G	0.49543	0.22283	0.28173
47 T	0.52802	0.13737	0.33461
48 T	0.53139	0.10871	0.3599
49 G	0.53195	0.09794	0.3701
50 T	0.53558	0.08842	0.376
51 T	0.53860	0.08054	0.38086
52 G	0.53925	0.07624	0.38451
53 G	0.54146	0.07130	0.38724
54 T	0.55790	0.05183	0.39027
55 T	0.56447	0.04491	0.39062
56 C	0.56707	0.04295	0.38999
57 A	0.56950	0.04223	0.38828
58 G	0.56992	0.04279	0.38728
59 T	0.57089	0.04323	0.38588
60 T	0.57179	0.04572	0.38248
61 G	0.57225	0.04611	0.38163
62 G	0.57540	0.04333	0.38128
63 T	0.58440	0.03482	0.38077
64 T	0.58537	0.03415	0.38048
65 C	0.58509	0.03512	0.3798
66 A	0.58451	0.03813	0.37736
67 G	0.58516	0.03912	0.37572
68 T	0.58692	0.03847	0.37462
69 T	0.58730	0.03888	0.37382
70 A	0.58761	0.03925	0.37315
71 T	0.58877	0.03836	0.37286
72 T	0.58930	0.03769	0.37301
73 G	0.58853	0.03812	0.37335
74 G	0.58800	0.03852	0.37348
75 T	0.58779	0.03882	0.37339
76 G	0.58735	0.03959	0.37305
77 C	0.58832	0.03889	0.37279
78 T	0.59066	0.03867	0.37067
79 T	0.59192	0.03965	0.36843
80 T	0.59258	0.04059	0.36683
81 A	0.59263	0.04223	0.36514
82 G	0.59356	0.04282	0.36361
83 T	0.59645	0.04082	0.36273
84 A	0.59644	0.04311	0.36045
85 T	0.59723	0.04308	0.3597
86 T	0.59773	0.04318	0.35909
87 A	0.59606	0.04579	0.35815
88 T	0.59599	0.04597	0.35803
89 A	0.59602	0.04629	0.35769
90 T	0.59614	0.04661	0.35725
91 T	0.59480	0.05051	0.3547
92 T	0.58883	0.06916	0.34201
93 A	0.57214	0.09780	0.33006
94 A	0.56567	0.11192	0.3224
95 T	0.56267	0.11963	0.31771
96 A	0.55406	0.13394	0.31201
97 A	0.55108	0.13593	0.313
98 T	0.55081	0.13528	0.31391
99 T	0.55095	0.13434	0.3147
100 G	0.55028	0.13460	0.31511
101 C	0.55227	0.13246	0.31527
102 T	0.55439	0.13093	0.31468
103 T	0.55541	0.13029	0.3143
104 A	0.55577	0.13027	0.31396
105 T	0.55520	0.13100	0.3138
106 G	0.55365	0.13303	0.31332
107 T	0.55471	0.13188	0.31342
108 T	0.55280	0.13628	0.31092
109 A	0.54755	0.14978	0.30267
110 T	0.54594	0.15670	0.29736
111 G	0.54212	0.16888	0.289
112 A	0.53789	0.18979	0.27231
113 A	0.53386	0.20549	0.26065
114 A	0.53305	0.21502	0.25193
115 T	0.54661	0.19979	0.25359
116 G	0.55688	0.17984	0.26328
117 G	0.56184	0.16999	0.26818
118 A	0.56592	0.16255	0.27152
119 T	0.57162	0.14880	0.27959
120 T	0.57189	0.14540	0.28271
121 C	0.57230	0.14335	0.28435
122 C	0.57273	0.14336	0.28391
123 A	0.57318	0.14666	0.28015
124 T	0.57372	0.15050	0.27578
125 T	0.57103	0.16251	0.26646
126 T	0.55482	0.19049	0.25469
127 A	0.47042	0.29584	0.23374
128 G	0.40604	0.36544	0.22852
129 G	0.36571	0.41399	0.2203
130 G	0.35208	0.43927	0.20865
131 A	0.34742	0.45352	0.19906
132 A	0.35335	0.45519	0.19146
133 A	0.35984	0.48546	0.1547
134 A	0.36859	0.49808	0.13333
135 A	0.37902	0.51535	0.10563
136 A	0.39054	0.50255	0.10691
137 T	0.40152	0.48873	0.10975
138 T	0.40516	0.48369	0.11115
139 A	0.40548	0.48145	0.11307
140 C	0.40382	0.48041	0.11577
141 T	0.39791	0.48561	0.11648
142 C	0.37983	0.50341	0.11675
143 C	0.35688	0.52655	0.11656
144 G	0.33427	0.55072	0.11501
145 G	0.32545	0.56162	0.11294
146 A	0.32202	0.56853	0.10946
147 A	0.32159	0.57098	0.10743
148 G	0.32853	0.55891	0.11256
149 A	0.34005	0.52533	0.13463
150 T	0.35628	0.41939	0.22433
151 G	0.34206	0.37203	0.28592
152 C	0.33364	0.34765	0.31872
153 A	0.32562	0.37781	0.29657
154 G	0.30854	0.43787	0.25358
155 A	0.29376	0.49803	0.20821
156 A	0.31733	0.48957	0.1931
157 A	0.33703	0.47782	0.18515
158 G	0.36627	0.45032	0.18341
159 T	0.36910	0.46292	0.16797
160 T	0.36634	0.47822	0.15545
161 T	0.35611	0.50666	0.13723
162 A	0.27523	0.61158	0.11319
163 A	0.23282	0.65453	0.11266
164 A	0.18164	0.70615	0.11221
165 A	0.16387	0.71239	0.12374
166 A	0.15671	0.70060	0.14269
167 C	0.15113	0.68901	0.15985
168 A	0.14608	0.70863	0.14528
169 A	0.14217	0.73545	0.12238
170 A	0.14235	0.74610	0.11156
171 A	0.14059	0.75346	0.10594
172 A	0.14279	0.75340	0.10381
173 T	0.14878	0.73053	0.12069
174 A	0.15170	0.70344	0.14486
175 G	0.15718	0.67388	0.16895
176 A	0.18216	0.63548	0.18236
177 A	0.23014	0.56505	0.20481
178 T	0.27622	0.49688	0.2269
179 C	0.29508	0.46530	0.23962
180 A	0.30917	0.46045	0.23039
181 T	0.32407	0.45365	0.22228
182 T	0.33845	0.46375	0.1978
183 A	0.32019	0.51639	0.16341
184 G	0.32585	0.50824	0.1659
185 T	0.34139	0.42189	0.23671
186 A	0.32939	0.40126	0.26935
187 G	0.33020	0.35475	0.31505
188 C	0.33386	0.34812	0.31801
189 A	0.32095	0.41878	0.26028
190 G	0.32051	0.41969	0.2598
191 A	0.33876	0.40393	0.25731
192 T	0.36294	0.37858	0.25849
193 A	0.36636	0.38087	0.25276
194 C	0.36361	0.39282	0.24357
195 T	0.35964	0.43288	0.20749
196 G	0.33718	0.46891	0.19391
197 A	0.32398	0.49761	0.17841
198 A	0.29437	0.53797	0.16767
199 G	0.26444	0.59261	0.14295
200 C	0.25363	0.61641	0.12996
201 A	0.24474	0.68211	0.07315
202 A	0.22195	0.71177	0.06627
203 A	0.22241	0.71358	0.064
204 A	0.22004	0.71834	0.06163
205 A	0.23981	0.69680	0.06339
206 C	0.27077	0.63661	0.09262
207 A	0.27799	0.62475	0.09726
208 A	0.28622	0.61268	0.1011
209 C	0.29641	0.59373	0.10987
210 T	0.29777	0.59770	0.10454
211 G	0.27195	0.62228	0.10578
212 T	0.29019	0.58980	0.12001
213 A	0.27045	0.60547	0.12408
214 G	0.25566	0.61737	0.12697
215 C	0.25351	0.60980	0.13668
216 A	0.25182	0.60424	0.14394
217 G	0.25847	0.58164	0.1599
218 A	0.28435	0.55161	0.16405
219 C	0.30076	0.51935	0.17988
220 A	0.31165	0.51607	0.17227
221 A	0.32724	0.47222	0.20055
222 T	0.34684	0.41668	0.23648
223 G	0.33584	0.41793	0.24623
224 A	0.33066	0.41822	0.25111
225 C	0.31233	0.41062	0.27706
226 A	0.28399	0.45592	0.26009
227 A	0.25679	0.48544	0.25777
228 A	0.24176	0.51522	0.24302
229 A	0.23931	0.53225	0.22844
230 T	0.24216	0.56807	0.18978
231 A	0.23645	0.63589	0.12765
232 T	0.23492	0.63826	0.12681
233 A	0.23187	0.62919	0.13894
234 T	0.21502	0.60631	0.17867
235 G	0.16713	0.63289	0.19998
236 A	0.11603	0.68771	0.19627
237 C	0.09493	0.71586	0.18921
238 A	0.08714	0.79074	0.12213
239 A	0.08368	0.82129	0.09504
240 A	0.08361	0.83365	0.08274
241 G	0.08551	0.83509	0.0794
242 T	0.08706	0.83744	0.07549
243 A	0.09169	0.83386	0.07445
244 A	0.09019	0.83524	0.07457
245 A	0.09043	0.83413	0.07545
246 A	0.09458	0.81164	0.09378
247 A	0.09885	0.75914	0.14202
248 A	0.10512	0.72495	0.16993
249 A	0.13018	0.66614	0.20368
250 G	0.14710	0.61439	0.23852
251 C	0.16897	0.57771	0.25332
252 A	0.18806	0.56366	0.24827
253 A	0.23438	0.51721	0.24841
254 T	0.30803	0.44233	0.24965
255 T	0.30434	0.45719	0.23847
256 G	0.29790	0.46256	0.23954
257 A	0.29295	0.45081	0.25624
258 A	0.29975	0.40114	0.29911
259 G	0.32610	0.32705	0.34685
260 C	0.35638	0.29215	0.35146
261 T	0.43081	0.28321	0.28598
262 T	0.45277	0.30628	0.24095
263 T	0.45686	0.34501	0.19814
264 T	0.42821	0.41772	0.15408
265 G	0.30576	0.54807	0.14617
266 A	0.24014	0.61703	0.14284
267 A	0.20733	0.65053	0.14213
268 T	0.19702	0.66286	0.14013
269 C	0.18335	0.67777	0.13888
270 A	0.17179	0.69439	0.13382
271 A	0.16532	0.70930	0.12539
272 A	0.15930	0.72445	0.11624
273 A	0.15296	0.73927	0.10777
274 G	0.14831	0.74431	0.10737
275 T	0.15704	0.73248	0.11048
276 A	0.15589	0.73073	0.11338
277 A	0.16166	0.71920	0.11913
278 C	0.17790	0.68404	0.13807
279 A	0.18059	0.67656	0.14285
280 G	0.18668	0.66377	0.14955
281 C	0.20084	0.64704	0.15212
282 A	0.21425	0.63558	0.15017
283 G	0.25131	0.59926	0.14942
284 T	0.34380	0.50782	0.14837
285 T	0.37889	0.47549	0.14563
286 A	0.38985	0.47329	0.13686
287 A	0.39956	0.42472	0.17571
288 T	0.39324	0.30428	0.30248
289 G	0.32832	0.30850	0.36317
290 A	0.23047	0.41229	0.35725
291 C	0.19525	0.49381	0.31094
292 A	0.15837	0.68273	0.1589
293 A	0.12836	0.76576	0.10588
294 A	0.10791	0.81540	0.07669
295 A	0.09065	0.83194	0.07741
296 G	0.08989	0.82902	0.08109
297 A	0.08415	0.83447	0.08139
298 G	0.08296	0.83237	0.08467
299 C	0.08248	0.82830	0.08923
300 T	0.08043	0.83153	0.08804
301 A	0.07812	0.83922	0.08266
302 C	0.07719	0.84182	0.08099
303 A	0.07611	0.85283	0.07106
304 G	0.07538	0.86237	0.06225
305 A	0.07557	0.87257	0.05186
306 A	0.06875	0.89024	0.04101
307 A	0.06640	0.89703	0.03657
308 A	0.06892	0.89318	0.0379
309 A	0.07896	0.87504	0.046
310 A	0.08831	0.85246	0.05922
311 A	0.10399	0.81987	0.07615
312 A	0.14230	0.70832	0.14938
313 A	0.19918	0.55220	0.24862
314 T	0.27461	0.44024	0.28516
315 T	0.38986	0.29454	0.31561
316 G	0.41775	0.24047	0.34179
317 A	0.43598	0.19934	0.36468
318 T	0.43699	0.17601	0.387
319 A	0.41981	0.18720	0.39299
320 C	0.41344	0.18659	0.39997
321 T	0.38574	0.21448	0.39978
322 A	0.36341	0.23950	0.39709
323 C	0.32940	0.27443	0.39618
324 T	0.30380	0.31856	0.37764
325 G	0.27709	0.38385	0.33907
326 A	0.25192	0.50521	0.24287
327 A	0.20376	0.65374	0.1425
328 A	0.19737	0.66355	0.13907
329 T	0.20053	0.65162	0.14785
330 A	0.17954	0.66777	0.15269
331 G	0.16396	0.68084	0.15521
332 C	0.13428	0.71402	0.1517
333 A	0.10205	0.76400	0.13395
334 A	0.08568	0.79553	0.11879
335 A	0.08183	0.80274	0.11543
336 T	0.08627	0.79911	0.11462
337 T	0.08569	0.80079	0.11351
338 T	0.08319	0.80326	0.11354
339 A	0.07650	0.80917	0.11433
340 A	0.07269	0.80927	0.11805
341 A	0.06974	0.80421	0.12606
342 A	0.06546	0.78740	0.14714
343 A	0.06258	0.77128	0.16614
344 C	0.06428	0.73064	0.20509
345 A	0.06901	0.70021	0.23078
346 G	0.07437	0.64619	0.27943
347 C	0.09521	0.59077	0.31402
348 A	0.13526	0.54035	0.32438
349 G	0.22997	0.43360	0.33642
350 T	0.32370	0.28790	0.3884
351 T	0.32321	0.27164	0.40514
352 G	0.31893	0.27352	0.40755
353 A	0.31523	0.26131	0.42346
354 A	0.31663	0.24620	0.43717
355 G	0.32178	0.20688	0.47134
356 G	0.33957	0.15715	0.50328
357 T	0.35678	0.13047	0.51275
358 T	0.35853	0.17680	0.46467
359 T	0.33807	0.31986	0.34206
360 A	0.26083	0.54576	0.19341
361 A	0.15334	0.76019	0.08647
362 A	0.10586	0.85375	0.04039
363 A	0.09779	0.86260	0.03961
364 A	0.09468	0.86486	0.04046
365 A	0.09305	0.86239	0.04456
366 T	0.09150	0.85994	0.04856
367 C	0.08206	0.86797	0.04996
368 A	0.07340	0.87866	0.04794
369 A	0.06902	0.88520	0.04578
370 G	0.06880	0.88511	0.04608
371 A	0.07081	0.88284	0.04636
372 T	0.07358	0.87915	0.04726
373 A	0.07547	0.87279	0.05174
374 C	0.07892	0.86295	0.05813
375 T	0.08586	0.85277	0.06137
376 C	0.09240	0.84361	0.064
377 A	0.09546	0.84411	0.06043
378 A	0.09854	0.84559	0.05587
379 G	0.10619	0.84430	0.04951
380 A	0.12433	0.83292	0.04276
381 A	0.18104	0.77871	0.04025
382 A	0.30635	0.63061	0.06304
383 A	0.44924	0.41429	0.13648
384 T	0.55461	0.20716	0.23823
385 T	0.58495	0.13933	0.27573
386 T	0.57787	0.16390	0.25822
387 T	0.53904	0.25945	0.20151
388 A	0.44009	0.37369	0.18622
389 A	0.37191	0.44755	0.18054
390 A	0.34310	0.47118	0.18571
391 G	0.31743	0.48894	0.19363
392 C	0.29480	0.51116	0.19404
393 A	0.26075	0.56074	0.17851
394 G	0.21697	0.60604	0.17699
395 C	0.16379	0.66097	0.17524
396 A	0.13059	0.70678	0.16264
397 G	0.11980	0.72855	0.15165
398 C	0.11770	0.74666	0.13564
399 A	0.11623	0.78265	0.10112
400 A	0.11864	0.79118	0.09018
401 A	0.12297	0.78861	0.08841
402 A	0.13019	0.78428	0.08553
403 A	0.13930	0.78016	0.08053
404 A	0.14880	0.76115	0.09005
405 T	0.17392	0.71666	0.10942
406 T	0.18448	0.68723	0.12829
407 T	0.19018	0.66807	0.14174
408 C	0.19039	0.65279	0.15682
409 A	0.19847	0.64055	0.16098
410 A	0.22722	0.58916	0.18362
411 A	0.22230	0.52953	0.24818
412 G	0.22570	0.47986	0.29444
413 T	0.22757	0.48655	0.28588
414 A	0.20974	0.54455	0.24571
415 A	0.20030	0.59704	0.20266
416 A	0.20680	0.58388	0.20932
417 A	0.20402	0.55931	0.23666
418 G	0.20789	0.50377	0.28834
419 T	0.22778	0.45485	0.31737
420 T	0.23684	0.43530	0.32785
421 G	0.23108	0.44556	0.32336
422 C	0.24530	0.43852	0.31618
423 T	0.24922	0.46776	0.28302
424 A	0.24651	0.47929	0.27421
425 A	0.24598	0.48690	0.26712
426 T	0.25028	0.49008	0.25965
427 T	0.24947	0.49683	0.2537
428 C	0.24702	0.50680	0.24618
429 A	0.24126	0.54090	0.21784
430 A	0.23887	0.54567	0.21546
431 T	0.23857	0.54377	0.21766
432 A	0.23439	0.54766	0.21795
433 A	0.23929	0.54232	0.21839
434 C	0.25126	0.50928	0.23945
435 A	0.26714	0.49466	0.23821
436 A	0.30197	0.46016	0.23786
437 A	0.37625	0.37770	0.24605
438 T	0.44237	0.30601	0.25161
439 T	0.45256	0.30424	0.2432
440 T	0.44080	0.33534	0.22386
441 A	0.36949	0.45897	0.17154
442 A	0.30010	0.53632	0.16358
443 A	0.26942	0.57536	0.15522
444 A	0.23664	0.59627	0.16708
445 A	0.22518	0.60309	0.17173
446 C	0.23685	0.59899	0.16416
447 A	0.23360	0.63306	0.13334
448 G	0.17087	0.74624	0.08289
449 T	0.17662	0.75544	0.06794
450 A	0.17143	0.77148	0.0571
451 A	0.17044	0.77279	0.05677
452 T	0.18937	0.74638	0.06426
453 T	0.18732	0.74396	0.06872
454 A	0.18762	0.74062	0.07177
455 C	0.18957	0.73263	0.0778
456 A	0.19058	0.73077	0.07866
457 G	0.19150	0.72920	0.0793
458 A	0.19481	0.72545	0.07974
459 A	0.19975	0.72006	0.08019
460 A	0.20821	0.71101	0.08079
461 A	0.21959	0.69450	0.08591
462 A	0.23458	0.66975	0.09567
463 A	0.26162	0.61626	0.12213
464 A	0.31142	0.49331	0.19527
465 C	0.32576	0.40150	0.27274
466 A	0.34277	0.35996	0.29727
467 A	0.36046	0.30937	0.33017
468 A	0.38407	0.26437	0.35156
469 T	0.41709	0.20839	0.37452
470 A	0.45024	0.15803	0.39173
471 A	0.50322	0.00000	0.49678
