# lcl|CP097583.1_cds_USQ93456.1_1
# AA	inside	membr	outside
1 A	0.18363	0.00000	0.81637
2 T	0.18284	0.00080	0.81637
3 G	0.18246	0.00118	0.81637
4 A	0.18246	0.00432	0.81323
5 A	0.18104	0.00794	0.81102
6 T	0.18104	0.00833	0.81063
7 T	0.17790	0.01173	0.81036
8 T	0.17790	0.01175	0.81035
9 A	0.16989	0.01988	0.81023
10 A	0.16988	0.02148	0.80864
11 T	0.16894	0.02254	0.80853
12 A	0.15364	0.03791	0.80845
13 C	0.14033	0.05157	0.8081
14 C	0.14032	0.05158	0.8081
15 A	0.14032	0.06794	0.79174
16 A	0.14017	0.06809	0.79174
17 T	0.13986	0.06854	0.79161
18 A	0.13984	0.06893	0.79123
19 G	0.13966	0.06940	0.79095
20 G	0.13915	0.07293	0.78792
21 A	0.13819	0.07386	0.78796
22 G	0.13851	0.07341	0.78808
23 T	0.13914	0.07255	0.7883
24 T	0.13974	0.07183	0.78844
25 T	0.13986	0.07066	0.78948
26 C	0.13953	0.07051	0.78996
27 A	0.14045	0.06967	0.78988
28 G	0.14113	0.06839	0.79048
29 G	0.14124	0.06893	0.78984
30 A	0.14117	0.06747	0.79136
31 A	0.14082	0.06777	0.79142
32 G	0.13986	0.05699	0.80316
33 A	0.13988	0.05459	0.80554
34 C	0.14001	0.05137	0.80862
35 A	0.14132	0.04327	0.81541
36 T	0.14240	0.03358	0.82402
37 G	0.14290	0.03306	0.82404
38 C	0.15505	0.02107	0.82388
39 A	0.15527	0.02260	0.82213
40 C	0.15592	0.02251	0.82157
41 A	0.15608	0.02483	0.81909
42 T	0.15631	0.02592	0.81777
43 T	0.15781	0.02454	0.81764
44 T	0.15600	0.02613	0.81787
45 A	0.15459	0.02753	0.81788
46 T	0.15378	0.02767	0.81855
47 C	0.15219	0.02875	0.81907
48 T	0.15076	0.03003	0.81921
49 C	0.14703	0.03364	0.81933
50 A	0.14407	0.03671	0.81922
51 A	0.14327	0.03752	0.81921
52 G	0.14347	0.03723	0.8193
53 A	0.14347	0.03691	0.81962
54 A	0.14367	0.03629	0.82004
55 A	0.14411	0.03432	0.82158
56 C	0.14486	0.03161	0.82353
57 G	0.14530	0.03070	0.82399
58 C	0.14732	0.02826	0.82442
59 T	0.14859	0.02699	0.82441
60 T	0.14922	0.02652	0.82427
61 G	0.14919	0.02688	0.82393
62 A	0.15028	0.02581	0.8239
63 T	0.15117	0.02479	0.82403
64 A	0.15237	0.02292	0.8247
65 T	0.15357	0.02064	0.82579
66 T	0.15347	0.01983	0.8267
67 T	0.15259	0.01900	0.82841
68 T	0.14986	0.02148	0.82866
69 A	0.14375	0.02790	0.82835
70 T	0.14032	0.03025	0.82943
71 T	0.13386	0.03622	0.82993
72 T	0.11912	0.05030	0.83057
73 G	0.11018	0.05767	0.83214
74 G	0.10593	0.06132	0.83275
75 T	0.10292	0.06408	0.83301
76 T	0.09907	0.06783	0.8331
77 C	0.09383	0.07306	0.83311
78 C	0.08743	0.07959	0.83297
79 A	0.08474	0.08280	0.83246
80 A	0.08385	0.08389	0.83226
81 A	0.08341	0.08458	0.832
82 A	0.08322	0.08505	0.83173
83 A	0.08335	0.08513	0.83152
84 T	0.08363	0.08446	0.83192
85 T	0.08321	0.08511	0.83169
86 A	0.08233	0.08641	0.83126
87 T	0.08219	0.08623	0.83159
88 A	0.08186	0.08631	0.83183
89 A	0.08175	0.08513	0.83312
90 A	0.08214	0.08221	0.83565
91 T	0.08381	0.07607	0.84012
92 T	0.08468	0.06836	0.84696
93 A	0.08489	0.06388	0.85123
94 A	0.08531	0.05488	0.85981
95 C	0.08695	0.03583	0.87722
96 T	0.08727	0.03032	0.88241
97 T	0.08727	0.02778	0.88495
98 T	0.08580	0.02862	0.88558
99 T	0.08334	0.03120	0.88546
100 T	0.07915	0.03722	0.88363
101 G	0.06581	0.05341	0.88078
102 T	0.06250	0.06201	0.8755
103 A	0.05581	0.08292	0.86126
104 A	0.05185	0.10927	0.83889
105 A	0.05058	0.11712	0.8323
106 A	0.05021	0.12035	0.82945
107 A	0.04935	0.12211	0.82854
108 T	0.04951	0.12186	0.82863
109 T	0.04953	0.12196	0.82851
110 T	0.04856	0.12337	0.82807
111 A	0.04688	0.12493	0.82819
112 A	0.04581	0.12574	0.82845
113 A	0.04520	0.12599	0.82882
114 A	0.04464	0.12620	0.82916
115 C	0.04422	0.12615	0.82963
116 A	0.04382	0.12667	0.82951
117 A	0.04318	0.12749	0.82932
118 A	0.04109	0.12994	0.82898
119 A	0.03925	0.13195	0.82879
120 A	0.03818	0.13259	0.82923
121 G	0.03882	0.12640	0.83478
122 G	0.04034	0.12022	0.83944
123 A	0.04558	0.10979	0.84463
124 C	0.05635	0.08731	0.85635
125 A	0.06381	0.07903	0.85717
126 A	0.07744	0.06294	0.85962
127 T	0.09752	0.04025	0.86223
128 T	0.10112	0.03560	0.86328
129 T	0.10031	0.03618	0.86352
130 G	0.09399	0.04055	0.86545
131 C	0.09054	0.04264	0.86681
132 T	0.08524	0.04746	0.86731
133 G	0.07165	0.06049	0.86786
134 C	0.06689	0.06460	0.86851
135 C	0.06001	0.07172	0.86826
136 G	0.05456	0.07847	0.86697
137 A	0.05124	0.08238	0.86639
138 A	0.04808	0.08599	0.86594
139 G	0.04659	0.08746	0.86595
140 A	0.04634	0.08743	0.86623
141 A	0.04662	0.08481	0.86857
142 A	0.04706	0.08184	0.87111
143 A	0.04728	0.07946	0.87327
144 A	0.04766	0.07719	0.87515
145 A	0.04829	0.07370	0.878
146 T	0.04914	0.07083	0.88002
147 T	0.04944	0.06926	0.8813
148 G	0.04993	0.06749	0.88258
149 A	0.05048	0.06603	0.88349
150 T	0.05082	0.06305	0.88613
151 G	0.05094	0.06045	0.8886
152 T	0.05115	0.05704	0.89182
153 T	0.05097	0.05099	0.89804
154 A	0.05044	0.04798	0.90158
155 T	0.05022	0.04236	0.90742
156 G	0.04968	0.03247	0.91785
157 A	0.04938	0.02931	0.92131
158 G	0.04964	0.02348	0.92688
159 T	0.05074	0.02318	0.92608
160 T	0.05057	0.02337	0.92605
161 T	0.04963	0.02436	0.92601
162 A	0.04696	0.03018	0.92287
163 T	0.04555	0.03233	0.92212
164 C	0.04290	0.03597	0.92113
165 A	0.04134	0.03837	0.92029
166 G	0.04073	0.03940	0.91986
167 G	0.04032	0.04024	0.91943
168 A	0.04018	0.04100	0.91882
169 C	0.04019	0.04146	0.91834
170 A	0.04012	0.04265	0.91723
171 A	0.04032	0.04270	0.91699
172 A	0.04082	0.04234	0.91684
173 T	0.04151	0.04167	0.91681
174 T	0.04199	0.04123	0.91678
175 T	0.04216	0.04119	0.91665
176 T	0.04216	0.04103	0.91681
177 A	0.04199	0.04114	0.91688
178 A	0.04194	0.04114	0.91692
179 A	0.04215	0.04038	0.91746
180 A	0.04292	0.03919	0.9179
181 A	0.04433	0.03724	0.91842
182 A	0.05034	0.03044	0.91922
183 T	0.05369	0.02561	0.92069
184 G	0.05609	0.02132	0.9226
185 T	0.06041	0.01424	0.92535
186 T	0.06138	0.01191	0.92671
187 C	0.06178	0.00959	0.92864
188 G	0.06181	0.00931	0.92888
189 T	0.06221	0.00886	0.92893
190 A	0.06245	0.00860	0.92895
191 T	0.06296	0.00812	0.92892
192 T	0.06325	0.00795	0.92881
193 T	0.06281	0.00842	0.92876
194 T	0.06120	0.01021	0.9286
195 A	0.06016	0.01122	0.92862
196 G	0.05962	0.01165	0.92872
197 G	0.05938	0.01176	0.92886
198 T	0.05973	0.01126	0.92901
199 C	0.05968	0.01115	0.92917
200 C	0.05930	0.01150	0.92921
201 T	0.05863	0.01260	0.92878
202 G	0.05606	0.01564	0.9283
203 T	0.05418	0.01834	0.92747
204 A	0.04911	0.02488	0.92601
205 A	0.04647	0.02802	0.9255
206 G	0.04439	0.03035	0.92526
207 A	0.04268	0.03240	0.92492
208 G	0.04194	0.03330	0.92476
209 A	0.04161	0.03369	0.92471
210 A	0.04159	0.03362	0.92479
211 T	0.04204	0.03294	0.92503
212 T	0.04211	0.03300	0.92489
213 A	0.04173	0.03320	0.92506
214 G	0.04158	0.03297	0.92544
215 A	0.04109	0.03299	0.92593
216 T	0.04091	0.03183	0.92726
217 C	0.03989	0.03152	0.92859
218 A	0.03940	0.03206	0.92854
219 A	0.03879	0.03287	0.92834
220 G	0.03842	0.03395	0.92763
221 T	0.03826	0.03454	0.92721
222 A	0.03788	0.03514	0.92698
223 G	0.03753	0.03465	0.92781
224 A	0.03757	0.03382	0.92861
225 A	0.03753	0.03167	0.93079
226 A	0.03800	0.02951	0.93249
227 T	0.03929	0.02387	0.93684
228 A	0.03914	0.02206	0.9388
229 A	0.03910	0.02016	0.94074
230 G	0.03922	0.01822	0.94256
231 T	0.03911	0.01766	0.94323
232 C	0.03826	0.01822	0.94352
233 A	0.03724	0.01973	0.94302
234 A	0.03668	0.02095	0.94237
235 A	0.03648	0.02138	0.94214
236 G	0.03633	0.02115	0.94253
237 T	0.03645	0.02085	0.94269
238 G	0.03632	0.02026	0.94342
239 A	0.03628	0.02010	0.94363
240 C	0.03648	0.01884	0.94468
241 A	0.03697	0.01879	0.94425
242 G	0.03751	0.01801	0.94448
243 T	0.03880	0.01681	0.94439
244 T	0.03938	0.01651	0.94412
245 T	0.03960	0.01637	0.94403
246 A	0.03961	0.01644	0.94395
247 A	0.03974	0.01612	0.94414
248 G	0.03998	0.01536	0.94466
249 A	0.04005	0.01505	0.9449
250 A	0.04035	0.01461	0.94504
251 T	0.04063	0.01378	0.94558
252 T	0.04054	0.01359	0.94588
253 A	0.04034	0.01367	0.94599
254 A	0.04026	0.01340	0.94634
255 A	0.04035	0.01233	0.94732
256 A	0.04084	0.01071	0.94845
257 T	0.04159	0.00918	0.94923
258 G	0.04193	0.00832	0.94975
259 C	0.04207	0.00791	0.95002
260 A	0.04220	0.00791	0.94989
261 A	0.04242	0.00753	0.95005
262 G	0.04289	0.00693	0.95018
263 T	0.04348	0.00629	0.95023
264 T	0.04413	0.00558	0.95029
265 C	0.04436	0.00515	0.95049
266 C	0.04464	0.00482	0.95054
267 T	0.04502	0.00445	0.95053
268 G	0.04504	0.00446	0.9505
269 T	0.04535	0.00424	0.95042
270 T	0.04533	0.00458	0.95009
271 A	0.04510	0.00490	0.95
272 G	0.04509	0.00461	0.9503
273 A	0.04518	0.00434	0.95048
274 T	0.04529	0.00397	0.95074
275 C	0.04535	0.00361	0.95104
276 T	0.04550	0.00332	0.95118
277 T	0.04555	0.00320	0.95125
278 C	0.04552	0.00321	0.95127
279 A	0.04545	0.00332	0.95123
280 G	0.04544	0.00337	0.95119
281 G	0.04544	0.00342	0.95114
282 A	0.04546	0.00353	0.95102
283 G	0.04563	0.00345	0.95092
284 A	0.04567	0.00343	0.9509
285 T	0.04569	0.00343	0.95089
286 A	0.04568	0.00351	0.95081
287 T	0.04570	0.00347	0.95083
288 T	0.04566	0.00348	0.95086
289 A	0.04555	0.00356	0.95089
290 A	0.04551	0.00354	0.95095
291 A	0.04550	0.00333	0.95117
292 G	0.04559	0.00297	0.95145
293 G	0.04587	0.00244	0.95168
294 T	0.04600	0.00208	0.95191
295 T	0.04600	0.00196	0.95204
296 C	0.04595	0.00195	0.9521
297 T	0.04594	0.00195	0.95211
298 G	0.04593	0.00193	0.95214
299 C	0.04593	0.00190	0.95216
300 T	0.04596	0.00187	0.95217
301 T	0.04597	0.00185	0.95218
302 C	0.04594	0.00183	0.95224
303 A	0.04563	0.00213	0.95224
304 G	0.04556	0.00220	0.95223
305 C	0.04565	0.00210	0.95225
306 T	0.04576	0.00202	0.95222
307 A	0.04576	0.00209	0.95215
308 T	0.04578	0.00212	0.9521
309 T	0.04563	0.00231	0.95206
310 T	0.04532	0.00269	0.95199
311 T	0.04497	0.00307	0.95197
312 A	0.04436	0.00370	0.95194
313 A	0.04379	0.00433	0.95188
314 T	0.04332	0.00481	0.95186
315 A	0.04206	0.00607	0.95186
316 G	0.04006	0.00804	0.9519
317 G	0.03920	0.00887	0.95193
318 A	0.03849	0.00953	0.95198
319 C	0.03784	0.01011	0.95206
320 C	0.03711	0.01083	0.95206
321 T	0.03667	0.01132	0.95201
322 A	0.03554	0.01258	0.95189
323 A	0.03478	0.01344	0.95177
324 G	0.03432	0.01402	0.95165
325 G	0.03408	0.01443	0.95149
326 G	0.03400	0.01440	0.95161
327 T	0.03396	0.01460	0.95145
328 A	0.03386	0.01492	0.95122
329 A	0.03384	0.01490	0.95125
330 A	0.03388	0.01472	0.9514
331 G	0.03384	0.01440	0.95176
332 T	0.03387	0.01391	0.95222
333 C	0.03374	0.01358	0.95268
334 G	0.03369	0.01352	0.9528
335 A	0.03367	0.01345	0.95288
336 A	0.03368	0.01333	0.95299
337 A	0.03371	0.01314	0.95315
338 T	0.03372	0.01227	0.95401
339 T	0.03368	0.01062	0.9557
340 A	0.03357	0.01055	0.95588
341 A	0.03351	0.01023	0.95626
342 A	0.03322	0.01023	0.95655
343 G	0.03308	0.01009	0.95683
344 A	0.03302	0.00989	0.95709
345 A	0.03310	0.00897	0.95793
346 G	0.03323	0.00837	0.9584
347 G	0.03339	0.00801	0.9586
348 C	0.03368	0.00807	0.95825
349 G	0.03391	0.00881	0.95729
350 T	0.03420	0.00928	0.95651
351 A	0.03440	0.01012	0.95549
352 A	0.03445	0.01103	0.95452
353 T	0.03452	0.01136	0.95411
354 T	0.03457	0.01145	0.95397
355 A	0.03459	0.01141	0.95399
356 T	0.03464	0.01116	0.9542
357 A	0.03467	0.01102	0.95432
358 G	0.03480	0.01077	0.95443
359 C	0.03502	0.01044	0.95454
360 T	0.03538	0.01007	0.95455
361 G	0.03553	0.00993	0.95454
362 A	0.03589	0.00959	0.95452
363 T	0.03657	0.00884	0.95459
364 A	0.03681	0.00858	0.95461
365 G	0.03718	0.00790	0.95492
366 A	0.03766	0.00729	0.95504
367 C	0.03794	0.00693	0.95514
368 A	0.03824	0.00677	0.95499
369 T	0.03918	0.00584	0.95498
370 A	0.03972	0.00534	0.95494
371 T	0.04073	0.00433	0.95494
372 T	0.04145	0.00363	0.95491
373 C	0.04184	0.00329	0.95487
374 A	0.04240	0.00299	0.95461
375 T	0.04318	0.00245	0.95437
376 T	0.04313	0.00262	0.95425
377 T	0.04238	0.00357	0.95405
378 T	0.04109	0.00490	0.95402
379 T	0.03898	0.00700	0.95403
380 C	0.03526	0.01069	0.95404
381 A	0.03096	0.01499	0.95405
382 C	0.02810	0.01785	0.95405
383 C	0.02598	0.01997	0.95405
384 A	0.02429	0.02169	0.95402
385 C	0.02328	0.02271	0.95401
386 A	0.02254	0.02347	0.95399
387 A	0.02218	0.02384	0.95397
388 G	0.02207	0.02394	0.95399
389 A	0.02203	0.02395	0.95402
390 A	0.02203	0.02393	0.95405
391 G	0.02215	0.02369	0.95415
392 C	0.02219	0.02356	0.95426
393 T	0.02223	0.02347	0.9543
394 A	0.02217	0.02353	0.9543
395 A	0.02211	0.02357	0.95432
396 G	0.02215	0.02346	0.95439
397 G	0.02237	0.02322	0.95441
398 A	0.02257	0.02272	0.9547
399 A	0.02272	0.02160	0.95568
400 T	0.02294	0.01955	0.95751
401 T	0.02294	0.01793	0.95914
402 T	0.02287	0.01627	0.96086
403 A	0.02276	0.01399	0.96326
404 A	0.02272	0.01042	0.96686
405 T	0.02269	0.00789	0.96942
406 G	0.02261	0.00657	0.97081
407 T	0.02258	0.00565	0.97176
408 T	0.02228	0.00610	0.97162
409 G	0.02179	0.00736	0.97085
410 T	0.02155	0.00812	0.97033
411 A	0.02092	0.00967	0.96941
412 G	0.02046	0.01127	0.96827
413 A	0.02009	0.01387	0.96604
414 T	0.01985	0.01476	0.96539
415 A	0.01938	0.01588	0.96474
416 A	0.01912	0.01637	0.96452
417 A	0.01891	0.01671	0.96438
418 C	0.01881	0.01691	0.96428
419 A	0.01876	0.01735	0.96389
420 A	0.01877	0.01767	0.96355
421 G	0.01890	0.01795	0.96315
422 T	0.01909	0.01794	0.96297
423 A	0.01918	0.01808	0.96275
424 G	0.01941	0.01793	0.96266
425 T	0.01985	0.01748	0.96267
426 T	0.02023	0.01712	0.96265
427 A	0.02037	0.01720	0.96243
428 A	0.02076	0.01701	0.96223
429 T	0.02174	0.01608	0.96217
430 A	0.02212	0.01578	0.96209
431 T	0.02323	0.01436	0.96242
432 T	0.02425	0.01302	0.96273
433 A	0.02458	0.01260	0.96282
434 A	0.02506	0.01168	0.96326
435 A	0.02598	0.01038	0.96364
436 A	0.02783	0.00814	0.96403
437 T	0.02872	0.00694	0.96435
438 T	0.02939	0.00584	0.96476
439 G	0.02956	0.00545	0.96498
440 A	0.02971	0.00515	0.96513
441 T	0.02993	0.00484	0.96523
442 G	0.03015	0.00459	0.96526
443 G	0.03050	0.00433	0.96517
444 T	0.03105	0.00402	0.96492
445 A	0.03116	0.00452	0.96432
446 T	0.03132	0.00458	0.96409
447 T	0.03133	0.00484	0.96383
448 A	0.03123	0.00523	0.96355
449 A	0.03129	0.00524	0.96348
450 A	0.03153	0.00496	0.96351
451 T	0.03185	0.00457	0.96358
452 T	0.03208	0.00429	0.96363
453 T	0.03223	0.00405	0.96372
454 G	0.03223	0.00401	0.96376
455 G	0.03225	0.00387	0.96388
456 T	0.03234	0.00369	0.96397
457 A	0.03238	0.00361	0.96401
458 T	0.03245	0.00347	0.96408
459 T	0.03249	0.00339	0.96413
460 T	0.03249	0.00335	0.96416
461 T	0.03243	0.00339	0.96418
462 A	0.03233	0.00347	0.9642
463 G	0.03225	0.00354	0.9642
464 G	0.03224	0.00356	0.9642
465 A	0.03229	0.00356	0.96415
466 A	0.03247	0.00342	0.9641
467 A	0.03280	0.00313	0.96407
468 T	0.03353	0.00237	0.9641
469 G	0.03377	0.00228	0.96395
470 T	0.03403	0.00205	0.96393
471 T	0.03420	0.00187	0.96394
472 T	0.03423	0.00190	0.96386
473 T	0.03422	0.00195	0.96382
474 A	0.03418	0.00199	0.96383
475 T	0.03417	0.00197	0.96385
476 G	0.03414	0.00197	0.96389
477 T	0.03414	0.00193	0.96393
478 C	0.03413	0.00192	0.96396
479 G	0.03411	0.00196	0.96393
480 T	0.03406	0.00205	0.96388
481 G	0.03393	0.00227	0.9638
482 T	0.03387	0.00250	0.96363
483 A	0.03375	0.00275	0.96351
484 G	0.03370	0.00286	0.96343
485 A	0.03370	0.00288	0.96342
486 T	0.03377	0.00279	0.96345
487 G	0.03377	0.00285	0.96338
488 A	0.03386	0.00283	0.96332
489 A	0.03394	0.00277	0.96329
490 A	0.03405	0.00266	0.96328
491 G	0.03420	0.00252	0.96328
492 T	0.03452	0.00220	0.96328
493 T	0.03465	0.00207	0.96328
494 T	0.03470	0.00200	0.9633
495 T	0.03473	0.00196	0.96331
496 T	0.03474	0.00194	0.96332
497 C	0.03473	0.00191	0.96336
498 A	0.03471	0.00195	0.96334
499 T	0.03471	0.00196	0.96333
500 T	0.03469	0.00200	0.96332
501 A	0.03460	0.00210	0.96329
502 G	0.03451	0.00220	0.96329
503 A	0.03455	0.00214	0.96331
504 A	0.03464	0.00191	0.96346
505 T	0.03484	0.00163	0.96354
506 G	0.03495	0.00141	0.96363
507 T	0.03511	0.00123	0.96366
508 C	0.03518	0.00122	0.9636
509 A	0.03523	0.00156	0.96321
510 T	0.03530	0.00196	0.96274
511 T	0.03534	0.00259	0.96207
512 T	0.03535	0.00307	0.96158
513 A	0.03529	0.00354	0.96118
514 G	0.03521	0.00366	0.96113
515 A	0.03518	0.00372	0.9611
516 T	0.03509	0.00381	0.9611
517 A	0.03490	0.00400	0.9611
518 C	0.03487	0.00402	0.96111
519 T	0.03483	0.00406	0.96111
520 G	0.03474	0.00415	0.96111
521 A	0.03471	0.00417	0.96112
522 T	0.03469	0.00418	0.96113
523 G	0.03460	0.00425	0.96115
524 A	0.03452	0.00424	0.96123
525 C	0.03442	0.00424	0.96135
526 G	0.03441	0.00423	0.96136
527 C	0.03439	0.00424	0.96137
528 A	0.03437	0.00428	0.96136
529 A	0.03440	0.00424	0.96136
530 G	0.03449	0.00415	0.96136
531 C	0.03467	0.00394	0.96139
532 G	0.03508	0.00353	0.96139
533 C	0.03572	0.00283	0.96145
534 T	0.03644	0.00209	0.96146
535 T	0.03684	0.00170	0.96146
536 T	0.03704	0.00149	0.96148
537 T	0.03705	0.00142	0.96153
538 T	0.03704	0.00145	0.96151
539 T	0.03699	0.00158	0.96143
540 G	0.03694	0.00180	0.96126
541 T	0.03690	0.00238	0.96072
542 T	0.03677	0.00357	0.95965
543 A	0.03647	0.00464	0.95889
544 A	0.03628	0.00490	0.95882
545 A	0.03579	0.00543	0.95878
546 A	0.03520	0.00599	0.95882
547 A	0.03491	0.00620	0.9589
548 C	0.03481	0.00618	0.95901
549 A	0.03474	0.00629	0.95897
550 G	0.03471	0.00632	0.95897
551 G	0.03472	0.00634	0.95894
552 T	0.03473	0.00645	0.95883
553 G	0.03472	0.00674	0.95853
554 A	0.03473	0.00753	0.95774
555 T	0.03473	0.00841	0.95686
556 T	0.03456	0.00927	0.95617
557 T	0.03423	0.01016	0.95561
558 A	0.03370	0.01078	0.95553
559 G	0.03310	0.01146	0.95544
560 G	0.03303	0.01153	0.95544
561 A	0.03308	0.01146	0.95546
562 C	0.03334	0.01110	0.95556
563 A	0.03383	0.01057	0.9556
564 A	0.03452	0.00985	0.95563
565 T	0.03559	0.00865	0.95576
566 T	0.03616	0.00788	0.95596
567 A	0.03622	0.00771	0.95606
568 A	0.03630	0.00714	0.95656
569 T	0.03640	0.00641	0.95718
570 T	0.03644	0.00608	0.95748
571 T	0.03647	0.00594	0.95759
572 C	0.03653	0.00581	0.95766
573 C	0.03657	0.00575	0.95768
574 G	0.03663	0.00568	0.95768
575 A	0.03677	0.00554	0.95769
576 A	0.03710	0.00521	0.95769
577 A	0.03802	0.00428	0.9577
578 T	0.03906	0.00317	0.95777
579 T	0.03976	0.00215	0.9581
580 T	0.04015	0.00131	0.95854
581 A	0.04022	0.00071	0.95907
582 A	0.04031	0.00000	0.95969
