# lcl|CP097583.1_cds_USQ93343.1_1
# AA	inside	membr	outside
1 A	0.10221	0.00000	0.89779
2 T	0.10176	0.00045	0.89779
3 G	0.10152	0.00069	0.89779
4 G	0.10152	0.00076	0.89772
5 C	0.10046	0.00188	0.89766
6 A	0.10046	0.00193	0.89761
7 G	0.09608	0.00634	0.89759
8 C	0.09608	0.00634	0.89759
9 T	0.09566	0.00681	0.89754
10 A	0.09565	0.00779	0.89656
11 A	0.09544	0.00802	0.89654
12 A	0.09357	0.00990	0.89653
13 T	0.09271	0.01079	0.89651
14 C	0.09271	0.01079	0.89651
15 G	0.09271	0.01090	0.8964
16 A	0.09269	0.01091	0.8964
17 T	0.09268	0.01092	0.8964
18 T	0.09268	0.01094	0.89639
19 C	0.09232	0.01131	0.89638
20 T	0.09072	0.01382	0.89545
21 T	0.08593	0.01861	0.89546
22 T	0.08502	0.01985	0.89512
23 T	0.08298	0.02238	0.89464
24 T	0.07783	0.02821	0.89396
25 G	0.06725	0.03889	0.89386
26 G	0.05749	0.04897	0.89353
27 T	0.05086	0.05586	0.89327
28 A	0.04107	0.06549	0.89345
29 A	0.03569	0.07096	0.89335
30 A	0.03047	0.07303	0.8965
31 G	0.02714	0.07616	0.8967
32 A	0.02578	0.07695	0.89728
33 T	0.02588	0.07651	0.8976
34 G	0.02467	0.07745	0.89789
35 C	0.02386	0.07699	0.89915
36 C	0.02297	0.07776	0.89927
37 A	0.02184	0.07931	0.89885
38 G	0.02110	0.08035	0.89854
39 A	0.02031	0.08220	0.89749
40 A	0.01994	0.08298	0.89707
41 A	0.01968	0.08330	0.89701
42 A	0.01945	0.08297	0.89758
43 G	0.02018	0.08008	0.89974
44 A	0.02026	0.07568	0.90406
45 A	0.02086	0.07319	0.90596
46 A	0.02171	0.06857	0.90972
47 T	0.02277	0.06008	0.91715
48 T	0.02377	0.04776	0.92846
49 T	0.02416	0.03839	0.93745
50 T	0.02433	0.03285	0.94282
51 A	0.02421	0.02735	0.94843
52 A	0.02409	0.02381	0.9521
53 A	0.02412	0.01961	0.95627
54 T	0.02387	0.01671	0.95942
55 G	0.02369	0.01607	0.96024
56 G	0.02364	0.01629	0.96007
57 A	0.02366	0.01745	0.95889
58 G	0.02366	0.01780	0.95854
59 T	0.02394	0.01734	0.95873
60 A	0.02392	0.01795	0.95812
61 G	0.02405	0.01887	0.95708
62 A	0.02479	0.02090	0.9543
63 T	0.02514	0.02319	0.95167
64 A	0.02517	0.02484	0.94999
65 T	0.02529	0.02536	0.94936
66 T	0.02513	0.02681	0.94806
67 T	0.02499	0.02726	0.94775
68 T	0.02461	0.02787	0.94752
69 A	0.02402	0.02863	0.94735
70 G	0.02382	0.02888	0.9473
71 C	0.02371	0.02894	0.94734
72 A	0.02329	0.02941	0.9473
73 A	0.02329	0.02937	0.94735
74 A	0.02400	0.02849	0.94751
75 C	0.02493	0.02737	0.94769
76 A	0.02569	0.02657	0.94774
77 C	0.02664	0.02526	0.9481
78 T	0.02784	0.02395	0.94822
79 G	0.02883	0.02292	0.94825
80 T	0.03105	0.02069	0.94826
81 T	0.03214	0.01952	0.94833
82 A	0.03255	0.01915	0.9483
83 A	0.03368	0.01765	0.94867
84 A	0.03556	0.01561	0.94883
85 G	0.03863	0.01230	0.94908
86 T	0.04170	0.00905	0.94925
87 T	0.04299	0.00755	0.94947
88 A	0.04268	0.00785	0.94946
89 C	0.04309	0.00712	0.94979
90 T	0.04273	0.00757	0.9497
91 T	0.04129	0.00898	0.94973
92 T	0.04009	0.01013	0.94977
93 A	0.03876	0.01141	0.94983
94 G	0.03834	0.01172	0.94994
95 G	0.03822	0.01130	0.95048
96 T	0.03812	0.01110	0.95078
97 C	0.03775	0.01135	0.9509
98 C	0.03741	0.01168	0.95091
99 T	0.03667	0.01242	0.95091
100 A	0.03465	0.01446	0.95089
101 A	0.03296	0.01616	0.95088
102 C	0.03166	0.01746	0.95088
103 G	0.02997	0.01921	0.95083
104 G	0.02785	0.02134	0.9508
105 A	0.02518	0.02414	0.95068
106 A	0.02325	0.02614	0.95062
107 A	0.02298	0.02644	0.95058
108 A	0.02279	0.02641	0.9508
109 A	0.02274	0.02624	0.95102
110 A	0.02283	0.02532	0.95185
111 T	0.02311	0.02344	0.95344
112 G	0.02305	0.02227	0.95469
113 T	0.02312	0.02103	0.95586
114 C	0.02301	0.01968	0.95732
115 G	0.02294	0.01923	0.95783
116 C	0.02283	0.01892	0.95825
117 T	0.02267	0.01925	0.95808
118 T	0.02250	0.01972	0.95778
119 T	0.02217	0.02042	0.9574
120 A	0.02165	0.02122	0.95712
121 G	0.02133	0.02145	0.95722
122 A	0.02114	0.02093	0.95792
123 A	0.02055	0.01976	0.95969
124 A	0.02026	0.01840	0.96134
125 A	0.02010	0.01705	0.96284
126 A	0.02000	0.01528	0.96472
127 A	0.02003	0.01297	0.967
128 G	0.02021	0.01000	0.96979
129 C	0.02032	0.00802	0.97166
130 A	0.02039	0.00775	0.97186
131 A	0.02049	0.00748	0.97203
132 T	0.02069	0.00715	0.97217
133 G	0.02068	0.00711	0.97222
134 G	0.02069	0.00705	0.97226
135 A	0.02076	0.00674	0.9725
136 T	0.02091	0.00633	0.97276
137 T	0.02105	0.00587	0.97308
138 G	0.02123	0.00539	0.97338
139 T	0.02147	0.00484	0.97369
140 C	0.02173	0.00420	0.97407
141 T	0.02206	0.00372	0.97422
142 T	0.02245	0.00315	0.9744
143 T	0.02284	0.00252	0.97463
144 T	0.02293	0.00228	0.9748
145 A	0.02298	0.00214	0.97489
146 T	0.02307	0.00141	0.97552
147 T	0.02308	0.00111	0.97581
148 G	0.02305	0.00101	0.97595
149 T	0.02304	0.00091	0.97605
150 T	0.02301	0.00092	0.97607
151 A	0.02274	0.00132	0.97595
152 A	0.02258	0.00157	0.97584
153 T	0.02232	0.00192	0.97577
154 G	0.02150	0.00297	0.97553
155 A	0.02103	0.00389	0.97508
156 T	0.02066	0.00459	0.97475
157 G	0.02024	0.00527	0.97449
158 G	0.01998	0.00584	0.97418
159 T	0.01978	0.00645	0.97377
160 G	0.01938	0.00698	0.97364
161 T	0.01920	0.00730	0.97351
162 T	0.01891	0.00773	0.97337
163 A	0.01855	0.00822	0.97322
164 C	0.01838	0.00841	0.97322
165 A	0.01810	0.00877	0.97313
166 A	0.01805	0.00882	0.97313
167 T	0.01805	0.00880	0.97315
168 C	0.01800	0.00883	0.97317
169 G	0.01792	0.00897	0.97311
170 C	0.01790	0.00908	0.97302
171 T	0.01782	0.00955	0.97264
172 A	0.01772	0.01009	0.9722
173 A	0.01768	0.01028	0.97204
174 A	0.01777	0.01006	0.97217
175 G	0.01788	0.00987	0.97226
176 A	0.01801	0.00944	0.97255
177 A	0.01831	0.00834	0.97335
178 A	0.01880	0.00734	0.97386
179 T	0.01923	0.00650	0.97427
180 A	0.01943	0.00600	0.97457
181 G	0.01956	0.00569	0.97476
182 A	0.01962	0.00548	0.9749
183 G	0.01946	0.00529	0.97524
184 T	0.01942	0.00514	0.97544
185 T	0.01920	0.00517	0.97563
186 A	0.01850	0.00577	0.97574
187 A	0.01802	0.00622	0.97576
188 C	0.01761	0.00650	0.97589
189 A	0.01729	0.00693	0.97579
190 G	0.01720	0.00701	0.97579
191 A	0.01721	0.00700	0.97579
192 A	0.01733	0.00683	0.97585
193 C	0.01751	0.00658	0.9759
194 C	0.01797	0.00602	0.97602
195 T	0.01839	0.00554	0.97607
196 T	0.01849	0.00541	0.97609
197 T	0.01812	0.00578	0.9761
198 C	0.01745	0.00645	0.9761
199 C	0.01690	0.00700	0.97609
200 A	0.01619	0.00777	0.97604
201 A	0.01599	0.00799	0.97601
202 A	0.01594	0.00806	0.97599
203 A	0.01601	0.00798	0.97602
204 T	0.01612	0.00772	0.97616
205 A	0.01612	0.00734	0.97654
206 T	0.01613	0.00678	0.97709
207 G	0.01595	0.00664	0.9774
208 G	0.01594	0.00626	0.9778
209 G	0.01600	0.00563	0.97837
210 A	0.01611	0.00516	0.97873
211 G	0.01625	0.00463	0.97912
212 C	0.01641	0.00422	0.97937
213 A	0.01645	0.00414	0.97941
214 C	0.01652	0.00405	0.97943
215 A	0.01657	0.00404	0.97939
216 A	0.01660	0.00404	0.97936
217 T	0.01666	0.00402	0.97933
218 T	0.01667	0.00406	0.97928
219 A	0.01652	0.00419	0.9793
220 T	0.01649	0.00362	0.9799
221 T	0.01639	0.00302	0.9806
222 A	0.01599	0.00290	0.98111
223 C	0.01558	0.00266	0.98176
224 G	0.01539	0.00284	0.98177
225 T	0.01514	0.00321	0.98165
226 G	0.01428	0.00412	0.98159
227 A	0.01399	0.00443	0.98157
228 G	0.01370	0.00469	0.98161
229 G	0.01284	0.00543	0.98173
230 C	0.01251	0.00557	0.98192
231 T	0.01227	0.00580	0.98192
232 G	0.01208	0.00598	0.98194
233 C	0.01198	0.00608	0.98194
234 T	0.01189	0.00622	0.98188
235 A	0.01174	0.00647	0.98178
236 C	0.01167	0.00659	0.98174
237 A	0.01150	0.00701	0.98148
238 A	0.01139	0.00716	0.98145
239 A	0.01133	0.00722	0.98144
240 A	0.01131	0.00724	0.98145
241 A	0.01136	0.00717	0.98148
242 C	0.01138	0.00681	0.98182
243 T	0.01140	0.00669	0.98191
244 A	0.01138	0.00659	0.98203
245 A	0.01138	0.00632	0.98229
246 C	0.01140	0.00582	0.98277
247 G	0.01148	0.00569	0.98284
248 A	0.01161	0.00537	0.98302
249 T	0.01168	0.00469	0.98363
250 A	0.01169	0.00450	0.9838
251 A	0.01170	0.00430	0.984
252 T	0.01166	0.00327	0.98507
253 G	0.01160	0.00291	0.98549
254 C	0.01156	0.00274	0.98569
255 G	0.01135	0.00390	0.98475
256 G	0.01123	0.00492	0.98385
257 G	0.01123	0.00556	0.98321
258 A	0.01110	0.00680	0.9821
259 G	0.01101	0.00718	0.98181
260 A	0.01113	0.00715	0.98171
261 T	0.01111	0.00720	0.98169
262 G	0.01104	0.00720	0.98177
263 G	0.01096	0.00725	0.9818
264 A	0.01088	0.00733	0.9818
265 A	0.01086	0.00730	0.98183
266 C	0.01084	0.00727	0.98188
267 A	0.01085	0.00725	0.9819
268 A	0.01086	0.00722	0.98192
269 C	0.01089	0.00717	0.98194
270 A	0.01092	0.00714	0.98194
271 A	0.01098	0.00707	0.98194
272 C	0.01109	0.00692	0.98199
273 A	0.01113	0.00687	0.98201
274 G	0.01121	0.00676	0.98202
275 C	0.01139	0.00651	0.9821
276 A	0.01161	0.00624	0.98214
277 A	0.01200	0.00581	0.98219
278 T	0.01355	0.00402	0.98243
279 T	0.01455	0.00289	0.98256
280 G	0.01499	0.00239	0.98262
281 T	0.01583	0.00131	0.98286
282 T	0.01600	0.00102	0.98298
283 T	0.01606	0.00088	0.98306
284 T	0.01546	0.00148	0.98306
285 A	0.01466	0.00224	0.9831
286 G	0.01423	0.00262	0.98316
287 C	0.01385	0.00294	0.98321
288 T	0.01359	0.00324	0.98316
289 C	0.01292	0.00395	0.98313
290 A	0.01247	0.00451	0.98302
291 A	0.01215	0.00489	0.98296
292 A	0.01197	0.00513	0.9829
293 G	0.01181	0.00534	0.98285
294 T	0.01176	0.00542	0.98281
295 A	0.01171	0.00552	0.98277
296 T	0.01169	0.00554	0.98277
297 G	0.01162	0.00559	0.98278
298 A	0.01158	0.00563	0.98279
299 T	0.01156	0.00563	0.98281
300 T	0.01152	0.00567	0.98282
301 C	0.01140	0.00579	0.98281
302 A	0.01134	0.00586	0.9828
303 A	0.01130	0.00590	0.9828
304 A	0.01130	0.00589	0.98282
305 A	0.01132	0.00583	0.98285
306 A	0.01134	0.00574	0.98291
307 G	0.01141	0.00482	0.98377
308 G	0.01147	0.00388	0.98465
309 T	0.01158	0.00323	0.9852
310 T	0.01164	0.00276	0.9856
311 T	0.01169	0.00247	0.98584
312 T	0.01172	0.00203	0.98626
313 A	0.01175	0.00176	0.98649
314 A	0.01178	0.00150	0.98672
315 A	0.01184	0.00127	0.98688
316 T	0.01193	0.00104	0.98704
317 T	0.01198	0.00095	0.98707
318 T	0.01203	0.00087	0.98709
319 G	0.01204	0.00086	0.9871
320 T	0.01204	0.00083	0.98713
321 T	0.01203	0.00088	0.98708
322 A	0.01203	0.00088	0.98709
323 A	0.01203	0.00084	0.98714
324 T	0.01203	0.00073	0.98724
325 T	0.01204	0.00067	0.98728
326 C	0.01201	0.00067	0.98732
327 T	0.01198	0.00072	0.9873
328 G	0.01190	0.00080	0.9873
329 G	0.01186	0.00086	0.98728
330 T	0.01182	0.00091	0.98728
331 G	0.01170	0.00104	0.98727
332 C	0.01164	0.00111	0.98725
333 T	0.01163	0.00118	0.98719
334 C	0.01158	0.00124	0.98718
335 A	0.01155	0.00138	0.98707
336 A	0.01157	0.00146	0.98697
337 T	0.01159	0.00148	0.98692
338 C	0.01160	0.00152	0.98689
339 T	0.01164	0.00149	0.98687
340 G	0.01165	0.00149	0.98685
341 T	0.01170	0.00145	0.98685
342 T	0.01170	0.00145	0.98686
343 C	0.01168	0.00148	0.98684
344 T	0.01167	0.00159	0.98675
345 A	0.01149	0.00205	0.98646
346 G	0.01144	0.00231	0.98625
347 T	0.01140	0.00250	0.9861
348 T	0.01133	0.00269	0.98598
349 A	0.01123	0.00297	0.98581
350 A	0.01118	0.00312	0.9857
351 A	0.01114	0.00317	0.98569
352 A	0.01111	0.00323	0.98566
353 A	0.01108	0.00330	0.98562
354 A	0.01100	0.00339	0.98562
355 G	0.01095	0.00349	0.98556
356 G	0.01081	0.00380	0.98538
357 A	0.01070	0.00394	0.98536
358 A	0.01077	0.00384	0.98538
359 T	0.01089	0.00369	0.98541
360 T	0.01093	0.00367	0.98541
361 C	0.01091	0.00370	0.98538
362 T	0.01088	0.00393	0.98519
363 T	0.01079	0.00443	0.98477
364 A	0.01014	0.00525	0.9846
365 A	0.00981	0.00572	0.98446
366 A	0.00975	0.00588	0.98437
367 G	0.00976	0.00576	0.98448
368 C	0.01002	0.00531	0.98467
369 T	0.01023	0.00508	0.98468
370 T	0.01021	0.00510	0.98469
371 C	0.00940	0.00591	0.98469
372 A	0.00874	0.00668	0.98458
373 C	0.00845	0.00700	0.98456
374 A	0.00795	0.00762	0.98444
375 A	0.00772	0.00795	0.98433
376 A	0.00765	0.00816	0.98419
377 A	0.00766	0.00810	0.98424
378 A	0.00765	0.00809	0.98426
379 G	0.00772	0.00781	0.98447
380 T	0.00771	0.00770	0.98459
381 C	0.00758	0.00782	0.98459
382 A	0.00753	0.00823	0.98423
383 T	0.00754	0.00841	0.98405
384 A	0.00746	0.00851	0.98403
385 G	0.00750	0.00845	0.98404
386 A	0.00779	0.00817	0.98404
387 A	0.00791	0.00746	0.98463
388 C	0.00805	0.00705	0.98489
389 A	0.00816	0.00734	0.9845
390 A	0.00821	0.00768	0.98411
391 A	0.00827	0.00779	0.98395
392 T	0.00839	0.00762	0.98399
393 T	0.00838	0.00757	0.98405
394 T	0.00839	0.00669	0.98492
395 T	0.00835	0.00609	0.98557
396 A	0.00800	0.00630	0.9857
397 G	0.00788	0.00615	0.98597
398 A	0.00781	0.00642	0.98578
399 A	0.00785	0.00659	0.98556
400 A	0.00787	0.00653	0.98561
401 A	0.00793	0.00640	0.98567
402 A	0.00804	0.00616	0.98581
403 T	0.00815	0.00601	0.98583
404 C	0.00798	0.00625	0.98577
405 T	0.00809	0.00625	0.98565
406 A	0.00788	0.00652	0.9856
407 A	0.00758	0.00680	0.98562
408 A	0.00724	0.00716	0.98561
409 C	0.00719	0.00718	0.98563
410 C	0.00714	0.00728	0.98558
411 A	0.00722	0.00775	0.98504
412 A	0.00774	0.00731	0.98495
413 T	0.00830	0.00679	0.98491
414 T	0.00857	0.00661	0.98482
415 T	0.00862	0.00655	0.98483
416 C	0.00862	0.00632	0.98506
417 T	0.00842	0.00644	0.98514
418 A	0.00794	0.00684	0.98522
419 C	0.00780	0.00675	0.98546
420 A	0.00774	0.00686	0.9854
421 C	0.00794	0.00675	0.9853
422 A	0.00812	0.00683	0.98505
423 A	0.00817	0.00703	0.98481
424 G	0.00820	0.00718	0.98462
425 A	0.00823	0.00755	0.98422
426 A	0.00832	0.00782	0.98386
427 G	0.00854	0.00753	0.98393
428 A	0.00871	0.00742	0.98387
429 A	0.00885	0.00703	0.98411
430 A	0.00903	0.00651	0.98446
431 T	0.00931	0.00581	0.98488
432 A	0.00937	0.00560	0.98504
433 G	0.00949	0.00531	0.98521
434 C	0.00993	0.00479	0.98528
435 T	0.01004	0.00471	0.98525
436 A	0.01008	0.00477	0.98516
437 A	0.01016	0.00466	0.98518
438 T	0.01017	0.00461	0.98522
439 A	0.01013	0.00460	0.98527
440 T	0.01013	0.00422	0.98564
441 C	0.01008	0.00374	0.98618
442 G	0.01004	0.00357	0.98639
443 C	0.01011	0.00340	0.98649
444 T	0.01030	0.00318	0.98651
445 A	0.01042	0.00305	0.98652
446 C	0.01058	0.00287	0.98655
447 A	0.01072	0.00270	0.98657
448 C	0.01113	0.00224	0.98663
449 T	0.01154	0.00181	0.98666
450 T	0.01176	0.00159	0.98665
451 T	0.01186	0.00148	0.98666
452 C	0.01180	0.00151	0.98669
453 T	0.01167	0.00165	0.98668
454 T	0.01125	0.00210	0.98665
455 C	0.01045	0.00298	0.98658
456 A	0.00934	0.00445	0.98621
457 G	0.00864	0.00537	0.986
458 G	0.00824	0.00587	0.98589
459 T	0.00802	0.00631	0.98566
460 A	0.00739	0.00717	0.98544
461 G	0.00693	0.00774	0.98534
462 T	0.00670	0.00826	0.98504
463 A	0.00621	0.00909	0.98469
464 A	0.00603	0.00937	0.9846
465 A	0.00591	0.00950	0.98459
466 G	0.00589	0.00952	0.9846
467 A	0.00587	0.00954	0.98459
468 A	0.00587	0.00946	0.98468
469 A	0.00587	0.00938	0.98475
470 T	0.00588	0.00932	0.9848
471 A	0.00588	0.00933	0.9848
472 G	0.00588	0.00925	0.98487
473 G	0.00590	0.00918	0.98492
474 T	0.00590	0.00915	0.98495
475 G	0.00587	0.00922	0.98491
476 A	0.00589	0.00918	0.98494
477 A	0.00594	0.00894	0.98512
478 A	0.00606	0.00818	0.98576
479 T	0.00653	0.00672	0.98675
480 T	0.00683	0.00594	0.98723
481 A	0.00692	0.00561	0.98747
482 T	0.00709	0.00525	0.98766
483 A	0.00718	0.00479	0.98803
484 G	0.00731	0.00420	0.98848
485 T	0.00771	0.00357	0.98872
486 T	0.00806	0.00283	0.98911
487 T	0.00818	0.00259	0.98923
488 C	0.00819	0.00251	0.98929
489 T	0.00816	0.00259	0.98925
490 G	0.00798	0.00286	0.98917
491 C	0.00715	0.00392	0.98893
492 A	0.00654	0.00558	0.98787
493 A	0.00632	0.00735	0.98633
494 T	0.00618	0.00857	0.98525
495 A	0.00575	0.01048	0.98377
496 A	0.00550	0.01133	0.98317
497 A	0.00530	0.01202	0.98268
498 T	0.00519	0.01243	0.98238
499 A	0.00492	0.01298	0.98209
500 A	0.00496	0.01304	0.98199
501 A	0.00499	0.01309	0.98192
502 G	0.00509	0.01298	0.98193
503 T	0.00536	0.01271	0.98193
504 T	0.00553	0.01253	0.98194
505 A	0.00554	0.01252	0.98195
506 C	0.00560	0.01242	0.98199
507 T	0.00556	0.01247	0.98197
508 C	0.00527	0.01280	0.98192
509 A	0.00486	0.01352	0.98163
510 A	0.00458	0.01409	0.98133
511 A	0.00435	0.01456	0.98108
512 A	0.00411	0.01495	0.98095
513 A	0.00408	0.01490	0.98102
514 G	0.00437	0.01370	0.98193
515 G	0.00533	0.01212	0.98255
516 A	0.00686	0.01039	0.98276
517 A	0.00805	0.00910	0.98285
518 T	0.00961	0.00733	0.98307
519 A	0.00998	0.00697	0.98305
520 A	0.01031	0.00661	0.98308
521 T	0.01048	0.00612	0.9834
522 T	0.01046	0.00582	0.98372
523 A	0.01024	0.00595	0.98381
524 G	0.00998	0.00606	0.98396
525 C	0.00984	0.00612	0.98404
526 A	0.00948	0.00657	0.98396
527 T	0.00903	0.00711	0.98386
528 A	0.00779	0.00866	0.98355
529 G	0.00737	0.00924	0.98339
530 G	0.00711	0.00959	0.9833
531 A	0.00707	0.00955	0.98338
532 G	0.00728	0.00896	0.98375
533 A	0.00756	0.00851	0.98393
534 A	0.00776	0.00811	0.98414
535 T	0.00796	0.00761	0.98443
536 C	0.00773	0.00767	0.98459
537 T	0.00755	0.00793	0.98452
538 A	0.00699	0.00865	0.98436
539 A	0.00663	0.00919	0.98419
540 A	0.00655	0.00946	0.984
541 G	0.00662	0.00944	0.98394
542 G	0.00684	0.00906	0.9841
543 T	0.00711	0.00868	0.98421
544 T	0.00707	0.00862	0.98431
545 T	0.00695	0.00858	0.98447
546 A	0.00675	0.00865	0.9846
547 G	0.00662	0.00849	0.98489
548 A	0.00658	0.00835	0.98508
549 A	0.00665	0.00787	0.98548
550 A	0.00679	0.00723	0.98598
551 C	0.00715	0.00573	0.98712
552 T	0.00736	0.00531	0.98733
553 G	0.00740	0.00514	0.98745
554 A	0.00754	0.00508	0.98738
555 A	0.00759	0.00507	0.98734
556 T	0.00770	0.00499	0.98731
557 T	0.00774	0.00488	0.98738
558 A	0.00773	0.00481	0.98747
559 G	0.00774	0.00444	0.98781
560 A	0.00779	0.00423	0.98798
561 A	0.00792	0.00367	0.98841
562 G	0.00811	0.00313	0.98876
563 T	0.00838	0.00272	0.98891
564 T	0.00845	0.00262	0.98893
565 G	0.00840	0.00304	0.98856
566 T	0.00835	0.00351	0.98813
567 T	0.00819	0.00423	0.98759
568 G	0.00788	0.00579	0.98633
569 A	0.00765	0.00686	0.98549
570 A	0.00751	0.00747	0.98502
571 G	0.00743	0.00791	0.98466
572 G	0.00739	0.00816	0.98445
573 A	0.00740	0.00817	0.98443
574 A	0.00742	0.00814	0.98444
575 T	0.00751	0.00804	0.98445
576 G	0.00756	0.00796	0.98448
577 C	0.00769	0.00781	0.9845
578 A	0.00778	0.00780	0.98441
579 A	0.00787	0.00782	0.98432
580 T	0.00798	0.00781	0.9842
581 A	0.00803	0.00785	0.98413
582 T	0.00808	0.00789	0.98403
583 G	0.00810	0.00791	0.98399
584 A	0.00812	0.00792	0.98395
585 T	0.00818	0.00785	0.98396
586 A	0.00822	0.00782	0.98397
587 A	0.00837	0.00762	0.98401
588 A	0.00889	0.00698	0.98413
589 G	0.00953	0.00615	0.98433
590 G	0.01031	0.00515	0.98453
591 T	0.01189	0.00333	0.98477
592 T	0.01275	0.00234	0.98491
593 A	0.01306	0.00196	0.98499
594 T	0.01335	0.00161	0.98504
595 T	0.01345	0.00147	0.98509
596 T	0.01342	0.00149	0.9851
597 A	0.01330	0.00161	0.98509
598 T	0.01325	0.00164	0.98511
599 C	0.01311	0.00179	0.9851
600 A	0.01299	0.00199	0.98502
601 A	0.01304	0.00198	0.98498
602 G	0.01316	0.00190	0.98494
603 T	0.01332	0.00182	0.98486
604 A	0.01343	0.00186	0.98471
605 T	0.01357	0.00170	0.98473
606 T	0.01366	0.00158	0.98477
607 T	0.01365	0.00157	0.98478
608 T	0.01359	0.00162	0.98479
609 C	0.01348	0.00171	0.98481
610 G	0.01341	0.00184	0.98476
611 T	0.01337	0.00194	0.98469
612 T	0.01330	0.00214	0.98456
613 A	0.01320	0.00233	0.98447
614 A	0.01318	0.00242	0.9844
615 T	0.01319	0.00248	0.98433
616 A	0.01315	0.00260	0.98424
617 A	0.01313	0.00269	0.98419
618 A	0.01313	0.00269	0.98418
619 T	0.01313	0.00262	0.98425
620 T	0.01314	0.00250	0.98436
621 A	0.01308	0.00247	0.98445
622 G	0.01305	0.00235	0.9846
623 C	0.01309	0.00221	0.98471
624 C	0.01311	0.00223	0.98467
625 A	0.01306	0.00259	0.98435
626 A	0.01307	0.00289	0.98405
627 T	0.01319	0.00305	0.98377
628 A	0.01318	0.00313	0.9837
629 T	0.01318	0.00318	0.98365
630 G	0.01315	0.00313	0.98372
631 T	0.01317	0.00304	0.98379
632 C	0.01316	0.00295	0.98389
633 A	0.01302	0.00311	0.98386
634 G	0.01293	0.00319	0.98388
635 T	0.01296	0.00314	0.9839
636 C	0.01289	0.00319	0.98392
637 G	0.01287	0.00328	0.98385
638 A	0.01290	0.00326	0.98385
639 A	0.01296	0.00318	0.98386
640 T	0.01302	0.00307	0.98391
641 T	0.01301	0.00307	0.98391
642 C	0.01294	0.00314	0.98392
643 G	0.01290	0.00333	0.98377
644 A	0.01288	0.00362	0.9835
645 A	0.01286	0.00388	0.98326
646 A	0.01285	0.00390	0.98325
647 G	0.01292	0.00384	0.98324
648 A	0.01324	0.00347	0.98329
649 G	0.01355	0.00310	0.98335
650 C	0.01383	0.00281	0.98336
651 A	0.01392	0.00285	0.98322
652 T	0.01401	0.00291	0.98308
653 T	0.01405	0.00319	0.98276
654 A	0.01406	0.00361	0.98233
655 A	0.01409	0.00376	0.98216
656 T	0.01417	0.00353	0.9823
657 T	0.01419	0.00342	0.98239
658 T	0.01417	0.00344	0.98238
659 T	0.01411	0.00348	0.98241
660 G	0.01376	0.00393	0.98231
661 G	0.01348	0.00424	0.98228
662 T	0.01344	0.00433	0.98224
663 A	0.01329	0.00458	0.98214
664 A	0.01322	0.00466	0.98212
665 C	0.01324	0.00458	0.98219
666 T	0.01333	0.00446	0.98221
667 G	0.01306	0.00472	0.98221
668 A	0.01315	0.00463	0.98222
669 C	0.01313	0.00465	0.98222
670 C	0.01307	0.00484	0.98209
671 A	0.01298	0.00548	0.98155
672 T	0.01287	0.00613	0.98101
673 A	0.01191	0.00756	0.98053
674 A	0.01163	0.00807	0.98029
675 A	0.01138	0.00858	0.98005
676 A	0.01126	0.00890	0.97985
677 T	0.01154	0.00866	0.9798
678 T	0.01093	0.00938	0.9797
679 A	0.00882	0.01176	0.97942
680 A	0.00775	0.01279	0.97945
681 T	0.00720	0.01329	0.97951
682 A	0.00642	0.01399	0.97959
683 A	0.00603	0.01404	0.97992
684 C	0.00583	0.01396	0.98021
685 A	0.00571	0.01404	0.98025
686 T	0.00572	0.01392	0.98036
687 T	0.00560	0.01398	0.98041
688 A	0.00530	0.01427	0.98043
689 A	0.00509	0.01446	0.98046
690 C	0.00502	0.01403	0.98095
691 G	0.00497	0.01399	0.98103
692 A	0.00498	0.01405	0.98097
693 A	0.00515	0.01393	0.98092
694 A	0.00572	0.01328	0.98099
695 T	0.00636	0.01249	0.98115
696 T	0.00678	0.01095	0.98226
697 A	0.00692	0.01039	0.98268
698 A	0.00713	0.00966	0.9832
699 T	0.00735	0.00879	0.98386
700 A	0.00740	0.00849	0.98412
701 A	0.00751	0.00747	0.98502
702 T	0.00778	0.00505	0.98718
703 T	0.00781	0.00406	0.98813
704 T	0.00781	0.00390	0.98828
705 A	0.00769	0.00460	0.98771
706 T	0.00765	0.00478	0.98757
707 T	0.00758	0.00501	0.9874
708 G	0.00749	0.00556	0.98695
709 G	0.00745	0.00651	0.98603
710 A	0.00743	0.00865	0.98393
711 A	0.00742	0.01073	0.98185
712 G	0.00743	0.01255	0.98002
713 A	0.00745	0.01401	0.97854
714 A	0.00751	0.01465	0.97783
715 G	0.00763	0.01499	0.97738
716 T	0.00775	0.01556	0.97669
717 T	0.00776	0.01597	0.97626
718 A	0.00772	0.01607	0.97621
719 A	0.00768	0.01615	0.97617
720 A	0.00765	0.01621	0.97614
721 G	0.00762	0.01625	0.97614
722 C	0.00764	0.01624	0.97612
723 G	0.00769	0.01631	0.976
724 A	0.00777	0.01625	0.97598
725 A	0.00788	0.01615	0.97597
726 A	0.00809	0.01594	0.97597
727 A	0.00857	0.01545	0.97598
728 C	0.00990	0.01392	0.97618
729 T	0.01067	0.01310	0.97623
730 C	0.01117	0.01253	0.9763
731 A	0.01183	0.01185	0.97633
732 A	0.01281	0.01084	0.97635
733 C	0.01486	0.00877	0.97637
734 C	0.01713	0.00648	0.97639
735 T	0.01958	0.00403	0.97639
736 T	0.02113	0.00248	0.9764
737 T	0.02177	0.00183	0.9764
738 G	0.02199	0.00161	0.9764
739 T	0.02238	0.00122	0.9764
740 T	0.02253	0.00103	0.97645
741 A	0.02244	0.00107	0.97649
742 A	0.02244	0.00107	0.9765
743 T	0.02252	0.00094	0.97654
744 T	0.02250	0.00096	0.97654
745 A	0.02238	0.00107	0.97655
746 T	0.02244	0.00100	0.97657
747 A	0.02236	0.00108	0.97656
748 G	0.02226	0.00119	0.97655
749 C	0.02221	0.00126	0.97653
750 T	0.02218	0.00142	0.97639
751 A	0.02210	0.00152	0.97637
752 A	0.02204	0.00159	0.97637
753 T	0.02200	0.00163	0.97637
754 T	0.02193	0.00171	0.97636
755 C	0.02186	0.00177	0.97636
756 G	0.02181	0.00187	0.97632
757 T	0.02179	0.00193	0.97629
758 T	0.02177	0.00198	0.97626
759 T	0.02172	0.00205	0.97624
760 G	0.02164	0.00215	0.97621
761 A	0.02162	0.00214	0.97624
762 T	0.02161	0.00211	0.97628
763 A	0.02159	0.00208	0.97634
764 A	0.02161	0.00194	0.97646
765 C	0.02166	0.00178	0.97656
766 G	0.02169	0.00174	0.97657
767 A	0.02174	0.00167	0.97659
768 T	0.02179	0.00155	0.97666
769 G	0.02180	0.00155	0.97665
770 T	0.02183	0.00151	0.97665
771 A	0.02179	0.00150	0.9767
772 A	0.02176	0.00154	0.97669
773 T	0.02186	0.00148	0.97666
774 T	0.02183	0.00151	0.97666
775 A	0.02178	0.00157	0.97665
776 A	0.02177	0.00159	0.97665
777 T	0.02178	0.00153	0.97669
778 A	0.02178	0.00153	0.97669
779 T	0.02183	0.00144	0.97674
780 T	0.02186	0.00141	0.97673
781 T	0.02186	0.00140	0.97673
782 T	0.02180	0.00144	0.97676
783 G	0.02163	0.00157	0.9768
784 G	0.02158	0.00161	0.97682
785 C	0.02156	0.00162	0.97683
786 T	0.02155	0.00163	0.97683
787 C	0.02153	0.00166	0.97681
788 T	0.02152	0.00170	0.97679
789 A	0.02150	0.00175	0.97675
790 A	0.02149	0.00181	0.9767
791 A	0.02151	0.00182	0.97667
792 T	0.02158	0.00178	0.97664
793 A	0.02161	0.00176	0.97662
794 A	0.02167	0.00165	0.97668
795 G	0.02177	0.00148	0.97676
796 T	0.02189	0.00131	0.9768
797 T	0.02197	0.00119	0.97685
798 T	0.02204	0.00109	0.97688
799 C	0.02207	0.00105	0.97689
800 A	0.02210	0.00103	0.97688
801 T	0.02214	0.00099	0.97687
802 G	0.02216	0.00099	0.97686
803 G	0.02220	0.00096	0.97684
804 T	0.02223	0.00096	0.97681
805 A	0.02225	0.00098	0.97677
806 T	0.02228	0.00089	0.97683
807 T	0.02227	0.00107	0.97666
808 T	0.02226	0.00146	0.97628
809 T	0.02225	0.00197	0.97577
810 A	0.02223	0.00276	0.97501
811 A	0.02224	0.00334	0.97443
812 A	0.02226	0.00334	0.9744
813 T	0.02231	0.00330	0.97439
814 A	0.02232	0.00329	0.97438
815 T	0.02233	0.00328	0.97438
816 C	0.02214	0.00347	0.97439
817 G	0.02204	0.00357	0.97439
818 C	0.02202	0.00359	0.97439
819 T	0.02201	0.00361	0.97438
820 G	0.02199	0.00363	0.97438
821 C	0.02199	0.00363	0.97438
822 T	0.02200	0.00364	0.97435
823 A	0.02194	0.00374	0.97432
824 C	0.02192	0.00377	0.97431
825 T	0.02189	0.00385	0.97426
826 G	0.02178	0.00397	0.97425
827 A	0.02176	0.00399	0.97425
828 A	0.02187	0.00387	0.97426
829 G	0.02204	0.00370	0.97426
830 C	0.02238	0.00332	0.97431
831 C	0.02285	0.00281	0.97434
832 C	0.02331	0.00235	0.97435
833 C	0.02385	0.00184	0.97431
834 T	0.02427	0.00157	0.97416
835 G	0.02418	0.00199	0.97383
836 G	0.02410	0.00216	0.97374
837 T	0.02401	0.00229	0.97369
838 T	0.02381	0.00250	0.97368
839 T	0.02323	0.00295	0.97383
840 C	0.02203	0.00408	0.97389
841 G	0.02114	0.00511	0.97376
842 G	0.02043	0.00611	0.97346
843 A	0.01979	0.00762	0.97259
844 G	0.01919	0.00938	0.97142
845 A	0.01891	0.01208	0.96901
846 T	0.01881	0.01271	0.96848
847 A	0.01837	0.01423	0.9674
848 A	0.01810	0.01502	0.96688
849 T	0.01790	0.01576	0.96634
850 C	0.01757	0.01659	0.96584
851 A	0.01728	0.01853	0.96418
852 A	0.01707	0.01998	0.96296
853 A	0.01694	0.02111	0.96195
854 A	0.01689	0.02154	0.96157
855 A	0.01688	0.02190	0.96122
856 G	0.01692	0.02193	0.96114
857 A	0.01708	0.02186	0.96106
858 A	0.01739	0.02144	0.96117
859 T	0.01754	0.02104	0.96142
860 T	0.01761	0.02071	0.96168
861 A	0.01767	0.02050	0.96182
862 T	0.01781	0.01992	0.96227
863 T	0.01790	0.01912	0.96297
864 A	0.01794	0.01885	0.96321
865 A	0.01813	0.01859	0.96327
866 A	0.01886	0.01785	0.96328
867 A	0.01984	0.01726	0.9629
868 G	0.02199	0.01591	0.96209
869 A	0.02289	0.01609	0.96103
870 T	0.02449	0.01532	0.96019
871 A	0.02538	0.01460	0.96002
872 T	0.02648	0.01340	0.96012
873 T	0.02704	0.01272	0.96025
874 G	0.02788	0.01185	0.96028
875 C	0.02870	0.01105	0.96025
876 T	0.02955	0.01076	0.95969
877 A	0.02975	0.01119	0.95906
878 T	0.03006	0.01113	0.95881
879 T	0.03012	0.01133	0.95855
880 T	0.03007	0.01144	0.95849
881 T	0.02996	0.01160	0.95845
882 A	0.02960	0.01207	0.95833
883 A	0.02938	0.01244	0.95819
884 C	0.02938	0.01261	0.95801
885 T	0.02904	0.01366	0.9573
886 A	0.02736	0.01563	0.95701
887 A	0.02685	0.01624	0.95691
888 A	0.02667	0.01644	0.95689
889 G	0.02703	0.01609	0.95688
890 C	0.02799	0.01507	0.95694
891 T	0.02925	0.01392	0.95683
892 A	0.03033	0.01303	0.95664
893 A	0.03157	0.01186	0.95657
894 T	0.03232	0.01117	0.9565
895 T	0.03258	0.01099	0.95644
896 T	0.03282	0.01076	0.95642
897 T	0.03303	0.01055	0.95642
898 A	0.03309	0.01047	0.95645
899 T	0.03345	0.01001	0.95653
900 T	0.03380	0.00949	0.95671
901 T	0.03379	0.00938	0.95683
902 C	0.03248	0.01056	0.95696
903 T	0.03191	0.01117	0.95692
904 A	0.03025	0.01300	0.95676
905 A	0.02919	0.01418	0.95663
906 A	0.02869	0.01490	0.95642
907 G	0.02851	0.01527	0.95621
908 A	0.02851	0.01486	0.95663
909 T	0.02846	0.01329	0.95825
910 T	0.02807	0.01309	0.95884
911 T	0.02712	0.01380	0.95908
912 A	0.02471	0.01679	0.9585
913 G	0.02322	0.01950	0.95727
914 A	0.02204	0.02261	0.95534
915 T	0.02147	0.02359	0.95494
916 A	0.02017	0.02519	0.95464
917 T	0.01896	0.02664	0.95441
918 G	0.01673	0.02941	0.95386
919 C	0.01547	0.03156	0.95297
920 A	0.01419	0.03671	0.94911
921 A	0.01353	0.03822	0.94825
922 T	0.01326	0.03937	0.94737
923 T	0.01262	0.04110	0.94629
924 A	0.01149	0.04281	0.94571
925 C	0.01067	0.04230	0.94702
926 A	0.00979	0.04400	0.94622
927 A	0.00954	0.04393	0.94652
928 A	0.00976	0.04392	0.94631
929 A	0.01026	0.04412	0.94561
930 T	0.01070	0.04436	0.94494
931 G	0.01085	0.04525	0.94389
932 T	0.01106	0.04727	0.94167
933 A	0.01114	0.05023	0.93864
934 A	0.01131	0.05159	0.9371
935 A	0.01165	0.05017	0.93818
936 A	0.01276	0.04836	0.93889
937 A	0.01443	0.04603	0.93953
938 T	0.01518	0.04497	0.93986
939 A	0.01501	0.04568	0.93931
940 G	0.01479	0.04661	0.9386
941 A	0.01489	0.04850	0.9366
942 A	0.01577	0.04919	0.93504
943 G	0.01901	0.04790	0.93308
944 A	0.02033	0.05134	0.92833
945 T	0.02186	0.05407	0.92407
946 T	0.02339	0.05470	0.92191
947 T	0.02389	0.05388	0.92223
948 A	0.02217	0.05514	0.92269
949 G	0.02117	0.05525	0.92358
950 G	0.02150	0.05461	0.92389
951 C	0.02209	0.05392	0.924
952 C	0.02354	0.05271	0.92376
953 A	0.02485	0.05236	0.92279
954 A	0.02718	0.05107	0.92175
955 A	0.02853	0.05094	0.92053
956 T	0.03025	0.05060	0.91916
957 T	0.02995	0.05341	0.91664
958 A	0.02580	0.06171	0.91249
959 A	0.02376	0.06546	0.91078
960 A	0.02124	0.06951	0.90924
961 A	0.01823	0.07269	0.90908
962 A	0.01725	0.07326	0.90949
963 A	0.01775	0.07226	0.90998
964 G	0.02153	0.06818	0.91029
965 C	0.02430	0.06548	0.91023
966 A	0.02795	0.06277	0.90928
967 A	0.03334	0.05783	0.90883
968 T	0.03812	0.05303	0.90884
969 T	0.03888	0.05221	0.9089
970 A	0.03662	0.05439	0.90899
971 T	0.03455	0.05454	0.91091
972 C	0.02827	0.05950	0.91222
973 A	0.02159	0.06619	0.91222
974 A	0.01612	0.07166	0.91222
975 A	0.01267	0.07530	0.91203
976 A	0.01187	0.07620	0.91193
977 A	0.01232	0.07580	0.91187
978 A	0.01333	0.07257	0.9141
979 G	0.01482	0.06856	0.91663
980 A	0.01752	0.06482	0.91766
981 T	0.02167	0.05774	0.92059
982 A	0.02305	0.05471	0.92224
983 A	0.02448	0.05053	0.92499
984 T	0.02487	0.04643	0.9287
985 A	0.02460	0.04472	0.93067
986 C	0.02453	0.04349	0.93199
987 A	0.02390	0.04689	0.92921
988 A	0.02399	0.05201	0.924
989 T	0.02468	0.05351	0.92182
990 A	0.02486	0.05701	0.91813
991 T	0.02491	0.05833	0.91676
992 T	0.02480	0.05761	0.9176
993 A	0.02462	0.05600	0.91938
994 A	0.02462	0.05385	0.92153
995 T	0.02471	0.04757	0.92773
996 G	0.02466	0.04193	0.93341
997 G	0.02473	0.03709	0.93818
998 G	0.02489	0.03403	0.94108
999 G	0.02451	0.03342	0.94206
1000 G	0.02468	0.03298	0.94234
1001 C	0.02511	0.03240	0.94249
1002 G	0.02541	0.03274	0.94185
1003 G	0.02644	0.03290	0.94066
1004 A	0.02773	0.03434	0.93793
1005 T	0.02827	0.03633	0.9354
1006 A	0.02809	0.04149	0.93042
1007 A	0.02812	0.04520	0.92668
1008 A	0.02860	0.04491	0.92649
1009 A	0.02920	0.04396	0.92684
1010 G	0.03223	0.03987	0.9279
1011 T	0.03887	0.03283	0.92829
1012 C	0.04187	0.02955	0.92859
1013 C	0.04566	0.02563	0.92871
1014 T	0.04734	0.02403	0.92864
1015 T	0.04810	0.02342	0.92848
1016 C	0.04793	0.02378	0.9283
1017 T	0.04767	0.02513	0.9272
1018 T	0.04689	0.02604	0.92707
1019 T	0.04469	0.02816	0.92714
1020 A	0.04159	0.03125	0.92716
1021 A	0.03789	0.03491	0.9272
1022 C	0.03351	0.03859	0.9279
1023 C	0.02388	0.04845	0.92767
1024 G	0.01767	0.05712	0.92521
1025 A	0.01524	0.06151	0.92325
1026 A	0.01558	0.06282	0.9216
1027 A	0.01749	0.06247	0.92004
1028 G	0.01947	0.06098	0.91955
1029 A	0.02380	0.05693	0.91927
1030 A	0.02715	0.05348	0.91937
1031 T	0.02767	0.05273	0.91961
1032 T	0.02746	0.05279	0.91975
1033 G	0.02616	0.05447	0.91938
1034 A	0.02469	0.05709	0.91822
1035 A	0.02270	0.06032	0.91698
1036 G	0.02131	0.06328	0.91541
1037 A	0.01963	0.06592	0.91445
1038 A	0.01833	0.06784	0.91383
1039 A	0.01809	0.06780	0.91411
1040 T	0.01848	0.06657	0.91495
1041 A	0.01682	0.06769	0.91548
1042 G	0.01602	0.06755	0.91644
1043 A	0.01597	0.06668	0.91735
1044 A	0.01561	0.06426	0.92012
1045 A	0.01535	0.06078	0.92386
1046 A	0.01575	0.05027	0.93398
1047 T	0.01824	0.04187	0.93989
1048 C	0.01949	0.03828	0.94223
1049 A	0.02055	0.03953	0.93992
1050 T	0.02191	0.03826	0.93983
1051 A	0.02209	0.03911	0.9388
1052 T	0.02249	0.03869	0.93883
1053 T	0.02233	0.03928	0.93839
1054 C	0.02187	0.04073	0.9374
1055 A	0.02020	0.05278	0.92702
1056 A	0.01946	0.05842	0.92211
1057 A	0.01995	0.05754	0.92252
1058 A	0.02036	0.05591	0.92373
1059 T	0.02133	0.05395	0.92472
1060 A	0.02015	0.05360	0.92625
1061 C	0.02068	0.05185	0.92746
1062 A	0.02083	0.05520	0.92397
1063 A	0.02131	0.05826	0.92043
1064 A	0.02235	0.05795	0.9197
1065 T	0.02411	0.05636	0.91953
1066 A	0.02436	0.05681	0.91884
1067 A	0.02397	0.05699	0.91904
1068 T	0.02392	0.05635	0.91973
1069 G	0.02215	0.05793	0.91991
1070 A	0.02058	0.05998	0.91944
1071 A	0.02021	0.06009	0.9197
1072 C	0.02235	0.05757	0.92008
1073 A	0.02283	0.05759	0.91959
1074 T	0.02464	0.05595	0.9194
1075 G	0.02527	0.05583	0.91889
1076 A	0.02642	0.05509	0.91849
1077 A	0.02871	0.05275	0.91854
1078 T	0.03876	0.04088	0.92036
1079 T	0.04264	0.03578	0.92158
1080 A	0.04242	0.03543	0.92215
1081 A	0.04275	0.03432	0.92294
1082 A	0.04321	0.03285	0.92394
1083 C	0.04415	0.02998	0.92587
1084 A	0.04523	0.02894	0.92583
1085 A	0.04933	0.02484	0.92582
1086 T	0.05372	0.02028	0.92599
1087 T	0.05510	0.01905	0.92585
1088 T	0.05445	0.01991	0.92564
1089 A	0.05152	0.02229	0.92619
1090 A	0.05077	0.02220	0.92703
1091 A	0.05053	0.02166	0.92781
1092 A	0.05081	0.01932	0.92987
1093 T	0.05175	0.01637	0.93188
1094 C	0.05217	0.01494	0.93289
1095 T	0.05265	0.01425	0.93311
1096 C	0.05292	0.01389	0.9332
1097 G	0.05272	0.01431	0.93298
1098 T	0.05292	0.01433	0.93275
1099 T	0.05309	0.01419	0.93272
1100 T	0.05297	0.01429	0.93274
1101 A	0.05251	0.01487	0.93262
1102 G	0.05238	0.01471	0.93291
1103 C	0.05237	0.01415	0.93348
1104 T	0.05253	0.01422	0.93325
1105 A	0.05247	0.01447	0.93306
1106 A	0.05256	0.01447	0.93297
1107 A	0.05292	0.01409	0.933
1108 T	0.05333	0.01351	0.93317
1109 T	0.05345	0.01263	0.93393
1110 A	0.05345	0.01189	0.93466
1111 T	0.05354	0.01035	0.93611
1112 C	0.05327	0.00774	0.93899
1113 T	0.05287	0.00745	0.93968
1114 G	0.05183	0.00826	0.93991
1115 G	0.05122	0.00882	0.93996
1116 T	0.05089	0.00924	0.93987
1117 G	0.05032	0.00994	0.93974
1118 G	0.04998	0.01030	0.93972
1119 A	0.04980	0.01058	0.93962
1120 G	0.04999	0.00984	0.94017
1121 T	0.05024	0.00935	0.94041
1122 A	0.05027	0.00916	0.94057
1123 G	0.05038	0.00873	0.94089
1124 C	0.05061	0.00806	0.94132
1125 T	0.05087	0.00801	0.94113
1126 G	0.05096	0.00851	0.94053
1127 T	0.05131	0.00849	0.9402
1128 T	0.05145	0.00903	0.93951
1129 A	0.05143	0.01013	0.93843
1130 T	0.05141	0.01104	0.93755
1131 T	0.04995	0.01409	0.93597
1132 A	0.04874	0.01617	0.93509
1133 A	0.04734	0.01814	0.93452
1134 A	0.04608	0.01987	0.93405
1135 G	0.04481	0.02108	0.9341
1136 T	0.04390	0.02222	0.93388
1137 A	0.04269	0.02314	0.93417
1138 G	0.04225	0.02308	0.93468
1139 G	0.04200	0.02312	0.93488
1140 G	0.04188	0.02292	0.9352
1141 G	0.04191	0.02267	0.93542
1142 C	0.04186	0.02259	0.93555
1143 A	0.04166	0.02319	0.93514
1144 G	0.04164	0.02328	0.93507
1145 C	0.04175	0.02329	0.93496
1146 T	0.04182	0.02355	0.93463
1147 A	0.04162	0.02434	0.93405
1148 C	0.04160	0.02480	0.9336
1149 A	0.04188	0.02675	0.93137
1150 G	0.04196	0.02880	0.92923
1151 A	0.04139	0.03256	0.92605
1152 A	0.04131	0.03359	0.9251
1153 A	0.04164	0.03372	0.92464
1154 T	0.04234	0.03172	0.92595
1155 A	0.03996	0.03303	0.92702
1156 G	0.03918	0.03240	0.92842
1157 A	0.03846	0.03222	0.92933
1158 A	0.03838	0.03142	0.93019
1159 C	0.03877	0.03022	0.931
1160 T	0.03901	0.02998	0.93101
1161 A	0.03854	0.03128	0.93019
1162 A	0.03812	0.03246	0.92942
1163 A	0.03680	0.03515	0.92805
1164 A	0.03595	0.03619	0.92786
1165 G	0.03505	0.03701	0.92794
1166 A	0.03500	0.03709	0.9279
1167 A	0.03505	0.03707	0.92788
1168 C	0.03526	0.03691	0.92782
1169 G	0.03565	0.03712	0.92723
1170 A	0.03629	0.03699	0.92671
1171 A	0.03691	0.03652	0.92657
1172 A	0.03906	0.03433	0.92661
1173 A	0.04132	0.03196	0.92672
1174 T	0.04450	0.02710	0.92841
1175 T	0.04519	0.02502	0.92978
1176 A	0.04519	0.02417	0.93064
1177 A	0.04536	0.02292	0.93171
1178 G	0.04543	0.01990	0.93467
1179 A	0.04560	0.01859	0.93581
1180 C	0.04609	0.01660	0.93731
1181 T	0.04688	0.01565	0.93746
1182 T	0.04731	0.01532	0.93737
1183 G	0.04776	0.01541	0.93684
1184 A	0.04846	0.01463	0.93692
1185 A	0.04911	0.01378	0.93711
1186 G	0.05040	0.01093	0.93867
1187 A	0.05082	0.00958	0.9396
1188 C	0.05166	0.00766	0.94067
1189 G	0.05239	0.00668	0.94094
1190 C	0.05321	0.00580	0.941
1191 T	0.05389	0.00531	0.9408
1192 T	0.05442	0.00509	0.94049
1193 T	0.05467	0.00500	0.94033
1194 A	0.05435	0.00560	0.94006
1195 A	0.05436	0.00563	0.94
1196 A	0.05443	0.00545	0.94012
1197 T	0.05455	0.00520	0.94025
1198 G	0.05457	0.00496	0.94047
1199 C	0.05458	0.00471	0.9407
1200 G	0.05448	0.00481	0.94071
1201 G	0.05413	0.00522	0.94064
1202 C	0.05399	0.00542	0.94059
1203 T	0.05374	0.00584	0.94042
1204 C	0.05321	0.00639	0.9404
1205 A	0.05303	0.00661	0.94035
1206 A	0.05334	0.00629	0.94037
1207 G	0.05341	0.00618	0.94041
1208 C	0.05346	0.00602	0.94052
1209 T	0.05345	0.00601	0.94054
1210 G	0.05338	0.00606	0.94056
1211 C	0.05341	0.00601	0.94058
1212 T	0.05351	0.00592	0.94056
1213 G	0.05349	0.00595	0.94056
1214 T	0.05364	0.00578	0.94058
1215 T	0.05378	0.00561	0.94061
1216 A	0.05374	0.00561	0.94064
1217 C	0.05383	0.00508	0.9411
1218 C	0.05379	0.00503	0.94118
1219 G	0.05373	0.00508	0.94119
1220 A	0.05372	0.00510	0.94119
1221 A	0.05368	0.00511	0.94122
1222 G	0.05368	0.00510	0.94123
1223 G	0.05375	0.00488	0.94137
1224 T	0.05389	0.00422	0.94188
1225 A	0.05396	0.00387	0.94217
1226 T	0.05413	0.00316	0.94271
1227 T	0.05412	0.00255	0.94332
1228 T	0.05411	0.00221	0.94367
1229 T	0.05405	0.00218	0.94377
1230 A	0.05347	0.00277	0.94376
1231 G	0.05314	0.00305	0.94381
1232 T	0.05289	0.00330	0.94381
1233 T	0.05220	0.00407	0.94372
1234 G	0.04971	0.00681	0.94349
1235 G	0.04814	0.00883	0.94303
1236 T	0.04659	0.01157	0.94185
1237 G	0.04430	0.01470	0.941
1238 G	0.04295	0.01680	0.94025
1239 T	0.04234	0.01799	0.93967
1240 G	0.04109	0.02006	0.93885
1241 G	0.04041	0.02138	0.93821
1242 A	0.03976	0.02280	0.93743
1243 A	0.03939	0.02332	0.93729
1244 A	0.03921	0.02361	0.93717
1245 A	0.03916	0.02375	0.93709
1246 A	0.03916	0.02377	0.93707
1247 C	0.03921	0.02367	0.93713
1248 T	0.03929	0.02362	0.9371
1249 T	0.03930	0.02364	0.93706
1250 T	0.03928	0.02369	0.93703
1251 A	0.03914	0.02389	0.93697
1252 G	0.03903	0.02401	0.93696
1253 T	0.03900	0.02356	0.93744
1254 A	0.03872	0.02409	0.9372
1255 G	0.03859	0.02461	0.93679
1256 A	0.03863	0.02545	0.93592
1257 A	0.03892	0.02441	0.93668
1258 A	0.03959	0.02333	0.93709
1259 T	0.04139	0.02023	0.93838
1260 T	0.04257	0.01754	0.93989
1261 T	0.04327	0.01620	0.94053
1262 A	0.04348	0.01645	0.94007
1263 T	0.04342	0.01653	0.94005
1264 A	0.04250	0.01929	0.9382
1265 A	0.04205	0.02167	0.93627
1266 A	0.04180	0.02458	0.93362
1267 G	0.04160	0.02701	0.93139
1268 T	0.04159	0.02913	0.92928
1269 T	0.04134	0.03149	0.92717
1270 T	0.04093	0.03427	0.9248
1271 T	0.04020	0.03696	0.92284
1272 A	0.03895	0.04033	0.92072
1273 A	0.03812	0.04280	0.91908
1274 A	0.03784	0.04378	0.91839
1275 A	0.03732	0.04444	0.91825
1276 G	0.03746	0.04417	0.91837
1277 A	0.03821	0.04322	0.91857
1278 A	0.03929	0.04199	0.91872
1279 A	0.04106	0.04003	0.91891
1280 C	0.04282	0.03815	0.91903
1281 T	0.04429	0.03676	0.91895
1282 T	0.04483	0.03630	0.91888
1283 T	0.04505	0.03613	0.91882
1284 A	0.04507	0.03618	0.91875
1285 A	0.04545	0.03579	0.91876
1286 A	0.04632	0.03431	0.91938
1287 A	0.04866	0.03083	0.92051
1288 G	0.05152	0.02695	0.92153
1289 A	0.05532	0.02261	0.92207
1290 T	0.05899	0.01805	0.92296
1291 T	0.06140	0.01519	0.9234
1292 C	0.06242	0.01381	0.92377
1293 T	0.06353	0.01358	0.92289
1294 A	0.06334	0.01367	0.92299
1295 A	0.06311	0.01344	0.92344
1296 T	0.06250	0.01361	0.92388
1297 T	0.05839	0.01790	0.92371
1298 C	0.05216	0.02372	0.92413
1299 G	0.04515	0.03207	0.92278
1300 G	0.04167	0.03694	0.92139
1301 A	0.03998	0.03989	0.92014
1302 T	0.03944	0.04062	0.91994
1303 A	0.03867	0.04155	0.91978
1304 T	0.03847	0.04170	0.91983
1305 T	0.03803	0.04210	0.91987
1306 C	0.03721	0.04285	0.91995
1307 A	0.03628	0.04396	0.91976
1308 A	0.03565	0.04470	0.91965
1309 A	0.03511	0.04549	0.91939
1310 A	0.03484	0.04593	0.91924
1311 A	0.03464	0.04632	0.91904
1312 G	0.03463	0.04626	0.91912
1313 G	0.03473	0.04596	0.91931
1314 A	0.03497	0.04537	0.91967
1315 A	0.03525	0.04427	0.92048
1316 T	0.03628	0.04227	0.92145
1317 A	0.03651	0.04093	0.92257
1318 A	0.03688	0.03863	0.9245
1319 A	0.03753	0.03484	0.92763
1320 T	0.03851	0.02818	0.9333
1321 G	0.03894	0.02153	0.93953
1322 T	0.04032	0.01448	0.9452
1323 T	0.04132	0.01084	0.94784
1324 G	0.04198	0.00895	0.94906
1325 T	0.04222	0.00869	0.94909
1326 T	0.04241	0.00917	0.94841
1327 T	0.04250	0.01113	0.94637
1328 T	0.04253	0.01308	0.94439
1329 A	0.04251	0.01555	0.94194
