# lcl|CP097583.1_cds_USQ93335.1_1
# AA	inside	membr	outside
1 A	0.89872	0.00000	0.10128
2 T	0.89833	0.00038	0.10128
3 G	0.89796	0.00075	0.10128
4 A	0.89796	0.00428	0.09776
5 A	0.89178	0.01398	0.09425
6 A	0.89178	0.01466	0.09356
7 A	0.86842	0.03826	0.09332
8 A	0.86842	0.03827	0.09331
9 A	0.86523	0.04162	0.09315
10 A	0.86522	0.05092	0.08387
11 A	0.86472	0.05191	0.08337
12 A	0.86004	0.05681	0.08315
13 T	0.85415	0.06376	0.08209
14 T	0.85414	0.06377	0.08209
15 T	0.85414	0.11315	0.03271
16 A	0.85186	0.11543	0.03271
17 T	0.84849	0.11937	0.03214
18 T	0.84820	0.12155	0.03025
19 T	0.82323	0.14802	0.02875
20 T	0.53225	0.45949	0.00826
21 A	0.04290	0.94895	0.00815
22 A	0.02818	0.96547	0.00635
23 A	0.01779	0.97770	0.00451
24 A	0.01067	0.98616	0.00317
25 A	0.00639	0.99051	0.00311
26 A	0.00459	0.99223	0.00317
27 A	0.00574	0.99052	0.00374
28 A	0.00689	0.98630	0.00681
29 A	0.00697	0.98565	0.00737
30 A	0.00720	0.97250	0.0203
31 A	0.00698	0.97234	0.02068
32 A	0.00723	0.96921	0.02357
33 A	0.01451	0.96037	0.02511
34 G	0.01520	0.95876	0.02604
35 A	0.01649	0.95417	0.02934
36 A	0.01815	0.94784	0.03402
37 A	0.01989	0.94292	0.03719
38 T	0.06748	0.87833	0.05419
39 A	0.06909	0.85402	0.07688
40 G	0.07464	0.81250	0.11286
41 A	0.07840	0.76091	0.16069
42 T	0.08221	0.69431	0.22348
43 T	0.09398	0.38799	0.51803
44 T	0.09418	0.04693	0.85889
45 G	0.09504	0.03648	0.86849
46 A	0.09678	0.02954	0.87368
47 T	0.09823	0.02429	0.87748
48 T	0.09857	0.02639	0.87504
49 T	0.09680	0.03823	0.86496
50 T	0.08985	0.06536	0.84479
51 T	0.08637	0.11950	0.79413
52 A	0.07751	0.40691	0.51557
53 A	0.07151	0.64968	0.27881
54 A	0.06773	0.68981	0.24246
55 T	0.06299	0.73259	0.20442
56 T	0.05990	0.77059	0.1695
57 T	0.04910	0.83209	0.11881
58 A	0.01756	0.95991	0.02253
59 A	0.01338	0.96978	0.01684
60 A	0.00993	0.97605	0.01402
61 A	0.00834	0.97898	0.01268
62 A	0.00750	0.98071	0.0118
63 A	0.00659	0.98299	0.01042
64 A	0.00683	0.98287	0.01029
65 A	0.00724	0.98274	0.01002
66 T	0.00833	0.98174	0.00992
67 A	0.00970	0.98024	0.01006
68 T	0.01152	0.97824	0.01023
69 A	0.01309	0.97659	0.01032
70 A	0.01687	0.97260	0.01053
71 A	0.02424	0.96475	0.011
72 A	0.04258	0.94427	0.01314
73 A	0.07543	0.90462	0.01995
74 A	0.14684	0.82863	0.02453
75 T	0.45097	0.51465	0.03439
76 T	0.66838	0.28924	0.04239
77 A	0.71089	0.24165	0.04745
78 T	0.77382	0.16675	0.05943
79 T	0.80444	0.13095	0.06461
80 T	0.83781	0.08856	0.07364
81 T	0.88185	0.02451	0.09365
82 T	0.88215	0.02237	0.09548
83 T	0.88046	0.02147	0.09807
84 T	0.87642	0.02654	0.09703
85 A	0.86716	0.03937	0.09347
86 T	0.85144	0.05715	0.09142
87 A	0.80332	0.11363	0.08305
88 T	0.77889	0.14452	0.07659
89 T	0.76768	0.16406	0.06825
90 A	0.75230	0.18842	0.05929
91 T	0.74313	0.20015	0.05672
92 A	0.72208	0.22219	0.05573
93 T	0.70452	0.24022	0.05527
94 T	0.65634	0.29019	0.05348
95 A	0.53138	0.42203	0.04659
96 C	0.45663	0.49987	0.0435
97 A	0.40975	0.55895	0.0313
98 T	0.37589	0.59652	0.02759
99 T	0.34080	0.63611	0.02309
100 A	0.27970	0.70404	0.01625
101 A	0.25391	0.73131	0.01478
102 A	0.23949	0.74611	0.01439
103 A	0.22855	0.75657	0.01488
104 A	0.22078	0.76141	0.01781
105 T	0.21814	0.75786	0.02401
106 G	0.21011	0.76127	0.02862
107 A	0.20769	0.75923	0.03308
108 A	0.20993	0.74990	0.04017
109 A	0.21301	0.73333	0.05367
110 A	0.22193	0.68277	0.0953
111 T	0.23098	0.64652	0.1225
112 T	0.23785	0.62381	0.13834
113 T	0.24264	0.60516	0.1522
114 A	0.23879	0.60377	0.15744
115 G	0.23707	0.58551	0.17741
116 A	0.23651	0.57284	0.19065
117 A	0.23760	0.53658	0.22582
118 A	0.24451	0.43222	0.32327
119 A	0.25045	0.35545	0.39411
120 T	0.26574	0.27851	0.45576
121 T	0.26949	0.23449	0.49602
122 T	0.27242	0.20557	0.52202
123 T	0.27512	0.17144	0.55345
124 A	0.27418	0.18315	0.54267
125 A	0.27410	0.18992	0.53597
126 A	0.27419	0.19497	0.53084
127 T	0.27349	0.19014	0.53637
128 T	0.26941	0.19338	0.53721
129 T	0.26301	0.19645	0.54054
130 G	0.24532	0.21518	0.5395
131 C	0.23723	0.22671	0.53606
132 T	0.23181	0.25479	0.51341
133 T	0.22565	0.28096	0.49339
134 T	0.21955	0.31148	0.46897
135 A	0.20191	0.37176	0.42633
136 A	0.19393	0.41820	0.38786
137 G	0.19082	0.47249	0.33669
138 T	0.19236	0.51182	0.29582
139 A	0.19218	0.55257	0.25525
140 T	0.19617	0.55335	0.25048
141 T	0.19347	0.56039	0.24614
142 A	0.18146	0.58228	0.23626
143 A	0.17471	0.59241	0.23287
144 C	0.16796	0.60102	0.23101
145 A	0.15591	0.62296	0.22113
146 A	0.15423	0.63781	0.20796
147 A	0.17138	0.63150	0.19712
148 A	0.18401	0.63274	0.18325
149 A	0.19583	0.63239	0.17178
150 A	0.19915	0.63409	0.16677
151 T	0.20155	0.63371	0.16474
152 A	0.19673	0.63456	0.16872
153 T	0.19090	0.62212	0.18698
154 G	0.17650	0.62893	0.19457
155 G	0.17351	0.62783	0.19866
156 G	0.17683	0.62451	0.19866
157 A	0.19114	0.60563	0.20323
158 A	0.22463	0.55924	0.21613
159 A	0.25653	0.51806	0.22541
160 G	0.30558	0.45889	0.23552
161 C	0.33863	0.41996	0.24141
162 A	0.36033	0.40824	0.23142
163 T	0.35711	0.42350	0.2194
164 A	0.32607	0.47426	0.19966
165 T	0.31970	0.49034	0.18996
166 G	0.28787	0.53662	0.1755
167 A	0.26757	0.56474	0.16769
168 A	0.26408	0.55812	0.17779
169 A	0.27157	0.54204	0.18639
170 G	0.27356	0.53455	0.19189
171 A	0.28008	0.52425	0.19567
172 A	0.29114	0.51212	0.19675
173 A	0.30092	0.49739	0.20169
174 T	0.31219	0.48090	0.20691
175 T	0.31537	0.47160	0.21303
176 T	0.31119	0.47916	0.20965
177 A	0.29094	0.52221	0.18685
178 A	0.28091	0.53667	0.18242
179 T	0.27400	0.54275	0.18325
180 A	0.24799	0.58023	0.17178
181 A	0.23139	0.59685	0.17177
182 A	0.22802	0.59749	0.17449
183 A	0.22840	0.58794	0.18366
184 A	0.23145	0.57304	0.19551
185 G	0.24713	0.53802	0.21485
186 A	0.27005	0.49589	0.23406
187 C	0.29773	0.42578	0.27649
188 G	0.31921	0.39616	0.28464
189 T	0.33923	0.36524	0.29553
190 T	0.34831	0.36654	0.28515
191 T	0.33983	0.38519	0.27498
192 A	0.31347	0.43468	0.25185
193 A	0.29750	0.45606	0.24643
194 G	0.29188	0.45917	0.24894
195 A	0.29219	0.46168	0.24613
196 A	0.29928	0.46207	0.23865
197 T	0.31680	0.43817	0.24504
198 G	0.32455	0.42860	0.24685
199 A	0.34211	0.40686	0.25103
200 T	0.37659	0.35161	0.2718
201 T	0.39095	0.32542	0.28363
202 A	0.39604	0.31003	0.29393
203 T	0.40956	0.27437	0.31607
204 C	0.41331	0.25672	0.32998
205 C	0.41401	0.25462	0.33138
206 A	0.41268	0.25904	0.32827
207 T	0.41250	0.26424	0.32326
208 A	0.40771	0.27920	0.3131
209 A	0.40447	0.29281	0.30272
210 T	0.40931	0.29456	0.29612
211 A	0.41346	0.30449	0.28205
212 A	0.42468	0.29727	0.27806
213 T	0.44811	0.27177	0.28011
214 A	0.45968	0.25507	0.28526
215 T	0.48042	0.21552	0.30406
216 G	0.49030	0.19759	0.3121
217 T	0.49904	0.19538	0.30559
218 A	0.50168	0.19966	0.29865
219 T	0.51069	0.19292	0.29639
220 T	0.51096	0.19553	0.29351
221 T	0.51019	0.19802	0.29179
222 G	0.50050	0.21297	0.28653
223 A	0.49176	0.22670	0.28154
224 T	0.48757	0.23334	0.27908
225 A	0.48281	0.24152	0.27567
226 G	0.48153	0.24366	0.27481
227 A	0.48159	0.24408	0.27433
228 T	0.48332	0.23924	0.27744
229 A	0.48533	0.23520	0.27948
230 A	0.49023	0.22853	0.28124
231 A	0.49984	0.21384	0.28632
232 C	0.51073	0.19699	0.29227
233 A	0.51897	0.18774	0.29329
234 T	0.54017	0.16396	0.29587
235 A	0.54897	0.15350	0.29753
236 T	0.56120	0.13985	0.29895
237 G	0.56918	0.12962	0.3012
238 T	0.58024	0.11346	0.3063
239 C	0.58634	0.10221	0.31145
240 T	0.60102	0.08616	0.31283
241 T	0.60969	0.07503	0.31528
242 T	0.61560	0.06574	0.31865
243 T	0.61874	0.06023	0.32104
244 G	0.62193	0.05492	0.32315
245 T	0.62819	0.03785	0.33397
246 T	0.63229	0.02477	0.34294
247 C	0.63449	0.01723	0.34827
248 T	0.63762	0.01338	0.349
249 T	0.63661	0.01785	0.34554
250 G	0.61198	0.05261	0.33541
251 T	0.60190	0.07955	0.31854
252 T	0.58787	0.10514	0.30699
253 A	0.56854	0.13475	0.29672
254 T	0.55363	0.16010	0.28627
255 T	0.52944	0.19889	0.27167
256 A	0.49209	0.25690	0.25101
257 A	0.47891	0.28122	0.23987
258 A	0.47074	0.29573	0.23353
259 T	0.46723	0.29988	0.2329
260 T	0.46179	0.30570	0.2325
261 T	0.45219	0.31555	0.23226
262 G	0.43797	0.32973	0.23231
263 C	0.43289	0.33468	0.23242
264 A	0.42664	0.34090	0.23246
265 G	0.42111	0.34638	0.23251
266 C	0.41865	0.34876	0.23259
267 C	0.41643	0.35100	0.23258
268 A	0.41459	0.35308	0.23232
269 A	0.41318	0.35446	0.23236
270 A	0.41338	0.35413	0.23249
271 G	0.41583	0.35143	0.23273
272 A	0.42189	0.34253	0.23557
273 G	0.43577	0.29380	0.27043
274 T	0.45788	0.25493	0.28719
275 T	0.46873	0.22907	0.3022
276 A	0.47328	0.22214	0.30458
277 A	0.47918	0.22438	0.29644
278 A	0.49039	0.21892	0.29069
279 T	0.50890	0.17675	0.31435
280 T	0.51709	0.16369	0.31921
281 T	0.52005	0.16449	0.31546
282 T	0.51682	0.18572	0.29745
283 T	0.50958	0.20569	0.28473
284 A	0.49226	0.23231	0.27543
285 T	0.48135	0.24407	0.27458
286 A	0.47054	0.26053	0.26893
287 A	0.46587	0.26871	0.26542
288 T	0.46345	0.27103	0.26552
289 T	0.45870	0.27655	0.26475
290 T	0.44764	0.28967	0.2627
291 A	0.43466	0.30486	0.26048
292 G	0.42982	0.31048	0.2597
293 A	0.42594	0.31890	0.25515
294 A	0.42390	0.32479	0.25132
295 A	0.42258	0.32918	0.24824
296 A	0.42230	0.33360	0.2441
297 A	0.42323	0.33975	0.23702
298 A	0.42558	0.34271	0.2317
299 A	0.43740	0.33409	0.2285
300 A	0.46445	0.30620	0.22935
301 T	0.50826	0.25966	0.23207
302 T	0.53072	0.23569	0.23359
303 T	0.54350	0.22027	0.23623
304 T	0.55322	0.20802	0.23875
305 T	0.56246	0.19694	0.2406
306 A	0.56707	0.18868	0.24425
307 A	0.57662	0.16634	0.25704
308 T	0.58876	0.14329	0.26794
309 T	0.59572	0.12661	0.27766
310 T	0.59559	0.12704	0.27737
311 T	0.58203	0.14442	0.27356
312 A	0.54842	0.18223	0.26935
313 T	0.51507	0.21429	0.27064
314 T	0.50568	0.21769	0.27663
315 A	0.49213	0.23100	0.27687
316 A	0.48624	0.23640	0.27736
317 A	0.48748	0.23404	0.27848
318 A	0.48997	0.23011	0.27992
319 A	0.49527	0.22329	0.28144
320 A	0.50429	0.21296	0.28276
321 G	0.51176	0.20420	0.28404
322 T	0.51921	0.19617	0.28463
323 C	0.52139	0.19352	0.28508
324 C	0.52363	0.19114	0.28522
325 T	0.52715	0.18757	0.28529
326 C	0.52911	0.18554	0.28535
327 T	0.53102	0.18360	0.28537
328 T	0.53252	0.18206	0.28541
329 T	0.53374	0.18059	0.28567
330 G	0.53439	0.17909	0.28652
331 A	0.53582	0.17694	0.28724
332 A	0.53909	0.16503	0.29588
333 T	0.54861	0.13761	0.31378
334 T	0.55810	0.10141	0.34049
335 A	0.56670	0.05485	0.37845
336 G	0.57621	0.00000	0.42378
