# lcl|CP097583.1_cds_USQ93612.1_1
# AA	inside	membr	outside
1 A	0.28684	0.00000	0.71316
2 T	0.28630	0.00054	0.71316
3 T	0.28600	0.00084	0.71316
4 A	0.28600	0.00608	0.70792
5 T	0.28044	0.01765	0.70191
6 G	0.28044	0.01969	0.69987
7 A	0.26771	0.03460	0.69769
8 A	0.26771	0.03463	0.69765
9 A	0.26534	0.03779	0.69687
10 A	0.26534	0.09094	0.64372
11 T	0.26510	0.09302	0.64188
12 T	0.25838	0.10041	0.64121
13 A	0.24973	0.11015	0.64012
14 T	0.24973	0.11015	0.64012
15 G	0.24973	0.11346	0.63681
16 T	0.24960	0.11358	0.63681
17 C	0.24933	0.11390	0.63677
18 A	0.24931	0.11413	0.63656
19 A	0.24901	0.11451	0.63647
20 T	0.24812	0.11689	0.63499
21 T	0.23710	0.12792	0.63498
22 A	0.23552	0.12973	0.63476
23 A	0.23479	0.13023	0.63498
24 T	0.23516	0.12935	0.6355
25 T	0.23467	0.12605	0.63928
26 C	0.23306	0.12632	0.64061
27 A	0.23465	0.12374	0.64162
28 G	0.23793	0.11748	0.64458
29 G	0.23932	0.11618	0.6445
30 T	0.24424	0.10516	0.6506
31 A	0.24485	0.10441	0.65074
32 G	0.24746	0.09806	0.65448
33 T	0.29472	0.04871	0.65657
34 T	0.29719	0.04525	0.65756
35 C	0.29821	0.03790	0.66389
36 T	0.29946	0.03209	0.66846
37 T	0.29976	0.03168	0.66856
38 C	0.30132	0.03008	0.66859
39 T	0.30090	0.03116	0.66795
40 T	0.30051	0.03163	0.66785
41 T	0.29956	0.03288	0.66757
42 A	0.29869	0.03454	0.66678
43 A	0.29915	0.03378	0.66706
44 A	0.29872	0.02482	0.67647
45 A	0.29872	0.02243	0.67885
46 T	0.29911	0.02068	0.68022
47 T	0.29899	0.02114	0.67987
48 T	0.29817	0.02277	0.67906
49 A	0.29627	0.02974	0.67399
50 A	0.29173	0.03866	0.6696
51 A	0.28898	0.04344	0.66758
52 T	0.28597	0.04898	0.66505
53 T	0.26931	0.07318	0.65751
54 A	0.24887	0.10545	0.64569
55 T	0.23952	0.11976	0.64073
56 T	0.22227	0.14030	0.63744
57 G	0.19445	0.17097	0.63458
58 A	0.18469	0.18673	0.62858
59 T	0.17964	0.19311	0.62725
60 A	0.17128	0.20157	0.62715
61 A	0.16746	0.20514	0.6274
62 T	0.16582	0.20605	0.62813
63 G	0.16338	0.20784	0.62878
64 C	0.16256	0.20785	0.62959
65 C	0.16198	0.20815	0.62987
66 A	0.16140	0.20871	0.62988
67 C	0.16167	0.20841	0.62991
68 A	0.16169	0.20844	0.62987
69 A	0.16220	0.20794	0.62987
70 G	0.16366	0.20637	0.62997
71 A	0.16551	0.20387	0.63061
72 A	0.17133	0.19681	0.63186
73 A	0.17785	0.18486	0.63729
74 A	0.18226	0.17597	0.64177
75 A	0.18730	0.16507	0.64764
76 A	0.19646	0.13628	0.66726
77 T	0.21116	0.09544	0.69341
78 T	0.21746	0.07580	0.70674
79 T	0.21965	0.05730	0.72305
80 G	0.22010	0.03655	0.74335
81 T	0.22224	0.02869	0.74907
82 T	0.22187	0.02634	0.75179
83 G	0.22039	0.02246	0.75715
84 T	0.21947	0.02192	0.75861
85 G	0.21781	0.02543	0.75677
86 T	0.21720	0.02715	0.75565
87 T	0.21635	0.02940	0.75424
88 G	0.21448	0.03125	0.75426
89 G	0.21348	0.03248	0.75404
90 T	0.21316	0.03420	0.75264
91 T	0.21249	0.03908	0.74843
92 C	0.21115	0.04091	0.74794
93 A	0.21019	0.04406	0.74575
94 A	0.20941	0.04851	0.74209
95 T	0.20884	0.05059	0.74057
96 C	0.20726	0.05560	0.73713
97 G	0.20637	0.06704	0.72659
98 A	0.20610	0.07560	0.7183
99 A	0.20590	0.08271	0.7114
100 A	0.20590	0.08508	0.70902
101 G	0.20620	0.08543	0.70836
102 A	0.20723	0.08478	0.70799
103 A	0.20912	0.08243	0.70845
104 T	0.21227	0.07835	0.70938
105 T	0.21459	0.07501	0.7104
106 G	0.21563	0.07295	0.71142
107 G	0.21720	0.07089	0.71191
108 T	0.22061	0.06690	0.71249
109 T	0.22226	0.06547	0.71227
110 A	0.22329	0.06475	0.71196
111 T	0.22419	0.06319	0.71262
112 G	0.22422	0.06420	0.71158
113 A	0.22523	0.06461	0.71016
114 T	0.22894	0.06098	0.71008
115 G	0.22930	0.05944	0.71126
116 A	0.23135	0.05661	0.71204
117 T	0.23585	0.05124	0.71291
118 G	0.23793	0.04849	0.71358
119 C	0.24276	0.04234	0.71489
120 T	0.25409	0.03058	0.71533
121 A	0.26139	0.02327	0.71533
122 T	0.26771	0.01684	0.71545
123 T	0.26959	0.01495	0.71545
124 T	0.26986	0.01465	0.71549
125 T	0.26986	0.01456	0.71558
126 T	0.26894	0.01546	0.71559
127 A	0.26688	0.01763	0.7155
128 C	0.26573	0.01884	0.71543
129 T	0.26437	0.02091	0.71472
130 A	0.26120	0.02487	0.71393
131 T	0.25876	0.02791	0.71333
132 T	0.25372	0.03392	0.71237
133 G	0.24342	0.04629	0.71029
134 A	0.23724	0.05567	0.70709
135 A	0.23390	0.05933	0.70678
136 T	0.23187	0.06173	0.7064
137 T	0.22623	0.06870	0.70508
138 T	0.20766	0.09015	0.70219
139 C	0.16757	0.13329	0.69913
140 T	0.14347	0.16265	0.69387
141 A	0.10134	0.21046	0.68821
142 G	0.08477	0.22943	0.6858
143 A	0.07427	0.24266	0.68307
144 T	0.06595	0.25194	0.68212
145 A	0.05151	0.26705	0.68143
146 A	0.03905	0.28001	0.68094
147 A	0.03363	0.28596	0.68041
148 A	0.03210	0.28736	0.68054
149 A	0.03147	0.28705	0.68147
150 A	0.03109	0.28558	0.68333
151 A	0.03107	0.28395	0.68499
152 T	0.03181	0.28085	0.68735
153 A	0.03206	0.27789	0.69005
154 A	0.03233	0.27498	0.69269
155 A	0.03299	0.26985	0.69716
156 A	0.03475	0.25906	0.7062
157 A	0.03764	0.24947	0.71289
158 A	0.03906	0.24024	0.7207
159 A	0.04109	0.22724	0.73167
160 A	0.04541	0.21149	0.74311
161 T	0.05333	0.17607	0.7706
162 T	0.05775	0.13288	0.80938
163 T	0.06123	0.10438	0.8344
164 T	0.06327	0.07088	0.86585
165 A	0.06390	0.06356	0.87254
166 T	0.06539	0.05683	0.87778
167 T	0.06554	0.05266	0.8818
168 A	0.06518	0.05122	0.8836
169 G	0.06509	0.04607	0.88883
170 T	0.06545	0.05456	0.87999
171 T	0.06410	0.07393	0.86197
172 A	0.05715	0.10899	0.83386
173 G	0.05399	0.14224	0.80376
174 A	0.05244	0.14885	0.7987
175 G	0.05163	0.15287	0.79551
176 A	0.04998	0.16047	0.78956
177 T	0.04935	0.16154	0.78911
178 C	0.04780	0.16365	0.78855
179 A	0.04674	0.16586	0.7874
180 T	0.04622	0.16649	0.78729
181 C	0.04474	0.16806	0.7872
182 A	0.04344	0.16963	0.78693
183 T	0.04310	0.17022	0.78667
184 C	0.04194	0.17145	0.78661
185 A	0.04151	0.17201	0.78647
186 A	0.04175	0.17183	0.78643
187 G	0.04373	0.16977	0.78649
188 C	0.04901	0.16433	0.78666
189 T	0.05464	0.15866	0.7867
190 A	0.05890	0.15392	0.78717
191 T	0.07013	0.14205	0.78782
192 A	0.07635	0.13531	0.78834
193 C	0.08957	0.12155	0.78888
194 A	0.10558	0.10397	0.79044
195 A	0.13195	0.07132	0.79672
196 T	0.16064	0.03984	0.79952
197 T	0.16595	0.03330	0.80075
198 A	0.16804	0.03130	0.80066
199 A	0.17247	0.02486	0.80267
200 T	0.17331	0.02170	0.80499
201 T	0.17215	0.02086	0.80699
202 T	0.16670	0.02575	0.80756
203 T	0.15724	0.03679	0.80597
204 A	0.14391	0.05710	0.79899
205 G	0.13680	0.06382	0.79938
206 A	0.13251	0.06800	0.79949
207 T	0.12853	0.07104	0.80042
208 T	0.12391	0.07532	0.80077
209 C	0.12192	0.07741	0.80068
210 T	0.12051	0.08129	0.7982
211 T	0.11814	0.08813	0.79373
212 T	0.11542	0.09370	0.79088
213 A	0.10955	0.10270	0.78775
214 A	0.10254	0.11294	0.78453
215 T	0.09766	0.11855	0.78379
216 A	0.09111	0.12572	0.78318
217 G	0.08901	0.12774	0.78325
218 A	0.08806	0.12893	0.78301
219 A	0.08564	0.13150	0.78286
220 A	0.08406	0.13313	0.7828
221 A	0.08341	0.13339	0.7832
222 T	0.08329	0.13271	0.78399
223 A	0.08152	0.13426	0.78422
224 A	0.08114	0.13236	0.7865
225 A	0.08134	0.12598	0.79268
226 A	0.08350	0.11340	0.80309
227 T	0.09071	0.09247	0.81681
228 T	0.09089	0.08554	0.82356
229 A	0.08950	0.08303	0.82747
230 T	0.08912	0.07884	0.83204
231 C	0.08754	0.07504	0.83742
232 G	0.08665	0.07441	0.83894
233 A	0.08829	0.07165	0.84005
234 T	0.09351	0.06426	0.84223
235 T	0.09600	0.05944	0.84456
236 C	0.09723	0.05426	0.84851
237 T	0.09854	0.04792	0.85354
238 T	0.09604	0.04908	0.85488
239 T	0.09299	0.05410	0.85292
240 A	0.08938	0.06821	0.8424
241 A	0.08773	0.08034	0.83193
242 A	0.08724	0.08096	0.8318
243 A	0.08723	0.08099	0.83179
244 A	0.08728	0.08107	0.83166
245 A	0.08445	0.08489	0.83065
246 T	0.08178	0.08680	0.83142
247 A	0.07556	0.09363	0.8308
248 T	0.07268	0.09573	0.83159
249 A	0.06743	0.10077	0.83179
250 G	0.06463	0.10276	0.8326
251 A	0.06365	0.10261	0.83374
252 A	0.06334	0.10102	0.83564
253 G	0.06332	0.09968	0.83699
254 G	0.06376	0.09755	0.83869
255 T	0.06420	0.09623	0.83956
256 A	0.06426	0.09640	0.83934
257 T	0.06435	0.09566	0.83999
258 A	0.06413	0.09489	0.84098
259 G	0.06450	0.09190	0.8436
260 G	0.06551	0.08758	0.84692
261 C	0.06848	0.08059	0.85094
262 C	0.07369	0.07417	0.85214
263 A	0.08450	0.06501	0.85049
264 T	0.09466	0.05667	0.84867
265 A	0.09587	0.05732	0.84681
266 G	0.09708	0.05676	0.84616
267 A	0.09873	0.05519	0.84608
268 A	0.10196	0.04760	0.85044
269 T	0.10447	0.03997	0.85555
270 T	0.10634	0.03113	0.86253
271 G	0.10644	0.02761	0.86595
272 T	0.10642	0.02340	0.87018
273 T	0.10450	0.02388	0.87162
274 C	0.09550	0.03460	0.8699
275 A	0.08917	0.04436	0.86647
276 A	0.08616	0.04826	0.86557
277 G	0.08550	0.04965	0.86485
278 G	0.08521	0.05121	0.86357
279 T	0.08574	0.05258	0.86167
280 G	0.08511	0.05451	0.86039
281 G	0.08475	0.05603	0.85923
282 A	0.08346	0.06050	0.85604
283 G	0.08300	0.06192	0.85508
284 A	0.08297	0.06264	0.85438
285 A	0.08366	0.06202	0.85432
286 A	0.08619	0.05917	0.85463
287 T	0.08897	0.05580	0.85523
288 T	0.09095	0.05290	0.85615
289 T	0.09170	0.05173	0.85656
290 T	0.09180	0.05151	0.85668
291 T	0.09131	0.05245	0.85624
292 A	0.08977	0.05490	0.85534
293 A	0.08905	0.05559	0.85536
294 A	0.08812	0.05604	0.85584
295 A	0.08769	0.05528	0.85704
296 A	0.08796	0.05239	0.85965
297 T	0.09080	0.04075	0.86845
298 T	0.09227	0.03377	0.87397
299 C	0.09066	0.03293	0.87641
300 A	0.08938	0.03509	0.87554
301 G	0.09005	0.03465	0.87529
302 T	0.09221	0.03253	0.87527
303 T	0.09388	0.03075	0.87537
304 A	0.09495	0.02970	0.87535
305 T	0.09768	0.02571	0.87662
306 T	0.09776	0.02545	0.87679
307 T	0.09649	0.02654	0.87697
308 T	0.09240	0.03070	0.8769
309 A	0.08225	0.04124	0.8765
310 A	0.07671	0.04691	0.87639
311 C	0.07325	0.05044	0.87631
312 A	0.06986	0.05475	0.87539
313 G	0.06757	0.05735	0.87508
314 A	0.06602	0.05925	0.87472
315 T	0.06516	0.06010	0.87474
316 G	0.06199	0.06524	0.87276
317 A	0.06076	0.06698	0.87225
318 A	0.06019	0.06733	0.87247
319 A	0.06010	0.06673	0.87317
320 A	0.06018	0.06566	0.87416
321 T	0.06056	0.06305	0.87639
322 A	0.06065	0.06098	0.87837
323 T	0.06203	0.05794	0.88003
324 T	0.06256	0.05752	0.87992
325 G	0.06245	0.05924	0.87831
326 T	0.06257	0.06044	0.87699
327 T	0.06240	0.06155	0.87605
328 A	0.06151	0.06320	0.87529
329 A	0.06078	0.06374	0.87548
330 A	0.06040	0.06286	0.87674
331 A	0.06046	0.05908	0.88047
332 T	0.06098	0.04940	0.88962
333 A	0.06113	0.04500	0.89388
334 G	0.06154	0.04161	0.89684
335 A	0.06251	0.03868	0.8988
336 A	0.06327	0.03617	0.90056
337 A	0.06409	0.03335	0.90256
338 G	0.06543	0.03000	0.90457
339 T	0.06808	0.02470	0.90722
340 T	0.06946	0.02293	0.90761
341 T	0.06985	0.02224	0.90791
342 A	0.06979	0.02249	0.90771
343 A	0.06955	0.02290	0.90756
344 A	0.06889	0.02343	0.90768
345 C	0.06897	0.02295	0.90808
346 G	0.06932	0.02294	0.90774
347 A	0.07061	0.02179	0.9076
348 T	0.07346	0.01886	0.90768
349 T	0.07536	0.01685	0.9078
350 T	0.07648	0.01554	0.90797
351 A	0.07684	0.01420	0.90896
352 G	0.07734	0.01271	0.90995
353 C	0.07794	0.01153	0.91053
354 T	0.07870	0.01063	0.91067
355 C	0.07907	0.01019	0.91074
356 C	0.07977	0.00946	0.91077
357 T	0.08051	0.00872	0.91077
358 T	0.08118	0.00804	0.91077
359 T	0.08132	0.00790	0.91078
360 G	0.08112	0.00810	0.91077
361 C	0.08122	0.00801	0.91077
362 A	0.08143	0.00789	0.91068
363 T	0.08229	0.00712	0.91059
364 A	0.08247	0.00701	0.91052
365 A	0.08291	0.00644	0.91066
366 T	0.08344	0.00566	0.9109
367 T	0.08352	0.00468	0.9118
368 T	0.08340	0.00446	0.91215
369 T	0.08333	0.00434	0.91233
370 G	0.08296	0.00460	0.91244
371 C	0.08270	0.00479	0.91252
372 T	0.08242	0.00511	0.91247
373 A	0.08205	0.00551	0.91243
374 A	0.08191	0.00559	0.9125
375 T	0.08182	0.00563	0.91254
376 G	0.08165	0.00584	0.91251
377 T	0.08154	0.00592	0.91254
378 T	0.08128	0.00631	0.91241
379 T	0.08067	0.00757	0.91177
380 T	0.07940	0.01009	0.91052
381 A	0.07634	0.01515	0.9085
382 G	0.07493	0.01749	0.90758
383 G	0.07433	0.01858	0.90709
384 A	0.07400	0.01952	0.90647
385 A	0.07393	0.01984	0.90623
386 T	0.07397	0.01993	0.9061
387 T	0.07397	0.02005	0.90597
388 A	0.07394	0.02036	0.90571
389 A	0.07395	0.02039	0.90566
390 A	0.07397	0.02031	0.90571
391 T	0.07403	0.02010	0.90588
392 T	0.07408	0.01979	0.90614
393 A	0.07400	0.01968	0.90632
394 T	0.07394	0.01949	0.90657
395 T	0.07366	0.01967	0.90667
396 T	0.07291	0.02029	0.9068
397 A	0.07176	0.02148	0.90676
398 A	0.07076	0.02247	0.90677
399 A	0.07047	0.02258	0.90695
400 A	0.07047	0.02239	0.90713
401 A	0.07078	0.02165	0.90757
402 A	0.07184	0.01985	0.90831
403 G	0.07360	0.01669	0.90971
404 T	0.07601	0.01191	0.91208
405 T	0.07708	0.00985	0.91307
406 T	0.07741	0.00909	0.91351
407 T	0.07728	0.00908	0.91365
408 A	0.07636	0.01021	0.91344
409 C	0.07569	0.01081	0.9135
410 C	0.07522	0.01136	0.91342
411 T	0.07485	0.01201	0.91314
412 A	0.07399	0.01324	0.91278
413 G	0.07374	0.01379	0.91248
414 T	0.07365	0.01413	0.91223
415 G	0.07323	0.01485	0.91191
416 T	0.07315	0.01502	0.91184
417 A	0.07272	0.01538	0.9119
418 T	0.07278	0.01507	0.91216
419 T	0.07266	0.01450	0.91284
420 A	0.07223	0.01417	0.9136
421 C	0.07214	0.01348	0.91438
422 A	0.07207	0.01367	0.91427
423 A	0.07196	0.01377	0.91427
424 G	0.07199	0.01367	0.91433
425 T	0.07215	0.01350	0.91434
426 A	0.07215	0.01352	0.91434
427 G	0.07229	0.01321	0.91449
428 G	0.07246	0.01285	0.91469
429 A	0.07264	0.01245	0.91491
430 A	0.07295	0.01163	0.91542
431 T	0.07374	0.00983	0.91643
432 T	0.07406	0.00882	0.91713
433 T	0.07419	0.00834	0.91747
434 T	0.07423	0.00778	0.918
435 T	0.07406	0.00737	0.91857
436 G	0.07378	0.00736	0.91886
437 A	0.07382	0.00709	0.91908
438 T	0.07409	0.00641	0.9195
439 A	0.07425	0.00588	0.91986
440 C	0.07441	0.00499	0.92059
441 T	0.07468	0.00469	0.92064
442 A	0.07477	0.00457	0.92065
443 C	0.07490	0.00432	0.92078
444 T	0.07494	0.00438	0.92068
445 T	0.07485	0.00476	0.92039
446 T	0.07433	0.00570	0.91997
447 T	0.07197	0.00909	0.91894
448 C	0.06495	0.01833	0.91672
449 A	0.05867	0.02807	0.91326
450 T	0.05545	0.03281	0.91174
451 A	0.04944	0.04064	0.90992
452 A	0.04738	0.04354	0.90908
453 A	0.04642	0.04483	0.90874
454 A	0.04604	0.04535	0.9086
455 A	0.04602	0.04543	0.90856
456 T	0.04629	0.04505	0.90866
457 A	0.04634	0.04490	0.90877
458 T	0.04654	0.04439	0.90907
459 T	0.04645	0.04413	0.90942
460 C	0.04631	0.04412	0.90956
461 C	0.04622	0.04421	0.90957
462 A	0.04607	0.04448	0.90945
463 G	0.04602	0.04463	0.90935
464 A	0.04603	0.04470	0.90927
465 A	0.04612	0.04465	0.90923
466 G	0.04628	0.04445	0.90927
467 A	0.04659	0.04380	0.90962
468 A	0.04712	0.04252	0.91036
469 A	0.04819	0.04009	0.91172
470 A	0.05001	0.03508	0.91492
471 T	0.05397	0.02297	0.92305
472 T	0.05704	0.01329	0.92968
473 T	0.05805	0.00956	0.93239
474 T	0.05864	0.00548	0.93588
475 T	0.05876	0.00505	0.93619
476 T	0.05857	0.00595	0.93548
477 A	0.05805	0.00687	0.93508
478 T	0.05773	0.00714	0.93513
479 A	0.05732	0.00759	0.93508
480 T	0.05720	0.00768	0.93512
481 G	0.05693	0.00786	0.93521
482 C	0.05680	0.00789	0.9353
483 T	0.05668	0.00800	0.93532
484 A	0.05635	0.00831	0.93534
485 C	0.05604	0.00855	0.9354
486 T	0.05599	0.00863	0.93539
487 C	0.05561	0.00904	0.93535
488 C	0.05534	0.00944	0.93522
489 T	0.05489	0.01015	0.93496
490 T	0.05325	0.01226	0.93448
491 A	0.05003	0.01625	0.93372
492 T	0.04873	0.01778	0.93348
493 G	0.04683	0.01999	0.93318
494 A	0.04550	0.02158	0.93292
495 A	0.04480	0.02238	0.93282
496 T	0.04497	0.02228	0.93276
497 G	0.04468	0.02298	0.93234
498 G	0.04496	0.02297	0.93207
499 T	0.04539	0.02364	0.93097
500 A	0.04432	0.02654	0.92914
501 T	0.04359	0.02773	0.92868
502 C	0.04140	0.03101	0.92759
503 A	0.03974	0.03516	0.9251
504 A	0.03868	0.03761	0.9237
505 A	0.03800	0.03949	0.92251
506 A	0.03779	0.04013	0.92207
507 A	0.03772	0.04017	0.92211
508 T	0.03777	0.03968	0.92255
509 A	0.03756	0.03974	0.92271
510 T	0.03760	0.03915	0.92325
511 A	0.03760	0.03878	0.92362
512 A	0.03779	0.03788	0.92433
513 A	0.03817	0.03571	0.92612
514 T	0.03895	0.03237	0.92868
515 T	0.03904	0.03225	0.92871
516 A	0.03897	0.03400	0.92704
517 A	0.03843	0.03556	0.92602
518 G	0.03797	0.03622	0.92581
519 A	0.03790	0.03673	0.92537
520 A	0.03843	0.03595	0.92563
521 A	0.03919	0.03461	0.9262
522 A	0.04110	0.03174	0.92716
523 T	0.04433	0.02689	0.92878
524 A	0.04538	0.02489	0.92973
525 T	0.04704	0.02127	0.93169
526 G	0.04832	0.01888	0.9328
527 G	0.04930	0.01787	0.93283
528 T	0.05025	0.01650	0.93324
529 T	0.05059	0.01620	0.93322
530 T	0.05070	0.01595	0.93335
531 T	0.05062	0.01594	0.93343
532 C	0.05029	0.01610	0.93362
533 A	0.04996	0.01644	0.9336
534 C	0.04984	0.01652	0.93364
535 G	0.04997	0.01648	0.93356
536 G	0.05036	0.01616	0.93348
537 A	0.05118	0.01549	0.93333
538 A	0.05285	0.01368	0.93348
539 T	0.05637	0.00993	0.9337
540 T	0.05835	0.00720	0.93446
541 T	0.05913	0.00589	0.93498
542 C	0.05913	0.00570	0.93517
543 T	0.05917	0.00608	0.93474
544 T	0.05904	0.00723	0.93372
545 A	0.05847	0.00865	0.93288
546 T	0.05834	0.00939	0.93227
547 A	0.05768	0.01089	0.93144
548 A	0.05746	0.01183	0.9307
549 A	0.05751	0.01240	0.93009
550 T	0.05812	0.01270	0.92919
551 A	0.05798	0.01403	0.92798
552 T	0.05817	0.01477	0.92706
553 G	0.05805	0.01500	0.92695
554 T	0.05790	0.01524	0.92686
555 T	0.05773	0.01519	0.92707
556 T	0.05736	0.01534	0.92729
557 C	0.05640	0.01618	0.92742
558 A	0.05485	0.01785	0.92729
559 C	0.05319	0.01969	0.92712
560 A	0.05207	0.02127	0.92666
561 A	0.05102	0.02293	0.92605
562 A	0.05023	0.02381	0.92596
563 G	0.04985	0.02424	0.92591
564 A	0.04954	0.02456	0.9259
565 G	0.04965	0.02362	0.92673
566 C	0.05016	0.02269	0.92715
567 T	0.05123	0.02142	0.92735
568 G	0.05178	0.02065	0.92757
569 A	0.05226	0.02008	0.92766
570 A	0.05284	0.01900	0.92817
571 C	0.05351	0.01806	0.92844
572 A	0.05412	0.01723	0.92865
573 G	0.05517	0.01598	0.92885
574 A	0.05647	0.01464	0.92888
575 T	0.05768	0.01351	0.92881
576 T	0.05780	0.01367	0.92853
577 T	0.05773	0.01375	0.92853
578 T	0.05741	0.01455	0.92804
579 A	0.05631	0.01733	0.92637
580 A	0.05588	0.01801	0.92612
581 A	0.05571	0.01721	0.92708
582 T	0.05579	0.01602	0.92819
583 A	0.05594	0.01493	0.92913
584 A	0.05640	0.01351	0.9301
585 A	0.05645	0.01266	0.9309
586 T	0.05653	0.01201	0.93147
587 C	0.05654	0.01154	0.93192
588 T	0.05659	0.01141	0.93199
589 G	0.05661	0.01137	0.93202
590 A	0.05664	0.01135	0.93201
591 T	0.05670	0.01124	0.93206
592 T	0.05676	0.01118	0.93206
593 T	0.05676	0.01108	0.93216
594 G	0.05673	0.01117	0.93209
595 A	0.05676	0.01152	0.93172
596 A	0.05682	0.01186	0.93132
597 A	0.05705	0.01190	0.93104
598 A	0.05756	0.01169	0.93076
599 T	0.05849	0.01070	0.93081
600 G	0.05915	0.01015	0.93071
601 A	0.06008	0.00971	0.93022
602 T	0.06202	0.00738	0.9306
603 T	0.06284	0.00718	0.92998
604 A	0.06303	0.00752	0.92945
605 T	0.06337	0.00737	0.92926
606 T	0.06338	0.00721	0.92941
607 T	0.06336	0.00717	0.92947
608 G	0.06331	0.00720	0.92948
609 T	0.06330	0.00721	0.9295
610 C	0.06327	0.00720	0.92953
611 A	0.06325	0.00724	0.92951
612 T	0.06320	0.00728	0.92951
613 G	0.06316	0.00734	0.9295
614 C	0.06312	0.00743	0.92945
615 G	0.06313	0.00774	0.92913
616 G	0.06318	0.00830	0.92852
617 G	0.06330	0.00820	0.9285
618 A	0.06366	0.00788	0.92846
619 A	0.06406	0.00749	0.92846
620 A	0.06445	0.00706	0.9285
621 C	0.06496	0.00650	0.92854
622 G	0.06534	0.00614	0.92852
623 G	0.06596	0.00555	0.9285
624 A	0.06689	0.00469	0.92842
625 G	0.06756	0.00404	0.9284
626 T	0.06856	0.00306	0.92838
627 T	0.06920	0.00240	0.9284
628 T	0.06935	0.00226	0.92839
629 C	0.06934	0.00231	0.92836
630 T	0.06931	0.00266	0.92803
631 T	0.06919	0.00293	0.92788
632 T	0.06873	0.00376	0.92751
633 A	0.06799	0.00471	0.92731
634 G	0.06775	0.00494	0.9273
635 C	0.06765	0.00494	0.92741
636 A	0.06754	0.00508	0.92737
637 G	0.06757	0.00503	0.92739
638 C	0.06790	0.00475	0.92736
639 T	0.06849	0.00422	0.92729
640 A	0.06849	0.00437	0.92715
641 T	0.06852	0.00437	0.92711
642 T	0.06848	0.00449	0.92703
643 C	0.06827	0.00482	0.9269
644 A	0.06803	0.00563	0.92633
645 A	0.06784	0.00605	0.92611
646 A	0.06780	0.00631	0.9259
647 A	0.06783	0.00639	0.92579
648 T	0.06776	0.00654	0.9257
649 G	0.06756	0.00682	0.92562
650 G	0.06752	0.00702	0.92547
651 A	0.06746	0.00738	0.92516
652 A	0.06751	0.00737	0.92512
653 A	0.06780	0.00707	0.92514
654 A	0.06801	0.00671	0.92528
655 T	0.06841	0.00579	0.9258
656 C	0.06858	0.00497	0.92644
657 T	0.06860	0.00486	0.92654
658 A	0.06860	0.00488	0.92652
659 T	0.06866	0.00479	0.92654
660 C	0.06868	0.00480	0.92653
661 G	0.06872	0.00477	0.92651
662 A	0.06882	0.00467	0.9265
663 T	0.06901	0.00443	0.92655
664 A	0.06908	0.00434	0.92658
665 C	0.06919	0.00416	0.92665
666 A	0.06930	0.00383	0.92687
667 T	0.06980	0.00306	0.92714
668 C	0.06991	0.00275	0.92734
669 T	0.07004	0.00261	0.92735
670 A	0.07001	0.00269	0.92729
671 T	0.07000	0.00260	0.9274
672 G	0.06980	0.00266	0.92755
673 G	0.06980	0.00261	0.92759
674 G	0.07002	0.00231	0.92767
675 G	0.07014	0.00220	0.92766
676 T	0.07029	0.00203	0.92767
677 T	0.07039	0.00194	0.92767
678 A	0.07043	0.00190	0.92767
679 A	0.07043	0.00187	0.9277
680 C	0.07047	0.00179	0.92774
681 T	0.07051	0.00172	0.92776
682 C	0.07049	0.00174	0.92777
683 C	0.07044	0.00180	0.92776
684 T	0.07027	0.00205	0.92768
685 T	0.07002	0.00240	0.92758
686 T	0.06949	0.00302	0.92749
687 A	0.06831	0.00431	0.92738
688 G	0.06777	0.00494	0.9273
689 A	0.06733	0.00547	0.9272
690 A	0.06594	0.00693	0.92712
691 G	0.06539	0.00762	0.927
692 G	0.06524	0.00767	0.92709
693 G	0.06521	0.00760	0.92719
694 G	0.06520	0.00751	0.92729
695 T	0.06522	0.00726	0.92752
696 C	0.06519	0.00719	0.92762
697 C	0.06517	0.00724	0.9276
698 C	0.06516	0.00735	0.92749
699 G	0.06509	0.00782	0.92709
700 A	0.06507	0.00817	0.92676
701 T	0.06505	0.00834	0.92661
702 G	0.06498	0.00864	0.92637
703 G	0.06493	0.00876	0.92631
704 G	0.06490	0.00875	0.92635
705 A	0.06491	0.00870	0.92639
706 A	0.06494	0.00845	0.92662
707 C	0.06503	0.00777	0.9272
708 T	0.06512	0.00891	0.92598
709 A	0.06519	0.01278	0.92204
710 G	0.06526	0.01578	0.91897
711 A	0.06534	0.02154	0.91311
712 A	0.06544	0.02364	0.91092
713 G	0.06557	0.02338	0.91105
714 T	0.06576	0.02483	0.90941
715 G	0.06527	0.02668	0.90805
716 G	0.06504	0.02864	0.90632
717 A	0.06488	0.03069	0.90443
718 A	0.06487	0.03214	0.90298
719 A	0.06494	0.03268	0.90238
720 T	0.06514	0.03270	0.90216
721 A	0.06525	0.03280	0.90196
722 T	0.06558	0.03255	0.90187
723 T	0.06568	0.03246	0.90187
724 G	0.06559	0.03253	0.90189
725 A	0.06565	0.03242	0.90193
726 T	0.06567	0.03234	0.90198
727 C	0.06565	0.03233	0.90201
728 C	0.06576	0.03221	0.90203
729 G	0.06596	0.03201	0.90202
730 A	0.06628	0.03169	0.90203
731 C	0.06808	0.02988	0.90203
732 C	0.07263	0.02534	0.90203
733 G	0.07684	0.02115	0.90201
734 T	0.08378	0.01424	0.90198
735 T	0.08638	0.01168	0.90194
736 A	0.08771	0.01035	0.90193
737 T	0.09015	0.00787	0.90198
738 T	0.09145	0.00604	0.90251
739 T	0.09265	0.00463	0.90272
740 C	0.09373	0.00339	0.90287
741 T	0.09484	0.00241	0.90275
742 T	0.09504	0.00250	0.90247
743 T	0.09471	0.00336	0.90193
744 T	0.09273	0.00599	0.90127
745 A	0.08799	0.01102	0.90098
746 T	0.08612	0.01292	0.90097
747 T	0.08323	0.01574	0.90103
748 G	0.07685	0.02225	0.9009
749 C	0.07298	0.02624	0.90078
750 T	0.06858	0.03140	0.90002
751 G	0.05520	0.04678	0.89803
752 A	0.04238	0.06374	0.89388
753 A	0.03413	0.07583	0.89005
754 A	0.02698	0.08884	0.88418
755 A	0.02189	0.09988	0.87822
756 A	0.01753	0.11123	0.87123
757 G	0.01526	0.11728	0.86746
758 A	0.01429	0.12131	0.8644
759 A	0.01358	0.12362	0.8628
760 A	0.01316	0.12501	0.86183
761 A	0.01293	0.12593	0.86114
762 T	0.01286	0.12651	0.86063
763 A	0.01228	0.12833	0.85939
764 A	0.01220	0.12885	0.85894
765 A	0.01232	0.12914	0.85853
766 A	0.01270	0.12835	0.85895
767 A	0.01323	0.12549	0.86129
768 T	0.01363	0.11982	0.86655
769 T	0.01376	0.11718	0.86906
770 A	0.01378	0.11466	0.87157
771 T	0.01405	0.10895	0.877
772 A	0.01398	0.10644	0.87958
773 A	0.01448	0.10151	0.88401
774 A	0.01618	0.08826	0.89555
775 G	0.01992	0.07282	0.90726
776 A	0.02353	0.06295	0.91352
777 A	0.02976	0.05182	0.91843
778 A	0.03637	0.04237	0.92126
779 T	0.04451	0.03238	0.9231
780 T	0.04832	0.02828	0.9234
781 T	0.05026	0.02730	0.92245
782 T	0.05061	0.02857	0.92082
783 A	0.04973	0.03220	0.91807
784 G	0.04973	0.03472	0.91555
785 A	0.05020	0.03742	0.91239
786 T	0.05157	0.03865	0.90977
787 A	0.05196	0.04175	0.90629
788 T	0.05284	0.04501	0.90214
789 T	0.05287	0.04824	0.89889
790 T	0.05083	0.05227	0.8969
791 T	0.04844	0.05708	0.89447
792 A	0.04598	0.06334	0.89068
793 A	0.04485	0.06853	0.88662
794 A	0.04359	0.07316	0.88324
795 T	0.04321	0.07765	0.87914
796 A	0.04146	0.08221	0.87633
797 A	0.04019	0.08459	0.87522
798 A	0.04001	0.08539	0.87461
799 A	0.04068	0.08468	0.87463
800 A	0.04247	0.08281	0.87471
801 A	0.04587	0.07914	0.87499
802 T	0.05095	0.07359	0.87546
803 C	0.05372	0.07021	0.87607
804 T	0.05617	0.06752	0.87631
805 G	0.05735	0.06607	0.87658
806 G	0.05879	0.06405	0.87717
807 C	0.06111	0.06151	0.87738
808 A	0.06429	0.05839	0.87732
809 T	0.06858	0.05380	0.87763
810 G	0.07262	0.04933	0.87805
811 T	0.07760	0.04407	0.87834
812 T	0.07991	0.04148	0.87861
813 A	0.07702	0.04214	0.88084
814 G	0.07494	0.04225	0.88281
815 G	0.07726	0.03833	0.88442
816 A	0.08063	0.03430	0.88507
817 G	0.08394	0.02925	0.88682
818 T	0.08934	0.02249	0.88818
819 T	0.09188	0.01837	0.88976
820 T	0.09204	0.01707	0.89088
821 C	0.08904	0.01980	0.89117
822 A	0.08518	0.02421	0.8906
823 C	0.08355	0.02618	0.89027
824 A	0.08056	0.02989	0.88955
825 A	0.07975	0.03095	0.8893
826 G	0.07935	0.03135	0.8893
827 T	0.07926	0.03136	0.88938
828 T	0.07872	0.03183	0.88945
829 T	0.07681	0.03337	0.88982
830 C	0.07364	0.03644	0.88992
831 T	0.07200	0.03884	0.88917
832 A	0.06977	0.04261	0.88762
833 A	0.06909	0.04334	0.88758
834 T	0.06883	0.04358	0.8876
835 G	0.06790	0.04435	0.88774
836 A	0.06757	0.04117	0.89126
837 C	0.06738	0.03779	0.89483
838 T	0.06779	0.03684	0.89537
839 G	0.06736	0.03717	0.89547
840 T	0.06717	0.03727	0.89556
841 C	0.06701	0.03738	0.89561
842 G	0.06693	0.03786	0.89522
843 A	0.06703	0.03750	0.89547
844 A	0.06740	0.03463	0.89797
845 T	0.06816	0.03122	0.90063
846 T	0.06842	0.03082	0.90076
847 T	0.06845	0.02980	0.90175
848 T	0.06611	0.03383	0.90006
849 A	0.06371	0.03967	0.89661
850 G	0.06092	0.04789	0.8912
851 A	0.05920	0.05334	0.88746
852 A	0.05769	0.05684	0.88548
853 G	0.05578	0.06060	0.88361
854 A	0.05409	0.07018	0.87573
855 A	0.05322	0.07977	0.86701
856 A	0.05147	0.09737	0.85116
857 A	0.05090	0.10890	0.84021
858 A	0.05087	0.12277	0.82637
859 A	0.05138	0.12433	0.82429
860 T	0.05173	0.12397	0.8243
861 A	0.05191	0.12376	0.82433
862 T	0.05218	0.12286	0.82497
863 C	0.05204	0.12276	0.82519
864 T	0.05079	0.12418	0.82502
865 C	0.04815	0.12699	0.82486
866 A	0.04526	0.13063	0.82412
867 A	0.04328	0.13334	0.82337
868 A	0.04354	0.13366	0.82281
869 A	0.04484	0.13236	0.8228
870 T	0.04793	0.12877	0.82331
871 G	0.05010	0.12362	0.82628
872 A	0.05356	0.11877	0.82768
873 T	0.05896	0.11160	0.82943
874 A	0.06073	0.11199	0.82728
875 A	0.06308	0.10868	0.82824
876 A	0.06712	0.10344	0.82943
877 A	0.07564	0.09247	0.8319
878 A	0.08594	0.07996	0.8341
879 C	0.10232	0.06122	0.83646
880 A	0.11321	0.04961	0.83718
881 C	0.12802	0.03437	0.83762
882 T	0.13229	0.03038	0.83734
883 A	0.13346	0.02943	0.83711
884 T	0.13413	0.02872	0.83715
885 T	0.13383	0.02865	0.83752
886 T	0.13296	0.02908	0.83796
887 T	0.13091	0.02907	0.84002
888 A	0.12754	0.02999	0.84247
889 G	0.12537	0.02908	0.84555
890 C	0.12305	0.02975	0.84721
891 T	0.11947	0.03525	0.84528
892 T	0.11331	0.04392	0.84277
893 G	0.10327	0.05783	0.83891
894 G	0.09985	0.06631	0.83385
895 A	0.09918	0.07017	0.83064
896 A	0.09900	0.07274	0.82826
897 T	0.10181	0.06921	0.82898
898 A	0.10119	0.07019	0.82862
899 T	0.10101	0.06957	0.82942
900 T	0.09975	0.07062	0.82964
901 C	0.09724	0.07377	0.829
902 A	0.09627	0.07655	0.82718
903 A	0.09533	0.07893	0.82574
904 A	0.09494	0.07986	0.8252
905 T	0.09514	0.07999	0.82487
906 T	0.09498	0.08103	0.82399
907 A	0.09441	0.08254	0.82305
908 A	0.09415	0.08327	0.82258
909 A	0.09386	0.08380	0.82233
910 A	0.09368	0.08368	0.82264
911 G	0.09380	0.08103	0.82517
912 A	0.09395	0.07952	0.82652
913 A	0.09484	0.07688	0.82829
914 T	0.09784	0.07026	0.8319
915 A	0.09999	0.06346	0.83655
916 G	0.10340	0.05228	0.84432
917 T	0.10823	0.04522	0.84655
918 A	0.11042	0.04395	0.84564
919 G	0.11242	0.04231	0.84526
920 A	0.11333	0.04207	0.8446
921 T	0.11504	0.03945	0.84551
922 T	0.11568	0.03837	0.84595
923 A	0.11589	0.03707	0.84703
924 T	0.11668	0.03417	0.84915
925 A	0.11741	0.03245	0.85014
926 T	0.11821	0.03042	0.85138
927 C	0.11717	0.03072	0.85212
928 G	0.11616	0.03154	0.85229
929 C	0.11572	0.03185	0.85243
930 A	0.11570	0.03291	0.8514
931 A	0.11627	0.03282	0.8509
932 G	0.11796	0.03116	0.85087
933 T	0.12103	0.02831	0.85066
934 T	0.12232	0.02714	0.85054
935 A	0.12277	0.02673	0.8505
936 T	0.12408	0.02531	0.85061
937 T	0.12374	0.02628	0.84998
938 A	0.12335	0.02739	0.84926
939 T	0.12405	0.02726	0.84868
940 G	0.12440	0.02788	0.84772
941 T	0.12582	0.02699	0.84719
942 T	0.12652	0.02690	0.84657
943 T	0.12657	0.02738	0.84605
944 T	0.12577	0.02872	0.84551
945 A	0.12434	0.03089	0.84477
946 T	0.12375	0.03165	0.8446
947 T	0.12301	0.03248	0.8445
948 A	0.12188	0.03348	0.84464
949 A	0.12130	0.03378	0.84491
950 A	0.12118	0.03252	0.8463
951 A	0.12112	0.03132	0.84756
952 G	0.12126	0.02975	0.84899
953 G	0.12245	0.02708	0.85048
954 T	0.12329	0.02548	0.85123
955 A	0.12362	0.02469	0.85169
956 T	0.12430	0.02375	0.85195
957 A	0.12453	0.02316	0.85231
958 G	0.12505	0.02161	0.85334
959 A	0.12551	0.02057	0.85393
960 T	0.12685	0.01761	0.85555
961 G	0.12805	0.01565	0.85631
962 T	0.12982	0.01359	0.85658
963 T	0.13119	0.01190	0.85691
964 T	0.13185	0.01147	0.85668
965 T	0.13217	0.01194	0.85589
966 G	0.13239	0.01563	0.85199
967 A	0.13269	0.02553	0.84178
968 T	0.13340	0.03355	0.83305
969 T	0.13368	0.04764	0.81868
970 T	0.13362	0.05279	0.81359
971 T	0.13324	0.05668	0.81008
972 T	0.13188	0.06094	0.80718
973 A	0.13054	0.06294	0.80652
974 C	0.13003	0.06374	0.80623
975 A	0.12983	0.06519	0.80499
976 G	0.12975	0.06641	0.80383
977 C	0.12973	0.06728	0.80299
978 T	0.12965	0.06890	0.80145
979 G	0.12946	0.07064	0.7999
980 G	0.12919	0.07240	0.7984
981 A	0.12907	0.07361	0.79732
982 A	0.12906	0.07403	0.79691
983 T	0.12916	0.07412	0.79673
984 A	0.12927	0.07415	0.79658
985 G	0.12960	0.07398	0.79641
986 G	0.13014	0.07357	0.79628
987 A	0.13123	0.07264	0.79613
988 G	0.13283	0.07120	0.79597
989 A	0.13805	0.06623	0.79572
990 A	0.14935	0.05509	0.79555
991 A	0.16016	0.04421	0.79563
992 A	0.17465	0.02939	0.79596
993 T	0.18142	0.02193	0.79665
994 T	0.18489	0.01773	0.79738
995 C	0.18677	0.01458	0.79865
996 T	0.18734	0.01329	0.79937
997 C	0.18768	0.01266	0.79966
998 A	0.18900	0.01145	0.79955
999 T	0.19152	0.00907	0.79941
1000 T	0.19282	0.00803	0.79915
1001 T	0.19352	0.00723	0.79925
1002 T	0.19256	0.00804	0.7994
1003 T	0.18734	0.01301	0.79965
1004 T	0.17619	0.02415	0.79966
1005 C	0.16341	0.03687	0.79973
1006 C	0.15293	0.04735	0.79971
1007 G	0.14020	0.06024	0.79956
1008 T	0.13160	0.06908	0.79933
1009 C	0.10466	0.09647	0.79888
1010 A	0.06970	0.13319	0.79711
1011 A	0.04885	0.15643	0.79472
1012 G	0.04053	0.16587	0.7936
1013 A	0.03746	0.16978	0.79276
1014 A	0.03598	0.17173	0.7923
1015 A	0.03554	0.17234	0.79212
1016 T	0.03526	0.17275	0.79199
1017 A	0.03462	0.17379	0.79159
1018 G	0.03385	0.17507	0.79108
1019 T	0.03340	0.17624	0.79036
1020 A	0.03125	0.18070	0.78805
1021 A	0.02969	0.18304	0.78727
1022 A	0.02890	0.18403	0.78707
1023 A	0.02878	0.18394	0.78729
1024 A	0.02861	0.18309	0.78831
1025 A	0.02848	0.18038	0.79114
1026 A	0.02850	0.17306	0.79845
1027 T	0.02871	0.15916	0.81213
1028 T	0.02832	0.14633	0.82535
1029 A	0.02718	0.13700	0.83582
1030 G	0.02639	0.12367	0.84994
1031 A	0.02627	0.11512	0.85862
1032 A	0.02670	0.09086	0.88245
1033 G	0.02841	0.05723	0.91435
1034 T	0.03114	0.03600	0.93286
1035 T	0.03227	0.02768	0.94005
1036 T	0.03277	0.02566	0.94157
1037 T	0.03241	0.02662	0.94097
1038 G	0.03176	0.02756	0.94068
1039 G	0.03162	0.02792	0.94046
1040 A	0.03197	0.02776	0.94027
1041 T	0.03282	0.02615	0.94103
1042 A	0.03366	0.02489	0.94145
1043 T	0.03621	0.02005	0.94374
1044 T	0.03693	0.01773	0.94534
1045 C	0.03698	0.01693	0.94609
1046 A	0.03697	0.01747	0.94556
1047 T	0.03711	0.01783	0.94506
1048 T	0.03713	0.01851	0.94436
1049 T	0.03699	0.01971	0.94329
1050 A	0.03659	0.02040	0.94301
1051 G	0.03648	0.02028	0.94325
1052 A	0.03651	0.01981	0.94368
1053 T	0.03636	0.01933	0.94431
1054 C	0.03618	0.01961	0.94421
1055 T	0.03628	0.02145	0.94227
1056 T	0.03606	0.02710	0.93683
1057 G	0.03532	0.03895	0.92573
1058 A	0.03473	0.05949	0.90578
1059 A	0.03480	0.07857	0.88664
1060 T	0.03591	0.09512	0.86898
1061 T	0.03421	0.12412	0.84166
1062 G	0.02903	0.17020	0.80078
1063 A	0.02568	0.20292	0.7714
1064 A	0.02363	0.21926	0.75711
1065 T	0.02119	0.23765	0.74116
1066 A	0.01713	0.24384	0.73903
1067 A	0.01599	0.24578	0.73823
1068 A	0.01533	0.24661	0.73806
1069 A	0.01537	0.24651	0.73812
1070 C	0.01555	0.24610	0.73835
1071 A	0.01579	0.24603	0.73818
1072 A	0.01646	0.24544	0.73809
1073 A	0.01676	0.24506	0.73818
1074 A	0.01713	0.24462	0.73825
1075 G	0.01767	0.24413	0.7382
1076 G	0.01827	0.24300	0.73873
1077 A	0.01916	0.24231	0.73853
1078 G	0.02113	0.24076	0.73811
1079 A	0.02658	0.23742	0.736
1080 A	0.03774	0.22681	0.73545
1081 A	0.05914	0.20588	0.73498
1082 A	0.08179	0.18272	0.73549
1083 A	0.10720	0.15591	0.73689
1084 A	0.13983	0.12008	0.7401
1085 T	0.18481	0.06960	0.74559
1086 T	0.20658	0.04461	0.74881
1087 A	0.21466	0.03459	0.75075
1088 T	0.22425	0.02212	0.75364
1089 T	0.22393	0.01908	0.75699
1090 T	0.21926	0.02339	0.75735
1091 C	0.20212	0.04016	0.75772
1092 T	0.18701	0.05614	0.75685
1093 A	0.16350	0.08083	0.75567
1094 G	0.14090	0.10513	0.75397
1095 C	0.12530	0.12260	0.75209
1096 G	0.11176	0.13830	0.74993
1097 A	0.10327	0.15084	0.74588
1098 A	0.10013	0.15874	0.74114
1099 A	0.09876	0.16071	0.74053
1100 A	0.09932	0.16024	0.74044
1101 A	0.10063	0.15849	0.74088
1102 T	0.10336	0.15508	0.74156
1103 C	0.10421	0.15373	0.74206
1104 T	0.10521	0.15264	0.74214
1105 T	0.10539	0.15239	0.74222
1106 C	0.10536	0.15238	0.74226
1107 T	0.10535	0.15256	0.74209
1108 G	0.10523	0.15294	0.74184
1109 T	0.10525	0.15297	0.74177
1110 A	0.10352	0.15487	0.74161
1111 A	0.10274	0.15553	0.74173
1112 A	0.10272	0.15165	0.74563
1113 A	0.10299	0.14301	0.75401
1114 G	0.10329	0.12214	0.77457
1115 T	0.10494	0.10416	0.7909
1116 A	0.10666	0.08397	0.80937
1117 A	0.10911	0.06707	0.82381
1118 T	0.11151	0.05669	0.8318
1119 G	0.11220	0.05941	0.82839
1120 A	0.11476	0.06404	0.82121
1121 T	0.11840	0.06973	0.81186
1122 T	0.11844	0.07223	0.80933
1123 A	0.11798	0.07337	0.80865
1124 T	0.11743	0.07418	0.80839
1125 T	0.11545	0.07755	0.80701
1126 C	0.11281	0.08004	0.80714
1127 C	0.11082	0.08246	0.80673
1128 G	0.10578	0.09151	0.80271
1129 A	0.10422	0.09704	0.79874
1130 C	0.10365	0.09792	0.79843
1131 T	0.10329	0.09933	0.79738
1132 A	0.10240	0.10202	0.79558
1133 A	0.10184	0.10268	0.79548
1134 C	0.10141	0.10362	0.79497
1135 G	0.10071	0.11067	0.78862
1136 A	0.09802	0.12805	0.77393
1137 A	0.09678	0.14033	0.76288
1138 G	0.09715	0.14528	0.75757
1139 A	0.09966	0.14654	0.7538
1140 A	0.10761	0.13997	0.75242
1141 A	0.11534	0.13211	0.75256
1142 T	0.12869	0.11795	0.75336
1143 A	0.13829	0.10803	0.75368
1144 A	0.14853	0.09738	0.75409
1145 C	0.15328	0.09158	0.75514
1146 A	0.15505	0.08919	0.75576
1147 A	0.15623	0.08691	0.75686
1148 T	0.15907	0.08205	0.75888
1149 T	0.15987	0.07911	0.76102
1150 G	0.16006	0.07755	0.7624
1151 C	0.16268	0.06911	0.76821
1152 T	0.16522	0.06502	0.76976
1153 C	0.16383	0.06570	0.77047
1154 G	0.16191	0.06807	0.77002
1155 A	0.16136	0.06931	0.76933
1156 G	0.16170	0.06987	0.76842
1157 A	0.16305	0.06893	0.76802
1158 A	0.16995	0.06218	0.76787
1159 G	0.18674	0.04278	0.77048
1160 T	0.19848	0.03174	0.76979
1161 T	0.20194	0.03062	0.76745
1162 T	0.20000	0.03438	0.76563
1163 T	0.19508	0.04099	0.76392
1164 T	0.18756	0.04983	0.7626
1165 G	0.17180	0.06880	0.7594
1166 C	0.16932	0.07188	0.7588
1167 T	0.16758	0.07516	0.75726
1168 T	0.16415	0.08063	0.75522
1169 T	0.16240	0.08310	0.7545
1170 A	0.15818	0.08788	0.75393
1171 A	0.15797	0.08809	0.75393
1172 G	0.15793	0.08785	0.75421
1173 T	0.15795	0.08742	0.75463
1174 A	0.15798	0.08712	0.75491
1175 A	0.15806	0.08648	0.75546
1176 A	0.15820	0.08489	0.75691
1177 A	0.15890	0.08192	0.75918
1178 A	0.15992	0.07882	0.76126
1179 T	0.16146	0.07575	0.76279
1180 A	0.16241	0.07409	0.7635
1181 A	0.16346	0.07241	0.76413
1182 A	0.16460	0.07050	0.76491
1183 A	0.16743	0.06643	0.76614
1184 A	0.17102	0.06002	0.76896
1185 T	0.17566	0.04835	0.77599
1186 T	0.17890	0.03735	0.78375
1187 A	0.18109	0.02620	0.79271
1188 A	0.18576	0.00000	0.81423
