# lcl|CP097583.1_cds_USQ93278.1_1
# AA	inside	membr	outside
1 A	0.11277	0.00000	0.88722
2 T	0.11179	0.00098	0.88722
3 G	0.11119	0.00158	0.88722
4 G	0.11119	0.21458	0.67423
5 A	0.08383	0.74605	0.17011
6 A	0.08383	0.76360	0.15257
7 A	0.04712	0.80323	0.14965
8 A	0.04712	0.80326	0.14961
9 A	0.04531	0.80515	0.14954
10 C	0.04530	0.80741	0.14728
11 T	0.04488	0.80831	0.1468
12 A	0.03500	0.81839	0.14661
13 C	0.02975	0.82417	0.14608
14 A	0.02975	0.82417	0.14608
15 A	0.02975	0.83050	0.13975
16 A	0.02973	0.83052	0.13975
17 G	0.02969	0.83065	0.13966
18 A	0.02969	0.83075	0.13956
19 T	0.02970	0.83083	0.13946
20 T	0.02942	0.83466	0.13592
21 A	0.02820	0.83578	0.13602
22 C	0.02876	0.83545	0.13579
23 A	0.03008	0.83492	0.135
24 A	0.03387	0.83271	0.13342
25 A	0.04732	0.81900	0.13368
26 A	0.06306	0.80330	0.13364
27 A	0.26655	0.59908	0.13436
28 A	0.72340	0.11618	0.16041
29 T	0.75423	0.08164	0.16413
30 T	0.76322	0.04084	0.19595
31 T	0.76474	0.03798	0.19729
32 T	0.76462	0.03606	0.19932
33 A	0.76266	0.03677	0.20057
34 T	0.75949	0.03869	0.20182
35 C	0.75833	0.03241	0.20926
36 T	0.74368	0.04502	0.2113
37 C	0.73325	0.05592	0.21083
38 A	0.68246	0.10752	0.21002
39 A	0.56827	0.22466	0.20708
40 G	0.45546	0.33811	0.20643
41 C	0.45096	0.34275	0.2063
42 G	0.44898	0.35040	0.20062
43 A	0.45155	0.34874	0.1997
44 A	0.45120	0.35226	0.19654
45 T	0.45202	0.35174	0.19623
46 A	0.45051	0.35337	0.19612
47 T	0.44901	0.35487	0.19612
48 A	0.42375	0.38021	0.19604
49 T	0.41917	0.38483	0.19601
50 C	0.40815	0.39574	0.19611
51 T	0.39589	0.40839	0.19571
52 T	0.37543	0.42925	0.19532
53 C	0.31543	0.48996	0.19461
54 A	0.23486	0.57332	0.19182
55 A	0.16774	0.64097	0.19129
56 G	0.14339	0.66293	0.19368
57 A	0.12995	0.67345	0.19661
58 A	0.12226	0.67805	0.19969
59 G	0.11945	0.64862	0.23193
60 A	0.11841	0.62869	0.2529
61 G	0.11832	0.57481	0.30687
62 A	0.12171	0.48687	0.39142
63 T	0.12306	0.39295	0.48399
64 G	0.12344	0.38581	0.49074
65 C	0.12705	0.37928	0.49367
66 T	0.12771	0.38285	0.48944
67 G	0.12851	0.38860	0.48289
68 A	0.12675	0.39936	0.47388
69 A	0.12514	0.40517	0.46969
70 A	0.12483	0.40936	0.46581
71 A	0.12423	0.38409	0.49168
72 G	0.12389	0.36738	0.50873
73 A	0.12374	0.33625	0.54001
74 T	0.12510	0.30390	0.571
75 G	0.12565	0.28318	0.59117
76 A	0.12666	0.24147	0.63187
77 T	0.12884	0.17489	0.69627
78 T	0.12857	0.11632	0.7551
79 T	0.12670	0.10352	0.76978
80 T	0.12419	0.10521	0.7706
81 G	0.11869	0.12375	0.75756
82 G	0.11481	0.15304	0.73216
83 A	0.11187	0.16832	0.71981
84 T	0.10981	0.18124	0.70894
85 G	0.10446	0.23319	0.66234
86 G	0.09806	0.31089	0.59104
87 A	0.09183	0.42379	0.48437
88 A	0.09089	0.47587	0.43324
89 A	0.09462	0.49300	0.41237
90 A	0.10140	0.50894	0.38966
91 A	0.11086	0.50793	0.38121
92 T	0.11731	0.50256	0.38013
93 T	0.12155	0.49950	0.37895
94 A	0.12202	0.50026	0.37771
95 A	0.12253	0.49986	0.3776
96 A	0.12331	0.49894	0.37776
97 G	0.12409	0.49811	0.3778
98 T	0.12937	0.49323	0.3774
99 A	0.13051	0.49237	0.37712
100 A	0.13319	0.48939	0.37741
101 A	0.13521	0.48605	0.37874
102 T	0.14124	0.47704	0.38172
103 G	0.14458	0.47070	0.38472
104 G	0.16031	0.45105	0.38864
105 T	0.19028	0.41998	0.38975
106 A	0.20276	0.40731	0.38994
107 A	0.21709	0.39183	0.39108
108 A	0.26662	0.33839	0.395
109 A	0.33922	0.25979	0.401
110 T	0.44567	0.14673	0.40761
111 T	0.49244	0.09868	0.40889
112 A	0.50717	0.08274	0.41009
113 T	0.52647	0.06219	0.41133
114 T	0.52923	0.05844	0.41234
115 T	0.52284	0.06395	0.4132
116 C	0.50342	0.08211	0.41446
117 T	0.49182	0.09408	0.4141
118 A	0.48593	0.10192	0.41215
119 A	0.48019	0.10917	0.41065
120 A	0.47579	0.11332	0.41089
121 T	0.47457	0.11445	0.41099
122 T	0.47092	0.11524	0.41384
123 A	0.46161	0.12495	0.41344
124 G	0.45699	0.12999	0.41302
125 G	0.45563	0.13137	0.413
126 A	0.45248	0.13564	0.41187
127 G	0.45104	0.13630	0.41265
128 T	0.45077	0.13633	0.41291
129 T	0.44131	0.14598	0.41271
130 A	0.43007	0.15802	0.41191
131 A	0.42758	0.16011	0.41231
132 A	0.42672	0.15992	0.41336
133 G	0.42654	0.15834	0.41512
134 T	0.42760	0.15451	0.41788
135 T	0.42738	0.15152	0.4211
136 A	0.42660	0.14832	0.42508
137 G	0.42609	0.14156	0.43236
138 T	0.42608	0.13340	0.44052
139 A	0.42543	0.11833	0.45624
140 C	0.42585	0.10487	0.46928
141 A	0.42759	0.09848	0.47392
142 T	0.42952	0.09048	0.48
143 C	0.42972	0.08631	0.48397
144 G	0.43024	0.08518	0.48457
145 G	0.43190	0.08328	0.48482
146 A	0.43540	0.07538	0.48923
147 T	0.43939	0.07036	0.49026
148 A	0.44142	0.07355	0.48503
149 T	0.44562	0.07032	0.48406
150 T	0.44621	0.07276	0.48102
151 A	0.44505	0.07836	0.47658
152 T	0.44494	0.07210	0.48296
153 T	0.44407	0.06798	0.48795
154 T	0.44201	0.07107	0.48692
155 T	0.43743	0.07740	0.48516
156 A	0.42756	0.08899	0.48346
157 G	0.42127	0.09562	0.4831
158 T	0.41903	0.09849	0.48248
159 A	0.41208	0.10672	0.48119
160 G	0.40843	0.11234	0.47923
161 A	0.40650	0.11878	0.47471
162 T	0.40586	0.11944	0.4747
163 G	0.40521	0.12058	0.47422
164 G	0.40493	0.12117	0.4739
165 A	0.40491	0.12161	0.47348
166 C	0.40517	0.12148	0.47335
167 A	0.40557	0.12281	0.47162
168 A	0.40652	0.12296	0.47053
169 A	0.40974	0.12013	0.47013
170 A	0.41447	0.11552	0.47
171 A	0.42200	0.10791	0.4701
172 A	0.43192	0.09691	0.47117
173 T	0.44304	0.08281	0.47415
174 T	0.45211	0.06944	0.47845
175 T	0.45580	0.06260	0.48159
176 T	0.45794	0.05740	0.48466
177 T	0.45915	0.05316	0.48769
178 T	0.45978	0.04887	0.49135
179 T	0.46032	0.04181	0.49786
180 G	0.46028	0.03716	0.50255
181 A	0.46107	0.03424	0.5047
182 G	0.46282	0.02636	0.51082
183 T	0.46575	0.02024	0.51401
184 C	0.47026	0.01395	0.51579
185 C	0.47159	0.01216	0.51626
186 T	0.47306	0.01051	0.51644
187 T	0.47390	0.00959	0.5165
188 T	0.47425	0.00939	0.51637
189 A	0.47451	0.00933	0.51616
190 G	0.47584	0.00795	0.51621
191 T	0.47701	0.00609	0.5169
192 T	0.47746	0.00565	0.51689
193 T	0.47761	0.00652	0.51588
194 A	0.47737	0.00811	0.51452
195 T	0.47684	0.00967	0.5135
196 T	0.47626	0.01393	0.50981
197 T	0.47536	0.01672	0.50793
198 T	0.47440	0.01921	0.50639
199 T	0.47198	0.02446	0.50356
200 T	0.46525	0.03319	0.50155
201 G	0.45755	0.04242	0.50003
202 T	0.45294	0.04821	0.49885
203 T	0.44752	0.05522	0.49726
204 A	0.43002	0.07494	0.49504
205 T	0.42298	0.08479	0.49224
206 A	0.41369	0.09948	0.48683
207 T	0.40778	0.10649	0.48573
208 A	0.40429	0.11018	0.48552
209 A	0.40280	0.11172	0.48548
210 A	0.40002	0.11449	0.48549
211 C	0.39907	0.11530	0.48563
212 C	0.39847	0.11588	0.48565
213 T	0.39795	0.11654	0.48552
214 A	0.39728	0.11737	0.48535
215 A	0.39738	0.11741	0.48521
216 A	0.39839	0.11650	0.48511
217 G	0.39988	0.11471	0.48541
218 G	0.40143	0.11182	0.48676
219 T	0.40616	0.10599	0.48785
220 T	0.40831	0.10265	0.48903
221 A	0.40934	0.10067	0.49
222 T	0.41275	0.09325	0.494
223 T	0.41452	0.08235	0.50313
224 T	0.41511	0.07416	0.51072
225 A	0.41458	0.07018	0.51524
226 A	0.41536	0.06460	0.52004
227 C	0.41623	0.04591	0.53785
228 A	0.41742	0.03824	0.54435
229 A	0.42139	0.02745	0.55117
230 C	0.42066	0.02349	0.55585
231 T	0.41907	0.02404	0.55689
232 G	0.41316	0.02969	0.55715
233 T	0.40646	0.03423	0.5593
234 T	0.38454	0.05596	0.5595
235 C	0.36618	0.07630	0.55753
236 G	0.35363	0.10681	0.53957
237 A	0.34474	0.13714	0.51812
238 G	0.33905	0.15492	0.50604
239 A	0.33655	0.16609	0.49735
240 T	0.33379	0.16973	0.49648
241 G	0.33008	0.17424	0.49568
242 A	0.32822	0.17663	0.49516
243 T	0.32560	0.17888	0.49552
244 C	0.31764	0.18645	0.49591
245 G	0.31283	0.19158	0.49559
246 T	0.31065	0.19418	0.49517
247 C	0.30600	0.19900	0.495
248 A	0.30208	0.20387	0.49406
249 A	0.29931	0.20697	0.49372
250 A	0.29814	0.20782	0.49403
251 G	0.29755	0.20751	0.49495
252 A	0.29697	0.20773	0.4953
253 A	0.29677	0.20483	0.49841
254 A	0.29686	0.20134	0.50181
255 A	0.29769	0.19256	0.50975
256 A	0.29985	0.17958	0.52057
257 C	0.30265	0.14908	0.54828
258 A	0.30719	0.13084	0.56197
259 G	0.32653	0.10204	0.57143
260 T	0.34957	0.07524	0.57519
261 T	0.35998	0.06497	0.57505
262 T	0.36513	0.06584	0.56902
263 T	0.36456	0.06856	0.56688
264 A	0.36307	0.07230	0.56463
265 A	0.36227	0.07353	0.56419
266 A	0.36127	0.07305	0.56568
267 T	0.36133	0.06302	0.57564
268 T	0.36106	0.05999	0.57896
269 T	0.36054	0.06579	0.57367
270 A	0.35552	0.08729	0.55719
271 T	0.35042	0.12083	0.52875
272 T	0.34383	0.14313	0.51304
273 A	0.34004	0.15100	0.50896
274 A	0.33720	0.15437	0.50844
275 A	0.33412	0.15743	0.50845
276 A	0.33239	0.15872	0.50889
277 C	0.33121	0.15944	0.50935
278 C	0.32746	0.16317	0.50937
279 G	0.32362	0.16722	0.50916
280 C	0.32000	0.17116	0.50885
281 A	0.31878	0.17299	0.50823
282 A	0.31969	0.17231	0.50799
283 G	0.32247	0.16966	0.50788
284 A	0.32872	0.16340	0.50788
285 T	0.33875	0.15318	0.50807
286 T	0.34492	0.14569	0.50939
287 T	0.34766	0.14110	0.51124
288 A	0.34687	0.14073	0.5124
289 A	0.34690	0.13915	0.51394
290 A	0.34720	0.13706	0.51575
291 C	0.34997	0.13136	0.51867
292 A	0.35788	0.12227	0.51986
293 A	0.37597	0.09967	0.52436
294 T	0.40540	0.06474	0.52986
295 C	0.41702	0.04794	0.53505
296 G	0.41914	0.04564	0.53522
297 A	0.42011	0.04415	0.53574
298 G	0.42069	0.04245	0.53686
299 T	0.42137	0.04135	0.53727
300 T	0.42137	0.04049	0.53814
301 T	0.42096	0.03659	0.54245
302 A	0.42025	0.03362	0.54613
303 T	0.41985	0.02983	0.55031
304 C	0.41897	0.02868	0.55236
305 C	0.41739	0.02998	0.55262
306 T	0.41536	0.03217	0.55248
307 G	0.41409	0.03376	0.55214
308 T	0.41361	0.03454	0.55184
309 A	0.41239	0.03650	0.55111
310 G	0.41151	0.03776	0.55073
311 G	0.41081	0.03793	0.55126
312 A	0.40966	0.04146	0.54888
313 A	0.40919	0.04383	0.54698
314 G	0.40887	0.04559	0.54554
315 A	0.40922	0.04756	0.54322
316 T	0.41012	0.04720	0.54267
317 T	0.41055	0.04833	0.54113
318 A	0.41063	0.04837	0.541
319 G	0.41153	0.04640	0.54207
320 A	0.41297	0.04515	0.54188
321 T	0.41501	0.04264	0.54235
322 T	0.41611	0.04116	0.54273
323 T	0.41629	0.04054	0.54317
324 T	0.41617	0.04000	0.54382
325 T	0.41587	0.03942	0.54472
326 T	0.41504	0.03958	0.54538
327 A	0.41339	0.04040	0.54622
328 A	0.41292	0.03931	0.54776
329 C	0.41268	0.03703	0.55029
330 T	0.41234	0.03683	0.55083
331 G	0.41021	0.03926	0.55053
332 A	0.41038	0.03996	0.54966
333 A	0.41053	0.04106	0.54842
334 G	0.41168	0.04070	0.54762
335 G	0.41515	0.03673	0.54812
336 A	0.41903	0.03351	0.54745
337 T	0.42328	0.03061	0.54612
338 T	0.42665	0.03049	0.54286
339 A	0.42782	0.03144	0.54074
340 T	0.42978	0.03185	0.53837
341 T	0.43050	0.03294	0.53656
342 A	0.43063	0.03422	0.53516
343 T	0.43129	0.03438	0.53433
344 T	0.43152	0.03526	0.53323
345 A	0.43064	0.03776	0.5316
346 T	0.43059	0.03788	0.53152
347 T	0.43021	0.03823	0.53155
348 A	0.42949	0.03908	0.53143
349 A	0.42920	0.03902	0.53178
350 C	0.42915	0.03749	0.53336
351 A	0.42893	0.03745	0.53362
352 A	0.42883	0.03732	0.53385
353 A	0.42881	0.03704	0.53415
354 C	0.42947	0.03434	0.53618
355 G	0.43071	0.03304	0.53625
356 A	0.43257	0.03101	0.53643
357 T	0.43432	0.02930	0.53638
358 G	0.43527	0.02830	0.53643
359 G	0.43672	0.02696	0.53632
360 G	0.43915	0.02454	0.53631
361 T	0.44325	0.02074	0.53602
362 C	0.44535	0.01887	0.53578
363 T	0.44838	0.01816	0.53346
364 T	0.44999	0.01728	0.53272
365 T	0.45075	0.01699	0.53226
366 A	0.45079	0.01706	0.53214
367 A	0.45145	0.01645	0.5321
368 C	0.45276	0.01360	0.53364
369 T	0.45291	0.01320	0.53389
370 C	0.45267	0.01322	0.53411
371 A	0.45262	0.01382	0.53356
372 T	0.45266	0.01399	0.53335
373 A	0.45204	0.01490	0.53305
374 A	0.45167	0.01524	0.53309
375 A	0.45025	0.01660	0.53315
376 T	0.45019	0.01599	0.53382
377 T	0.44977	0.01618	0.53405
378 A	0.44933	0.01642	0.53425
379 A	0.44933	0.01620	0.53447
380 C	0.44960	0.01579	0.53461
381 T	0.44977	0.01557	0.53465
382 C	0.44990	0.01542	0.53468
383 A	0.45019	0.01514	0.53468
384 T	0.45049	0.01483	0.53468
385 C	0.45000	0.01532	0.53468
386 C	0.45079	0.01454	0.53467
387 T	0.45099	0.01437	0.53464
388 A	0.45050	0.01480	0.5347
389 C	0.45034	0.01475	0.53492
390 T	0.45057	0.01449	0.53495
391 T	0.45063	0.01433	0.53504
392 C	0.45043	0.01413	0.53544
393 T	0.45053	0.01357	0.5359
394 T	0.45056	0.01326	0.53618
395 T	0.44976	0.01360	0.53664
396 A	0.44728	0.01561	0.53711
397 G	0.44532	0.01710	0.53758
398 T	0.44400	0.01614	0.53985
399 T	0.44160	0.01775	0.54065
400 C	0.43788	0.02092	0.5412
401 C	0.43514	0.02388	0.54099
402 T	0.43221	0.02842	0.53937
403 A	0.42421	0.03934	0.53645
404 A	0.41999	0.04485	0.53516
405 A	0.41922	0.04681	0.53397
406 G	0.41873	0.04838	0.53289
407 A	0.41852	0.05183	0.52966
408 A	0.41837	0.05156	0.53007
409 T	0.41828	0.05135	0.53037
410 A	0.41788	0.05177	0.53035
411 T	0.41754	0.05157	0.53089
412 C	0.41709	0.05201	0.53091
413 A	0.41673	0.05361	0.52966
414 T	0.41654	0.05406	0.5294
415 G	0.41631	0.05463	0.52906
416 T	0.41625	0.05532	0.52843
417 T	0.41601	0.05607	0.52792
418 A	0.41578	0.05616	0.52807
419 A	0.41565	0.05401	0.53034
420 A	0.41558	0.05168	0.53275
421 G	0.41553	0.04906	0.5354
422 T	0.41574	0.04671	0.53755
423 G	0.41564	0.04416	0.5402
424 A	0.41601	0.04359	0.5404
425 A	0.41707	0.04092	0.54201
426 T	0.41951	0.03253	0.54797
427 C	0.42001	0.02919	0.5508
428 A	0.42057	0.03141	0.54802
429 A	0.42147	0.03410	0.54443
430 A	0.42480	0.03569	0.53952
431 A	0.42521	0.03931	0.53547
432 T	0.42666	0.03974	0.5336
433 T	0.42724	0.03886	0.53389
434 T	0.42657	0.03907	0.53436
435 A	0.42556	0.03963	0.53482
436 T	0.42586	0.03874	0.5354
437 C	0.42508	0.03910	0.53582
438 C	0.42466	0.03930	0.53604
439 T	0.42382	0.04009	0.53608
440 C	0.41824	0.04563	0.53613
441 T	0.41074	0.05328	0.53598
442 C	0.38011	0.08411	0.53578
443 G	0.35494	0.11003	0.53504
444 A	0.33898	0.12623	0.53478
445 G	0.33266	0.13294	0.53441
446 A	0.32826	0.13738	0.53436
447 T	0.32787	0.13793	0.5342
448 C	0.32404	0.14135	0.53461
449 T	0.32020	0.14599	0.53381
450 A	0.31472	0.15217	0.53311
451 A	0.31504	0.15213	0.53283
452 A	0.31732	0.15003	0.53265
453 A	0.32162	0.14587	0.5325
454 T	0.32568	0.14074	0.53358
455 T	0.32706	0.13865	0.53428
456 T	0.32634	0.13891	0.53475
457 T	0.32419	0.14109	0.53471
458 T	0.32118	0.14396	0.53485
459 A	0.31424	0.15241	0.53334
460 A	0.31032	0.15780	0.53188
461 A	0.30832	0.15918	0.5325
462 A	0.30679	0.15855	0.53467
463 A	0.30529	0.15398	0.54073
464 A	0.30411	0.14703	0.54886
465 A	0.30355	0.11911	0.57734
466 G	0.30387	0.09438	0.60175
467 G	0.30417	0.07767	0.61816
468 A	0.30482	0.06907	0.62611
469 G	0.30567	0.06246	0.63187
470 T	0.30682	0.05785	0.63533
471 T	0.30756	0.05312	0.63932
472 T	0.30830	0.04945	0.64225
473 T	0.30867	0.04604	0.64528
474 G	0.30877	0.05199	0.63923
475 A	0.30891	0.05657	0.63452
476 T	0.30922	0.05667	0.63411
477 T	0.30938	0.05811	0.63251
478 G	0.30951	0.06143	0.62906
479 A	0.30999	0.07299	0.61703
480 T	0.31113	0.08361	0.60526
481 A	0.31152	0.10327	0.58521
482 A	0.31310	0.11707	0.56982
483 T	0.31540	0.12031	0.56428
484 A	0.31536	0.12800	0.55663
485 A	0.31542	0.13760	0.54699
486 T	0.31617	0.13737	0.54646
487 T	0.31630	0.13717	0.54653
488 A	0.31603	0.13775	0.54622
489 T	0.31616	0.13780	0.54603
490 C	0.31608	0.13791	0.546
491 T	0.31644	0.13788	0.54568
492 A	0.31653	0.13811	0.54535
493 G	0.31729	0.13763	0.54508
494 C	0.31866	0.13695	0.54438
495 T	0.32113	0.13496	0.54391
496 A	0.32312	0.13305	0.54384
497 T	0.33135	0.12476	0.54389
498 T	0.33579	0.12031	0.5439
499 C	0.33675	0.11941	0.54385
500 C	0.33771	0.11899	0.54329
501 A	0.34208	0.11797	0.53994
502 A	0.35352	0.10933	0.53714
503 A	0.36759	0.09618	0.53623
504 A	0.39194	0.07202	0.53605
505 T	0.41727	0.04670	0.53603
506 T	0.42575	0.03784	0.53641
507 A	0.43149	0.03151	0.537
508 G	0.43950	0.02275	0.53775
509 T	0.44254	0.01900	0.53846
510 T	0.44382	0.01730	0.53888
511 T	0.44435	0.01644	0.53921
512 C	0.44424	0.01624	0.53952
513 T	0.44386	0.01647	0.53966
514 T	0.44286	0.01746	0.53968
515 G	0.43724	0.02310	0.53966
516 G	0.43369	0.02687	0.53944
517 C	0.43134	0.02981	0.53885
518 T	0.42888	0.03473	0.53639
519 T	0.42153	0.04272	0.53576
520 A	0.40486	0.05960	0.53553
521 A	0.39357	0.07104	0.53539
522 A	0.38516	0.07945	0.53538
523 C	0.37816	0.08498	0.53686
524 C	0.37693	0.08593	0.53714
525 T	0.37772	0.08525	0.53703
526 T	0.37490	0.08821	0.5369
527 C	0.36647	0.09681	0.53672
528 T	0.36130	0.10207	0.53663
529 T	0.35365	0.10985	0.53649
530 A	0.34522	0.11845	0.53633
531 T	0.34064	0.12308	0.53628
532 C	0.33215	0.13175	0.5361
533 A	0.32177	0.14328	0.53495
534 T	0.30886	0.15735	0.53379
535 A	0.26421	0.20507	0.53072
536 A	0.22575	0.24753	0.52672
537 A	0.19290	0.28637	0.52072
538 G	0.17285	0.30398	0.52317
539 A	0.16084	0.31571	0.52344
540 A	0.14866	0.32842	0.52292
541 A	0.14327	0.33332	0.52341
542 A	0.14099	0.33016	0.52886
543 A	0.13965	0.31843	0.54193
544 A	0.13917	0.30808	0.55275
545 A	0.13902	0.29870	0.56228
546 T	0.13899	0.28938	0.57162
547 T	0.13881	0.28441	0.57678
548 T	0.13853	0.28160	0.57987
549 A	0.13790	0.27901	0.5831
550 T	0.13766	0.27031	0.59203
551 G	0.13667	0.26675	0.59658
552 G	0.13442	0.26438	0.6012
553 T	0.13376	0.26280	0.60344
554 T	0.13351	0.26483	0.60166
555 A	0.13238	0.26902	0.5986
556 A	0.13328	0.26779	0.59893
557 A	0.13494	0.25989	0.60517
558 A	0.13819	0.22083	0.64098
559 A	0.14321	0.18445	0.67233
560 T	0.15154	0.14458	0.70388
561 T	0.15493	0.12661	0.71846
562 A	0.15726	0.12287	0.71987
563 T	0.16089	0.11271	0.7264
564 T	0.16278	0.11393	0.72329
565 A	0.16327	0.11360	0.72313
566 T	0.16412	0.11362	0.72227
567 T	0.16359	0.12044	0.71597
568 A	0.16165	0.12628	0.71207
569 C	0.16025	0.13069	0.70905
570 T	0.15823	0.14538	0.69638
571 G	0.15246	0.16860	0.67894
572 A	0.14775	0.18340	0.66885
573 A	0.14580	0.19557	0.65863
574 G	0.13652	0.21598	0.64751
575 G	0.12810	0.23341	0.63849
576 C	0.12366	0.25262	0.62372
577 A	0.11714	0.30529	0.57757
578 A	0.11964	0.34246	0.53789
579 A	0.12056	0.37884	0.5006
580 A	0.12172	0.39132	0.48696
581 A	0.12478	0.39328	0.48194
582 T	0.12949	0.38888	0.48164
583 A	0.12738	0.39142	0.48119
584 G	0.12759	0.39123	0.48119
585 A	0.13261	0.38627	0.48112
586 C	0.13779	0.38100	0.48121
587 A	0.14520	0.37358	0.48123
588 A	0.14870	0.36978	0.48151
589 A	0.15263	0.36546	0.4819
590 T	0.16179	0.35530	0.48291
591 C	0.16075	0.35492	0.48433
592 A	0.16130	0.35300	0.4857
593 G	0.16706	0.34499	0.48795
594 A	0.17920	0.32962	0.49117
595 A	0.18888	0.31631	0.4948
596 A	0.20044	0.30258	0.49698
597 A	0.22061	0.26951	0.50989
598 A	0.23965	0.23601	0.52434
599 T	0.26377	0.19967	0.53656
600 G	0.30181	0.14896	0.54923
601 A	0.33877	0.10654	0.55469
602 T	0.37559	0.06153	0.56288
603 T	0.38677	0.04379	0.56944
604 T	0.38900	0.03783	0.57317
605 C	0.38889	0.03391	0.57721
606 T	0.38891	0.03155	0.57954
607 G	0.38851	0.03116	0.58033
608 C	0.38838	0.03230	0.57932
609 T	0.38836	0.03595	0.57569
610 T	0.38605	0.04082	0.57313
611 T	0.38033	0.05440	0.56527
612 A	0.36603	0.08003	0.55393
613 G	0.36033	0.09121	0.54845
614 G	0.35576	0.10275	0.54149
615 A	0.35521	0.10315	0.54164
616 T	0.35526	0.10250	0.54224
617 T	0.35469	0.10360	0.5417
618 A	0.35306	0.10715	0.53978
619 C	0.35192	0.11054	0.53753
620 A	0.34773	0.12454	0.52773
621 A	0.34670	0.13254	0.52076
622 G	0.34659	0.13922	0.51419
623 T	0.34774	0.14057	0.51169
624 G	0.34747	0.14210	0.51042
625 A	0.34697	0.14461	0.50842
626 T	0.34587	0.14629	0.50784
627 C	0.34359	0.14914	0.50726
628 A	0.34319	0.15809	0.49872
629 A	0.34365	0.16129	0.49507
630 A	0.34525	0.16088	0.49386
631 T	0.34958	0.15657	0.49385
632 T	0.35408	0.15209	0.49383
633 A	0.35602	0.14683	0.49715
634 A	0.36287	0.13422	0.50292
635 T	0.37180	0.11163	0.51657
636 A	0.37487	0.10354	0.52159
637 C	0.38537	0.08819	0.52644
638 G	0.38904	0.08388	0.52708
639 T	0.39329	0.07909	0.52762
640 T	0.39549	0.07612	0.52839
641 A	0.39714	0.07364	0.52921
642 T	0.40120	0.06867	0.53013
643 C	0.41012	0.05524	0.53464
644 G	0.41672	0.04784	0.53544
645 A	0.42371	0.04084	0.53545
646 T	0.42799	0.03627	0.53574
647 A	0.42924	0.03461	0.53615
648 T	0.43228	0.03074	0.53698
649 T	0.43332	0.02736	0.53932
650 C	0.43428	0.02366	0.54206
651 T	0.44209	0.01558	0.54234
652 T	0.44533	0.01242	0.54226
653 T	0.44446	0.01384	0.5417
654 T	0.43927	0.02148	0.53924
655 T	0.42954	0.03141	0.53906
656 T	0.41012	0.05053	0.53935
657 A	0.38074	0.08066	0.5386
658 A	0.36408	0.09758	0.53835
659 C	0.35636	0.10495	0.53869
660 T	0.35089	0.11315	0.53596
661 T	0.33654	0.13532	0.52814
662 T	0.28864	0.19810	0.51326
663 A	0.17954	0.31948	0.50099
664 G	0.12073	0.39144	0.48783
665 A	0.09576	0.42574	0.4785
666 A	0.08728	0.44008	0.47264
667 A	0.08407	0.44833	0.46759
668 A	0.08222	0.45224	0.46554
669 A	0.08120	0.45531	0.46349
670 A	0.08090	0.45698	0.46212
671 T	0.08067	0.45763	0.46169
672 G	0.08018	0.45833	0.46149
673 A	0.08006	0.45852	0.46142
674 A	0.08008	0.45798	0.46193
675 A	0.08011	0.45655	0.46333
676 A	0.08061	0.45167	0.46773
677 T	0.08271	0.44162	0.47567
678 A	0.08273	0.43236	0.48491
679 G	0.08316	0.41379	0.50305
680 G	0.08413	0.38755	0.52832
681 A	0.08527	0.36899	0.54573
682 G	0.08662	0.36112	0.55225
683 A	0.09089	0.35410	0.55502
684 A	0.10080	0.32929	0.56992
685 T	0.11768	0.26138	0.62093
686 A	0.12839	0.14768	0.72393
687 T	0.14178	0.07997	0.77824
688 C	0.14840	0.05558	0.79602
689 G	0.15316	0.05218	0.79466
690 T	0.15766	0.05386	0.78849
691 G	0.15877	0.06336	0.77787
692 T	0.16086	0.06836	0.77077
693 T	0.16196	0.08446	0.75357
694 T	0.16145	0.14046	0.6981
695 T	0.15777	0.25958	0.58266
696 A	0.14970	0.28655	0.56375
697 A	0.14390	0.29995	0.55615
698 A	0.13325	0.31647	0.55028
699 A	0.12042	0.33562	0.54395
700 C	0.10965	0.35242	0.53793
701 A	0.10001	0.39722	0.50277
702 A	0.09281	0.41555	0.49165
703 A	0.08934	0.42167	0.489
704 A	0.08550	0.42863	0.48586
705 T	0.08590	0.42971	0.48439
706 G	0.08677	0.42964	0.48359
707 A	0.08481	0.43334	0.48185
708 A	0.08436	0.43538	0.48026
709 A	0.08599	0.43531	0.47869
710 T	0.08991	0.43344	0.47666
711 T	0.09325	0.43033	0.47642
712 A	0.09262	0.43182	0.47555
713 A	0.10020	0.42397	0.47583
714 T	0.11358	0.40938	0.47703
715 C	0.12087	0.40111	0.47801
716 A	0.13740	0.38410	0.4785
717 A	0.19067	0.32968	0.47966
718 T	0.29986	0.21738	0.48276
719 T	0.31806	0.19453	0.48741
720 A	0.32506	0.18496	0.48998
721 A	0.33168	0.16802	0.5003
722 A	0.33794	0.14780	0.51426
723 A	0.34473	0.12842	0.52686
724 T	0.38011	0.08050	0.53939
725 T	0.39215	0.05996	0.54788
726 A	0.39520	0.05168	0.55312
727 T	0.39907	0.04013	0.56081
728 T	0.40051	0.03394	0.56554
729 A	0.40125	0.02933	0.56942
730 G	0.40279	0.02416	0.57305
731 G	0.40466	0.01992	0.57542
732 A	0.40673	0.01605	0.57722
733 T	0.40974	0.01100	0.57925
734 A	0.41080	0.00764	0.58156
735 A	0.41255	0.00000	0.58745
