# lcl|CP097583.1_cds_USQ93357.1_1
# AA	inside	membr	outside
1 A	0.58057	0.00000	0.41942
2 T	0.56973	0.01084	0.41942
3 G	0.55988	0.02069	0.41942
4 A	0.55988	0.04899	0.39113
5 A	0.48034	0.16905	0.3506
6 T	0.48034	0.17215	0.34751
7 A	0.15293	0.50040	0.34667
8 G	0.15292	0.50042	0.34665
9 G	0.14651	0.50713	0.34635
10 A	0.14650	0.53605	0.31744
11 A	0.14623	0.53747	0.31629
12 T	0.14313	0.54108	0.31578
13 T	0.13185	0.55810	0.31005
14 T	0.13185	0.55810	0.31005
15 T	0.13185	0.61175	0.2564
16 A	0.13075	0.61285	0.2564
17 A	0.12927	0.61481	0.25592
18 T	0.12922	0.61584	0.25494
19 A	0.12575	0.62055	0.2537
20 T	0.11327	0.65928	0.22744
21 G	0.05977	0.71282	0.22741
22 A	0.05775	0.72849	0.21376
23 A	0.05575	0.73795	0.20631
24 A	0.05655	0.74394	0.19951
25 A	0.05839	0.70582	0.23579
26 T	0.06238	0.67084	0.26677
27 G	0.08502	0.58548	0.32951
28 T	0.12549	0.47824	0.39627
29 T	0.12925	0.46310	0.40765
30 T	0.13126	0.28293	0.58581
31 G	0.13009	0.32630	0.54361
32 A	0.12504	0.38711	0.48785
33 T	0.13791	0.45094	0.41115
34 A	0.13349	0.55724	0.30927
35 A	0.13682	0.59510	0.26808
36 A	0.14338	0.62533	0.23129
37 T	0.14726	0.63821	0.21453
38 T	0.18079	0.61567	0.20354
39 A	0.15632	0.71424	0.12944
40 A	0.13015	0.75679	0.11306
41 A	0.12571	0.76629	0.108
42 A	0.11926	0.77739	0.10335
43 A	0.13752	0.75036	0.11212
44 A	0.12578	0.73190	0.14232
45 A	0.13734	0.71785	0.14481
46 A	0.14576	0.70656	0.14767
47 T	0.15600	0.69568	0.14832
48 T	0.15842	0.69494	0.14664
49 C	0.14957	0.70600	0.14443
50 A	0.14161	0.71998	0.13841
51 G	0.13880	0.72844	0.13276
52 G	0.14264	0.72977	0.12759
53 A	0.14751	0.73204	0.12045
54 A	0.18852	0.69162	0.11986
55 A	0.24063	0.63388	0.12549
56 C	0.30862	0.55903	0.13235
57 C	0.37904	0.48568	0.13528
58 A	0.40171	0.48208	0.11622
59 T	0.44114	0.44599	0.11287
60 A	0.40814	0.48523	0.10663
61 G	0.35670	0.53921	0.10409
62 A	0.35492	0.52604	0.11904
63 T	0.32535	0.53256	0.14209
64 A	0.27621	0.57924	0.14455
65 A	0.20915	0.64510	0.14574
66 A	0.16380	0.68799	0.14822
67 G	0.14572	0.69243	0.16184
68 A	0.10824	0.72864	0.16311
69 A	0.09467	0.74323	0.16209
70 C	0.08903	0.75063	0.16035
71 A	0.08395	0.79217	0.12389
72 A	0.08427	0.81157	0.10416
73 A	0.08494	0.81157	0.10349
74 A	0.08786	0.80749	0.10466
75 A	0.09262	0.80192	0.10545
76 A	0.10264	0.77772	0.11964
77 A	0.10724	0.75376	0.139
78 A	0.11418	0.72173	0.16409
79 T	0.11981	0.68699	0.19319
80 T	0.12403	0.66179	0.21418
81 A	0.13468	0.62899	0.23633
82 G	0.13820	0.59928	0.26252
83 A	0.14342	0.55452	0.30206
84 A	0.14624	0.49617	0.35759
85 T	0.15294	0.44068	0.40637
86 T	0.14980	0.41724	0.43295
87 A	0.13485	0.42767	0.43748
88 A	0.12802	0.41932	0.45266
89 G	0.12235	0.39822	0.47942
90 A	0.12194	0.41593	0.46213
91 G	0.12661	0.43528	0.4381
92 A	0.13615	0.47023	0.39362
93 A	0.14626	0.50313	0.35061
94 T	0.18584	0.46373	0.35042
95 T	0.20433	0.45176	0.34391
96 T	0.20791	0.45956	0.33253
97 A	0.20784	0.46060	0.33156
98 C	0.20833	0.45993	0.33175
99 T	0.20919	0.45975	0.33106
100 T	0.20469	0.46512	0.33019
101 C	0.20172	0.46847	0.32982
102 A	0.19983	0.47241	0.32776
103 C	0.19910	0.47392	0.32699
104 A	0.19890	0.47477	0.32633
105 A	0.19953	0.47466	0.32581
106 G	0.20713	0.46687	0.32599
107 T	0.22489	0.44773	0.32738
108 A	0.23273	0.43930	0.32798
109 G	0.25157	0.40954	0.33888
110 G	0.29464	0.35005	0.35531
111 T	0.35335	0.28000	0.36665
112 G	0.37097	0.25683	0.3722
113 A	0.40793	0.21740	0.37467
114 T	0.46374	0.15979	0.37646
115 A	0.50950	0.11325	0.37724
116 T	0.55312	0.06777	0.37912
117 C	0.56048	0.05972	0.3798
118 G	0.56957	0.05328	0.37715
119 T	0.58344	0.04470	0.37185
120 T	0.58625	0.04903	0.36473
121 A	0.58519	0.06279	0.35202
122 T	0.58482	0.07090	0.34427
123 T	0.58229	0.08505	0.33266
124 G	0.57890	0.10268	0.31841
125 T	0.55891	0.14436	0.29673
126 T	0.50189	0.20804	0.29007
127 A	0.43585	0.27962	0.28453
128 T	0.39653	0.32265	0.28082
129 G	0.33741	0.38978	0.27282
130 C	0.26800	0.46825	0.26375
131 A	0.20827	0.54206	0.24968
132 A	0.18550	0.58208	0.23242
133 G	0.17250	0.59693	0.23057
134 G	0.16559	0.60519	0.22923
135 A	0.16245	0.60923	0.22831
136 A	0.16151	0.61063	0.22786
137 C	0.16152	0.61074	0.22774
138 A	0.16178	0.61062	0.22759
139 A	0.16243	0.60999	0.22758
140 A	0.16359	0.60857	0.22785
141 A	0.16721	0.60462	0.22817
142 C	0.17286	0.59863	0.22852
143 A	0.18172	0.58887	0.22941
144 A	0.19633	0.57200	0.23167
145 G	0.20670	0.55880	0.2345
146 T	0.22422	0.53690	0.23889
147 A	0.23525	0.52268	0.24206
148 A	0.25560	0.46799	0.2764
149 T	0.26538	0.37494	0.35968
150 T	0.27099	0.29782	0.43118
151 G	0.27299	0.25166	0.47535
152 A	0.28045	0.20823	0.51132
153 T	0.28990	0.14246	0.56764
154 G	0.29825	0.08547	0.61628
155 T	0.31168	0.05447	0.63385
156 T	0.31125	0.04668	0.64207
157 T	0.30895	0.04568	0.64537
158 C	0.30506	0.05146	0.64348
159 T	0.30084	0.07904	0.62012
160 A	0.29066	0.12379	0.58555
161 T	0.28595	0.14337	0.57068
162 T	0.27576	0.20296	0.52128
163 A	0.25049	0.32012	0.42939
164 A	0.23988	0.36235	0.39777
165 A	0.23453	0.37751	0.38796
166 A	0.23239	0.38604	0.38156
167 A	0.23137	0.39240	0.37623
168 T	0.23155	0.39447	0.37398
169 T	0.23110	0.39923	0.36967
170 T	0.23060	0.40080	0.3686
171 A	0.22967	0.40374	0.36659
172 G	0.22955	0.40433	0.36611
173 A	0.22966	0.40425	0.36609
174 T	0.23115	0.40037	0.36848
175 T	0.23396	0.39573	0.37032
176 T	0.23576	0.39387	0.37038
177 A	0.23557	0.39415	0.37028
178 A	0.23610	0.39319	0.37071
179 T	0.23858	0.38812	0.3733
180 G	0.24046	0.38434	0.3752
181 A	0.24634	0.38137	0.37229
182 A	0.27405	0.35822	0.36772
183 T	0.32031	0.31293	0.36676
184 A	0.33506	0.31418	0.35076
185 A	0.38265	0.26467	0.35269
186 T	0.46273	0.17061	0.36666
187 T	0.48427	0.14830	0.36743
188 T	0.48539	0.15099	0.36362
189 A	0.47896	0.16618	0.35486
190 G	0.47963	0.16941	0.35096
191 A	0.47765	0.17678	0.34557
192 T	0.47872	0.17794	0.34334
193 T	0.47736	0.18088	0.34176
194 T	0.46835	0.19468	0.33697
195 A	0.45319	0.21128	0.33553
196 A	0.44930	0.21555	0.33515
197 T	0.44484	0.21971	0.33545
198 T	0.43639	0.22774	0.33587
199 C	0.43120	0.23258	0.33622
200 A	0.42896	0.23569	0.33535
201 A	0.41813	0.24677	0.3351
202 G	0.40146	0.26374	0.33481
203 A	0.39965	0.26556	0.3348
204 A	0.40417	0.26108	0.33474
205 A	0.41247	0.25164	0.33589
206 G	0.42603	0.23615	0.33782
207 T	0.45166	0.20794	0.3404
208 A	0.46159	0.19579	0.34262
209 T	0.47378	0.17996	0.34626
210 T	0.48163	0.16785	0.35051
211 T	0.48784	0.15658	0.35558
212 T	0.49255	0.14319	0.36427
213 A	0.49470	0.13636	0.36894
214 T	0.49934	0.12435	0.37631
215 T	0.50155	0.11541	0.38304
216 A	0.50304	0.10869	0.38828
217 T	0.50763	0.09104	0.40134
218 C	0.50890	0.07230	0.4188
219 T	0.50973	0.06779	0.42249
220 T	0.50999	0.06451	0.4255
221 T	0.50880	0.06314	0.42806
222 T	0.50695	0.06415	0.4289
223 A	0.50029	0.07289	0.42681
224 A	0.49621	0.06767	0.43612
225 T	0.49223	0.05738	0.45039
226 G	0.48318	0.07157	0.44525
227 A	0.47616	0.09015	0.43369
228 T	0.47414	0.10196	0.42391
229 G	0.47254	0.12123	0.40623
230 T	0.47198	0.13462	0.3934
231 T	0.47096	0.14918	0.37986
232 T	0.46985	0.16644	0.36371
233 T	0.46815	0.18006	0.35178
234 A	0.46203	0.19047	0.34751
235 A	0.45676	0.20003	0.3432
236 A	0.45172	0.20942	0.33887
237 G	0.43705	0.22838	0.33458
238 C	0.42700	0.24815	0.32485
239 A	0.42090	0.27492	0.30417
240 A	0.41486	0.28617	0.29898
241 G	0.41178	0.29145	0.29677
242 T	0.40937	0.29644	0.2942
243 A	0.40750	0.30113	0.29137
244 G	0.40799	0.29991	0.2921
245 A	0.40897	0.29790	0.29313
246 A	0.41200	0.28864	0.29935
247 A	0.41531	0.28094	0.30376
248 A	0.42074	0.27075	0.3085
249 A	0.43268	0.25007	0.31725
250 G	0.44912	0.22554	0.32534
251 C	0.46729	0.20319	0.32953
252 T	0.49102	0.17837	0.33061
253 T	0.50341	0.16576	0.33083
254 C	0.51050	0.15799	0.33151
255 T	0.51877	0.15131	0.32992
256 A	0.52266	0.14934	0.328
257 A	0.52552	0.14307	0.33141
258 A	0.53005	0.13692	0.33303
259 G	0.53754	0.12799	0.33447
260 A	0.54521	0.11222	0.34257
261 T	0.55869	0.08861	0.35269
262 T	0.57328	0.07021	0.35651
263 T	0.57242	0.06875	0.35883
264 A	0.56603	0.07565	0.35832
265 C	0.56357	0.07639	0.36005
266 T	0.56180	0.07986	0.35834
267 T	0.55540	0.08898	0.35561
268 A	0.53593	0.11470	0.34937
269 T	0.52524	0.13172	0.34304
270 G	0.49974	0.16153	0.33874
271 A	0.48345	0.17828	0.33827
272 A	0.47602	0.18599	0.338
273 A	0.46981	0.19206	0.33813
274 G	0.46609	0.19498	0.33893
275 C	0.46411	0.19627	0.33962
276 T	0.46241	0.19939	0.3382
277 G	0.45429	0.21045	0.33526
278 C	0.45083	0.21600	0.33317
279 A	0.44808	0.22454	0.32738
280 A	0.44490	0.23200	0.32311
281 A	0.44402	0.23355	0.32244
282 A	0.44639	0.23170	0.3219
283 G	0.45302	0.22559	0.32139
284 A	0.45674	0.22015	0.32312
285 T	0.46125	0.21028	0.32846
286 T	0.46424	0.20189	0.33387
287 A	0.46516	0.19440	0.34044
288 T	0.46713	0.18546	0.34741
289 G	0.46671	0.18009	0.3532
290 A	0.46865	0.16933	0.36202
291 T	0.47425	0.14376	0.382
292 T	0.47935	0.12714	0.39351
293 T	0.48193	0.10619	0.41188
294 G	0.48202	0.09489	0.42309
295 A	0.48248	0.08881	0.4287
296 A	0.48286	0.08296	0.43419
297 A	0.48330	0.07812	0.43858
298 G	0.48431	0.07311	0.44257
299 A	0.48806	0.06532	0.44662
300 T	0.49366	0.05004	0.4563
301 T	0.49712	0.04108	0.4618
302 A	0.50146	0.03247	0.46608
303 T	0.50510	0.02425	0.47065
304 G	0.50615	0.01970	0.47415
305 A	0.50725	0.01688	0.47587
306 T	0.50903	0.01332	0.47764
307 T	0.51084	0.01040	0.47876
308 T	0.51159	0.00883	0.47959
309 T	0.51236	0.00684	0.4808
310 T	0.51288	0.00482	0.4823
311 A	0.51315	0.00358	0.48327
312 A	0.51402	0.00000	0.48598
