# lcl|CP097583.1_cds_USQ93360.1_1
# AA	inside	membr	outside
1 A	0.72927	0.00000	0.27072
2 T	0.72846	0.00081	0.27072
3 G	0.72813	0.00114	0.27072
4 T	0.72813	0.05829	0.21357
5 T	0.69981	0.13538	0.16481
6 A	0.69981	0.15313	0.14706
7 T	0.55684	0.29892	0.14424
8 C	0.55683	0.29898	0.14419
9 A	0.51419	0.34395	0.14186
10 A	0.51414	0.40438	0.08148
11 A	0.51063	0.41037	0.079
12 A	0.48985	0.43181	0.07833
13 A	0.46513	0.45912	0.07574
14 A	0.46512	0.45913	0.07574
15 T	0.46512	0.48660	0.04828
16 G	0.46411	0.48761	0.04828
17 A	0.46020	0.49207	0.04773
18 A	0.46011	0.49238	0.0475
19 A	0.45860	0.49403	0.04738
20 T	0.45151	0.50279	0.04569
21 T	0.43037	0.52387	0.04577
22 C	0.42808	0.52611	0.0458
23 A	0.42713	0.52748	0.0454
24 A	0.42707	0.52783	0.0451
25 G	0.42910	0.52326	0.04763
26 A	0.43306	0.51823	0.04871
27 T	0.49268	0.45283	0.05449
28 A	0.54049	0.37291	0.0866
29 T	0.56911	0.32778	0.10312
30 T	0.58782	0.19261	0.21957
31 T	0.58415	0.19950	0.21635
32 T	0.57557	0.18521	0.23922
33 A	0.55642	0.23179	0.21179
34 C	0.54289	0.26049	0.19662
35 A	0.53397	0.27602	0.19001
36 A	0.52903	0.27582	0.19515
37 A	0.52476	0.28735	0.18789
38 T	0.54545	0.26952	0.18502
39 A	0.53561	0.29539	0.169
40 G	0.53335	0.29307	0.17359
41 G	0.53248	0.29246	0.17506
42 A	0.53232	0.29337	0.17431
43 T	0.53405	0.28501	0.18093
44 T	0.53288	0.27652	0.1906
45 G	0.53156	0.27846	0.18998
46 A	0.53023	0.29023	0.17954
47 A	0.52856	0.29654	0.1749
48 T	0.52796	0.29860	0.17344
49 A	0.52589	0.30652	0.16759
50 A	0.52523	0.30832	0.16645
51 A	0.52705	0.30392	0.16903
52 G	0.53084	0.29338	0.17579
53 G	0.53932	0.27499	0.18569
54 T	0.56628	0.23687	0.19685
55 T	0.58530	0.20668	0.20801
56 T	0.61055	0.16178	0.22767
57 T	0.62253	0.13969	0.23777
58 G	0.62742	0.12770	0.24487
59 A	0.63296	0.11753	0.24951
60 T	0.64112	0.10635	0.25253
61 T	0.64603	0.10233	0.25164
62 T	0.65974	0.08458	0.25568
63 T	0.66137	0.08751	0.25113
64 A	0.66227	0.09537	0.24236
65 T	0.66481	0.09698	0.23821
66 T	0.66514	0.10613	0.22873
67 G	0.66845	0.11250	0.21905
68 A	0.67174	0.11885	0.20941
69 A	0.68456	0.10825	0.20719
70 T	0.69233	0.10201	0.20566
71 T	0.69578	0.09961	0.2046
72 G	0.70052	0.09682	0.20266
73 T	0.70259	0.09996	0.19744
74 T	0.70313	0.10452	0.19234
75 T	0.70242	0.10976	0.18782
76 T	0.69997	0.12205	0.17798
77 T	0.69832	0.13321	0.16847
78 T	0.69380	0.14294	0.16325
79 G	0.68390	0.15840	0.1577
80 A	0.67789	0.17349	0.14862
81 A	0.67331	0.18545	0.14125
82 G	0.67155	0.19344	0.13501
83 A	0.67220	0.20273	0.12507
84 T	0.67643	0.20977	0.11379
85 A	0.67747	0.21563	0.1069
86 A	0.68436	0.20904	0.10661
87 T	0.69378	0.19928	0.10694
88 A	0.69650	0.19600	0.1075
89 T	0.70533	0.18594	0.10873
90 C	0.71103	0.17926	0.10971
91 T	0.71566	0.17477	0.10958
92 C	0.71181	0.17880	0.10939
93 T	0.70899	0.18273	0.10828
94 A	0.69182	0.20172	0.10647
95 A	0.68311	0.21063	0.10625
96 T	0.68541	0.20827	0.10633
97 T	0.68159	0.21208	0.10633
98 A	0.66061	0.23131	0.10808
99 C	0.65364	0.23283	0.11353
100 T	0.65410	0.23031	0.11559
101 T	0.61262	0.26920	0.11818
102 A	0.56690	0.31110	0.122
103 A	0.55095	0.32361	0.12544
104 C	0.54755	0.32305	0.1294
105 A	0.54064	0.32845	0.13091
106 A	0.53939	0.32873	0.13188
107 T	0.54771	0.31992	0.13237
108 T	0.54715	0.32097	0.13188
109 A	0.53037	0.34072	0.12891
110 T	0.52094	0.34838	0.13068
111 A	0.49519	0.37450	0.1303
112 G	0.48217	0.38696	0.13088
113 A	0.47618	0.39369	0.13012
114 T	0.47182	0.39493	0.13325
115 A	0.46564	0.40606	0.12831
116 A	0.46148	0.41607	0.12245
117 A	0.45871	0.41463	0.12666
118 G	0.45674	0.41713	0.12613
119 A	0.45560	0.42091	0.12349
120 A	0.45384	0.41627	0.12989
121 G	0.45357	0.39798	0.14845
122 T	0.45388	0.38072	0.1654
123 A	0.45037	0.37889	0.17074
124 G	0.44889	0.33703	0.21408
125 T	0.44863	0.30677	0.2446
126 G	0.44676	0.29677	0.25647
127 A	0.44583	0.29688	0.25729
128 A	0.44789	0.28688	0.26523
129 G	0.45024	0.27424	0.27552
130 T	0.45326	0.27619	0.27055
131 A	0.45571	0.28403	0.26026
132 T	0.45964	0.27462	0.26575
133 A	0.46041	0.26564	0.27395
134 G	0.46202	0.24184	0.29614
135 T	0.46509	0.23030	0.30461
136 A	0.46806	0.23360	0.29835
137 C	0.47142	0.23874	0.28984
138 A	0.48013	0.29582	0.22405
139 A	0.49195	0.30493	0.20312
140 A	0.50547	0.30324	0.1913
141 T	0.52554	0.29174	0.18272
142 T	0.53497	0.30193	0.1631
143 A	0.53922	0.31076	0.15002
144 T	0.54885	0.30490	0.14625
145 A	0.55381	0.30293	0.14325
146 T	0.56150	0.29128	0.14722
147 T	0.56720	0.28337	0.14942
148 T	0.57170	0.27726	0.15104
149 T	0.57213	0.27494	0.15293
150 C	0.57140	0.27453	0.15407
151 G	0.57103	0.27510	0.15387
152 G	0.57264	0.27394	0.15342
153 A	0.57869	0.26905	0.15226
154 T	0.58943	0.25912	0.15144
155 T	0.58809	0.26240	0.14951
156 A	0.56244	0.29073	0.14684
157 G	0.55863	0.29516	0.14621
158 G	0.55840	0.29812	0.14349
159 A	0.57059	0.28529	0.14412
160 A	0.58950	0.26645	0.14405
161 T	0.66121	0.19366	0.14513
162 A	0.67723	0.17797	0.1448
163 C	0.68867	0.16652	0.14481
164 G	0.69307	0.16737	0.13956
165 T	0.71307	0.15572	0.1312
166 T	0.71686	0.15909	0.12405
167 T	0.69391	0.19643	0.10966
168 A	0.66187	0.24055	0.09758
169 T	0.62484	0.28447	0.09069
170 T	0.56497	0.35193	0.0831
171 A	0.37993	0.54767	0.07239
172 A	0.27148	0.65909	0.06942
173 A	0.20413	0.72538	0.07049
174 A	0.17623	0.75064	0.07313
175 G	0.15617	0.76557	0.07827
176 A	0.14619	0.77137	0.08245
177 A	0.13927	0.77275	0.08798
178 A	0.13919	0.76421	0.0966
179 C	0.14249	0.73495	0.12256
180 G	0.14440	0.72899	0.12662
181 G	0.14778	0.72230	0.12991
182 A	0.14931	0.71983	0.13085
183 T	0.15126	0.71678	0.13196
184 G	0.15167	0.71725	0.13108
185 A	0.15345	0.71348	0.13306
186 A	0.15569	0.70886	0.13544
187 A	0.16326	0.69437	0.14236
188 T	0.17464	0.67206	0.1533
189 A	0.18232	0.65120	0.16648
190 T	0.19851	0.59098	0.21051
191 A	0.20851	0.54751	0.24398
192 T	0.21626	0.48967	0.29406
193 A	0.22128	0.45151	0.32721
194 T	0.23053	0.28644	0.48303
195 T	0.23192	0.22929	0.53879
196 T	0.22802	0.19406	0.57793
197 A	0.21723	0.21791	0.56487
198 T	0.21068	0.22414	0.56518
199 A	0.18866	0.28455	0.52679
200 C	0.17820	0.30487	0.51693
201 T	0.16820	0.36496	0.46684
202 A	0.14905	0.44858	0.40238
203 A	0.13855	0.60663	0.25481
204 T	0.13294	0.70937	0.1577
205 A	0.12588	0.78563	0.08849
206 A	0.12207	0.81734	0.06059
207 A	0.12149	0.82971	0.04879
208 A	0.12280	0.84370	0.03351
209 T	0.12511	0.84489	0.03
210 A	0.12687	0.84504	0.02809
211 G	0.13053	0.84192	0.02756
212 A	0.13476	0.83816	0.02708
213 A	0.14125	0.83198	0.02676
214 T	0.15924	0.81339	0.02736
215 A	0.17229	0.79998	0.02773
216 T	0.19720	0.77382	0.02897
217 A	0.20799	0.76185	0.03016
218 A	0.23404	0.73314	0.03283
219 A	0.24877	0.71157	0.03966
220 T	0.28265	0.66434	0.05301
221 A	0.29991	0.64026	0.05982
222 T	0.36808	0.54994	0.08199
223 A	0.39785	0.51102	0.09113
224 T	0.45125	0.44739	0.10136
225 A	0.49994	0.38518	0.11487
226 G	0.64290	0.23235	0.12476
227 T	0.74099	0.12967	0.12934
228 T	0.79919	0.06781	0.133
229 T	0.80778	0.06042	0.1318
230 C	0.78908	0.08101	0.12991
231 T	0.78208	0.10718	0.11074
232 T	0.75341	0.14782	0.09877
233 T	0.71047	0.20180	0.08774
234 A	0.58615	0.34174	0.07211
235 A	0.51022	0.42656	0.06321
236 T	0.46814	0.47308	0.05878
237 A	0.31961	0.62584	0.05456
238 G	0.16930	0.78083	0.04987
239 A	0.09759	0.85904	0.04336
240 A	0.06694	0.89075	0.04231
241 G	0.04926	0.90961	0.04114
242 A	0.03820	0.92100	0.0408
243 A	0.03451	0.92479	0.0407
244 C	0.03250	0.92663	0.04086
245 A	0.03000	0.93098	0.03902
246 A	0.02718	0.93536	0.03745
247 A	0.02399	0.94025	0.03575
248 A	0.02353	0.94122	0.03525
249 A	0.02312	0.94158	0.0353
250 A	0.02574	0.93514	0.03912
251 A	0.03224	0.91811	0.04965
252 T	0.04177	0.87713	0.0811
253 G	0.04810	0.82801	0.12388
254 T	0.07065	0.77110	0.15825
255 T	0.08073	0.73087	0.1884
256 A	0.08521	0.70191	0.21289
257 A	0.08999	0.60679	0.30321
258 T	0.09313	0.53557	0.37131
259 A	0.08959	0.50932	0.4011
260 A	0.08319	0.40353	0.51328
261 T	0.08187	0.29562	0.62251
262 G	0.07504	0.25919	0.66577
263 A	0.07089	0.26580	0.66331
264 T	0.06909	0.28285	0.64805
265 G	0.06375	0.31981	0.61644
266 A	0.06016	0.43572	0.50412
267 A	0.05945	0.53276	0.40779
268 A	0.06116	0.56377	0.37507
269 A	0.06289	0.58121	0.35589
270 A	0.06423	0.59728	0.3385
271 A	0.06492	0.60849	0.32659
272 T	0.06360	0.62451	0.31189
273 T	0.05972	0.65841	0.28187
274 A	0.04432	0.78966	0.16602
275 A	0.03240	0.88250	0.0851
276 A	0.02459	0.90836	0.06706
277 A	0.02352	0.91661	0.05987
278 A	0.02510	0.91730	0.0576
279 A	0.03393	0.90822	0.05786
280 A	0.04914	0.89114	0.05972
281 T	0.07188	0.86445	0.06368
282 A	0.08668	0.84335	0.06997
283 A	0.11657	0.80243	0.081
284 T	0.14928	0.76025	0.09047
285 C	0.16080	0.73533	0.10387
286 C	0.18059	0.71173	0.10767
287 C	0.20670	0.68383	0.10947
288 G	0.23893	0.65085	0.11023
289 C	0.34441	0.54489	0.1107
290 T	0.44399	0.44667	0.10934
291 T	0.47214	0.42075	0.10711
292 G	0.46004	0.43945	0.10052
293 G	0.45727	0.44523	0.0975
294 A	0.45755	0.45436	0.08809
295 G	0.42974	0.47952	0.09073
296 A	0.44977	0.45606	0.09417
297 A	0.56298	0.32875	0.10826
298 T	0.63657	0.24218	0.12125
299 C	0.62894	0.24324	0.12782
300 T	0.59863	0.28094	0.12042
301 A	0.47583	0.42516	0.099
302 A	0.35945	0.56192	0.07863
303 A	0.24057	0.70177	0.05765
304 A	0.19368	0.75851	0.04781
305 A	0.17589	0.77987	0.04425
306 A	0.15871	0.80183	0.03946
307 A	0.14205	0.82183	0.03612
308 T	0.12424	0.83658	0.03918
309 A	0.08421	0.87514	0.04064
310 A	0.06432	0.89177	0.04391
311 A	0.06113	0.89015	0.04872
312 C	0.06013	0.88004	0.05983
313 A	0.05888	0.87829	0.06284
314 A	0.06097	0.87066	0.06836
315 T	0.06732	0.84872	0.08396
316 A	0.06626	0.84302	0.09072
317 A	0.07143	0.83149	0.09708
318 T	0.07212	0.77924	0.14864
319 A	0.07102	0.76441	0.16456
320 T	0.07155	0.75037	0.17809
321 A	0.06753	0.76161	0.17086
322 A	0.06949	0.75485	0.17566
323 A	0.07711	0.71770	0.20519
324 A	0.09812	0.59783	0.30404
325 A	0.11875	0.46850	0.41275
326 T	0.14345	0.32839	0.52816
327 T	0.15287	0.28169	0.56544
328 A	0.15596	0.27138	0.57267
329 A	0.15985	0.25131	0.58885
330 T	0.16414	0.22668	0.60919
331 T	0.16474	0.20725	0.628
332 T	0.16518	0.17955	0.65527
333 T	0.16507	0.17470	0.66023
334 A	0.16326	0.20505	0.6317
335 A	0.16095	0.23261	0.60644
336 T	0.15946	0.24850	0.59204
337 A	0.15506	0.26476	0.58018
338 G	0.15444	0.27132	0.57424
339 T	0.15801	0.27380	0.5682
340 T	0.15955	0.27277	0.56768
341 G	0.16077	0.27174	0.56749
342 G	0.16608	0.26716	0.56676
343 A	0.17244	0.26757	0.55999
344 C	0.19324	0.24972	0.55704
345 T	0.21435	0.26257	0.52308
346 A	0.22101	0.26036	0.51863
347 T	0.23477	0.24982	0.51542
348 T	0.23747	0.25157	0.51096
349 T	0.23611	0.25587	0.50802
350 C	0.23225	0.26312	0.50464
351 T	0.23019	0.28186	0.48795
352 G	0.21563	0.31842	0.46595
353 A	0.19131	0.38383	0.42486
354 T	0.18249	0.41237	0.40514
355 A	0.16364	0.46251	0.37384
356 A	0.15399	0.49903	0.34698
357 A	0.17711	0.48389	0.339
358 A	0.20250	0.46130	0.3362
359 T	0.22364	0.43758	0.33878
360 T	0.23315	0.42426	0.34259
361 A	0.23116	0.42781	0.34104
362 A	0.22972	0.43112	0.33916
363 C	0.19808	0.46416	0.33775
364 A	0.17720	0.48946	0.33334
365 A	0.16808	0.49963	0.33229
366 A	0.16483	0.50396	0.3312
367 A	0.16937	0.49961	0.33102
368 T	0.19903	0.46946	0.33151
369 G	0.19168	0.47229	0.33603
370 A	0.18754	0.47530	0.33715
371 T	0.18807	0.47253	0.3394
372 G	0.18133	0.48092	0.33775
373 A	0.18044	0.48549	0.33407
374 A	0.18748	0.48166	0.33086
375 A	0.21050	0.44684	0.34266
376 T	0.25450	0.37450	0.37101
377 T	0.27299	0.34203	0.38498
378 A	0.29354	0.30364	0.40282
379 T	0.31045	0.27073	0.41883
380 C	0.30278	0.27098	0.42624
381 T	0.29898	0.27522	0.4258
382 A	0.29159	0.28642	0.42198
383 G	0.29037	0.28682	0.4228
384 A	0.29276	0.28362	0.42362
385 A	0.29545	0.27960	0.42495
386 T	0.29941	0.24366	0.45693
387 T	0.28819	0.24266	0.46915
388 A	0.26095	0.27340	0.46565
389 T	0.25019	0.28363	0.46619
390 G	0.20902	0.34944	0.44153
391 A	0.18748	0.38480	0.42772
392 A	0.17891	0.38963	0.43146
393 A	0.17799	0.38597	0.43603
394 G	0.17838	0.37954	0.44209
395 A	0.18341	0.37517	0.44142
396 A	0.19084	0.37027	0.4389
397 T	0.20141	0.36642	0.43217
398 A	0.20118	0.38720	0.41162
399 T	0.20014	0.40473	0.39513
400 G	0.19814	0.40686	0.395
401 A	0.19695	0.40698	0.39606
402 T	0.19807	0.39884	0.40309
403 T	0.19650	0.39165	0.41185
404 C	0.19410	0.39156	0.41434
405 T	0.19237	0.40414	0.40349
406 A	0.18170	0.43534	0.38296
407 A	0.17836	0.44366	0.37797
408 A	0.17999	0.44331	0.3767
409 A	0.18606	0.43685	0.37709
410 T	0.20101	0.40107	0.39792
411 T	0.21764	0.35647	0.42588
412 A	0.22762	0.33343	0.43895
413 T	0.25599	0.26547	0.47854
414 T	0.26770	0.23449	0.49781
415 C	0.26728	0.22711	0.50561
416 A	0.26521	0.22873	0.50606
417 A	0.26433	0.22870	0.50697
418 A	0.27019	0.22104	0.50876
419 G	0.27736	0.21245	0.51019
420 T	0.29606	0.19444	0.5095
421 A	0.31703	0.17058	0.51238
422 T	0.33708	0.15022	0.5127
423 A	0.33995	0.14727	0.51278
424 G	0.34382	0.14384	0.51234
425 T	0.34905	0.14399	0.50695
426 T	0.35378	0.14617	0.50006
427 A	0.35496	0.17675	0.46829
428 A	0.36058	0.18668	0.45274
429 T	0.37152	0.18225	0.44623
430 T	0.35891	0.20333	0.43776
431 T	0.33101	0.23804	0.43094
432 T	0.27344	0.30663	0.41992
433 G	0.18813	0.40105	0.41082
434 A	0.12946	0.46903	0.40151
435 A	0.09526	0.51031	0.39442
436 G	0.07832	0.52995	0.39173
437 A	0.06752	0.54376	0.38872
438 A	0.06132	0.55459	0.3841
439 A	0.05974	0.55675	0.38351
440 A	0.05904	0.55555	0.38541
441 A	0.05872	0.55409	0.3872
442 G	0.05919	0.55139	0.38942
443 A	0.06071	0.54870	0.3906
444 A	0.06261	0.54420	0.3932
445 C	0.06711	0.53748	0.39541
446 A	0.07199	0.53192	0.39609
447 A	0.07974	0.52355	0.39671
448 A	0.08936	0.51354	0.39711
449 A	0.10231	0.49972	0.39796
450 A	0.13719	0.46254	0.40027
451 A	0.16179	0.41842	0.41978
452 T	0.18739	0.36633	0.44628
453 T	0.20312	0.31591	0.48097
454 T	0.21066	0.27267	0.51667
455 T	0.21535	0.21655	0.5681
456 A	0.21476	0.16045	0.62479
457 G	0.21821	0.10883	0.67296
458 T	0.22530	0.07693	0.69777
459 T	0.22829	0.06014	0.71157
460 G	0.22989	0.04998	0.72013
461 C	0.23596	0.03955	0.72449
462 T	0.23916	0.03883	0.72201
463 A	0.23797	0.04068	0.72135
464 A	0.23369	0.04583	0.72047
465 T	0.23287	0.04792	0.71921
466 T	0.23018	0.05457	0.71524
467 C	0.22485	0.06233	0.71281
468 T	0.22232	0.07268	0.70499
469 A	0.21379	0.09664	0.68957
470 A	0.20962	0.10765	0.68273
471 A	0.20863	0.11386	0.67751
472 G	0.20876	0.11885	0.67239
473 G	0.20897	0.12500	0.66603
474 T	0.21049	0.13232	0.6572
475 A	0.21135	0.14520	0.64346
476 T	0.21295	0.14905	0.63799
477 T	0.21387	0.14800	0.63813
478 T	0.21413	0.14800	0.63787
479 A	0.21290	0.14754	0.63955
480 T	0.20767	0.15128	0.64104
481 C	0.19750	0.16172	0.64078
482 A	0.18970	0.17246	0.63784
483 A	0.18069	0.18352	0.63579
484 A	0.17350	0.19134	0.63516
485 A	0.17303	0.19216	0.63481
486 A	0.17314	0.19011	0.63676
487 G	0.17465	0.18173	0.64362
488 A	0.17760	0.17587	0.64654
489 T	0.18431	0.16321	0.65248
490 C	0.18839	0.15302	0.65859
491 A	0.19526	0.14436	0.66038
492 T	0.20912	0.12556	0.66532
493 C	0.21399	0.11802	0.66799
494 G	0.21841	0.11309	0.66851
495 A	0.22402	0.10729	0.66869
496 C	0.23231	0.09839	0.6693
497 C	0.24218	0.08850	0.66931
498 T	0.25567	0.07542	0.66891
499 T	0.26139	0.07009	0.66852
500 A	0.26228	0.06943	0.66829
501 T	0.26403	0.06802	0.66795
502 A	0.26540	0.06514	0.66946
503 T	0.26718	0.05509	0.67774
504 T	0.26791	0.04309	0.68901
505 A	0.26997	0.03344	0.69659
506 T	0.27237	0.02246	0.70517
507 G	0.27301	0.01498	0.71201
508 T	0.27395	0.01134	0.71471
509 G	0.27350	0.01073	0.71576
510 T	0.27254	0.01117	0.71628
511 T	0.27059	0.01323	0.71618
512 C	0.26735	0.01678	0.71587
513 T	0.26400	0.02236	0.71364
514 A	0.25765	0.02912	0.71323
515 T	0.25528	0.03163	0.7131
516 G	0.24878	0.03832	0.7129
517 A	0.24364	0.04359	0.71278
518 C	0.23978	0.04718	0.71303
519 A	0.23686	0.05059	0.71256
520 G	0.22811	0.05963	0.71227
521 C	0.22548	0.06240	0.71211
522 T	0.22257	0.06621	0.71123
523 G	0.21798	0.07091	0.71111
524 T	0.21695	0.07192	0.71113
525 T	0.21414	0.07475	0.71112
526 G	0.20873	0.08056	0.7107
527 C	0.20234	0.08654	0.71112
528 T	0.19692	0.09497	0.70811
529 A	0.18059	0.11928	0.70014
530 A	0.17063	0.13709	0.69228
531 A	0.16290	0.14736	0.68974
532 G	0.15872	0.15280	0.68849
533 A	0.15789	0.15233	0.68979
534 T	0.15734	0.15022	0.69244
535 A	0.15561	0.14895	0.69543
536 A	0.15646	0.14421	0.69934
537 C	0.15601	0.13833	0.70566
538 A	0.15196	0.14156	0.70649
539 A	0.15016	0.14007	0.70977
540 A	0.14971	0.13772	0.71256
541 A	0.14946	0.13580	0.71474
542 A	0.14998	0.13365	0.71636
543 T	0.15051	0.12236	0.72713
544 A	0.15062	0.11858	0.7308
545 T	0.15118	0.11335	0.73546
546 G	0.15076	0.11217	0.73707
547 G	0.14979	0.11594	0.73427
548 A	0.14638	0.12188	0.73174
549 A	0.14669	0.12058	0.73272
550 G	0.14753	0.11742	0.73506
551 A	0.15105	0.10889	0.74007
552 A	0.15887	0.08638	0.75475
553 T	0.16684	0.06859	0.76457
554 T	0.16883	0.05961	0.77156
555 C	0.16885	0.05650	0.77465
556 A	0.16823	0.05788	0.77388
557 A	0.16762	0.05903	0.77335
558 T	0.16600	0.05943	0.77457
559 G	0.16255	0.06264	0.77481
560 A	0.16146	0.06315	0.77538
561 A	0.16155	0.05851	0.77995
562 C	0.16184	0.05571	0.78245
563 A	0.16125	0.05567	0.78308
564 C	0.16142	0.05492	0.78366
565 C	0.16144	0.05481	0.78375
566 G	0.16175	0.05505	0.7832
567 A	0.16273	0.05425	0.78302
568 G	0.16444	0.05235	0.78321
569 G	0.16914	0.04730	0.78356
570 T	0.17534	0.03992	0.78474
571 C	0.17923	0.03181	0.78897
572 G	0.18238	0.02785	0.78978
573 T	0.18675	0.02310	0.79015
574 T	0.18745	0.02218	0.79037
575 C	0.18751	0.02199	0.7905
576 T	0.18777	0.02185	0.79038
577 A	0.18752	0.02185	0.79063
578 T	0.18773	0.02064	0.79163
579 G	0.18807	0.01941	0.79251
580 G	0.18881	0.01812	0.79307
581 G	0.18840	0.01640	0.7952
582 T	0.18852	0.01342	0.79806
583 T	0.18701	0.01474	0.79826
584 T	0.18255	0.01921	0.79824
585 A	0.17704	0.02524	0.79772
586 G	0.17538	0.02636	0.79827
587 A	0.17440	0.02714	0.79845
588 A	0.17409	0.02696	0.79896
589 A	0.17426	0.02685	0.79888
590 T	0.17429	0.02706	0.79864
591 T	0.17396	0.02824	0.79781
592 T	0.17256	0.03076	0.79667
593 T	0.17140	0.03275	0.79586
594 T	0.16852	0.03568	0.79581
595 G	0.16516	0.03918	0.79566
596 A	0.16348	0.04105	0.79547
597 T	0.16254	0.04186	0.7956
598 C	0.16189	0.04233	0.79579
599 T	0.16147	0.04281	0.79571
600 T	0.16061	0.04382	0.79558
601 A	0.15940	0.04538	0.79522
602 T	0.15901	0.04569	0.7953
603 A	0.15699	0.04790	0.79511
604 G	0.15598	0.04807	0.79595
605 A	0.15566	0.04790	0.79644
606 T	0.15576	0.04613	0.79811
607 T	0.15492	0.04294	0.80214
608 T	0.15177	0.04241	0.80581
609 A	0.14428	0.05047	0.80525
610 G	0.14216	0.05293	0.80492
611 A	0.14143	0.05448	0.80409
612 A	0.14056	0.05561	0.80383
613 G	0.14056	0.05569	0.80375
614 A	0.14072	0.05664	0.80264
615 T	0.13760	0.06015	0.80224
616 A	0.12533	0.07240	0.80228
617 T	0.11781	0.07783	0.80437
618 A	0.10542	0.08868	0.80591
619 G	0.10154	0.09147	0.80699
620 C	0.09880	0.09612	0.80508
621 T	0.09473	0.11403	0.79125
622 A	0.08734	0.13342	0.77924
623 A	0.08262	0.14237	0.77501
624 A	0.06251	0.16623	0.77126
625 A	0.05212	0.17665	0.77123
626 A	0.04747	0.17931	0.77323
627 A	0.04450	0.18049	0.77501
628 A	0.04388	0.17899	0.77713
629 C	0.04370	0.17553	0.78076
630 A	0.04357	0.17429	0.78214
631 G	0.04386	0.17102	0.78512
632 C	0.04474	0.16623	0.78904
633 T	0.04515	0.16539	0.78946
634 A	0.04506	0.16563	0.78931
635 A	0.04534	0.16479	0.78987
636 A	0.04581	0.16403	0.79015
637 A	0.04710	0.16155	0.79135
638 A	0.04883	0.15362	0.79755
639 A	0.05002	0.13772	0.81226
640 G	0.05165	0.12478	0.82356
641 C	0.05482	0.10802	0.83715
642 A	0.05785	0.10277	0.83938
643 A	0.06316	0.09672	0.84013
644 T	0.07876	0.07850	0.84274
645 T	0.08858	0.06523	0.8462
646 A	0.09095	0.06029	0.84877
647 T	0.09366	0.03633	0.87001
648 G	0.09315	0.02803	0.87882
649 T	0.09281	0.02664	0.88055
650 T	0.09052	0.03368	0.8758
651 A	0.08872	0.04752	0.86376
652 T	0.08819	0.04903	0.86277
653 T	0.08690	0.05121	0.8619
654 A	0.08531	0.05390	0.86079
655 A	0.08422	0.05464	0.86114
656 C	0.08290	0.05528	0.86182
657 G	0.07897	0.05914	0.8619
658 G	0.07875	0.05965	0.8616
659 C	0.07753	0.06110	0.86138
660 C	0.07558	0.06424	0.86019
661 G	0.07427	0.06679	0.85895
662 A	0.07334	0.06883	0.85783
663 A	0.06923	0.07381	0.85697
664 A	0.06861	0.07519	0.8562
665 C	0.06997	0.07399	0.85604
666 A	0.07181	0.07295	0.85524
667 A	0.07339	0.07161	0.855
668 T	0.07608	0.06895	0.85498
669 T	0.07663	0.06828	0.85509
670 A	0.07602	0.06876	0.85522
671 A	0.07703	0.06652	0.85645
672 A	0.07894	0.06326	0.85779
673 C	0.08453	0.05396	0.86152
674 C	0.09531	0.04155	0.86315
675 T	0.09677	0.03974	0.86349
676 C	0.09647	0.03960	0.86393
677 A	0.09619	0.03973	0.86408
678 A	0.09495	0.04080	0.86426
679 A	0.09447	0.04026	0.86527
680 C	0.09462	0.03555	0.86983
681 T	0.09554	0.03401	0.87045
682 A	0.09565	0.03180	0.87255
683 T	0.09680	0.02842	0.87478
684 G	0.09736	0.02643	0.87622
685 A	0.09825	0.02464	0.87711
686 C	0.09930	0.01851	0.88219
687 T	0.10036	0.01644	0.8832
688 T	0.10065	0.01579	0.88356
689 T	0.10117	0.01531	0.88353
690 A	0.10086	0.01593	0.88321
691 G	0.10079	0.01625	0.88296
692 T	0.10070	0.01592	0.88338
693 T	0.10038	0.01580	0.88381
694 A	0.09990	0.01684	0.88326
695 T	0.09962	0.01666	0.88372
696 T	0.09897	0.01728	0.88375
697 A	0.09780	0.01827	0.88394
698 A	0.09736	0.01817	0.88447
699 G	0.09715	0.01695	0.88589
700 A	0.09705	0.01589	0.88706
701 G	0.09703	0.01437	0.8886
702 T	0.09704	0.01356	0.8894
703 G	0.09703	0.01291	0.89006
704 G	0.09703	0.01254	0.89042
705 T	0.09704	0.01214	0.89082
706 T	0.09702	0.01197	0.89102
707 C	0.09682	0.01192	0.89125
708 A	0.09667	0.01221	0.89112
709 G	0.09663	0.01233	0.89104
710 G	0.09661	0.01243	0.89096
711 A	0.09665	0.01243	0.89092
712 G	0.09696	0.01212	0.89091
713 G	0.09758	0.01107	0.89135
714 A	0.09826	0.01025	0.89149
715 G	0.09932	0.00905	0.89164
716 T	0.10073	0.00732	0.89195
717 T	0.10208	0.00558	0.89234
718 A	0.10242	0.00518	0.89239
719 T	0.10286	0.00413	0.89301
720 T	0.10309	0.00297	0.89394
721 T	0.10314	0.00254	0.89432
722 T	0.10315	0.00237	0.89448
723 C	0.10316	0.00228	0.89457
724 C	0.10313	0.00230	0.89457
725 A	0.10308	0.00236	0.89456
726 T	0.10293	0.00252	0.89456
727 G	0.10256	0.00289	0.89455
728 A	0.10234	0.00311	0.89454
729 A	0.10229	0.00315	0.89455
730 G	0.10235	0.00286	0.89479
731 C	0.10257	0.00248	0.89496
732 T	0.10276	0.00230	0.89495
733 T	0.10288	0.00223	0.89489
734 G	0.10292	0.00226	0.89481
735 T	0.10299	0.00221	0.89481
736 G	0.10303	0.00219	0.89478
737 G	0.10313	0.00209	0.89479
738 T	0.10326	0.00195	0.8948
739 C	0.10329	0.00192	0.8948
740 A	0.10333	0.00187	0.8948
741 C	0.10349	0.00171	0.89481
742 T	0.10350	0.00170	0.8948
743 C	0.10348	0.00173	0.89479
744 T	0.10346	0.00178	0.89476
745 T	0.10340	0.00190	0.8947
746 T	0.10327	0.00210	0.89463
747 A	0.10226	0.00321	0.89453
748 G	0.10150	0.00395	0.89455
749 A	0.10068	0.00467	0.89465
750 A	0.09995	0.00509	0.89497
751 G	0.09964	0.00515	0.8952
752 C	0.09944	0.00526	0.89529
753 G	0.09926	0.00546	0.89528
754 A	0.09923	0.00548	0.89529
755 C	0.09926	0.00544	0.8953
756 T	0.09933	0.00537	0.8953
757 G	0.09938	0.00533	0.89529
758 C	0.09940	0.00530	0.8953
759 T	0.09941	0.00530	0.89529
760 A	0.09941	0.00530	0.89529
761 T	0.09940	0.00528	0.89532
762 T	0.09938	0.00527	0.89536
763 G	0.09931	0.00532	0.89537
764 C	0.09926	0.00529	0.89546
765 T	0.09922	0.00529	0.89548
766 A	0.09880	0.00571	0.8955
767 G	0.09861	0.00583	0.89556
768 A	0.09847	0.00590	0.89562
769 G	0.09840	0.00587	0.89574
770 G	0.09842	0.00487	0.8967
771 A	0.09842	0.00422	0.89736
772 T	0.09850	0.00328	0.89821
773 T	0.09853	0.00255	0.89891
774 A	0.09842	0.00239	0.89919
775 T	0.09834	0.00226	0.8994
776 C	0.09824	0.00217	0.89959
777 T	0.09817	0.00220	0.89963
778 C	0.09797	0.00238	0.89964
779 C	0.09779	0.00257	0.89964
780 T	0.09758	0.00281	0.89961
781 T	0.09667	0.00379	0.89954
782 T	0.09455	0.00598	0.89947
783 C	0.09002	0.01061	0.89936
784 T	0.08684	0.01426	0.8989
785 G	0.07972	0.02178	0.89849
786 T	0.07604	0.02612	0.89784
787 G	0.07194	0.03120	0.89687
788 A	0.06975	0.03387	0.89638
789 T	0.06846	0.03523	0.89631
790 A	0.06733	0.03683	0.89583
791 A	0.06673	0.03770	0.89557
792 A	0.06610	0.03864	0.89525
793 A	0.06565	0.03966	0.89469
794 T	0.06548	0.04011	0.8944
795 A	0.06443	0.04191	0.89365
796 A	0.06358	0.04306	0.89336
797 A	0.06311	0.04356	0.89333
798 T	0.06267	0.04403	0.8933
799 A	0.06184	0.04487	0.89328
800 A	0.06112	0.04558	0.8933
801 A	0.06049	0.04607	0.89344
802 A	0.06036	0.04598	0.89366
803 A	0.06030	0.04556	0.89414
804 A	0.06037	0.04428	0.89535
805 A	0.06054	0.04106	0.8984
806 T	0.06084	0.03570	0.90346
807 A	0.06127	0.03157	0.90716
808 G	0.06172	0.02354	0.91474
809 C	0.06252	0.01861	0.91887
810 T	0.06366	0.01493	0.92141
811 T	0.06391	0.01358	0.9225
812 C	0.06403	0.01292	0.92305
813 A	0.06424	0.01300	0.92276
814 G	0.06444	0.01314	0.92242
815 A	0.06482	0.01259	0.92259
816 T	0.06555	0.01156	0.92289
817 G	0.06585	0.01196	0.9222
818 T	0.06662	0.01063	0.92274
819 T	0.06684	0.01067	0.9225
820 G	0.06686	0.01049	0.92265
821 T	0.06694	0.01018	0.92288
822 A	0.06695	0.00996	0.92308
823 A	0.06701	0.00927	0.92373
824 C	0.06715	0.00851	0.92435
825 T	0.06730	0.00825	0.92445
826 G	0.06733	0.00816	0.92451
827 C	0.06742	0.00806	0.92451
828 T	0.06742	0.00821	0.92438
829 T	0.06727	0.00860	0.92413
830 A	0.06653	0.00949	0.92398
831 T	0.06614	0.00992	0.92394
832 G	0.06582	0.01034	0.92383
833 A	0.06569	0.01050	0.92382
834 T	0.06571	0.01030	0.924
835 G	0.06571	0.01019	0.9241
836 A	0.06629	0.00970	0.924
837 T	0.06700	0.00917	0.92383
838 G	0.06700	0.00927	0.92373
839 G	0.06710	0.00934	0.92356
840 T	0.06787	0.00878	0.92335
841 A	0.06805	0.00900	0.92295
842 C	0.06886	0.00856	0.92257
843 T	0.06868	0.00899	0.92233
844 A	0.06799	0.00989	0.92212
845 T	0.06757	0.01048	0.92195
846 T	0.06524	0.01316	0.9216
847 C	0.05949	0.01937	0.92114
848 A	0.05411	0.02557	0.92032
849 A	0.05210	0.02811	0.9198
850 A	0.05110	0.02911	0.9198
851 A	0.05090	0.02925	0.91985
852 T	0.05105	0.02892	0.92003
853 T	0.05074	0.02834	0.92091
854 C	0.05007	0.02855	0.92139
855 T	0.04970	0.02870	0.9216
856 T	0.04902	0.02933	0.92165
857 G	0.04842	0.02991	0.92167
858 G	0.04816	0.03013	0.92171
859 G	0.04820	0.03021	0.92159
860 G	0.04843	0.03005	0.92151
861 A	0.04865	0.03001	0.92135
862 A	0.04894	0.03014	0.92091
863 A	0.04922	0.03009	0.92068
864 A	0.04961	0.02946	0.92093
865 T	0.05012	0.02866	0.92122
866 T	0.05052	0.02718	0.9223
867 A	0.05077	0.02616	0.92307
868 A	0.05112	0.02482	0.92406
869 A	0.05162	0.02213	0.92625
870 T	0.05214	0.01649	0.93138
871 T	0.05267	0.01091	0.93642
872 T	0.05301	0.00913	0.93787
873 T	0.05287	0.00909	0.93804
874 G	0.05250	0.01068	0.93682
875 A	0.05216	0.01127	0.93657
876 T	0.05128	0.01177	0.93694
877 G	0.04866	0.01406	0.93728
878 A	0.04004	0.02508	0.93488
879 C	0.03368	0.03498	0.93134
880 G	0.02410	0.05540	0.92049
881 A	0.01753	0.06793	0.91454
882 A	0.01559	0.07397	0.91044
883 G	0.01488	0.07513	0.90999
884 G	0.01501	0.07554	0.90945
885 A	0.01541	0.07518	0.90941
886 A	0.01576	0.07482	0.90942
887 C	0.01592	0.07463	0.90945
888 T	0.01590	0.07466	0.90944
889 C	0.01546	0.07509	0.90944
890 C	0.01501	0.07554	0.90944
891 A	0.01451	0.07605	0.90944
892 A	0.01411	0.07645	0.90944
893 C	0.01378	0.07678	0.90944
894 A	0.01325	0.07731	0.90944
895 C	0.01268	0.07785	0.90947
896 A	0.01229	0.07818	0.90953
897 A	0.01293	0.07741	0.90966
898 A	0.01314	0.07708	0.90978
899 A	0.01365	0.07567	0.91068
900 A	0.01474	0.07226	0.913
901 A	0.01893	0.05819	0.92288
902 A	0.02456	0.04562	0.92982
903 T	0.03578	0.02450	0.93971
904 C	0.04015	0.01372	0.94613
905 T	0.04290	0.00963	0.94747
906 T	0.04307	0.00938	0.94755
907 T	0.04304	0.01018	0.94678
908 T	0.04239	0.01206	0.94554
909 A	0.03925	0.01753	0.94322
910 A	0.03737	0.02465	0.93798
911 T	0.03628	0.02753	0.93619
912 T	0.03459	0.03148	0.93394
913 G	0.02813	0.04110	0.93078
914 A	0.02402	0.04656	0.92942
915 A	0.02051	0.05103	0.92846
916 A	0.01927	0.05239	0.92833
917 A	0.01862	0.05294	0.92844
918 T	0.01836	0.05262	0.92903
919 G	0.01799	0.05229	0.92972
920 G	0.01757	0.05270	0.92973
921 G	0.01734	0.05353	0.92913
922 A	0.01716	0.05521	0.92764
923 T	0.01702	0.05581	0.92718
924 A	0.01684	0.05633	0.92684
925 T	0.01677	0.05663	0.92659
926 T	0.01668	0.05692	0.92641
927 A	0.01660	0.05714	0.92625
928 A	0.01670	0.05709	0.92621
929 G	0.01725	0.05620	0.92656
930 A	0.01830	0.05481	0.92689
931 A	0.01998	0.05240	0.92763
932 A	0.02364	0.04576	0.9306
933 T	0.03090	0.03567	0.93343
934 T	0.03358	0.03139	0.93502
935 A	0.03555	0.02761	0.93684
936 T	0.03846	0.01925	0.94228
937 T	0.03958	0.01481	0.9456
938 T	0.04003	0.01171	0.94826
939 A	0.03970	0.01142	0.94888
940 A	0.03906	0.01176	0.94918
941 T	0.03860	0.01223	0.94918
942 A	0.03667	0.01448	0.94884
943 G	0.03583	0.01511	0.94906
944 A	0.03596	0.01509	0.94895
945 T	0.03699	0.01394	0.94907
946 T	0.03649	0.01448	0.94903
947 A	0.03495	0.01613	0.94892
948 T	0.03384	0.01736	0.9488
949 C	0.03189	0.01937	0.94874
950 G	0.03075	0.02164	0.9476
951 T	0.02926	0.02452	0.94622
952 A	0.02445	0.03113	0.94443
953 A	0.02082	0.03497	0.94421
954 T	0.01991	0.03614	0.94394
955 A	0.01844	0.03782	0.94374
956 G	0.01754	0.03874	0.94372
957 C	0.01712	0.03921	0.94368
958 T	0.01712	0.03949	0.94339
959 T	0.01694	0.03986	0.94319
960 A	0.01652	0.04072	0.94276
961 A	0.01645	0.04114	0.94241
962 A	0.01656	0.04089	0.94255
963 A	0.01656	0.03966	0.94378
964 A	0.01685	0.03827	0.94488
965 T	0.01748	0.03545	0.94706
966 G	0.01762	0.03408	0.9483
967 A	0.01787	0.03312	0.94901
968 A	0.01802	0.03234	0.94965
969 A	0.01826	0.03091	0.95083
970 A	0.01871	0.02839	0.9529
971 T	0.01930	0.02606	0.95463
972 G	0.01940	0.02395	0.95665
973 A	0.02020	0.02248	0.95733
974 A	0.02119	0.02059	0.95822
975 A	0.02266	0.01533	0.96201
976 G	0.02297	0.01143	0.9656
977 T	0.02348	0.00998	0.96654
978 T	0.02376	0.00853	0.96771
979 A	0.02381	0.00814	0.96805
980 C	0.02394	0.00758	0.96847
981 T	0.02422	0.00747	0.96831
982 G	0.02431	0.00728	0.96841
983 G	0.02462	0.00676	0.96862
984 T	0.02496	0.00646	0.96858
985 T	0.02482	0.00659	0.96859
986 C	0.02426	0.00699	0.96875
987 A	0.02388	0.00746	0.96866
988 T	0.02369	0.00778	0.96854
989 C	0.02322	0.00845	0.96833
990 T	0.02295	0.00911	0.96794
991 A	0.02266	0.00974	0.96759
992 G	0.02255	0.01016	0.96729
993 A	0.02251	0.01022	0.96727
994 A	0.02257	0.01018	0.96725
995 G	0.02278	0.00973	0.96749
996 A	0.02339	0.00900	0.96761
997 C	0.02421	0.00806	0.96773
998 A	0.02478	0.00746	0.96776
999 A	0.02500	0.00719	0.96781
1000 T	0.02538	0.00677	0.96785
1001 C	0.02563	0.00647	0.96789
1002 T	0.02604	0.00604	0.96792
1003 T	0.02621	0.00582	0.96798
1004 A	0.02636	0.00571	0.96793
1005 T	0.02638	0.00570	0.96791
1006 A	0.02636	0.00579	0.96784
1007 A	0.02637	0.00577	0.96787
1008 A	0.02635	0.00560	0.96805
1009 T	0.02650	0.00476	0.96874
1010 A	0.02657	0.00428	0.96915
1011 T	0.02684	0.00361	0.96955
1012 T	0.02708	0.00289	0.97003
1013 C	0.02725	0.00243	0.97032
1014 G	0.02741	0.00215	0.97044
1015 C	0.02767	0.00184	0.9705
1016 C	0.02771	0.00178	0.97051
1017 T	0.02776	0.00174	0.9705
1018 A	0.02775	0.00175	0.9705
1019 C	0.02778	0.00172	0.97051
1020 T	0.02777	0.00173	0.97051
1021 T	0.02772	0.00177	0.97051
1022 C	0.02765	0.00184	0.97052
1023 T	0.02760	0.00189	0.97051
1024 C	0.02749	0.00200	0.97051
1025 G	0.02739	0.00210	0.9705
1026 A	0.02736	0.00215	0.97049
1027 A	0.02742	0.00209	0.97048
1028 T	0.02753	0.00196	0.9705
1029 G	0.02761	0.00185	0.97054
1030 A	0.02774	0.00160	0.97066
1031 A	0.02789	0.00132	0.97079
1032 T	0.02793	0.00117	0.97091
1033 T	0.02793	0.00103	0.97104
1034 C	0.02790	0.00101	0.97109
1035 T	0.02788	0.00103	0.97108
1036 A	0.02780	0.00113	0.97107
1037 C	0.02776	0.00113	0.97111
1038 T	0.02770	0.00119	0.97111
1039 T	0.02767	0.00124	0.9711
1040 A	0.02762	0.00129	0.9711
1041 C	0.02759	0.00128	0.97113
1042 A	0.02758	0.00129	0.97113
1043 T	0.02757	0.00125	0.97117
1044 T	0.02756	0.00119	0.97125
1045 G	0.02753	0.00114	0.97133
1046 C	0.02746	0.00117	0.97137
1047 T	0.02736	0.00119	0.97145
1048 G	0.02704	0.00149	0.97147
1049 C	0.02673	0.00185	0.97142
1050 G	0.02633	0.00258	0.97108
1051 G	0.02611	0.00310	0.97079
1052 G	0.02561	0.00397	0.97042
1053 G	0.02518	0.00491	0.96991
1054 A	0.02496	0.00550	0.96954
1055 A	0.02487	0.00573	0.96939
1056 A	0.02478	0.00594	0.96929
1057 G	0.02471	0.00599	0.9693
1058 A	0.02470	0.00603	0.96926
1059 T	0.02472	0.00593	0.96935
1060 A	0.02463	0.00597	0.96939
1061 C	0.02456	0.00597	0.96947
1062 T	0.02444	0.00607	0.96948
1063 C	0.02426	0.00624	0.96951
1064 C	0.02404	0.00647	0.96949
1065 A	0.02382	0.00671	0.96947
1066 G	0.02364	0.00691	0.96945
1067 A	0.02348	0.00710	0.96942
1068 A	0.02266	0.00795	0.96939
1069 C	0.02208	0.00851	0.96941
1070 A	0.02182	0.00875	0.96943
1071 A	0.02179	0.00860	0.96961
1072 A	0.02196	0.00823	0.96981
1073 T	0.02242	0.00744	0.97014
1074 T	0.02269	0.00706	0.97025
1075 A	0.02289	0.00644	0.97067
1076 T	0.02322	0.00575	0.97104
1077 T	0.02317	0.00562	0.97122
1078 A	0.02253	0.00623	0.97124
1079 A	0.02222	0.00650	0.97128
1080 A	0.02203	0.00669	0.97128
1081 G	0.02203	0.00662	0.97136
1082 A	0.02203	0.00656	0.97142
1083 T	0.02205	0.00637	0.97159
1084 A	0.02203	0.00628	0.97169
1085 C	0.02202	0.00612	0.97186
1086 T	0.02195	0.00622	0.97182
1087 A	0.02143	0.00693	0.97164
1088 A	0.02117	0.00716	0.97167
1089 A	0.02106	0.00718	0.97177
1090 A	0.02102	0.00711	0.97188
1091 A	0.02105	0.00620	0.97274
1092 T	0.02116	0.00541	0.97343
1093 G	0.02124	0.00496	0.9738
1094 G	0.02135	0.00468	0.97398
1095 T	0.02152	0.00444	0.97404
1096 T	0.02158	0.00435	0.97407
1097 T	0.02162	0.00427	0.97411
1098 A	0.02166	0.00417	0.97417
1099 T	0.02170	0.00400	0.9743
1100 A	0.02171	0.00375	0.97454
1101 T	0.02177	0.00309	0.97514
1102 G	0.02180	0.00274	0.97546
1103 C	0.02187	0.00250	0.97564
1104 C	0.02188	0.00250	0.97562
1105 G	0.02189	0.00262	0.97549
1106 A	0.02190	0.00270	0.9754
1107 A	0.02197	0.00268	0.97536
1108 A	0.02203	0.00262	0.97535
1109 G	0.02219	0.00237	0.97544
1110 T	0.02250	0.00151	0.97599
1111 T	0.02258	0.00113	0.97629
1112 T	0.02260	0.00098	0.97642
1113 T	0.02260	0.00092	0.97648
1114 G	0.02260	0.00093	0.97647
1115 G	0.02259	0.00093	0.97648
1116 T	0.02257	0.00093	0.9765
1117 G	0.02256	0.00095	0.97649
1118 G	0.02255	0.00097	0.97648
1119 C	0.02255	0.00104	0.97641
1120 G	0.02255	0.00112	0.97633
1121 G	0.02255	0.00124	0.97621
1122 A	0.02246	0.00157	0.97597
1123 A	0.02243	0.00181	0.97577
1124 C	0.02241	0.00214	0.97545
1125 A	0.02242	0.00256	0.97501
1126 G	0.02246	0.00266	0.97488
1127 T	0.02253	0.00269	0.97479
1128 T	0.02262	0.00261	0.97477
1129 A	0.02258	0.00265	0.97477
1130 T	0.02259	0.00263	0.97478
1131 G	0.02250	0.00272	0.97478
1132 C	0.02242	0.00279	0.97479
1133 C	0.02241	0.00280	0.97479
1134 T	0.02241	0.00281	0.97478
1135 A	0.02238	0.00285	0.97478
1136 C	0.02238	0.00285	0.97478
1137 T	0.02237	0.00287	0.97476
1138 A	0.02224	0.00301	0.97475
1139 C	0.02218	0.00304	0.97478
1140 A	0.02208	0.00315	0.97477
1141 G	0.02200	0.00323	0.97477
1142 G	0.02191	0.00331	0.97477
1143 A	0.02194	0.00329	0.97476
1144 G	0.02208	0.00322	0.9747
1145 A	0.02238	0.00290	0.97473
1146 A	0.02266	0.00262	0.97472
1147 T	0.02306	0.00224	0.9747
1148 T	0.02343	0.00198	0.97459
1149 T	0.02350	0.00198	0.97452
1150 A	0.02352	0.00241	0.97407
1151 A	0.02352	0.00240	0.97408
1152 T	0.02352	0.00231	0.97418
1153 T	0.02351	0.00227	0.97422
1154 T	0.02347	0.00223	0.97431
1155 C	0.02335	0.00226	0.97439
1156 A	0.02328	0.00234	0.97439
1157 T	0.02326	0.00234	0.9744
1158 G	0.02323	0.00235	0.97441
1159 G	0.02321	0.00237	0.97442
1160 T	0.02323	0.00236	0.97441
1161 T	0.02322	0.00232	0.97446
1162 A	0.02308	0.00242	0.97449
1163 A	0.02307	0.00235	0.97458
1164 A	0.02308	0.00225	0.97467
1165 T	0.02311	0.00207	0.97481
1166 C	0.02312	0.00205	0.97483
1167 T	0.02321	0.00209	0.9747
1168 G	0.02311	0.00242	0.97447
1169 G	0.02298	0.00289	0.97412
1170 A	0.02291	0.00322	0.97386
1171 T	0.02300	0.00326	0.97374
1172 A	0.02294	0.00352	0.97353
1173 T	0.02325	0.00343	0.97332
1174 T	0.02317	0.00380	0.97303
1175 T	0.02299	0.00400	0.973
1176 A	0.02251	0.00455	0.97294
1177 A	0.02207	0.00504	0.97289
1178 T	0.02180	0.00531	0.97289
1179 C	0.01817	0.00894	0.97289
1180 G	0.01528	0.01196	0.97275
1181 A	0.01349	0.01377	0.97274
1182 A	0.01262	0.01464	0.97274
1183 G	0.01199	0.01526	0.97275
1184 A	0.01163	0.01562	0.97275
1185 C	0.01142	0.01568	0.9729
1186 G	0.01118	0.01591	0.97291
1187 G	0.01100	0.01613	0.97287
1188 A	0.01094	0.01628	0.97277
1189 A	0.01097	0.01638	0.97265
1190 A	0.01110	0.01638	0.97253
1191 A	0.01130	0.01615	0.97254
1192 T	0.01169	0.01557	0.97274
1193 T	0.01188	0.01524	0.97289
1194 A	0.01186	0.01521	0.97293
1195 A	0.01196	0.01496	0.97309
1196 C	0.01212	0.01454	0.97334
1197 T	0.01235	0.01419	0.97346
1198 A	0.01233	0.01406	0.97362
1199 A	0.01238	0.01359	0.97403
1200 G	0.01247	0.01303	0.9745
1201 T	0.01258	0.01256	0.97485
1202 T	0.01262	0.00842	0.97896
1203 T	0.01264	0.00572	0.98164
1204 G	0.01255	0.00414	0.98331
1205 T	0.01249	0.00373	0.98378
1206 T	0.01233	0.00372	0.98394
1207 A	0.01182	0.00442	0.98376
1208 A	0.01131	0.00503	0.98365
1209 A	0.01099	0.00538	0.98364
1210 G	0.01090	0.00552	0.98358
1211 G	0.01088	0.00616	0.98296
1212 A	0.01097	0.00709	0.98193
1213 A	0.01110	0.00777	0.98113
1214 T	0.01126	0.00845	0.98028
1215 G	0.01126	0.00972	0.97902
1216 A	0.01127	0.01357	0.97516
1217 T	0.01127	0.01514	0.9736
1218 A	0.01122	0.01707	0.97171
1219 T	0.01121	0.01775	0.97104
1220 T	0.01118	0.01823	0.97059
1221 A	0.01112	0.01899	0.96989
1222 A	0.01106	0.01932	0.96962
1223 T	0.01103	0.01947	0.9695
1224 A	0.01096	0.01965	0.96939
1225 G	0.01094	0.01968	0.96938
1226 G	0.01088	0.01977	0.96934
1227 A	0.01085	0.01990	0.96926
1228 A	0.01088	0.01997	0.96914
1229 A	0.01105	0.01982	0.96913
1230 A	0.01139	0.01909	0.96952
1231 G	0.01159	0.01841	0.97
1232 G	0.01184	0.01785	0.97031
1233 G	0.01214	0.01747	0.97038
1234 C	0.01283	0.01679	0.97038
1235 A	0.01381	0.01596	0.97022
1236 A	0.01482	0.01506	0.97012
1237 A	0.01603	0.01396	0.97002
1238 A	0.01781	0.01219	0.96999
1239 T	0.02181	0.00818	0.97001
1240 G	0.02335	0.00655	0.9701
1241 T	0.02527	0.00455	0.97018
1242 T	0.02587	0.00391	0.97023
1243 C	0.02614	0.00359	0.97027
1244 T	0.02657	0.00317	0.97026
1245 A	0.02673	0.00307	0.97019
1246 T	0.02685	0.00302	0.97013
1247 T	0.02689	0.00300	0.97011
1248 A	0.02665	0.00335	0.97
1249 A	0.02654	0.00356	0.96991
1250 A	0.02656	0.00350	0.96994
1251 A	0.02666	0.00333	0.97002
1252 A	0.02681	0.00306	0.97012
1253 T	0.02694	0.00281	0.97025
1254 T	0.02699	0.00267	0.97034
1255 G	0.02698	0.00263	0.97039
1256 A	0.02701	0.00256	0.97044
1257 T	0.02710	0.00241	0.97049
1258 C	0.02719	0.00228	0.97054
1259 G	0.02726	0.00220	0.97054
1260 T	0.02737	0.00210	0.97054
1261 G	0.02738	0.00209	0.97054
1262 T	0.02739	0.00208	0.97054
1263 T	0.02740	0.00207	0.97054
1264 G	0.02739	0.00206	0.97054
1265 C	0.02741	0.00203	0.97057
1266 T	0.02744	0.00203	0.97053
1267 A	0.02746	0.00213	0.97042
1268 A	0.02750	0.00220	0.9703
1269 T	0.02760	0.00213	0.97026
1270 G	0.02762	0.00217	0.97021
1271 A	0.02773	0.00185	0.97043
1272 T	0.02791	0.00146	0.97063
1273 T	0.02793	0.00136	0.97071
1274 T	0.02791	0.00136	0.97072
1275 A	0.02787	0.00147	0.97066
1276 G	0.02785	0.00159	0.97055
1277 A	0.02785	0.00167	0.97048
1278 T	0.02785	0.00165	0.9705
1279 T	0.02785	0.00167	0.97047
1280 T	0.02785	0.00173	0.97043
1281 A	0.02783	0.00174	0.97043
1282 G	0.02783	0.00172	0.97045
1283 A	0.02783	0.00171	0.97045
1284 T	0.02783	0.00169	0.97047
1285 C	0.02784	0.00168	0.97048
1286 A	0.02785	0.00168	0.97048
1287 A	0.02787	0.00165	0.97049
1288 G	0.02789	0.00162	0.97049
1289 G	0.02794	0.00158	0.97049
1290 A	0.02807	0.00145	0.97048
1291 T	0.02826	0.00122	0.97052
1292 A	0.02833	0.00114	0.97052
1293 T	0.02847	0.00097	0.97056
1294 T	0.02852	0.00088	0.9706
1295 G	0.02854	0.00084	0.97061
1296 T	0.02859	0.00078	0.97063
1297 G	0.02864	0.00070	0.97066
1298 G	0.02873	0.00058	0.97069
1299 T	0.02889	0.00041	0.97071
1300 T	0.02898	0.00031	0.97071
1301 C	0.02900	0.00029	0.97072
1302 T	0.02903	0.00029	0.97069
1303 G	0.02905	0.00027	0.97068
1304 T	0.02906	0.00026	0.97069
1305 T	0.02906	0.00026	0.97068
1306 T	0.02906	0.00027	0.97068
1307 C	0.02904	0.00028	0.97068
1308 T	0.02903	0.00030	0.97067
1309 G	0.02901	0.00036	0.97064
1310 G	0.02901	0.00039	0.9706
1311 A	0.02901	0.00043	0.97056
1312 T	0.02902	0.00048	0.9705
1313 A	0.02903	0.00057	0.97041
1314 T	0.02904	0.00056	0.9704
1315 G	0.02905	0.00056	0.9704
1316 T	0.02905	0.00056	0.9704
1317 A	0.02905	0.00056	0.97039
1318 C	0.02905	0.00056	0.97038
1319 C	0.02906	0.00057	0.97037
1320 T	0.02904	0.00068	0.97027
1321 G	0.02897	0.00083	0.9702
1322 T	0.02894	0.00091	0.97015
1323 A	0.02860	0.00138	0.97002
1324 G	0.02848	0.00163	0.96988
1325 A	0.02843	0.00185	0.96972
1326 T	0.02836	0.00206	0.96957
1327 T	0.02824	0.00230	0.96945
1328 T	0.02808	0.00259	0.96933
1329 A	0.02789	0.00282	0.96929
