# lcl|CP097583.1_cds_USQ93177.1_1
# AA	inside	membr	outside
1 A	0.87029	0.00000	0.12971
2 T	0.86854	0.00174	0.12971
3 G	0.86738	0.00290	0.12971
4 A	0.86738	0.00979	0.12282
5 A	0.85833	0.02182	0.11985
6 T	0.85833	0.02225	0.11943
7 C	0.76792	0.11293	0.11915
8 A	0.76792	0.11294	0.11915
9 A	0.75604	0.12489	0.11908
10 A	0.75602	0.13033	0.11365
11 A	0.75366	0.13307	0.11327
12 C	0.72737	0.15954	0.1131
13 T	0.70255	0.18580	0.11165
14 T	0.70254	0.18581	0.11165
15 A	0.70254	0.22197	0.07549
16 T	0.70167	0.22284	0.07549
17 T	0.69876	0.22605	0.07519
18 T	0.69855	0.22740	0.07405
19 T	0.68390	0.24336	0.07274
20 T	0.58218	0.36584	0.05198
21 A	0.12276	0.82540	0.05184
22 A	0.11172	0.84151	0.04677
23 A	0.10335	0.85741	0.03924
24 A	0.09633	0.87227	0.03139
25 A	0.09319	0.87442	0.03239
26 A	0.09122	0.87473	0.03405
27 T	0.09450	0.86476	0.04074
28 A	0.08749	0.86872	0.04379
29 A	0.07967	0.87800	0.04234
30 A	0.07569	0.82099	0.10332
31 A	0.07360	0.82290	0.1035
32 A	0.07286	0.81195	0.11519
33 A	0.07597	0.80890	0.11512
34 A	0.07620	0.80615	0.11765
35 T	0.07969	0.77734	0.14297
36 A	0.08085	0.75529	0.16386
37 G	0.08183	0.74993	0.16824
38 G	0.11080	0.71590	0.1733
39 T	0.11283	0.71090	0.17628
40 G	0.11408	0.68766	0.19826
41 A	0.11512	0.65870	0.22619
42 T	0.11684	0.63120	0.25196
43 A	0.13005	0.54250	0.32744
44 C	0.12779	0.20163	0.67058
45 A	0.13187	0.21143	0.6567
46 A	0.13962	0.21793	0.64244
47 T	0.14888	0.22849	0.62262
48 T	0.15286	0.28143	0.56571
49 G	0.15280	0.33391	0.51329
50 A	0.15358	0.35062	0.4958
51 A	0.15649	0.34809	0.49542
52 T	0.16161	0.34341	0.49498
53 T	0.16526	0.33669	0.49805
54 T	0.16546	0.33392	0.50062
55 A	0.15919	0.34166	0.49916
56 T	0.15905	0.34079	0.50015
57 C	0.15013	0.35279	0.49708
58 G	0.13265	0.43899	0.42836
59 G	0.12438	0.45746	0.41816
60 A	0.12007	0.48888	0.39104
61 A	0.12019	0.52871	0.3511
62 A	0.13168	0.57095	0.29737
63 A	0.13339	0.70534	0.16127
64 A	0.13976	0.70347	0.15678
65 T	0.15069	0.70049	0.14883
66 A	0.15667	0.70532	0.13801
67 A	0.17546	0.69331	0.13124
68 C	0.20389	0.66836	0.12775
69 T	0.23623	0.64440	0.11937
70 A	0.26042	0.62917	0.1104
71 G	0.31444	0.57866	0.1069
72 T	0.36742	0.52791	0.10467
73 A	0.38186	0.51535	0.10279
74 T	0.39262	0.50413	0.10324
75 T	0.39801	0.49884	0.10315
76 A	0.39393	0.50505	0.10102
77 A	0.38854	0.50907	0.10239
78 T	0.38690	0.50527	0.10783
79 A	0.37711	0.51594	0.10695
80 A	0.37157	0.51488	0.11355
81 A	0.40702	0.46604	0.12693
82 G	0.41016	0.45558	0.13426
83 G	0.43092	0.43106	0.13803
84 G	0.47057	0.39010	0.13933
85 G	0.52446	0.33530	0.14024
86 A	0.64838	0.21029	0.14134
87 A	0.66402	0.19392	0.14206
88 C	0.68674	0.17017	0.1431
89 A	0.70612	0.15046	0.14342
90 T	0.73276	0.12326	0.14399
91 T	0.74272	0.11251	0.14478
92 T	0.75027	0.10488	0.14485
93 T	0.75401	0.10110	0.14489
94 T	0.75346	0.10036	0.14618
95 T	0.74918	0.10441	0.14641
96 T	0.73714	0.11603	0.14683
97 A	0.71282	0.14300	0.14418
98 A	0.69803	0.15702	0.14495
99 T	0.69674	0.15475	0.1485
100 A	0.68319	0.17033	0.14648
101 T	0.67876	0.16930	0.15195
102 T	0.67530	0.16346	0.16124
103 G	0.66927	0.16224	0.16849
104 A	0.66732	0.16025	0.17243
105 T	0.66798	0.15250	0.17953
106 C	0.66799	0.14871	0.18329
107 T	0.66869	0.14765	0.18366
108 T	0.66911	0.14767	0.18323
109 T	0.66893	0.14846	0.1826
110 T	0.66816	0.14978	0.18206
111 A	0.66675	0.15303	0.18022
112 T	0.66612	0.15510	0.17878
113 T	0.66478	0.15863	0.17659
114 A	0.65844	0.17141	0.17015
115 A	0.65456	0.17752	0.16792
116 T	0.65411	0.17682	0.16907
117 A	0.65175	0.17828	0.16997
118 G	0.65021	0.17552	0.17427
119 A	0.65074	0.16793	0.18133
120 A	0.65410	0.14928	0.19661
121 G	0.65516	0.13654	0.2083
122 A	0.65915	0.13711	0.20374
123 T	0.66875	0.12390	0.20735
124 T	0.67038	0.13491	0.1947
125 T	0.67016	0.14155	0.18829
126 T	0.66889	0.14858	0.18254
127 G	0.66753	0.15907	0.17339
128 T	0.66717	0.17296	0.15987
129 T	0.66507	0.18823	0.1467
130 G	0.66372	0.20330	0.13298
131 T	0.66414	0.21852	0.11735
132 T	0.66359	0.23387	0.10254
133 A	0.66307	0.24390	0.09302
134 A	0.66410	0.24278	0.09312
135 T	0.66616	0.24010	0.09374
136 A	0.66812	0.23680	0.09508
137 T	0.67520	0.22343	0.10138
138 C	0.67884	0.21609	0.10507
139 A	0.68113	0.21493	0.10395
140 A	0.68391	0.21250	0.1036
141 A	0.68684	0.20865	0.10451
142 A	0.69110	0.20342	0.10548
143 T	0.69767	0.19678	0.10555
144 A	0.70275	0.19148	0.10578
145 G	0.71749	0.17757	0.10493
146 A	0.73710	0.16142	0.10148
147 T	0.76851	0.13290	0.09859
148 T	0.78085	0.12132	0.09783
149 T	0.78657	0.11738	0.09605
150 A	0.78933	0.11894	0.09173
151 T	0.80088	0.11283	0.08628
152 C	0.79938	0.12213	0.07849
153 A	0.80140	0.12809	0.07051
154 T	0.80855	0.12311	0.06834
155 T	0.79571	0.14355	0.06073
156 T	0.70446	0.25075	0.04479
157 C	0.52390	0.43319	0.0429
158 C	0.38778	0.57316	0.03906
159 A	0.29569	0.66714	0.03718
160 A	0.25006	0.71298	0.03696
161 C	0.22607	0.73695	0.03698
162 A	0.20975	0.75329	0.03696
163 C	0.19870	0.76430	0.03699
164 C	0.19079	0.77216	0.03704
165 C	0.18626	0.77675	0.03699
166 G	0.18275	0.78040	0.03685
167 A	0.18130	0.78195	0.03675
168 A	0.18038	0.78295	0.03667
169 A	0.18114	0.78226	0.03661
170 A	0.18464	0.77855	0.0368
171 A	0.18726	0.77419	0.03855
172 G	0.19121	0.76613	0.04266
173 A	0.19625	0.75711	0.04665
174 A	0.20234	0.74701	0.05065
175 A	0.21150	0.72483	0.06366
176 A	0.21999	0.70155	0.07846
177 A	0.22469	0.67560	0.09971
178 A	0.23752	0.62186	0.14061
179 T	0.25782	0.48332	0.25887
180 T	0.26086	0.30619	0.43295
181 T	0.26338	0.18604	0.55058
182 A	0.26412	0.11850	0.61737
183 T	0.26443	0.08510	0.65047
184 T	0.26440	0.07126	0.66434
185 T	0.26409	0.06730	0.66862
186 T	0.26299	0.07132	0.66568
187 T	0.25966	0.09510	0.64524
188 T	0.25001	0.17418	0.57581
189 T	0.22387	0.34316	0.43297
190 A	0.16545	0.44386	0.39069
191 A	0.13189	0.49348	0.37464
192 A	0.11619	0.53386	0.34994
193 A	0.09934	0.58644	0.31423
194 C	0.08588	0.63261	0.28151
195 A	0.07465	0.72728	0.19808
196 A	0.06677	0.80280	0.13043
197 A	0.06114	0.82123	0.11762
198 A	0.05247	0.84337	0.10416
199 T	0.04635	0.86225	0.0914
200 A	0.03712	0.88382	0.07906
201 C	0.02986	0.89994	0.07019
202 A	0.02311	0.91971	0.05718
203 A	0.01807	0.92905	0.05288
204 A	0.01626	0.93316	0.05059
205 G	0.01794	0.93273	0.04934
206 A	0.02088	0.93135	0.04776
207 A	0.02787	0.92436	0.04778
208 A	0.03961	0.91145	0.04893
209 A	0.05608	0.89231	0.05162
210 A	0.07881	0.86426	0.05693
211 A	0.12999	0.80172	0.06828
212 A	0.22429	0.68316	0.09255
213 T	0.26068	0.59722	0.1421
214 G	0.26495	0.56758	0.16747
215 A	0.28209	0.54315	0.17475
216 A	0.30920	0.50965	0.18115
217 A	0.33114	0.48597	0.18289
218 A	0.38763	0.42514	0.18723
219 A	0.45069	0.35602	0.19328
220 A	0.47413	0.32626	0.19961
221 A	0.50627	0.27940	0.21433
222 T	0.53745	0.23473	0.22783
223 A	0.56067	0.19933	0.24
224 T	0.58382	0.16557	0.25062
225 T	0.59442	0.14731	0.25826
226 T	0.59585	0.14056	0.2636
227 T	0.59518	0.14065	0.26416
228 A	0.59263	0.14403	0.26334
229 T	0.59173	0.14371	0.26456
230 T	0.58986	0.14519	0.26495
231 A	0.58532	0.15163	0.26306
232 T	0.57899	0.15889	0.26212
233 G	0.56869	0.17273	0.25858
234 T	0.56155	0.18950	0.24895
235 G	0.49365	0.28871	0.21764
236 A	0.44983	0.35675	0.19342
237 A	0.42959	0.39666	0.17375
238 G	0.41775	0.41135	0.1709
239 A	0.41901	0.40788	0.17311
240 A	0.42660	0.39257	0.18083
241 T	0.43231	0.37493	0.19276
242 A	0.43307	0.37266	0.19427
243 T	0.43479	0.37046	0.19476
244 G	0.43313	0.37442	0.19245
245 A	0.43336	0.37356	0.19308
246 T	0.43431	0.37027	0.19543
247 A	0.43430	0.36892	0.19678
248 T	0.43523	0.36551	0.19926
249 C	0.43485	0.36365	0.2015
250 A	0.43432	0.36314	0.20253
251 T	0.43457	0.35983	0.2056
252 C	0.43279	0.36032	0.20689
253 G	0.43046	0.36492	0.20462
254 A	0.43311	0.36751	0.19937
255 A	0.43807	0.36366	0.19826
256 A	0.44686	0.34788	0.20527
257 A	0.46357	0.32601	0.21042
258 T	0.50393	0.21277	0.2833
259 G	0.52893	0.14384	0.32723
260 T	0.55555	0.09746	0.347
261 T	0.56461	0.08074	0.35465
262 T	0.56667	0.08520	0.34813
263 T	0.56565	0.09115	0.34321
264 A	0.56312	0.09749	0.3394
265 A	0.56294	0.10052	0.33653
266 A	0.56366	0.09997	0.33638
267 T	0.56669	0.09690	0.33641
268 T	0.56618	0.10021	0.33361
269 T	0.56440	0.10409	0.33151
270 A	0.55952	0.10923	0.33125
271 G	0.55614	0.11253	0.33132
272 A	0.55369	0.12298	0.32333
273 A	0.55387	0.12415	0.32198
274 C	0.55449	0.12366	0.32185
275 A	0.55551	0.12233	0.32216
276 A	0.55887	0.11596	0.32516
277 G	0.56541	0.10818	0.32641
278 T	0.57279	0.09994	0.32727
279 C	0.57516	0.09741	0.32743
280 T	0.57893	0.09353	0.32754
281 T	0.58117	0.09119	0.32765
282 T	0.58294	0.08972	0.32734
283 G	0.58345	0.09022	0.32634
284 G	0.58697	0.08865	0.32438
285 T	0.59658	0.08083	0.32259
286 T	0.60191	0.08245	0.31564
287 A	0.60500	0.08348	0.31152
288 T	0.60911	0.08126	0.30964
289 T	0.61024	0.08461	0.30515
290 A	0.61080	0.10164	0.28756
291 T	0.61384	0.09950	0.28666
292 A	0.61601	0.09843	0.28556
293 A	0.61735	0.09339	0.28926
294 A	0.61921	0.08870	0.29208
295 C	0.62904	0.07637	0.29459
296 A	0.63320	0.07207	0.29473
297 C	0.63708	0.06806	0.29486
298 T	0.63993	0.06551	0.29456
299 T	0.64060	0.06511	0.29429
300 T	0.64102	0.06486	0.29412
301 T	0.64122	0.06478	0.294
302 T	0.64127	0.06494	0.29379
303 T	0.64123	0.06504	0.29372
304 A	0.64087	0.06576	0.29337
305 A	0.64153	0.06501	0.29346
306 A	0.64337	0.06281	0.29381
307 T	0.64684	0.05886	0.2943
308 G	0.65089	0.05456	0.29455
309 T	0.66172	0.04314	0.29514
310 T	0.66772	0.03626	0.29602
311 C	0.66949	0.03395	0.29656
312 A	0.67301	0.03014	0.29684
313 C	0.68884	0.01365	0.29751
314 C	0.69104	0.01125	0.29771
315 T	0.69364	0.00861	0.29775
316 C	0.69356	0.00868	0.29777
317 T	0.69336	0.00891	0.29773
318 T	0.69268	0.00970	0.29762
319 T	0.68998	0.01265	0.29738
320 C	0.68354	0.01910	0.29736
321 T	0.67646	0.02655	0.297
322 T	0.66305	0.04026	0.29669
323 T	0.63896	0.06515	0.2959
324 C	0.55956	0.14773	0.29272
325 G	0.46036	0.25128	0.28836
326 A	0.41611	0.29849	0.28541
327 T	0.37975	0.33909	0.28116
328 A	0.31745	0.40822	0.27433
329 C	0.28645	0.43958	0.27397
330 A	0.26521	0.46159	0.27319
331 A	0.24968	0.47756	0.27276
332 T	0.24578	0.48157	0.27265
333 C	0.23959	0.48783	0.27259
334 G	0.23529	0.49261	0.27211
335 A	0.23199	0.49667	0.27135
336 T	0.22885	0.50011	0.27104
337 A	0.22664	0.50296	0.27041
338 A	0.22548	0.50449	0.27003
339 A	0.22440	0.50523	0.27036
340 A	0.22391	0.50488	0.27122
341 A	0.22346	0.50412	0.27242
342 A	0.22196	0.50111	0.27694
343 A	0.22152	0.49100	0.28748
344 T	0.22187	0.47560	0.30253
345 A	0.22189	0.45807	0.32003
346 A	0.22272	0.43131	0.34596
347 A	0.22629	0.35547	0.41824
348 T	0.23168	0.25401	0.5143
349 A	0.23430	0.21956	0.54615
350 A	0.23846	0.18934	0.5722
351 T	0.24479	0.13971	0.61551
352 T	0.24544	0.12927	0.62529
353 T	0.24595	0.12222	0.63182
354 T	0.24637	0.12715	0.62649
355 T	0.24656	0.12824	0.62521
356 T	0.24615	0.12956	0.6243
357 A	0.24222	0.13596	0.62182
358 T	0.24034	0.13638	0.62328
359 C	0.23455	0.14208	0.62338
360 T	0.22765	0.16744	0.60491
361 A	0.21341	0.22052	0.56607
362 A	0.20347	0.27895	0.51758
363 A	0.19493	0.29403	0.51105
364 A	0.19038	0.30441	0.50521
365 T	0.18675	0.31683	0.49641
366 T	0.17757	0.34056	0.48187
367 C	0.16102	0.36916	0.46982
368 A	0.14256	0.41665	0.44078
369 A	0.13445	0.42917	0.43638
370 A	0.13542	0.42887	0.43571
371 A	0.14106	0.42334	0.4356
372 T	0.15584	0.40857	0.43559
373 C	0.16466	0.39956	0.43579
374 C	0.17923	0.38570	0.43507
375 T	0.19799	0.37024	0.43178
376 A	0.20487	0.36964	0.42548
377 T	0.21784	0.35875	0.42341
378 T	0.21916	0.35991	0.42094
379 T	0.21749	0.36393	0.41859
380 T	0.20680	0.37368	0.41952
381 A	0.18014	0.40022	0.41964
382 A	0.16272	0.41493	0.42235
383 A	0.16515	0.40907	0.42578
384 A	0.18916	0.37542	0.43542
385 A	0.22745	0.32923	0.44332
386 A	0.23656	0.31090	0.45254
387 A	0.24570	0.29622	0.45807
388 A	0.26108	0.27403	0.46488
389 T	0.27983	0.24507	0.4751
390 A	0.28233	0.22874	0.48894
391 A	0.29291	0.20055	0.50654
392 C	0.29565	0.18801	0.51634
393 T	0.29418	0.19136	0.51447
394 A	0.27964	0.21485	0.50552
395 A	0.27262	0.23032	0.49705
396 T	0.26854	0.24227	0.4892
397 A	0.25916	0.25875	0.48209
398 A	0.25974	0.26480	0.47546
399 T	0.26598	0.26175	0.47227
400 T	0.26225	0.28196	0.45579
401 T	0.24880	0.29870	0.4525
402 A	0.23048	0.32129	0.44823
403 T	0.22104	0.31924	0.45972
404 A	0.21043	0.31078	0.47879
405 C	0.20710	0.29609	0.49681
406 T	0.20712	0.29208	0.50081
407 C	0.20303	0.29581	0.50117
408 T	0.19887	0.30879	0.49233
409 A	0.19029	0.32351	0.48621
410 A	0.18695	0.32883	0.48422
411 A	0.18486	0.33086	0.48428
412 A	0.18489	0.33087	0.48424
413 A	0.18574	0.31906	0.4952
414 T	0.18775	0.30093	0.51133
415 A	0.18874	0.29326	0.51799
416 A	0.19263	0.28302	0.52435
417 G	0.20142	0.25901	0.53957
418 A	0.21141	0.24238	0.54621
419 T	0.22254	0.22503	0.55243
420 A	0.23022	0.21121	0.55857
421 A	0.24015	0.19886	0.56099
422 A	0.25224	0.18302	0.56473
423 A	0.27286	0.15300	0.57414
424 T	0.28515	0.12052	0.59433
425 T	0.29541	0.09025	0.61435
426 T	0.29874	0.07659	0.62467
427 T	0.30074	0.07153	0.62772
428 T	0.30169	0.07823	0.62009
429 A	0.30148	0.09183	0.60669
430 A	0.30148	0.08830	0.61022
431 T	0.30823	0.07826	0.61351
432 T	0.31279	0.06683	0.62038
433 T	0.31325	0.06311	0.62363
434 C	0.31171	0.06309	0.6252
435 T	0.31133	0.06394	0.62472
436 C	0.31009	0.06532	0.62459
437 C	0.30696	0.06876	0.62428
438 A	0.30529	0.07144	0.62328
439 G	0.30455	0.07240	0.62305
440 C	0.30349	0.07356	0.62295
441 A	0.30392	0.07337	0.62271
442 G	0.30444	0.07296	0.6226
443 C	0.30771	0.06957	0.62272
444 T	0.30946	0.06783	0.62271
445 T	0.30947	0.06788	0.62265
446 G	0.30929	0.06813	0.62258
447 C	0.30950	0.06800	0.6225
448 A	0.30997	0.06816	0.62187
449 A	0.31149	0.06729	0.62122
450 A	0.31649	0.06225	0.62127
451 A	0.32699	0.05156	0.62146
452 T	0.34122	0.03645	0.62234
453 G	0.34271	0.03253	0.62476
454 C	0.34464	0.02872	0.62664
455 A	0.34537	0.02752	0.62712
456 T	0.34596	0.02585	0.62819
457 C	0.34613	0.02442	0.62946
458 A	0.34653	0.02431	0.62916
459 T	0.34699	0.02355	0.62945
460 G	0.34696	0.02157	0.63147
461 A	0.34753	0.02019	0.63227
462 T	0.34785	0.01925	0.6329
463 T	0.34776	0.01830	0.63394
464 A	0.34752	0.01706	0.63542
465 T	0.34748	0.01572	0.6368
466 T	0.34734	0.01546	0.6372
467 A	0.34663	0.01610	0.63727
468 C	0.34646	0.01568	0.63786
469 G	0.34635	0.01630	0.63736
470 G	0.34626	0.01624	0.6375
471 A	0.34634	0.01604	0.63763
472 G	0.34679	0.01544	0.63777
473 G	0.34664	0.01549	0.63786
474 C	0.34670	0.01515	0.63815
475 C	0.34668	0.01525	0.63807
476 T	0.34667	0.01571	0.63762
477 A	0.34663	0.01625	0.63712
478 A	0.34678	0.01629	0.63693
479 G	0.34703	0.01627	0.6367
480 T	0.34770	0.01545	0.63684
481 T	0.34842	0.01426	0.63732
482 A	0.34886	0.01386	0.63728
483 T	0.34989	0.01264	0.63748
484 C	0.35035	0.01191	0.63774
485 A	0.35074	0.01169	0.63756
486 T	0.35220	0.01007	0.63773
487 A	0.35249	0.00956	0.63795
488 C	0.35295	0.00892	0.63813
489 T	0.35363	0.00818	0.6382
490 C	0.35406	0.00712	0.63881
491 T	0.35448	0.00674	0.63878
492 T	0.35499	0.00638	0.63863
493 A	0.35497	0.00687	0.63816
494 A	0.35477	0.00690	0.63834
495 T	0.35480	0.00679	0.63841
496 A	0.35474	0.00673	0.63853
497 T	0.35465	0.00661	0.63874
498 G	0.35421	0.00701	0.63878
499 T	0.35430	0.00712	0.63858
500 T	0.35434	0.00706	0.6386
501 G	0.35395	0.00760	0.63844
502 A	0.35396	0.00794	0.6381
503 A	0.35400	0.00825	0.63775
504 C	0.35411	0.00867	0.63722
505 A	0.35431	0.00870	0.63699
506 T	0.35458	0.00864	0.63678
507 A	0.35450	0.00870	0.6368
508 T	0.35461	0.00856	0.63683
509 C	0.35453	0.00866	0.63681
510 T	0.35457	0.00860	0.63683
511 C	0.35452	0.00866	0.63682
512 A	0.35457	0.00869	0.63675
513 T	0.35472	0.00856	0.63673
514 C	0.35484	0.00845	0.6367
515 A	0.35503	0.00834	0.63663
516 T	0.35538	0.00796	0.63666
517 T	0.35541	0.00768	0.63691
518 A	0.35505	0.00797	0.63698
519 T	0.35490	0.00798	0.63712
520 G	0.35404	0.00833	0.63763
521 T	0.35373	0.00783	0.63843
522 C	0.35330	0.00776	0.63893
523 A	0.35284	0.00814	0.63901
524 C	0.35263	0.00823	0.63914
525 G	0.35273	0.00863	0.63864
526 A	0.35286	0.00979	0.63734
527 T	0.35309	0.00968	0.63723
528 A	0.35277	0.00997	0.63726
529 T	0.35273	0.00997	0.63729
530 A	0.35223	0.01027	0.63751
531 C	0.35193	0.01031	0.63776
532 C	0.35182	0.01030	0.63788
533 C	0.35167	0.01043	0.6379
534 T	0.35159	0.01055	0.63785
535 T	0.35128	0.01098	0.63774
536 T	0.35023	0.01212	0.63765
537 T	0.34801	0.01440	0.63759
538 T	0.34272	0.01980	0.63747
539 T	0.33735	0.02512	0.63753
540 A	0.33016	0.03214	0.6377
541 A	0.32581	0.03604	0.63815
542 A	0.32218	0.03919	0.63863
543 T	0.31727	0.04314	0.63959
544 C	0.31037	0.04969	0.63994
545 A	0.30677	0.05341	0.63982
546 A	0.30480	0.05549	0.63971
547 G	0.30428	0.05589	0.63983
548 A	0.30442	0.05570	0.63987
549 T	0.30558	0.05443	0.63999
550 T	0.30565	0.05385	0.6405
551 T	0.30554	0.05341	0.64105
552 A	0.30543	0.05328	0.64129
553 T	0.30537	0.05286	0.64176
554 T	0.30529	0.05264	0.64207
555 A	0.30520	0.05259	0.64222
556 A	0.30514	0.05225	0.64261
557 A	0.30508	0.05155	0.64338
558 T	0.30504	0.04984	0.64511
559 T	0.30477	0.04787	0.64736
560 G	0.30424	0.04520	0.65056
561 T	0.30409	0.03920	0.65671
562 G	0.30398	0.03473	0.6613
563 G	0.30394	0.02940	0.66666
564 A	0.30399	0.02695	0.66907
565 A	0.30421	0.02434	0.67144
566 T	0.30451	0.01974	0.67576
567 T	0.30458	0.01472	0.68069
568 A	0.30455	0.01249	0.68296
569 T	0.30464	0.01126	0.6841
570 T	0.30429	0.01129	0.68443
571 C	0.30332	0.01211	0.68456
572 T	0.30249	0.01367	0.68384
573 T	0.30012	0.01739	0.6825
574 C	0.28917	0.03113	0.6797
575 A	0.27710	0.05484	0.66806
576 T	0.27060	0.07055	0.65884
577 G	0.26336	0.08625	0.6504
578 A	0.25958	0.09552	0.64491
579 T	0.25725	0.10146	0.64129
580 A	0.25230	0.10719	0.64051
581 T	0.25016	0.10945	0.64039
582 G	0.24664	0.11293	0.64044
583 G	0.24508	0.11435	0.64057
584 C	0.24448	0.11498	0.64054
585 G	0.24400	0.11595	0.64006
586 A	0.24395	0.11646	0.63959
587 A	0.24441	0.11626	0.63933
588 A	0.24512	0.11564	0.63924
589 A	0.24624	0.11457	0.63919
590 T	0.24699	0.11355	0.63946
591 A	0.24752	0.11267	0.63981
592 A	0.24837	0.11117	0.64046
593 T	0.24926	0.10915	0.6416
594 A	0.24963	0.10754	0.64283
595 G	0.25065	0.10486	0.64449
596 A	0.25279	0.10030	0.64691
597 A	0.25735	0.08517	0.65748
598 T	0.26981	0.05980	0.67038
599 T	0.27932	0.04356	0.67712
600 T	0.28637	0.03012	0.68351
601 G	0.28986	0.02398	0.68616
602 A	0.29246	0.02002	0.68752
603 T	0.29361	0.01469	0.6917
604 T	0.29405	0.01315	0.6928
605 T	0.29436	0.01203	0.69361
606 T	0.29294	0.01953	0.68752
607 T	0.28764	0.02735	0.68501
608 T	0.27713	0.03840	0.68447
609 A	0.25828	0.05895	0.68276
610 T	0.24713	0.07131	0.68156
611 C	0.22369	0.09760	0.67871
612 C	0.18543	0.14692	0.66765
613 A	0.14674	0.19176	0.6615
614 A	0.12886	0.21513	0.65601
615 A	0.12226	0.22321	0.65453
616 A	0.11886	0.22733	0.65381
617 C	0.11700	0.22986	0.65314
618 T	0.11554	0.23221	0.65225
619 T	0.11384	0.23403	0.65213
620 A	0.10923	0.23880	0.65198
621 T	0.10695	0.24120	0.65184
622 A	0.10282	0.24580	0.65137
623 C	0.09836	0.25086	0.65078
624 A	0.09657	0.25684	0.6466
625 A	0.09555	0.26163	0.64282
626 A	0.09486	0.26360	0.64154
627 A	0.09497	0.26385	0.64118
628 A	0.09591	0.26297	0.64111
629 A	0.10014	0.25451	0.64535
630 A	0.10154	0.24323	0.65523
631 G	0.10209	0.22735	0.67057
632 G	0.10482	0.20654	0.68864
633 A	0.10708	0.19534	0.69758
634 A	0.11060	0.17308	0.71632
635 A	0.11980	0.13070	0.7495
636 A	0.12605	0.08976	0.78418
637 T	0.13189	0.06797	0.80014
638 T	0.13322	0.06519	0.80159
639 A	0.13326	0.08300	0.78374
640 T	0.13349	0.08991	0.7766
641 T	0.13276	0.09562	0.77162
642 A	0.13079	0.09679	0.77242
643 G	0.12924	0.09542	0.77533
644 G	0.12908	0.09418	0.77674
645 A	0.12950	0.09211	0.77839
646 C	0.13057	0.08810	0.78133
647 A	0.13477	0.08427	0.78096
648 T	0.13886	0.08036	0.78078
649 T	0.13981	0.08021	0.77998
650 T	0.13997	0.07971	0.78033
651 A	0.14001	0.07955	0.78045
652 A	0.14014	0.07772	0.78214
653 T	0.14044	0.07578	0.78378
654 C	0.14070	0.07445	0.78485
655 T	0.14131	0.07425	0.78444
656 T	0.14098	0.07573	0.78329
657 A	0.13992	0.07928	0.7808
658 G	0.13997	0.08213	0.7779
659 G	0.14103	0.08531	0.77366
660 A	0.14325	0.08993	0.76681
661 G	0.14968	0.08721	0.76311
662 T	0.17241	0.06677	0.76082
663 T	0.18230	0.05957	0.75813
664 A	0.18739	0.05646	0.75614
665 A	0.18926	0.05436	0.75638
666 T	0.19194	0.05086	0.7572
667 T	0.19321	0.04964	0.75715
668 A	0.19398	0.04941	0.75662
669 T	0.19573	0.04748	0.75679
670 G	0.19669	0.04633	0.75698
671 T	0.19771	0.04536	0.75692
672 T	0.19784	0.04547	0.75669
673 C	0.19589	0.04793	0.75618
674 A	0.18882	0.05766	0.75351
675 T	0.18647	0.06138	0.75215
676 G	0.18325	0.06557	0.75117
677 A	0.18148	0.06812	0.7504
678 A	0.18148	0.06849	0.75002
679 G	0.18259	0.06598	0.75142
680 A	0.18500	0.06212	0.75288
681 A	0.18871	0.05739	0.75389
682 G	0.19384	0.05174	0.75443
683 C	0.20209	0.04312	0.75479
684 T	0.20781	0.03738	0.75482
685 C	0.21028	0.03488	0.75484
686 T	0.21256	0.03268	0.75477
687 T	0.21373	0.03151	0.75476
688 T	0.21356	0.03172	0.75472
689 C	0.21205	0.03326	0.75469
690 A	0.21071	0.03499	0.75431
691 C	0.20969	0.03588	0.75443
692 T	0.20720	0.04008	0.75272
693 A	0.20098	0.05010	0.74892
694 G	0.19971	0.05530	0.745
695 G	0.19960	0.05679	0.74362
696 G	0.20025	0.05476	0.74499
697 T	0.20305	0.04474	0.75222
698 T	0.20428	0.04133	0.7544
699 T	0.20454	0.03888	0.75658
700 C	0.20416	0.03925	0.7566
701 A	0.20388	0.04263	0.75349
702 A	0.20357	0.04494	0.75149
703 G	0.20336	0.04592	0.75072
704 A	0.20279	0.04787	0.74934
705 T	0.20213	0.05006	0.74781
706 A	0.19974	0.05718	0.74307
707 A	0.19682	0.06432	0.73886
708 A	0.19580	0.07102	0.73318
709 G	0.19494	0.07781	0.72725
710 A	0.19456	0.08192	0.72352
711 A	0.19450	0.08462	0.72088
712 G	0.19463	0.08310	0.72227
713 A	0.19507	0.08153	0.7234
714 A	0.19578	0.07938	0.72484
715 A	0.19799	0.07441	0.7276
716 C	0.20227	0.06406	0.73367
717 T	0.20661	0.05861	0.73477
718 T	0.20876	0.05599	0.73526
719 T	0.20932	0.05522	0.73546
720 G	0.20958	0.05484	0.73558
721 C	0.21026	0.05409	0.73565
722 T	0.21128	0.05284	0.73588
723 T	0.21291	0.05097	0.73613
724 T	0.21553	0.04871	0.73576
725 T	0.21695	0.04833	0.73472
726 A	0.21710	0.04831	0.73458
727 A	0.21773	0.04725	0.73502
728 A	0.21881	0.04533	0.73586
729 A	0.22312	0.03862	0.73826
730 C	0.22776	0.03134	0.74091
731 A	0.23495	0.02381	0.74125
732 T	0.24248	0.01571	0.74182
733 T	0.24627	0.01186	0.74188
734 T	0.24799	0.01032	0.74169
735 A	0.24740	0.01107	0.74153
736 T	0.24739	0.01098	0.74164
737 T	0.24585	0.01257	0.74158
738 A	0.24483	0.01388	0.74129
739 A	0.24450	0.01423	0.74128
740 T	0.24446	0.01425	0.7413
741 T	0.24417	0.01447	0.74136
742 T	0.24207	0.01650	0.74144
743 C	0.23119	0.02726	0.74155
744 T	0.22813	0.03028	0.74158
745 C	0.22609	0.03228	0.74164
746 A	0.22445	0.03392	0.74163
747 T	0.22390	0.03442	0.74168
748 C	0.22321	0.03507	0.74173
749 A	0.22296	0.03516	0.74188
750 T	0.22320	0.03466	0.74213
751 G	0.22324	0.03421	0.74255
752 G	0.22340	0.03392	0.74267
753 T	0.22395	0.03340	0.74265
754 T	0.22448	0.03286	0.74267
755 T	0.22471	0.03267	0.74262
756 A	0.22475	0.03249	0.74276
757 T	0.22486	0.03210	0.74304
758 T	0.22457	0.03205	0.74337
759 A	0.22428	0.03242	0.7433
760 C	0.22423	0.03083	0.74494
761 A	0.22437	0.03080	0.74483
762 A	0.22433	0.03098	0.74469
763 T	0.22427	0.03121	0.74452
764 A	0.22391	0.03199	0.7441
765 T	0.22304	0.03113	0.74583
766 G	0.22191	0.01924	0.75885
767 G	0.22100	0.01676	0.76225
768 T	0.22047	0.01606	0.76348
769 G	0.21973	0.01584	0.76443
770 C	0.21899	0.01543	0.76558
771 C	0.21836	0.01545	0.76619
772 G	0.21526	0.02077	0.76397
773 C	0.21153	0.02954	0.75893
774 T	0.20774	0.05690	0.73537
775 A	0.20268	0.09827	0.69905
776 A	0.20049	0.11371	0.6858
777 A	0.19944	0.11637	0.68419
778 G	0.19899	0.11691	0.6841
779 A	0.19881	0.11694	0.68424
780 A	0.19843	0.11714	0.68443
781 C	0.19852	0.11661	0.68487
782 C	0.19702	0.11791	0.68507
783 A	0.19453	0.12043	0.68504
784 C	0.19389	0.12107	0.68504
785 A	0.19299	0.12200	0.68502
786 A	0.19254	0.12243	0.68502
787 A	0.19261	0.12212	0.68527
788 T	0.19272	0.12103	0.68625
789 C	0.19192	0.12076	0.68732
790 G	0.19097	0.12088	0.68815
791 G	0.19054	0.12088	0.68859
792 A	0.19034	0.12056	0.68911
793 G	0.19047	0.11963	0.6899
794 A	0.19176	0.11781	0.69043
795 A	0.19616	0.10940	0.69444
796 G	0.20456	0.09604	0.69941
797 C	0.22980	0.06559	0.70461
798 T	0.26275	0.02840	0.70885
799 C	0.27201	0.01766	0.71033
800 T	0.27328	0.01611	0.71062
801 T	0.27339	0.01595	0.71066
802 T	0.27328	0.01607	0.71065
803 T	0.27280	0.01612	0.71108
804 A	0.27168	0.01779	0.71052
805 T	0.27075	0.01721	0.71205
806 T	0.26906	0.01660	0.71434
807 A	0.26657	0.01959	0.71384
808 T	0.26528	0.02120	0.71352
809 G	0.26331	0.02412	0.71256
810 G	0.26236	0.02746	0.71017
811 T	0.26214	0.03194	0.70591
812 A	0.26171	0.03770	0.70059
813 T	0.26072	0.03982	0.69945
814 T	0.25911	0.04403	0.69686
815 T	0.25480	0.04987	0.69534
816 A	0.23894	0.06832	0.69275
817 G	0.21939	0.09003	0.69059
818 A	0.21007	0.10064	0.6893
819 C	0.20546	0.10689	0.68765
820 G	0.20400	0.11313	0.68287
821 A	0.20303	0.11814	0.67884
822 T	0.20264	0.12028	0.67708
823 A	0.20192	0.12248	0.6756
824 T	0.20173	0.12365	0.67461
825 A	0.19890	0.12729	0.6738
826 G	0.19754	0.12810	0.67437
827 A	0.19780	0.12656	0.67565
828 T	0.19837	0.12417	0.67745
829 G	0.19743	0.12313	0.67944
830 C	0.19845	0.12048	0.68107
831 T	0.19911	0.12141	0.67947
832 A	0.19735	0.12708	0.67558
833 A	0.19860	0.12820	0.67321
834 A	0.20232	0.12657	0.67111
835 T	0.20753	0.12167	0.67081
836 T	0.20850	0.11860	0.67291
837 A	0.20871	0.11736	0.67393
838 A	0.20776	0.11352	0.67872
839 A	0.20945	0.09836	0.69219
840 T	0.21174	0.07871	0.70955
841 A	0.20920	0.07397	0.71682
842 C	0.20812	0.07120	0.72067
843 T	0.20932	0.07664	0.71404
844 T	0.21002	0.08307	0.7069
845 T	0.20687	0.09022	0.70291
846 A	0.19930	0.10145	0.69925
847 A	0.19507	0.10822	0.69672
848 A	0.19205	0.11233	0.69561
849 T	0.18124	0.12630	0.69246
850 G	0.14072	0.17497	0.68431
851 A	0.10932	0.20884	0.68184
852 A	0.09042	0.22920	0.68037
853 A	0.08129	0.24073	0.67798
854 A	0.07476	0.24869	0.67655
855 C	0.07432	0.24791	0.67777
856 A	0.07251	0.25811	0.66938
857 T	0.07074	0.26960	0.65966
858 A	0.06243	0.28627	0.65131
859 A	0.05771	0.29456	0.64773
860 A	0.05490	0.29797	0.64713
861 A	0.04943	0.30151	0.64906
862 G	0.04877	0.30028	0.65095
863 A	0.04990	0.29770	0.6524
864 A	0.05258	0.28995	0.65748
865 A	0.05561	0.28109	0.66329
866 C	0.06387	0.26630	0.66983
867 T	0.06842	0.26277	0.66881
868 G	0.06581	0.27265	0.66154
869 A	0.06364	0.28106	0.65529
870 A	0.06067	0.28648	0.65284
871 A	0.05950	0.28749	0.65301
872 A	0.05809	0.27695	0.66496
873 A	0.06343	0.23151	0.70505
874 G	0.06604	0.19531	0.73865
875 G	0.06884	0.17414	0.75702
876 A	0.07399	0.16151	0.76451
877 G	0.07888	0.14953	0.77158
878 A	0.08330	0.14131	0.77539
879 A	0.09329	0.12659	0.78011
880 T	0.10536	0.10767	0.78698
881 T	0.11221	0.09180	0.79598
882 T	0.11458	0.08543	0.8
883 A	0.11285	0.08516	0.802
884 C	0.11143	0.08207	0.8065
885 T	0.10924	0.08734	0.80341
886 G	0.10523	0.10208	0.79268
887 A	0.10328	0.13563	0.7611
888 A	0.10304	0.16130	0.73567
889 A	0.10402	0.17929	0.7167
890 A	0.10809	0.18499	0.70692
891 T	0.11952	0.17357	0.70692
892 T	0.12676	0.16280	0.71044
893 T	0.12942	0.15809	0.71249
894 A	0.13002	0.15544	0.71455
895 T	0.13097	0.15015	0.71887
896 C	0.13135	0.14803	0.72062
897 T	0.13160	0.14758	0.72082
898 G	0.13106	0.14817	0.72078
899 T	0.13189	0.14756	0.72055
900 C	0.12947	0.15099	0.71954
901 A	0.12688	0.15831	0.71482
902 T	0.12382	0.16832	0.70787
903 A	0.11945	0.18194	0.69862
904 A	0.11819	0.19343	0.68838
905 A	0.11820	0.19868	0.68312
906 A	0.11913	0.19835	0.68252
907 G	0.12050	0.19824	0.68125
908 G	0.12501	0.19445	0.68054
909 A	0.13486	0.18569	0.67944
910 A	0.16298	0.15616	0.68087
911 G	0.18521	0.13310	0.68169
912 A	0.20444	0.11368	0.68189
913 T	0.21880	0.09889	0.68231
914 C	0.22320	0.09403	0.68277
915 A	0.22472	0.09253	0.68276
916 T	0.22700	0.09019	0.68281
917 T	0.22833	0.08876	0.68292
918 T	0.22891	0.08813	0.68296
919 T	0.22919	0.08770	0.68312
920 A	0.22941	0.08672	0.68387
921 T	0.22994	0.08474	0.68533
922 A	0.23037	0.08330	0.68632
923 A	0.23167	0.07884	0.68949
924 A	0.23615	0.07072	0.69313
925 C	0.24434	0.05822	0.69744
926 C	0.25398	0.04569	0.70032
927 T	0.26512	0.03402	0.70087
928 A	0.26974	0.02910	0.70116
929 A	0.27390	0.02469	0.70141
930 T	0.27814	0.02014	0.70172
931 T	0.28113	0.01627	0.7026
932 T	0.28396	0.01084	0.7052
933 A	0.28452	0.00831	0.70717
934 T	0.28522	0.00470	0.71009
935 A	0.28568	0.00264	0.71168
936 A	0.28647	0.00000	0.71353
