# lcl|CP097583.1_cds_USQ93303.1_1
# AA	inside	membr	outside
1 A	0.12090	0.00000	0.8791
2 T	0.11866	0.00225	0.8791
3 G	0.11709	0.00381	0.8791
4 A	0.11709	0.02569	0.85723
5 A	0.10748	0.05516	0.83737
6 A	0.10748	0.05685	0.83568
7 A	0.09103	0.07354	0.83544
8 A	0.09103	0.07354	0.83543
9 T	0.09064	0.07396	0.83539
10 A	0.09064	0.07739	0.83197
11 A	0.09059	0.07778	0.83164
12 T	0.09026	0.07823	0.83151
13 G	0.08955	0.07946	0.831
14 A	0.08955	0.07946	0.831
15 T	0.08955	0.07974	0.83072
16 T	0.08951	0.07978	0.83072
17 A	0.08942	0.07987	0.83071
18 T	0.08942	0.07987	0.83071
19 C	0.08931	0.07997	0.83071
20 G	0.08868	0.08076	0.83056
21 T	0.08812	0.08128	0.8306
22 T	0.08903	0.08042	0.83055
23 T	0.08949	0.07995	0.83056
24 A	0.09022	0.07927	0.8305
25 T	0.09173	0.07326	0.835
26 A	0.09222	0.07038	0.83739
27 T	0.11164	0.04733	0.84103
28 T	0.12947	0.02212	0.84841
29 T	0.13059	0.02013	0.84928
30 T	0.12889	0.01138	0.85973
31 C	0.12267	0.01737	0.85995
32 C	0.12122	0.01935	0.85943
33 A	0.12162	0.02207	0.85631
34 A	0.12126	0.02774	0.85099
35 T	0.12129	0.03210	0.84661
36 T	0.12121	0.03620	0.84259
37 T	0.11818	0.04517	0.83666
38 T	0.11117	0.05450	0.83433
39 T	0.08568	0.08843	0.8259
40 A	0.05923	0.11814	0.82263
41 A	0.05296	0.12576	0.82127
42 A	0.04982	0.12904	0.82114
43 A	0.04730	0.13116	0.82154
44 A	0.04600	0.13197	0.82202
45 T	0.04545	0.13239	0.82216
46 C	0.04437	0.13337	0.82225
47 A	0.04369	0.13418	0.82214
48 T	0.04352	0.13440	0.82209
49 A	0.04330	0.13484	0.82186
50 A	0.04324	0.13485	0.82191
51 A	0.04323	0.13471	0.82206
52 A	0.04327	0.13335	0.82338
53 A	0.04343	0.13060	0.82597
54 C	0.04397	0.12387	0.83216
55 A	0.04504	0.12179	0.83317
56 A	0.04826	0.11730	0.83444
57 A	0.05494	0.10953	0.83553
58 T	0.06356	0.09937	0.83707
59 T	0.07101	0.09027	0.83872
60 T	0.07634	0.07759	0.84607
61 A	0.07758	0.06819	0.85423
62 T	0.08162	0.03977	0.87861
63 T	0.08287	0.01794	0.89918
64 T	0.08353	0.01253	0.90394
65 A	0.08368	0.01018	0.90614
66 T	0.08392	0.00753	0.90855
67 T	0.08403	0.00601	0.90996
68 T	0.08384	0.00555	0.91061
69 C	0.08254	0.00614	0.91132
70 G	0.08145	0.00704	0.91151
71 A	0.08088	0.00788	0.91123
72 T	0.08097	0.00796	0.91107
73 T	0.08080	0.00811	0.91109
74 C	0.08034	0.00855	0.9111
75 T	0.08000	0.00893	0.91108
76 G	0.07911	0.00984	0.91105
77 C	0.07692	0.01208	0.911
78 C	0.07068	0.01842	0.9109
79 G	0.06649	0.02268	0.91083
80 C	0.06390	0.02537	0.91073
81 A	0.06246	0.02731	0.91023
82 A	0.06175	0.02805	0.91019
83 C	0.06186	0.02795	0.91019
84 T	0.06263	0.02720	0.91017
85 T	0.06275	0.02711	0.91014
86 C	0.06262	0.02725	0.91014
87 T	0.06241	0.02762	0.90998
88 T	0.06094	0.02970	0.90935
89 T	0.05930	0.03250	0.9082
90 A	0.05588	0.03634	0.90777
91 A	0.05452	0.03768	0.9078
92 A	0.05391	0.03707	0.90902
93 A	0.05347	0.03635	0.91018
94 C	0.05300	0.03592	0.91108
95 C	0.05267	0.03617	0.91117
96 A	0.05097	0.03808	0.91096
97 A	0.05001	0.03922	0.91077
98 A	0.04949	0.03969	0.91082
99 A	0.04900	0.03990	0.9111
100 G	0.04876	0.03825	0.91299
101 A	0.04876	0.03179	0.91945
102 A	0.04880	0.02742	0.92379
103 G	0.04890	0.02429	0.92681
104 T	0.04933	0.02250	0.92817
105 T	0.04933	0.02183	0.92884
106 A	0.04922	0.02178	0.929
107 T	0.04921	0.02134	0.92944
108 A	0.04909	0.02088	0.93002
109 G	0.04906	0.01966	0.93128
110 A	0.04917	0.01802	0.93281
111 C	0.04976	0.01479	0.93545
112 G	0.05073	0.01257	0.9367
113 C	0.05121	0.01009	0.93871
114 T	0.05139	0.00956	0.93906
115 A	0.05142	0.00936	0.93922
116 T	0.05160	0.00901	0.93939
117 T	0.05170	0.00824	0.94006
118 T	0.05177	0.00789	0.94034
119 G	0.05186	0.00602	0.94212
120 T	0.05212	0.00496	0.94291
121 A	0.05213	0.00456	0.94331
122 A	0.05220	0.00409	0.94371
123 T	0.05238	0.00364	0.94398
124 T	0.05260	0.00346	0.94394
125 T	0.05265	0.00364	0.94371
126 T	0.05264	0.00389	0.94347
127 T	0.05248	0.00463	0.94289
128 A	0.05226	0.00518	0.94256
129 T	0.05220	0.00536	0.94245
130 A	0.05168	0.00622	0.9421
131 A	0.05142	0.00687	0.94171
132 T	0.05129	0.00707	0.94165
133 T	0.05117	0.00756	0.94127
134 A	0.05103	0.00771	0.94126
135 T	0.05098	0.00774	0.94128
136 A	0.05091	0.00780	0.94129
137 A	0.05090	0.00777	0.94133
138 C	0.05096	0.00762	0.94142
139 G	0.05105	0.00753	0.94142
140 G	0.05122	0.00737	0.94141
141 T	0.05162	0.00701	0.94138
142 T	0.05181	0.00689	0.94131
143 T	0.05193	0.00681	0.94126
144 G	0.05200	0.00672	0.94127
145 A	0.05211	0.00662	0.94126
146 G	0.05223	0.00645	0.94131
147 T	0.05260	0.00602	0.94138
148 T	0.05304	0.00552	0.94144
149 A	0.05337	0.00513	0.9415
150 T	0.05400	0.00429	0.94171
151 A	0.05424	0.00383	0.94194
152 A	0.05440	0.00344	0.94215
153 A	0.05475	0.00258	0.94267
154 T	0.05531	0.00168	0.94301
155 C	0.05545	0.00139	0.94316
156 T	0.05582	0.00099	0.94319
157 T	0.05579	0.00101	0.94321
158 T	0.05542	0.00135	0.94323
159 T	0.05499	0.00175	0.94326
160 G	0.05390	0.00283	0.94327
161 G	0.05346	0.00326	0.94329
162 C	0.05333	0.00337	0.9433
163 C	0.05326	0.00343	0.9433
164 C	0.05328	0.00343	0.94329
165 T	0.05338	0.00334	0.94328
166 C	0.05338	0.00334	0.94328
167 T	0.05326	0.00348	0.94326
168 T	0.05292	0.00383	0.94326
169 T	0.05267	0.00407	0.94326
170 C	0.05237	0.00437	0.94326
171 T	0.05220	0.00455	0.94326
172 C	0.05176	0.00497	0.94327
173 T	0.05143	0.00530	0.94327
174 A	0.05095	0.00578	0.94327
175 C	0.05073	0.00602	0.94326
176 A	0.05031	0.00647	0.94321
177 A	0.04995	0.00688	0.94317
178 G	0.04987	0.00695	0.94318
179 T	0.04986	0.00691	0.94323
180 T	0.04980	0.00687	0.94334
181 G	0.04963	0.00655	0.94382
182 A	0.04950	0.00628	0.94422
183 G	0.04923	0.00562	0.94515
184 C	0.04909	0.00546	0.94546
185 A	0.04891	0.00592	0.94517
186 A	0.04884	0.00636	0.94481
187 T	0.04880	0.00682	0.94438
188 T	0.04869	0.00772	0.94359
189 A	0.04843	0.00821	0.94336
190 A	0.04836	0.00817	0.94347
191 T	0.04820	0.00793	0.94387
192 T	0.04779	0.00848	0.94372
193 C	0.04734	0.00949	0.94316
194 A	0.04688	0.01163	0.94149
195 T	0.04647	0.01408	0.93945
196 G	0.04555	0.01572	0.93873
197 A	0.04508	0.01659	0.93833
198 A	0.04429	0.01747	0.93824
199 A	0.04396	0.01747	0.93857
200 C	0.04341	0.01766	0.93893
201 T	0.04264	0.01854	0.93882
202 A	0.04147	0.01987	0.93866
203 G	0.04083	0.02058	0.93859
204 A	0.04023	0.02113	0.93864
205 A	0.03956	0.02176	0.93868
206 A	0.03928	0.02175	0.93897
207 A	0.03917	0.02169	0.93914
208 C	0.03944	0.02119	0.93936
209 A	0.03971	0.02085	0.93944
210 A	0.04005	0.02045	0.9395
211 A	0.04074	0.01959	0.93967
212 C	0.04109	0.01899	0.93993
213 A	0.04145	0.01855	0.94
214 G	0.04210	0.01740	0.9405
215 C	0.04332	0.01556	0.94112
216 T	0.04459	0.01388	0.94153
217 C	0.04602	0.01226	0.94173
218 A	0.04773	0.01032	0.94194
219 T	0.04868	0.00875	0.94257
220 T	0.04915	0.00796	0.94289
221 T	0.04931	0.00699	0.9437
222 T	0.04928	0.00683	0.94389
223 A	0.04892	0.00705	0.94402
224 T	0.04870	0.00717	0.94414
225 T	0.04808	0.00795	0.94397
226 A	0.04680	0.00894	0.94427
227 A	0.04616	0.00909	0.94476
228 T	0.04572	0.00892	0.94536
229 G	0.04476	0.00960	0.94565
230 C	0.04448	0.00972	0.94581
231 T	0.04433	0.00993	0.94574
232 A	0.04412	0.01021	0.94567
233 G	0.04405	0.01029	0.94566
234 T	0.04400	0.01037	0.94563
235 T	0.04396	0.01041	0.94563
236 G	0.04390	0.01043	0.94567
237 T	0.04385	0.01046	0.94569
238 A	0.04376	0.01058	0.94565
239 C	0.04371	0.01065	0.94564
240 G	0.04354	0.01092	0.94554
241 G	0.04344	0.01124	0.94532
242 A	0.04337	0.01186	0.94477
243 A	0.04335	0.01230	0.94435
244 G	0.04344	0.01258	0.94398
245 A	0.04369	0.01234	0.94398
246 A	0.04432	0.01141	0.94427
247 A	0.04523	0.01007	0.9447
248 T	0.04652	0.00800	0.94548
249 T	0.04681	0.00657	0.94661
250 A	0.04693	0.00626	0.94681
251 T	0.04712	0.00603	0.94685
252 T	0.04717	0.00578	0.94705
253 T	0.04718	0.00575	0.94707
254 T	0.04717	0.00579	0.94704
255 T	0.04707	0.00588	0.94706
256 A	0.04683	0.00619	0.94699
257 C	0.04660	0.00647	0.94692
258 T	0.04565	0.00798	0.94637
259 A	0.04315	0.01134	0.94551
260 A	0.04210	0.01287	0.94502
261 A	0.04117	0.01446	0.94437
262 G	0.04081	0.01485	0.94434
263 G	0.04066	0.01492	0.94442
264 A	0.04076	0.01477	0.94447
265 A	0.04124	0.01421	0.94455
266 C	0.04165	0.01373	0.94463
267 T	0.04204	0.01335	0.9446
268 A	0.04221	0.01323	0.94456
269 C	0.04242	0.01304	0.94454
270 T	0.04259	0.01297	0.94445
271 G	0.04263	0.01296	0.94441
272 A	0.04276	0.01285	0.9444
273 A	0.04322	0.01239	0.94439
274 T	0.04373	0.01187	0.9444
275 C	0.04418	0.01126	0.94456
276 T	0.04447	0.01089	0.94464
277 T	0.04457	0.01071	0.94471
278 T	0.04455	0.01065	0.9448
279 A	0.04415	0.01094	0.94491
280 A	0.04408	0.01088	0.94503
281 A	0.04449	0.00936	0.94616
282 T	0.04533	0.00606	0.94861
283 A	0.04570	0.00479	0.9495
284 T	0.04633	0.00335	0.95033
285 A	0.04631	0.00328	0.95042
286 T	0.04634	0.00306	0.9506
287 T	0.04615	0.00316	0.95068
288 A	0.04551	0.00375	0.95074
289 G	0.04519	0.00401	0.9508
290 C	0.04508	0.00407	0.95085
291 T	0.04499	0.00415	0.95085
292 C	0.04474	0.00441	0.95085
293 A	0.04446	0.00479	0.95075
294 T	0.04436	0.00497	0.95067
295 A	0.04430	0.00524	0.95046
296 T	0.04427	0.00539	0.95034
297 T	0.04423	0.00557	0.9502
298 T	0.04415	0.00581	0.95004
299 T	0.04406	0.00595	0.95
300 A	0.04322	0.00674	0.95004
301 A	0.04263	0.00725	0.95012
302 G	0.04234	0.00713	0.95053
303 T	0.04221	0.00713	0.95067
304 C	0.04163	0.00773	0.95064
305 A	0.04136	0.00852	0.95012
306 A	0.04118	0.00915	0.94967
307 G	0.04118	0.00937	0.94945
308 A	0.04137	0.00929	0.94934
309 T	0.04144	0.00928	0.94928
310 A	0.04145	0.00913	0.94942
311 T	0.04145	0.00852	0.95003
312 T	0.04139	0.00830	0.95032
313 G	0.04131	0.00821	0.95048
314 A	0.04129	0.00809	0.95061
315 A	0.04132	0.00784	0.95085
316 G	0.04140	0.00738	0.95123
317 C	0.04151	0.00708	0.95141
318 T	0.04173	0.00680	0.95147
319 G	0.04183	0.00667	0.95149
320 G	0.04196	0.00661	0.95143
321 T	0.04217	0.00641	0.95142
322 A	0.04222	0.00638	0.95141
323 G	0.04224	0.00553	0.95224
324 T	0.04234	0.00493	0.95273
325 G	0.04233	0.00496	0.95271
326 A	0.04236	0.00554	0.9521
327 A	0.04250	0.00567	0.95183
328 A	0.04306	0.00598	0.95096
329 T	0.04359	0.00577	0.95064
330 T	0.04389	0.00644	0.94967
331 A	0.04397	0.00663	0.9494
332 T	0.04405	0.00673	0.94922
333 T	0.04404	0.00686	0.94911
334 A	0.04396	0.00693	0.94911
335 C	0.04399	0.00683	0.94918
336 T	0.04398	0.00682	0.9492
337 T	0.04394	0.00690	0.94916
338 C	0.04385	0.00704	0.94911
339 T	0.04356	0.00750	0.94894
340 G	0.04328	0.00794	0.94878
341 A	0.04301	0.00855	0.94844
342 A	0.04265	0.00907	0.94829
343 T	0.04251	0.00927	0.94821
344 T	0.04212	0.00975	0.94813
345 A	0.04184	0.01001	0.94814
346 G	0.04175	0.01010	0.94816
347 A	0.04182	0.01003	0.94815
348 A	0.04213	0.00969	0.94818
349 C	0.04291	0.00889	0.9482
350 A	0.04370	0.00816	0.94814
351 T	0.04492	0.00700	0.94808
352 A	0.04536	0.00656	0.94807
353 A	0.04632	0.00561	0.94808
354 T	0.04667	0.00524	0.94809
355 T	0.04690	0.00493	0.94817
356 C	0.04698	0.00472	0.9483
357 T	0.04695	0.00469	0.94835
358 T	0.04690	0.00472	0.94838
359 C	0.04679	0.00481	0.9484
360 T	0.04678	0.00492	0.9483
361 A	0.04677	0.00501	0.94821
362 T	0.04692	0.00458	0.9485
363 A	0.04701	0.00425	0.94874
364 T	0.04731	0.00364	0.94905
365 T	0.04740	0.00301	0.94959
366 G	0.04741	0.00259	0.95
367 C	0.04745	0.00204	0.95051
368 C	0.04742	0.00188	0.9507
369 T	0.04740	0.00191	0.95069
370 T	0.04726	0.00219	0.95054
371 G	0.04572	0.00408	0.9502
372 G	0.04414	0.00627	0.94959
373 A	0.04275	0.00867	0.94858
374 T	0.04164	0.01074	0.94762
375 G	0.03976	0.01423	0.94601
376 A	0.03931	0.01703	0.94366
377 A	0.03908	0.01837	0.94255
378 A	0.03887	0.01981	0.94132
379 A	0.03874	0.02024	0.94102
380 T	0.03875	0.02044	0.94081
381 T	0.03819	0.02121	0.9406
382 G	0.03657	0.02302	0.94041
383 C	0.03514	0.02485	0.94001
384 T	0.03410	0.02628	0.93962
385 A	0.03250	0.02819	0.93931
386 A	0.03064	0.03040	0.93896
387 T	0.02936	0.03187	0.93877
388 C	0.02661	0.03475	0.93865
389 A	0.02410	0.03761	0.9383
390 A	0.02156	0.04043	0.93801
391 A	0.02050	0.04159	0.93791
392 A	0.02002	0.04210	0.93788
393 A	0.01985	0.04220	0.93795
394 A	0.02015	0.04036	0.93948
395 A	0.02084	0.03800	0.94116
396 A	0.02199	0.03527	0.94274
397 G	0.02307	0.03288	0.94405
398 C	0.02477	0.02955	0.94568
399 T	0.02675	0.02737	0.94588
400 A	0.02734	0.02679	0.94587
401 A	0.02825	0.02580	0.94594
402 A	0.02865	0.02531	0.94605
403 T	0.02911	0.02472	0.94616
404 T	0.02935	0.02356	0.94709
405 A	0.02947	0.02181	0.94872
406 G	0.02983	0.01975	0.95042
407 T	0.03027	0.01854	0.95119
408 A	0.03047	0.01812	0.95141
409 T	0.03097	0.01731	0.95172
410 T	0.03117	0.01688	0.95196
411 T	0.03105	0.01488	0.95407
412 A	0.03079	0.01322	0.956
413 T	0.03069	0.01101	0.9583
414 T	0.03026	0.01066	0.95908
415 C	0.02961	0.01097	0.95942
416 C	0.02920	0.01152	0.95928
417 A	0.02842	0.01343	0.95815
418 T	0.02818	0.01480	0.95702
419 T	0.02791	0.01596	0.95613
420 G	0.02752	0.01726	0.95521
421 A	0.02704	0.01923	0.95373
422 A	0.02698	0.02025	0.95278
423 T	0.02685	0.02113	0.95202
424 G	0.02648	0.02350	0.95002
425 A	0.02636	0.02756	0.94608
426 A	0.02627	0.03116	0.94257
427 G	0.02577	0.03650	0.93773
428 A	0.02584	0.03902	0.93513
429 A	0.02616	0.03986	0.93398
430 A	0.02669	0.04004	0.93327
431 A	0.02788	0.03910	0.93301
432 T	0.02931	0.03784	0.93285
433 A	0.02986	0.03759	0.93255
434 A	0.02975	0.03752	0.93272
435 A	0.02957	0.03740	0.93303
436 A	0.02945	0.03714	0.9334
437 T	0.02960	0.03636	0.93404
438 C	0.02948	0.03589	0.93463
439 A	0.02950	0.03576	0.93474
440 C	0.03043	0.03409	0.93548
441 T	0.03160	0.03289	0.93551
442 T	0.03212	0.03232	0.93556
443 G	0.03207	0.03224	0.93569
444 C	0.03294	0.03091	0.93614
445 A	0.03376	0.03002	0.93622
446 G	0.03482	0.02866	0.93652
447 C	0.03734	0.02582	0.93684
448 A	0.04156	0.02155	0.93689
449 A	0.04535	0.01774	0.93691
450 T	0.05078	0.01164	0.93757
451 T	0.05277	0.00969	0.93754
452 T	0.05332	0.00959	0.9371
453 T	0.05240	0.01137	0.93622
454 A	0.05132	0.01393	0.93475
455 A	0.05081	0.01483	0.93435
456 A	0.05026	0.01554	0.93419
457 A	0.05009	0.01573	0.93418
458 A	0.05014	0.01585	0.93401
459 A	0.04979	0.01667	0.93355
460 G	0.04983	0.01673	0.93344
461 T	0.05011	0.01634	0.93355
462 T	0.05022	0.01632	0.93345
463 T	0.05012	0.01629	0.93359
464 T	0.05003	0.01640	0.93357
465 A	0.04990	0.01667	0.93343
466 T	0.04987	0.01622	0.93391
467 C	0.04978	0.01604	0.93418
468 T	0.04972	0.01614	0.93413
469 T	0.04960	0.01642	0.93398
470 C	0.04925	0.01711	0.93364
471 A	0.04898	0.01882	0.9322
472 A	0.04886	0.01932	0.93181
473 A	0.04893	0.01942	0.93165
474 A	0.04931	0.01917	0.93153
475 A	0.04993	0.01888	0.93119
476 C	0.05123	0.01600	0.93277
477 T	0.05278	0.01418	0.93304
478 A	0.05315	0.01404	0.93281
479 A	0.05347	0.01402	0.93251
480 A	0.05389	0.01389	0.93222
481 A	0.05450	0.01341	0.9321
482 T	0.05557	0.01163	0.9328
483 T	0.05604	0.01103	0.93292
484 G	0.05626	0.01074	0.933
485 T	0.05668	0.01044	0.93288
486 A	0.05657	0.01080	0.93263
487 G	0.05666	0.01082	0.93252
488 C	0.05696	0.01058	0.93246
489 T	0.05718	0.01040	0.93242
490 T	0.05728	0.01035	0.93237
491 T	0.05745	0.01024	0.93231
492 A	0.05747	0.01015	0.93238
493 C	0.05767	0.00971	0.93263
494 A	0.05877	0.00839	0.93284
495 T	0.05923	0.00775	0.93302
496 C	0.05945	0.00749	0.93306
497 A	0.05988	0.00707	0.93304
498 T	0.06084	0.00612	0.93304
499 A	0.06130	0.00563	0.93306
500 T	0.06214	0.00475	0.93311
501 T	0.06263	0.00423	0.93313
502 T	0.06298	0.00382	0.9332
503 C	0.06306	0.00371	0.93324
504 T	0.06317	0.00366	0.93317
505 A	0.06310	0.00373	0.93317
506 A	0.06337	0.00344	0.9332
507 T	0.06358	0.00319	0.93323
508 A	0.06384	0.00291	0.93324
509 C	0.06421	0.00234	0.93346
510 T	0.06447	0.00206	0.93347
511 T	0.06442	0.00214	0.93344
512 T	0.06390	0.00277	0.93333
513 T	0.06344	0.00349	0.93307
514 G	0.05840	0.00932	0.93228
515 G	0.05546	0.01239	0.93215
516 T	0.05162	0.01653	0.93185
517 T	0.04376	0.02463	0.93161
518 A	0.03268	0.03594	0.93138
519 C	0.02522	0.04360	0.93118
520 G	0.01986	0.04944	0.9307
521 A	0.01827	0.05139	0.93034
522 A	0.01757	0.05213	0.93029
523 A	0.01734	0.05237	0.9303
524 A	0.01729	0.05241	0.9303
525 T	0.01729	0.05220	0.93052
526 C	0.01717	0.05216	0.93067
527 C	0.01709	0.05219	0.93073
528 T	0.01701	0.05230	0.93069
529 A	0.01688	0.05247	0.93065
530 T	0.01681	0.05254	0.93064
531 C	0.01669	0.05268	0.93062
532 A	0.01661	0.05288	0.93052
533 A	0.01658	0.05287	0.93055
534 A	0.01663	0.05248	0.93088
535 G	0.01675	0.05170	0.93155
536 A	0.01699	0.05121	0.9318
537 A	0.01775	0.04509	0.93715
538 A	0.01812	0.04066	0.94122
539 T	0.01870	0.03375	0.94755
540 T	0.01903	0.02523	0.95574
541 A	0.01916	0.01865	0.96218
542 T	0.01928	0.01651	0.96421
543 T	0.01889	0.02308	0.95802
544 A	0.01850	0.03983	0.94167
545 A	0.01814	0.04863	0.93323
546 A	0.01794	0.05798	0.92408
547 G	0.01788	0.06148	0.92064
548 A	0.01785	0.06517	0.91698
549 A	0.01778	0.06584	0.91638
550 G	0.01777	0.06607	0.91616
551 T	0.01772	0.06639	0.91589
552 T	0.01748	0.06721	0.9153
553 C	0.01710	0.06809	0.91481
554 G	0.01678	0.06931	0.91391
555 A	0.01663	0.07045	0.91293
556 A	0.01656	0.07059	0.91285
557 A	0.01655	0.07063	0.91282
558 A	0.01663	0.07057	0.9128
559 A	0.01683	0.07037	0.9128
560 C	0.01722	0.06995	0.91283
561 A	0.01763	0.06972	0.91265
562 A	0.01821	0.06916	0.91263
563 A	0.01971	0.06762	0.91267
564 A	0.02356	0.06367	0.91277
565 G	0.02824	0.05886	0.9129
566 C	0.03949	0.04679	0.91372
567 T	0.05713	0.02874	0.91413
568 C	0.06516	0.02042	0.91441
569 T	0.07312	0.01252	0.91436
570 A	0.07538	0.01038	0.91424
571 A	0.07784	0.00801	0.91414
572 T	0.07892	0.00685	0.91423
573 T	0.07971	0.00604	0.91425
574 A	0.08019	0.00530	0.91451
575 T	0.08127	0.00392	0.91481
576 T	0.08169	0.00321	0.9151
577 T	0.08186	0.00302	0.91511
578 T	0.08182	0.00312	0.91506
579 A	0.08120	0.00388	0.91492
580 G	0.08071	0.00434	0.91495
581 A	0.08058	0.00446	0.91497
582 T	0.08054	0.00446	0.915
583 G	0.08030	0.00467	0.91503
584 C	0.08033	0.00463	0.91504
585 T	0.08015	0.00480	0.91504
586 G	0.07938	0.00558	0.91503
587 C	0.07888	0.00611	0.91501
588 T	0.07868	0.00639	0.91494
589 C	0.07846	0.00662	0.91492
590 A	0.07832	0.00681	0.91487
591 A	0.07826	0.00690	0.91485
592 T	0.07835	0.00683	0.91482
593 C	0.07842	0.00670	0.91488
594 T	0.07849	0.00664	0.91487
595 G	0.07839	0.00670	0.9149
596 T	0.07844	0.00662	0.91494
597 C	0.07844	0.00656	0.915
598 A	0.07851	0.00661	0.91488
599 G	0.07867	0.00628	0.91505
600 T	0.07896	0.00606	0.91499
601 T	0.07906	0.00641	0.91454
602 T	0.07854	0.00712	0.91434
603 T	0.07770	0.00795	0.91435
604 A	0.07598	0.01027	0.91375
605 A	0.07433	0.01244	0.91323
606 A	0.07286	0.01425	0.91289
607 A	0.07202	0.01566	0.91232
608 A	0.07150	0.01640	0.9121
609 A	0.07120	0.01667	0.91212
610 A	0.07094	0.01674	0.91232
611 T	0.07084	0.01682	0.91234
612 A	0.07061	0.01732	0.91208
613 G	0.07051	0.01792	0.91157
614 A	0.07048	0.01796	0.91156
615 T	0.07048	0.01788	0.91164
616 G	0.07044	0.01785	0.91171
617 T	0.07045	0.01777	0.91178
618 C	0.07041	0.01772	0.91187
619 C	0.07037	0.01777	0.91186
620 A	0.07037	0.01786	0.91178
621 A	0.07055	0.01777	0.91168
622 G	0.07073	0.01768	0.91159
623 A	0.07134	0.01715	0.91151
624 T	0.07259	0.01575	0.91166
625 T	0.07322	0.01408	0.91271
626 T	0.07358	0.01269	0.91373
627 A	0.07389	0.01092	0.91519
628 G	0.07432	0.00901	0.91667
629 A	0.07483	0.00728	0.91788
630 T	0.07569	0.00558	0.91873
631 G	0.07618	0.00467	0.91915
632 T	0.07702	0.00362	0.91936
633 A	0.07725	0.00327	0.91949
634 G	0.07744	0.00300	0.91957
635 A	0.07778	0.00255	0.91967
636 T	0.07844	0.00181	0.91975
637 T	0.07854	0.00183	0.91964
638 T	0.07851	0.00210	0.91939
639 T	0.07834	0.00279	0.91887
640 A	0.07801	0.00319	0.91881
641 T	0.07789	0.00337	0.91874
642 G	0.07765	0.00366	0.91869
643 G	0.07756	0.00385	0.91859
644 C	0.07759	0.00392	0.9185
645 T	0.07766	0.00409	0.91825
646 T	0.07765	0.00419	0.91816
647 T	0.07756	0.00437	0.91807
648 T	0.07743	0.00461	0.91797
649 T	0.07731	0.00476	0.91793
650 C	0.07718	0.00489	0.91793
651 A	0.07711	0.00496	0.91793
652 G	0.07711	0.00496	0.91793
653 C	0.07714	0.00494	0.91792
654 T	0.07703	0.00505	0.91791
655 C	0.07666	0.00544	0.9179
656 A	0.07648	0.00566	0.91786
657 T	0.07647	0.00568	0.91784
658 A	0.07630	0.00588	0.91781
659 A	0.07618	0.00602	0.9178
660 A	0.07627	0.00594	0.91779
661 A	0.07654	0.00560	0.91786
662 T	0.07704	0.00488	0.91808
663 G	0.07699	0.00467	0.91834
664 T	0.07704	0.00455	0.91841
665 A	0.07704	0.00442	0.91855
666 T	0.07716	0.00413	0.91871
667 G	0.07717	0.00398	0.91885
668 G	0.07733	0.00367	0.919
669 T	0.07742	0.00342	0.91917
670 C	0.07749	0.00318	0.91933
671 C	0.07758	0.00301	0.91941
672 T	0.07761	0.00294	0.91945
673 T	0.07762	0.00290	0.91948
674 T	0.07760	0.00291	0.91949
675 T	0.07757	0.00295	0.91947
676 G	0.07754	0.00304	0.91942
677 G	0.07752	0.00301	0.91947
678 T	0.07752	0.00285	0.91963
679 T	0.07746	0.00312	0.91942
680 T	0.07731	0.00375	0.91893
681 A	0.07685	0.00536	0.91778
682 G	0.07655	0.00739	0.91606
683 G	0.07648	0.00854	0.91498
684 A	0.07651	0.00878	0.91471
685 A	0.07656	0.00879	0.91465
686 T	0.07665	0.00855	0.91479
687 T	0.07671	0.00841	0.91488
688 C	0.07674	0.00831	0.91495
689 T	0.07674	0.00840	0.91486
690 T	0.07671	0.00855	0.91474
691 T	0.07664	0.00890	0.91446
692 T	0.07647	0.00972	0.91381
693 T	0.07590	0.01151	0.91259
694 G	0.07374	0.01577	0.9105
695 G	0.07202	0.02150	0.90648
696 A	0.07060	0.02651	0.90289
697 A	0.06967	0.03141	0.89891
698 A	0.06909	0.03387	0.89704
699 A	0.06870	0.03674	0.89457
700 A	0.06845	0.03984	0.8917
701 A	0.06854	0.04331	0.88814
702 G	0.06908	0.04331	0.88761
703 A	0.06981	0.04357	0.88662
704 A	0.07108	0.04232	0.88659
705 T	0.07301	0.04028	0.88671
706 C	0.07387	0.03952	0.88661
707 T	0.07416	0.03961	0.88622
708 T	0.07412	0.03996	0.88593
709 T	0.07390	0.04034	0.88577
710 T	0.07342	0.04090	0.88568
711 A	0.07166	0.04273	0.8856
712 G	0.07078	0.04357	0.88565
713 A	0.06977	0.04456	0.88567
714 A	0.06952	0.04459	0.88589
715 A	0.06990	0.04394	0.88616
716 A	0.07123	0.04194	0.88684
717 G	0.07364	0.03762	0.88874
718 T	0.07804	0.03179	0.89017
719 A	0.08103	0.02773	0.89123
720 T	0.08478	0.02319	0.89203
721 A	0.08617	0.02129	0.89254
722 A	0.08829	0.01871	0.893
723 A	0.09090	0.01557	0.89353
724 C	0.09455	0.01148	0.89397
725 C	0.09569	0.01028	0.89402
726 T	0.09750	0.00859	0.89391
727 T	0.09815	0.00804	0.89381
728 T	0.09837	0.00788	0.89375
729 T	0.09851	0.00783	0.89366
730 T	0.09860	0.00788	0.89352
731 T	0.09860	0.00803	0.89336
732 T	0.09854	0.00861	0.89285
733 A	0.09835	0.00972	0.89193
734 T	0.09807	0.00897	0.89296
735 A	0.09732	0.00988	0.89281
736 G	0.09692	0.00977	0.89331
737 G	0.09669	0.00991	0.8934
738 T	0.09649	0.01035	0.89316
739 G	0.09602	0.01157	0.89242
740 G	0.09588	0.01233	0.89178
741 A	0.09594	0.01324	0.89082
742 G	0.09608	0.01421	0.88971
743 G	0.09613	0.01433	0.88954
744 T	0.09618	0.01444	0.88938
745 A	0.09619	0.01505	0.88876
746 G	0.09621	0.01575	0.88804
747 C	0.09624	0.01594	0.88782
748 G	0.09626	0.01762	0.88612
749 T	0.09639	0.01859	0.88503
750 T	0.09643	0.01931	0.88426
751 C	0.09634	0.02004	0.88362
752 A	0.09633	0.02135	0.88233
753 A	0.09642	0.02196	0.88162
754 G	0.09693	0.02185	0.88123
755 A	0.09796	0.02117	0.88086
756 T	0.09966	0.01991	0.88043
757 G	0.10023	0.01947	0.88031
758 T	0.10132	0.01823	0.88045
759 T	0.10169	0.01763	0.88067
760 A	0.10179	0.01772	0.88049
761 A	0.10204	0.01763	0.88033
762 T	0.10282	0.01656	0.88063
763 C	0.10298	0.01651	0.88051
764 A	0.10237	0.01775	0.87988
765 T	0.10260	0.01784	0.87956
766 C	0.10112	0.01971	0.87917
767 A	0.10029	0.02217	0.87755
768 A	0.10052	0.02285	0.87663
769 A	0.10129	0.02278	0.87593
770 A	0.10195	0.02292	0.87513
771 T	0.10455	0.02087	0.87458
772 T	0.10613	0.01938	0.87448
773 T	0.10679	0.01875	0.87446
774 T	0.10588	0.01975	0.87437
775 A	0.10432	0.02157	0.87411
776 C	0.10423	0.02172	0.87405
777 T	0.10431	0.02169	0.87401
778 A	0.10395	0.02214	0.87391
779 T	0.10426	0.02184	0.87389
780 T	0.10407	0.02204	0.87388
781 C	0.10269	0.02349	0.87382
782 A	0.10199	0.02452	0.87349
783 A	0.10207	0.02470	0.87323
784 A	0.10241	0.02454	0.87305
785 A	0.10267	0.02440	0.87294
786 T	0.10338	0.02329	0.87332
787 T	0.10431	0.02049	0.8752
788 T	0.10470	0.01907	0.87623
789 G	0.10435	0.01806	0.87759
790 C	0.10533	0.01656	0.87811
791 C	0.10589	0.01622	0.87789
792 A	0.10644	0.01720	0.87636
793 T	0.10723	0.01737	0.8754
794 A	0.10771	0.01813	0.87415
795 T	0.10793	0.01922	0.87285
796 A	0.10791	0.02246	0.86963
797 G	0.10796	0.02295	0.86909
798 T	0.10755	0.02486	0.86758
799 T	0.10627	0.02840	0.86533
800 A	0.10188	0.03643	0.86169
801 T	0.09706	0.04580	0.85715
802 G	0.09084	0.05456	0.8546
803 A	0.08681	0.06018	0.85301
804 A	0.08403	0.06335	0.85262
805 G	0.08232	0.06612	0.85156
806 C	0.08155	0.06820	0.85024
807 A	0.08036	0.07652	0.84312
808 G	0.07965	0.07795	0.84239
809 G	0.07939	0.07879	0.84182
810 A	0.07920	0.07918	0.84162
811 A	0.07920	0.07915	0.84165
812 C	0.07972	0.07791	0.84236
813 T	0.08031	0.07723	0.84245
814 C	0.08083	0.07670	0.84247
815 C	0.08190	0.07579	0.84231
816 G	0.08257	0.07567	0.84176
817 A	0.08352	0.07527	0.84121
818 A	0.08496	0.07405	0.84099
819 T	0.08889	0.07019	0.84092
820 A	0.09142	0.06755	0.84102
821 T	0.09571	0.06181	0.84247
822 A	0.09728	0.05822	0.8445
823 A	0.09964	0.05116	0.8492
824 G	0.10196	0.04359	0.85445
825 T	0.10312	0.03843	0.85845
826 A	0.10112	0.04159	0.85729
827 G	0.10089	0.04143	0.85768
828 T	0.10183	0.04044	0.85773
829 A	0.10141	0.04154	0.85705
830 T	0.10597	0.03582	0.85821
831 T	0.10442	0.03679	0.85879
832 A	0.10090	0.04012	0.85898
833 T	0.09933	0.04154	0.85913
834 C	0.09711	0.04375	0.85914
835 G	0.09556	0.04554	0.8589
836 C	0.09476	0.04654	0.8587
837 T	0.09419	0.04726	0.85855
838 T	0.09315	0.04841	0.85844
839 T	0.09227	0.04945	0.85829
840 T	0.09066	0.05121	0.85814
841 C	0.08738	0.05493	0.85769
842 A	0.08425	0.06059	0.85516
843 A	0.08255	0.06573	0.85171
844 A	0.07889	0.07286	0.84826
845 A	0.07205	0.08291	0.84503
846 A	0.06782	0.08976	0.84243
847 A	0.06686	0.09030	0.84285
848 G	0.06714	0.08829	0.84456
849 T	0.07130	0.08213	0.84658
850 T	0.07189	0.08266	0.84545
851 T	0.07175	0.09045	0.8378
852 G	0.07101	0.10144	0.82755
853 G	0.07057	0.11062	0.81881
854 A	0.07045	0.12355	0.806
855 A	0.07037	0.13831	0.79131
856 T	0.07062	0.15217	0.77721
857 T	0.07064	0.15586	0.7735
858 T	0.06992	0.15735	0.77273
859 A	0.06870	0.15963	0.77168
860 T	0.06792	0.15958	0.7725
861 C	0.06484	0.16554	0.76962
862 C	0.06358	0.17737	0.75905
863 A	0.06240	0.21975	0.71786
864 A	0.06128	0.25058	0.68815
865 A	0.06299	0.26299	0.67401
866 A	0.06593	0.27110	0.66297
867 A	0.06934	0.27750	0.65316
868 A	0.07278	0.27809	0.64914
869 T	0.07518	0.31016	0.61467
870 A	0.07685	0.32780	0.59535
871 G	0.07890	0.35077	0.57033
872 G	0.08267	0.36831	0.54903
873 A	0.08797	0.38990	0.52212
874 T	0.10041	0.39988	0.49971
875 T	0.11047	0.40225	0.48727
876 A	0.11199	0.41659	0.47142
877 A	0.11519	0.41706	0.46776
878 A	0.12204	0.41261	0.46535
879 A	0.13251	0.40353	0.46395
880 A	0.13634	0.40120	0.46246
881 C	0.14046	0.39603	0.46352
882 A	0.14519	0.39096	0.46384
883 A	0.15302	0.38295	0.46402
884 T	0.16652	0.36748	0.466
885 T	0.17211	0.36099	0.4669
886 C	0.19133	0.34097	0.4677
887 A	0.20152	0.33025	0.46823
888 A	0.20357	0.32799	0.46844
889 C	0.20248	0.32860	0.46892
890 A	0.20551	0.32591	0.46857
891 A	0.21618	0.31554	0.46827
892 C	0.27635	0.25476	0.4689
893 A	0.29759	0.23724	0.46517
894 T	0.33325	0.20688	0.45987
895 A	0.33577	0.21283	0.45141
896 A	0.32686	0.23113	0.44201
897 T	0.30982	0.24924	0.44094
898 A	0.15224	0.40686	0.4409
899 A	0.11480	0.44013	0.44506
900 A	0.08905	0.46017	0.45078
901 C	0.07931	0.46174	0.45895
902 A	0.06873	0.47180	0.45946
903 T	0.06439	0.47555	0.46006
904 A	0.05937	0.48147	0.45916
905 T	0.05767	0.48313	0.4592
906 A	0.05570	0.48493	0.45936
907 A	0.05515	0.48196	0.46288
908 T	0.05456	0.47353	0.47191
909 T	0.05375	0.46092	0.48533
910 G	0.05318	0.45063	0.49618
911 A	0.05238	0.44454	0.50308
912 A	0.05115	0.43930	0.50954
913 C	0.05099	0.43121	0.5178
914 A	0.05082	0.43409	0.51509
915 A	0.05148	0.43591	0.51262
916 A	0.05498	0.42763	0.51738
917 T	0.06039	0.41922	0.52039
918 A	0.06850	0.40865	0.52285
919 A	0.07798	0.37012	0.5519
920 A	0.08015	0.32658	0.59327
921 T	0.08295	0.14639	0.77066
922 T	0.08426	0.10106	0.81468
923 T	0.08523	0.07964	0.83513
924 T	0.08594	0.08074	0.83332
925 C	0.08505	0.08258	0.83236
926 G	0.08276	0.10152	0.81572
927 A	0.08026	0.13341	0.78633
928 T	0.07705	0.16958	0.75337
929 T	0.06639	0.23548	0.69812
930 A	0.04321	0.45544	0.50135
931 A	0.03391	0.52610	0.43999
932 A	0.03065	0.55711	0.41225
933 A	0.02874	0.57437	0.39689
934 A	0.02860	0.58084	0.39057
935 A	0.02926	0.58460	0.38614
936 A	0.03045	0.58306	0.3865
937 A	0.03492	0.57767	0.3874
938 T	0.04137	0.57036	0.38827
939 A	0.04367	0.56767	0.38866
940 C	0.04635	0.56436	0.38929
941 C	0.05098	0.55956	0.38946
942 C	0.05400	0.55652	0.38948
943 C	0.05581	0.55484	0.38934
944 A	0.05699	0.55408	0.38893
945 A	0.05972	0.55184	0.38844
946 A	0.06807	0.54388	0.38805
947 T	0.08836	0.52358	0.38806
948 T	0.10327	0.50773	0.389
949 A	0.12362	0.48599	0.39039
950 A	0.15972	0.44651	0.39376
951 A	0.20082	0.40082	0.39836
952 A	0.26291	0.32848	0.40861
953 T	0.45369	0.11636	0.42995
954 T	0.51003	0.05603	0.43393
955 T	0.53414	0.03565	0.43022
956 T	0.53590	0.05124	0.41285
957 T	0.51866	0.08029	0.40106
958 A	0.48822	0.11315	0.39863
959 A	0.43725	0.16483	0.39792
960 T	0.41400	0.18873	0.39727
961 C	0.35459	0.24978	0.39563
962 C	0.32656	0.27872	0.39472
963 A	0.29514	0.31177	0.39309
964 A	0.25858	0.34846	0.39295
965 A	0.23664	0.37040	0.39296
966 C	0.22918	0.37785	0.39297
967 G	0.22529	0.38174	0.39296
968 C	0.22440	0.38260	0.393
969 C	0.22376	0.38323	0.39301
970 G	0.22332	0.38367	0.39301
971 A	0.22352	0.38348	0.393
972 T	0.22602	0.38089	0.39309
973 C	0.22665	0.38026	0.39309
974 A	0.22868	0.37839	0.39293
975 T	0.23278	0.37433	0.39288
976 A	0.23474	0.37265	0.39261
977 T	0.23830	0.36834	0.39336
978 A	0.24155	0.36434	0.3941
979 A	0.25521	0.33637	0.40842
980 T	0.26676	0.29974	0.43349
981 T	0.26997	0.26284	0.46719
982 A	0.27044	0.21960	0.50996
983 A	0.27140	0.19099	0.53761
984 T	0.27307	0.12720	0.59973
985 T	0.27359	0.10137	0.62504
986 T	0.27425	0.07568	0.65006
987 T	0.27417	0.05277	0.67306
988 A	0.27393	0.04682	0.67924
989 A	0.27354	0.04679	0.67967
990 T	0.27235	0.04792	0.67973
991 T	0.26754	0.06033	0.67212
992 T	0.24590	0.08587	0.66823
993 A	0.22424	0.12155	0.6542
994 G	0.21319	0.14046	0.64635
995 G	0.20678	0.15828	0.63494
996 A	0.20412	0.18257	0.61331
997 A	0.20300	0.20042	0.59658
998 A	0.20270	0.22370	0.5736
999 T	0.20309	0.22754	0.56937
1000 A	0.20257	0.23557	0.56186
1001 T	0.20272	0.24001	0.55728
1002 T	0.20270	0.24013	0.55717
1003 C	0.20241	0.24014	0.55746
1004 A	0.20234	0.24010	0.55756
1005 T	0.20347	0.23850	0.55803
1006 C	0.20469	0.23703	0.55828
1007 C	0.20738	0.23430	0.55833
1008 T	0.21160	0.23012	0.55828
1009 C	0.21277	0.22880	0.55843
1010 A	0.21432	0.22777	0.55791
1011 T	0.22091	0.22178	0.55731
1012 G	0.22634	0.21679	0.55687
1013 A	0.23169	0.21030	0.558
1014 T	0.24418	0.19339	0.56244
1015 G	0.24911	0.16563	0.58525
1016 T	0.26192	0.13794	0.60014
1017 A	0.26366	0.14643	0.5899
1018 G	0.25498	0.20008	0.54494
1019 A	0.26216	0.23350	0.50434
1020 A	0.26745	0.26864	0.4639
1021 G	0.28452	0.26780	0.44768
1022 A	0.28997	0.27347	0.43655
1023 A	0.29927	0.26875	0.43198
1024 T	0.30555	0.26695	0.4275
1025 T	0.30551	0.26991	0.42458
1026 T	0.30391	0.27474	0.42136
1027 T	0.30150	0.27986	0.41864
1028 T	0.29831	0.28485	0.41685
1029 A	0.29394	0.29205	0.41402
1030 A	0.29163	0.29445	0.41393
1031 T	0.29036	0.29521	0.41443
1032 A	0.28739	0.29750	0.4151
1033 G	0.28670	0.29745	0.41584
1034 C	0.28565	0.29819	0.41616
1035 C	0.28476	0.29930	0.41594
1036 A	0.28438	0.30120	0.41441
1037 A	0.28587	0.30090	0.41323
1038 A	0.28803	0.29986	0.41211
1039 A	0.29355	0.29522	0.41122
1040 A	0.31622	0.26989	0.41389
1041 T	0.37770	0.18851	0.43379
1042 A	0.41753	0.14015	0.44231
1043 T	0.45678	0.09046	0.45277
1044 T	0.46695	0.07866	0.45439
1045 T	0.47118	0.07606	0.45276
1046 A	0.46368	0.08612	0.4502
1047 T	0.46145	0.08655	0.452
1048 G	0.45638	0.08968	0.45395
1049 T	0.45104	0.09407	0.4549
1050 T	0.44168	0.11009	0.44823
1051 C	0.41661	0.13633	0.44706
1052 G	0.38615	0.17064	0.44322
1053 A	0.30772	0.25109	0.44119
1054 A	0.26558	0.29456	0.43986
1055 C	0.23339	0.32725	0.43936
1056 A	0.22050	0.34503	0.43447
1057 G	0.21606	0.35349	0.43045
1058 G	0.21354	0.35831	0.42815
1059 A	0.21278	0.35935	0.42786
1060 A	0.21274	0.35950	0.42775
1061 A	0.21375	0.35589	0.43036
1062 A	0.21460	0.35191	0.43349
1063 C	0.21601	0.34817	0.43582
1064 A	0.21774	0.34641	0.43585
1065 T	0.22121	0.34201	0.43679
1066 T	0.22280	0.33904	0.43816
1067 G	0.22316	0.33665	0.44018
1068 T	0.22470	0.33385	0.44144
1069 G	0.22511	0.32110	0.45379
1070 C	0.22487	0.30934	0.46578
1071 A	0.22501	0.30300	0.47199
1072 G	0.22807	0.28842	0.48351
1073 A	0.23756	0.26972	0.49272
1074 T	0.24441	0.24231	0.51328
1075 T	0.24931	0.21386	0.53683
1076 T	0.25108	0.13251	0.61641
1077 A	0.25147	0.09217	0.65636
1078 G	0.25304	0.05898	0.68798
1079 C	0.25615	0.05175	0.6921
1080 T	0.26056	0.07074	0.6687
1081 A	0.26118	0.10922	0.6296
1082 T	0.26111	0.12245	0.61644
1083 T	0.24471	0.17024	0.58505
1084 A	0.22476	0.22982	0.54542
1085 A	0.20586	0.31004	0.4841
1086 A	0.18625	0.37338	0.44038
1087 A	0.18009	0.41611	0.40379
1088 A	0.17601	0.43677	0.38721
1089 A	0.16026	0.46368	0.37606
1090 A	0.15015	0.49095	0.3589
1091 T	0.14304	0.50603	0.35093
1092 A	0.11933	0.53201	0.34866
1093 A	0.10577	0.54746	0.34676
1094 A	0.10072	0.55271	0.34658
1095 T	0.09800	0.55543	0.34657
1096 C	0.09491	0.55828	0.34681
1097 A	0.09240	0.56095	0.34664
1098 A	0.09094	0.56244	0.34663
1099 A	0.09097	0.56221	0.34682
1100 C	0.09271	0.55992	0.34737
1101 A	0.09565	0.55725	0.3471
1102 A	0.10731	0.54470	0.348
1103 G	0.13856	0.51164	0.3498
1104 T	0.18346	0.46419	0.35235
1105 A	0.19577	0.45067	0.35356
1106 C	0.22372	0.40277	0.37351
1107 A	0.25531	0.35864	0.38605
1108 A	0.31008	0.28928	0.40063
1109 T	0.35383	0.22868	0.41749
1110 T	0.39101	0.18598	0.42301
1111 A	0.40145	0.17285	0.4257
1112 G	0.41022	0.14531	0.44447
1113 A	0.42301	0.12148	0.4555
1114 A	0.42879	0.10391	0.4673
1115 T	0.43245	0.07356	0.49399
1116 T	0.43422	0.05457	0.51121
1117 T	0.43414	0.04702	0.51884
1118 C	0.43133	0.04463	0.52404
1119 T	0.42704	0.04782	0.52514
1120 G	0.41590	0.06044	0.52365
1121 T	0.40572	0.07531	0.51896
1122 A	0.35477	0.13593	0.50931
1123 G	0.32368	0.18596	0.49037
1124 G	0.29966	0.22405	0.47629
1125 A	0.29026	0.25092	0.45881
1126 A	0.28229	0.27110	0.44661
1127 T	0.27931	0.27760	0.44309
1128 T	0.27468	0.28672	0.4386
1129 T	0.26144	0.31417	0.42439
1130 A	0.25763	0.32987	0.41251
1131 T	0.25516	0.34293	0.40191
1132 A	0.25004	0.35891	0.39105
1133 A	0.24875	0.36163	0.38963
1134 T	0.24894	0.36051	0.39055
1135 A	0.24594	0.36173	0.39234
1136 A	0.24559	0.36001	0.3944
1137 T	0.24529	0.35718	0.39753
1138 T	0.24486	0.35479	0.40034
1139 C	0.24356	0.35179	0.40464
1140 T	0.24311	0.35084	0.40605
1141 G	0.24125	0.35174	0.40701
1142 A	0.24166	0.34958	0.40876
1143 A	0.24424	0.34112	0.41465
1144 G	0.24969	0.32699	0.42333
1145 A	0.26027	0.26609	0.47365
1146 T	0.28595	0.20895	0.50511
1147 A	0.30220	0.16677	0.53103
1148 T	0.32053	0.13736	0.54211
1149 T	0.33099	0.11696	0.55206
1150 G	0.33407	0.10887	0.55706
1151 A	0.33870	0.10063	0.56067
1152 C	0.35240	0.07359	0.57402
1153 A	0.36342	0.06558	0.57099
1154 T	0.37495	0.06061	0.56444
1155 T	0.38351	0.06577	0.55072
1156 T	0.38251	0.07650	0.541
1157 T	0.37290	0.10816	0.51894
1158 A	0.32742	0.18437	0.4882
1159 A	0.28989	0.28105	0.42905
1160 T	0.27348	0.32309	0.40343
1161 A	0.23112	0.41526	0.35362
1162 G	0.20023	0.45323	0.34655
1163 A	0.17442	0.48469	0.34089
1164 T	0.16173	0.49945	0.33882
1165 A	0.14393	0.52080	0.33528
1166 C	0.13394	0.53229	0.33377
1167 A	0.12768	0.54225	0.33007
1168 T	0.12490	0.54661	0.3285
1169 T	0.12025	0.55243	0.32732
1170 A	0.11205	0.56154	0.32641
1171 A	0.10510	0.56935	0.32556
1172 A	0.10399	0.57027	0.32574
1173 A	0.10356	0.57006	0.32639
1174 A	0.10389	0.56916	0.32695
1175 A	0.10571	0.56661	0.32768
1176 A	0.11199	0.55909	0.32892
1177 A	0.12382	0.54514	0.33104
1178 T	0.14499	0.51882	0.3362
1179 A	0.15663	0.50231	0.34106
1180 A	0.17862	0.46942	0.35196
1181 A	0.21281	0.39174	0.39546
1182 T	0.27038	0.29537	0.43424
1183 A	0.29348	0.25391	0.45261
1184 A	0.34146	0.16591	0.49263
1185 T	0.35627	0.11750	0.52623
1186 T	0.36412	0.08222	0.55366
1187 T	0.36816	0.06313	0.56872
1188 T	0.37121	0.04394	0.58485
1189 T	0.37273	0.03277	0.59451
1190 T	0.37422	0.02449	0.60128
1191 T	0.37503	0.01957	0.6054
1192 T	0.37565	0.01428	0.61008
1193 A	0.37613	0.00740	0.61647
1194 A	0.37690	0.00000	0.6231
