# lcl|CP097583.1_cds_USQ93545.1_1
# AA	inside	membr	outside
1 A	0.36174	0.00000	0.63826
2 T	0.35899	0.00275	0.63826
3 G	0.35703	0.00471	0.63826
4 A	0.35703	0.13874	0.50424
5 A	0.34524	0.31689	0.33786
6 A	0.34524	0.34581	0.30894
7 T	0.33206	0.35984	0.3081
8 T	0.33206	0.35986	0.30808
9 T	0.32171	0.37094	0.30735
10 T	0.32167	0.41009	0.26824
11 C	0.31260	0.42154	0.26586
12 G	0.21841	0.51622	0.26537
13 A	0.13537	0.60146	0.26318
14 A	0.13535	0.60147	0.26318
15 A	0.13535	0.60223	0.26242
16 C	0.13499	0.60259	0.26242
17 A	0.13441	0.60321	0.26238
18 A	0.13440	0.60327	0.26234
19 C	0.13411	0.60360	0.26229
20 A	0.13304	0.60667	0.26029
21 A	0.12952	0.61019	0.26029
22 A	0.13030	0.60957	0.26013
23 A	0.13255	0.60734	0.26011
24 A	0.14142	0.59845	0.26013
25 A	0.15779	0.57821	0.26399
26 T	0.17722	0.55618	0.2666
27 A	0.28493	0.44652	0.26854
28 A	0.42810	0.29275	0.27915
29 T	0.46122	0.25658	0.28221
30 T	0.46923	0.23272	0.29805
31 A	0.47115	0.22208	0.30677
32 T	0.47511	0.18976	0.33514
33 T	0.49978	0.14790	0.35232
34 T	0.50136	0.13245	0.36619
35 T	0.50180	0.06864	0.42956
36 T	0.50279	0.01613	0.48108
37 T	0.50243	0.01558	0.482
38 C	0.50181	0.01590	0.4823
39 A	0.50082	0.01881	0.48037
40 T	0.50054	0.01983	0.47964
41 A	0.50042	0.02092	0.47866
42 T	0.50066	0.02085	0.4785
43 T	0.50226	0.01884	0.4789
44 A	0.50219	0.01676	0.48105
45 T	0.50227	0.01699	0.48074
46 T	0.50213	0.01737	0.4805
47 T	0.50173	0.01803	0.48024
48 T	0.50135	0.01866	0.47998
49 A	0.50119	0.01978	0.47903
50 T	0.50122	0.02035	0.47843
51 T	0.50126	0.02064	0.4781
52 T	0.50125	0.02137	0.47738
53 T	0.50120	0.02376	0.47505
54 A	0.50122	0.02785	0.47093
55 A	0.50129	0.02927	0.46944
56 T	0.50200	0.02885	0.46916
57 T	0.50263	0.02823	0.46914
58 T	0.50308	0.02808	0.46883
59 T	0.50389	0.02737	0.46874
60 T	0.50432	0.02713	0.46856
61 T	0.50463	0.02661	0.46876
62 A	0.50572	0.02520	0.46908
63 T	0.50692	0.02384	0.46925
64 T	0.50806	0.02269	0.46925
65 T	0.50853	0.02229	0.46917
66 T	0.50873	0.02227	0.469
67 A	0.50960	0.02164	0.46876
68 T	0.51064	0.02042	0.46894
69 T	0.51127	0.01964	0.46909
70 T	0.51157	0.01919	0.46924
71 T	0.51141	0.01942	0.46916
72 C	0.51054	0.02039	0.46906
73 A	0.51037	0.02140	0.46823
74 G	0.51060	0.02177	0.46764
75 A	0.51153	0.02126	0.46722
76 T	0.51449	0.01858	0.46693
77 T	0.51833	0.01532	0.46635
78 A	0.51936	0.01436	0.46628
79 T	0.51974	0.01408	0.46618
80 A	0.51906	0.01524	0.4657
81 T	0.51877	0.01593	0.4653
82 C	0.51523	0.02067	0.4641
83 T	0.51254	0.02677	0.46069
84 T	0.50709	0.03499	0.45792
85 A	0.47904	0.06372	0.45725
86 T	0.46113	0.08181	0.45707
87 T	0.43864	0.10444	0.45692
88 G	0.41139	0.13165	0.45696
89 C	0.39644	0.14649	0.45708
90 G	0.38617	0.15717	0.45666
91 G	0.37918	0.16431	0.45651
92 A	0.37635	0.16717	0.45648
93 A	0.37175	0.17172	0.45653
94 T	0.36960	0.17365	0.45676
95 C	0.36606	0.17596	0.45797
96 C	0.36315	0.17860	0.45826
97 T	0.36183	0.17998	0.45819
98 A	0.35996	0.18218	0.45786
99 C	0.35880	0.18347	0.45773
100 A	0.35819	0.18436	0.45745
101 A	0.35799	0.18454	0.45747
102 A	0.35811	0.18398	0.4579
103 A	0.35892	0.18196	0.45912
104 G	0.36021	0.17909	0.4607
105 T	0.36255	0.16897	0.46847
106 T	0.36568	0.15736	0.47696
107 A	0.36753	0.14581	0.48665
108 T	0.36817	0.10598	0.52585
109 T	0.36827	0.08110	0.55064
110 C	0.36814	0.06142	0.57044
111 T	0.36804	0.05006	0.5819
112 A	0.36767	0.04596	0.58637
113 A	0.36744	0.04052	0.59204
114 A	0.36714	0.03622	0.59664
115 T	0.36667	0.03504	0.59829
116 T	0.36124	0.03584	0.60292
117 G	0.35479	0.04491	0.60031
118 G	0.35128	0.05205	0.59668
119 G	0.34902	0.06757	0.58341
120 G	0.34807	0.09159	0.56035
121 T	0.34800	0.11071	0.54129
122 T	0.34726	0.16138	0.49136
123 T	0.34574	0.19712	0.45714
124 A	0.34418	0.20886	0.44696
125 T	0.34310	0.21411	0.44279
126 T	0.34136	0.21810	0.44054
127 A	0.33902	0.22276	0.43822
128 C	0.33783	0.22505	0.43711
129 A	0.33551	0.22803	0.43646
130 G	0.33261	0.23159	0.4358
131 A	0.32991	0.23479	0.43529
132 A	0.32853	0.23641	0.43506
133 C	0.32576	0.23919	0.43505
134 A	0.32416	0.24089	0.43495
135 A	0.32371	0.24109	0.4352
136 A	0.32384	0.24051	0.43566
137 A	0.32483	0.23910	0.43608
138 A	0.32600	0.23749	0.43651
139 G	0.32962	0.22813	0.44225
140 A	0.33887	0.21363	0.4475
141 A	0.35187	0.19755	0.45058
142 G	0.37327	0.17354	0.45318
143 T	0.40495	0.14051	0.45454
144 A	0.42328	0.12136	0.45536
145 T	0.46840	0.07443	0.45717
146 C	0.49214	0.04822	0.45964
147 T	0.50136	0.03769	0.46095
148 T	0.50264	0.03564	0.46172
149 T	0.49801	0.03969	0.4623
150 C	0.49400	0.04279	0.46321
151 G	0.49002	0.04711	0.46286
152 A	0.48891	0.04683	0.46426
153 T	0.48905	0.04460	0.46634
154 T	0.48834	0.04346	0.46821
155 T	0.48667	0.04425	0.46907
156 T	0.48371	0.04419	0.47211
157 T	0.47863	0.04717	0.47419
158 G	0.47444	0.05000	0.47556
159 G	0.47312	0.05057	0.4763
160 A	0.47276	0.05063	0.47661
161 A	0.47273	0.05020	0.47707
162 A	0.47293	0.04957	0.4775
163 T	0.47379	0.04804	0.47818
164 T	0.47400	0.04719	0.47882
165 T	0.47385	0.04720	0.47895
166 T	0.47351	0.04801	0.47848
167 T	0.47315	0.04863	0.47822
168 A	0.47280	0.04960	0.47759
169 A	0.47254	0.04971	0.47774
170 A	0.47240	0.04924	0.47836
171 A	0.47275	0.04702	0.48023
172 T	0.47403	0.04017	0.48579
173 T	0.47511	0.03638	0.48851
174 T	0.47572	0.03275	0.49154
175 T	0.47592	0.03293	0.49114
176 T	0.47588	0.03398	0.49014
177 T	0.47393	0.03972	0.48635
178 A	0.47062	0.04992	0.47946
179 T	0.46707	0.06005	0.47289
180 T	0.46173	0.06969	0.46859
181 A	0.45033	0.08973	0.45994
182 T	0.44508	0.09974	0.45518
183 G	0.43765	0.11156	0.4508
184 A	0.43384	0.11963	0.44653
185 A	0.43274	0.12240	0.44486
186 T	0.43237	0.12348	0.44415
187 G	0.43156	0.12468	0.44377
188 A	0.43125	0.12553	0.44322
189 T	0.43135	0.12601	0.44264
190 G	0.43131	0.12610	0.44259
191 A	0.43165	0.12589	0.44245
192 A	0.43211	0.12572	0.44216
193 A	0.43289	0.12497	0.44214
194 C	0.43388	0.12387	0.44225
195 A	0.43519	0.12280	0.44202
196 T	0.43772	0.12028	0.442
197 A	0.43929	0.11876	0.44196
198 T	0.44319	0.11482	0.44198
199 A	0.44583	0.11209	0.44207
200 A	0.45227	0.10249	0.44524
201 A	0.46242	0.08678	0.4508
202 T	0.47673	0.06576	0.4575
203 T	0.48525	0.05087	0.46388
204 T	0.49517	0.03122	0.47361
205 T	0.49870	0.02336	0.47793
206 T	0.50109	0.01621	0.4827
207 T	0.50269	0.01223	0.48507
208 T	0.50360	0.01037	0.48603
209 T	0.50412	0.00934	0.48654
210 A	0.50432	0.00864	0.48704
211 A	0.50479	0.00776	0.48745
212 C	0.50564	0.00640	0.48796
213 T	0.50614	0.00764	0.48621
214 A	0.50656	0.00914	0.4843
215 T	0.50730	0.00898	0.48372
216 T	0.50761	0.00922	0.48317
217 T	0.50773	0.00973	0.48255
218 T	0.50780	0.01062	0.48159
219 G	0.50729	0.01165	0.48107
220 G	0.50728	0.01240	0.48033
221 T	0.50744	0.01305	0.47951
222 T	0.50745	0.01355	0.479
223 T	0.50736	0.01407	0.47857
224 T	0.50718	0.01458	0.47824
225 T	0.50707	0.01503	0.4779
226 A	0.50694	0.01540	0.47766
227 T	0.50695	0.01541	0.47764
228 T	0.50696	0.01539	0.47764
229 T	0.50698	0.01535	0.47766
230 T	0.50696	0.01534	0.4777
231 C	0.50672	0.01554	0.47774
232 A	0.50663	0.01562	0.47775
233 C	0.50687	0.01533	0.4778
234 T	0.50733	0.01486	0.47781
235 C	0.50778	0.01440	0.47782
236 C	0.51037	0.01182	0.47782
237 T	0.51284	0.00934	0.47782
238 T	0.51350	0.00869	0.47781
239 T	0.51382	0.00836	0.47782
240 A	0.51411	0.00806	0.47782
241 T	0.51505	0.00703	0.47792
242 T	0.51562	0.00576	0.47863
243 T	0.51645	0.00474	0.47881
244 T	0.51722	0.00393	0.47885
245 T	0.51731	0.00378	0.47891
246 T	0.51653	0.00476	0.47871
247 T	0.51442	0.00764	0.47794
248 T	0.50954	0.01397	0.47649
249 A	0.50035	0.02581	0.47384
250 T	0.49692	0.03051	0.47257
251 T	0.49219	0.03642	0.47139
252 T	0.48018	0.05044	0.46939
253 T	0.46062	0.07330	0.46608
254 T	0.43071	0.10567	0.46362
255 T	0.38113	0.15748	0.46139
256 A	0.29813	0.24535	0.45653
257 A	0.29042	0.25368	0.4559
258 A	0.28709	0.25728	0.45563
259 G	0.28518	0.25935	0.45547
260 T	0.28468	0.25990	0.45541
261 T	0.28401	0.26062	0.45537
262 A	0.28394	0.26067	0.45539
263 A	0.28393	0.26063	0.45544
264 A	0.28395	0.26055	0.4555
265 G	0.28398	0.26038	0.45563
266 A	0.28407	0.26005	0.45589
267 T	0.28436	0.25921	0.45643
268 A	0.28459	0.25836	0.45705
269 A	0.28513	0.25657	0.45829
270 A	0.28625	0.25308	0.46067
271 A	0.28811	0.24510	0.46679
272 T	0.29143	0.22962	0.47895
273 T	0.29335	0.21920	0.48745
274 A	0.29474	0.20728	0.49799
275 G	0.29709	0.18182	0.52109
276 T	0.30119	0.14945	0.54937
277 T	0.30348	0.11677	0.57975
278 A	0.30521	0.07578	0.619
279 A	0.30954	0.00000	0.69047
