# lcl|CP097583.1_cds_USQ93175.1_1
# AA	inside	membr	outside
1 A	0.50026	0.00000	0.49974
2 T	0.49105	0.00921	0.49974
3 G	0.48847	0.01180	0.49974
4 A	0.48847	0.11659	0.39495
5 A	0.45920	0.25690	0.2839
6 T	0.45920	0.27788	0.26292
7 A	0.22808	0.52886	0.24306
8 A	0.22806	0.52908	0.24286
9 A	0.18459	0.57569	0.23972
10 A	0.18455	0.67873	0.13673
11 T	0.18254	0.68382	0.13364
12 A	0.12740	0.74118	0.13142
13 A	0.06190	0.81459	0.1235
14 A	0.06189	0.81461	0.1235
15 T	0.06189	0.87250	0.0656
16 A	0.05946	0.87493	0.0656
17 A	0.05690	0.87824	0.06486
18 A	0.05684	0.87980	0.06336
19 A	0.05627	0.88110	0.06263
20 A	0.05523	0.88732	0.05746
21 T	0.05468	0.88744	0.05788
22 A	0.05636	0.88498	0.05866
23 A	0.06033	0.87882	0.06086
24 T	0.07567	0.86073	0.0636
25 C	0.08224	0.82826	0.0895
26 A	0.08629	0.82240	0.09132
27 A	0.16679	0.73402	0.09919
28 A	0.26056	0.62595	0.11349
29 A	0.28646	0.59663	0.11691
30 T	0.33889	0.36270	0.29841
31 A	0.34431	0.33602	0.31968
32 T	0.35444	0.26620	0.37936
33 T	0.40070	0.25386	0.34543
34 A	0.38352	0.40789	0.2086
35 A	0.38215	0.43266	0.1852
36 A	0.37112	0.43200	0.19688
37 A	0.36883	0.43648	0.19469
38 T	0.41576	0.39150	0.19274
39 A	0.40511	0.40893	0.18596
40 G	0.40485	0.40656	0.18859
41 C	0.40599	0.40532	0.18869
42 T	0.40673	0.40619	0.18708
43 T	0.40903	0.40395	0.18701
44 C	0.40287	0.41363	0.1835
45 G	0.40117	0.42074	0.17808
46 A	0.40028	0.42259	0.17712
47 C	0.39964	0.42330	0.17705
48 A	0.39950	0.42386	0.17665
49 T	0.40175	0.42172	0.17653
50 C	0.40266	0.42076	0.17658
51 A	0.40546	0.41794	0.17661
52 A	0.41057	0.41263	0.17679
53 C	0.42507	0.39642	0.17851
54 T	0.44714	0.37335	0.17951
55 A	0.45674	0.36349	0.17977
56 G	0.50039	0.30677	0.19284
57 T	0.62887	0.16051	0.21062
58 T	0.66947	0.11548	0.21506
59 G	0.69033	0.07559	0.23409
60 T	0.69648	0.06696	0.23656
61 T	0.69715	0.07212	0.23073
62 T	0.69632	0.07296	0.23072
63 A	0.68902	0.08940	0.22158
64 G	0.68611	0.10261	0.21129
65 A	0.68704	0.11484	0.19812
66 T	0.68814	0.12755	0.18431
67 T	0.68933	0.12726	0.18341
68 A	0.66642	0.15562	0.17797
69 T	0.65038	0.17134	0.17829
70 T	0.63590	0.18507	0.17903
71 C	0.61075	0.20983	0.17942
72 T	0.59289	0.22798	0.17913
73 C	0.54273	0.27946	0.17781
74 C	0.52098	0.30306	0.17595
75 A	0.49659	0.33180	0.17161
76 T	0.47056	0.36184	0.1676
77 A	0.38803	0.44699	0.16498
78 T	0.35271	0.48473	0.16255
79 A	0.31407	0.52519	0.16074
80 A	0.30161	0.53831	0.16008
81 A	0.29311	0.54623	0.16066
82 A	0.28947	0.54864	0.1619
83 A	0.29222	0.54374	0.16405
84 T	0.30406	0.52735	0.16859
85 C	0.30748	0.51818	0.17433
86 A	0.31443	0.50794	0.17763
87 T	0.32332	0.49758	0.1791
88 A	0.32747	0.49391	0.17863
89 A	0.33632	0.48532	0.17836
90 T	0.33811	0.48135	0.18054
91 A	0.33788	0.45233	0.20978
92 T	0.33568	0.43438	0.22994
93 T	0.33244	0.41958	0.24798
94 G	0.32819	0.39873	0.27309
95 A	0.32617	0.37732	0.29652
96 T	0.32790	0.32094	0.35116
97 T	0.32892	0.29570	0.37538
98 T	0.33047	0.27492	0.39461
99 A	0.32793	0.26106	0.41101
100 A	0.32492	0.20314	0.47194
101 T	0.32358	0.17115	0.50527
102 T	0.31715	0.15381	0.52904
103 A	0.30550	0.16955	0.52495
104 G	0.30072	0.17029	0.52899
105 A	0.29392	0.18366	0.52241
106 A	0.28206	0.20294	0.515
107 T	0.27427	0.21894	0.5068
108 T	0.26611	0.25562	0.47828
109 A	0.25136	0.34555	0.40309
110 A	0.24119	0.43682	0.32199
111 A	0.23601	0.46411	0.29989
112 A	0.23528	0.47667	0.28805
113 T	0.23713	0.47527	0.28761
114 T	0.23777	0.48296	0.27927
115 T	0.23553	0.48805	0.27642
116 T	0.23167	0.50069	0.26764
117 T	0.22420	0.51525	0.26055
118 G	0.21303	0.54331	0.24366
119 T	0.21076	0.55841	0.23082
120 A	0.20700	0.57760	0.2154
121 A	0.20371	0.59466	0.20164
122 A	0.20637	0.59367	0.19997
123 T	0.21798	0.58093	0.2011
124 A	0.21934	0.58726	0.1934
125 A	0.22456	0.58349	0.19194
126 T	0.23600	0.56873	0.19527
127 A	0.23856	0.57170	0.18975
128 A	0.24644	0.55983	0.19373
129 A	0.25707	0.53679	0.20614
130 G	0.27335	0.51076	0.21588
131 A	0.31269	0.46630	0.22101
132 A	0.39327	0.37570	0.23103
133 T	0.48040	0.27954	0.24006
134 A	0.50451	0.24780	0.24769
135 T	0.52125	0.22665	0.2521
136 A	0.52650	0.22044	0.25306
137 T	0.54234	0.20050	0.25716
138 C	0.53922	0.19786	0.26293
139 G	0.54238	0.19424	0.26338
140 A	0.54563	0.19384	0.26054
141 T	0.55067	0.19115	0.25818
142 G	0.51127	0.25260	0.23613
143 G	0.40835	0.40102	0.19063
144 T	0.37328	0.46550	0.16122
145 G	0.29312	0.55019	0.15668
146 A	0.26940	0.57992	0.15067
147 A	0.26658	0.58412	0.14931
148 A	0.26532	0.58522	0.14946
149 C	0.26824	0.58157	0.15019
150 T	0.27209	0.57952	0.14839
151 A	0.26026	0.59222	0.14752
152 T	0.25251	0.60004	0.14745
153 A	0.21493	0.63819	0.14688
154 A	0.19857	0.65436	0.14707
155 C	0.19304	0.65770	0.14926
156 A	0.18835	0.66191	0.14974
157 G	0.18707	0.66195	0.15097
158 C	0.18654	0.66111	0.15235
159 T	0.18570	0.66164	0.15266
160 A	0.17929	0.66817	0.15254
161 A	0.17770	0.66362	0.15868
162 A	0.18111	0.65344	0.16545
163 G	0.18923	0.63704	0.17372
164 A	0.20099	0.59847	0.20054
165 A	0.22762	0.50929	0.26309
166 T	0.28241	0.32035	0.39724
167 T	0.31029	0.25089	0.43882
168 T	0.31449	0.18726	0.49825
169 T	0.31460	0.18992	0.49548
170 A	0.31198	0.20077	0.48725
171 T	0.30892	0.21145	0.47962
172 A	0.27544	0.27190	0.45266
173 A	0.26408	0.28776	0.44815
174 T	0.26050	0.28957	0.44994
175 A	0.25311	0.30544	0.44144
176 T	0.24648	0.28943	0.46409
177 A	0.23169	0.31937	0.44894
178 T	0.22001	0.36695	0.41304
179 T	0.21116	0.42291	0.36593
180 A	0.20484	0.56167	0.23349
181 A	0.20156	0.57021	0.22823
182 A	0.19948	0.57514	0.22538
183 T	0.19782	0.57360	0.22858
184 G	0.19127	0.58580	0.22292
185 C	0.18593	0.59465	0.21942
186 A	0.18045	0.61806	0.20149
187 A	0.17977	0.63196	0.18827
188 A	0.18053	0.63689	0.18258
189 C	0.18316	0.63585	0.18099
190 A	0.18614	0.64031	0.17355
191 A	0.19347	0.63418	0.17234
192 T	0.21956	0.60675	0.17369
193 A	0.23614	0.58938	0.17448
194 A	0.25757	0.56677	0.17566
195 T	0.29250	0.49489	0.21262
196 G	0.30305	0.47308	0.22388
197 T	0.31599	0.45558	0.22842
198 A	0.32868	0.44107	0.23025
199 G	0.34059	0.42529	0.23412
200 A	0.36872	0.38914	0.24214
201 T	0.41606	0.33254	0.25141
202 G	0.45838	0.28385	0.25778
203 T	0.57747	0.16233	0.26019
204 A	0.57533	0.17446	0.25021
205 A	0.57661	0.17309	0.2503
206 A	0.57795	0.17086	0.25118
207 A	0.58646	0.15753	0.25601
208 A	0.59127	0.14767	0.26105
209 C	0.60934	0.12522	0.26543
210 T	0.62540	0.10858	0.26603
211 T	0.62585	0.10812	0.26602
212 C	0.60010	0.13438	0.26551
213 T	0.55143	0.18340	0.26517
214 C	0.47092	0.26395	0.26513
215 A	0.41068	0.32438	0.26494
216 A	0.39978	0.33537	0.26485
217 C	0.39493	0.34019	0.26488
218 C	0.38834	0.34671	0.26495
219 T	0.38665	0.34839	0.26496
220 T	0.37743	0.35752	0.26505
221 C	0.36228	0.37233	0.26539
222 T	0.34769	0.38689	0.26542
223 A	0.30603	0.42836	0.26561
224 T	0.29747	0.43480	0.26773
225 C	0.27987	0.45035	0.26979
226 G	0.26996	0.45963	0.27041
227 G	0.26598	0.45810	0.27592
228 A	0.25855	0.46359	0.27786
229 G	0.25260	0.46797	0.27942
230 A	0.25145	0.46833	0.28023
231 A	0.25137	0.46305	0.28558
232 T	0.25256	0.45200	0.29544
233 T	0.25226	0.44558	0.30216
234 A	0.25203	0.43632	0.31165
235 A	0.25253	0.40614	0.34133
236 T	0.25326	0.34322	0.40352
237 A	0.25329	0.26924	0.47747
238 T	0.25347	0.21667	0.52986
239 G	0.25326	0.20399	0.54275
240 T	0.25325	0.19297	0.55378
241 T	0.25314	0.17537	0.57149
242 A	0.25289	0.16446	0.58265
243 T	0.25284	0.14924	0.59793
244 T	0.25263	0.14039	0.60697
245 T	0.25160	0.12987	0.61854
246 T	0.24982	0.09889	0.65128
247 A	0.24549	0.10117	0.65334
248 G	0.24382	0.09277	0.66341
249 A	0.24285	0.09376	0.66339
250 G	0.24222	0.09067	0.66711
251 A	0.24215	0.09470	0.66316
252 T	0.24258	0.10299	0.65443
253 T	0.24182	0.13166	0.62652
254 T	0.23815	0.19887	0.56298
255 A	0.23346	0.38225	0.3843
256 A	0.23211	0.52171	0.24617
257 T	0.23143	0.58291	0.18566
258 T	0.23036	0.59101	0.17863
259 A	0.22779	0.60031	0.17189
260 A	0.22674	0.60424	0.16902
261 A	0.22444	0.60754	0.16803
262 C	0.22300	0.60913	0.16787
263 A	0.22289	0.61046	0.16665
264 A	0.22540	0.60850	0.1661
265 G	0.22940	0.60437	0.16623
266 G	0.23364	0.60013	0.16623
267 T	0.24132	0.59269	0.16599
268 T	0.24541	0.58806	0.16653
269 A	0.24793	0.58533	0.16673
270 T	0.25277	0.57875	0.16848
271 A	0.25397	0.57780	0.16823
272 A	0.25700	0.57445	0.16855
273 A	0.26248	0.56866	0.16886
274 A	0.27410	0.55601	0.16988
275 A	0.29210	0.53684	0.17106
276 A	0.32935	0.49755	0.17311
277 G	0.40154	0.41975	0.17871
278 C	0.58824	0.22787	0.18389
279 T	0.73500	0.07976	0.18524
280 T	0.78440	0.02978	0.18582
281 T	0.78880	0.02512	0.18608
282 T	0.79022	0.02257	0.18722
283 G	0.78997	0.02242	0.1876
284 T	0.78947	0.02110	0.18943
285 T	0.78647	0.02314	0.19039
286 T	0.78257	0.02653	0.1909
287 T	0.77966	0.03018	0.19017
288 A	0.77090	0.04078	0.18832
289 A	0.76576	0.04776	0.18648
290 C	0.76325	0.05136	0.1854
291 T	0.76257	0.05775	0.17969
292 A	0.75843	0.06457	0.177
293 T	0.75830	0.06543	0.17627
294 T	0.75499	0.06875	0.17626
295 T	0.74087	0.08303	0.17611
296 C	0.70858	0.11514	0.17627
297 T	0.66043	0.16383	0.17574
298 C	0.49584	0.32969	0.17447
299 A	0.39008	0.43748	0.17245
300 A	0.36236	0.46707	0.17057
301 A	0.35058	0.47972	0.16969
302 A	0.34738	0.48337	0.16925
303 A	0.34543	0.48565	0.16892
304 T	0.34474	0.48562	0.16964
305 T	0.34354	0.48556	0.1709
306 A	0.34088	0.48660	0.17253
307 A	0.34023	0.48459	0.17518
308 G	0.34034	0.47813	0.18154
309 C	0.34065	0.47132	0.18803
310 G	0.34141	0.46789	0.1907
311 G	0.34360	0.46127	0.19514
312 A	0.34572	0.45707	0.19721
313 A	0.34718	0.45386	0.19896
314 G	0.35215	0.44711	0.20075
315 T	0.35512	0.43522	0.20966
316 T	0.35593	0.42473	0.21934
317 A	0.35631	0.41360	0.23009
318 T	0.35685	0.38503	0.25811
319 A	0.35714	0.35148	0.29138
320 A	0.35716	0.30670	0.33614
321 T	0.35833	0.16092	0.48075
322 G	0.35926	0.07296	0.56778
323 T	0.36076	0.05411	0.58513
324 T	0.36118	0.05260	0.58622
325 G	0.36082	0.06342	0.57576
326 T	0.35989	0.07543	0.56468
327 T	0.35772	0.07969	0.56259
328 T	0.35311	0.08772	0.55917
329 G	0.33815	0.11356	0.54829
330 T	0.33064	0.17424	0.49512
331 C	0.31211	0.20491	0.48297
332 A	0.30595	0.23696	0.45709
333 A	0.30313	0.24488	0.45198
334 G	0.30071	0.25399	0.4453
335 C	0.29932	0.27744	0.42324
336 T	0.29714	0.33500	0.36786
337 C	0.28417	0.36838	0.34745
338 A	0.28102	0.41573	0.30325
339 A	0.28059	0.42497	0.29445
340 A	0.28023	0.44124	0.27853
341 A	0.28091	0.45050	0.26858
342 A	0.28386	0.45757	0.25856
343 C	0.28805	0.45758	0.25437
344 A	0.29253	0.46149	0.24599
345 A	0.30055	0.45984	0.23961
346 T	0.31099	0.45397	0.23504
347 T	0.31890	0.45162	0.22948
348 A	0.32357	0.45792	0.21851
349 A	0.33054	0.46002	0.20944
350 A	0.33503	0.45264	0.21233
351 A	0.34022	0.44165	0.21813
352 G	0.35233	0.41314	0.23453
353 A	0.39533	0.36338	0.24129
354 C	0.40738	0.33534	0.25729
355 G	0.42733	0.32217	0.25051
356 A	0.43601	0.31415	0.24984
357 A	0.44728	0.30332	0.2494
358 A	0.47530	0.27563	0.24907
359 T	0.53182	0.21705	0.25113
360 C	0.55015	0.18520	0.26465
361 G	0.58028	0.16274	0.25698
362 A	0.58922	0.16089	0.24989
363 A	0.60210	0.16653	0.23137
364 A	0.61534	0.16905	0.2156
365 T	0.63226	0.15302	0.21472
366 T	0.64064	0.14430	0.21506
367 A	0.64629	0.13790	0.21582
368 T	0.65349	0.12953	0.21698
369 C	0.65485	0.12730	0.21786
370 C	0.65674	0.12509	0.21818
371 C	0.66363	0.11814	0.21824
372 T	0.67275	0.10917	0.21808
373 T	0.67118	0.11092	0.2179
374 A	0.66946	0.11289	0.21766
375 T	0.66956	0.11274	0.21771
376 A	0.66932	0.11256	0.21812
377 A	0.67026	0.10980	0.21994
378 T	0.67961	0.09822	0.22216
379 A	0.68084	0.09569	0.22347
380 C	0.68298	0.09145	0.22556
381 T	0.68641	0.08817	0.22542
382 A	0.68752	0.08683	0.22565
383 A	0.68931	0.08443	0.22626
384 T	0.69976	0.07269	0.22755
385 A	0.70551	0.06657	0.22793
386 C	0.72201	0.04561	0.23239
387 T	0.73710	0.02904	0.23386
388 G	0.73843	0.02679	0.23478
389 T	0.73929	0.02527	0.23544
390 T	0.73947	0.02387	0.23666
391 T	0.73951	0.02340	0.23708
392 G	0.73954	0.01994	0.24052
393 T	0.73976	0.01674	0.2435
394 T	0.73986	0.01444	0.2457
395 T	0.73992	0.01286	0.24722
396 T	0.73972	0.01070	0.24959
397 T	0.73896	0.00982	0.25121
398 C	0.73700	0.01098	0.25202
399 G	0.73522	0.01308	0.2517
400 G	0.73473	0.01469	0.25057
401 A	0.73443	0.01698	0.24859
402 A	0.73441	0.01935	0.24624
403 G	0.73444	0.02193	0.24363
404 G	0.73508	0.02503	0.2399
405 A	0.73547	0.03035	0.23418
406 T	0.73595	0.03520	0.22885
407 A	0.73617	0.03822	0.22561
408 T	0.73654	0.03963	0.22383
409 T	0.73670	0.03975	0.22356
410 T	0.73679	0.03983	0.22337
411 T	0.73677	0.03998	0.22325
412 G	0.73667	0.04018	0.22315
413 C	0.73639	0.04053	0.22308
414 T	0.73618	0.04090	0.22292
415 T	0.73575	0.04144	0.22281
416 T	0.73412	0.04329	0.22259
417 A	0.73104	0.04680	0.22216
418 G	0.72863	0.04929	0.22208
419 A	0.72701	0.05087	0.22212
420 A	0.72388	0.05343	0.22269
421 G	0.72237	0.05327	0.22436
422 C	0.72195	0.05235	0.22571
423 G	0.72198	0.05218	0.22584
424 G	0.72352	0.05074	0.22574
425 A	0.72638	0.04814	0.22548
426 A	0.72997	0.04447	0.22556
427 C	0.73513	0.03923	0.22564
428 G	0.74142	0.03289	0.22568
429 T	0.74727	0.02702	0.22571
430 C	0.74964	0.02464	0.22573
431 T	0.75140	0.02290	0.2257
432 T	0.75177	0.02255	0.22567
433 T	0.75192	0.02234	0.22573
434 T	0.75169	0.02244	0.22587
435 T	0.74993	0.02406	0.22601
436 T	0.74486	0.02819	0.22695
437 C	0.72362	0.04874	0.22765
438 A	0.70150	0.07136	0.22714
439 G	0.68416	0.08782	0.22802
440 A	0.67697	0.09328	0.22975
441 A	0.67006	0.09871	0.23124
442 G	0.66730	0.10007	0.23262
443 G	0.66717	0.09660	0.23623
444 T	0.66727	0.09469	0.23805
445 G	0.66674	0.09386	0.2394
446 C	0.66651	0.09314	0.24034
447 T	0.66658	0.09322	0.24019
448 T	0.66561	0.09520	0.2392
449 C	0.66423	0.09754	0.23824
450 T	0.66296	0.10051	0.23653
451 G	0.66046	0.10461	0.23493
452 T	0.65404	0.11382	0.23214
453 T	0.64012	0.13113	0.22876
454 G	0.58970	0.18737	0.22294
455 A	0.56503	0.21705	0.21791
456 A	0.54751	0.23591	0.21658
457 A	0.54033	0.24332	0.21635
458 A	0.53852	0.24219	0.2193
459 A	0.53798	0.23610	0.22592
460 G	0.53804	0.21313	0.24883
461 T	0.53897	0.19063	0.2704
462 T	0.53912	0.17643	0.28445
463 A	0.53894	0.17122	0.28984
464 T	0.53902	0.16582	0.29516
465 C	0.53844	0.16365	0.29791
466 A	0.53759	0.16470	0.29771
467 A	0.53700	0.16566	0.29735
468 A	0.53657	0.16642	0.29701
469 C	0.53652	0.16715	0.29632
470 A	0.53719	0.17035	0.29245
471 T	0.53942	0.16905	0.29153
472 T	0.54107	0.17077	0.28816
473 T	0.54243	0.17311	0.28446
474 A	0.54231	0.18888	0.26881
475 G	0.54378	0.19016	0.26606
476 A	0.54637	0.18129	0.27235
477 T	0.55235	0.13335	0.31429
478 T	0.55663	0.11950	0.32387
479 T	0.55771	0.12498	0.31732
480 T	0.55641	0.15441	0.28918
481 T	0.55288	0.19161	0.2555
482 T	0.54732	0.21814	0.23454
483 A	0.53867	0.24018	0.22115
484 A	0.52388	0.26207	0.21405
485 A	0.51593	0.27354	0.21053
486 A	0.50740	0.28859	0.204
487 G	0.50114	0.29682	0.20205
488 A	0.49994	0.29822	0.20184
489 A	0.49980	0.29874	0.20146
490 A	0.50047	0.29795	0.20158
491 A	0.50191	0.29632	0.20178
492 C	0.50397	0.29418	0.20185
493 A	0.50799	0.29029	0.20172
494 A	0.51362	0.28449	0.20189
495 T	0.52251	0.27515	0.20233
496 A	0.52885	0.26837	0.20279
497 C	0.54653	0.24969	0.20378
498 T	0.56981	0.22549	0.2047
499 A	0.58414	0.21054	0.20532
500 T	0.60297	0.19072	0.20631
501 C	0.62242	0.17006	0.20753
502 T	0.64870	0.14318	0.20812
503 T	0.67434	0.11358	0.21208
504 T	0.69870	0.08541	0.21589
505 T	0.70847	0.07174	0.21979
506 T	0.71428	0.06195	0.22377
507 T	0.71454	0.04749	0.23797
508 A	0.71258	0.04255	0.24486
509 T	0.70715	0.04022	0.25263
510 C	0.67966	0.06355	0.25679
511 G	0.66445	0.08115	0.2544
512 T	0.65900	0.09046	0.25054
513 T	0.64928	0.10557	0.24516
514 A	0.63354	0.12270	0.24376
515 A	0.62522	0.13197	0.24281
516 T	0.62207	0.13621	0.24172
517 T	0.61651	0.14419	0.2393
518 C	0.60855	0.15422	0.23723
519 T	0.60328	0.16687	0.22985
520 T	0.59641	0.17580	0.22778
521 T	0.58055	0.19677	0.22269
522 A	0.56355	0.21454	0.22191
523 A	0.55576	0.22328	0.22096
524 C	0.55207	0.22696	0.22098
525 A	0.55072	0.22853	0.22076
526 C	0.55042	0.22881	0.22077
527 A	0.54980	0.22980	0.22039
528 A	0.54998	0.22975	0.22027
529 T	0.55127	0.22842	0.22031
530 T	0.55237	0.22479	0.22283
531 A	0.55134	0.22398	0.22468
532 A	0.55088	0.21062	0.23849
533 T	0.55160	0.17804	0.27036
534 T	0.54755	0.16738	0.28508
535 A	0.53578	0.18275	0.28147
536 A	0.52552	0.20489	0.26959
537 A	0.51111	0.23487	0.25402
538 A	0.49493	0.26141	0.24367
539 A	0.47479	0.29065	0.23455
540 T	0.45314	0.30463	0.24223
541 G	0.40643	0.34815	0.24542
542 G	0.39120	0.36200	0.2468
543 A	0.38464	0.36744	0.24792
544 C	0.38524	0.35728	0.25748
545 G	0.38334	0.36035	0.25631
546 T	0.38288	0.36600	0.25112
547 T	0.38053	0.37540	0.24407
548 T	0.37438	0.38322	0.2424
549 A	0.36696	0.39525	0.23778
550 A	0.36170	0.40585	0.23246
551 A	0.35976	0.40974	0.2305
552 C	0.35795	0.41332	0.22873
553 A	0.35651	0.41819	0.2253
554 A	0.35549	0.42168	0.22283
555 A	0.35549	0.42178	0.22272
556 A	0.35658	0.41980	0.22363
557 C	0.36022	0.41058	0.2292
558 A	0.36990	0.39107	0.23903
559 A	0.38902	0.35848	0.2525
560 A	0.41471	0.31741	0.26787
561 A	0.43429	0.28033	0.28537
562 G	0.44962	0.24150	0.30887
563 G	0.45737	0.20225	0.34038
564 T	0.47515	0.13810	0.38675
565 T	0.48891	0.10916	0.40193
566 T	0.49463	0.09988	0.40549
567 T	0.49726	0.09906	0.40367
568 T	0.49881	0.10303	0.39816
569 T	0.49982	0.11166	0.38851
570 A	0.50067	0.12853	0.3708
571 G	0.50159	0.15530	0.3431
572 G	0.50579	0.17105	0.32316
573 T	0.51293	0.20484	0.28223
574 A	0.51613	0.22730	0.25657
575 G	0.51936	0.23118	0.24945
576 A	0.52301	0.23484	0.24215
577 T	0.52721	0.23248	0.24032
578 T	0.52924	0.23321	0.23755
579 T	0.53125	0.23263	0.23613
580 T	0.53258	0.23390	0.23352
581 T	0.53345	0.23762	0.22893
582 T	0.53274	0.24626	0.22101
583 A	0.53093	0.25306	0.21602
584 G	0.52922	0.25645	0.21434
585 A	0.52777	0.26023	0.21201
586 A	0.52676	0.26253	0.21071
587 T	0.53064	0.25932	0.21003
588 T	0.53906	0.25097	0.20997
589 A	0.54117	0.24878	0.21005
590 A	0.54568	0.24376	0.21055
591 A	0.55203	0.23615	0.21181
592 C	0.56257	0.22450	0.21294
593 C	0.58437	0.20192	0.21371
594 T	0.64053	0.14613	0.21333
595 A	0.66027	0.12722	0.21251
596 T	0.70084	0.08742	0.21173
597 T	0.70910	0.07931	0.21158
598 T	0.69075	0.09815	0.2111
599 T	0.61296	0.17750	0.20954
600 A	0.37158	0.42372	0.20469
601 C	0.29790	0.49893	0.20317
602 A	0.24348	0.55609	0.20044
603 G	0.20203	0.60006	0.19791
604 G	0.17926	0.62573	0.19501
605 T	0.17727	0.62785	0.19488
606 T	0.16637	0.63861	0.19502
607 A	0.14430	0.65960	0.19611
608 A	0.12450	0.67811	0.19739
609 C	0.10646	0.69452	0.19902
610 A	0.09503	0.70575	0.19922
611 A	0.09029	0.70966	0.20006
612 A	0.08827	0.71008	0.20165
613 A	0.08726	0.71016	0.20258
614 A	0.08687	0.70956	0.20357
615 T	0.08722	0.70397	0.20881
616 G	0.08655	0.70010	0.21335
617 G	0.08632	0.69692	0.21676
618 A	0.08656	0.69348	0.21996
619 G	0.08703	0.68779	0.22518
620 A	0.08714	0.67989	0.23297
621 A	0.08789	0.64578	0.26634
622 A	0.09162	0.54479	0.3636
623 T	0.09956	0.29618	0.60427
624 T	0.10271	0.22470	0.67259
625 G	0.10416	0.17655	0.71929
626 T	0.10554	0.13241	0.76204
627 T	0.10666	0.10242	0.79092
628 T	0.10685	0.09183	0.80131
629 T	0.10696	0.08609	0.80695
630 A	0.10560	0.08152	0.81289
631 A	0.10401	0.07369	0.8223
632 T	0.10229	0.07024	0.82747
633 T	0.09548	0.09117	0.81335
634 G	0.07597	0.15480	0.76924
635 A	0.05578	0.30789	0.63633
636 A	0.04421	0.48405	0.47175
637 A	0.03958	0.71424	0.24618
638 A	0.03741	0.76526	0.19733
639 A	0.03673	0.78500	0.17828
640 A	0.03716	0.79220	0.17063
641 A	0.03843	0.79468	0.16689
642 A	0.03900	0.79619	0.1648
643 A	0.04076	0.79423	0.16501
644 T	0.04269	0.79203	0.16528
645 T	0.04394	0.79066	0.1654
646 T	0.04444	0.79011	0.16544
647 C	0.04455	0.78993	0.16552
648 T	0.04472	0.78984	0.16544
649 A	0.04439	0.79033	0.16528
650 T	0.04518	0.78958	0.16524
651 G	0.04315	0.79176	0.16509
652 A	0.04312	0.79214	0.16473
653 A	0.04602	0.78785	0.16613
654 A	0.05289	0.77882	0.16829
655 A	0.06731	0.76151	0.17118
656 A	0.09731	0.72346	0.17923
657 A	0.15143	0.65022	0.19834
658 G	0.29323	0.48739	0.21937
659 C	0.47333	0.29671	0.22995
660 T	0.68962	0.07748	0.23291
661 T	0.73196	0.03454	0.2335
662 T	0.74409	0.02232	0.23359
663 T	0.74672	0.01996	0.23332
664 T	0.74696	0.01965	0.23339
665 T	0.74655	0.01941	0.23404
666 T	0.74461	0.02189	0.2335
667 T	0.73792	0.02974	0.23235
668 C	0.72513	0.04438	0.23049
669 T	0.70933	0.06210	0.22857
670 A	0.63567	0.13930	0.22503
671 T	0.61499	0.16038	0.22463
672 T	0.57646	0.19947	0.22408
673 A	0.55738	0.21932	0.22331
674 G	0.55081	0.22359	0.22559
675 C	0.54438	0.22923	0.22639
676 G	0.52821	0.25001	0.22177
677 A	0.51039	0.27578	0.21383
678 T	0.44322	0.35021	0.20657
679 A	0.30401	0.50355	0.19244
680 A	0.24669	0.56209	0.19123
681 A	0.22569	0.58384	0.19048
682 A	0.21486	0.59454	0.19059
683 T	0.20798	0.60116	0.19086
684 C	0.18696	0.62401	0.18904
685 A	0.15126	0.67465	0.17409
686 A	0.11626	0.72938	0.15435
687 A	0.09558	0.75876	0.14566
688 A	0.08352	0.77511	0.14138
689 A	0.07884	0.77881	0.14235
690 A	0.07762	0.76526	0.15712
691 T	0.07847	0.74486	0.17667
692 A	0.07505	0.72514	0.19982
693 C	0.07279	0.65313	0.27408
694 A	0.07010	0.64531	0.28459
695 C	0.06726	0.63198	0.30076
696 A	0.06552	0.66931	0.26517
697 A	0.06329	0.71090	0.2258
698 A	0.06323	0.72281	0.21396
699 A	0.06648	0.73061	0.2029
700 A	0.07208	0.72215	0.20576
701 A	0.07735	0.64808	0.27458
702 T	0.08905	0.51062	0.40033
703 A	0.08815	0.46314	0.4487
704 A	0.08766	0.44690	0.46544
705 A	0.08798	0.44524	0.46678
706 A	0.09028	0.44370	0.46602
707 A	0.09529	0.41434	0.49037
708 A	0.11230	0.35883	0.52887
709 T	0.13310	0.29819	0.56872
710 T	0.14152	0.27047	0.58801
711 T	0.14506	0.26579	0.58915
712 T	0.14529	0.27456	0.58015
713 T	0.14503	0.29559	0.55938
714 A	0.14234	0.30464	0.55302
715 A	0.14131	0.31644	0.54225
716 T	0.14436	0.31751	0.53813
717 A	0.14604	0.32220	0.53176
718 C	0.15295	0.31906	0.52798
719 A	0.18874	0.29064	0.52063
720 T	0.23012	0.25258	0.5173
721 A	0.24181	0.25618	0.50201
722 T	0.26963	0.23213	0.49824
723 T	0.27903	0.22927	0.4917
724 T	0.28315	0.22827	0.48857
725 T	0.28028	0.23347	0.48625
726 A	0.26283	0.25471	0.48246
727 A	0.25744	0.25987	0.48269
728 G	0.25877	0.25839	0.48283
729 T	0.26692	0.25270	0.48039
730 A	0.24743	0.27878	0.47379
731 C	0.23405	0.29391	0.47205
732 T	0.22572	0.31189	0.4624
733 G	0.20650	0.34831	0.44519
734 G	0.19060	0.39326	0.41614
735 A	0.19116	0.41725	0.3916
736 A	0.20620	0.41610	0.37769
737 A	0.21320	0.41308	0.37372
738 T	0.22978	0.39544	0.37478
739 A	0.22557	0.40038	0.37405
740 A	0.22488	0.40078	0.37434
741 T	0.23233	0.39362	0.37405
742 C	0.23410	0.39280	0.37311
743 A	0.23728	0.39288	0.36984
744 T	0.25111	0.37978	0.36911
745 A	0.25256	0.37929	0.36816
746 T	0.25413	0.37751	0.36835
747 T	0.24819	0.38310	0.36871
748 A	0.23607	0.38946	0.37447
749 A	0.23337	0.37444	0.3922
750 A	0.23077	0.36550	0.40374
751 G	0.23045	0.35081	0.41874
752 A	0.23368	0.33833	0.42799
753 T	0.24379	0.30447	0.45174
754 G	0.24614	0.28830	0.46556
755 A	0.25545	0.27448	0.47007
756 A	0.27270	0.24656	0.48074
757 T	0.30305	0.20148	0.49547
758 T	0.32152	0.18509	0.49338
759 T	0.32949	0.17176	0.49875
760 A	0.33034	0.16856	0.5011
761 A	0.33030	0.16530	0.5044
762 A	0.33185	0.15076	0.51739
763 C	0.33449	0.13592	0.52959
764 T	0.33842	0.12952	0.53205
765 T	0.34184	0.12341	0.53475
766 T	0.34449	0.12084	0.53468
767 T	0.34395	0.12407	0.53197
768 T	0.34165	0.13008	0.52827
769 T	0.33427	0.13808	0.52766
770 T	0.32076	0.15947	0.51976
771 A	0.31055	0.19342	0.49603
772 G	0.30186	0.23004	0.4681
773 A	0.29332	0.26742	0.43925
774 A	0.28613	0.30835	0.40552
775 A	0.28191	0.32844	0.38965
776 A	0.27413	0.34374	0.38212
777 A	0.27297	0.34956	0.37747
778 G	0.27856	0.34451	0.37693
779 A	0.28648	0.33947	0.37406
780 A	0.29644	0.32901	0.37455
781 T	0.31020	0.31369	0.37612
782 T	0.31186	0.31133	0.3768
783 T	0.31253	0.31380	0.37368
784 C	0.31198	0.31807	0.36995
785 A	0.31159	0.32747	0.36094
786 A	0.31186	0.33333	0.3548
787 T	0.31340	0.33507	0.35153
788 T	0.31524	0.33506	0.3497
789 A	0.31692	0.33334	0.34973
790 G	0.32116	0.32556	0.35328
791 A	0.32809	0.31440	0.35751
792 A	0.33705	0.29641	0.36654
793 C	0.35594	0.26301	0.38105
794 A	0.38928	0.22388	0.38684
795 A	0.42264	0.18518	0.39218
796 A	0.45285	0.14943	0.39772
797 T	0.48925	0.10718	0.40357
798 T	0.50388	0.08991	0.40621
799 A	0.50978	0.07757	0.41266
800 T	0.51444	0.06971	0.41585
801 A	0.51439	0.07218	0.41343
802 G	0.51692	0.07150	0.41158
803 A	0.51815	0.07265	0.4092
804 A	0.52094	0.06987	0.40919
805 G	0.52669	0.06316	0.41015
806 T	0.53769	0.05137	0.41094
807 T	0.54317	0.04510	0.41172
808 C	0.54820	0.03945	0.41235
809 C	0.55149	0.03611	0.41241
810 T	0.55383	0.03395	0.41222
811 T	0.55456	0.03328	0.41216
812 C	0.55436	0.03348	0.41216
813 T	0.55385	0.03403	0.41212
814 A	0.55251	0.03534	0.41215
815 C	0.54741	0.04023	0.41236
816 A	0.54172	0.04591	0.41237
817 C	0.54005	0.04756	0.4124
818 C	0.53977	0.04780	0.41242
819 A	0.54034	0.04728	0.41238
820 G	0.54116	0.04650	0.41235
821 C	0.54320	0.04434	0.41246
822 T	0.54674	0.04082	0.41244
823 G	0.54754	0.04001	0.41244
824 T	0.55059	0.03549	0.41392
825 A	0.55163	0.03398	0.4144
826 G	0.55301	0.03187	0.41512
827 G	0.55344	0.02984	0.41672
828 T	0.55370	0.02855	0.41775
829 G	0.55361	0.02804	0.41836
830 C	0.55375	0.02724	0.41901
831 T	0.55382	0.02676	0.41942
832 C	0.55385	0.02648	0.41967
833 A	0.55396	0.02649	0.41956
834 T	0.55406	0.02643	0.41951
835 G	0.55394	0.02649	0.41958
836 T	0.55384	0.02597	0.42019
837 A	0.55354	0.02559	0.42087
838 G	0.55329	0.02044	0.42628
839 G	0.55320	0.01511	0.43169
840 T	0.55309	0.01355	0.43337
841 A	0.55283	0.01404	0.43314
842 A	0.55286	0.01360	0.43354
843 T	0.55292	0.01353	0.43356
844 G	0.55287	0.01372	0.43341
845 A	0.55290	0.01440	0.4327
846 T	0.55306	0.01462	0.43232
847 G	0.55300	0.01611	0.43089
848 T	0.55306	0.01563	0.4313
849 T	0.55286	0.01562	0.43152
850 T	0.55222	0.01618	0.4316
851 T	0.55047	0.01801	0.43152
852 C	0.54471	0.02425	0.43104
853 G	0.53880	0.03302	0.42818
854 G	0.53559	0.03827	0.42615
855 A	0.53262	0.04284	0.42454
856 G	0.53148	0.04506	0.42345
857 T	0.53126	0.04634	0.4224
858 A	0.53022	0.04796	0.42182
859 G	0.53014	0.04839	0.42146
860 G	0.53059	0.04767	0.42175
861 T	0.53142	0.04662	0.42197
862 A	0.53185	0.04611	0.42204
863 T	0.53311	0.04471	0.42218
864 C	0.53427	0.04332	0.42241
865 A	0.53517	0.04237	0.42246
866 T	0.53604	0.04146	0.4225
867 A	0.53676	0.04068	0.42256
868 A	0.53794	0.03945	0.4226
869 T	0.53956	0.03777	0.42268
870 T	0.54128	0.03555	0.42316
871 T	0.54171	0.03467	0.42362
872 T	0.54198	0.03374	0.42428
873 A	0.54215	0.03280	0.42506
874 A	0.54243	0.03060	0.42697
875 A	0.54328	0.02429	0.43243
876 T	0.54651	0.01483	0.43866
877 T	0.54878	0.00921	0.44201
878 C	0.55034	0.00472	0.44495
879 T	0.55145	0.00278	0.44577
880 T	0.55217	0.00169	0.44613
881 G	0.55254	0.00069	0.44677
882 A	0.55297	0.00000	0.44703
