# lcl|CP097583.1_cds_USQ93276.1_1
# AA	inside	membr	outside
1 A	0.68539	0.00000	0.31462
2 T	0.68530	0.00009	0.31462
3 G	0.68526	0.00013	0.31462
4 A	0.68526	0.00934	0.3054
5 T	0.68519	0.02088	0.29394
6 T	0.68519	0.02238	0.29243
7 T	0.68466	0.02390	0.29144
8 T	0.68466	0.02392	0.29142
9 T	0.68442	0.02449	0.2911
10 A	0.68442	0.05025	0.26533
11 T	0.68435	0.05134	0.26431
12 T	0.68221	0.05378	0.26401
13 T	0.67842	0.05791	0.26367
14 T	0.67842	0.05791	0.26367
15 A	0.67842	0.06019	0.26139
16 A	0.67804	0.06057	0.26139
17 C	0.67777	0.06085	0.26138
18 T	0.67774	0.06097	0.2613
19 A	0.67492	0.06387	0.26121
20 G	0.66580	0.07456	0.25964
21 T	0.65295	0.08742	0.25964
22 A	0.65082	0.08967	0.2595
23 A	0.64953	0.09098	0.2595
24 T	0.65020	0.09031	0.2595
25 C	0.65008	0.09020	0.25972
26 G	0.65017	0.09007	0.25977
27 C	0.65788	0.08228	0.25984
28 T	0.67230	0.06790	0.2598
29 G	0.67462	0.06565	0.25972
30 T	0.68227	0.05800	0.25973
31 T	0.68053	0.05932	0.26014
32 C	0.67395	0.06551	0.26054
33 T	0.67926	0.05973	0.261
34 T	0.66312	0.07608	0.26079
35 C	0.64959	0.08873	0.26167
36 A	0.63695	0.10192	0.26113
37 T	0.62708	0.11265	0.26027
38 G	0.60003	0.14205	0.25792
39 T	0.57229	0.17369	0.25402
40 A	0.49457	0.25747	0.24795
41 A	0.46626	0.28795	0.24579
42 A	0.44875	0.30408	0.24717
43 A	0.44083	0.30438	0.25478
44 A	0.43619	0.29865	0.26516
45 A	0.43482	0.29742	0.26776
46 G	0.43418	0.29618	0.26964
47 C	0.43376	0.29637	0.26987
48 T	0.43359	0.29818	0.26822
49 A	0.43288	0.30089	0.26622
50 A	0.43201	0.30236	0.26563
51 G	0.43176	0.30315	0.2651
52 A	0.43169	0.30428	0.26402
53 A	0.43153	0.30311	0.26536
54 A	0.43161	0.29755	0.27084
55 T	0.43215	0.28574	0.28211
56 G	0.43266	0.27452	0.29282
57 G	0.43333	0.25273	0.31394
58 T	0.43485	0.23613	0.32902
59 T	0.43653	0.22228	0.3412
60 A	0.43716	0.21215	0.35069
61 G	0.43928	0.18474	0.37597
62 A	0.44307	0.15358	0.40335
63 T	0.44888	0.07491	0.47621
64 T	0.45122	0.05133	0.49745
65 T	0.45124	0.04056	0.50819
66 G	0.44926	0.03732	0.51342
67 C	0.44686	0.03825	0.51488
68 A	0.44390	0.05008	0.50603
69 T	0.44195	0.06008	0.49797
70 C	0.43837	0.07775	0.48388
71 A	0.43788	0.10288	0.45924
72 T	0.43863	0.11981	0.44156
73 G	0.43516	0.13445	0.43038
74 T	0.43370	0.14547	0.42084
75 T	0.43115	0.16557	0.40328
76 A	0.42720	0.19794	0.37486
77 A	0.42627	0.25411	0.31963
78 T	0.42597	0.26136	0.31267
79 T	0.42452	0.27028	0.30519
80 A	0.42252	0.27783	0.29966
81 T	0.42167	0.28074	0.29759
82 C	0.41454	0.29402	0.29143
83 A	0.41015	0.30520	0.28466
84 A	0.40868	0.30967	0.28166
85 G	0.40902	0.31170	0.27929
86 A	0.40842	0.31588	0.27569
87 A	0.40919	0.31627	0.27454
88 A	0.41215	0.31265	0.2752
89 A	0.41317	0.30978	0.27705
90 G	0.41714	0.30334	0.27952
91 A	0.43050	0.28709	0.28241
92 A	0.44726	0.26776	0.28498
93 T	0.47264	0.23786	0.2895
94 T	0.49723	0.21129	0.29148
95 T	0.50906	0.19797	0.29297
96 A	0.50759	0.19645	0.29596
97 A	0.50398	0.19824	0.29778
98 G	0.50729	0.19145	0.30126
99 C	0.52845	0.16736	0.3042
100 A	0.57113	0.12896	0.2999
101 G	0.57909	0.12203	0.29887
102 T	0.58841	0.11217	0.29942
103 T	0.58796	0.11171	0.30033
104 G	0.57184	0.12737	0.3008
105 T	0.56591	0.12727	0.30682
106 C	0.54751	0.14353	0.30896
107 A	0.53806	0.15631	0.30563
108 A	0.53383	0.16536	0.30081
109 T	0.53367	0.16516	0.30116
110 T	0.52326	0.17611	0.30063
111 A	0.48091	0.21972	0.29937
112 A	0.44954	0.25076	0.2997
113 C	0.43710	0.26242	0.30048
114 T	0.42645	0.27384	0.29971
115 G	0.40987	0.29110	0.29902
116 A	0.40243	0.29912	0.29844
117 A	0.39538	0.30654	0.29808
118 G	0.38946	0.31252	0.29803
119 A	0.38708	0.30970	0.30321
120 A	0.38699	0.30151	0.31149
121 G	0.38729	0.29277	0.31994
122 A	0.38887	0.28619	0.32494
123 T	0.39391	0.27198	0.33411
124 A	0.39543	0.26538	0.33918
125 T	0.39728	0.25747	0.34526
126 T	0.39821	0.24800	0.35379
127 G	0.39828	0.23349	0.36823
128 A	0.39928	0.22189	0.37884
129 T	0.40087	0.20046	0.39867
130 G	0.40331	0.18719	0.4095
131 T	0.40768	0.17701	0.41531
132 A	0.40768	0.17438	0.41794
133 A	0.40859	0.16358	0.42783
134 T	0.41051	0.12306	0.46643
135 T	0.41162	0.09310	0.49528
136 T	0.41154	0.08328	0.50518
137 T	0.41168	0.07530	0.51302
138 G	0.41121	0.07050	0.51829
139 A	0.41092	0.07299	0.51609
140 A	0.41119	0.07484	0.51397
141 T	0.41189	0.08049	0.50762
142 T	0.41238	0.10148	0.48614
143 A	0.41213	0.12588	0.46198
144 T	0.41110	0.14392	0.44499
145 G	0.40846	0.15914	0.4324
146 A	0.40706	0.17678	0.41617
147 T	0.40548	0.19749	0.39704
148 A	0.40418	0.23176	0.36406
149 A	0.40248	0.26552	0.33199
150 T	0.40280	0.27755	0.31965
151 A	0.40218	0.28924	0.30858
152 T	0.40289	0.28876	0.30836
153 A	0.40306	0.28991	0.30703
154 G	0.40471	0.28866	0.30663
155 A	0.40744	0.28621	0.30635
156 C	0.41311	0.28028	0.30661
157 T	0.41770	0.27617	0.30613
158 T	0.42213	0.27282	0.30504
159 T	0.42433	0.27147	0.3042
160 A	0.42532	0.27159	0.30309
161 C	0.42806	0.26888	0.30306
162 A	0.43308	0.26503	0.30188
163 A	0.44188	0.25771	0.30041
164 G	0.45727	0.24529	0.29744
165 T	0.48908	0.21659	0.29433
166 A	0.50969	0.19887	0.29145
167 T	0.52766	0.18105	0.29129
168 A	0.53673	0.17096	0.29232
169 A	0.55036	0.15565	0.29398
170 T	0.57004	0.13292	0.29704
171 A	0.59758	0.10366	0.29876
172 T	0.62975	0.06884	0.30142
173 C	0.64202	0.05479	0.30319
174 T	0.65104	0.04461	0.30435
175 A	0.64642	0.04878	0.30479
176 C	0.64500	0.04947	0.30553
177 T	0.64448	0.04995	0.30557
178 C	0.64303	0.05136	0.30561
179 G	0.64202	0.05234	0.30564
180 C	0.64206	0.05237	0.30557
181 T	0.64214	0.05328	0.30458
182 C	0.60535	0.09234	0.30232
183 T	0.58160	0.11826	0.30014
184 A	0.52382	0.18139	0.29479
185 A	0.50264	0.20479	0.29258
186 A	0.49601	0.21257	0.29143
187 C	0.49289	0.21667	0.29044
188 T	0.49505	0.21579	0.28916
189 T	0.49368	0.21915	0.28717
190 T	0.48456	0.23155	0.28389
191 T	0.45702	0.26571	0.27727
192 T	0.41347	0.31368	0.27284
193 A	0.34132	0.39066	0.26802
194 A	0.31018	0.42323	0.26659
195 A	0.29567	0.43739	0.26694
196 A	0.28878	0.44335	0.26787
197 A	0.28375	0.44706	0.26919
198 G	0.27894	0.44724	0.27383
199 C	0.27690	0.44656	0.27654
200 A	0.27519	0.44833	0.27648
201 A	0.26928	0.45434	0.27638
202 A	0.26826	0.45521	0.27653
203 A	0.26816	0.45435	0.27749
204 A	0.26868	0.45171	0.2796
205 A	0.27083	0.40607	0.3231
206 A	0.27355	0.37680	0.34965
207 T	0.27996	0.31290	0.40713
208 G	0.28270	0.28952	0.42778
209 A	0.28598	0.27755	0.43646
210 T	0.29195	0.25571	0.45233
211 T	0.29619	0.24567	0.45814
212 T	0.29791	0.23833	0.46376
213 A	0.29873	0.23072	0.47055
214 T	0.30353	0.19347	0.50299
215 T	0.30347	0.15316	0.54337
216 T	0.30000	0.09970	0.6003
217 T	0.28703	0.09631	0.61666
218 C	0.26680	0.11478	0.61842
219 A	0.23237	0.22915	0.53847
220 A	0.19050	0.28551	0.52399
221 T	0.17471	0.31507	0.51023
222 G	0.15016	0.34583	0.50401
223 A	0.14545	0.35612	0.49844
224 C	0.14431	0.35450	0.5012
225 T	0.14233	0.37080	0.48687
226 A	0.13753	0.38774	0.47474
227 T	0.13556	0.39408	0.47035
228 T	0.13218	0.40710	0.46072
229 A	0.12846	0.42170	0.44983
230 A	0.12605	0.43506	0.43889
231 A	0.12490	0.44403	0.43107
232 G	0.12520	0.45152	0.42328
233 A	0.12681	0.46426	0.40894
234 A	0.13008	0.47856	0.39137
235 A	0.13414	0.50307	0.36279
236 T	0.14052	0.50547	0.35401
237 T	0.14234	0.51781	0.33984
238 A	0.14295	0.53580	0.32126
239 A	0.14619	0.53195	0.32187
240 A	0.15077	0.51457	0.33466
241 A	0.16005	0.49071	0.34924
242 A	0.23618	0.38520	0.37862
243 G	0.26034	0.31948	0.42017
244 T	0.28636	0.27744	0.43619
245 T	0.29792	0.24783	0.45426
246 T	0.30386	0.24300	0.45315
247 A	0.30665	0.24198	0.45137
248 T	0.31617	0.23080	0.45303
249 T	0.32205	0.22183	0.45612
250 A	0.32375	0.22426	0.45199
251 T	0.33090	0.22828	0.44081
252 A	0.33533	0.26934	0.39533
253 A	0.32623	0.31618	0.35759
254 A	0.31595	0.37464	0.30941
255 A	0.32328	0.37431	0.30242
256 A	0.33778	0.36057	0.30164
257 A	0.35993	0.33794	0.30214
258 T	0.39770	0.29913	0.30318
259 C	0.41166	0.28464	0.3037
260 C	0.42909	0.26702	0.30388
261 T	0.44666	0.24966	0.30367
262 T	0.44839	0.24808	0.30353
263 C	0.44709	0.24952	0.3034
264 T	0.44766	0.24928	0.30306
265 A	0.44577	0.25167	0.30256
266 T	0.44712	0.25024	0.30264
267 T	0.44684	0.25050	0.30266
268 T	0.44156	0.25580	0.30264
269 T	0.42731	0.26946	0.30324
270 C	0.39768	0.29888	0.30344
271 A	0.37329	0.32579	0.30092
272 A	0.34499	0.35673	0.29828
273 A	0.33178	0.36953	0.2987
274 A	0.32741	0.37328	0.29931
275 A	0.35359	0.34501	0.30139
276 A	0.38185	0.29866	0.31949
277 C	0.42724	0.23521	0.33755
278 C	0.43504	0.22479	0.34018
279 T	0.43676	0.22386	0.33938
280 A	0.43566	0.22683	0.33751
281 T	0.43637	0.22705	0.33658
282 T	0.43571	0.22844	0.33584
283 A	0.43399	0.23013	0.33588
284 T	0.43394	0.22606	0.33999
285 T	0.43206	0.22435	0.34359
286 T	0.41413	0.24009	0.34577
287 A	0.37355	0.27893	0.34752
288 T	0.35471	0.29366	0.35163
289 G	0.32760	0.32010	0.3523
290 A	0.31991	0.32639	0.3537
291 T	0.31652	0.32236	0.36111
292 G	0.31031	0.31482	0.37488
293 A	0.30685	0.29583	0.39733
294 A	0.30622	0.27847	0.41531
295 A	0.30614	0.25213	0.44173
296 A	0.30552	0.23580	0.45868
297 A	0.30539	0.21647	0.47814
298 T	0.30592	0.19210	0.50198
299 C	0.30587	0.17995	0.51418
300 T	0.30582	0.17815	0.51603
301 A	0.30402	0.18020	0.51577
302 T	0.30432	0.17977	0.51591
303 C	0.30358	0.18212	0.5143
304 G	0.30276	0.19853	0.49871
305 T	0.30270	0.20702	0.49028
306 T	0.29814	0.22476	0.47709
307 A	0.29182	0.24650	0.46168
308 T	0.29026	0.25081	0.45893
309 A	0.28567	0.23916	0.47517
310 G	0.28312	0.20831	0.50857
311 G	0.28284	0.21130	0.50585
312 T	0.28582	0.24347	0.47071
313 T	0.28603	0.29719	0.41678
314 A	0.28343	0.33982	0.37675
315 T	0.28152	0.36225	0.35623
316 A	0.27748	0.38146	0.34105
317 A	0.27580	0.38669	0.33751
318 T	0.27346	0.39080	0.33574
319 A	0.27012	0.39784	0.33204
320 A	0.26841	0.40230	0.3293
321 A	0.26793	0.40488	0.32718
322 G	0.26793	0.40534	0.32673
323 A	0.26866	0.40468	0.32665
324 A	0.27117	0.40165	0.32718
325 G	0.27533	0.39766	0.32702
326 A	0.28450	0.38948	0.32602
327 T	0.30660	0.36678	0.32662
328 A	0.31558	0.35921	0.3252
329 T	0.32968	0.34042	0.32991
330 T	0.34188	0.32431	0.33381
331 A	0.34519	0.31928	0.33554
332 G	0.35265	0.30733	0.34001
333 A	0.36849	0.28883	0.34268
334 A	0.40637	0.24853	0.3451
335 T	0.48510	0.16742	0.34747
336 T	0.54877	0.10152	0.34971
337 T	0.57349	0.07798	0.34853
338 T	0.58148	0.07966	0.33886
339 T	0.58099	0.07977	0.33923
340 A	0.57374	0.08626	0.34
341 T	0.55912	0.09854	0.34234
342 G	0.51964	0.13574	0.34463
343 C	0.50181	0.15254	0.34565
344 C	0.47016	0.18648	0.34336
345 T	0.42833	0.23620	0.33547
346 A	0.34379	0.32863	0.32759
347 A	0.29500	0.38088	0.32412
348 A	0.28687	0.39195	0.32118
349 G	0.28635	0.39454	0.31911
350 A	0.28766	0.39714	0.31519
351 T	0.29197	0.39335	0.31468
352 T	0.29230	0.39445	0.31325
353 T	0.27861	0.40916	0.31223
354 A	0.25140	0.43626	0.31234
355 C	0.22587	0.46186	0.31228
356 G	0.21212	0.47637	0.31151
357 A	0.20656	0.48286	0.31059
358 C	0.20523	0.48448	0.31029
359 A	0.20722	0.48314	0.30964
360 A	0.21120	0.47949	0.3093
361 T	0.22230	0.46624	0.31146
362 A	0.22346	0.45956	0.31697
363 T	0.22344	0.45167	0.32489
364 A	0.22375	0.42888	0.34737
365 T	0.22513	0.37958	0.39529
366 A	0.22537	0.35405	0.42059
367 A	0.22757	0.30813	0.4643
368 T	0.23444	0.25405	0.51151
369 T	0.23830	0.18378	0.57793
370 C	0.23489	0.15423	0.61088
371 A	0.22921	0.18573	0.58507
372 A	0.22241	0.23255	0.54504
373 A	0.21696	0.28972	0.49332
374 A	0.20841	0.32245	0.46914
375 T	0.20542	0.34407	0.4505
376 A	0.19881	0.36323	0.43796
377 A	0.19526	0.35666	0.44807
378 T	0.19269	0.35707	0.45024
379 A	0.18351	0.42111	0.39538
380 T	0.17948	0.44624	0.37428
381 T	0.17132	0.48472	0.34397
382 A	0.15998	0.50982	0.3302
383 A	0.15296	0.52401	0.32303
384 T	0.14699	0.53281	0.32021
385 A	0.13538	0.54635	0.31827
386 C	0.12840	0.55576	0.31585
387 A	0.12455	0.56113	0.31432
388 G	0.12325	0.56328	0.31346
389 A	0.12283	0.56426	0.31291
390 A	0.12361	0.56316	0.31323
391 C	0.12614	0.55982	0.31405
392 A	0.13058	0.55558	0.31383
393 A	0.13790	0.54549	0.31661
394 A	0.16752	0.51014	0.32235
395 A	0.20915	0.46121	0.32964
396 T	0.26398	0.39849	0.33753
397 G	0.28762	0.36353	0.34885
398 A	0.31742	0.32953	0.35306
399 T	0.35764	0.28327	0.35908
400 A	0.37216	0.27547	0.35237
401 A	0.39275	0.25442	0.35283
402 T	0.45722	0.18190	0.36089
403 T	0.47994	0.15837	0.36169
404 A	0.49836	0.13863	0.36301
405 T	0.51050	0.11859	0.37091
406 A	0.51592	0.10707	0.377
407 T	0.51946	0.09711	0.38343
408 G	0.51906	0.08891	0.39203
409 T	0.51966	0.08370	0.39664
410 C	0.51308	0.08896	0.39796
411 T	0.50775	0.09997	0.39227
412 A	0.49627	0.12195	0.38178
413 T	0.48842	0.13482	0.37677
414 A	0.45603	0.17507	0.3689
415 A	0.43081	0.20824	0.36095
416 T	0.41842	0.22612	0.35546
417 T	0.40167	0.24707	0.35126
418 G	0.35730	0.30003	0.34266
419 A	0.35273	0.30726	0.34
420 A	0.35240	0.30811	0.33949
421 A	0.35298	0.30784	0.33918
422 A	0.35694	0.30333	0.33973
423 T	0.37175	0.28627	0.34198
424 T	0.37803	0.27853	0.34344
425 A	0.38074	0.27479	0.34448
426 C	0.38591	0.26766	0.34644
427 T	0.39160	0.26103	0.34737
428 T	0.39399	0.25771	0.34831
429 T	0.39494	0.25559	0.34947
430 A	0.39574	0.25407	0.35019
431 A	0.39775	0.25019	0.35206
432 T	0.40150	0.24015	0.35835
433 T	0.40441	0.22737	0.36822
434 A	0.40987	0.21326	0.37688
435 T	0.42030	0.18869	0.39101
436 A	0.42489	0.17424	0.40086
437 A	0.43257	0.13578	0.43165
438 T	0.44287	0.09415	0.46298
439 T	0.45041	0.06932	0.48027
440 A	0.45422	0.04855	0.49723
441 A	0.46259	0.00000	0.53742
