# lcl|CP097583.1_cds_USQ93406.1_1
# AA	inside	membr	outside
1 A	0.83416	0.00000	0.16584
2 T	0.83356	0.00060	0.16584
3 G	0.83319	0.00097	0.16584
4 T	0.83319	0.02943	0.13737
5 T	0.82553	0.06426	0.1102
6 A	0.82553	0.06955	0.10491
7 A	0.81638	0.07901	0.1046
8 A	0.81638	0.07901	0.1046
9 A	0.81594	0.07947	0.10459
10 T	0.81594	0.08070	0.10336
11 C	0.81567	0.08117	0.10316
12 C	0.80437	0.09291	0.10271
13 A	0.78745	0.12289	0.08966
14 A	0.78745	0.12289	0.08966
15 A	0.78745	0.14952	0.06303
16 A	0.78699	0.14998	0.06303
17 T	0.78664	0.15044	0.06292
18 A	0.78661	0.15090	0.06249
19 A	0.78640	0.15124	0.06235
20 T	0.78614	0.15243	0.06144
21 T	0.78328	0.15523	0.0615
22 A	0.78601	0.15272	0.06127
23 T	0.79861	0.13959	0.0618
24 T	0.80967	0.12803	0.0623
25 T	0.81437	0.12053	0.0651
26 T	0.81528	0.11844	0.06628
27 T	0.82457	0.10583	0.06961
28 C	0.82909	0.09619	0.07472
29 C	0.82904	0.09602	0.07494
30 T	0.82723	0.09670	0.07607
31 A	0.82307	0.10198	0.07494
32 C	0.82200	0.10340	0.0746
33 A	0.82211	0.10438	0.07351
34 G	0.82268	0.10369	0.07363
35 A	0.82628	0.09093	0.08279
36 T	0.84147	0.06236	0.09617
37 A	0.84295	0.06069	0.09636
38 C	0.86353	0.03674	0.09973
39 T	0.86439	0.03688	0.09873
40 G	0.86488	0.03687	0.09825
41 T	0.86551	0.03782	0.09666
42 T	0.86566	0.03883	0.0955
43 T	0.86512	0.04012	0.09476
44 A	0.86168	0.04298	0.09533
45 T	0.86096	0.04457	0.09447
46 G	0.85839	0.04799	0.09362
47 G	0.85687	0.05089	0.09224
48 A	0.85631	0.05226	0.09144
49 T	0.85591	0.05282	0.09126
50 T	0.85525	0.05572	0.08903
51 A	0.85453	0.05601	0.08945
52 G	0.85412	0.05995	0.08593
53 G	0.85339	0.06086	0.08574
54 T	0.85361	0.06065	0.08574
55 T	0.85252	0.06163	0.08585
56 G	0.85062	0.06251	0.08686
57 C	0.84864	0.06427	0.08709
58 T	0.84680	0.06623	0.08698
59 C	0.84242	0.07068	0.0869
60 C	0.83885	0.07450	0.08666
61 A	0.83582	0.07859	0.0856
62 T	0.83504	0.08137	0.08359
63 A	0.81661	0.10550	0.07788
64 T	0.79009	0.13560	0.07431
65 A	0.73637	0.19471	0.06893
66 T	0.70880	0.22172	0.06947
67 G	0.62774	0.30004	0.07222
68 A	0.56020	0.36706	0.07274
69 T	0.52584	0.39913	0.07503
70 C	0.43224	0.49209	0.07567
71 A	0.35334	0.57260	0.07406
72 G	0.28907	0.63780	0.07314
73 G	0.26837	0.65982	0.07181
74 A	0.26012	0.66905	0.07083
75 A	0.26119	0.66892	0.06989
76 A	0.26227	0.66714	0.07059
77 G	0.26490	0.66307	0.07203
78 T	0.26393	0.66231	0.07377
79 T	0.25785	0.66679	0.07536
80 T	0.24610	0.67819	0.07572
81 A	0.20260	0.72374	0.07367
82 A	0.16490	0.76104	0.07406
83 A	0.14210	0.78248	0.07542
84 A	0.13010	0.79233	0.07757
85 A	0.12723	0.79148	0.08128
86 A	0.13079	0.76741	0.1018
87 A	0.13387	0.72812	0.138
88 A	0.13861	0.65731	0.20408
89 T	0.14046	0.61099	0.24856
90 T	0.14122	0.52506	0.33372
91 T	0.14161	0.45309	0.40531
92 A	0.14165	0.41487	0.44348
93 T	0.14269	0.33103	0.52628
94 A	0.14371	0.27247	0.58383
95 C	0.14495	0.21687	0.63818
96 T	0.14638	0.20937	0.64425
97 A	0.14504	0.22799	0.62697
98 T	0.14330	0.24512	0.61159
99 T	0.14129	0.28109	0.57762
100 A	0.13705	0.35878	0.50417
101 A	0.13473	0.42465	0.44062
102 A	0.13330	0.53219	0.33451
103 A	0.13262	0.55931	0.30808
104 A	0.13057	0.59581	0.27362
105 A	0.11307	0.63066	0.25627
106 A	0.10175	0.66411	0.23414
107 G	0.09576	0.70508	0.19916
108 A	0.09151	0.81918	0.08931
109 G	0.08947	0.87356	0.03698
110 A	0.08945	0.88061	0.02995
111 T	0.09032	0.88328	0.0264
112 A	0.08872	0.88828	0.02301
113 A	0.08906	0.89061	0.02034
114 C	0.08941	0.89128	0.01932
115 A	0.09017	0.89375	0.01608
116 A	0.09217	0.89373	0.0141
117 T	0.09824	0.88757	0.01419
118 A	0.10065	0.88507	0.01428
119 A	0.10662	0.87888	0.0145
120 A	0.12631	0.85607	0.01762
121 C	0.14371	0.83466	0.02163
122 C	0.17325	0.80284	0.02391
123 A	0.24355	0.73123	0.02522
124 A	0.31774	0.65592	0.02634
125 T	0.43340	0.53906	0.02754
126 A	0.46846	0.50320	0.02834
127 A	0.54771	0.41898	0.03331
128 G	0.61830	0.32463	0.05707
129 T	0.67599	0.25169	0.07232
130 G	0.71796	0.20051	0.08153
131 T	0.83392	0.07821	0.08787
132 T	0.87806	0.02994	0.092
133 T	0.88433	0.02223	0.09345
134 T	0.88524	0.02102	0.09374
135 G	0.88414	0.02130	0.09455
136 T	0.88397	0.02076	0.09528
137 T	0.87707	0.02795	0.09499
138 T	0.87410	0.03197	0.09393
139 T	0.86200	0.04418	0.09382
140 C	0.83861	0.06793	0.09345
141 T	0.81758	0.09094	0.09148
142 T	0.78355	0.12899	0.08747
143 C	0.66613	0.25004	0.08382
144 T	0.59287	0.32977	0.07736
145 T	0.53938	0.39021	0.07041
146 T	0.47574	0.46234	0.06192
147 A	0.36347	0.58087	0.05567
148 G	0.31368	0.63249	0.05383
149 A	0.28120	0.66698	0.05182
150 A	0.19809	0.75183	0.05008
151 C	0.16426	0.78640	0.04934
152 A	0.14616	0.80697	0.04687
153 A	0.14059	0.81540	0.044
154 A	0.13653	0.82352	0.03995
155 T	0.13522	0.82588	0.0389
156 A	0.13101	0.83206	0.03692
157 A	0.12825	0.83455	0.0372
158 A	0.12678	0.83274	0.04048
159 A	0.12435	0.83153	0.04411
160 G	0.12319	0.82182	0.05499
161 A	0.12243	0.81630	0.06127
162 A	0.12210	0.80286	0.07505
163 A	0.12294	0.77250	0.10456
164 T	0.12624	0.73153	0.14222
165 A	0.12888	0.67027	0.20085
166 G	0.13166	0.51076	0.35757
167 C	0.13615	0.39747	0.46638
168 G	0.14100	0.36892	0.49009
169 A	0.14707	0.39572	0.45722
170 T	0.15195	0.42152	0.42653
171 A	0.15098	0.44463	0.40439
172 A	0.15103	0.44595	0.40303
173 T	0.15142	0.38459	0.46399
174 A	0.14914	0.41332	0.43753
175 G	0.14964	0.46752	0.38284
176 A	0.15199	0.55481	0.2932
177 T	0.15598	0.63405	0.20997
178 A	0.15611	0.68422	0.15967
179 A	0.15760	0.70414	0.13826
180 T	0.15874	0.71328	0.12799
181 A	0.15874	0.72437	0.11689
182 A	0.15907	0.72880	0.11213
183 A	0.15988	0.72710	0.11302
184 G	0.16225	0.72267	0.11508
185 T	0.16591	0.71786	0.11623
186 T	0.16653	0.71700	0.11648
187 G	0.16606	0.71896	0.11498
188 A	0.16619	0.72097	0.11284
189 A	0.16827	0.72133	0.1104
190 A	0.17192	0.71859	0.10949
191 A	0.18797	0.70233	0.1097
192 A	0.25310	0.63687	0.11002
193 T	0.34814	0.53959	0.11227
194 T	0.39323	0.49226	0.1145
195 A	0.41297	0.47099	0.11604
196 G	0.44553	0.43690	0.11757
197 C	0.51308	0.36800	0.11893
198 T	0.59857	0.28378	0.11765
199 A	0.68965	0.19259	0.11776
200 T	0.78535	0.09666	0.11799
201 T	0.82181	0.05990	0.1183
202 T	0.83456	0.04739	0.11805
203 C	0.83841	0.04337	0.11822
204 T	0.84612	0.03775	0.11614
205 T	0.84838	0.03745	0.11417
206 T	0.84805	0.03935	0.11261
207 T	0.84763	0.04006	0.11231
208 T	0.84659	0.04113	0.11228
209 G	0.84519	0.04223	0.11257
210 G	0.84526	0.04141	0.11333
211 C	0.84631	0.03973	0.11397
212 C	0.84835	0.03777	0.11388
213 T	0.84967	0.03661	0.11372
214 G	0.84996	0.03638	0.11366
215 G	0.85041	0.03603	0.11355
216 A	0.85019	0.03649	0.11332
217 C	0.85063	0.03616	0.1132
218 C	0.85105	0.03629	0.11266
219 A	0.85107	0.04001	0.10892
220 T	0.85278	0.03868	0.10854
221 T	0.85389	0.03813	0.10798
222 A	0.85124	0.04260	0.10617
223 A	0.84982	0.04573	0.10445
224 C	0.84953	0.04470	0.10577
225 T	0.84308	0.06337	0.09355
226 A	0.82279	0.09780	0.07941
227 T	0.81174	0.12338	0.06488
228 T	0.79081	0.15746	0.05173
229 A	0.74436	0.22932	0.02631
230 T	0.72061	0.25492	0.02447
231 T	0.69422	0.28026	0.02551
232 G	0.64338	0.32956	0.02705
233 T	0.61997	0.35212	0.02791
234 C	0.58226	0.38915	0.02858
235 C	0.54212	0.42918	0.02871
236 C	0.51873	0.45271	0.02857
237 A	0.48460	0.48726	0.02813
238 A	0.46428	0.50764	0.02809
239 C	0.44768	0.52429	0.02804
240 A	0.41952	0.55269	0.02779
241 A	0.41154	0.56080	0.02766
242 C	0.40839	0.56331	0.0283
243 A	0.39863	0.57335	0.02801
244 A	0.39152	0.58084	0.02764
245 A	0.38503	0.58566	0.02931
246 A	0.37723	0.59265	0.03012
247 A	0.37195	0.59709	0.03095
248 A	0.38303	0.57335	0.04362
249 A	0.39454	0.53247	0.07299
250 T	0.40407	0.49807	0.09786
251 A	0.39877	0.47984	0.12139
252 T	0.40327	0.42855	0.16818
253 T	0.37871	0.44146	0.17983
254 A	0.32175	0.48629	0.19195
255 T	0.28625	0.48760	0.22614
256 G	0.24333	0.52704	0.22963
257 A	0.21247	0.55865	0.22888
258 T	0.18502	0.59436	0.22062
259 A	0.13784	0.64292	0.21924
260 A	0.09051	0.67993	0.22956
261 A	0.07028	0.71082	0.21889
262 A	0.06300	0.71279	0.22421
263 C	0.05935	0.69438	0.24627
264 A	0.05612	0.71557	0.22831
265 A	0.05509	0.72866	0.21625
266 A	0.05474	0.74198	0.20328
267 A	0.05443	0.75589	0.18968
268 G	0.05451	0.75761	0.18787
269 A	0.05500	0.77047	0.17453
270 A	0.05569	0.77229	0.17203
271 A	0.05668	0.77213	0.1712
272 A	0.05782	0.76517	0.17701
273 A	0.06012	0.75795	0.18192
274 A	0.06506	0.74067	0.19427
275 G	0.07599	0.71164	0.21237
276 T	0.10170	0.66198	0.23632
277 A	0.11608	0.62191	0.26201
278 T	0.13191	0.59031	0.27778
279 A	0.14106	0.57678	0.28215
280 G	0.15813	0.55552	0.28635
281 G	0.18682	0.51998	0.29321
282 A	0.20462	0.48075	0.31462
283 A	0.22173	0.43161	0.34666
284 T	0.25566	0.39253	0.3518
285 T	0.26487	0.41912	0.31602
286 A	0.26662	0.55881	0.17457
287 G	0.27274	0.61619	0.11107
288 A	0.27954	0.61958	0.10088
289 A	0.29338	0.60624	0.10038
290 T	0.31202	0.58732	0.10065
291 A	0.31754	0.58230	0.10016
292 C	0.33777	0.56328	0.09895
293 C	0.34120	0.56590	0.0929
294 A	0.34562	0.56700	0.08738
295 A	0.35351	0.56054	0.08595
296 A	0.36377	0.55089	0.08535
297 T	0.38160	0.53337	0.08503
298 C	0.38576	0.52909	0.08515
299 A	0.39810	0.51654	0.08536
300 T	0.44616	0.46745	0.08639
301 T	0.48117	0.43182	0.08701
302 C	0.50077	0.41109	0.08813
303 T	0.51702	0.39455	0.08844
304 C	0.52467	0.38590	0.08943
305 T	0.53696	0.37306	0.08998
306 A	0.54252	0.36736	0.09011
307 G	0.55102	0.35853	0.09045
308 C	0.58760	0.32008	0.09232
309 T	0.73329	0.17310	0.09362
310 T	0.78667	0.11277	0.10057
311 T	0.78135	0.11303	0.10562
312 A	0.76586	0.12866	0.10549
313 C	0.76265	0.13199	0.10536
314 A	0.76110	0.13437	0.10453
315 A	0.76283	0.13079	0.10638
316 A	0.76893	0.11582	0.11526
317 T	0.77555	0.10489	0.11956
318 T	0.76866	0.11222	0.11912
319 T	0.73204	0.15288	0.11508
320 T	0.61678	0.26949	0.11373
321 A	0.36730	0.52350	0.1092
322 A	0.30474	0.58728	0.10799
323 A	0.27207	0.62633	0.1016
324 C	0.24652	0.66123	0.09225
325 A	0.23380	0.70908	0.05712
326 A	0.22525	0.73128	0.04347
327 A	0.22036	0.74278	0.03686
328 A	0.21829	0.74982	0.03189
329 A	0.21735	0.75217	0.03047
330 A	0.21714	0.74790	0.03496
331 G	0.21750	0.74133	0.04117
332 G	0.21823	0.73514	0.04663
333 A	0.21951	0.72885	0.05164
334 C	0.22155	0.71428	0.06417
335 C	0.22431	0.70347	0.07222
336 T	0.22674	0.70064	0.07262
337 T	0.23011	0.69828	0.07162
338 T	0.23204	0.69839	0.06957
339 A	0.23201	0.70094	0.06705
340 A	0.23320	0.69978	0.06702
341 A	0.23617	0.67400	0.08983
342 A	0.24488	0.61187	0.14325
343 G	0.24895	0.47657	0.27448
344 T	0.25885	0.22865	0.51249
345 G	0.26494	0.17246	0.5626
346 A	0.27689	0.13518	0.58793
347 C	0.29404	0.09597	0.60998
348 T	0.33032	0.05604	0.61364
349 T	0.34135	0.04218	0.61648
350 C	0.34526	0.04166	0.61308
351 T	0.34785	0.06243	0.58972
352 G	0.34870	0.11817	0.53313
353 T	0.34890	0.19291	0.45819
354 T	0.34762	0.23975	0.41264
355 A	0.34485	0.28713	0.36802
356 A	0.33953	0.34049	0.31998
357 T	0.32167	0.41842	0.25991
358 A	0.26294	0.62641	0.11066
359 A	0.21388	0.68183	0.10429
360 A	0.16084	0.73895	0.10021
361 A	0.12907	0.77653	0.0944
362 G	0.11450	0.79344	0.09206
363 C	0.10310	0.80734	0.08956
364 G	0.08374	0.83354	0.08273
365 G	0.07390	0.84744	0.07866
366 A	0.06995	0.85204	0.07801
367 G	0.06808	0.85395	0.07797
368 A	0.06705	0.85504	0.07791
369 A	0.06727	0.85469	0.07805
370 C	0.07028	0.85153	0.07819
371 C	0.07780	0.84396	0.07825
372 A	0.08806	0.83370	0.07825
373 C	0.10901	0.81269	0.0783
374 C	0.14554	0.77615	0.0783
375 T	0.20861	0.71313	0.07826
376 T	0.27453	0.64723	0.07824
377 T	0.31515	0.60606	0.07879
378 A	0.34465	0.57594	0.07941
379 A	0.38003	0.53674	0.08323
380 A	0.42938	0.46401	0.10661
381 T	0.56237	0.27204	0.16559
382 A	0.56977	0.21344	0.21678
383 A	0.57806	0.14879	0.27315
384 T	0.59194	0.10031	0.30775
385 T	0.59787	0.08124	0.32089
386 A	0.59411	0.07674	0.32914
387 T	0.59729	0.05496	0.34774
388 T	0.59348	0.05051	0.35601
389 T	0.58153	0.06340	0.35507
390 A	0.55130	0.10680	0.3419
391 G	0.52403	0.14524	0.33072
392 A	0.46800	0.21446	0.31753
393 G	0.38377	0.31540	0.30082
394 A	0.34452	0.38986	0.26563
395 T	0.30280	0.48207	0.21513
396 T	0.24296	0.61331	0.14372
397 A	0.18199	0.74317	0.07484
398 A	0.14323	0.81008	0.04669
399 A	0.11873	0.83780	0.04347
400 A	0.09983	0.86021	0.03996
401 A	0.08918	0.87101	0.03981
402 A	0.08764	0.87187	0.04049
403 C	0.08616	0.87286	0.04098
404 A	0.08534	0.87496	0.03969
405 A	0.08591	0.87407	0.04002
406 T	0.08762	0.87184	0.04054
407 A	0.08831	0.87081	0.04088
408 T	0.09049	0.86736	0.04215
409 C	0.09074	0.85790	0.05136
410 A	0.09143	0.85406	0.05451
411 A	0.09335	0.84578	0.06088
412 A	0.09778	0.83156	0.07067
413 A	0.11073	0.79410	0.09517
414 T	0.12657	0.75598	0.11746
415 A	0.14135	0.68411	0.17453
416 A	0.16246	0.57068	0.26686
417 A	0.20148	0.47946	0.31906
418 G	0.25401	0.37295	0.37305
419 T	0.32805	0.24263	0.42932
420 T	0.38837	0.14039	0.47125
421 G	0.40733	0.10454	0.48813
422 A	0.41092	0.11725	0.47183
423 T	0.41597	0.13687	0.44717
424 T	0.41573	0.17908	0.40519
425 A	0.41069	0.26269	0.32662
426 T	0.40989	0.29425	0.29585
427 A	0.40805	0.32893	0.26301
428 T	0.40698	0.35827	0.23474
429 T	0.40407	0.36723	0.2287
430 T	0.40040	0.37172	0.22788
431 A	0.39402	0.38004	0.22593
432 T	0.39023	0.38594	0.22383
433 C	0.38388	0.39736	0.21876
434 C	0.38131	0.41129	0.20741
435 T	0.36846	0.46050	0.17104
436 A	0.34334	0.51256	0.1441
437 A	0.31933	0.54153	0.13914
438 T	0.29457	0.57051	0.13492
439 A	0.25624	0.61712	0.12665
440 A	0.23787	0.63762	0.12451
441 C	0.23561	0.64077	0.12362
442 A	0.24016	0.64047	0.11937
443 A	0.24898	0.63292	0.1181
444 A	0.27259	0.61023	0.11718
445 A	0.31754	0.56647	0.116
446 T	0.36886	0.51547	0.11567
447 A	0.41850	0.46429	0.11721
448 T	0.49468	0.38185	0.12347
449 T	0.52108	0.35238	0.12654
450 A	0.53836	0.33126	0.13038
451 T	0.55561	0.31065	0.13373
452 C	0.55697	0.30618	0.13685
453 A	0.55647	0.30673	0.1368
454 A	0.55905	0.30320	0.13775
455 A	0.56583	0.29440	0.13977
456 T	0.57724	0.27903	0.14373
457 A	0.58819	0.26975	0.14205
458 T	0.62183	0.21836	0.15982
459 A	0.64078	0.17635	0.18287
460 A	0.64614	0.14467	0.20919
461 G	0.65147	0.11373	0.23479
462 T	0.66279	0.07165	0.26556
463 T	0.66567	0.05288	0.28144
464 C	0.66712	0.04695	0.28592
465 T	0.67021	0.04391	0.28588
466 A	0.67064	0.04464	0.28472
467 C	0.67135	0.04449	0.28416
468 T	0.67198	0.04811	0.27991
469 G	0.67110	0.05675	0.27216
470 T	0.66529	0.07794	0.25677
471 T	0.65718	0.10080	0.24201
472 A	0.64556	0.14020	0.21425
473 T	0.64061	0.16709	0.1923
474 A	0.63177	0.18806	0.18018
475 G	0.62825	0.19035	0.1814
476 A	0.62835	0.18843	0.18322
477 T	0.63070	0.18451	0.18479
478 A	0.62973	0.18491	0.18536
479 C	0.63151	0.18211	0.18638
480 C	0.63476	0.17827	0.18697
481 A	0.63665	0.17623	0.18712
482 C	0.64055	0.17214	0.1873
483 T	0.64173	0.17095	0.18733
484 T	0.64234	0.17035	0.18731
485 C	0.64233	0.17035	0.18732
486 T	0.64199	0.17083	0.18717
487 C	0.63994	0.17319	0.18688
488 A	0.63709	0.17736	0.18555
489 T	0.63756	0.17851	0.18394
490 A	0.63625	0.18331	0.18044
491 A	0.64033	0.17992	0.17974
492 A	0.65068	0.16864	0.18068
493 T	0.66873	0.14110	0.19018
494 G	0.68150	0.11839	0.20011
495 G	0.70664	0.08248	0.21088
496 T	0.72852	0.05723	0.21424
497 T	0.73719	0.04364	0.21918
498 T	0.73745	0.04239	0.22015
499 T	0.73702	0.04359	0.21939
500 T	0.73628	0.04465	0.21907
501 G	0.73448	0.04606	0.21947
502 G	0.73357	0.04797	0.21846
503 T	0.73297	0.05006	0.21697
504 A	0.73088	0.05336	0.21576
505 A	0.72936	0.05518	0.21546
506 G	0.72792	0.05684	0.21524
507 A	0.72640	0.05923	0.21437
508 G	0.72580	0.05937	0.21483
509 A	0.72616	0.05913	0.21471
510 A	0.72673	0.05705	0.21622
511 G	0.72821	0.05175	0.22004
512 G	0.73022	0.04773	0.22205
513 T	0.73423	0.04128	0.22449
514 T	0.73588	0.03827	0.22585
515 C	0.73656	0.03703	0.22641
516 T	0.73807	0.03676	0.22517
517 A	0.73859	0.03648	0.22493
518 T	0.73971	0.03561	0.22467
519 T	0.74010	0.03587	0.22403
520 T	0.74006	0.03656	0.22338
521 C	0.73807	0.03786	0.22407
522 T	0.73610	0.04173	0.22216
523 T	0.72894	0.05007	0.221
524 T	0.70861	0.07275	0.21863
525 A	0.67457	0.11408	0.21134
526 T	0.64944	0.14973	0.20083
527 T	0.60589	0.19919	0.19492
528 A	0.52347	0.28809	0.18843
529 A	0.47440	0.34277	0.18282
530 T	0.46928	0.34792	0.1828
531 G	0.46052	0.35747	0.18201
532 A	0.45436	0.36530	0.18033
533 T	0.45421	0.36580	0.17999
534 A	0.45307	0.36723	0.1797
535 A	0.45323	0.36699	0.17978
536 A	0.45375	0.36635	0.17991
537 T	0.45443	0.36544	0.18013
538 A	0.45470	0.36492	0.18038
539 A	0.45581	0.36339	0.18079
540 A	0.45640	0.36192	0.18168
541 A	0.45735	0.35979	0.18287
542 T	0.45936	0.35512	0.18553
543 T	0.46110	0.34994	0.18896
544 A	0.46213	0.34365	0.19422
545 T	0.46505	0.33087	0.20408
546 A	0.46664	0.31735	0.21601
547 G	0.46995	0.28688	0.24317
548 A	0.47840	0.24142	0.28018
549 T	0.49243	0.19029	0.31728
550 T	0.50063	0.13600	0.36337
551 A	0.50744	0.05921	0.43335
552 A	0.51497	0.00000	0.48503
