# lcl|CP097583.1_cds_USQ93140.1_1
# AA	inside	membr	outside
1 A	0.20839	0.00000	0.79162
2 T	0.20838	0.00001	0.79162
3 G	0.20837	0.00002	0.79162
4 T	0.20837	0.00518	0.78645
5 T	0.20832	0.00964	0.78204
6 T	0.20832	0.00998	0.7817
7 G	0.20660	0.01188	0.78152
8 A	0.20660	0.01189	0.78152
9 T	0.20645	0.01212	0.78143
10 C	0.20645	0.02069	0.77287
11 A	0.20642	0.02174	0.77184
12 T	0.20601	0.02269	0.7713
13 G	0.20442	0.02925	0.76633
14 A	0.20441	0.02925	0.76633
15 T	0.20441	0.04367	0.75192
16 A	0.20439	0.04369	0.75192
17 A	0.20437	0.04373	0.7519
18 T	0.20437	0.04374	0.75189
19 A	0.20430	0.04382	0.75188
20 T	0.20376	0.04437	0.75186
21 C	0.19716	0.05098	0.75187
22 G	0.19695	0.05118	0.75187
23 C	0.19706	0.05106	0.75188
24 T	0.19734	0.05079	0.75187
25 G	0.19751	0.05061	0.75188
26 C	0.19784	0.05027	0.75189
27 T	0.20214	0.04591	0.75194
28 A	0.20485	0.04316	0.75198
29 T	0.20534	0.04255	0.75211
30 C	0.20554	0.04090	0.75356
31 G	0.20378	0.04263	0.75359
32 C	0.20330	0.04284	0.75386
33 T	0.20925	0.03681	0.75394
34 A	0.20690	0.03913	0.75397
35 C	0.20851	0.03726	0.75423
36 T	0.21168	0.03301	0.7553
37 C	0.20943	0.03524	0.75533
38 C	0.21610	0.02855	0.75535
39 T	0.21346	0.03130	0.75525
40 T	0.21027	0.03453	0.7552
41 T	0.20353	0.04134	0.75513
42 A	0.18279	0.06219	0.75503
43 G	0.17288	0.07160	0.75553
44 G	0.16232	0.07617	0.76151
45 A	0.15525	0.08276	0.76198
46 A	0.14903	0.08859	0.76237
47 C	0.14410	0.09294	0.76295
48 C	0.14056	0.09649	0.76295
49 G	0.13680	0.10050	0.76271
50 G	0.13571	0.10175	0.76254
51 A	0.13514	0.10250	0.76236
52 A	0.13494	0.10283	0.76223
53 G	0.13487	0.10240	0.76273
54 T	0.13482	0.09969	0.7655
55 A	0.13470	0.09839	0.7669
56 T	0.13464	0.09561	0.76975
57 T	0.13451	0.09262	0.77287
58 A	0.13441	0.09161	0.77398
59 G	0.13436	0.08794	0.7777
60 T	0.13433	0.08344	0.78223
61 G	0.13425	0.07874	0.78701
62 T	0.13429	0.07490	0.79082
63 G	0.13384	0.07319	0.79297
64 A	0.13370	0.06869	0.7976
65 T	0.13368	0.05391	0.81242
66 A	0.13322	0.04869	0.81809
67 A	0.13306	0.04065	0.82629
68 G	0.13301	0.03658	0.83041
69 A	0.13298	0.03607	0.83094
70 G	0.13298	0.03476	0.83226
71 T	0.13327	0.03686	0.82987
72 T	0.13321	0.04105	0.82573
73 A	0.13240	0.05474	0.81285
74 G	0.12941	0.06917	0.80143
75 T	0.12663	0.08652	0.78684
76 G	0.12395	0.09203	0.78402
77 G	0.12219	0.09669	0.78112
78 A	0.12064	0.10149	0.77787
79 T	0.11853	0.10768	0.77379
80 C	0.11351	0.11443	0.77206
81 A	0.10701	0.12897	0.76402
82 G	0.10326	0.13434	0.76239
83 A	0.10019	0.14081	0.759
84 A	0.09691	0.14637	0.75672
85 G	0.09503	0.14897	0.75601
86 C	0.09536	0.14863	0.75601
87 G	0.09556	0.14844	0.75599
88 A	0.09611	0.14794	0.75594
89 T	0.09830	0.14557	0.75613
90 A	0.09859	0.14523	0.75618
91 C	0.10076	0.14301	0.75624
92 A	0.10634	0.13739	0.75627
93 A	0.11031	0.13332	0.75636
94 A	0.11580	0.12776	0.75644
95 A	0.12324	0.12000	0.75675
96 T	0.13655	0.10591	0.75754
97 A	0.14685	0.09217	0.76098
98 T	0.16065	0.07441	0.76495
99 T	0.16317	0.06904	0.76779
100 A	0.16394	0.06672	0.76934
101 A	0.16496	0.06392	0.77112
102 T	0.15953	0.06677	0.7737
103 A	0.14472	0.07741	0.77788
104 A	0.13580	0.08137	0.78283
105 A	0.13115	0.08351	0.78533
106 A	0.12940	0.08362	0.78698
107 T	0.12924	0.08066	0.7901
108 T	0.12461	0.08318	0.79221
109 T	0.11612	0.09131	0.79257
110 T	0.10407	0.10435	0.79158
111 T	0.09122	0.12044	0.78834
112 A	0.05717	0.16219	0.78064
113 A	0.04321	0.17936	0.77743
114 A	0.03443	0.18851	0.77706
115 A	0.02931	0.19280	0.7779
116 G	0.02659	0.19443	0.77898
117 T	0.02553	0.19496	0.77951
118 G	0.02395	0.19622	0.77982
119 C	0.02322	0.19671	0.78007
120 A	0.02273	0.19733	0.77994
121 A	0.02237	0.19774	0.77989
122 A	0.02217	0.19767	0.78016
123 A	0.02226	0.19661	0.78112
124 A	0.02242	0.19487	0.7827
125 A	0.02271	0.18460	0.7927
126 A	0.02339	0.16839	0.80822
127 A	0.02417	0.15238	0.82345
128 A	0.02538	0.14298	0.83165
129 T	0.02759	0.12959	0.84282
130 T	0.02884	0.11931	0.85184
131 G	0.02963	0.10913	0.86123
132 G	0.03075	0.09544	0.87381
133 G	0.03248	0.08436	0.88315
134 A	0.03595	0.07290	0.89115
135 T	0.04394	0.04208	0.91398
136 T	0.04725	0.03211	0.92063
137 T	0.04783	0.02894	0.92324
138 G	0.04734	0.03614	0.91652
139 T	0.04697	0.04761	0.90542
140 T	0.04589	0.05810	0.89601
141 A	0.04170	0.07473	0.88357
142 A	0.03962	0.07872	0.88166
143 A	0.03888	0.08005	0.88107
144 A	0.03859	0.08005	0.88136
145 G	0.03832	0.08001	0.88167
146 C	0.03746	0.08068	0.88186
147 A	0.03696	0.08123	0.88181
148 C	0.03697	0.08120	0.88182
149 C	0.03702	0.08122	0.88176
150 T	0.03715	0.08110	0.88175
151 T	0.03711	0.08115	0.88174
152 C	0.03703	0.08124	0.88174
153 A	0.03691	0.08137	0.88172
154 C	0.03712	0.08115	0.88173
155 A	0.03766	0.08060	0.88174
156 T	0.03938	0.07886	0.88176
157 A	0.04158	0.07665	0.88177
158 C	0.04689	0.07122	0.88189
159 T	0.05597	0.06208	0.88195
160 A	0.06224	0.05539	0.88237
161 T	0.07498	0.04155	0.88347
162 T	0.08507	0.03075	0.88418
163 C	0.09065	0.02415	0.88521
164 A	0.09868	0.01282	0.8885
165 T	0.10137	0.00817	0.89046
166 T	0.10224	0.00644	0.89132
167 A	0.10184	0.00649	0.89168
168 T	0.10192	0.00603	0.89205
169 G	0.10180	0.00493	0.89327
170 G	0.10177	0.00426	0.89398
171 T	0.10183	0.00396	0.89422
172 T	0.10171	0.00437	0.89393
173 T	0.09988	0.00661	0.89351
174 T	0.09651	0.01071	0.89278
175 A	0.09259	0.01507	0.89234
176 T	0.09002	0.01758	0.8924
177 T	0.08663	0.02103	0.89235
178 T	0.08035	0.02749	0.89215
179 T	0.07293	0.03513	0.89194
180 A	0.06148	0.04661	0.89191
181 G	0.04943	0.05870	0.89187
182 A	0.04382	0.06435	0.89183
183 T	0.04126	0.06702	0.89172
184 C	0.03539	0.07309	0.89151
185 A	0.03336	0.07586	0.89079
186 A	0.03264	0.07667	0.89069
187 A	0.03232	0.07702	0.89065
188 A	0.03216	0.07716	0.89068
189 T	0.03214	0.07708	0.89078
190 C	0.03209	0.07648	0.89143
191 A	0.03207	0.07642	0.89151
192 A	0.03207	0.07625	0.89169
193 A	0.03219	0.07593	0.89189
194 A	0.03243	0.07545	0.89212
195 T	0.03326	0.07421	0.89253
196 A	0.03382	0.07091	0.89527
197 T	0.03474	0.06488	0.90039
198 T	0.03510	0.05834	0.90656
199 T	0.03518	0.05288	0.91193
200 T	0.03522	0.04727	0.91751
201 G	0.03522	0.04079	0.924
202 G	0.03530	0.03456	0.93014
203 A	0.03534	0.02693	0.93773
204 T	0.03541	0.01700	0.94759
205 G	0.03544	0.01242	0.95214
206 A	0.03558	0.01016	0.95425
207 G	0.03582	0.00522	0.95896
208 G	0.03651	0.00307	0.96041
209 T	0.03668	0.00289	0.96043
210 T	0.03677	0.00360	0.95962
211 T	0.03680	0.00532	0.95788
212 T	0.03680	0.00679	0.95641
213 A	0.03680	0.00869	0.95451
214 A	0.03682	0.00884	0.95434
215 T	0.03685	0.00878	0.95437
216 T	0.03685	0.00881	0.95434
217 T	0.03685	0.00891	0.95424
218 C	0.03679	0.00904	0.95416
219 T	0.03675	0.00919	0.95406
220 G	0.03670	0.00931	0.95399
221 T	0.03669	0.00938	0.95393
222 T	0.03651	0.00961	0.95387
223 T	0.03640	0.00980	0.9538
224 T	0.03617	0.01001	0.95382
225 T	0.03561	0.01063	0.95377
226 A	0.03480	0.01163	0.95357
227 A	0.03430	0.01217	0.95352
228 A	0.03374	0.01270	0.95355
229 A	0.03340	0.01302	0.95358
230 A	0.03330	0.01310	0.9536
231 A	0.03362	0.01276	0.95362
232 C	0.03443	0.01193	0.95364
233 C	0.03584	0.01051	0.95364
234 T	0.03776	0.00859	0.95365
235 C	0.03886	0.00749	0.95365
236 A	0.04020	0.00615	0.95365
237 T	0.04057	0.00578	0.95365
238 T	0.04069	0.00566	0.95365
239 C	0.04075	0.00557	0.95368
240 T	0.04087	0.00543	0.95369
241 T	0.04090	0.00534	0.95376
242 T	0.04085	0.00534	0.95381
243 T	0.04067	0.00545	0.95388
244 A	0.04024	0.00582	0.95393
245 C	0.04007	0.00541	0.95452
246 T	0.04003	0.00521	0.95475
247 G	0.03984	0.00511	0.95505
248 G	0.03979	0.00480	0.95541
249 T	0.03993	0.00418	0.95589
250 G	0.03985	0.00404	0.95612
251 A	0.03949	0.00393	0.95658
252 A	0.03942	0.00363	0.95695
253 G	0.03937	0.00343	0.95721
254 A	0.03933	0.00332	0.95736
255 T	0.03932	0.00319	0.95749
256 G	0.03928	0.00323	0.95749
257 T	0.03926	0.00328	0.95745
258 G	0.03922	0.00340	0.95739
259 G	0.03918	0.00372	0.95709
260 T	0.03915	0.00392	0.95692
261 T	0.03904	0.00425	0.95671
262 G	0.03892	0.00460	0.95648
263 A	0.03888	0.00478	0.95634
264 A	0.03886	0.00469	0.95646
265 G	0.03884	0.00452	0.95664
266 T	0.03883	0.00428	0.95689
267 T	0.03879	0.00394	0.95727
268 C	0.03872	0.00379	0.95748
269 A	0.03859	0.00387	0.95754
270 G	0.03847	0.00385	0.95768
271 G	0.03844	0.00380	0.95776
272 G	0.03844	0.00377	0.95779
273 A	0.03848	0.00368	0.95783
274 C	0.03857	0.00320	0.95824
275 A	0.03864	0.00315	0.95822
276 T	0.03873	0.00303	0.95823
277 G	0.03878	0.00298	0.95825
278 G	0.03881	0.00295	0.95824
279 T	0.03895	0.00282	0.95824
280 G	0.03903	0.00271	0.95825
281 G	0.03918	0.00254	0.95829
282 T	0.03957	0.00212	0.95831
283 A	0.03972	0.00196	0.95832
284 T	0.03991	0.00168	0.95841
285 T	0.04006	0.00150	0.95844
286 T	0.04002	0.00163	0.95835
287 T	0.03980	0.00215	0.95805
288 A	0.03904	0.00385	0.9571
289 A	0.03855	0.00449	0.95696
290 T	0.03815	0.00499	0.95686
291 A	0.03664	0.00648	0.95688
292 A	0.03529	0.00771	0.95699
293 C	0.03461	0.00828	0.95711
294 A	0.03416	0.00873	0.95711
295 C	0.03403	0.00885	0.95711
296 A	0.03389	0.00901	0.9571
297 G	0.03388	0.00904	0.95709
298 T	0.03396	0.00897	0.95708
299 T	0.03398	0.00894	0.95707
300 G	0.03398	0.00894	0.95708
301 T	0.03401	0.00888	0.95711
302 T	0.03401	0.00887	0.95711
303 A	0.03388	0.00900	0.95712
304 T	0.03375	0.00914	0.95711
305 T	0.03351	0.00940	0.95709
306 A	0.03292	0.01010	0.95698
307 G	0.03256	0.01043	0.95702
308 A	0.03237	0.01053	0.9571
309 G	0.03229	0.01040	0.9573
310 A	0.03253	0.00992	0.95754
311 G	0.03338	0.00838	0.95825
312 A	0.03357	0.00776	0.95867
313 A	0.03374	0.00711	0.95915
314 T	0.03384	0.00552	0.96064
315 T	0.03386	0.00425	0.96188
316 T	0.03388	0.00366	0.96246
317 T	0.03389	0.00330	0.96281
318 A	0.03388	0.00320	0.96291
319 T	0.03390	0.00303	0.96306
320 C	0.03390	0.00298	0.96311
321 T	0.03391	0.00301	0.96308
322 T	0.03389	0.00309	0.96302
323 T	0.03377	0.00353	0.96271
324 A	0.03356	0.00423	0.96221
325 A	0.03348	0.00482	0.9617
326 A	0.03337	0.00513	0.9615
327 T	0.03314	0.00546	0.96141
328 A	0.03239	0.00681	0.96079
329 T	0.03176	0.00774	0.96051
330 T	0.03069	0.00896	0.96034
331 A	0.02897	0.01087	0.96016
332 G	0.02806	0.01185	0.96009
333 A	0.02746	0.01261	0.95992
334 T	0.02725	0.01280	0.95994
335 T	0.02697	0.01309	0.95994
336 A	0.02630	0.01377	0.95994
337 G	0.02564	0.01442	0.95995
338 C	0.02513	0.01494	0.95993
339 T	0.02443	0.01565	0.95992
340 C	0.02346	0.01661	0.95993
341 A	0.02277	0.01733	0.9599
342 A	0.02228	0.01784	0.95988
343 C	0.02206	0.01807	0.95988
344 C	0.02191	0.01823	0.95986
345 A	0.02184	0.01833	0.95983
346 G	0.02210	0.01800	0.9599
347 G	0.02253	0.01748	0.95999
348 A	0.02299	0.01699	0.96002
349 G	0.02347	0.01635	0.96017
350 A	0.02394	0.01540	0.96066
351 A	0.02493	0.01340	0.96166
352 T	0.02593	0.01140	0.96267
353 T	0.02628	0.00990	0.96382
354 T	0.02632	0.00846	0.96523
355 A	0.02593	0.00822	0.96585
356 G	0.02573	0.00785	0.96641
357 T	0.02534	0.00812	0.96654
358 A	0.02409	0.00945	0.96646
359 A	0.02306	0.01027	0.96667
360 A	0.02205	0.01108	0.96687
361 A	0.02158	0.01098	0.96743
362 G	0.02127	0.01045	0.96828
363 G	0.02114	0.00966	0.9692
364 G	0.02112	0.00915	0.96974
365 C	0.02115	0.00876	0.9701
366 T	0.02120	0.00885	0.96996
367 T	0.02122	0.00895	0.96984
368 T	0.02121	0.00913	0.96966
369 T	0.02113	0.00939	0.96948
370 T	0.02097	0.00970	0.96933
371 T	0.02073	0.01005	0.96922
372 A	0.02051	0.01052	0.96898
373 A	0.02035	0.01088	0.96877
374 A	0.02026	0.01111	0.96863
375 T	0.02022	0.01123	0.96854
376 A	0.02016	0.01164	0.96819
377 A	0.02015	0.01193	0.96792
378 T	0.02032	0.01174	0.96793
379 A	0.02033	0.01202	0.96766
380 A	0.02040	0.01192	0.96769
381 A	0.02055	0.01098	0.96847
382 A	0.02085	0.01003	0.96912
383 T	0.02130	0.00886	0.96984
384 A	0.02136	0.00899	0.96965
385 G	0.02147	0.00894	0.9696
386 A	0.02168	0.00895	0.96938
387 T	0.02202	0.00884	0.96914
388 T	0.02211	0.00892	0.96897
389 T	0.02220	0.00919	0.96861
390 A	0.02210	0.00951	0.96839
391 A	0.02204	0.00984	0.96811
392 T	0.02209	0.00982	0.9681
393 T	0.02195	0.00990	0.96815
394 C	0.02167	0.00995	0.96837
395 A	0.02145	0.01018	0.96838
396 A	0.02127	0.01032	0.9684
397 G	0.02121	0.01034	0.96845
398 C	0.02129	0.01022	0.96849
399 G	0.02165	0.00988	0.96848
400 G	0.02211	0.00934	0.96855
401 A	0.02263	0.00878	0.96859
402 A	0.02321	0.00813	0.96867
403 T	0.02366	0.00759	0.96875
404 C	0.02402	0.00702	0.96896
405 C	0.02441	0.00658	0.969
406 A	0.02472	0.00627	0.96901
407 T	0.02548	0.00550	0.96902
408 T	0.02584	0.00513	0.96903
409 A	0.02609	0.00489	0.96902
410 T	0.02633	0.00463	0.96904
411 G	0.02642	0.00436	0.96922
412 G	0.02669	0.00390	0.9694
413 A	0.02697	0.00343	0.96961
414 T	0.02738	0.00277	0.96985
415 T	0.02743	0.00265	0.96992
416 T	0.02730	0.00267	0.97003
417 A	0.02689	0.00302	0.97008
418 A	0.02680	0.00292	0.97028
419 T	0.02681	0.00266	0.97052
420 T	0.02676	0.00266	0.97058
421 T	0.02669	0.00265	0.97066
422 T	0.02657	0.00277	0.97067
423 T	0.02632	0.00301	0.97067
424 G	0.02459	0.00479	0.97063
425 C	0.02287	0.00660	0.97053
426 T	0.02145	0.00828	0.97027
427 C	0.01866	0.01130	0.97004
428 A	0.01599	0.01414	0.96987
429 A	0.01456	0.01562	0.96982
430 A	0.01409	0.01612	0.96979
431 A	0.01385	0.01637	0.96978
432 C	0.01368	0.01654	0.96978
433 G	0.01351	0.01675	0.96974
434 A	0.01348	0.01681	0.96971
435 A	0.01335	0.01694	0.96971
436 A	0.01335	0.01693	0.96972
437 A	0.01337	0.01688	0.96975
438 T	0.01350	0.01649	0.97001
439 G	0.01357	0.01608	0.97035
440 T	0.01374	0.01543	0.97083
441 C	0.01376	0.01521	0.97103
442 G	0.01378	0.01515	0.97107
443 T	0.01385	0.01505	0.9711
444 G	0.01384	0.01500	0.97116
445 A	0.01387	0.01489	0.97123
446 A	0.01392	0.01469	0.97139
447 A	0.01403	0.01272	0.97325
448 T	0.01422	0.01045	0.97533
449 T	0.01446	0.00856	0.97698
450 A	0.01456	0.00590	0.97953
451 T	0.01462	0.00350	0.98187
452 C	0.01454	0.00284	0.98262
453 T	0.01444	0.00393	0.98163
454 A	0.01417	0.00630	0.97953
455 A	0.01399	0.00715	0.97886
456 T	0.01393	0.00754	0.97852
457 T	0.01383	0.00825	0.97792
458 T	0.01367	0.00854	0.97779
459 A	0.01351	0.00903	0.97745
460 G	0.01346	0.00940	0.97715
461 G	0.01342	0.01014	0.97644
462 T	0.01340	0.01020	0.9764
463 T	0.01336	0.01028	0.97636
464 T	0.01319	0.01053	0.97628
465 G	0.01285	0.01102	0.97612
466 C	0.01265	0.01132	0.97603
467 A	0.01240	0.01215	0.97545
468 T	0.01227	0.01293	0.97481
469 A	0.01187	0.01450	0.97363
470 A	0.01152	0.01589	0.97259
471 A	0.01137	0.01680	0.97183
472 A	0.01122	0.01739	0.97139
473 A	0.01123	0.01752	0.97126
474 A	0.01158	0.01719	0.97123
475 A	0.01228	0.01636	0.97136
476 A	0.01368	0.01480	0.97152
477 T	0.01606	0.01202	0.97192
478 T	0.01676	0.01105	0.97219
479 C	0.01695	0.01068	0.97236
480 T	0.01728	0.01030	0.97242
481 C	0.01696	0.01057	0.97248
482 A	0.01670	0.01094	0.97236
483 A	0.01659	0.01113	0.97228
484 T	0.01708	0.01082	0.9721
485 T	0.01655	0.01156	0.97189
486 G	0.01454	0.01402	0.97144
487 G	0.01307	0.01557	0.97135
488 T	0.01213	0.01644	0.97144
489 A	0.01043	0.01798	0.97159
490 G	0.01014	0.01806	0.9718
491 A	0.01064	0.01745	0.97191
492 A	0.01168	0.01609	0.97224
493 C	0.01258	0.01484	0.97258
494 A	0.01322	0.01426	0.97252
495 T	0.01352	0.01402	0.97246
496 T	0.01329	0.01439	0.97232
497 T	0.01308	0.01477	0.97214
498 A	0.01240	0.01569	0.97191
499 A	0.01200	0.01612	0.97188
500 A	0.01168	0.01641	0.97191
501 T	0.01147	0.01655	0.97198
502 A	0.01028	0.01771	0.972
503 A	0.00943	0.01843	0.97214
504 G	0.00915	0.01827	0.97258
505 A	0.00911	0.01804	0.97286
506 A	0.00913	0.01777	0.9731
507 A	0.00936	0.01734	0.9733
508 A	0.00971	0.01617	0.97412
509 T	0.01019	0.01340	0.97641
510 T	0.01025	0.01188	0.97787
511 A	0.00976	0.01199	0.97824
512 T	0.00913	0.01218	0.97869
513 G	0.00786	0.01497	0.97717
514 A	0.00732	0.01680	0.97587
515 A	0.00697	0.01717	0.97586
516 A	0.00679	0.01732	0.9759
517 A	0.00681	0.01718	0.97602
518 T	0.00699	0.01668	0.97633
519 C	0.00689	0.01639	0.97672
520 A	0.00675	0.01669	0.97655
521 T	0.00674	0.01643	0.97683
522 A	0.00654	0.01642	0.97705
523 G	0.00634	0.01636	0.9773
524 G	0.00622	0.01631	0.97747
525 G	0.00623	0.01514	0.97864
526 C	0.00619	0.01453	0.97928
527 A	0.00623	0.01452	0.97925
528 A	0.00639	0.01439	0.97922
529 A	0.00660	0.01420	0.9792
530 T	0.00684	0.01393	0.97923
531 A	0.00692	0.01388	0.9792
532 G	0.00709	0.01353	0.97939
533 A	0.00741	0.01311	0.97948
534 A	0.00811	0.01186	0.98003
535 G	0.00885	0.01049	0.98066
536 T	0.01084	0.00745	0.98171
537 T	0.01191	0.00599	0.9821
538 A	0.01199	0.00571	0.98231
539 A	0.01212	0.00540	0.98248
540 T	0.01230	0.00502	0.98268
541 A	0.01238	0.00487	0.98275
542 T	0.01258	0.00441	0.98302
543 T	0.01287	0.00393	0.9832
544 G	0.01290	0.00376	0.98334
545 A	0.01291	0.00361	0.98348
546 T	0.01299	0.00334	0.98367
547 T	0.01301	0.00317	0.98382
548 A	0.01298	0.00308	0.98394
549 T	0.01315	0.00277	0.98408
550 C	0.01329	0.00256	0.98415
551 C	0.01334	0.00252	0.98413
552 T	0.01336	0.00264	0.984
553 G	0.01326	0.00283	0.9839
554 A	0.01303	0.00325	0.98373
555 A	0.01284	0.00360	0.98355
556 T	0.01308	0.00349	0.98343
557 A	0.01321	0.00333	0.98346
558 T	0.01346	0.00302	0.98352
559 T	0.01349	0.00296	0.98354
560 T	0.01347	0.00295	0.98358
561 C	0.01300	0.00347	0.98353
562 G	0.01252	0.00460	0.98287
563 A	0.01232	0.00580	0.98188
564 T	0.01222	0.00606	0.98173
565 A	0.01198	0.00647	0.98155
566 T	0.01189	0.00662	0.98149
567 T	0.01159	0.00687	0.98154
568 C	0.01097	0.00746	0.98157
569 A	0.01049	0.00797	0.98155
570 A	0.01021	0.00824	0.98155
571 C	0.01012	0.00828	0.9816
572 A	0.01001	0.00842	0.98157
573 A	0.01000	0.00845	0.98155
574 A	0.01005	0.00833	0.98163
575 T	0.01020	0.00808	0.98172
576 G	0.01026	0.00790	0.98184
577 A	0.01040	0.00745	0.98215
578 C	0.01054	0.00698	0.98248
579 T	0.01064	0.00688	0.98247
580 A	0.01063	0.00692	0.98245
581 A	0.01060	0.00696	0.98245
582 T	0.01067	0.00685	0.98248
583 G	0.01067	0.00683	0.9825
584 A	0.01076	0.00631	0.98294
585 A	0.01138	0.00523	0.98339
586 A	0.01231	0.00416	0.98353
587 T	0.01251	0.00397	0.98352
588 T	0.01267	0.00370	0.98363
589 A	0.01268	0.00371	0.9836
590 T	0.01269	0.00354	0.98377
591 T	0.01265	0.00314	0.98421
592 T	0.01257	0.00284	0.98459
593 T	0.01248	0.00273	0.98479
594 A	0.01219	0.00293	0.98487
595 C	0.01213	0.00289	0.98498
596 C	0.01206	0.00293	0.985
597 T	0.01197	0.00302	0.985
598 C	0.01187	0.00314	0.98498
599 A	0.01183	0.00326	0.98492
600 A	0.01178	0.00332	0.9849
601 G	0.01177	0.00334	0.98489
602 T	0.01176	0.00333	0.98491
603 T	0.01171	0.00338	0.98492
604 C	0.01139	0.00365	0.98496
605 A	0.01083	0.00440	0.98477
606 A	0.01051	0.00491	0.98457
607 G	0.01034	0.00531	0.98435
608 A	0.01025	0.00571	0.98403
609 A	0.01034	0.00612	0.98354
610 T	0.01070	0.00592	0.98338
611 T	0.01080	0.00593	0.98327
612 G	0.01065	0.00617	0.98319
613 A	0.01065	0.00616	0.9832
614 T	0.01065	0.00609	0.98326
615 T	0.01050	0.00612	0.98338
616 A	0.01001	0.00652	0.98347
617 C	0.00971	0.00653	0.98376
618 T	0.00943	0.00678	0.98378
619 C	0.00908	0.00713	0.98379
620 A	0.00850	0.00801	0.98349
621 A	0.00809	0.00852	0.9834
622 A	0.00780	0.00889	0.98331
623 T	0.00762	0.00905	0.98333
624 G	0.00731	0.00936	0.98333
625 G	0.00715	0.00938	0.98347
626 A	0.00707	0.00936	0.98358
627 A	0.00705	0.00907	0.98387
628 A	0.00719	0.00855	0.98427
629 A	0.00741	0.00817	0.98442
630 A	0.00767	0.00783	0.9845
631 A	0.00803	0.00748	0.98449
632 T	0.00860	0.00679	0.98461
633 T	0.00877	0.00662	0.9846
634 T	0.00886	0.00684	0.9843
635 T	0.00888	0.00682	0.98429
636 A	0.00885	0.00693	0.98422
637 A	0.00885	0.00699	0.98417
638 A	0.00885	0.00683	0.98433
639 T	0.00891	0.00622	0.98487
640 T	0.00895	0.00579	0.98526
641 T	0.00898	0.00548	0.98554
642 A	0.00898	0.00523	0.98579
643 T	0.00927	0.00445	0.98628
644 A	0.00937	0.00397	0.98667
645 T	0.00947	0.00353	0.987
646 T	0.00949	0.00338	0.98712
647 T	0.00950	0.00325	0.98726
648 T	0.00945	0.00346	0.98708
649 A	0.00934	0.00404	0.98662
650 A	0.00932	0.00433	0.98635
651 A	0.00941	0.00426	0.98634
652 A	0.00959	0.00407	0.98633
653 A	0.00984	0.00381	0.98636
654 T	0.01023	0.00336	0.98641
655 C	0.01038	0.00320	0.98643
656 G	0.01051	0.00321	0.98629
657 T	0.01103	0.00310	0.98587
658 T	0.01122	0.00345	0.98534
659 T	0.01130	0.00371	0.98499
660 T	0.01129	0.00396	0.98474
661 T	0.01122	0.00429	0.98449
662 T	0.01096	0.00489	0.98415
663 A	0.00826	0.00799	0.98374
664 A	0.00667	0.00975	0.98357
665 A	0.00590	0.01051	0.98358
666 A	0.00518	0.01122	0.9836
667 A	0.00482	0.01155	0.98363
668 A	0.00470	0.01163	0.98368
669 C	0.00470	0.01153	0.98377
670 G	0.00476	0.01144	0.9838
671 G	0.00503	0.01114	0.98383
672 C	0.00552	0.01059	0.98388
673 A	0.00580	0.01030	0.9839
674 T	0.00586	0.01024	0.9839
675 C	0.00587	0.01021	0.98392
676 C	0.00589	0.01019	0.98392
677 A	0.00591	0.01017	0.98392
678 A	0.00596	0.01012	0.98392
679 A	0.00619	0.00989	0.98392
680 C	0.00681	0.00926	0.98392
681 T	0.00762	0.00845	0.98393
682 T	0.00801	0.00797	0.98402
683 T	0.00810	0.00773	0.98417
684 A	0.00805	0.00768	0.98428
685 A	0.00820	0.00730	0.9845
686 T	0.00849	0.00422	0.98729
687 T	0.00858	0.00259	0.98883
688 A	0.00848	0.00207	0.98945
689 T	0.00839	0.00203	0.98958
690 T	0.00818	0.00251	0.98931
691 G	0.00720	0.00403	0.98877
692 G	0.00633	0.00574	0.98793
693 G	0.00578	0.00649	0.98773
694 A	0.00559	0.00675	0.98765
695 A	0.00552	0.00693	0.98755
696 A	0.00537	0.00710	0.98753
697 C	0.00525	0.00720	0.98754
698 C	0.00515	0.00735	0.9875
699 A	0.00506	0.00751	0.98743
700 A	0.00503	0.00763	0.98734
701 A	0.00500	0.00771	0.98728
702 T	0.00497	0.00777	0.98726
703 G	0.00489	0.00790	0.98721
704 T	0.00486	0.00790	0.98724
705 A	0.00478	0.00797	0.98725
706 G	0.00474	0.00793	0.98733
707 G	0.00472	0.00781	0.98747
708 C	0.00473	0.00773	0.98753
709 A	0.00476	0.00769	0.98756
710 A	0.00487	0.00752	0.98762
711 A	0.00516	0.00708	0.98776
712 T	0.00588	0.00617	0.98795
713 C	0.00633	0.00550	0.98817
714 G	0.00682	0.00413	0.98906
715 A	0.00751	0.00272	0.98977
716 G	0.00774	0.00199	0.99026
717 T	0.00791	0.00167	0.99042
718 T	0.00803	0.00150	0.99047
719 T	0.00806	0.00132	0.99062
720 A	0.00803	0.00127	0.9907
721 T	0.00802	0.00120	0.99078
722 T	0.00792	0.00127	0.99081
723 A	0.00740	0.00197	0.99063
724 A	0.00719	0.00231	0.9905
725 A	0.00707	0.00260	0.99033
726 T	0.00707	0.00268	0.99024
727 G	0.00703	0.00287	0.9901
728 T	0.00704	0.00328	0.98968
729 T	0.00702	0.00388	0.9891
730 T	0.00700	0.00432	0.98868
731 T	0.00695	0.00468	0.98837
732 G	0.00672	0.00499	0.9883
733 T	0.00659	0.00519	0.98821
734 T	0.00636	0.00552	0.98813
735 A	0.00602	0.00592	0.98807
736 C	0.00592	0.00606	0.98802
737 A	0.00586	0.00619	0.98796
738 A	0.00582	0.00628	0.9879
739 G	0.00580	0.00633	0.98787
740 A	0.00580	0.00637	0.98783
741 A	0.00581	0.00641	0.98778
742 A	0.00583	0.00637	0.9878
743 A	0.00589	0.00624	0.98787
744 A	0.00595	0.00610	0.98795
745 A	0.00602	0.00586	0.98812
746 G	0.00623	0.00511	0.98867
747 A	0.00639	0.00471	0.9889
748 G	0.00670	0.00424	0.98907
749 C	0.00702	0.00386	0.98913
750 G	0.00730	0.00357	0.98913
751 A	0.00781	0.00308	0.98911
752 T	0.00842	0.00245	0.98913
753 T	0.00875	0.00211	0.98914
754 G	0.00896	0.00186	0.98919
755 T	0.00906	0.00144	0.98949
756 G	0.00912	0.00122	0.98966
757 T	0.00918	0.00094	0.98987
758 C	0.00919	0.00073	0.99008
759 T	0.00916	0.00081	0.99003
760 G	0.00868	0.00160	0.98972
761 A	0.00842	0.00187	0.98971
762 C	0.00818	0.00209	0.98972
763 A	0.00788	0.00240	0.98972
764 T	0.00770	0.00257	0.98972
765 C	0.00743	0.00284	0.98973
766 G	0.00724	0.00303	0.98973
767 C	0.00707	0.00323	0.9897
768 A	0.00693	0.00341	0.98966
769 G	0.00682	0.00354	0.98964
770 G	0.00677	0.00360	0.98963
771 A	0.00674	0.00365	0.9896
772 A	0.00673	0.00367	0.9896
773 C	0.00676	0.00363	0.98961
774 T	0.00680	0.00359	0.98961
775 A	0.00681	0.00358	0.98961
776 C	0.00682	0.00356	0.98961
777 C	0.00683	0.00355	0.98962
778 A	0.00684	0.00355	0.98961
779 G	0.00686	0.00352	0.98962
780 A	0.00690	0.00347	0.98963
781 G	0.00692	0.00343	0.98965
782 A	0.00700	0.00328	0.98971
783 T	0.00732	0.00237	0.99032
784 T	0.00733	0.00201	0.99065
785 A	0.00732	0.00172	0.99096
786 T	0.00731	0.00137	0.99132
787 G	0.00726	0.00121	0.99154
788 T	0.00722	0.00105	0.99173
789 A	0.00708	0.00114	0.99177
790 G	0.00704	0.00111	0.99185
791 A	0.00705	0.00102	0.99193
792 T	0.00706	0.00097	0.99197
793 G	0.00705	0.00097	0.99198
794 G	0.00706	0.00096	0.99198
795 C	0.00706	0.00098	0.99196
796 T	0.00706	0.00108	0.99186
797 T	0.00706	0.00120	0.99174
798 T	0.00706	0.00126	0.99167
799 T	0.00706	0.00132	0.99161
800 T	0.00706	0.00140	0.99154
801 A	0.00704	0.00146	0.99149
802 A	0.00704	0.00150	0.99147
803 A	0.00704	0.00150	0.99146
804 T	0.00704	0.00150	0.99146
805 A	0.00704	0.00150	0.99146
806 T	0.00704	0.00149	0.99147
807 T	0.00703	0.00148	0.99148
808 A	0.00703	0.00147	0.9915
809 A	0.00703	0.00145	0.99152
810 A	0.00704	0.00139	0.99157
811 G	0.00709	0.00129	0.99162
812 G	0.00718	0.00107	0.99176
813 G	0.00726	0.00094	0.99181
814 G	0.00731	0.00087	0.99183
815 T	0.00743	0.00073	0.99184
816 T	0.00752	0.00063	0.99185
817 T	0.00759	0.00056	0.99185
818 C	0.00764	0.00051	0.99184
819 T	0.00775	0.00046	0.99179
820 T	0.00782	0.00048	0.99171
821 T	0.00785	0.00067	0.99148
822 G	0.00787	0.00098	0.99115
823 T	0.00792	0.00113	0.99095
824 T	0.00794	0.00125	0.99081
825 T	0.00795	0.00139	0.99066
826 T	0.00792	0.00160	0.99048
827 T	0.00788	0.00167	0.99045
828 A	0.00779	0.00178	0.99043
829 A	0.00771	0.00188	0.9904
830 T	0.00753	0.00210	0.99037
831 C	0.00710	0.00258	0.99031
832 G	0.00698	0.00276	0.99025
833 A	0.00686	0.00292	0.99022
834 T	0.00676	0.00304	0.99019
835 A	0.00654	0.00327	0.99019
836 C	0.00645	0.00337	0.99019
837 A	0.00622	0.00360	0.99018
838 G	0.00602	0.00382	0.99015
839 C	0.00590	0.00396	0.99014
840 A	0.00585	0.00403	0.99012
841 G	0.00585	0.00405	0.99009
842 G	0.00592	0.00401	0.99007
843 A	0.00602	0.00391	0.99007
844 G	0.00632	0.00361	0.99007
845 T	0.00675	0.00317	0.99009
846 T	0.00695	0.00295	0.99011
847 C	0.00693	0.00294	0.99013
848 A	0.00683	0.00308	0.99009
849 T	0.00673	0.00325	0.99001
850 G	0.00622	0.00379	0.99
851 A	0.00583	0.00419	0.98998
852 A	0.00539	0.00465	0.98996
853 A	0.00509	0.00472	0.99019
854 C	0.00498	0.00439	0.99063
855 T	0.00476	0.00459	0.99065
856 A	0.00439	0.00504	0.99057
857 A	0.00416	0.00539	0.99044
858 T	0.00407	0.00539	0.99055
859 G	0.00394	0.00544	0.99062
860 A	0.00390	0.00525	0.99086
861 T	0.00389	0.00503	0.99108
862 C	0.00386	0.00493	0.99122
863 C	0.00381	0.00498	0.99121
864 T	0.00373	0.00521	0.99105
865 A	0.00342	0.00596	0.99062
866 T	0.00327	0.00643	0.99029
867 A	0.00300	0.00752	0.98948
868 G	0.00292	0.00844	0.98865
869 A	0.00288	0.00897	0.98815
870 A	0.00286	0.00936	0.98778
871 A	0.00289	0.00955	0.98756
872 A	0.00297	0.00961	0.98742
873 A	0.00301	0.00943	0.98756
874 A	0.00307	0.00961	0.98732
875 T	0.00316	0.00954	0.98729
876 A	0.00319	0.00998	0.98683
877 G	0.00322	0.01008	0.98671
878 G	0.00328	0.01003	0.98669
879 A	0.00341	0.00988	0.98671
880 G	0.00358	0.00960	0.98682
881 T	0.00367	0.00953	0.98681
882 T	0.00368	0.00959	0.98674
883 G	0.00362	0.00989	0.98648
884 A	0.00354	0.01050	0.98597
885 A	0.00346	0.01115	0.98538
886 A	0.00343	0.01123	0.98534
887 A	0.00341	0.01126	0.98532
888 G	0.00378	0.01072	0.98551
889 A	0.00410	0.01054	0.98536
890 C	0.00490	0.00985	0.98524
891 T	0.00573	0.00937	0.9849
892 A	0.00597	0.00988	0.98415
893 A	0.00629	0.00988	0.98383
894 A	0.00633	0.00986	0.98381
895 C	0.00651	0.00968	0.98381
896 A	0.00664	0.00958	0.98378
897 A	0.00734	0.00891	0.98375
898 C	0.00801	0.00824	0.98374
899 T	0.00901	0.00730	0.98369
900 T	0.00921	0.00711	0.98368
901 T	0.00914	0.00718	0.98369
902 T	0.00850	0.00782	0.98368
903 A	0.00724	0.00909	0.98368
904 C	0.00670	0.00959	0.98371
905 A	0.00570	0.01060	0.9837
906 A	0.00537	0.01090	0.98373
907 A	0.00552	0.01069	0.9838
908 A	0.00585	0.01027	0.98387
909 A	0.00587	0.01019	0.98395
910 G	0.00594	0.00986	0.98419
911 C	0.00612	0.00956	0.98432
912 A	0.00643	0.00920	0.98436
913 G	0.00685	0.00872	0.98443
914 A	0.00736	0.00815	0.98448
915 T	0.00828	0.00710	0.98463
916 T	0.00858	0.00671	0.98471
917 T	0.00861	0.00632	0.98506
918 A	0.00852	0.00626	0.98522
919 G	0.00849	0.00606	0.98544
920 T	0.00851	0.00592	0.98557
921 T	0.00849	0.00583	0.98569
922 T	0.00848	0.00577	0.98574
923 T	0.00839	0.00562	0.98599
924 A	0.00824	0.00556	0.9862
925 T	0.00816	0.00492	0.98691
926 T	0.00800	0.00407	0.98793
927 A	0.00779	0.00384	0.98837
928 T	0.00776	0.00293	0.98931
929 T	0.00769	0.00258	0.98973
930 G	0.00750	0.00258	0.98992
931 T	0.00736	0.00266	0.98998
932 T	0.00714	0.00288	0.98997
933 A	0.00663	0.00355	0.98982
934 G	0.00611	0.00431	0.98958
935 A	0.00554	0.00549	0.98897
936 T	0.00535	0.00623	0.98841
937 A	0.00507	0.00754	0.98739
938 A	0.00494	0.00814	0.98693
939 A	0.00487	0.00874	0.98638
940 A	0.00482	0.00929	0.98589
941 G	0.00482	0.00931	0.98587
942 T	0.00489	0.00947	0.98564
943 A	0.00492	0.00998	0.9851
944 A	0.00499	0.01027	0.98473
945 T	0.00512	0.01038	0.9845
946 T	0.00518	0.01056	0.98425
947 A	0.00521	0.01107	0.98372
948 T	0.00522	0.01119	0.9836
949 T	0.00518	0.01129	0.98353
950 T	0.00498	0.01172	0.9833
951 A	0.00476	0.01253	0.98271
952 G	0.00464	0.01281	0.98254
953 A	0.00459	0.01294	0.98247
954 A	0.00461	0.01297	0.98242
955 A	0.00468	0.01283	0.98249
956 A	0.00486	0.01240	0.98275
957 A	0.00515	0.01171	0.98315
958 G	0.00576	0.01058	0.98366
959 A	0.00637	0.00987	0.98377
960 T	0.00738	0.00869	0.98394
961 G	0.00780	0.00817	0.98402
962 A	0.00836	0.00756	0.98408
963 T	0.00892	0.00694	0.98415
964 G	0.00903	0.00681	0.98416
965 C	0.00931	0.00656	0.98412
966 A	0.00989	0.00618	0.98392
967 A	0.01038	0.00597	0.98366
968 T	0.01071	0.00587	0.98342
969 A	0.01099	0.00562	0.98338
970 T	0.01170	0.00495	0.98335
971 T	0.01183	0.00476	0.98341
972 A	0.01179	0.00474	0.98346
973 C	0.01204	0.00424	0.98372
974 T	0.01261	0.00357	0.98382
975 T	0.01277	0.00343	0.9838
976 G	0.01279	0.00359	0.98362
977 A	0.01262	0.00412	0.98327
978 A	0.01179	0.00520	0.98301
979 T	0.01148	0.00549	0.98303
980 T	0.01090	0.00608	0.98302
981 A	0.00954	0.00743	0.98303
982 A	0.00856	0.00839	0.98305
983 C	0.00813	0.00879	0.98308
984 T	0.00781	0.00911	0.98307
985 C	0.00703	0.00990	0.98307
986 A	0.00612	0.01091	0.98297
987 A	0.00579	0.01133	0.98287
988 A	0.00566	0.01158	0.98276
989 A	0.00576	0.01149	0.98275
990 A	0.00598	0.01126	0.98276
991 T	0.00621	0.01089	0.9829
992 A	0.00625	0.01067	0.98308
993 T	0.00630	0.01045	0.98325
994 C	0.00627	0.01028	0.98344
995 C	0.00624	0.01020	0.98355
996 T	0.00622	0.01025	0.98353
997 A	0.00622	0.01037	0.98342
998 G	0.00628	0.01033	0.9834
999 A	0.00646	0.01017	0.98337
1000 A	0.00678	0.00958	0.98364
1001 T	0.00703	0.00817	0.9848
1002 T	0.00704	0.00753	0.98543
1003 A	0.00702	0.00691	0.98607
1004 T	0.00700	0.00562	0.98738
1005 A	0.00696	0.00464	0.98841
1006 G	0.00694	0.00416	0.9889
1007 T	0.00695	0.00387	0.98919
1008 A	0.00695	0.00337	0.98968
1009 G	0.00702	0.00260	0.99038
1010 G	0.00711	0.00243	0.99046
1011 T	0.00717	0.00249	0.99033
1012 A	0.00710	0.00310	0.9898
1013 G	0.00704	0.00411	0.98885
1014 T	0.00694	0.00591	0.98715
1015 A	0.00678	0.00648	0.98674
1016 A	0.00671	0.00662	0.98667
1017 A	0.00664	0.00668	0.98668
1018 T	0.00664	0.00664	0.98671
1019 C	0.00665	0.00661	0.98675
1020 T	0.00675	0.00654	0.98671
1021 G	0.00676	0.00657	0.98667
1022 A	0.00681	0.00658	0.98661
1023 T	0.00690	0.00650	0.9866
1024 T	0.00696	0.00643	0.9866
1025 T	0.00698	0.00637	0.98665
1026 A	0.00701	0.00631	0.98669
1027 C	0.00705	0.00621	0.98673
1028 C	0.00714	0.00611	0.98676
1029 T	0.00721	0.00605	0.98675
1030 T	0.00726	0.00605	0.9867
1031 C	0.00722	0.00613	0.98665
1032 A	0.00688	0.00662	0.9865
1033 A	0.00693	0.00665	0.98643
1034 A	0.00707	0.00650	0.98643
1035 A	0.00749	0.00603	0.98647
1036 A	0.00840	0.00513	0.98647
1037 T	0.01006	0.00338	0.98656
1038 T	0.01041	0.00307	0.98653
1039 A	0.01021	0.00373	0.98606
1040 A	0.01002	0.00437	0.9856
1041 T	0.00982	0.00531	0.98488
1042 T	0.00926	0.00654	0.9842
1043 T	0.00783	0.00941	0.98276
1044 G	0.00675	0.01100	0.98226
1045 A	0.00623	0.01158	0.98219
1046 A	0.00590	0.01194	0.98216
1047 A	0.00564	0.01221	0.98215
1048 C	0.00551	0.01231	0.98217
1049 C	0.00548	0.01236	0.98217
1050 A	0.00548	0.01244	0.98208
1051 A	0.00549	0.01246	0.98204
1052 A	0.00555	0.01243	0.98202
1053 T	0.00562	0.01234	0.98203
1054 T	0.00568	0.01221	0.98212
1055 T	0.00575	0.01173	0.98252
1056 A	0.00574	0.01157	0.98268
1057 A	0.00573	0.01143	0.98284
1058 A	0.00576	0.01129	0.98296
1059 A	0.00581	0.01112	0.98306
1060 G	0.00591	0.01091	0.98318
1061 A	0.00616	0.01054	0.9833
1062 A	0.00674	0.00957	0.98369
1063 A	0.00741	0.00843	0.98416
1064 T	0.00835	0.00689	0.98476
1065 G	0.00894	0.00560	0.98546
1066 G	0.01021	0.00304	0.98675
1067 T	0.01073	0.00169	0.98758
1068 T	0.01081	0.00119	0.988
1069 T	0.01083	0.00102	0.98815
1070 C	0.01061	0.00126	0.98813
1071 T	0.01049	0.00192	0.98759
1072 A	0.01022	0.00244	0.98734
1073 T	0.01016	0.00259	0.98725
1074 T	0.00989	0.00301	0.9871
1075 T	0.00938	0.00368	0.98694
1076 C	0.00879	0.00436	0.98685
1077 T	0.00832	0.00489	0.9868
1078 A	0.00723	0.00608	0.98669
1079 A	0.00687	0.00650	0.98663
1080 T	0.00674	0.00671	0.98656
1081 C	0.00636	0.00712	0.98652
1082 A	0.00615	0.00734	0.9865
1083 T	0.00608	0.00741	0.98651
1084 A	0.00593	0.00756	0.98651
1085 C	0.00581	0.00768	0.98651
1086 T	0.00569	0.00780	0.98651
1087 C	0.00547	0.00803	0.98649
1088 A	0.00528	0.00833	0.98639
1089 A	0.00508	0.00870	0.98622
1090 G	0.00487	0.00909	0.98604
1091 A	0.00481	0.00924	0.98595
1092 A	0.00482	0.00935	0.98583
1093 G	0.00496	0.00900	0.98604
1094 G	0.00551	0.00831	0.98619
1095 T	0.00587	0.00773	0.9864
1096 A	0.00593	0.00772	0.98635
1097 T	0.00605	0.00734	0.9866
1098 T	0.00600	0.00703	0.98698
1099 G	0.00579	0.00692	0.98729
1100 A	0.00561	0.00691	0.98748
1101 A	0.00559	0.00630	0.98811
1102 G	0.00560	0.00631	0.98809
1103 A	0.00561	0.00710	0.98729
1104 T	0.00556	0.00831	0.98612
1105 T	0.00538	0.00930	0.98532
1106 T	0.00498	0.01036	0.98467
1107 A	0.00438	0.01189	0.98373
1108 A	0.00412	0.01248	0.9834
1109 A	0.00401	0.01266	0.98333
1110 A	0.00400	0.01256	0.98344
1111 A	0.00409	0.01234	0.98357
1112 A	0.00429	0.01200	0.98371
1113 T	0.00451	0.01158	0.98391
1114 A	0.00462	0.01141	0.98397
1115 A	0.00477	0.01122	0.98401
1116 T	0.00499	0.01095	0.98407
1117 A	0.00511	0.01082	0.98406
1118 T	0.00536	0.01052	0.98412
1119 T	0.00562	0.01017	0.9842
1120 T	0.00575	0.01005	0.98421
1121 T	0.00583	0.00996	0.98422
1122 A	0.00584	0.00999	0.98417
1123 A	0.00594	0.00986	0.9842
1124 A	0.00612	0.00961	0.98427
1125 A	0.00663	0.00902	0.98435
1126 A	0.00795	0.00754	0.98451
1127 T	0.01038	0.00484	0.98478
1128 T	0.01148	0.00349	0.98503
1129 T	0.01200	0.00269	0.98532
1130 T	0.01221	0.00210	0.9857
1131 T	0.01209	0.00210	0.98582
1132 C	0.01164	0.00261	0.98575
1133 A	0.01075	0.00410	0.98515
1134 A	0.01034	0.00500	0.98466
1135 T	0.01000	0.00604	0.98396
1136 T	0.00950	0.00713	0.98337
1137 A	0.00878	0.00797	0.98325
1138 G	0.00811	0.00869	0.9832
1139 A	0.00787	0.00901	0.98313
1140 T	0.00782	0.00909	0.98309
1141 C	0.00773	0.00928	0.98298
1142 A	0.00774	0.00952	0.98274
1143 A	0.00781	0.00948	0.98272
1144 A	0.00789	0.00942	0.9827
1145 T	0.00804	0.00922	0.98275
1146 T	0.00801	0.00922	0.98276
1147 C	0.00781	0.00938	0.98281
1148 A	0.00771	0.00949	0.98279
1149 A	0.00767	0.00954	0.98278
1150 G	0.00768	0.00953	0.9828
1151 A	0.00769	0.00951	0.9828
1152 T	0.00776	0.00943	0.98282
1153 A	0.00780	0.00919	0.98301
1154 A	0.00789	0.00883	0.98328
1155 A	0.00806	0.00816	0.98378
1156 G	0.00865	0.00663	0.98473
1157 A	0.00914	0.00559	0.98527
1158 T	0.00994	0.00417	0.9859
1159 T	0.01047	0.00305	0.98649
1160 T	0.01059	0.00238	0.98703
1161 C	0.01063	0.00193	0.98744
1162 A	0.01068	0.00217	0.98715
1163 A	0.01073	0.00225	0.98703
1164 T	0.01086	0.00224	0.9869
1165 T	0.01106	0.00223	0.98671
1166 A	0.01108	0.00233	0.9866
1167 T	0.01111	0.00228	0.9866
1168 T	0.01112	0.00222	0.98665
1169 T	0.01110	0.00222	0.98668
1170 A	0.01108	0.00229	0.98664
1171 T	0.01109	0.00234	0.98657
1172 C	0.01103	0.00240	0.98657
1173 T	0.01098	0.00267	0.98635
1174 A	0.01088	0.00281	0.98632
1175 A	0.01080	0.00292	0.98628
1176 C	0.01073	0.00301	0.98627
1177 G	0.01061	0.00321	0.98618
1178 C	0.01057	0.00332	0.98611
1179 T	0.01057	0.00340	0.98604
1180 A	0.01042	0.00360	0.98598
1181 G	0.01041	0.00366	0.98593
1182 A	0.01045	0.00367	0.98588
1183 C	0.01052	0.00367	0.98581
1184 A	0.01063	0.00372	0.98565
1185 T	0.01110	0.00326	0.98564
1186 A	0.01126	0.00311	0.98563
1187 T	0.01148	0.00289	0.98562
1188 T	0.01157	0.00281	0.98562
1189 C	0.01157	0.00278	0.98564
1190 A	0.01155	0.00284	0.98562
1191 A	0.01151	0.00288	0.98561
1192 C	0.01158	0.00280	0.98562
1193 A	0.01176	0.00261	0.98563
1194 A	0.01190	0.00247	0.98564
1195 A	0.01197	0.00233	0.98571
1196 T	0.01218	0.00205	0.98577
1197 C	0.01219	0.00195	0.98587
1198 A	0.01222	0.00187	0.98591
1199 A	0.01226	0.00175	0.98598
1200 T	0.01237	0.00154	0.98609
1201 A	0.01241	0.00145	0.98614
1202 T	0.01246	0.00136	0.98618
1203 C	0.01245	0.00121	0.98634
1204 G	0.01244	0.00121	0.98635
1205 C	0.01246	0.00120	0.98634
1206 T	0.01253	0.00119	0.98628
1207 T	0.01263	0.00110	0.98627
1208 T	0.01261	0.00113	0.98627
1209 A	0.01259	0.00114	0.98627
1210 A	0.01259	0.00113	0.98627
1211 C	0.01259	0.00105	0.98636
1212 A	0.01259	0.00100	0.98641
1213 T	0.01262	0.00089	0.98649
1214 C	0.01263	0.00081	0.98655
1215 T	0.01263	0.00080	0.98656
1216 T	0.01262	0.00081	0.98657
1217 T	0.01261	0.00080	0.98659
1218 A	0.01259	0.00081	0.9866
1219 C	0.01258	0.00081	0.98661
1220 G	0.01257	0.00079	0.98664
1221 G	0.01259	0.00080	0.98661
1222 A	0.01259	0.00092	0.98649
1223 A	0.01261	0.00094	0.98646
1224 T	0.01264	0.00090	0.98647
1225 A	0.01264	0.00086	0.9865
1226 T	0.01267	0.00076	0.98658
1227 T	0.01268	0.00069	0.98663
1228 C	0.01269	0.00065	0.98666
1229 T	0.01272	0.00074	0.98654
1230 T	0.01272	0.00096	0.98632
1231 T	0.01271	0.00125	0.98604
1232 T	0.01268	0.00147	0.98585
1233 A	0.01263	0.00190	0.98547
1234 G	0.01261	0.00212	0.98527
1235 A	0.01258	0.00218	0.98524
1236 T	0.01251	0.00229	0.9852
1237 A	0.01238	0.00249	0.98512
1238 T	0.01232	0.00256	0.98512
1239 C	0.01214	0.00283	0.98503
1240 G	0.01200	0.00324	0.98476
1241 A	0.01192	0.00349	0.98459
1242 A	0.01192	0.00352	0.98456
1243 A	0.01193	0.00354	0.98453
1244 A	0.01196	0.00353	0.98452
1245 T	0.01208	0.00342	0.9845
1246 C	0.01211	0.00342	0.98447
1247 A	0.01212	0.00358	0.98431
1248 A	0.01214	0.00358	0.98428
1249 A	0.01217	0.00355	0.98428
1250 T	0.01223	0.00349	0.98429
1251 G	0.01227	0.00344	0.98429
1252 C	0.01242	0.00326	0.98432
1253 C	0.01267	0.00299	0.98433
1254 T	0.01298	0.00269	0.98433
1255 A	0.01311	0.00258	0.98432
1256 T	0.01342	0.00226	0.98432
1257 T	0.01352	0.00216	0.98432
1258 G	0.01350	0.00219	0.98431
1259 A	0.01352	0.00213	0.98434
1260 T	0.01364	0.00188	0.98448
1261 A	0.01364	0.00184	0.98451
1262 T	0.01371	0.00165	0.98464
1263 T	0.01383	0.00148	0.98469
1264 C	0.01382	0.00144	0.98474
1265 A	0.01376	0.00151	0.98473
1266 T	0.01377	0.00149	0.98473
1267 A	0.01375	0.00152	0.98473
1268 C	0.01376	0.00151	0.98474
1269 C	0.01375	0.00153	0.98472
1270 A	0.01383	0.00154	0.98462
1271 T	0.01385	0.00163	0.98453
1272 T	0.01383	0.00180	0.98438
1273 A	0.01381	0.00210	0.98408
1274 A	0.01380	0.00223	0.98396
1275 T	0.01381	0.00225	0.98394
1276 T	0.01379	0.00234	0.98386
1277 T	0.01374	0.00251	0.98375
1278 A	0.01309	0.00334	0.98357
1279 A	0.01235	0.00435	0.9833
1280 A	0.01187	0.00497	0.98317
1281 A	0.01126	0.00569	0.98305
1282 G	0.01085	0.00608	0.98307
1283 A	0.01073	0.00617	0.9831
1284 A	0.01067	0.00617	0.98316
1285 G	0.01066	0.00609	0.98325
1286 C	0.01070	0.00596	0.98333
1287 T	0.01073	0.00591	0.98336
1288 T	0.01072	0.00590	0.98338
1289 A	0.01069	0.00592	0.98339
1290 T	0.01068	0.00590	0.98342
1291 G	0.01065	0.00592	0.98343
1292 A	0.01065	0.00585	0.98349
1293 C	0.01075	0.00568	0.98357
1294 G	0.01086	0.00556	0.98358
1295 C	0.01103	0.00539	0.98358
1296 T	0.01135	0.00516	0.98349
1297 T	0.01146	0.00532	0.98322
1298 T	0.01149	0.00545	0.98306
1299 A	0.01145	0.00568	0.98288
1300 A	0.01148	0.00570	0.98282
1301 A	0.01164	0.00489	0.98347
1302 T	0.01193	0.00386	0.98421
1303 A	0.01205	0.00330	0.98465
1304 A	0.01221	0.00259	0.9852
1305 T	0.01227	0.00215	0.98558
1306 A	0.01230	0.00221	0.98549
1307 T	0.01234	0.00217	0.98549
1308 T	0.01233	0.00230	0.98537
1309 T	0.01230	0.00262	0.98508
1310 T	0.01221	0.00323	0.98456
1311 A	0.01207	0.00380	0.98413
1312 G	0.01197	0.00407	0.98396
1313 G	0.01187	0.00452	0.98361
1314 T	0.01183	0.00500	0.98318
1315 A	0.01175	0.00556	0.98269
1316 A	0.01172	0.00620	0.98208
1317 A	0.01172	0.00685	0.98143
1318 A	0.01176	0.00752	0.98071
1319 A	0.01187	0.00778	0.98035
1320 T	0.01220	0.00750	0.98029
1321 A	0.01231	0.00739	0.9803
1322 T	0.01247	0.00717	0.98036
1323 T	0.01248	0.00712	0.98039
1324 C	0.01239	0.00721	0.9804
1325 C	0.01231	0.00739	0.9803
1326 A	0.01223	0.00767	0.9801
1327 G	0.01223	0.00776	0.98001
1328 A	0.01229	0.00779	0.97992
