# lcl|CP097583.1_cds_USQ93326.1_1
# AA	inside	membr	outside
1 A	0.32044	0.00000	0.67955
2 T	0.31319	0.00725	0.67955
3 G	0.30922	0.01122	0.67955
4 T	0.30922	0.01792	0.67286
5 T	0.27188	0.06083	0.66728
6 C	0.27187	0.06254	0.66558
7 G	0.15714	0.18033	0.66253
8 A	0.15714	0.18040	0.66246
9 A	0.15384	0.18394	0.66222
10 A	0.15383	0.20051	0.64565
11 A	0.15337	0.20210	0.64453
12 G	0.14736	0.20854	0.64409
13 C	0.14382	0.21565	0.64053
14 A	0.14382	0.21565	0.64053
15 A	0.14382	0.29427	0.5619
16 G	0.14377	0.29432	0.5619
17 A	0.14371	0.29623	0.56005
18 T	0.14371	0.30124	0.55505
19 A	0.14338	0.30858	0.54803
20 T	0.13960	0.47078	0.38962
21 T	0.13395	0.47663	0.38942
22 A	0.13305	0.53929	0.32766
23 A	0.13221	0.59500	0.2728
24 T	0.13229	0.63135	0.23636
25 A	0.13066	0.67772	0.19162
26 A	0.12767	0.71594	0.15638
27 T	0.13088	0.70468	0.16444
28 A	0.12868	0.75305	0.11828
29 A	0.12656	0.79633	0.07711
30 T	0.12757	0.81524	0.05718
31 A	0.12429	0.82888	0.04683
32 A	0.12195	0.83547	0.04258
33 A	0.12859	0.83158	0.03984
34 A	0.12853	0.83318	0.03828
35 C	0.13097	0.82633	0.04271
36 A	0.13350	0.82379	0.04271
37 C	0.13617	0.82144	0.04239
38 A	0.17921	0.78017	0.04062
39 A	0.18103	0.77924	0.03972
40 A	0.18748	0.77290	0.03962
41 A	0.19669	0.76346	0.03985
42 A	0.21201	0.74768	0.0403
43 C	0.36026	0.59423	0.04552
44 A	0.37718	0.57383	0.04899
45 A	0.45514	0.49453	0.05033
46 T	0.54448	0.40381	0.05171
47 A	0.59918	0.34826	0.05256
48 T	0.71721	0.22812	0.05467
49 T	0.78589	0.15446	0.05965
50 T	0.82237	0.11400	0.06364
51 T	0.85456	0.07599	0.06945
52 T	0.88090	0.04662	0.07249
53 T	0.89366	0.03188	0.07447
54 A	0.89806	0.02534	0.0766
55 T	0.90225	0.01863	0.07912
56 T	0.90529	0.01361	0.08111
57 T	0.90718	0.01069	0.08213
58 T	0.90788	0.00961	0.08251
59 T	0.90892	0.00821	0.08288
60 T	0.90898	0.00804	0.08298
61 T	0.90963	0.00728	0.08308
62 G	0.90977	0.00705	0.08318
63 T	0.90980	0.00719	0.08301
64 G	0.90986	0.00723	0.0829
65 T	0.91004	0.00738	0.08258
66 T	0.91002	0.00799	0.08199
67 T	0.91059	0.00775	0.08166
68 T	0.91031	0.00852	0.08118
69 A	0.91008	0.00925	0.08067
70 T	0.91018	0.00944	0.08038
71 T	0.91023	0.00958	0.0802
72 A	0.91025	0.00968	0.08007
73 T	0.91040	0.00956	0.08005
74 T	0.91054	0.00942	0.08004
75 T	0.91060	0.00935	0.08005
76 A	0.91067	0.00926	0.08008
77 T	0.91114	0.00859	0.08027
78 T	0.91121	0.00839	0.08041
79 T	0.91122	0.00827	0.0805
80 T	0.91123	0.00812	0.08066
81 G	0.91114	0.00810	0.08076
82 T	0.91130	0.00780	0.0809
83 T	0.91132	0.00768	0.081
84 T	0.91104	0.00801	0.08094
85 T	0.91086	0.00814	0.081
86 T	0.91071	0.00827	0.08102
87 G	0.91036	0.00863	0.08101
88 A	0.91044	0.00847	0.08109
89 T	0.91116	0.00753	0.0813
90 T	0.91149	0.00702	0.08148
91 T	0.91187	0.00636	0.08178
92 C	0.91216	0.00585	0.082
93 T	0.91237	0.00564	0.08199
94 T	0.91248	0.00558	0.08195
95 T	0.91254	0.00556	0.08189
96 T	0.91255	0.00576	0.08169
97 T	0.91254	0.00596	0.0815
98 T	0.91245	0.00620	0.08135
99 G	0.91233	0.00652	0.08115
100 T	0.91230	0.00689	0.08081
101 T	0.91230	0.00729	0.08041
102 A	0.91228	0.00801	0.0797
103 A	0.91233	0.00915	0.07852
104 T	0.91254	0.00934	0.07813
105 T	0.91266	0.00994	0.0774
106 A	0.91271	0.01198	0.07531
107 T	0.91290	0.01356	0.07354
108 T	0.91285	0.01636	0.07079
109 T	0.91276	0.02092	0.06632
110 A	0.91208	0.02575	0.06217
111 T	0.91167	0.02922	0.05912
112 G	0.91102	0.03244	0.05655
113 T	0.91044	0.03467	0.0549
114 T	0.89811	0.04974	0.05215
115 T	0.89365	0.05766	0.04869
116 G	0.88903	0.06519	0.04577
117 G	0.88514	0.06994	0.04492
118 A	0.88384	0.07239	0.04376
119 T	0.88330	0.07301	0.04369
120 T	0.88090	0.07540	0.0437
121 C	0.87477	0.08155	0.04368
122 A	0.87314	0.08367	0.04319
123 C	0.87017	0.08665	0.04318
124 C	0.86467	0.09243	0.0429
125 A	0.85853	0.09944	0.04203
126 T	0.85598	0.10254	0.04149
127 C	0.81802	0.14065	0.04133
128 A	0.79583	0.16312	0.04105
129 A	0.78197	0.17712	0.04091
130 G	0.77559	0.18345	0.04096
131 C	0.77427	0.18472	0.04101
132 T	0.77110	0.18860	0.0403
133 A	0.76179	0.19731	0.0409
134 T	0.76094	0.19756	0.0415
135 T	0.75387	0.20412	0.042
136 A	0.73962	0.21773	0.04265
137 C	0.72965	0.21191	0.05845
138 T	0.71558	0.22250	0.06192
139 A	0.67932	0.25594	0.06474
140 C	0.63811	0.29516	0.06674
141 G	0.53599	0.39722	0.06678
142 A	0.47223	0.46095	0.06682
143 A	0.43422	0.49684	0.06893
144 C	0.39838	0.52782	0.0738
145 G	0.36004	0.56751	0.07244
146 A	0.34591	0.58251	0.07157
147 A	0.33398	0.59137	0.07464
148 A	0.32077	0.59988	0.07934
149 A	0.30602	0.61299	0.081
150 T	0.28989	0.58947	0.12064
151 A	0.25665	0.63235	0.111
152 A	0.23646	0.65017	0.11336
153 A	0.21994	0.68262	0.09744
154 A	0.20733	0.70187	0.0908
155 T	0.20060	0.70027	0.09913
156 T	0.18652	0.70275	0.11073
157 G	0.16126	0.72542	0.11332
158 G	0.14442	0.74000	0.11558
159 A	0.12826	0.76467	0.10706
160 A	0.11545	0.78166	0.10289
161 A	0.10956	0.77516	0.11528
162 A	0.10695	0.74910	0.14395
163 A	0.10554	0.70876	0.1857
164 T	0.10554	0.60862	0.28584
165 G	0.10509	0.55709	0.33782
166 A	0.10577	0.53298	0.36125
167 A	0.10695	0.51224	0.38081
168 T	0.10955	0.48850	0.40194
169 A	0.11075	0.49799	0.39125
170 A	0.11280	0.50672	0.38048
171 A	0.11556	0.49983	0.3846
172 A	0.11880	0.48561	0.3956
173 A	0.12305	0.46992	0.40703
174 T	0.16228	0.40088	0.43684
175 A	0.17783	0.37549	0.44668
176 T	0.20616	0.34005	0.45379
177 T	0.21527	0.35611	0.42861
178 T	0.21702	0.42702	0.35596
179 T	0.21658	0.45730	0.32612
180 A	0.21407	0.47299	0.31295
181 A	0.21672	0.48168	0.3016
182 A	0.23133	0.46425	0.30443
183 T	0.24475	0.44638	0.30887
184 T	0.24735	0.44799	0.30466
185 T	0.24519	0.47693	0.27789
186 A	0.19068	0.59489	0.21443
187 G	0.16148	0.68756	0.15096
188 A	0.13846	0.75351	0.10803
189 A	0.13144	0.79940	0.06917
190 A	0.13610	0.80413	0.05977
191 A	0.14869	0.79534	0.05597
192 A	0.17036	0.77579	0.05385
193 T	0.19126	0.75767	0.05107
194 C	0.19406	0.75648	0.04946
195 A	0.19896	0.75567	0.04537
196 A	0.21011	0.74490	0.04498
197 A	0.22497	0.73005	0.04498
198 T	0.24684	0.70792	0.04523
199 A	0.26904	0.68544	0.04551
200 C	0.33103	0.61866	0.05032
201 T	0.42278	0.52463	0.05259
202 T	0.45485	0.49025	0.0549
203 C	0.46166	0.48116	0.05718
204 T	0.47104	0.47293	0.05604
205 A	0.47161	0.47287	0.05552
206 T	0.47838	0.46174	0.05987
207 G	0.48441	0.45215	0.06344
208 A	0.51509	0.41860	0.06631
209 G	0.58029	0.30023	0.11948
210 T	0.64965	0.20362	0.14673
211 A	0.67580	0.16028	0.16392
212 A	0.70348	0.13178	0.16474
213 T	0.71281	0.13019	0.157
214 A	0.71413	0.14342	0.14244
215 A	0.70887	0.15731	0.13382
216 T	0.70351	0.16620	0.13029
217 T	0.69058	0.17792	0.13149
218 T	0.66021	0.23066	0.10913
219 T	0.59231	0.32130	0.08639
220 A	0.43411	0.50604	0.05985
221 A	0.29790	0.66273	0.03936
222 A	0.22385	0.73905	0.03711
223 A	0.19756	0.77017	0.03227
224 A	0.17602	0.79114	0.03284
225 A	0.16153	0.80353	0.03494
226 C	0.14748	0.81109	0.04144
227 T	0.12613	0.83114	0.04273
228 C	0.11244	0.84283	0.04474
229 G	0.09503	0.86132	0.04365
230 A	0.07807	0.88198	0.03995
231 A	0.06983	0.89226	0.03791
232 C	0.06454	0.89768	0.03778
233 A	0.05293	0.91184	0.03523
234 A	0.05165	0.91147	0.03688
235 A	0.05678	0.90558	0.03764
236 A	0.06438	0.89429	0.04132
237 A	0.07630	0.87954	0.04417
238 A	0.09003	0.83885	0.07112
239 T	0.10706	0.78034	0.11259
240 G	0.10420	0.73764	0.15816
241 A	0.11097	0.69815	0.19088
242 A	0.11266	0.65548	0.23186
243 A	0.11680	0.58681	0.29639
244 G	0.11767	0.52429	0.35804
245 A	0.09618	0.56581	0.33801
246 A	0.09013	0.56766	0.34222
247 A	0.08048	0.56944	0.35007
248 A	0.07074	0.57361	0.35565
249 A	0.05700	0.57184	0.37116
250 C	0.04829	0.54520	0.40652
251 A	0.04579	0.54433	0.40988
252 A	0.04310	0.54700	0.4099
253 G	0.04541	0.53981	0.41478
254 A	0.04805	0.53580	0.41615
255 T	0.05094	0.53346	0.41561
256 A	0.05084	0.55049	0.39867
257 A	0.05139	0.61008	0.33854
258 T	0.05249	0.66689	0.28062
259 A	0.04139	0.76906	0.18955
260 A	0.03495	0.79704	0.16802
261 A	0.03081	0.81936	0.14982
262 G	0.02639	0.84808	0.12554
263 A	0.02616	0.88201	0.09183
264 A	0.04098	0.87352	0.0855
265 A	0.07368	0.83803	0.08829
266 A	0.11034	0.79560	0.09406
267 A	0.15049	0.74558	0.10394
268 T	0.22380	0.64692	0.12928
269 T	0.23837	0.62261	0.13902
270 A	0.24470	0.61013	0.14517
271 A	0.25433	0.59448	0.15119
272 T	0.26201	0.57359	0.16439
273 T	0.26221	0.56480	0.17299
274 A	0.25138	0.57393	0.17469
275 A	0.24629	0.57791	0.17579
276 C	0.23324	0.59067	0.17609
277 G	0.21089	0.63248	0.15663
278 A	0.20258	0.65341	0.14401
279 A	0.21777	0.64671	0.13552
280 A	0.27583	0.59181	0.13235
281 G	0.34404	0.52437	0.13159
282 T	0.45008	0.40925	0.14067
283 G	0.47477	0.38089	0.14434
284 A	0.49553	0.35825	0.14622
285 A	0.52521	0.32689	0.1479
286 T	0.56831	0.28656	0.14514
287 T	0.57670	0.28129	0.142
288 A	0.56719	0.29095	0.14186
289 T	0.56542	0.29257	0.14202
290 T	0.53976	0.32072	0.13952
291 A	0.45233	0.41776	0.12992
292 C	0.34010	0.53808	0.12183
293 A	0.24441	0.64379	0.11181
294 A	0.15542	0.74484	0.09974
295 A	0.12045	0.78529	0.09426
296 A	0.10699	0.79956	0.09344
297 G	0.09976	0.79770	0.10254
298 A	0.10096	0.78091	0.11813
299 A	0.10552	0.75313	0.14134
300 T	0.12670	0.70362	0.16968
301 A	0.13680	0.67781	0.18539
302 T	0.14668	0.64613	0.20719
303 T	0.14900	0.63145	0.21956
304 C	0.14605	0.63088	0.22307
305 A	0.14411	0.63419	0.2217
306 T	0.14094	0.63889	0.22017
307 A	0.13714	0.64698	0.21588
308 A	0.13754	0.64926	0.2132
309 T	0.14301	0.64771	0.20928
310 A	0.14328	0.64528	0.21144
311 A	0.14175	0.63501	0.22324
312 A	0.14080	0.62543	0.23377
313 A	0.14098	0.60099	0.25803
314 A	0.15166	0.51175	0.33659
315 T	0.16656	0.38910	0.44433
316 A	0.17522	0.29694	0.52784
317 T	0.18862	0.19972	0.61166
318 T	0.19260	0.16662	0.64078
319 T	0.19236	0.15882	0.64881
320 T	0.18673	0.16826	0.64501
321 A	0.17705	0.20405	0.6189
322 T	0.17289	0.21841	0.6087
323 T	0.16606	0.23781	0.59614
324 T	0.15923	0.27264	0.56813
325 G	0.14396	0.32134	0.53471
326 A	0.13362	0.33925	0.52714
327 A	0.12751	0.35120	0.52129
328 A	0.12405	0.36514	0.51081
329 G	0.11619	0.37486	0.50895
330 C	0.11843	0.37243	0.50914
331 G	0.11979	0.39022	0.48999
332 A	0.12411	0.39386	0.48203
333 A	0.13136	0.39063	0.47801
334 A	0.14176	0.38395	0.47429
335 A	0.15122	0.37729	0.4715
336 T	0.16823	0.35818	0.47359
337 T	0.17482	0.36112	0.46407
338 T	0.17442	0.38329	0.44229
339 T	0.17038	0.40342	0.4262
340 A	0.16079	0.42364	0.41557
341 A	0.15834	0.43146	0.4102
342 A	0.16148	0.42436	0.41416
343 G	0.17485	0.40109	0.42407
344 T	0.21714	0.34682	0.43603
345 T	0.23717	0.32041	0.44242
346 C	0.24651	0.30677	0.44671
347 A	0.26244	0.29530	0.44225
348 A	0.27924	0.27527	0.44548
349 G	0.28305	0.26665	0.45031
350 A	0.29235	0.25605	0.4516
351 T	0.31317	0.23306	0.45377
352 T	0.32389	0.21591	0.46019
353 A	0.32278	0.22336	0.45386
354 T	0.33459	0.21567	0.44975
355 A	0.32643	0.23870	0.43487
356 A	0.28849	0.29408	0.41743
357 A	0.28148	0.31166	0.40685
358 A	0.28375	0.31311	0.40314
359 A	0.27451	0.32495	0.40054
360 A	0.28439	0.31249	0.40312
361 T	0.31198	0.28023	0.40779
362 T	0.32234	0.26378	0.41387
363 T	0.31813	0.25969	0.42218
364 C	0.30309	0.27192	0.42499
365 C	0.29496	0.28000	0.42503
366 A	0.28083	0.29568	0.42349
367 A	0.27598	0.30117	0.42284
368 A	0.27627	0.30098	0.42275
369 T	0.28047	0.29598	0.42355
370 T	0.28476	0.28926	0.42598
371 T	0.28140	0.28589	0.43272
372 A	0.27209	0.29065	0.43726
373 C	0.26540	0.29200	0.4426
374 A	0.26015	0.29635	0.4435
375 A	0.26382	0.29079	0.44539
376 C	0.27322	0.27490	0.45189
377 A	0.28017	0.26534	0.45449
378 A	0.29570	0.24232	0.46198
379 T	0.31538	0.18268	0.50194
380 T	0.32479	0.16312	0.51209
381 A	0.32328	0.16019	0.51653
382 T	0.32519	0.13170	0.54311
383 C	0.32420	0.11761	0.55819
384 A	0.32326	0.11526	0.56148
385 G	0.32314	0.10940	0.56746
386 G	0.32360	0.10165	0.57475
387 T	0.32397	0.09114	0.58488
388 T	0.32427	0.08902	0.58671
389 T	0.32425	0.07580	0.59994
390 G	0.32054	0.08408	0.59538
391 A	0.31803	0.11707	0.5649
392 A	0.31639	0.14231	0.54129
393 T	0.31370	0.17305	0.51326
394 G	0.30960	0.18097	0.50944
395 A	0.30769	0.18119	0.51113
396 A	0.30607	0.17933	0.5146
397 G	0.30498	0.17618	0.51884
398 C	0.30450	0.17750	0.51799
399 T	0.30453	0.18538	0.51008
400 A	0.30449	0.18634	0.50917
401 A	0.30463	0.18652	0.50885
402 A	0.30466	0.18661	0.50874
403 T	0.30490	0.18615	0.50894
404 C	0.30497	0.18154	0.51348
405 T	0.30518	0.18114	0.51368
406 G	0.30511	0.18039	0.5145
407 T	0.30529	0.17967	0.51504
408 A	0.30523	0.17948	0.51529
409 G	0.30562	0.17870	0.51568
410 C	0.30698	0.17534	0.51768
411 T	0.31172	0.16993	0.51835
412 A	0.31340	0.16739	0.51921
413 A	0.32701	0.15121	0.52178
414 A	0.35974	0.11626	0.52399
415 G	0.38655	0.08783	0.52562
416 G	0.41789	0.05257	0.52954
417 T	0.43370	0.03243	0.53387
418 T	0.44024	0.02388	0.53588
419 T	0.44394	0.01874	0.53731
420 T	0.44464	0.01709	0.53827
421 G	0.44516	0.01638	0.53845
422 T	0.44972	0.01229	0.53799
423 T	0.44946	0.01343	0.5371
424 A	0.44908	0.01505	0.53587
425 A	0.44918	0.01542	0.53539
426 T	0.44960	0.01510	0.5353
427 T	0.44984	0.01500	0.53517
428 T	0.45020	0.01473	0.53506
429 T	0.44956	0.01523	0.53521
430 T	0.44756	0.01724	0.5352
431 T	0.44273	0.02222	0.53505
432 T	0.43122	0.03395	0.53483
433 C	0.32257	0.14330	0.53413
434 A	0.24852	0.21820	0.53327
435 A	0.18025	0.28729	0.53245
436 A	0.13505	0.33322	0.53173
437 A	0.10123	0.36741	0.53136
438 T	0.08572	0.38321	0.53107
439 A	0.06507	0.40451	0.53042
440 A	0.05452	0.41555	0.52992
441 A	0.04647	0.42397	0.52957
442 A	0.04161	0.42868	0.52971
443 A	0.03968	0.43007	0.53025
444 A	0.03952	0.42886	0.53163
445 G	0.04006	0.42691	0.53303
446 C	0.04092	0.42471	0.53437
447 T	0.04185	0.42337	0.53478
448 T	0.04164	0.42336	0.53501
449 A	0.04047	0.42433	0.53521
450 C	0.03912	0.42511	0.53577
451 G	0.03779	0.42616	0.53606
452 A	0.03708	0.42498	0.53795
453 A	0.03692	0.42085	0.54222
454 G	0.03725	0.41320	0.54955
455 A	0.03761	0.40324	0.55914
456 T	0.03857	0.29001	0.67142
457 A	0.03903	0.21702	0.74395
458 G	0.03958	0.14796	0.81246
459 A	0.04001	0.11005	0.84995
460 G	0.04001	0.07922	0.88077
461 G	0.04008	0.06625	0.89367
462 G	0.03992	0.05206	0.90802
463 A	0.04011	0.04574	0.91414
464 A	0.04020	0.03905	0.92075
465 A	0.03980	0.03532	0.92488
466 G	0.03970	0.03232	0.92797
467 T	0.03977	0.03153	0.92869
468 A	0.03943	0.03274	0.92783
469 G	0.03934	0.03232	0.92834
470 T	0.03939	0.03388	0.92672
471 T	0.03939	0.03339	0.92722
472 A	0.03926	0.03255	0.92819
473 T	0.03919	0.03115	0.92967
474 T	0.03902	0.03008	0.9309
475 C	0.03872	0.02967	0.93161
476 C	0.03852	0.02972	0.93177
477 C	0.03823	0.02998	0.93179
478 A	0.03816	0.03006	0.93178
479 C	0.03833	0.02989	0.93178
480 A	0.03872	0.02951	0.93177
481 G	0.03944	0.02876	0.9318
482 G	0.04322	0.02490	0.93189
483 T	0.04888	0.01892	0.93219
484 T	0.05180	0.01587	0.93232
485 T	0.05330	0.01359	0.93312
486 A	0.05356	0.01308	0.93337
487 A	0.05380	0.01255	0.93365
488 T	0.05459	0.01119	0.93422
489 G	0.05432	0.01132	0.93436
490 A	0.05518	0.01091	0.93391
491 T	0.05703	0.00904	0.93393
492 G	0.05734	0.00903	0.93363
493 T	0.05873	0.00844	0.93284
494 A	0.05739	0.01091	0.9317
495 T	0.05623	0.01291	0.93086
496 G	0.05555	0.01379	0.93066
497 G	0.05522	0.01417	0.9306
498 T	0.05511	0.01410	0.93079
499 A	0.05485	0.01418	0.93097
500 C	0.05475	0.01399	0.93126
501 T	0.05449	0.01419	0.93132
502 C	0.05379	0.01486	0.93136
503 C	0.05319	0.01546	0.93135
504 A	0.05294	0.01574	0.93133
505 G	0.05287	0.01582	0.93131
506 G	0.05291	0.01580	0.93129
507 A	0.05300	0.01574	0.93126
508 T	0.05317	0.01550	0.93133
509 G	0.05329	0.01470	0.93201
510 T	0.05349	0.01411	0.9324
511 G	0.05358	0.01368	0.93274
512 G	0.05380	0.01289	0.93331
513 T	0.05445	0.01204	0.9335
514 A	0.05482	0.01151	0.93367
515 A	0.05530	0.01070	0.93401
516 A	0.05617	0.00932	0.93451
517 A	0.05727	0.00668	0.93605
518 C	0.05821	0.00444	0.93735
519 T	0.05861	0.00357	0.93781
520 A	0.05881	0.00318	0.93802
521 T	0.05889	0.00300	0.93811
522 T	0.05874	0.00302	0.93824
523 T	0.05815	0.00351	0.93835
524 T	0.05687	0.00439	0.93873
525 T	0.05490	0.00576	0.93934
526 G	0.05323	0.00695	0.93981
527 C	0.05218	0.00786	0.93996
528 G	0.05153	0.00866	0.93981
529 G	0.05113	0.00914	0.93973
530 C	0.05100	0.00929	0.9397
531 T	0.05061	0.00976	0.93963
532 T	0.05017	0.01026	0.93958
533 C	0.04938	0.01111	0.93951
534 C	0.04906	0.01161	0.93933
535 A	0.04892	0.01184	0.93925
536 T	0.04887	0.01191	0.93922
537 A	0.04869	0.01212	0.93919
538 G	0.04860	0.01222	0.93918
539 C	0.04846	0.01236	0.93917
540 A	0.04761	0.01325	0.93915
541 A	0.04706	0.01380	0.93913
542 A	0.04680	0.01406	0.93914
543 A	0.04665	0.01416	0.93919
544 G	0.04656	0.01416	0.93928
545 A	0.04651	0.01363	0.93987
546 A	0.04646	0.01231	0.94123
547 G	0.04646	0.01045	0.94309
548 C	0.04646	0.00858	0.94495
549 A	0.04646	0.00787	0.94567
550 G	0.04651	0.00725	0.94624
551 A	0.04669	0.00674	0.94658
552 G	0.04681	0.00627	0.94691
553 T	0.04690	0.00599	0.94711
554 T	0.04701	0.00522	0.94777
555 G	0.04707	0.00455	0.94838
556 C	0.04713	0.00364	0.94923
557 C	0.04726	0.00329	0.94945
558 T	0.04734	0.00317	0.94949
559 T	0.04737	0.00312	0.94951
560 T	0.04740	0.00304	0.94956
561 T	0.04739	0.00302	0.94959
562 A	0.04736	0.00293	0.94972
563 T	0.04735	0.00199	0.95067
564 T	0.04730	0.00147	0.95122
565 G	0.04727	0.00123	0.95149
566 A	0.04725	0.00110	0.95165
567 A	0.04724	0.00098	0.95178
568 G	0.04725	0.00082	0.95192
569 T	0.04727	0.00073	0.952
570 A	0.04728	0.00069	0.95203
571 T	0.04730	0.00063	0.95207
572 C	0.04729	0.00063	0.95208
573 T	0.04730	0.00064	0.95206
574 T	0.04729	0.00064	0.95207
575 G	0.04725	0.00069	0.95207
576 T	0.04722	0.00072	0.95206
577 T	0.04718	0.00076	0.95206
578 C	0.04712	0.00081	0.95207
579 T	0.04709	0.00085	0.95206
580 A	0.04707	0.00089	0.95204
581 T	0.04707	0.00089	0.95204
582 T	0.04706	0.00091	0.95202
583 T	0.04702	0.00095	0.95202
584 T	0.04695	0.00100	0.95206
585 T	0.04684	0.00105	0.9521
586 G	0.04668	0.00117	0.95215
587 C	0.04658	0.00122	0.95219
588 T	0.04654	0.00126	0.9522
589 C	0.04645	0.00134	0.95221
590 A	0.04639	0.00142	0.9522
591 A	0.04632	0.00150	0.95218
592 G	0.04628	0.00156	0.95216
593 A	0.04621	0.00165	0.95213
594 A	0.04594	0.00195	0.95211
595 T	0.04587	0.00196	0.95217
596 T	0.04575	0.00205	0.95219
597 T	0.04534	0.00247	0.9522
598 G	0.04451	0.00328	0.95221
599 T	0.04421	0.00363	0.95217
600 A	0.04366	0.00439	0.95195
601 G	0.04344	0.00474	0.95182
602 G	0.04331	0.00495	0.95174
603 T	0.04320	0.00520	0.9516
604 A	0.04298	0.00549	0.95153
605 G	0.04283	0.00570	0.95148
606 A	0.04254	0.00593	0.95153
607 G	0.04243	0.00592	0.95165
608 C	0.04232	0.00590	0.95179
609 T	0.04218	0.00595	0.95187
610 C	0.04196	0.00611	0.95192
611 C	0.04175	0.00632	0.95193
612 A	0.04156	0.00654	0.9519
613 A	0.04138	0.00673	0.9519
614 A	0.04128	0.00681	0.95191
615 A	0.04123	0.00683	0.95194
616 A	0.04122	0.00675	0.95203
617 T	0.04122	0.00619	0.95259
618 G	0.04114	0.00590	0.95297
619 G	0.04115	0.00558	0.95327
620 T	0.04122	0.00503	0.95376
621 G	0.04123	0.00434	0.95443
622 G	0.04129	0.00399	0.95472
623 C	0.04154	0.00336	0.95511
624 T	0.04170	0.00312	0.95518
625 G	0.04170	0.00312	0.95518
626 A	0.04178	0.00318	0.95503
627 A	0.04186	0.00309	0.95505
628 T	0.04196	0.00290	0.95514
629 T	0.04197	0.00263	0.9554
630 A	0.04194	0.00263	0.95543
631 T	0.04194	0.00251	0.95554
632 T	0.04194	0.00238	0.95568
633 T	0.04192	0.00224	0.95585
634 G	0.04190	0.00214	0.95596
635 A	0.04191	0.00206	0.95603
636 T	0.04191	0.00193	0.95617
637 T	0.04185	0.00188	0.95627
638 T	0.04172	0.00196	0.95632
639 A	0.04052	0.00314	0.95633
640 G	0.03944	0.00421	0.95635
641 C	0.03908	0.00452	0.95639
642 T	0.03873	0.00499	0.95627
643 A	0.03818	0.00581	0.95601
644 G	0.03799	0.00617	0.95584
645 A	0.03778	0.00666	0.95555
646 G	0.03748	0.00727	0.95525
647 A	0.03718	0.00797	0.95485
648 A	0.03710	0.00843	0.95447
649 G	0.03702	0.00855	0.95443
650 T	0.03695	0.00882	0.95422
651 G	0.03650	0.00964	0.95387
652 G	0.03628	0.00992	0.9538
653 C	0.03628	0.00995	0.95377
654 T	0.03620	0.01029	0.95351
655 A	0.03578	0.01090	0.95332
656 C	0.03554	0.01120	0.95326
657 T	0.03516	0.01186	0.95298
658 A	0.03441	0.01287	0.95273
659 A	0.03399	0.01328	0.95273
660 A	0.03360	0.01361	0.95279
661 A	0.03340	0.01370	0.9529
662 A	0.03330	0.01251	0.95419
663 C	0.03324	0.01126	0.9555
664 G	0.03319	0.01097	0.95583
665 G	0.03324	0.01064	0.95612
666 C	0.03342	0.01019	0.9564
667 A	0.03352	0.01004	0.95643
668 A	0.03375	0.00975	0.95651
669 A	0.03402	0.00917	0.95681
670 G	0.03438	0.00844	0.95718
671 G	0.03478	0.00790	0.95733
672 A	0.03494	0.00733	0.95774
673 G	0.03526	0.00662	0.95813
674 T	0.03579	0.00554	0.95867
675 T	0.03599	0.00501	0.959
676 A	0.03610	0.00482	0.95908
677 T	0.03641	0.00436	0.95923
678 T	0.03655	0.00395	0.9595
679 A	0.03655	0.00408	0.95936
680 T	0.03671	0.00361	0.95969
681 T	0.03682	0.00322	0.95996
682 T	0.03675	0.00328	0.95997
683 T	0.03661	0.00342	0.95998
684 T	0.03628	0.00386	0.95986
685 T	0.03578	0.00448	0.95975
686 T	0.03521	0.00514	0.95965
687 A	0.03431	0.00611	0.95958
688 G	0.03386	0.00656	0.95958
689 A	0.03354	0.00692	0.95954
690 T	0.03336	0.00711	0.95953
691 G	0.03290	0.00768	0.95942
692 A	0.03273	0.00800	0.95927
693 A	0.03257	0.00832	0.95911
694 T	0.03252	0.00843	0.95905
695 G	0.03244	0.00857	0.95899
696 T	0.03241	0.00868	0.9589
697 G	0.03232	0.00894	0.95875
698 A	0.03231	0.00903	0.95866
699 A	0.03238	0.00904	0.95859
700 A	0.03256	0.00897	0.95848
701 A	0.03286	0.00867	0.95848
702 T	0.03352	0.00794	0.95854
703 A	0.03377	0.00762	0.95862
704 T	0.03429	0.00693	0.95878
705 T	0.03465	0.00629	0.95906
706 T	0.03488	0.00576	0.95936
707 T	0.03500	0.00525	0.95975
708 T	0.03508	0.00483	0.96008
709 T	0.03510	0.00453	0.96037
710 T	0.03508	0.00414	0.96078
711 A	0.03500	0.00422	0.96078
712 A	0.03501	0.00424	0.96074
713 A	0.03504	0.00415	0.96081
714 T	0.03514	0.00368	0.96117
715 A	0.03527	0.00347	0.96126
716 T	0.03548	0.00311	0.96141
717 T	0.03554	0.00302	0.96145
718 G	0.03553	0.00305	0.96141
719 A	0.03557	0.00317	0.96126
720 T	0.03563	0.00321	0.96116
721 A	0.03559	0.00345	0.96096
722 G	0.03559	0.00352	0.9609
723 T	0.03566	0.00365	0.96068
724 T	0.03563	0.00395	0.96042
725 T	0.03556	0.00427	0.96017
726 A	0.03543	0.00449	0.96008
727 A	0.03537	0.00457	0.96007
728 A	0.03536	0.00458	0.96007
729 A	0.03531	0.00458	0.9601
730 C	0.03513	0.00466	0.96021
731 C	0.03520	0.00452	0.96027
732 T	0.03534	0.00439	0.96027
733 G	0.03535	0.00437	0.96028
734 G	0.03555	0.00414	0.96031
735 T	0.03579	0.00388	0.96033
736 T	0.03580	0.00385	0.96036
737 C	0.03565	0.00390	0.96045
738 T	0.03554	0.00402	0.96044
739 G	0.03517	0.00450	0.96034
740 A	0.03490	0.00491	0.96019
741 A	0.03483	0.00503	0.96014
742 A	0.03496	0.00488	0.96016
743 T	0.03519	0.00451	0.9603
744 T	0.03534	0.00422	0.96045
745 G	0.03515	0.00428	0.96056
746 C	0.03514	0.00420	0.96065
747 C	0.03510	0.00422	0.96068
748 A	0.03511	0.00423	0.96066
749 A	0.03514	0.00418	0.96068
750 T	0.03517	0.00413	0.96071
751 G	0.03515	0.00415	0.9607
752 T	0.03515	0.00408	0.96077
753 T	0.03511	0.00379	0.9611
754 G	0.03503	0.00379	0.96118
755 T	0.03493	0.00385	0.96122
756 T	0.03471	0.00402	0.96127
757 A	0.03406	0.00469	0.96125
758 A	0.03339	0.00537	0.96124
759 T	0.03323	0.00548	0.9613
760 G	0.03308	0.00558	0.96134
761 A	0.03306	0.00565	0.96129
762 A	0.03313	0.00539	0.96148
763 T	0.03328	0.00510	0.96162
764 T	0.03330	0.00519	0.9615
765 T	0.03316	0.00574	0.9611
766 A	0.03299	0.00680	0.96021
767 A	0.03267	0.00835	0.95898
768 A	0.03252	0.00849	0.95899
769 A	0.03239	0.00862	0.95898
770 T	0.03230	0.00861	0.9591
771 T	0.03202	0.00900	0.95898
772 C	0.03135	0.01012	0.95853
773 A	0.03083	0.01154	0.95762
774 A	0.03068	0.01228	0.95703
775 T	0.03062	0.01281	0.95657
776 T	0.03053	0.01327	0.9562
777 A	0.03041	0.01341	0.95619
778 G	0.03039	0.01321	0.9564
779 A	0.03037	0.01298	0.95664
780 A	0.03043	0.01227	0.9573
781 C	0.03052	0.01152	0.95797
782 C	0.03059	0.01133	0.95808
783 A	0.03065	0.01147	0.95788
784 C	0.03077	0.01166	0.95757
785 G	0.03082	0.01263	0.95655
786 A	0.03098	0.01370	0.95532
787 G	0.03129	0.01439	0.95432
788 A	0.03169	0.01474	0.95357
789 A	0.03248	0.01492	0.9526
790 G	0.03370	0.01390	0.95241
791 A	0.03400	0.01378	0.95221
792 A	0.03428	0.01338	0.95234
793 A	0.03454	0.01295	0.95251
794 A	0.03498	0.01212	0.95289
795 T	0.03569	0.01067	0.95364
796 C	0.03634	0.00949	0.95416
797 G	0.03677	0.00895	0.95429
798 T	0.03716	0.00852	0.95433
799 T	0.03736	0.00829	0.95435
800 C	0.03735	0.00826	0.9544
801 A	0.03733	0.00828	0.95439
802 G	0.03730	0.00826	0.95445
803 A	0.03728	0.00827	0.95445
804 A	0.03731	0.00822	0.95447
805 C	0.03747	0.00802	0.95451
806 A	0.03788	0.00755	0.95457
807 A	0.03850	0.00687	0.95463
808 C	0.03967	0.00559	0.95473
809 C	0.04105	0.00419	0.95475
810 T	0.04216	0.00312	0.95473
811 A	0.04289	0.00243	0.95468
812 T	0.04386	0.00148	0.95466
813 T	0.04429	0.00107	0.95463
814 T	0.04448	0.00092	0.9546
815 T	0.04450	0.00081	0.9547
816 T	0.04451	0.00073	0.95475
817 G	0.04451	0.00071	0.95479
818 T	0.04450	0.00070	0.9548
819 C	0.04446	0.00071	0.95483
820 A	0.04441	0.00083	0.95476
821 T	0.04431	0.00095	0.95473
822 T	0.04418	0.00113	0.95469
823 G	0.04404	0.00127	0.95469
824 G	0.04400	0.00132	0.95468
825 A	0.04399	0.00134	0.95468
826 G	0.04399	0.00130	0.9547
827 C	0.04399	0.00130	0.95471
828 T	0.04399	0.00134	0.95467
829 A	0.04391	0.00153	0.95456
830 C	0.04385	0.00162	0.95454
831 G	0.04383	0.00166	0.95451
832 A	0.04383	0.00169	0.95448
833 A	0.04386	0.00167	0.95446
834 C	0.04394	0.00160	0.95446
835 C	0.04397	0.00157	0.95446
836 A	0.04401	0.00155	0.95444
837 T	0.04407	0.00150	0.95444
838 C	0.04408	0.00150	0.95443
839 T	0.04410	0.00151	0.95439
840 T	0.04409	0.00154	0.95437
841 G	0.04406	0.00158	0.95436
842 A	0.04402	0.00158	0.9544
843 T	0.04405	0.00147	0.95447
844 G	0.04406	0.00130	0.95465
845 G	0.04408	0.00115	0.95477
846 C	0.04411	0.00106	0.95483
847 A	0.04413	0.00128	0.95459
848 T	0.04417	0.00141	0.95442
849 A	0.04416	0.00145	0.95439
850 G	0.04416	0.00144	0.95439
851 A	0.04419	0.00141	0.95439
852 A	0.04427	0.00124	0.95449
853 C	0.04430	0.00114	0.95456
854 C	0.04434	0.00108	0.95458
855 T	0.04438	0.00103	0.95458
856 G	0.04440	0.00103	0.95458
857 C	0.04441	0.00102	0.95458
858 T	0.04442	0.00103	0.95455
859 A	0.04444	0.00105	0.9545
860 T	0.04446	0.00105	0.95449
861 T	0.04448	0.00106	0.95446
862 T	0.04449	0.00105	0.95446
863 T	0.04441	0.00111	0.95448
864 A	0.04427	0.00121	0.95453
865 T	0.04413	0.00129	0.95457
866 C	0.04395	0.00144	0.95461
867 A	0.04386	0.00153	0.95461
868 C	0.04385	0.00154	0.95462
869 G	0.04388	0.00152	0.95461
870 T	0.04410	0.00132	0.95458
871 T	0.04420	0.00122	0.95457
872 T	0.04417	0.00126	0.95457
873 T	0.04412	0.00130	0.95458
874 A	0.04407	0.00135	0.95458
875 C	0.04405	0.00136	0.9546
876 T	0.04403	0.00137	0.9546
877 C	0.04401	0.00139	0.95459
878 A	0.04399	0.00145	0.95456
879 T	0.04388	0.00160	0.95452
880 C	0.04356	0.00198	0.95445
881 G	0.04345	0.00221	0.95434
882 T	0.04339	0.00240	0.95421
883 A	0.04320	0.00281	0.95398
884 T	0.04311	0.00308	0.95381
885 T	0.04295	0.00349	0.95355
886 G	0.04281	0.00405	0.95315
887 A	0.04270	0.00482	0.95248
888 A	0.04263	0.00591	0.95146
889 T	0.04257	0.00720	0.95022
890 T	0.04240	0.00954	0.94806
891 G	0.04180	0.01096	0.94724
892 A	0.04141	0.01159	0.947
893 A	0.04125	0.01185	0.94691
894 A	0.04115	0.01198	0.94687
895 C	0.04109	0.01204	0.94687
896 C	0.04083	0.01266	0.94651
897 A	0.04030	0.01481	0.94489
898 G	0.04006	0.01608	0.94386
899 G	0.03963	0.01726	0.94311
900 A	0.03952	0.01827	0.94221
901 A	0.03948	0.01918	0.94134
902 A	0.03942	0.01980	0.94079
903 T	0.03947	0.01982	0.94071
904 G	0.03946	0.01977	0.94076
905 A	0.03936	0.02000	0.94064
906 A	0.03935	0.02014	0.94052
907 G	0.03932	0.02033	0.94035
908 C	0.03947	0.02030	0.94023
909 A	0.03986	0.02008	0.94006
910 G	0.04042	0.01965	0.93993
911 A	0.04142	0.01877	0.9398
912 A	0.04269	0.01747	0.93984
913 C	0.04462	0.01538	0.94
914 G	0.04540	0.01402	0.94057
915 T	0.04576	0.01334	0.94089
916 C	0.04588	0.01312	0.941
917 A	0.04606	0.01305	0.94089
918 A	0.04626	0.01285	0.94089
919 A	0.04690	0.01195	0.94114
920 T	0.04870	0.00966	0.94164
921 T	0.04981	0.00845	0.94173
922 C	0.05031	0.00768	0.94201
923 A	0.05084	0.00754	0.94162
924 A	0.05150	0.00718	0.94132
925 T	0.05214	0.00686	0.941
926 T	0.05245	0.00690	0.94065
927 G	0.05253	0.00733	0.94015
928 A	0.05274	0.00832	0.93894
929 A	0.05309	0.00923	0.93768
930 T	0.05342	0.00921	0.93737
931 G	0.05364	0.00954	0.93682
932 A	0.05385	0.00979	0.93636
933 T	0.05408	0.00981	0.93611
934 A	0.05423	0.01011	0.93566
935 T	0.05431	0.01011	0.93558
936 T	0.05435	0.01037	0.93528
937 T	0.05438	0.01054	0.93508
938 T	0.05436	0.01071	0.93493
939 G	0.05410	0.01097	0.93492
940 A	0.05405	0.01105	0.9349
941 G	0.05405	0.01104	0.93491
942 A	0.05409	0.01101	0.9349
943 C	0.05420	0.01089	0.93491
944 G	0.05441	0.01092	0.93467
945 T	0.05480	0.01060	0.9346
946 A	0.05518	0.01037	0.93445
947 A	0.05544	0.01031	0.93425
948 T	0.05601	0.00989	0.9341
949 C	0.05645	0.00967	0.93389
950 A	0.05697	0.00968	0.93335
951 A	0.05836	0.00838	0.93326
952 T	0.06013	0.00658	0.93329
953 T	0.06079	0.00594	0.93327
954 T	0.06061	0.00621	0.93318
955 C	0.06017	0.00679	0.93305
956 C	0.05986	0.00774	0.93241
957 T	0.05961	0.00931	0.93108
958 A	0.05878	0.01057	0.93065
959 T	0.05873	0.01079	0.93048
960 T	0.05683	0.01272	0.93045
961 A	0.05382	0.01574	0.93045
962 C	0.05127	0.01802	0.93071
963 T	0.04934	0.01989	0.93077
964 C	0.04655	0.02268	0.93076
965 A	0.04373	0.02572	0.93054
966 A	0.04230	0.02744	0.93026
967 G	0.04155	0.02825	0.9302
968 A	0.04134	0.02860	0.93006
969 A	0.04135	0.02875	0.9299
970 G	0.04153	0.02849	0.92999
971 C	0.04164	0.02847	0.92988
972 T	0.04186	0.02888	0.92926
973 A	0.04208	0.02874	0.92918
974 A	0.04212	0.02873	0.92915
975 A	0.04212	0.02876	0.92912
976 A	0.04217	0.02873	0.92911
977 C	0.04251	0.02715	0.93034
978 A	0.04285	0.02624	0.93091
979 T	0.04361	0.02508	0.93132
980 A	0.04443	0.02426	0.9313
981 T	0.04476	0.02363	0.93162
982 T	0.04483	0.02451	0.93066
983 T	0.04480	0.02377	0.93142
984 A	0.04469	0.02203	0.93328
985 T	0.04466	0.02004	0.9353
986 T	0.04447	0.02108	0.93445
987 A	0.04356	0.02452	0.93192
988 G	0.04305	0.02691	0.93004
989 A	0.04296	0.02916	0.92787
990 G	0.04288	0.03036	0.92677
991 G	0.04291	0.03373	0.92336
992 T	0.04320	0.03642	0.92038
993 A	0.04324	0.03851	0.91825
994 A	0.04338	0.03945	0.91717
995 T	0.04389	0.03954	0.91658
996 T	0.04396	0.04005	0.91599
997 A	0.04399	0.04106	0.91495
998 A	0.04407	0.04166	0.91426
999 T	0.04416	0.04204	0.9138
1000 A	0.04420	0.04207	0.91373
1001 A	0.04450	0.04183	0.91367
1002 A	0.04498	0.04140	0.91362
1003 G	0.04565	0.04064	0.9137
1004 C	0.04645	0.03980	0.91375
1005 G	0.04841	0.03799	0.9136
1006 T	0.05150	0.03514	0.91337
1007 T	0.05307	0.03377	0.91316
1008 A	0.05402	0.03319	0.91279
1009 G	0.05667	0.03069	0.91263
1010 A	0.06163	0.02549	0.91289
1011 T	0.06676	0.02033	0.91291
1012 T	0.06987	0.01859	0.91154
1013 A	0.07125	0.01955	0.9092
1014 T	0.07460	0.01651	0.90889
1015 T	0.07654	0.01467	0.90879
1016 T	0.07565	0.01566	0.90869
1017 G	0.07125	0.02009	0.90865
1018 C	0.06945	0.02189	0.90866
1019 C	0.06821	0.02320	0.9086
1020 G	0.06057	0.03092	0.90852
1021 C	0.04972	0.04190	0.90838
1022 C	0.04329	0.04861	0.9081
1023 A	0.03967	0.05378	0.90655
1024 C	0.03720	0.05793	0.90487
1025 A	0.03572	0.06217	0.90211
1026 A	0.03510	0.06471	0.90019
1027 T	0.03512	0.06581	0.89908
1028 A	0.03494	0.06679	0.89827
1029 T	0.03505	0.06718	0.89777
1030 G	0.03491	0.06781	0.89728
1031 A	0.03422	0.06902	0.89675
1032 A	0.03398	0.06986	0.89616
1033 A	0.03439	0.06948	0.89613
1034 A	0.03488	0.06897	0.89615
1035 A	0.03638	0.06733	0.89628
1036 A	0.03841	0.06476	0.89683
1037 C	0.03889	0.06304	0.89807
1038 A	0.03905	0.06280	0.89815
1039 A	0.03924	0.06096	0.89981
1040 T	0.03936	0.05723	0.90341
1041 G	0.03940	0.05585	0.90475
1042 A	0.03956	0.05492	0.90552
1043 A	0.04003	0.04514	0.91483
1044 T	0.04081	0.03097	0.92822
1045 G	0.04147	0.02374	0.9348
1046 G	0.04347	0.01871	0.93781
1047 T	0.04582	0.01451	0.93966
1048 C	0.04797	0.01114	0.94089
1049 T	0.04963	0.01040	0.93997
1050 T	0.05060	0.01144	0.93796
1051 T	0.05113	0.01439	0.93449
1052 T	0.05115	0.01929	0.92956
1053 A	0.05060	0.02800	0.9214
1054 G	0.04982	0.03600	0.91418
1055 T	0.04942	0.03983	0.91074
1056 T	0.04801	0.04394	0.90805
1057 G	0.04574	0.05410	0.90015
1058 A	0.04505	0.06509	0.88986
1059 A	0.04465	0.06704	0.88832
1060 A	0.04445	0.06748	0.88807
1061 T	0.04488	0.06725	0.88787
1062 A	0.04488	0.06730	0.88782
1063 C	0.04455	0.06762	0.88783
1064 C	0.04391	0.06831	0.88777
1065 T	0.04335	0.06894	0.88771
1066 C	0.04242	0.07000	0.88758
1067 C	0.04145	0.07127	0.88728
1068 T	0.04069	0.07271	0.88659
1069 C	0.03884	0.07556	0.88559
1070 A	0.03807	0.07831	0.88362
1071 A	0.03771	0.08031	0.88198
1072 A	0.03889	0.08100	0.88011
1073 A	0.04191	0.07887	0.87922
1074 T	0.04700	0.07485	0.87815
1075 A	0.05198	0.07119	0.87683
1076 A	0.05998	0.06251	0.87751
1077 T	0.06937	0.05177	0.87885
1078 T	0.07185	0.04821	0.87993
1079 A	0.07031	0.04868	0.88101
1080 C	0.07228	0.04532	0.8824
1081 A	0.07523	0.04458	0.88019
1082 A	0.07237	0.05063	0.877
1083 A	0.06854	0.05856	0.87289
1084 A	0.06734	0.06045	0.87221
1085 A	0.06691	0.06101	0.87208
1086 A	0.06702	0.05988	0.87309
1087 G	0.06745	0.05755	0.875
1088 C	0.06877	0.05451	0.87671
1089 T	0.07073	0.05159	0.87767
1090 T	0.07234	0.04927	0.8784
1091 A	0.07319	0.04789	0.87892
1092 T	0.07435	0.04528	0.88037
1093 C	0.07527	0.04365	0.88108
1094 G	0.07638	0.04169	0.88193
1095 T	0.07821	0.03935	0.88245
1096 G	0.07889	0.03866	0.88245
1097 T	0.07992	0.03785	0.88223
1098 T	0.08103	0.03716	0.88182
1099 T	0.08090	0.03739	0.88172
1100 T	0.07991	0.03950	0.88059
1101 A	0.07791	0.04454	0.87755
1102 G	0.07733	0.04604	0.87664
1103 A	0.07745	0.04678	0.87577
1104 A	0.07918	0.04396	0.87686
1105 A	0.08226	0.03789	0.87985
1106 G	0.08639	0.03005	0.88355
1107 T	0.08717	0.02849	0.88434
1108 T	0.08666	0.03093	0.88242
1109 T	0.08488	0.03938	0.87573
1110 T	0.08160	0.04812	0.87029
1111 A	0.07953	0.05753	0.86293
1112 T	0.07764	0.06230	0.86006
1113 T	0.07307	0.07056	0.85638
1114 A	0.06617	0.08114	0.85269
1115 A	0.06199	0.08750	0.85052
1116 A	0.05651	0.09476	0.84873
1117 G	0.04809	0.10346	0.84845
1118 A	0.04439	0.10737	0.84824
1119 A	0.04387	0.10784	0.84828
1120 G	0.04397	0.10763	0.8484
1121 C	0.04476	0.10654	0.84871
1122 A	0.04588	0.10589	0.84823
1123 A	0.04815	0.10401	0.84784
1124 G	0.05211	0.09967	0.84823
1125 T	0.05629	0.09625	0.84746
1126 T	0.05829	0.09498	0.84672
1127 T	0.05928	0.09414	0.84658
1128 A	0.05949	0.09451	0.846
1129 A	0.05991	0.09389	0.84621
1130 A	0.06106	0.09203	0.84691
1131 A	0.06463	0.08652	0.84885
1132 T	0.07410	0.07281	0.85309
1133 C	0.08052	0.06050	0.85898
1134 T	0.08799	0.05143	0.86058
1135 A	0.08988	0.04797	0.86215
1136 T	0.09263	0.04178	0.86559
1137 T	0.09434	0.03544	0.87022
1138 G	0.09542	0.03185	0.87272
1139 A	0.09679	0.02593	0.87728
1140 T	0.09710	0.01747	0.88543
1141 C	0.09665	0.01524	0.88811
1142 G	0.09602	0.02015	0.88382
1143 T	0.09538	0.02853	0.87609
1144 G	0.09304	0.04485	0.86211
1145 A	0.09171	0.06901	0.83928
1146 A	0.09169	0.09664	0.81167
1147 A	0.09248	0.12301	0.78451
1148 T	0.09307	0.13132	0.77562
1149 T	0.09182	0.14821	0.75997
1150 A	0.08739	0.15770	0.75491
1151 T	0.08299	0.16290	0.75411
1152 C	0.07374	0.17270	0.75355
1153 G	0.06806	0.17895	0.75299
1154 C	0.06479	0.18285	0.75237
1155 C	0.06274	0.18596	0.7513
1156 G	0.06186	0.18748	0.75067
1157 C	0.06153	0.18833	0.75015
1158 A	0.06128	0.19010	0.74862
1159 A	0.06117	0.19194	0.74689
1160 C	0.06117	0.19284	0.74599
1161 A	0.06128	0.19318	0.74553
1162 G	0.06159	0.19327	0.74514
1163 A	0.06238	0.19281	0.74481
1164 A	0.06403	0.19105	0.74493
1165 C	0.06909	0.18648	0.74443
1166 A	0.07640	0.18427	0.73933
1167 A	0.08796	0.17427	0.73776
1168 A	0.10585	0.15798	0.73617
1169 A	0.12945	0.13521	0.73534
1170 A	0.15259	0.11342	0.734
1171 G	0.16377	0.10171	0.73451
1172 A	0.18060	0.08481	0.73459
1173 A	0.18840	0.07364	0.73796
1174 T	0.19264	0.06312	0.74423
1175 G	0.19278	0.05598	0.75124
1176 T	0.19457	0.05299	0.75244
1177 T	0.19466	0.05818	0.74716
1178 C	0.19222	0.06608	0.7417
1179 T	0.19053	0.07025	0.73922
1180 A	0.18561	0.07568	0.73871
1181 A	0.17899	0.08237	0.73864
1182 T	0.17392	0.08757	0.73851
1183 C	0.15927	0.10292	0.73781
1184 C	0.14397	0.12332	0.73271
1185 A	0.12968	0.14206	0.72825
1186 A	0.11389	0.16168	0.72443
1187 A	0.10269	0.17322	0.72408
1188 A	0.08989	0.18643	0.72368
1189 C	0.07480	0.20189	0.72331
1190 A	0.06417	0.21370	0.72212
1191 C	0.05671	0.22226	0.72103
1192 A	0.04822	0.23387	0.71791
1193 A	0.04208	0.24229	0.71564
1194 A	0.03510	0.24968	0.71522
1195 G	0.03116	0.25353	0.71531
1196 A	0.03152	0.25318	0.7153
1197 A	0.03166	0.25166	0.71668
1198 C	0.03446	0.24529	0.72025
1199 A	0.03774	0.24122	0.72104
1200 T	0.04513	0.23200	0.72287
1201 T	0.04935	0.22517	0.72548
1202 T	0.05013	0.22280	0.72707
1203 T	0.04956	0.22110	0.72933
1204 A	0.04781	0.21638	0.73581
1205 A	0.04731	0.21067	0.74203
1206 G	0.04604	0.19741	0.75655
1207 A	0.04892	0.18409	0.76699
1208 A	0.05250	0.16785	0.77965
1209 T	0.05574	0.14990	0.79436
1210 A	0.05515	0.14158	0.80326
1211 A	0.05535	0.12719	0.81746
1212 T	0.05638	0.10230	0.84133
1213 A	0.05773	0.08705	0.85522
1214 T	0.05939	0.07377	0.86684
1215 A	0.06201	0.06246	0.87553
1216 A	0.06406	0.05314	0.88281
1217 T	0.06464	0.04242	0.89293
1218 T	0.06481	0.03702	0.89817
1219 T	0.06477	0.03490	0.90033
1220 T	0.06422	0.03496	0.90081
1221 T	0.06336	0.03634	0.9003
1222 T	0.06210	0.03867	0.89923
1223 C	0.05921	0.04587	0.89493
1224 T	0.05560	0.06553	0.87886
1225 G	0.04717	0.10592	0.84691
1226 A	0.03903	0.16024	0.80073
1227 A	0.02831	0.20945	0.76223
1228 A	0.02526	0.24306	0.73168
1229 A	0.02526	0.25985	0.71489
1230 T	0.02844	0.25952	0.71204
1231 A	0.02855	0.27038	0.70108
1232 A	0.02905	0.27487	0.69608
1233 T	0.03104	0.27487	0.69409
1234 C	0.02910	0.28172	0.68918
1235 A	0.02779	0.29095	0.68126
1236 A	0.02502	0.29964	0.67534
1237 A	0.02404	0.30386	0.6721
1238 A	0.02413	0.30565	0.67022
1239 A	0.02100	0.31031	0.6687
1240 A	0.01969	0.31211	0.6682
1241 A	0.01955	0.31226	0.6682
1242 A	0.01861	0.31289	0.6685
1243 G	0.01907	0.31159	0.66934
1244 A	0.02003	0.30987	0.6701
1245 A	0.02296	0.30564	0.67139
1246 A	0.03071	0.29489	0.6744
1247 A	0.04844	0.27319	0.67837
1248 A	0.07975	0.23424	0.68602
1249 A	0.12012	0.18566	0.69422
1250 C	0.15589	0.13895	0.70516
1251 C	0.18347	0.10843	0.70809
1252 G	0.19990	0.09151	0.7086
1253 A	0.20781	0.08350	0.70869
1254 T	0.22533	0.06545	0.70922
1255 T	0.23444	0.05606	0.7095
1256 C	0.23905	0.05063	0.71031
1257 T	0.24569	0.04133	0.71298
1258 A	0.24998	0.03558	0.71443
1259 T	0.25424	0.02825	0.71752
1260 T	0.25605	0.02529	0.71866
1261 A	0.25557	0.02558	0.71885
1262 T	0.25632	0.02082	0.72286
1263 T	0.25586	0.01959	0.72454
1264 T	0.25358	0.02230	0.72412
1265 T	0.24754	0.03070	0.72176
1266 A	0.23421	0.05040	0.71539
1267 G	0.21425	0.07571	0.71004
1268 A	0.20521	0.09254	0.70225
1269 A	0.19820	0.10619	0.69561
1270 A	0.19457	0.11085	0.69458
1271 A	0.19352	0.11270	0.69378
1272 T	0.19195	0.11450	0.69355
1273 T	0.18849	0.11957	0.69195
1274 G	0.18363	0.12420	0.69217
1275 T	0.18054	0.12715	0.69232
1276 T	0.17553	0.13239	0.69208
1277 G	0.16854	0.13949	0.69197
1278 C	0.16474	0.14343	0.69183
1279 G	0.16105	0.14905	0.6899
1280 A	0.15936	0.15109	0.68955
1281 A	0.15844	0.15257	0.689
1282 T	0.15787	0.15355	0.68857
1283 G	0.15653	0.15485	0.68862
1284 C	0.15621	0.15286	0.69093
1285 A	0.15599	0.15213	0.69188
1286 A	0.15637	0.15013	0.6935
1287 A	0.15835	0.14485	0.6968
1288 G	0.16298	0.13327	0.70374
1289 C	0.17048	0.11540	0.71412
1290 G	0.17665	0.09100	0.73235
1291 A	0.18412	0.07769	0.73819
1292 T	0.19035	0.06730	0.74235
1293 T	0.19099	0.07079	0.73822
1294 A	0.19105	0.07743	0.73153
1295 A	0.19140	0.07648	0.73212
1296 T	0.19339	0.07008	0.73653
1297 A	0.19309	0.06631	0.7406
1298 T	0.19329	0.06218	0.74453
1299 T	0.19287	0.05872	0.74841
1300 G	0.19011	0.06181	0.74808
1301 A	0.18802	0.07176	0.74022
1302 A	0.18787	0.07877	0.73336
1303 G	0.18758	0.08330	0.72912
1304 A	0.18681	0.09774	0.71545
1305 T	0.18669	0.09887	0.71445
1306 T	0.18509	0.10112	0.71379
1307 T	0.17919	0.10987	0.71094
1308 A	0.16130	0.13671	0.70199
1309 C	0.15224	0.14999	0.69776
1310 A	0.14596	0.16289	0.69114
1311 A	0.14070	0.17407	0.68523
1312 A	0.13796	0.17755	0.68448
1313 A	0.13801	0.17763	0.68436
1314 A	0.13882	0.17699	0.68419
1315 G	0.14104	0.17416	0.68481
1316 C	0.14810	0.16639	0.68551
1317 T	0.15594	0.15828	0.68578
1318 T	0.15842	0.15577	0.6858
1319 A	0.15912	0.15512	0.68576
1320 T	0.16104	0.15276	0.68619
1321 C	0.16186	0.15192	0.68621
1322 A	0.16372	0.15080	0.68548
1323 A	0.16912	0.14417	0.68672
1324 A	0.17999	0.13323	0.68678
1325 T	0.18954	0.12361	0.68685
1326 A	0.19468	0.11887	0.68645
1327 A	0.20786	0.10427	0.68787
1328 T	0.21167	0.09793	0.69039
1329 A	0.21367	0.09319	0.69313
