# lcl|CP097583.1_cds_USQ93555.1_1
# AA	inside	membr	outside
1 A	0.39287	0.00000	0.60713
2 T	0.39182	0.00105	0.60713
3 G	0.39130	0.00157	0.60713
4 C	0.39130	0.00987	0.59883
5 A	0.38899	0.02985	0.58116
6 G	0.38899	0.03266	0.57835
7 T	0.36669	0.05652	0.57678
8 T	0.36669	0.05658	0.57673
9 T	0.36151	0.06368	0.57481
10 A	0.36149	0.25475	0.38376
11 A	0.36056	0.26661	0.37282
12 T	0.35137	0.28039	0.36824
13 T	0.32806	0.32338	0.34856
14 A	0.32806	0.32339	0.34855
15 T	0.32806	0.53284	0.1391
16 G	0.32302	0.53788	0.1391
17 A	0.31995	0.54703	0.13302
18 A	0.31985	0.56521	0.11494
19 A	0.31478	0.57295	0.11227
20 A	0.29017	0.63581	0.07402
21 A	0.25014	0.67599	0.07387
22 A	0.24633	0.68233	0.07134
23 C	0.24601	0.68336	0.07063
24 A	0.24578	0.68721	0.06701
25 A	0.24966	0.68389	0.06646
26 T	0.25283	0.68136	0.06581
27 T	0.25809	0.67769	0.06423
28 A	0.26413	0.67099	0.06488
29 A	0.26470	0.66931	0.06599
30 A	0.27354	0.63971	0.08675
31 G	0.27052	0.63748	0.092
32 C	0.27339	0.62854	0.09807
33 G	0.41641	0.48925	0.09434
34 A	0.42393	0.49661	0.07946
35 T	0.44899	0.46798	0.08302
36 C	0.45576	0.45262	0.09161
37 A	0.44495	0.46481	0.09024
38 A	0.59391	0.31604	0.09006
39 C	0.58079	0.32628	0.09293
40 G	0.58904	0.31889	0.09207
41 A	0.60921	0.30025	0.09054
42 A	0.61875	0.28641	0.09485
43 A	0.65586	0.23049	0.11366
44 T	0.66191	0.19424	0.14385
45 T	0.66549	0.18105	0.15346
46 A	0.66407	0.17782	0.15811
47 T	0.66668	0.16981	0.16351
48 C	0.66426	0.16933	0.16641
49 A	0.65324	0.18077	0.16599
50 T	0.64708	0.18538	0.16754
51 A	0.64078	0.19016	0.16906
52 G	0.62829	0.20162	0.17009
53 A	0.61669	0.21662	0.16668
54 A	0.61709	0.20668	0.17622
55 T	0.61831	0.19186	0.18982
56 G	0.62221	0.17660	0.20118
57 T	0.63519	0.15205	0.21275
58 T	0.63502	0.14603	0.21895
59 C	0.63555	0.13082	0.23363
60 T	0.63668	0.12210	0.24122
61 T	0.63653	0.12119	0.24227
62 T	0.63226	0.12006	0.24768
63 T	0.62115	0.13556	0.24329
64 T	0.60805	0.15755	0.2344
65 A	0.59332	0.17644	0.23023
66 T	0.58745	0.18391	0.22864
67 G	0.56910	0.20086	0.23005
68 T	0.56096	0.20729	0.23174
69 T	0.54706	0.22236	0.23057
70 A	0.52676	0.24984	0.2234
71 A	0.51192	0.27206	0.21602
72 T	0.50277	0.27907	0.21817
73 A	0.47607	0.31393	0.21
74 A	0.45883	0.33367	0.2075
75 A	0.45235	0.33030	0.21735
76 T	0.45357	0.31796	0.22846
77 G	0.44852	0.32183	0.22965
78 G	0.44313	0.32783	0.22905
79 A	0.43914	0.33315	0.22772
80 T	0.43628	0.33684	0.22688
81 T	0.42810	0.35128	0.22062
82 A	0.39977	0.39353	0.20671
83 A	0.38839	0.41563	0.19598
84 A	0.38444	0.42649	0.18907
85 G	0.38294	0.42825	0.18882
86 A	0.38649	0.42057	0.19294
87 T	0.39748	0.39977	0.20275
88 T	0.40104	0.39641	0.20255
89 T	0.39470	0.41962	0.18568
90 A	0.37798	0.44619	0.17584
91 A	0.36954	0.45898	0.17148
92 G	0.36617	0.45581	0.17802
93 A	0.37274	0.44302	0.18425
94 A	0.38271	0.43028	0.18702
95 A	0.39219	0.41717	0.19064
96 A	0.40774	0.38675	0.20551
97 T	0.41731	0.37417	0.20852
98 T	0.41681	0.37873	0.20447
99 A	0.40515	0.42480	0.17005
100 A	0.39762	0.45750	0.14489
101 A	0.39411	0.47041	0.13549
102 A	0.39222	0.47171	0.13607
103 G	0.39263	0.46707	0.14029
104 A	0.40045	0.45213	0.14743
105 A	0.41505	0.41292	0.17203
106 G	0.42874	0.38838	0.18288
107 A	0.44019	0.37158	0.18824
108 T	0.45593	0.34986	0.19421
109 G	0.46469	0.33598	0.19933
110 G	0.47473	0.32138	0.2039
111 G	0.49096	0.29928	0.20976
112 T	0.51672	0.26514	0.21815
113 T	0.53623	0.23340	0.23036
114 T	0.54743	0.21487	0.2377
115 C	0.55120	0.20627	0.24253
116 G	0.55684	0.19996	0.24319
117 T	0.56423	0.19289	0.24288
118 A	0.56955	0.18862	0.24183
119 A	0.58212	0.17676	0.24113
120 T	0.60086	0.15844	0.2407
121 A	0.61103	0.14482	0.24415
122 T	0.64951	0.09317	0.25733
123 T	0.67768	0.05682	0.26549
124 T	0.68995	0.04003	0.27002
125 T	0.69208	0.03569	0.27223
126 T	0.69117	0.03548	0.27335
127 T	0.68920	0.03740	0.2734
128 C	0.68335	0.04344	0.2732
129 T	0.67935	0.04921	0.27144
130 A	0.66628	0.06267	0.27106
131 T	0.66076	0.06844	0.27079
132 T	0.65658	0.07298	0.27044
133 T	0.65108	0.07899	0.26993
134 C	0.64379	0.08635	0.26986
135 T	0.63849	0.09296	0.26855
136 T	0.62876	0.10674	0.2645
137 T	0.60988	0.13001	0.2601
138 A	0.57997	0.16333	0.25671
139 A	0.56978	0.17776	0.25246
140 A	0.56288	0.18478	0.25234
141 T	0.55787	0.18939	0.25273
142 A	0.49961	0.25067	0.24971
143 T	0.45317	0.30007	0.24676
144 G	0.42021	0.33770	0.24209
145 A	0.40567	0.36413	0.23019
146 G	0.39711	0.38153	0.22136
147 A	0.39268	0.40130	0.20602
148 T	0.39113	0.41536	0.19351
149 T	0.38804	0.44782	0.16414
150 A	0.37995	0.46453	0.15551
151 A	0.37488	0.46834	0.15677
152 A	0.37289	0.46857	0.15853
153 T	0.37141	0.45558	0.17302
154 C	0.36627	0.45324	0.18049
155 G	0.36220	0.45356	0.18424
156 T	0.35811	0.45433	0.18756
157 A	0.35088	0.46024	0.18888
158 A	0.34398	0.46336	0.19267
159 C	0.33958	0.45994	0.20047
160 G	0.33876	0.44309	0.21815
161 G	0.33696	0.42219	0.24085
162 G	0.32980	0.43025	0.23994
163 A	0.31897	0.45286	0.22817
164 A	0.31343	0.46168	0.22489
165 A	0.30944	0.41761	0.27296
166 G	0.29978	0.38687	0.31335
167 A	0.30284	0.37542	0.32174
168 A	0.31246	0.38789	0.29964
169 A	0.32172	0.44922	0.22907
170 A	0.33553	0.52645	0.13801
171 A	0.34938	0.53554	0.11509
172 A	0.37845	0.52117	0.10038
173 T	0.39025	0.50937	0.10038
174 A	0.39345	0.51243	0.09412
175 T	0.39717	0.50535	0.09748
176 A	0.39558	0.50544	0.09897
177 T	0.39144	0.50282	0.10574
178 A	0.37172	0.51825	0.11003
179 C	0.36783	0.51564	0.11653
180 A	0.36546	0.51494	0.1196
181 A	0.36394	0.51097	0.12509
182 T	0.36680	0.50181	0.13138
183 T	0.36953	0.49662	0.13386
184 A	0.36875	0.49699	0.13427
185 A	0.37468	0.47943	0.14589
186 T	0.38831	0.45152	0.16018
187 A	0.39125	0.44049	0.16826
188 A	0.40222	0.42155	0.17623
189 C	0.41762	0.39044	0.19195
190 G	0.44110	0.36496	0.19394
191 A	0.47475	0.33132	0.19393
192 A	0.55714	0.24868	0.19419
193 T	0.66079	0.14415	0.19506
194 C	0.68531	0.12125	0.19344
195 T	0.70252	0.11685	0.18064
196 T	0.70644	0.13021	0.16335
197 T	0.70902	0.13895	0.15204
198 A	0.70202	0.17062	0.12737
199 T	0.69824	0.18382	0.11794
200 A	0.69316	0.18230	0.12453
201 T	0.69021	0.16437	0.14543
202 T	0.68712	0.16153	0.15135
203 G	0.68100	0.16358	0.15543
204 C	0.67632	0.16365	0.16002
205 G	0.67383	0.16694	0.15922
206 G	0.67389	0.16707	0.15904
207 T	0.67533	0.16610	0.15857
208 G	0.67381	0.17074	0.15544
209 G	0.67216	0.17856	0.14928
210 A	0.67121	0.19617	0.13262
211 A	0.67108	0.19655	0.13237
212 G	0.67106	0.19597	0.13296
213 A	0.67157	0.19558	0.13285
214 A	0.67348	0.19327	0.13325
215 C	0.67573	0.19138	0.13289
216 A	0.67832	0.19682	0.12486
217 G	0.68362	0.19715	0.11923
218 A	0.70256	0.19014	0.10731
219 T	0.72489	0.17974	0.09537
220 A	0.73233	0.17660	0.09107
221 T	0.75216	0.14843	0.09941
222 T	0.75820	0.13641	0.10539
223 T	0.75595	0.13181	0.11224
224 C	0.75139	0.13471	0.1139
225 T	0.74990	0.13671	0.11339
226 A	0.74389	0.14537	0.11074
227 T	0.73729	0.15608	0.10664
228 T	0.72176	0.17494	0.10329
229 C	0.68862	0.20867	0.10271
230 A	0.63403	0.26371	0.10225
231 A	0.61457	0.28239	0.10303
232 A	0.59912	0.29655	0.10432
233 C	0.59002	0.30444	0.10554
234 C	0.57177	0.32293	0.1053
235 G	0.55537	0.34689	0.09774
236 A	0.52102	0.38852	0.09046
237 A	0.48020	0.43480	0.085
238 A	0.45423	0.46230	0.08347
239 A	0.44520	0.47142	0.08338
240 A	0.44583	0.46922	0.08494
241 G	0.45513	0.45806	0.08681
242 A	0.46790	0.44421	0.08789
243 T	0.47437	0.43389	0.09175
244 T	0.47209	0.43448	0.09342
245 A	0.45728	0.44810	0.09462
246 T	0.45463	0.44745	0.09792
247 C	0.45102	0.44571	0.10328
248 A	0.44869	0.44686	0.10445
249 A	0.45154	0.43779	0.11067
250 T	0.45804	0.42091	0.12105
251 T	0.45959	0.40461	0.1358
252 T	0.45363	0.38692	0.15946
253 C	0.43679	0.35162	0.21159
254 A	0.42918	0.34735	0.22347
255 A	0.42734	0.33379	0.23887
256 T	0.42739	0.31134	0.26127
257 A	0.42746	0.29241	0.28014
258 T	0.43494	0.27149	0.29357
259 A	0.43993	0.22756	0.33251
260 T	0.44411	0.17913	0.37676
261 T	0.44182	0.15315	0.40503
262 A	0.42462	0.16401	0.41137
263 T	0.42090	0.16682	0.41228
264 A	0.41088	0.18473	0.4044
265 G	0.40341	0.20078	0.39582
266 A	0.39985	0.21505	0.38511
267 A	0.39752	0.23390	0.36858
268 G	0.38705	0.25033	0.36262
269 T	0.38240	0.29447	0.32313
270 T	0.37008	0.36975	0.26017
271 A	0.34707	0.47788	0.17505
272 A	0.33990	0.52345	0.13665
273 A	0.33669	0.55461	0.1087
274 A	0.33621	0.56805	0.09573
275 T	0.33814	0.55950	0.10236
276 T	0.33758	0.54574	0.11668
277 T	0.33169	0.54878	0.11953
278 A	0.31813	0.56523	0.11663
279 C	0.30226	0.58634	0.11139
280 A	0.28173	0.63408	0.08418
281 A	0.26897	0.64985	0.08118
282 A	0.26270	0.65871	0.07859
283 A	0.26210	0.66125	0.07665
284 G	0.26364	0.65824	0.07812
285 C	0.27385	0.63179	0.09435
286 A	0.27941	0.62646	0.09413
287 A	0.29066	0.60944	0.0999
288 G	0.30335	0.59191	0.10475
289 A	0.31638	0.57777	0.10584
290 A	0.33954	0.55221	0.10825
291 G	0.36961	0.50463	0.12577
292 G	0.42126	0.44416	0.13459
293 A	0.49394	0.36111	0.14495
294 T	0.58335	0.25609	0.16056
295 A	0.60958	0.22634	0.16409
296 T	0.62941	0.20385	0.16673
297 T	0.63328	0.20226	0.16446
298 G	0.62755	0.21044	0.16202
299 A	0.62319	0.21826	0.15855
300 T	0.62530	0.21457	0.16013
301 A	0.62391	0.20758	0.16851
302 A	0.62675	0.19337	0.17988
303 A	0.64653	0.15552	0.19796
304 G	0.64621	0.14351	0.21028
305 C	0.64958	0.13398	0.21644
306 T	0.65497	0.13193	0.2131
307 T	0.65639	0.13451	0.2091
308 T	0.65692	0.13827	0.2048
309 T	0.65542	0.14007	0.20451
310 T	0.64813	0.14893	0.20294
311 A	0.63274	0.16451	0.20275
312 T	0.61374	0.18298	0.20328
313 C	0.57918	0.22061	0.20021
314 A	0.55816	0.24611	0.19574
315 A	0.55173	0.25461	0.19366
316 A	0.55119	0.25520	0.1936
317 T	0.55671	0.24847	0.19482
318 T	0.55889	0.24523	0.19589
319 G	0.55854	0.24113	0.20033
320 C	0.56008	0.23286	0.20706
321 T	0.56260	0.22674	0.21066
322 G	0.56038	0.22633	0.21329
323 A	0.56394	0.22244	0.21362
324 A	0.56646	0.21860	0.21494
325 T	0.57071	0.21265	0.21663
326 A	0.57177	0.20779	0.22043
327 T	0.57494	0.20001	0.22505
328 A	0.56545	0.21096	0.2236
329 T	0.56091	0.22012	0.21896
330 T	0.55422	0.23637	0.20941
331 A	0.52875	0.28682	0.18443
332 A	0.51235	0.30896	0.17868
333 T	0.50576	0.30604	0.1882
334 A	0.49743	0.30220	0.20036
335 A	0.48294	0.29694	0.22012
336 T	0.47909	0.27043	0.25048
337 C	0.47053	0.26224	0.26723
338 A	0.46639	0.26860	0.26501
339 A	0.45514	0.28341	0.26146
340 G	0.45180	0.28849	0.25971
341 G	0.45074	0.28770	0.26156
342 T	0.44140	0.29474	0.26387
343 G	0.42910	0.30223	0.26868
344 T	0.42467	0.30412	0.27121
345 C	0.41339	0.31141	0.2752
346 G	0.40310	0.32278	0.27412
347 A	0.39580	0.33213	0.27207
348 A	0.39134	0.33649	0.27217
349 G	0.39160	0.33494	0.27346
350 A	0.39430	0.33104	0.27466
351 A	0.39949	0.30941	0.2911
352 C	0.40928	0.28258	0.30815
353 A	0.42195	0.26000	0.31805
354 T	0.44908	0.20825	0.34267
355 G	0.45741	0.18117	0.36142
356 C	0.46039	0.16861	0.371
357 T	0.46439	0.16083	0.37477
358 T	0.46675	0.14364	0.38961
359 C	0.46725	0.13666	0.39608
360 G	0.46825	0.13883	0.39292
361 A	0.47296	0.15023	0.37682
362 T	0.47857	0.14468	0.37675
363 T	0.48094	0.16309	0.35597
364 A	0.46782	0.21307	0.31912
365 T	0.46140	0.21694	0.32166
366 T	0.44340	0.23835	0.31824
367 A	0.42678	0.28022	0.29301
368 T	0.42362	0.29940	0.27698
369 G	0.41288	0.33434	0.25278
370 A	0.40581	0.39005	0.20413
371 T	0.40299	0.39696	0.20005
372 T	0.37742	0.44709	0.1755
373 A	0.35960	0.50038	0.14001
374 A	0.34649	0.57860	0.07491
375 C	0.33880	0.60215	0.05906
376 A	0.32684	0.64076	0.0324
377 A	0.31993	0.65134	0.02873
378 A	0.30780	0.66464	0.02756
379 G	0.30148	0.67161	0.02691
380 A	0.29766	0.67577	0.02656
381 C	0.29722	0.67580	0.02699
382 A	0.29797	0.67533	0.0267
383 A	0.31175	0.66145	0.0268
384 A	0.33428	0.63885	0.02688
385 A	0.34954	0.62294	0.02753
386 A	0.37490	0.59627	0.02883
387 T	0.41984	0.53003	0.05012
388 T	0.43840	0.50004	0.06156
389 C	0.45397	0.46363	0.0824
390 T	0.48023	0.42460	0.09517
391 A	0.49497	0.40647	0.09856
392 A	0.51832	0.37275	0.10893
393 C	0.55735	0.32252	0.12013
394 G	0.56501	0.31192	0.12307
395 C	0.59470	0.25212	0.15318
396 A	0.63441	0.20775	0.15783
397 T	0.71101	0.12326	0.16573
398 T	0.72504	0.10763	0.16733
399 T	0.73533	0.08887	0.1758
400 T	0.71975	0.10188	0.17837
401 A	0.66196	0.16636	0.17168
402 T	0.59139	0.24797	0.16064
403 G	0.38419	0.47819	0.13763
404 A	0.28114	0.63630	0.08256
405 A	0.22073	0.71571	0.06356
406 A	0.15802	0.80006	0.04192
407 G	0.10550	0.86376	0.03074
408 T	0.07923	0.89588	0.02489
409 A	0.04856	0.93345	0.01798
410 A	0.03896	0.94601	0.01503
411 A	0.03489	0.95113	0.01398
412 A	0.03226	0.95358	0.01416
413 A	0.03112	0.95321	0.01567
414 A	0.03028	0.94925	0.02047
415 A	0.02971	0.94536	0.02493
416 A	0.03020	0.93996	0.02984
417 C	0.03094	0.93515	0.03391
418 A	0.03199	0.93372	0.03429
419 T	0.03751	0.92692	0.03556
420 T	0.03905	0.92523	0.03572
421 A	0.03997	0.92388	0.03615
422 A	0.04152	0.92004	0.03844
423 A	0.04604	0.89148	0.06247
424 A	0.06696	0.80603	0.12701
425 A	0.08644	0.69848	0.21508
426 A	0.11591	0.46640	0.41769
427 T	0.17349	0.31564	0.51087
428 A	0.19050	0.28808	0.52142
429 T	0.21224	0.22933	0.55843
430 T	0.21979	0.19930	0.58091
431 T	0.21737	0.20465	0.57797
432 T	0.20888	0.22977	0.56134
433 G	0.17292	0.32959	0.49749
434 A	0.15804	0.44330	0.39866
435 A	0.13134	0.66008	0.20858
436 A	0.08558	0.78698	0.12744
437 A	0.06863	0.80971	0.12166
438 G	0.05703	0.82488	0.11809
439 G	0.04853	0.83594	0.11553
440 A	0.04493	0.84438	0.11069
441 C	0.04282	0.84863	0.10856
442 A	0.04206	0.85871	0.09923
443 A	0.04254	0.87162	0.08584
444 A	0.04311	0.88405	0.07284
445 G	0.04347	0.89069	0.06584
446 A	0.04408	0.89743	0.0585
447 A	0.04559	0.89816	0.05625
448 A	0.04984	0.89291	0.05726
449 G	0.05931	0.88151	0.05918
450 G	0.08488	0.85259	0.06253
451 T	0.14163	0.78691	0.07146
452 T	0.17421	0.74769	0.0781
453 C	0.19551	0.71643	0.08807
454 A	0.21056	0.71209	0.07735
455 A	0.23050	0.70040	0.0691
456 A	0.28097	0.64179	0.07724
457 A	0.36892	0.54812	0.08296
458 T	0.55442	0.33901	0.10656
459 T	0.62276	0.22127	0.15597
460 T	0.62498	0.21654	0.15849
461 T	0.60914	0.24518	0.14567
462 A	0.52708	0.37685	0.09608
463 G	0.45751	0.45567	0.08682
464 A	0.37377	0.54102	0.0852
465 A	0.35201	0.56332	0.08467
466 A	0.35671	0.55852	0.08476
467 C	0.36484	0.54917	0.08599
468 C	0.35840	0.55589	0.08571
469 A	0.33754	0.57792	0.08454
470 A	0.31067	0.60676	0.08258
471 C	0.26993	0.64944	0.08063
472 G	0.23656	0.69188	0.07155
473 A	0.20189	0.75452	0.04359
474 A	0.17434	0.79306	0.03259
475 A	0.15740	0.81471	0.02789
476 A	0.14870	0.82556	0.02573
477 A	0.14496	0.82533	0.02971
478 A	0.14051	0.82141	0.03808
479 A	0.13904	0.81263	0.04833
480 T	0.14547	0.79137	0.06316
481 G	0.13658	0.79905	0.06437
482 G	0.12936	0.81496	0.05568
483 A	0.12839	0.83024	0.04138
484 A	0.13455	0.81413	0.05132
485 A	0.16687	0.73102	0.10212
486 A	0.17372	0.66911	0.15717
487 T	0.17795	0.59390	0.22815
488 C	0.17492	0.57227	0.25281
489 A	0.16856	0.57971	0.25172
490 A	0.16513	0.58054	0.25433
491 T	0.16258	0.57311	0.2643
492 A	0.16158	0.56067	0.27775
493 A	0.16349	0.54305	0.29346
494 A	0.16715	0.48777	0.34508
495 A	0.17782	0.42629	0.39589
496 T	0.20572	0.34496	0.44932
497 T	0.21642	0.29393	0.48965
498 G	0.22003	0.26806	0.51191
499 G	0.22288	0.25812	0.519
500 A	0.22558	0.25646	0.51796
501 A	0.23007	0.24916	0.52077
502 T	0.24035	0.22903	0.53061
503 T	0.24962	0.21625	0.53413
504 A	0.25521	0.21026	0.53453
505 T	0.27092	0.18438	0.5447
506 A	0.28323	0.16558	0.55119
507 T	0.28958	0.14950	0.56091
508 T	0.29328	0.14576	0.56096
509 T	0.29643	0.15004	0.55354
510 T	0.29737	0.15745	0.54518
511 T	0.29750	0.17307	0.52943
512 G	0.29711	0.18329	0.5196
513 T	0.29755	0.20724	0.49521
514 T	0.29037	0.25592	0.45372
515 G	0.27226	0.32318	0.40456
516 T	0.25745	0.40303	0.33952
517 G	0.23467	0.49007	0.27525
518 G	0.22347	0.55282	0.22372
519 A	0.21822	0.60222	0.17956
520 G	0.21726	0.64490	0.13784
521 A	0.21898	0.66956	0.11147
522 A	0.22721	0.67345	0.09935
523 A	0.24360	0.66389	0.09251
524 A	0.26046	0.65030	0.08924
525 T	0.27351	0.63858	0.0879
526 A	0.28026	0.63468	0.08505
527 T	0.29191	0.62441	0.08368
528 T	0.29718	0.62054	0.08227
529 A	0.29911	0.62170	0.0792
530 A	0.30210	0.62183	0.07607
531 A	0.31242	0.61359	0.07399
532 T	0.33069	0.59567	0.07364
533 A	0.34211	0.58439	0.0735
534 T	0.36794	0.55776	0.0743
535 A	0.38252	0.54382	0.07366
536 A	0.41444	0.50900	0.07657
537 T	0.47062	0.44191	0.08747
538 A	0.52668	0.36880	0.10452
539 T	0.60564	0.27470	0.11966
540 T	0.67205	0.18987	0.13808
541 T	0.71496	0.13809	0.14695
542 G	0.73860	0.11006	0.15134
543 T	0.77523	0.07243	0.15233
544 T	0.79091	0.05822	0.15088
545 T	0.79883	0.05242	0.14874
546 T	0.80295	0.05157	0.14549
547 T	0.80504	0.05860	0.13637
548 A	0.80504	0.06065	0.13432
549 T	0.80783	0.05886	0.13332
550 T	0.80807	0.05972	0.13221
551 A	0.80608	0.06333	0.13059
552 C	0.80721	0.06265	0.13014
553 G	0.80982	0.06209	0.12808
554 T	0.81137	0.06356	0.12507
555 T	0.80935	0.06802	0.12264
556 A	0.80460	0.07621	0.1192
557 A	0.80476	0.07809	0.11714
558 T	0.80833	0.07534	0.11633
559 T	0.80695	0.07996	0.11309
560 T	0.80362	0.08773	0.10865
561 T	0.80027	0.09644	0.10329
562 T	0.78930	0.11494	0.09576
563 A	0.76263	0.14491	0.09246
564 T	0.74904	0.16072	0.09024
565 G	0.72375	0.19043	0.08583
566 G	0.70173	0.21616	0.08211
567 C	0.65203	0.26698	0.08099
568 A	0.60799	0.31360	0.07841
569 A	0.52244	0.40080	0.07676
570 A	0.44733	0.47730	0.07537
571 C	0.40073	0.52490	0.07437
572 A	0.34385	0.58906	0.06709
573 A	0.29437	0.64458	0.06106
574 A	0.26451	0.68014	0.05535
575 T	0.26068	0.68279	0.05653
576 G	0.24037	0.70351	0.05612
577 A	0.22443	0.72040	0.05517
578 A	0.21543	0.72886	0.0557
579 C	0.21366	0.72492	0.06142
580 G	0.20863	0.72919	0.06219
581 A	0.20533	0.73273	0.06194
582 A	0.20626	0.72899	0.06476
583 C	0.20988	0.71949	0.07064
584 C	0.21417	0.71330	0.07253
585 A	0.21976	0.70191	0.07833
586 C	0.22331	0.68350	0.09319
587 A	0.22612	0.67919	0.09469
588 T	0.23153	0.66970	0.09877
589 A	0.23428	0.65855	0.10717
590 T	0.23586	0.60519	0.15895
591 A	0.23621	0.57129	0.19249
592 A	0.23697	0.48699	0.27603
593 A	0.23831	0.41043	0.35126
594 A	0.23993	0.36094	0.39912
595 A	0.24584	0.32407	0.43009
596 A	0.25268	0.32412	0.4232
597 T	0.26086	0.35494	0.3842
598 A	0.26067	0.42544	0.31388
599 A	0.25708	0.53994	0.20298
600 A	0.25657	0.66410	0.07933
601 G	0.25808	0.66772	0.07419
602 A	0.25821	0.67637	0.06542
603 A	0.25944	0.68093	0.05963
604 T	0.26132	0.67412	0.06456
605 C	0.26169	0.67132	0.06699
606 T	0.26211	0.67260	0.06528
607 T	0.26234	0.67237	0.06529
608 C	0.26238	0.67213	0.06548
609 T	0.26256	0.67280	0.06464
610 G	0.26283	0.67386	0.0633
611 C	0.26441	0.67363	0.06196
612 T	0.26730	0.67186	0.06085
613 G	0.26728	0.67658	0.05614
614 A	0.27190	0.67740	0.05071
615 A	0.28345	0.67019	0.04636
616 C	0.29849	0.65736	0.04416
617 A	0.31478	0.64853	0.0367
618 A	0.36014	0.60630	0.03356
619 A	0.45301	0.51427	0.03273
620 T	0.56005	0.40715	0.03281
621 A	0.62595	0.34067	0.03338
622 A	0.74024	0.22132	0.03844
623 T	0.86877	0.08889	0.04235
624 T	0.88115	0.07474	0.04411
625 G	0.88727	0.06769	0.04503
626 T	0.89696	0.05759	0.04545
627 T	0.89511	0.05940	0.0455
628 T	0.88825	0.06613	0.04563
629 C	0.86347	0.09095	0.04558
630 T	0.82318	0.13227	0.04455
631 A	0.69470	0.26502	0.04029
632 A	0.57643	0.38409	0.03949
633 A	0.46245	0.49873	0.03882
634 G	0.31817	0.64352	0.03831
635 A	0.21143	0.75025	0.03831
636 C	0.18675	0.77318	0.04007
637 G	0.15675	0.80505	0.0382
638 A	0.13927	0.82362	0.03711
639 A	0.12816	0.83563	0.0362
640 T	0.12896	0.83512	0.03591
641 T	0.12122	0.84321	0.03558
642 T	0.10774	0.85677	0.0355
643 A	0.09198	0.87266	0.03536
644 A	0.08040	0.88392	0.03568
645 A	0.07562	0.88831	0.03607
646 T	0.07339	0.88995	0.03666
647 T	0.06917	0.89368	0.03715
648 A	0.05829	0.90371	0.038
649 A	0.05161	0.90770	0.04069
650 T	0.04661	0.90613	0.04726
651 A	0.04014	0.90383	0.05602
652 A	0.03743	0.88384	0.07873
653 A	0.03741	0.84612	0.11647
654 A	0.04067	0.73482	0.2245
655 A	0.04144	0.61975	0.33881
656 A	0.04270	0.50435	0.45295
657 A	0.04417	0.36077	0.59506
658 T	0.04602	0.25498	0.69899
659 A	0.04665	0.22736	0.72599
660 T	0.04870	0.18556	0.76575
661 G	0.04959	0.15983	0.79058
662 T	0.05080	0.13950	0.80969
663 T	0.05127	0.13984	0.80889
664 T	0.05132	0.14739	0.8013
665 T	0.05095	0.15595	0.7931
666 A	0.04924	0.17856	0.77221
667 G	0.04863	0.21138	0.74
668 G	0.04766	0.27968	0.67266
669 A	0.04667	0.37777	0.57556
670 T	0.04711	0.45559	0.49731
671 T	0.04732	0.52269	0.42998
672 A	0.04694	0.58904	0.36402
673 T	0.04718	0.62191	0.33092
674 T	0.04690	0.67513	0.27797
675 A	0.04643	0.75721	0.19636
676 A	0.04638	0.86391	0.08971
677 A	0.04665	0.90498	0.04836
678 A	0.04604	0.92992	0.02404
679 A	0.04690	0.93110	0.022
680 A	0.05105	0.92813	0.02082
681 T	0.05744	0.92259	0.01996
682 A	0.06351	0.91714	0.01934
683 C	0.07114	0.90958	0.01928
684 T	0.08076	0.90121	0.01804
685 A	0.08471	0.89891	0.01637
686 A	0.09702	0.88716	0.01582
687 T	0.11764	0.86678	0.01558
688 A	0.13441	0.85072	0.01487
689 A	0.16185	0.82260	0.01555
690 A	0.21402	0.76978	0.0162
691 A	0.29032	0.69205	0.01763
692 G	0.38950	0.59059	0.01991
693 T	0.47413	0.50465	0.02122
694 C	0.50787	0.47044	0.02169
695 C	0.53403	0.44519	0.02078
696 A	0.51976	0.46399	0.01624
697 A	0.52561	0.46141	0.01299
698 A	0.53160	0.45600	0.01239
699 T	0.59279	0.39489	0.01232
700 A	0.58278	0.40514	0.01208
701 T	0.57980	0.40671	0.01349
702 C	0.53675	0.44907	0.01418
703 A	0.48464	0.50118	0.01418
704 T	0.46130	0.52448	0.01422
705 T	0.41687	0.56876	0.01437
706 A	0.36941	0.61616	0.01443
707 C	0.34677	0.63865	0.01457
708 T	0.33045	0.65459	0.01495
709 C	0.28340	0.70148	0.01512
710 A	0.21355	0.77218	0.01427
711 A	0.13952	0.84657	0.01391
712 A	0.10615	0.87988	0.01396
713 A	0.08440	0.90037	0.01523
714 A	0.07760	0.90530	0.0171
715 G	0.07322	0.89481	0.03197
716 A	0.07130	0.87481	0.05389
717 T	0.07044	0.83042	0.09914
718 A	0.06558	0.81017	0.12425
719 A	0.06685	0.76752	0.16563
720 A	0.06850	0.72322	0.20827
721 T	0.06843	0.64002	0.29155
722 A	0.06753	0.58589	0.34658
723 T	0.06760	0.53397	0.39843
724 T	0.06697	0.50907	0.42396
725 T	0.06588	0.47642	0.4577
726 G	0.06305	0.44650	0.49045
727 A	0.06061	0.45048	0.48891
728 A	0.05536	0.45663	0.48801
729 T	0.04988	0.48473	0.46539
730 A	0.03671	0.60756	0.35574
731 A	0.02471	0.73380	0.24148
732 A	0.02115	0.76800	0.21085
733 A	0.02086	0.75769	0.22145
734 T	0.02110	0.71357	0.26533
735 A	0.02082	0.70931	0.26988
736 T	0.02087	0.70446	0.27467
737 A	0.02061	0.72786	0.25153
738 T	0.02029	0.74517	0.23454
739 A	0.01856	0.77709	0.20434
740 A	0.01766	0.80671	0.17563
741 A	0.01741	0.80610	0.17648
742 A	0.01751	0.80928	0.17321
743 A	0.01802	0.80969	0.17228
744 T	0.01979	0.80649	0.17372
745 C	0.02135	0.80537	0.17328
746 A	0.02383	0.82552	0.15065
747 A	0.03074	0.85403	0.11522
748 A	0.03935	0.88870	0.07196
749 A	0.05284	0.89549	0.05167
750 A	0.08021	0.88646	0.03332
751 A	0.12767	0.83597	0.03636
752 A	0.20317	0.75640	0.04043
753 A	0.34820	0.60109	0.05071
754 T	0.50219	0.43761	0.0602
755 C	0.56373	0.37537	0.0609
756 T	0.60526	0.34586	0.04889
757 T	0.59479	0.36915	0.03605
758 T	0.54421	0.42845	0.02734
759 A	0.46625	0.51192	0.02183
760 A	0.44109	0.54169	0.01721
761 A	0.44253	0.54153	0.01593
762 A	0.45744	0.52711	0.01545
763 T	0.47907	0.50489	0.01604
764 A	0.46115	0.52271	0.01615
765 T	0.41479	0.56875	0.01645
766 A	0.35067	0.63287	0.01646
767 C	0.32424	0.65918	0.01658
768 A	0.30541	0.67830	0.01629
769 G	0.30918	0.67430	0.01652
770 A	0.33352	0.64971	0.01678
771 A	0.36767	0.61528	0.01705
772 A	0.38754	0.59511	0.01735
773 G	0.40699	0.57380	0.01921
774 C	0.41223	0.56682	0.02095
775 A	0.41663	0.56145	0.02192
776 T	0.42799	0.54784	0.02417
777 T	0.43629	0.53701	0.0267
778 A	0.44274	0.52727	0.03
779 T	0.45555	0.50729	0.03715
780 T	0.46271	0.44772	0.08957
781 T	0.45685	0.38363	0.15952
782 C	0.42759	0.34001	0.2324
783 T	0.41014	0.34505	0.24481
784 A	0.37073	0.39218	0.23709
785 A	0.34735	0.41506	0.23759
786 A	0.32305	0.43493	0.24202
787 T	0.30674	0.43086	0.2624
788 T	0.26873	0.41056	0.32072
789 A	0.19116	0.46351	0.34533
790 G	0.11486	0.58037	0.30477
791 A	0.06619	0.68963	0.24417
792 A	0.03984	0.75927	0.20089
793 A	0.03096	0.78342	0.18561
794 A	0.02606	0.80486	0.16909
795 A	0.02273	0.82320	0.15407
796 A	0.01955	0.86233	0.11812
797 T	0.01691	0.90262	0.08046
798 A	0.01404	0.94102	0.04494
799 A	0.01257	0.95595	0.03148
800 A	0.01176	0.96196	0.02627
801 A	0.01117	0.96386	0.02497
802 G	0.01093	0.96178	0.0273
803 A	0.01136	0.95998	0.02866
804 A	0.01264	0.94896	0.0384
805 A	0.01492	0.91902	0.06605
806 A	0.02129	0.89430	0.08441
807 T	0.03356	0.84327	0.12316
808 A	0.03733	0.82046	0.14221
809 A	0.04242	0.78615	0.17142
810 A	0.04791	0.75922	0.19287
811 G	0.06447	0.70359	0.23194
812 A	0.10651	0.60492	0.28857
813 T	0.19038	0.45729	0.35233
814 A	0.25218	0.37609	0.37173
815 T	0.29755	0.33165	0.37079
816 A	0.30747	0.36719	0.32533
817 G	0.32412	0.37536	0.30052
818 A	0.33788	0.40041	0.26171
819 A	0.38171	0.39406	0.22424
820 T	0.42959	0.35990	0.21051
821 T	0.46228	0.36184	0.17588
822 T	0.46433	0.40225	0.13342
823 T	0.43067	0.48320	0.08614
824 T	0.39964	0.52386	0.0765
825 A	0.32138	0.61769	0.06093
826 A	0.28057	0.66851	0.05091
827 A	0.26189	0.69452	0.04358
828 C	0.25725	0.69982	0.04293
829 A	0.24546	0.71540	0.03914
830 A	0.23253	0.73059	0.03688
831 A	0.19723	0.76830	0.03446
832 C	0.14723	0.82192	0.03085
833 A	0.11127	0.86360	0.02513
834 A	0.08890	0.89079	0.02031
835 A	0.08180	0.89930	0.01889
836 A	0.08417	0.89681	0.01902
837 A	0.09974	0.88046	0.0198
838 G	0.11911	0.85687	0.02402
839 A	0.15928	0.81678	0.02394
840 A	0.17605	0.79988	0.02407
841 A	0.21393	0.76173	0.02433
842 T	0.25742	0.71671	0.02587
843 A	0.24657	0.72706	0.02637
844 A	0.26303	0.70147	0.03551
845 A	0.27311	0.65767	0.06923
846 C	0.28966	0.56914	0.1412
847 A	0.26160	0.57415	0.16425
848 C	0.22125	0.58349	0.19526
849 A	0.18777	0.66658	0.14564
850 A	0.13416	0.77038	0.09547
851 A	0.10095	0.82768	0.07137
852 A	0.07909	0.85057	0.07034
853 G	0.07274	0.84799	0.07926
854 A	0.07301	0.80801	0.11898
855 T	0.07898	0.74403	0.17698
856 A	0.07922	0.71056	0.21023
857 T	0.07932	0.69020	0.23047
858 A	0.06901	0.71169	0.2193
859 A	0.06550	0.73585	0.19866
860 A	0.06496	0.74200	0.19304
861 A	0.06674	0.73756	0.19571
862 A	0.07021	0.72595	0.20384
863 T	0.07682	0.70403	0.21914
864 A	0.08124	0.70536	0.2134
865 T	0.08390	0.69550	0.2206
866 T	0.08485	0.68378	0.23138
867 A	0.07370	0.70542	0.22089
868 A	0.07092	0.71111	0.21797
869 A	0.07105	0.71193	0.21702
870 A	0.07563	0.69252	0.23185
871 A	0.08875	0.64454	0.2667
872 A	0.14918	0.56641	0.28441
873 T	0.20870	0.46191	0.32938
874 T	0.22773	0.43409	0.33818
875 T	0.23052	0.45374	0.31575
876 T	0.21948	0.50031	0.28021
877 G	0.19519	0.56443	0.24039
878 A	0.16394	0.60321	0.23284
879 A	0.14641	0.62287	0.23073
880 G	0.14577	0.61782	0.2364
881 A	0.15759	0.59851	0.2439
882 C	0.17487	0.58233	0.2428
883 A	0.17507	0.62762	0.19732
884 C	0.15631	0.70951	0.13418
885 A	0.13930	0.80399	0.05671
886 A	0.13401	0.81478	0.0512
887 T	0.13496	0.81984	0.0452
888 A	0.12018	0.83677	0.04306
889 A	0.11819	0.84014	0.04166
890 C	0.12833	0.81889	0.05278
891 A	0.13695	0.81050	0.05255
892 G	0.14898	0.79784	0.05318
893 A	0.16898	0.78018	0.05084
894 A	0.19728	0.75382	0.0489
895 T	0.23115	0.71993	0.04892
896 A	0.24420	0.70357	0.05223
897 T	0.27067	0.66766	0.06167
898 T	0.30434	0.62415	0.07151
899 T	0.31968	0.59690	0.08341
900 A	0.30862	0.59308	0.09829
901 G	0.28479	0.59586	0.11934
902 A	0.28047	0.59019	0.12934
903 A	0.27977	0.58411	0.13612
904 A	0.28288	0.57112	0.146
905 A	0.29218	0.54507	0.16275
906 A	0.34901	0.47082	0.18017
907 T	0.43610	0.35095	0.21296
908 T	0.49902	0.26502	0.23595
909 A	0.49526	0.25697	0.24777
910 T	0.49445	0.24630	0.25925
911 A	0.47774	0.26007	0.26219
912 T	0.46112	0.27015	0.26873
913 G	0.44919	0.28796	0.26285
914 T	0.44349	0.29926	0.25725
915 A	0.42913	0.34145	0.22941
916 A	0.41603	0.38602	0.19795
917 T	0.40139	0.43109	0.16752
918 A	0.24428	0.63071	0.12502
919 A	0.11726	0.80677	0.07596
920 A	0.06928	0.86134	0.06938
921 A	0.05903	0.87105	0.06992
922 G	0.05107	0.86555	0.08338
923 A	0.04806	0.85557	0.09637
924 C	0.04935	0.83545	0.1152
925 G	0.05058	0.84666	0.10276
926 A	0.04773	0.87907	0.0732
927 T	0.04832	0.89860	0.05308
928 A	0.03802	0.92182	0.04016
929 A	0.03375	0.92942	0.03683
930 A	0.03020	0.93519	0.0346
931 A	0.02927	0.93437	0.03637
932 A	0.03290	0.92398	0.04312
933 A	0.04044	0.91033	0.04922
934 A	0.05310	0.87653	0.07037
935 C	0.06429	0.83943	0.09628
936 T	0.08273	0.81493	0.10233
937 A	0.09218	0.80743	0.1004
938 A	0.11507	0.78709	0.09784
939 A	0.14222	0.74908	0.1087
940 A	0.17085	0.70750	0.12165
941 A	0.21089	0.50809	0.28102
942 A	0.25324	0.33866	0.40809
943 C	0.26577	0.27825	0.45599
944 A	0.27196	0.27847	0.44957
945 A	0.28462	0.27674	0.43864
946 T	0.31465	0.25722	0.42813
947 T	0.31981	0.27283	0.40737
948 A	0.30696	0.32771	0.36532
949 A	0.30686	0.36479	0.32834
950 T	0.29770	0.50369	0.19862
951 T	0.26220	0.64256	0.09524
952 A	0.19880	0.72090	0.08029
953 G	0.15777	0.76438	0.07785
954 A	0.13965	0.78808	0.07227
955 A	0.13112	0.79705	0.07184
956 C	0.12507	0.80168	0.07325
957 G	0.11880	0.81618	0.06502
958 A	0.11594	0.82340	0.06066
959 C	0.11201	0.82940	0.05858
960 A	0.10503	0.85088	0.04409
961 A	0.10533	0.85477	0.0399
962 A	0.10345	0.85631	0.04024
963 A	0.10439	0.85469	0.04093
964 A	0.10732	0.85135	0.04133
965 T	0.11311	0.83747	0.04942
966 A	0.11567	0.83312	0.05121
967 A	0.12943	0.81454	0.05603
968 A	0.14950	0.79051	0.05998
969 A	0.16996	0.76853	0.06151
970 A	0.19830	0.73402	0.06768
971 A	0.25460	0.65777	0.08763
972 A	0.31392	0.57079	0.11528
973 T	0.45450	0.39091	0.1546
974 T	0.54774	0.25049	0.20177
975 T	0.56168	0.18676	0.25156
976 C	0.56291	0.16026	0.27682
977 A	0.56535	0.15907	0.27558
978 A	0.56697	0.15923	0.2738
979 A	0.56995	0.15763	0.27241
980 T	0.58469	0.14014	0.27517
981 T	0.59069	0.13199	0.27733
982 A	0.59222	0.12610	0.28168
983 T	0.59928	0.10734	0.29338
984 T	0.59416	0.10852	0.29731
985 C	0.58383	0.11860	0.29757
986 A	0.57545	0.13421	0.29035
987 G	0.57256	0.14437	0.28307
988 T	0.57195	0.16185	0.26621
989 T	0.56616	0.17111	0.26273
990 G	0.55775	0.18240	0.25984
991 A	0.55526	0.18611	0.25863
992 A	0.55171	0.19107	0.25723
993 C	0.55184	0.19175	0.25642
994 T	0.55673	0.19018	0.2531
995 T	0.55818	0.19067	0.25115
996 A	0.55889	0.19057	0.25054
997 T	0.56355	0.18598	0.25048
998 T	0.56620	0.18309	0.25071
999 T	0.56687	0.18000	0.25313
1000 C	0.56754	0.17742	0.25504
1001 A	0.57052	0.17430	0.25518
1002 T	0.57588	0.16855	0.25556
1003 A	0.57683	0.16787	0.2553
1004 A	0.57870	0.16565	0.25565
1005 T	0.58625	0.15668	0.25707
1006 T	0.58958	0.14814	0.26229
1007 T	0.59098	0.13935	0.26966
1008 A	0.59125	0.13243	0.27633
1009 A	0.59568	0.12084	0.28348
1010 A	0.60190	0.10933	0.28877
1011 T	0.61828	0.08888	0.29284
1012 T	0.62214	0.08010	0.29776
1013 T	0.62448	0.07305	0.30247
1014 A	0.62406	0.07237	0.30357
1015 A	0.62482	0.06870	0.30648
1016 T	0.62632	0.06534	0.30835
1017 T	0.62862	0.06493	0.30645
1018 G	0.62946	0.06658	0.30396
1019 T	0.63003	0.06876	0.30121
1020 T	0.62963	0.07666	0.29371
1021 A	0.62108	0.10098	0.27794
1022 T	0.61823	0.10971	0.27205
1023 T	0.61418	0.11784	0.26797
1024 A	0.60536	0.13686	0.25778
1025 A	0.60008	0.14525	0.25467
1026 T	0.59638	0.14986	0.25377
1027 G	0.58953	0.16339	0.24708
1028 G	0.58597	0.17207	0.24196
1029 A	0.58322	0.17850	0.23827
1030 A	0.58245	0.18068	0.23687
1031 T	0.58406	0.17907	0.23687
1032 G	0.58457	0.17933	0.23609
1033 G	0.58598	0.17873	0.23529
1034 A	0.58845	0.17597	0.23558
1035 T	0.59340	0.17082	0.23578
1036 T	0.59625	0.16856	0.23519
1037 A	0.59806	0.16668	0.23525
1038 C	0.60073	0.16325	0.23603
1039 A	0.60279	0.16210	0.23511
1040 T	0.60742	0.15763	0.23495
1041 T	0.61183	0.15336	0.2348
1042 A	0.61541	0.14998	0.23461
1043 A	0.62342	0.14156	0.23502
1044 T	0.63978	0.11458	0.24564
1045 T	0.64460	0.10628	0.24912
1046 A	0.64465	0.10467	0.25068
1047 T	0.65245	0.09411	0.25345
1048 A	0.65086	0.10093	0.24821
1049 A	0.65083	0.10190	0.24727
1050 T	0.65768	0.09089	0.25143
1051 T	0.66193	0.08556	0.25251
1052 T	0.66263	0.08402	0.25335
1053 A	0.65887	0.08872	0.25242
1054 T	0.65573	0.09194	0.25233
1055 T	0.65552	0.09147	0.25301
1056 A	0.65476	0.09202	0.25322
1057 G	0.65478	0.09161	0.25361
1058 A	0.65599	0.09014	0.25387
1059 T	0.65832	0.08712	0.25455
1060 T	0.66009	0.08466	0.25524
1061 T	0.66085	0.08338	0.25578
1062 T	0.66163	0.08207	0.2563
1063 T	0.66199	0.08141	0.2566
1064 T	0.66219	0.08074	0.25708
1065 A	0.66236	0.07997	0.25767
1066 A	0.66268	0.07892	0.2584
1067 A	0.66325	0.07740	0.25935
1068 A	0.66479	0.07346	0.26175
1069 A	0.66802	0.06470	0.26727
1070 G	0.67428	0.05390	0.27182
1071 T	0.68640	0.03649	0.2771
1072 T	0.69240	0.02677	0.28083
1073 T	0.69528	0.02116	0.28356
1074 T	0.69694	0.01681	0.28625
1075 T	0.69789	0.01258	0.28954
1076 A	0.69862	0.00671	0.29467
1077 A	0.69963	0.00000	0.30037
