# lcl|CP097583.1_cds_USQ93527.1_1
# AA	inside	membr	outside
1 A	0.65447	0.00000	0.34553
2 T	0.64621	0.00826	0.34553
3 G	0.63981	0.01466	0.34553
4 A	0.63981	0.03163	0.32856
5 A	0.61777	0.06380	0.31843
6 T	0.61777	0.06542	0.3168
7 T	0.53458	0.14975	0.31568
8 T	0.53457	0.14977	0.31566
9 T	0.49839	0.18628	0.31532
10 A	0.49830	0.21759	0.28412
11 A	0.48476	0.23298	0.28226
12 A	0.37399	0.34389	0.28212
13 G	0.28260	0.43565	0.28175
14 G	0.28259	0.43566	0.28175
15 T	0.28259	0.43681	0.2806
16 C	0.26862	0.45078	0.2806
17 A	0.25546	0.46399	0.28055
18 A	0.25527	0.46431	0.28042
19 C	0.25272	0.46695	0.28032
20 A	0.24205	0.48417	0.27378
21 A	0.23223	0.49400	0.27376
22 T	0.23381	0.49310	0.27309
23 T	0.23418	0.49421	0.27161
24 A	0.23284	0.49591	0.27124
25 A	0.23204	0.48140	0.28656
26 T	0.23349	0.46625	0.30026
27 T	0.24382	0.42808	0.3281
28 C	0.24897	0.40031	0.35072
29 A	0.24973	0.39448	0.3558
30 T	0.25684	0.33936	0.4038
31 T	0.25531	0.33197	0.41272
32 C	0.25233	0.30597	0.4417
33 A	0.26444	0.30813	0.42743
34 A	0.26212	0.32305	0.41483
35 T	0.26186	0.26228	0.47586
36 T	0.25796	0.24955	0.4925
37 A	0.25257	0.28484	0.46259
38 A	0.25170	0.31835	0.42995
39 T	0.24999	0.37179	0.37822
40 G	0.24843	0.41790	0.33366
41 A	0.24771	0.45637	0.29592
42 A	0.24800	0.48530	0.2667
43 A	0.25303	0.51010	0.23687
44 A	0.25250	0.53905	0.20845
45 A	0.25187	0.54891	0.19922
46 A	0.25300	0.54967	0.19733
47 A	0.25335	0.54774	0.19891
48 T	0.25412	0.54400	0.20188
49 T	0.25349	0.54488	0.20163
50 T	0.25155	0.54844	0.2
51 A	0.24921	0.55263	0.19816
52 A	0.24808	0.55766	0.19425
53 G	0.24736	0.55792	0.19472
54 A	0.24797	0.55618	0.19585
55 A	0.25003	0.55159	0.19838
56 A	0.26965	0.52693	0.20342
57 C	0.31173	0.47957	0.2087
58 A	0.35840	0.43149	0.2101
59 T	0.43280	0.35168	0.21553
60 C	0.46274	0.31736	0.2199
61 C	0.49505	0.28436	0.2206
62 C	0.54891	0.23039	0.2207
63 T	0.60157	0.17814	0.22029
64 G	0.63278	0.14756	0.21966
65 A	0.66299	0.11886	0.21815
66 T	0.69775	0.08565	0.2166
67 T	0.71132	0.07398	0.2147
68 T	0.64691	0.14322	0.20986
69 T	0.54721	0.24605	0.20674
70 A	0.41297	0.38031	0.20672
71 A	0.32369	0.46914	0.20717
72 A	0.27424	0.51664	0.20912
73 C	0.23626	0.55111	0.21264
74 C	0.21981	0.56607	0.21413
75 A	0.21035	0.57526	0.21439
76 G	0.20204	0.58338	0.21458
77 G	0.19946	0.58613	0.2144
78 T	0.19621	0.58977	0.21403
79 G	0.18668	0.59923	0.21409
80 A	0.18292	0.60246	0.21462
81 T	0.17936	0.60529	0.21536
82 A	0.17568	0.60872	0.21559
83 C	0.17384	0.60930	0.21686
84 T	0.17252	0.61042	0.21706
85 A	0.16910	0.61388	0.21702
86 T	0.16729	0.61514	0.21757
87 A	0.16304	0.61925	0.21771
88 A	0.16185	0.61932	0.21882
89 A	0.16219	0.60587	0.23194
90 A	0.16466	0.57314	0.2622
91 G	0.17129	0.45785	0.37086
92 T	0.17535	0.34321	0.48144
93 T	0.17595	0.22269	0.60136
94 T	0.17537	0.16393	0.6607
95 T	0.17416	0.13492	0.69092
96 T	0.17085	0.11715	0.712
97 G	0.16354	0.12073	0.71573
98 A	0.15897	0.12895	0.71208
99 T	0.15591	0.13629	0.7078
100 A	0.14974	0.17766	0.67259
101 A	0.14512	0.20970	0.64519
102 A	0.13758	0.24163	0.62078
103 A	0.13238	0.27326	0.59437
104 T	0.12925	0.30413	0.56662
105 T	0.12187	0.39196	0.48617
106 G	0.10888	0.47647	0.41465
107 A	0.10465	0.55698	0.33837
108 A	0.10161	0.59476	0.30364
109 G	0.09943	0.61480	0.28576
110 A	0.09795	0.63969	0.26236
111 A	0.09699	0.66335	0.23966
112 G	0.09523	0.67667	0.2281
113 G	0.09073	0.69077	0.2185
114 A	0.08943	0.70043	0.21013
115 A	0.09027	0.70251	0.20721
116 A	0.09225	0.70104	0.20671
117 T	0.09825	0.69353	0.20823
118 A	0.09895	0.69263	0.20842
119 A	0.10259	0.68779	0.20962
120 A	0.10968	0.67778	0.21254
121 A	0.11941	0.66895	0.21164
122 A	0.12982	0.65761	0.21258
123 A	0.16245	0.62182	0.21573
124 A	0.18975	0.59117	0.21908
125 G	0.22312	0.54987	0.22701
126 A	0.26094	0.50596	0.2331
127 A	0.31038	0.45203	0.2376
128 T	0.41283	0.34054	0.24663
129 C	0.47927	0.26188	0.25885
130 C	0.53809	0.19989	0.26202
131 A	0.56627	0.17018	0.26355
132 A	0.58777	0.14767	0.26456
133 G	0.61371	0.12044	0.26585
134 T	0.64176	0.09161	0.26664
135 T	0.65517	0.07581	0.26903
136 T	0.66271	0.06114	0.27615
137 T	0.66688	0.05428	0.27884
138 T	0.66753	0.05245	0.28001
139 G	0.66602	0.05389	0.28008
140 A	0.66415	0.05642	0.27943
141 A	0.66473	0.05455	0.28072
142 G	0.66557	0.05345	0.28098
143 G	0.66811	0.05541	0.27648
144 T	0.67328	0.05487	0.27185
145 A	0.67331	0.06477	0.26192
146 T	0.67480	0.06343	0.26177
147 A	0.67522	0.06662	0.25816
148 G	0.67512	0.06942	0.25546
149 T	0.67519	0.07074	0.25407
150 T	0.67498	0.07478	0.25024
151 A	0.67462	0.07830	0.24707
152 T	0.67414	0.07869	0.24717
153 T	0.67293	0.07934	0.24773
154 A	0.67158	0.08032	0.2481
155 G	0.67103	0.08004	0.24892
156 T	0.67079	0.07953	0.24968
157 C	0.67023	0.07921	0.25055
158 G	0.66937	0.08030	0.25032
159 C	0.66587	0.08447	0.24967
160 A	0.66472	0.09070	0.24458
161 A	0.66429	0.09295	0.24276
162 G	0.66463	0.09258	0.24279
163 G	0.66589	0.08974	0.24437
164 G	0.66776	0.08753	0.24471
165 A	0.67119	0.08223	0.24658
166 A	0.67830	0.07352	0.24818
167 G	0.68580	0.06446	0.24974
168 T	0.69837	0.04972	0.2519
169 C	0.70147	0.04576	0.25277
170 A	0.70562	0.04132	0.25307
171 T	0.70964	0.03712	0.25324
172 A	0.71155	0.03509	0.25335
173 T	0.71501	0.03128	0.25372
174 T	0.71746	0.02848	0.25407
175 T	0.71730	0.02775	0.25495
176 C	0.71344	0.03047	0.25608
177 T	0.71059	0.03405	0.25537
178 G	0.70319	0.04124	0.25558
179 A	0.69993	0.04444	0.25564
180 A	0.69881	0.04519	0.25601
181 A	0.69884	0.04435	0.2568
182 C	0.70045	0.03851	0.26103
183 T	0.70607	0.03161	0.26232
184 T	0.70788	0.02902	0.2631
185 T	0.70815	0.02833	0.26352
186 T	0.70807	0.02822	0.26371
187 A	0.70743	0.02893	0.26364
188 C	0.70700	0.02906	0.26394
189 T	0.70488	0.03151	0.26361
190 G	0.70114	0.03557	0.26329
191 T	0.69796	0.03967	0.26237
192 T	0.69200	0.04637	0.26163
193 A	0.68205	0.05758	0.26037
194 G	0.67361	0.06712	0.25927
195 A	0.66941	0.07370	0.25689
196 A	0.66815	0.07675	0.2551
197 A	0.66761	0.07775	0.25464
198 A	0.66762	0.07664	0.25573
199 G	0.66788	0.07300	0.25913
200 T	0.66919	0.06901	0.26179
201 T	0.66917	0.06407	0.26675
202 T	0.66899	0.06215	0.26886
203 A	0.66859	0.06171	0.2697
204 C	0.66831	0.06135	0.27034
205 G	0.66798	0.06204	0.26997
206 C	0.66750	0.06268	0.26982
207 A	0.66707	0.06374	0.26918
208 G	0.66692	0.06422	0.26886
209 G	0.66697	0.06450	0.26853
210 A	0.66716	0.06429	0.26855
211 G	0.66737	0.06367	0.26895
212 T	0.66800	0.05931	0.27269
213 A	0.66836	0.05610	0.27555
214 G	0.66913	0.05125	0.27962
215 G	0.66972	0.04884	0.28144
216 A	0.67080	0.04503	0.28417
217 G	0.67194	0.04172	0.28635
218 T	0.67457	0.04046	0.28497
219 A	0.67624	0.03881	0.28496
220 G	0.67733	0.03779	0.28488
221 A	0.67837	0.03690	0.28473
222 A	0.67963	0.03553	0.28484
223 C	0.68027	0.03463	0.2851
224 G	0.68143	0.03388	0.28469
225 T	0.68246	0.03328	0.28426
226 A	0.68289	0.03403	0.28308
227 T	0.68363	0.03312	0.28325
228 T	0.68403	0.03249	0.28348
229 T	0.68400	0.03197	0.28403
230 T	0.68364	0.03189	0.28446
231 C	0.68228	0.03305	0.28466
232 C	0.68103	0.03428	0.28469
233 C	0.67951	0.03588	0.28461
234 A	0.67763	0.03786	0.28452
235 G	0.67574	0.03988	0.28438
236 T	0.67687	0.03891	0.28423
237 A	0.67339	0.04264	0.28397
238 C	0.67536	0.04064	0.284
239 A	0.67775	0.03821	0.28404
240 T	0.68195	0.03389	0.28416
241 T	0.68405	0.03168	0.28427
242 C	0.68322	0.03238	0.2844
243 T	0.68191	0.03371	0.28438
244 C	0.67836	0.03720	0.28444
245 C	0.67658	0.03902	0.28439
246 T	0.67514	0.04069	0.28417
247 T	0.67296	0.04304	0.28401
248 G	0.66774	0.04850	0.28376
249 T	0.66669	0.05000	0.28331
250 T	0.66331	0.05427	0.28241
251 A	0.65702	0.06077	0.28222
252 T	0.65510	0.06253	0.28237
253 G	0.65179	0.06644	0.28177
254 A	0.64894	0.06921	0.28185
255 A	0.64617	0.07178	0.28206
256 A	0.64481	0.07332	0.28187
257 A	0.64210	0.07471	0.28319
258 A	0.63920	0.07550	0.2853
259 A	0.63669	0.07598	0.28733
260 T	0.63473	0.07346	0.29181
261 A	0.63157	0.07471	0.29371
262 G	0.63014	0.07455	0.2953
263 A	0.62926	0.07512	0.29562
264 G	0.62884	0.07403	0.29714
265 A	0.62869	0.07341	0.29789
266 T	0.62877	0.07040	0.30083
267 T	0.62859	0.06672	0.30469
268 G	0.62798	0.06500	0.30702
269 T	0.62676	0.06490	0.30834
270 A	0.62394	0.06502	0.31104
271 C	0.62364	0.05783	0.31853
272 G	0.62364	0.05588	0.32048
273 T	0.62421	0.05292	0.32287
274 C	0.62337	0.05099	0.32565
275 G	0.62173	0.05631	0.32196
276 T	0.61935	0.06194	0.31871
277 A	0.61568	0.06707	0.31725
278 G	0.61386	0.07005	0.31608
279 T	0.61366	0.07132	0.31502
280 A	0.61089	0.07532	0.31378
281 T	0.60954	0.07489	0.31557
282 A	0.60716	0.07471	0.31813
283 G	0.60405	0.07559	0.32036
284 T	0.60349	0.07376	0.32275
285 A	0.60009	0.07658	0.32334
286 C	0.59761	0.07815	0.32425
287 G	0.59602	0.08010	0.32388
288 T	0.59571	0.08147	0.32282
289 A	0.59282	0.08471	0.32247
290 G	0.59156	0.08619	0.32225
291 A	0.59040	0.08811	0.32148
292 T	0.59025	0.08809	0.32166
293 C	0.58657	0.09119	0.32223
294 T	0.58199	0.09912	0.31889
295 A	0.57878	0.10542	0.31579
296 A	0.57551	0.11150	0.313
297 A	0.57506	0.11209	0.31285
298 T	0.58004	0.10548	0.31448
299 T	0.58334	0.09857	0.31809
300 G	0.58536	0.09347	0.32117
301 T	0.58754	0.09054	0.32193
302 A	0.58654	0.09383	0.31963
303 T	0.58325	0.09570	0.32105
304 T	0.56499	0.11729	0.31772
305 A	0.54062	0.14704	0.31235
306 T	0.53306	0.15660	0.31034
307 A	0.52125	0.17694	0.30181
308 T	0.51467	0.18343	0.3019
309 T	0.50573	0.19491	0.29936
310 A	0.49551	0.20754	0.29695
311 G	0.49059	0.21283	0.29658
312 A	0.48513	0.21851	0.29636
313 A	0.48149	0.22323	0.29528
314 A	0.47982	0.22545	0.29473
315 A	0.48103	0.22470	0.29428
316 T	0.48418	0.21731	0.29851
317 T	0.48514	0.21106	0.30379
318 A	0.47891	0.21502	0.30608
319 T	0.47536	0.21541	0.30924
320 C	0.46501	0.22487	0.31012
321 A	0.45520	0.23880	0.306
322 A	0.44303	0.25620	0.30076
323 A	0.43072	0.27351	0.29577
324 T	0.41781	0.29004	0.29215
325 A	0.38140	0.32678	0.29181
326 A	0.34861	0.35198	0.29941
327 A	0.32158	0.35200	0.32643
328 G	0.30663	0.33393	0.35944
329 C	0.29380	0.34208	0.36412
330 T	0.29113	0.35819	0.35068
331 A	0.24799	0.45710	0.29492
332 T	0.24604	0.46898	0.28498
333 T	0.23541	0.48686	0.27772
334 A	0.21133	0.51830	0.27038
335 A	0.20845	0.51871	0.27284
336 A	0.20761	0.51727	0.27513
337 A	0.20931	0.51175	0.27895
338 T	0.21164	0.50616	0.2822
339 T	0.21200	0.50394	0.28406
340 A	0.21224	0.50173	0.28603
341 A	0.21264	0.49534	0.29202
342 A	0.21308	0.48899	0.29793
343 G	0.21403	0.47774	0.30822
344 A	0.21787	0.46592	0.31622
345 A	0.22386	0.44868	0.32746
346 A	0.22955	0.42823	0.34222
347 A	0.23458	0.40650	0.35892
348 A	0.23766	0.36605	0.39629
349 A	0.24196	0.32727	0.43077
350 A	0.24893	0.28580	0.46528
351 A	0.26216	0.24143	0.49641
352 T	0.28468	0.18376	0.53156
353 A	0.30873	0.13049	0.56078
354 A	0.36868	0.00000	0.63132
