# lcl|CP097583.1_cds_USQ93548.1_1
# AA	inside	membr	outside
1 A	0.33650	0.00000	0.6635
2 T	0.33339	0.00310	0.6635
3 G	0.33171	0.00479	0.6635
4 A	0.33171	0.16079	0.5075
5 A	0.31717	0.31011	0.37272
6 A	0.31717	0.32307	0.35976
7 T	0.30657	0.33590	0.35752
8 T	0.30657	0.33596	0.35746
9 A	0.29880	0.34538	0.35581
10 T	0.29879	0.38841	0.31279
11 T	0.29630	0.39682	0.30688
12 A	0.24233	0.45348	0.30419
13 A	0.21209	0.49236	0.29555
14 A	0.21208	0.49236	0.29555
15 T	0.21208	0.53028	0.25763
16 A	0.21158	0.53079	0.25763
17 A	0.21113	0.53148	0.25739
18 T	0.21108	0.53215	0.25676
19 A	0.20858	0.53512	0.25631
20 A	0.19673	0.55498	0.24829
21 A	0.18415	0.56754	0.24831
22 A	0.18543	0.56676	0.24781
23 A	0.18898	0.56346	0.24757
24 A	0.20469	0.54770	0.24761
25 A	0.22922	0.51888	0.2519
26 T	0.25200	0.49402	0.25397
27 A	0.37674	0.36756	0.25569
28 T	0.48436	0.24765	0.26799
29 T	0.49691	0.23342	0.26968
30 T	0.50476	0.21554	0.2797
31 A	0.50610	0.21045	0.28345
32 T	0.51095	0.19060	0.29846
33 A	0.53379	0.15972	0.3065
34 T	0.54113	0.14390	0.31497
35 C	0.54663	0.09924	0.35414
36 T	0.55432	0.07754	0.36814
37 G	0.55515	0.07683	0.36803
38 T	0.58574	0.04645	0.36781
39 T	0.58559	0.04822	0.36619
40 A	0.58560	0.04797	0.36642
41 T	0.58658	0.04513	0.36829
42 A	0.58728	0.04152	0.3712
43 T	0.59401	0.02314	0.38285
44 C	0.59414	0.01263	0.39323
45 G	0.59517	0.01163	0.3932
46 T	0.59603	0.01115	0.39283
47 T	0.59655	0.01114	0.39231
48 T	0.59666	0.01135	0.39198
49 T	0.59674	0.01236	0.39091
50 T	0.59669	0.01324	0.39007
51 T	0.59663	0.01360	0.38978
52 T	0.59659	0.01473	0.38867
53 T	0.59647	0.01600	0.38754
54 T	0.59628	0.01758	0.38614
55 A	0.59604	0.01871	0.38524
56 T	0.59601	0.01906	0.38494
57 T	0.59526	0.02091	0.38383
58 A	0.59308	0.02550	0.38142
59 T	0.59311	0.02565	0.38124
60 T	0.59313	0.02585	0.38102
61 A	0.59299	0.02625	0.38076
62 T	0.59449	0.02436	0.38115
63 T	0.59434	0.02413	0.38153
64 T	0.59404	0.02445	0.38151
65 T	0.59357	0.02513	0.3813
66 A	0.59291	0.02642	0.38066
67 T	0.59292	0.02701	0.38007
68 A	0.59256	0.02794	0.3795
69 T	0.59299	0.02837	0.37864
70 T	0.59321	0.02815	0.37864
71 T	0.59282	0.02865	0.37852
72 A	0.59244	0.02916	0.3784
73 T	0.59312	0.02827	0.37861
74 C	0.59273	0.02860	0.37867
75 T	0.59391	0.02760	0.37848
76 T	0.59476	0.02686	0.37838
77 T	0.59551	0.02620	0.37829
78 A	0.59545	0.02648	0.37807
79 T	0.59574	0.02640	0.37786
80 A	0.59634	0.02521	0.37845
81 T	0.59867	0.02090	0.38044
82 T	0.59877	0.02103	0.3802
83 T	0.59863	0.02132	0.38005
84 T	0.59716	0.02364	0.3792
85 T	0.59204	0.03217	0.37579
86 T	0.58671	0.03987	0.37341
87 A	0.57184	0.05788	0.37028
88 G	0.56677	0.06412	0.36911
89 A	0.56378	0.06789	0.36832
90 T	0.56321	0.06868	0.36811
91 A	0.56097	0.07096	0.36807
92 T	0.56024	0.07139	0.36837
93 A	0.55937	0.07216	0.36847
94 T	0.55925	0.07184	0.3689
95 T	0.55864	0.07263	0.36874
96 A	0.55663	0.07533	0.36804
97 T	0.55557	0.07692	0.36751
98 T	0.55072	0.08238	0.3669
99 T	0.53791	0.09661	0.36548
100 G	0.50035	0.13796	0.36169
101 A	0.48181	0.15865	0.35954
102 T	0.46927	0.17197	0.35875
103 A	0.45105	0.19111	0.35785
104 A	0.43905	0.20335	0.35759
105 T	0.43470	0.20666	0.35865
106 A	0.42918	0.21124	0.35957
107 A	0.42636	0.21141	0.36223
108 T	0.42875	0.20349	0.36776
109 A	0.42709	0.20043	0.37248
110 T	0.42757	0.18727	0.38516
111 T	0.42491	0.18530	0.38978
112 T	0.41240	0.19501	0.39259
113 A	0.38933	0.21705	0.39362
114 T	0.36849	0.23551	0.396
115 C	0.33361	0.26893	0.39746
116 A	0.31645	0.28668	0.39686
117 A	0.29848	0.30549	0.39603
118 A	0.27815	0.32610	0.39574
119 G	0.26485	0.33874	0.39641
120 T	0.26102	0.34076	0.39822
121 G	0.25734	0.33579	0.40687
122 A	0.25758	0.32239	0.42004
123 T	0.26166	0.28279	0.45555
124 T	0.26313	0.26366	0.47321
125 T	0.26269	0.25246	0.48485
126 A	0.26056	0.24526	0.49419
127 T	0.25935	0.24173	0.49891
128 T	0.25408	0.25058	0.49534
129 A	0.24307	0.27023	0.4867
130 G	0.23852	0.28088	0.4806
131 A	0.23675	0.28797	0.47528
132 A	0.23494	0.29410	0.47096
133 T	0.23456	0.28955	0.4759
134 A	0.23287	0.28905	0.47809
135 T	0.23187	0.27660	0.49152
136 A	0.22873	0.26602	0.50526
137 G	0.22602	0.25905	0.51494
138 A	0.22478	0.25588	0.51934
139 A	0.22545	0.26344	0.51111
140 A	0.22616	0.25938	0.51446
141 A	0.22764	0.24504	0.52732
142 T	0.23023	0.23496	0.53481
143 T	0.23020	0.24062	0.52918
144 T	0.22893	0.26136	0.50971
145 G	0.22694	0.31032	0.46273
146 A	0.22407	0.36164	0.41429
147 A	0.22235	0.40625	0.3714
148 G	0.22126	0.41229	0.36646
149 A	0.22497	0.41049	0.36453
150 A	0.23089	0.40521	0.3639
151 A	0.23900	0.39468	0.36632
152 C	0.25249	0.37194	0.37557
153 T	0.26347	0.35855	0.37798
154 A	0.26805	0.35494	0.37701
155 T	0.27443	0.35060	0.37497
156 A	0.27341	0.35371	0.37288
157 C	0.27524	0.35221	0.37256
158 A	0.27378	0.35947	0.36675
159 A	0.27973	0.35162	0.36864
160 A	0.29211	0.33816	0.36973
161 G	0.31482	0.31551	0.36968
162 T	0.33625	0.29581	0.36794
163 C	0.34590	0.28530	0.3688
164 A	0.35322	0.27870	0.36807
165 A	0.36200	0.27029	0.36772
166 A	0.37635	0.25568	0.36797
167 C	0.40187	0.22858	0.36956
168 T	0.44600	0.18566	0.36834
169 A	0.48090	0.15033	0.36877
170 A	0.51533	0.11479	0.36988
171 T	0.52177	0.10599	0.37224
172 T	0.51879	0.10823	0.37298
173 A	0.50664	0.11811	0.37524
174 T	0.50270	0.11961	0.37769
175 C	0.49912	0.12129	0.37959
176 A	0.49625	0.12364	0.3801
177 A	0.49654	0.12240	0.38106
178 T	0.49941	0.11797	0.38262
179 C	0.49754	0.11759	0.38487
180 A	0.47352	0.14109	0.38539
181 G	0.45976	0.14998	0.39026
182 C	0.45482	0.15288	0.39231
183 T	0.45343	0.15381	0.39276
184 A	0.45242	0.15459	0.39299
185 C	0.45326	0.15148	0.39525
186 T	0.45291	0.15063	0.39646
187 A	0.45081	0.15278	0.3964
188 T	0.45020	0.15201	0.39779
189 A	0.43673	0.16538	0.39789
190 A	0.43154	0.17278	0.39569
191 T	0.43155	0.16542	0.40303
192 T	0.42847	0.15920	0.41233
193 G	0.42082	0.16026	0.41892
194 T	0.41852	0.15821	0.42327
195 T	0.41335	0.15705	0.4296
196 A	0.38899	0.17226	0.43875
197 C	0.37921	0.17629	0.4445
198 T	0.37130	0.18209	0.44662
199 A	0.36181	0.18985	0.44834
200 A	0.35648	0.19442	0.4491
201 T	0.35461	0.19477	0.45062
202 A	0.35166	0.19515	0.45319
203 A	0.35020	0.17078	0.47903
204 T	0.34948	0.15012	0.5004
205 T	0.34843	0.14330	0.50827
206 C	0.33821	0.14978	0.51201
207 T	0.33111	0.15608	0.51281
208 G	0.31887	0.16772	0.51341
209 A	0.31560	0.17037	0.51404
210 A	0.31551	0.16843	0.51606
211 T	0.31705	0.16481	0.51813
212 G	0.31862	0.14765	0.53373
213 T	0.32269	0.13586	0.54145
214 T	0.32403	0.13012	0.54585
215 T	0.32505	0.12342	0.55153
216 T	0.32512	0.11638	0.5585
217 T	0.32489	0.11942	0.55569
218 A	0.32435	0.11879	0.55685
219 T	0.32440	0.09455	0.58105
220 T	0.32394	0.08442	0.59164
221 T	0.32271	0.07814	0.59915
222 A	0.32053	0.07517	0.6043
223 C	0.31954	0.07266	0.6078
224 A	0.31815	0.07480	0.60705
225 A	0.31674	0.07538	0.60788
226 T	0.31622	0.07658	0.6072
227 T	0.31470	0.08054	0.60475
228 A	0.31030	0.08918	0.60052
229 G	0.29673	0.09772	0.60555
230 T	0.29314	0.10376	0.6031
231 T	0.28198	0.12249	0.59553
232 G	0.25226	0.17789	0.56985
233 A	0.22414	0.27723	0.49863
234 T	0.19281	0.38961	0.41759
235 A	0.13198	0.51797	0.35005
236 A	0.11015	0.56356	0.32628
237 A	0.10126	0.57477	0.32397
238 A	0.09784	0.57925	0.32291
239 A	0.09633	0.58102	0.32265
240 T	0.09974	0.57704	0.32321
241 C	0.09951	0.57645	0.32403
242 A	0.09748	0.57837	0.32415
243 T	0.09665	0.57880	0.32455
244 A	0.09348	0.58136	0.32516
245 A	0.09178	0.58183	0.32639
246 C	0.09027	0.58208	0.32765
247 A	0.08941	0.58204	0.32855
248 A	0.08585	0.58478	0.32937
249 A	0.08548	0.58452	0.33
250 A	0.08527	0.58338	0.33135
251 A	0.08634	0.57868	0.33498
252 G	0.09053	0.55665	0.35282
253 A	0.10426	0.53711	0.35862
254 A	0.12511	0.50437	0.37052
255 A	0.15488	0.44946	0.39566
256 A	0.22818	0.34801	0.42381
257 T	0.31201	0.22973	0.45825
258 T	0.36790	0.12297	0.50913
259 T	0.37978	0.10090	0.51931
260 T	0.37369	0.11421	0.5121
261 A	0.36212	0.13063	0.50725
262 T	0.35056	0.14376	0.50568
263 T	0.33718	0.15799	0.50483
264 A	0.29332	0.20819	0.4985
265 C	0.27245	0.23126	0.49629
266 A	0.25443	0.26013	0.48545
267 T	0.23245	0.29008	0.47746
268 A	0.16676	0.36719	0.46606
269 A	0.11326	0.42982	0.45692
270 A	0.08847	0.46595	0.44557
271 G	0.07691	0.49176	0.43133
272 A	0.06919	0.53089	0.39992
273 A	0.06355	0.54018	0.39627
274 A	0.05915	0.54626	0.39459
275 A	0.05619	0.54575	0.39806
276 A	0.05630	0.54382	0.39988
277 A	0.05912	0.53796	0.40293
278 T	0.06719	0.52565	0.40715
279 A	0.07000	0.51970	0.4103
280 T	0.07421	0.50915	0.41663
281 C	0.07644	0.50165	0.42192
282 A	0.08149	0.49505	0.42346
283 G	0.09178	0.47813	0.43009
284 A	0.10080	0.46184	0.43735
285 T	0.10742	0.44654	0.44604
286 G	0.11168	0.43848	0.44984
287 T	0.11912	0.39500	0.48589
288 T	0.11641	0.38467	0.49891
289 A	0.10946	0.39367	0.49687
290 A	0.10582	0.39697	0.49721
291 A	0.11219	0.35958	0.52823
292 A	0.11874	0.32929	0.55197
293 A	0.13010	0.30834	0.56155
294 A	0.15036	0.28652	0.56312
295 T	0.18287	0.25368	0.56345
296 A	0.18711	0.25303	0.55986
297 T	0.19013	0.24727	0.56261
298 T	0.18787	0.24781	0.56431
299 T	0.17928	0.25617	0.56454
300 A	0.16249	0.27263	0.56487
301 G	0.14672	0.28902	0.56426
302 A	0.14187	0.29436	0.56377
303 A	0.13848	0.29838	0.56314
304 C	0.13652	0.30094	0.56254
305 A	0.13520	0.31021	0.55459
306 A	0.13490	0.31713	0.54796
307 A	0.13792	0.31407	0.54801
308 A	0.14463	0.30650	0.54886
309 T	0.15987	0.28873	0.55139
310 T	0.17882	0.26176	0.55942
311 C	0.19360	0.23526	0.57113
312 T	0.21233	0.20596	0.5817
313 G	0.22304	0.18863	0.58833
314 A	0.23805	0.17138	0.59057
315 T	0.26193	0.14552	0.59256
316 T	0.28072	0.12550	0.59378
317 T	0.29303	0.10856	0.5984
318 T	0.30009	0.09709	0.60282
319 T	0.30406	0.08949	0.60645
320 T	0.29906	0.09279	0.60815
321 T	0.29014	0.10042	0.60944
322 A	0.26812	0.12100	0.61088
323 A	0.24793	0.13252	0.61955
324 T	0.24340	0.12888	0.62772
325 G	0.23578	0.14184	0.62238
326 A	0.23231	0.15818	0.6095
327 A	0.23341	0.16700	0.59958
328 A	0.24071	0.16533	0.59395
329 T	0.24662	0.16412	0.58927
330 T	0.24718	0.16713	0.58569
331 T	0.24697	0.17522	0.5778
332 A	0.24509	0.19292	0.56199
333 T	0.24178	0.19770	0.56053
334 T	0.23450	0.20571	0.55979
335 T	0.22331	0.21774	0.55895
336 A	0.19361	0.24864	0.55775
337 C	0.17636	0.26645	0.55719
338 A	0.15624	0.29004	0.55371
339 A	0.14282	0.30564	0.55154
340 A	0.13858	0.31142	0.55
341 A	0.13695	0.31329	0.54976
342 A	0.13719	0.31227	0.55054
343 G	0.13891	0.30057	0.56052
344 A	0.14136	0.28807	0.57057
345 A	0.14556	0.26092	0.59352
346 C	0.15164	0.23312	0.61523
347 G	0.15657	0.22346	0.61998
348 A	0.16589	0.20874	0.62537
349 C	0.17987	0.19137	0.62877
350 C	0.19122	0.17977	0.62901
351 A	0.19918	0.17265	0.62817
352 T	0.20820	0.16517	0.62662
353 G	0.21084	0.16374	0.62542
354 G	0.21681	0.16252	0.62068
355 T	0.22914	0.15628	0.61458
356 T	0.22960	0.14919	0.62121
357 T	0.22551	0.15194	0.62254
358 A	0.21822	0.15038	0.6314
359 T	0.21601	0.12807	0.65592
360 A	0.21169	0.11972	0.66859
361 G	0.21063	0.10322	0.68616
362 C	0.21138	0.09253	0.69608
363 T	0.21268	0.09359	0.69373
364 A	0.21248	0.09767	0.68985
365 A	0.21184	0.10282	0.68535
366 A	0.21114	0.10849	0.68038
367 T	0.21071	0.11035	0.67894
368 A	0.20801	0.11507	0.67693
369 T	0.20534	0.11952	0.67514
370 A	0.20141	0.12613	0.67245
371 A	0.19982	0.12795	0.67223
372 A	0.19830	0.12912	0.67259
373 G	0.19724	0.13099	0.67177
374 A	0.19801	0.13046	0.67154
375 T	0.20158	0.12814	0.67028
376 A	0.20322	0.12761	0.66918
377 A	0.20897	0.12163	0.6694
378 T	0.21764	0.11067	0.67169
379 A	0.22041	0.10521	0.67437
380 T	0.22866	0.09026	0.68108
381 T	0.23145	0.07952	0.68904
382 C	0.23283	0.07431	0.69286
383 T	0.23558	0.06948	0.69495
384 T	0.23692	0.06665	0.69643
385 C	0.23739	0.06564	0.69698
386 T	0.24032	0.06277	0.69691
387 A	0.24261	0.06063	0.69677
388 A	0.24685	0.05572	0.69743
389 T	0.25326	0.04846	0.69828
390 T	0.25544	0.04587	0.69869
391 A	0.25777	0.04097	0.70126
392 T	0.26106	0.03466	0.70427
393 T	0.26390	0.02842	0.70768
394 A	0.26441	0.02751	0.70808
395 A	0.26521	0.02555	0.70924
396 T	0.26793	0.02128	0.71079
397 A	0.26909	0.01962	0.71129
398 T	0.27151	0.01655	0.71193
399 G	0.27333	0.01440	0.71227
400 T	0.27468	0.01308	0.71225
401 T	0.27485	0.01302	0.71212
402 T	0.27484	0.01315	0.71201
403 A	0.27472	0.01336	0.71191
404 A	0.27472	0.01318	0.71211
405 T	0.27479	0.01265	0.71256
406 T	0.27489	0.01218	0.71293
407 T	0.27499	0.01144	0.71357
408 T	0.27486	0.01104	0.7141
409 A	0.27460	0.01095	0.71445
410 T	0.27469	0.01008	0.71523
411 T	0.27465	0.00972	0.71563
412 G	0.27442	0.00978	0.71581
413 G	0.27466	0.00930	0.71605
414 T	0.27539	0.00833	0.71628
415 T	0.27570	0.00784	0.71645
416 A	0.27597	0.00736	0.71667
417 T	0.27705	0.00592	0.71704
418 T	0.27742	0.00530	0.71728
419 C	0.27749	0.00511	0.7174
420 T	0.27770	0.00491	0.71738
421 A	0.27778	0.00497	0.71725
422 T	0.27804	0.00476	0.7172
423 T	0.27823	0.00476	0.717
424 T	0.27822	0.00517	0.71661
425 T	0.27812	0.00532	0.71656
426 T	0.27772	0.00597	0.71631
427 A	0.27569	0.00830	0.71601
428 T	0.27509	0.00910	0.7158
429 T	0.27419	0.01036	0.71546
430 A	0.27181	0.01385	0.71433
431 T	0.27096	0.01456	0.71447
432 T	0.26993	0.01549	0.71458
433 T	0.26843	0.01731	0.71427
434 A	0.26620	0.02016	0.71364
435 C	0.26496	0.02129	0.71375
436 A	0.26459	0.02198	0.71342
437 T	0.26388	0.02303	0.7131
438 T	0.26257	0.02464	0.71278
439 C	0.26158	0.02613	0.71228
440 T	0.26105	0.02697	0.71198
441 A	0.25942	0.02912	0.71147
442 A	0.25868	0.03024	0.71109
443 A	0.25845	0.03066	0.71089
444 C	0.25812	0.03116	0.71072
445 A	0.25653	0.03405	0.70942
446 A	0.25483	0.03727	0.7079
447 T	0.25471	0.03832	0.70697
448 A	0.25374	0.04037	0.70588
449 T	0.25340	0.04083	0.70578
450 G	0.25246	0.03965	0.70789
451 A	0.25185	0.03986	0.70828
452 A	0.25144	0.03931	0.70924
453 G	0.25202	0.03674	0.71124
454 C	0.25208	0.03558	0.71235
455 A	0.25221	0.03536	0.71243
456 A	0.25260	0.03483	0.71257
457 A	0.25303	0.03303	0.71395
458 C	0.25316	0.03163	0.71521
459 A	0.25336	0.03119	0.71544
460 T	0.25378	0.02933	0.71688
461 C	0.25402	0.02749	0.71849
462 C	0.25443	0.02678	0.71879
463 G	0.25466	0.02716	0.71818
464 G	0.25510	0.02669	0.71821
465 T	0.25542	0.02636	0.71822
466 A	0.25548	0.02645	0.71806
467 A	0.25522	0.02662	0.71816
468 A	0.25604	0.02349	0.72047
469 C	0.25767	0.01917	0.72317
470 T	0.25893	0.01712	0.72395
471 T	0.26001	0.01511	0.72488
472 A	0.26022	0.01438	0.7254
473 A	0.26039	0.01344	0.72617
474 C	0.26072	0.01239	0.72689
475 T	0.26101	0.01139	0.7276
476 C	0.26125	0.01094	0.72781
477 T	0.26129	0.01114	0.72758
478 A	0.26103	0.01149	0.72748
479 A	0.26125	0.01131	0.72743
480 T	0.26110	0.01113	0.72777
481 C	0.26048	0.01161	0.72791
482 C	0.25878	0.01315	0.72807
483 T	0.25827	0.01391	0.72782
484 C	0.25795	0.01450	0.72755
485 T	0.25758	0.01560	0.72681
486 T	0.25722	0.01681	0.72598
487 A	0.25642	0.01794	0.72564
488 T	0.25612	0.01844	0.72543
489 A	0.25397	0.02080	0.72523
490 T	0.25313	0.02084	0.72602
491 C	0.25210	0.02109	0.72681
492 T	0.25056	0.02267	0.72677
493 T	0.24761	0.02609	0.7263
494 C	0.24175	0.03323	0.72502
495 A	0.23635	0.03927	0.72438
496 A	0.23097	0.04493	0.7241
497 A	0.22872	0.04713	0.72415
498 A	0.22435	0.05136	0.7243
499 C	0.22022	0.05547	0.7243
500 A	0.21270	0.06475	0.72255
501 A	0.20992	0.06913	0.72096
502 A	0.19970	0.07959	0.72071
503 A	0.19560	0.08356	0.72083
504 A	0.19322	0.08566	0.72112
505 T	0.19113	0.08482	0.72405
506 C	0.18777	0.08695	0.72528
507 T	0.18603	0.08874	0.72523
508 A	0.18455	0.09155	0.7239
509 G	0.18431	0.09130	0.7244
510 A	0.18402	0.09120	0.72477
511 T	0.18423	0.09038	0.72538
512 T	0.18422	0.08720	0.72858
513 C	0.18210	0.08719	0.73072
514 A	0.18015	0.08854	0.73132
515 C	0.17980	0.08730	0.73289
516 A	0.17977	0.08669	0.73354
517 T	0.18064	0.08370	0.73566
518 T	0.18053	0.08236	0.73712
519 C	0.17953	0.07992	0.74055
520 A	0.17539	0.08393	0.74068
521 A	0.17321	0.08303	0.74376
522 A	0.17240	0.08018	0.74742
523 G	0.17366	0.07161	0.75473
524 A	0.17531	0.06768	0.757
525 T	0.17583	0.05317	0.771
526 G	0.17531	0.04609	0.77859
527 T	0.17537	0.04074	0.78388
528 T	0.17453	0.03635	0.78912
529 G	0.17079	0.03629	0.79293
530 C	0.16865	0.03671	0.79464
531 T	0.16763	0.03849	0.79388
532 G	0.16177	0.04682	0.79141
533 G	0.15655	0.05284	0.79061
534 T	0.14564	0.06638	0.78798
535 A	0.12755	0.08637	0.78608
536 A	0.11823	0.09515	0.78662
537 C	0.10591	0.10684	0.78726
538 G	0.09347	0.12249	0.78403
539 A	0.08005	0.14566	0.77429
540 A	0.06791	0.16601	0.76608
541 G	0.05815	0.18567	0.75617
542 A	0.04927	0.21073	0.74001
543 A	0.04260	0.21995	0.73745
544 G	0.03748	0.22708	0.73545
545 A	0.03130	0.23786	0.73084
546 A	0.02692	0.24636	0.72672
547 A	0.02463	0.25088	0.72449
548 A	0.02309	0.25319	0.72372
549 A	0.02172	0.25425	0.72403
550 G	0.02032	0.25543	0.72425
551 A	0.01954	0.25539	0.72506
552 A	0.01932	0.25230	0.72838
553 G	0.01949	0.24939	0.73113
554 A	0.02076	0.24586	0.73338
555 A	0.02307	0.23786	0.73907
556 A	0.02464	0.22987	0.74549
557 T	0.02780	0.21221	0.75999
558 G	0.02944	0.19448	0.77608
559 A	0.03130	0.18522	0.78348
560 A	0.03329	0.17340	0.79331
561 A	0.03676	0.15993	0.80331
562 G	0.04452	0.13840	0.81708
563 A	0.05287	0.12040	0.82673
564 A	0.06570	0.10004	0.83426
565 T	0.08516	0.07215	0.84269
566 T	0.09231	0.05962	0.84807
567 A	0.09580	0.05330	0.8509
568 A	0.10018	0.04346	0.85636
569 T	0.10404	0.03764	0.85832
570 T	0.10571	0.03971	0.85458
571 G	0.10522	0.06113	0.83364
572 A	0.10236	0.07229	0.82535
573 T	0.10230	0.07334	0.82437
574 T	0.09871	0.08027	0.82102
575 T	0.09212	0.09045	0.81744
576 C	0.07286	0.11370	0.81344
577 T	0.06270	0.14077	0.79653
578 T	0.05502	0.15909	0.7859
579 A	0.04461	0.17727	0.77812
580 A	0.04019	0.18574	0.77408
581 A	0.03728	0.18979	0.77293
582 A	0.03449	0.19238	0.77312
583 A	0.03366	0.19275	0.77359
584 G	0.03441	0.19146	0.77413
585 A	0.03446	0.19120	0.77433
586 C	0.03737	0.18803	0.7746
587 C	0.03995	0.18538	0.77467
588 T	0.04155	0.18381	0.77464
589 C	0.04209	0.18330	0.77461
590 A	0.04291	0.18255	0.77454
591 A	0.04413	0.18141	0.77447
592 A	0.04720	0.17836	0.77444
593 A	0.05335	0.17193	0.77472
594 A	0.07587	0.14824	0.77588
595 T	0.08921	0.12697	0.78382
596 A	0.09234	0.12014	0.78752
597 T	0.09929	0.10519	0.79553
598 A	0.10399	0.09274	0.80328
599 C	0.10935	0.06448	0.82618
600 T	0.12565	0.03947	0.83489
601 T	0.13298	0.02600	0.84102
602 C	0.13520	0.02067	0.84413
603 T	0.13108	0.03183	0.83709
604 A	0.11761	0.05883	0.82356
605 T	0.10438	0.07339	0.82223
606 A	0.06200	0.12013	0.81787
607 G	0.04650	0.13560	0.81791
608 G	0.04082	0.14036	0.81882
609 A	0.03665	0.14432	0.81903
610 G	0.03485	0.14555	0.8196
611 C	0.03337	0.14684	0.81979
612 T	0.03228	0.14813	0.81959
613 A	0.03102	0.14968	0.8193
614 A	0.03028	0.15048	0.81923
615 A	0.03012	0.15052	0.81936
616 A	0.03013	0.15036	0.81951
617 T	0.03019	0.14946	0.82035
618 A	0.03008	0.14902	0.82089
619 C	0.03002	0.14816	0.82183
620 C	0.03001	0.14801	0.82199
621 T	0.03003	0.14793	0.82204
622 A	0.03000	0.14796	0.82203
623 A	0.03014	0.14769	0.82216
624 A	0.03090	0.14667	0.82243
625 G	0.03342	0.14186	0.82472
626 G	0.04257	0.11939	0.83804
627 T	0.05743	0.08706	0.85551
628 A	0.06060	0.06944	0.86997
629 T	0.06461	0.03094	0.90445
630 T	0.06542	0.01834	0.91624
631 T	0.06605	0.01309	0.92086
632 T	0.06617	0.01037	0.92346
633 A	0.06557	0.01201	0.92242
634 T	0.06550	0.01257	0.92192
635 T	0.06464	0.01749	0.91786
636 A	0.05912	0.03088	0.91
637 G	0.04928	0.04722	0.9035
638 A	0.03662	0.06457	0.89881
639 A	0.02716	0.07438	0.89846
640 G	0.02542	0.07605	0.89853
641 G	0.02471	0.07663	0.89866
642 C	0.02456	0.07665	0.89879
643 C	0.02450	0.07667	0.89883
644 C	0.02448	0.07670	0.89882
645 T	0.02425	0.07692	0.89882
646 C	0.02350	0.07768	0.89882
647 C	0.02254	0.07865	0.89881
648 T	0.02187	0.07940	0.89872
649 G	0.02134	0.07995	0.89871
650 G	0.02113	0.08018	0.89869
651 A	0.02096	0.08039	0.89864
652 A	0.02088	0.08047	0.89865
653 C	0.02100	0.07999	0.899
654 A	0.02085	0.08017	0.89899
655 G	0.02197	0.07884	0.89918
656 G	0.02462	0.07570	0.89968
657 A	0.02693	0.07322	0.89984
658 A	0.03168	0.06770	0.90061
659 A	0.03951	0.05369	0.9068
660 A	0.04605	0.03737	0.91657
661 A	0.05053	0.02030	0.92916
662 C	0.05141	0.01023	0.93837
663 T	0.05181	0.00851	0.93968
664 T	0.05187	0.00803	0.94009
665 T	0.05166	0.00822	0.94012
666 A	0.05034	0.00963	0.94003
667 T	0.04912	0.01071	0.94017
668 T	0.04688	0.01238	0.94075
669 A	0.04313	0.01533	0.94154
670 G	0.04123	0.01626	0.94251
671 C	0.03933	0.01780	0.94287
672 G	0.03749	0.02012	0.94238
673 A	0.03663	0.02137	0.942
674 A	0.03647	0.02167	0.94185
675 A	0.03619	0.02210	0.94171
676 G	0.03612	0.02212	0.94177
677 C	0.03614	0.02127	0.94259
678 T	0.03621	0.02118	0.94261
679 T	0.03622	0.02110	0.94268
680 T	0.03615	0.02112	0.94273
681 A	0.03601	0.02124	0.94275
682 G	0.03595	0.02122	0.94283
683 C	0.03588	0.02104	0.94308
684 T	0.03567	0.02120	0.94313
685 G	0.03508	0.02174	0.94318
686 G	0.03470	0.02208	0.94322
687 A	0.03439	0.02233	0.94328
688 G	0.03438	0.02207	0.94355
689 A	0.03447	0.02015	0.94537
690 A	0.03450	0.01799	0.94751
691 G	0.03458	0.01476	0.95066
692 C	0.03476	0.01105	0.95419
693 A	0.03492	0.00996	0.95511
694 A	0.03530	0.00848	0.95623
695 A	0.03606	0.00651	0.95744
696 T	0.03666	0.00517	0.95818
697 G	0.03692	0.00468	0.95839
698 T	0.03726	0.00381	0.95892
699 A	0.03737	0.00341	0.95921
700 C	0.03745	0.00295	0.9596
701 C	0.03761	0.00268	0.95971
702 T	0.03773	0.00252	0.95975
703 T	0.03778	0.00244	0.95979
704 T	0.03782	0.00237	0.95982
705 T	0.03778	0.00240	0.95982
706 T	0.03767	0.00240	0.95992
707 A	0.03753	0.00223	0.96024
708 T	0.03746	0.00166	0.96088
709 G	0.03738	0.00130	0.96131
710 C	0.03735	0.00099	0.96166
711 T	0.03733	0.00095	0.96173
712 G	0.03728	0.00096	0.96176
713 T	0.03725	0.00097	0.96178
714 A	0.03715	0.00107	0.96178
715 T	0.03710	0.00111	0.96179
716 C	0.03704	0.00113	0.96183
717 T	0.03703	0.00115	0.96182
718 G	0.03697	0.00120	0.96183
719 G	0.03696	0.00121	0.96183
720 T	0.03695	0.00121	0.96184
721 T	0.03693	0.00123	0.96184
722 C	0.03691	0.00124	0.96185
723 T	0.03690	0.00126	0.96185
724 G	0.03687	0.00129	0.96184
725 A	0.03687	0.00131	0.96183
726 A	0.03687	0.00131	0.96182
727 T	0.03688	0.00129	0.96183
728 T	0.03689	0.00119	0.96192
729 T	0.03687	0.00108	0.96205
730 G	0.03680	0.00100	0.9622
731 T	0.03676	0.00095	0.96229
732 T	0.03669	0.00097	0.96234
733 G	0.03664	0.00101	0.96234
734 A	0.03662	0.00103	0.96235
735 A	0.03660	0.00101	0.96239
736 A	0.03660	0.00097	0.96243
737 T	0.03660	0.00086	0.96253
738 G	0.03660	0.00080	0.9626
739 T	0.03660	0.00074	0.96267
740 A	0.03660	0.00070	0.9627
741 C	0.03660	0.00064	0.96276
742 G	0.03659	0.00063	0.96278
743 T	0.03659	0.00061	0.96279
744 C	0.03658	0.00061	0.96281
745 G	0.03657	0.00061	0.96281
746 G	0.03657	0.00061	0.96282
747 T	0.03658	0.00059	0.96283
748 G	0.03657	0.00059	0.96283
749 T	0.03657	0.00060	0.96282
750 T	0.03655	0.00060	0.96285
751 G	0.03651	0.00063	0.96286
752 G	0.03647	0.00062	0.96291
753 T	0.03647	0.00056	0.96298
754 G	0.03646	0.00052	0.96302
755 C	0.03647	0.00045	0.96308
756 T	0.03651	0.00039	0.9631
757 T	0.03651	0.00038	0.96312
758 C	0.03648	0.00040	0.96312
759 T	0.03643	0.00044	0.96312
760 C	0.03617	0.00071	0.96312
761 G	0.03597	0.00093	0.9631
762 T	0.03581	0.00114	0.96306
763 G	0.03560	0.00139	0.96302
764 T	0.03547	0.00154	0.96299
765 T	0.03511	0.00192	0.96296
766 A	0.03437	0.00275	0.96288
767 G	0.03404	0.00314	0.96282
768 A	0.03374	0.00356	0.9627
769 A	0.03353	0.00402	0.96245
770 A	0.03343	0.00422	0.96235
771 A	0.03337	0.00438	0.96225
772 T	0.03332	0.00450	0.96218
773 T	0.03328	0.00453	0.9622
774 A	0.03316	0.00464	0.96219
775 T	0.03312	0.00467	0.96221
776 T	0.03307	0.00473	0.9622
777 C	0.03300	0.00481	0.96219
778 A	0.03295	0.00498	0.96207
779 A	0.03292	0.00506	0.96202
780 A	0.03287	0.00511	0.96201
781 G	0.03285	0.00510	0.96205
782 A	0.03284	0.00509	0.96208
783 A	0.03281	0.00476	0.96243
784 G	0.03282	0.00434	0.96284
785 C	0.03286	0.00393	0.96322
786 T	0.03290	0.00378	0.96332
787 A	0.03290	0.00374	0.96336
788 A	0.03291	0.00356	0.96353
789 G	0.03298	0.00302	0.964
790 G	0.03304	0.00277	0.9642
791 A	0.03315	0.00235	0.96449
792 T	0.03341	0.00186	0.96473
793 A	0.03348	0.00167	0.96485
794 A	0.03357	0.00145	0.96497
795 C	0.03364	0.00124	0.96511
796 G	0.03365	0.00116	0.96519
797 C	0.03370	0.00100	0.9653
798 T	0.03376	0.00092	0.96532
799 C	0.03378	0.00087	0.96535
800 C	0.03381	0.00083	0.96536
801 T	0.03390	0.00073	0.96537
802 T	0.03389	0.00073	0.96538
803 G	0.03372	0.00086	0.96541
804 C	0.03364	0.00093	0.96544
805 G	0.03357	0.00098	0.96544
806 T	0.03356	0.00095	0.96549
807 G	0.03351	0.00097	0.96552
808 C	0.03351	0.00096	0.96553
809 T	0.03356	0.00091	0.96553
810 T	0.03359	0.00085	0.96556
811 T	0.03357	0.00085	0.96557
812 T	0.03352	0.00090	0.96558
813 T	0.03342	0.00100	0.96558
814 A	0.03317	0.00123	0.96559
815 T	0.03303	0.00135	0.96562
816 T	0.03267	0.00168	0.96565
817 G	0.03211	0.00223	0.96566
818 A	0.03137	0.00296	0.96567
819 C	0.03048	0.00385	0.96568
820 G	0.02989	0.00446	0.96565
821 A	0.02922	0.00519	0.9656
822 A	0.02862	0.00585	0.96553
823 A	0.02825	0.00628	0.96547
824 T	0.02797	0.00662	0.9654
825 A	0.02766	0.00699	0.96535
826 G	0.02752	0.00705	0.96543
827 A	0.02747	0.00707	0.96546
828 T	0.02743	0.00708	0.9655
829 G	0.02736	0.00716	0.96548
830 T	0.02734	0.00716	0.9655
831 T	0.02724	0.00725	0.96551
832 T	0.02704	0.00743	0.96552
833 T	0.02681	0.00764	0.96555
834 A	0.02634	0.00806	0.9656
835 G	0.02620	0.00808	0.96573
836 G	0.02610	0.00798	0.96592
837 T	0.02604	0.00776	0.96621
838 G	0.02593	0.00768	0.96639
839 G	0.02587	0.00751	0.96662
840 A	0.02567	0.00753	0.9668
841 A	0.02557	0.00716	0.96727
842 A	0.02550	0.00652	0.96797
843 A	0.02548	0.00604	0.96848
844 A	0.02553	0.00534	0.96913
845 G	0.02560	0.00463	0.96977
846 A	0.02567	0.00417	0.97016
847 G	0.02576	0.00369	0.97055
848 G	0.02589	0.00332	0.97078
849 T	0.02603	0.00307	0.9709
850 A	0.02610	0.00301	0.97089
851 T	0.02617	0.00291	0.97092
852 T	0.02620	0.00284	0.97096
853 T	0.02620	0.00281	0.971
854 T	0.02613	0.00284	0.97103
855 T	0.02598	0.00299	0.97103
856 T	0.02546	0.00363	0.9709
857 C	0.02448	0.00453	0.97099
858 A	0.02383	0.00579	0.97038
859 G	0.02308	0.00711	0.96981
860 G	0.02258	0.00836	0.96906
861 A	0.02231	0.00974	0.96794
862 G	0.02233	0.00988	0.96778
863 G	0.02246	0.00970	0.96784
864 A	0.02254	0.00955	0.96791
865 T	0.02263	0.00940	0.96798
866 C	0.02263	0.00937	0.968
867 T	0.02255	0.00951	0.96793
868 C	0.02226	0.01001	0.96773
869 A	0.02196	0.01079	0.96724
870 A	0.02186	0.01131	0.96683
871 G	0.02176	0.01189	0.96635
872 A	0.02169	0.01258	0.96573
873 A	0.02170	0.01293	0.96537
874 A	0.02175	0.01304	0.96521
875 A	0.02184	0.01299	0.96517
876 A	0.02193	0.01278	0.96529
877 G	0.02212	0.01228	0.96559
878 A	0.02247	0.01154	0.96598
879 T	0.02297	0.01032	0.96671
880 C	0.02324	0.00914	0.96761
881 A	0.02376	0.00831	0.96794
882 A	0.02430	0.00735	0.96836
883 A	0.02499	0.00631	0.9687
884 C	0.02600	0.00507	0.96893
885 T	0.02617	0.00496	0.96887
886 T	0.02617	0.00504	0.96879
887 T	0.02599	0.00547	0.96854
888 A	0.02564	0.00592	0.96844
889 A	0.02533	0.00636	0.96832
890 A	0.02521	0.00635	0.96845
891 T	0.02543	0.00576	0.96881
892 C	0.02578	0.00510	0.96912
893 A	0.02613	0.00472	0.96914
894 A	0.02660	0.00418	0.96922
895 C	0.02718	0.00352	0.9693
896 T	0.02751	0.00317	0.96932
897 T	0.02765	0.00301	0.96934
898 C	0.02771	0.00291	0.96939
899 T	0.02772	0.00289	0.96939
900 T	0.02772	0.00289	0.9694
901 A	0.02771	0.00288	0.96942
902 C	0.02771	0.00286	0.96943
903 T	0.02770	0.00287	0.96943
904 G	0.02767	0.00288	0.96944
905 A	0.02767	0.00289	0.96944
906 A	0.02763	0.00293	0.96945
907 A	0.02761	0.00294	0.96946
908 T	0.02769	0.00264	0.96967
909 G	0.02777	0.00236	0.96987
910 G	0.02798	0.00194	0.97007
911 A	0.02808	0.00168	0.97024
912 T	0.02822	0.00137	0.97042
913 G	0.02824	0.00129	0.97046
914 G	0.02826	0.00129	0.97045
915 T	0.02829	0.00131	0.9704
916 T	0.02831	0.00126	0.97042
917 T	0.02830	0.00126	0.97043
918 T	0.02828	0.00129	0.97043
919 T	0.02826	0.00130	0.97045
920 C	0.02822	0.00133	0.97045
921 T	0.02818	0.00137	0.97044
922 T	0.02811	0.00145	0.97044
923 C	0.02806	0.00151	0.97043
924 A	0.02801	0.00161	0.97038
925 G	0.02792	0.00175	0.97033
926 A	0.02785	0.00189	0.97026
927 T	0.02783	0.00196	0.97021
928 A	0.02780	0.00206	0.97014
929 A	0.02779	0.00203	0.97018
930 A	0.02779	0.00199	0.97022
931 G	0.02780	0.00195	0.97025
932 G	0.02784	0.00188	0.97028
933 A	0.02793	0.00179	0.97028
934 A	0.02807	0.00166	0.97027
935 T	0.02826	0.00147	0.97027
936 T	0.02837	0.00137	0.97026
937 A	0.02840	0.00137	0.97022
938 T	0.02845	0.00132	0.97023
939 T	0.02844	0.00133	0.97022
940 A	0.02843	0.00135	0.97022
941 T	0.02844	0.00131	0.97025
942 C	0.02842	0.00127	0.9703
943 G	0.02840	0.00136	0.97024
944 T	0.02840	0.00140	0.9702
945 T	0.02821	0.00165	0.97013
946 G	0.02797	0.00189	0.97015
947 G	0.02794	0.00190	0.97015
948 A	0.02796	0.00181	0.97023
949 G	0.02802	0.00167	0.97031
950 C	0.02808	0.00156	0.97036
951 T	0.02817	0.00147	0.97037
952 A	0.02813	0.00153	0.97034
953 C	0.02812	0.00155	0.97033
954 T	0.02811	0.00168	0.97022
955 A	0.02808	0.00184	0.97008
956 A	0.02808	0.00196	0.96995
957 T	0.02809	0.00205	0.96986
958 A	0.02808	0.00209	0.96982
959 G	0.02810	0.00207	0.96983
960 A	0.02813	0.00203	0.96984
961 G	0.02815	0.00200	0.96985
962 C	0.02818	0.00195	0.96987
963 T	0.02824	0.00189	0.96987
964 G	0.02825	0.00188	0.96987
965 A	0.02827	0.00185	0.96988
966 T	0.02836	0.00174	0.9699
967 A	0.02840	0.00168	0.96992
968 T	0.02848	0.00137	0.97016
969 C	0.02848	0.00113	0.97039
970 T	0.02849	0.00110	0.97041
971 T	0.02849	0.00112	0.9704
972 A	0.02847	0.00120	0.97033
973 G	0.02847	0.00122	0.97031
974 A	0.02847	0.00124	0.9703
975 T	0.02844	0.00121	0.97035
976 G	0.02834	0.00127	0.97038
977 C	0.02837	0.00121	0.97042
978 A	0.02842	0.00118	0.9704
979 G	0.02851	0.00109	0.97041
980 C	0.02859	0.00102	0.9704
981 T	0.02864	0.00105	0.97032
982 T	0.02865	0.00124	0.9701
983 T	0.02865	0.00144	0.96991
984 A	0.02862	0.00180	0.96958
985 T	0.02853	0.00218	0.96928
986 T	0.02831	0.00281	0.96888
987 A	0.02756	0.00371	0.96872
988 A	0.02713	0.00416	0.96872
989 G	0.02696	0.00432	0.96871
990 A	0.02681	0.00448	0.96872
991 C	0.02671	0.00456	0.96873
992 C	0.02665	0.00462	0.96873
993 A	0.02661	0.00470	0.96869
994 G	0.02645	0.00489	0.96866
995 G	0.02635	0.00506	0.9686
996 A	0.02632	0.00526	0.96843
997 A	0.02632	0.00532	0.96835
998 G	0.02633	0.00522	0.96844
999 A	0.02634	0.00510	0.96856
1000 T	0.02637	0.00499	0.96864
1001 T	0.02641	0.00491	0.96869
1002 C	0.02641	0.00491	0.96868
1003 G	0.02642	0.00496	0.96862
1004 A	0.02650	0.00494	0.96855
1005 T	0.02671	0.00476	0.96853
1006 A	0.02688	0.00462	0.9685
1007 G	0.02717	0.00430	0.96853
1008 A	0.02747	0.00390	0.96864
1009 A	0.02784	0.00327	0.9689
1010 T	0.02800	0.00232	0.96968
1011 C	0.02802	0.00188	0.9701
1012 T	0.02803	0.00179	0.97017
1013 T	0.02802	0.00177	0.97021
1014 T	0.02790	0.00191	0.97019
1015 A	0.02760	0.00224	0.97015
1016 A	0.02741	0.00243	0.97016
1017 A	0.02730	0.00237	0.97033
1018 G	0.02722	0.00233	0.97045
1019 T	0.02723	0.00245	0.97032
1020 A	0.02717	0.00271	0.97012
1021 G	0.02716	0.00293	0.96992
1022 G	0.02717	0.00313	0.9697
1023 T	0.02722	0.00314	0.96965
1024 T	0.02723	0.00316	0.96962
1025 T	0.02701	0.00341	0.96958
1026 A	0.02680	0.00366	0.96954
1027 C	0.02677	0.00374	0.96949
1028 C	0.02671	0.00389	0.9694
1029 A	0.02662	0.00439	0.96899
1030 G	0.02659	0.00461	0.9688
1031 A	0.02661	0.00471	0.96867
1032 T	0.02664	0.00475	0.96861
1033 G	0.02663	0.00481	0.96856
1034 T	0.02663	0.00482	0.96855
1035 T	0.02654	0.00494	0.96851
1036 A	0.02636	0.00524	0.96841
1037 A	0.02618	0.00549	0.96834
1038 A	0.02601	0.00541	0.96858
1039 G	0.02593	0.00530	0.96877
1040 G	0.02592	0.00519	0.96889
1041 A	0.02598	0.00502	0.969
1042 C	0.02615	0.00471	0.96915
1043 G	0.02635	0.00445	0.9692
1044 T	0.02659	0.00426	0.96915
1045 G	0.02677	0.00409	0.96914
1046 A	0.02684	0.00403	0.96913
1047 A	0.02690	0.00397	0.96914
1048 G	0.02699	0.00354	0.96947
1049 C	0.02714	0.00316	0.9697
1050 T	0.02734	0.00300	0.96967
1051 A	0.02745	0.00303	0.96951
1052 T	0.02783	0.00269	0.96948
1053 T	0.02796	0.00274	0.9693
1054 T	0.02798	0.00312	0.9689
1055 T	0.02787	0.00399	0.96814
1056 A	0.02745	0.00549	0.96706
1057 A	0.02721	0.00765	0.96515
1058 A	0.02710	0.00830	0.9646
1059 A	0.02706	0.00826	0.96468
1060 G	0.02714	0.00804	0.96482
1061 T	0.02718	0.00783	0.96499
1062 T	0.02714	0.00782	0.96504
1063 C	0.02710	0.00783	0.96507
1064 A	0.02707	0.00792	0.96501
1065 T	0.02708	0.00791	0.96501
1066 G	0.02710	0.00789	0.96501
1067 C	0.02716	0.00784	0.96501
1068 T	0.02718	0.00793	0.96489
1069 C	0.02716	0.00811	0.96473
1070 G	0.02716	0.00844	0.9644
1071 T	0.02712	0.00908	0.9638
1072 A	0.02703	0.00997	0.96299
1073 A	0.02707	0.01029	0.96264
1074 T	0.02723	0.01051	0.96226
1075 A	0.02721	0.01165	0.96113
1076 A	0.02742	0.01188	0.96071
1077 A	0.02783	0.01157	0.9606
1078 A	0.02864	0.01078	0.96058
1079 A	0.02970	0.00939	0.96091
1080 T	0.03172	0.00716	0.96111
1081 A	0.03225	0.00650	0.96125
1082 T	0.03241	0.00614	0.96146
1083 T	0.03247	0.00595	0.96157
1084 T	0.03251	0.00587	0.96162
1085 C	0.03253	0.00581	0.96167
1086 A	0.03254	0.00578	0.96169
1087 T	0.03261	0.00567	0.96172
1088 C	0.03260	0.00568	0.96171
1089 T	0.03263	0.00572	0.96165
1090 G	0.03269	0.00573	0.96158
1091 A	0.03292	0.00563	0.96146
1092 T	0.03324	0.00542	0.96135
1093 A	0.03355	0.00542	0.96103
1094 T	0.03419	0.00490	0.96091
1095 T	0.03496	0.00429	0.96075
1096 A	0.03518	0.00460	0.96022
1097 A	0.03546	0.00477	0.95978
1098 T	0.03664	0.00355	0.95981
1099 T	0.03704	0.00326	0.95969
1100 T	0.03710	0.00330	0.95961
1101 T	0.03710	0.00331	0.9596
1102 C	0.03703	0.00339	0.95957
1103 A	0.03696	0.00355	0.95948
1104 T	0.03691	0.00368	0.95941
1105 C	0.03678	0.00394	0.95928
1106 A	0.03641	0.00489	0.9587
1107 A	0.03491	0.00705	0.95805
1108 T	0.03431	0.00770	0.95799
1109 T	0.03342	0.00860	0.95798
1110 A	0.02995	0.01209	0.95795
1111 G	0.02874	0.01329	0.95797
1112 C	0.02841	0.01365	0.95795
1113 C	0.02817	0.01394	0.95789
1114 A	0.02803	0.01437	0.9576
1115 A	0.02805	0.01458	0.95737
1116 A	0.02831	0.01454	0.95715
1117 C	0.02847	0.01442	0.95712
1118 A	0.02865	0.01429	0.95705
1119 A	0.02916	0.01375	0.95708
1120 A	0.02962	0.01326	0.95713
1121 C	0.02979	0.01306	0.95715
1122 T	0.02992	0.01291	0.95717
1123 C	0.02997	0.01275	0.95728
1124 C	0.02975	0.01294	0.95731
1125 A	0.02951	0.01327	0.95722
1126 G	0.02945	0.01343	0.95712
1127 G	0.02941	0.01369	0.95691
1128 A	0.02948	0.01430	0.95622
1129 A	0.02993	0.01409	0.95599
1130 T	0.03049	0.01149	0.95802
1131 G	0.03049	0.01066	0.95885
1132 A	0.03049	0.00978	0.95973
1133 G	0.03050	0.00655	0.96296
1134 C	0.03047	0.00556	0.96397
1135 G	0.03047	0.00538	0.96415
1136 G	0.03053	0.00526	0.96421
1137 A	0.03079	0.00490	0.96431
1138 G	0.03100	0.00460	0.9644
1139 C	0.03116	0.00440	0.96444
1140 T	0.03119	0.00450	0.96431
1141 C	0.03116	0.00516	0.96368
1142 A	0.03107	0.00942	0.95951
1143 A	0.03104	0.01161	0.95735
1144 T	0.03103	0.01408	0.95489
1145 T	0.03101	0.01567	0.95332
1146 A	0.03096	0.01667	0.95237
1147 G	0.03097	0.01664	0.95239
1148 G	0.03108	0.01637	0.95255
1149 A	0.03118	0.01622	0.95259
1150 G	0.03145	0.01590	0.95265
1151 C	0.03219	0.01510	0.95271
1152 T	0.03283	0.01456	0.9526
1153 G	0.03289	0.01457	0.95254
1154 T	0.03302	0.01448	0.95251
1155 T	0.03311	0.01447	0.95242
1156 T	0.03320	0.01452	0.95229
1157 T	0.03323	0.01464	0.95213
1158 A	0.03321	0.01499	0.9518
1159 A	0.03323	0.01505	0.95173
1160 A	0.03326	0.01512	0.95162
1161 T	0.03326	0.01521	0.95153
1162 G	0.03325	0.01523	0.95153
1163 A	0.03350	0.01501	0.95148
1164 A	0.03454	0.01399	0.95147
1165 G	0.03867	0.00976	0.95157
1166 C	0.04096	0.00742	0.95162
1167 T	0.04358	0.00482	0.9516
1168 T	0.04485	0.00360	0.95155
1169 C	0.04532	0.00320	0.95148
1170 T	0.04556	0.00333	0.9511
1171 A	0.04555	0.00424	0.95021
1172 T	0.04543	0.00532	0.94925
1173 T	0.04485	0.00721	0.94795
1174 T	0.04317	0.00959	0.94724
1175 T	0.04007	0.01422	0.94571
1176 A	0.02879	0.02744	0.94378
1177 A	0.02233	0.03465	0.94303
1178 C	0.01784	0.03966	0.9425
1179 A	0.01313	0.04661	0.94026
1180 G	0.01135	0.04979	0.93887
1181 T	0.01092	0.05138	0.93771
1182 A	0.00920	0.05457	0.93623
1183 A	0.00855	0.05604	0.93541
1184 G	0.00825	0.05680	0.93495
1185 A	0.00804	0.05711	0.93485
1186 A	0.00801	0.05715	0.93484
1187 A	0.00803	0.05711	0.93486
1188 T	0.00801	0.05715	0.93484
1189 C	0.00786	0.05741	0.93473
1190 A	0.00764	0.05812	0.93424
1191 A	0.00749	0.05877	0.93375
1192 A	0.00735	0.05935	0.9333
1193 A	0.00740	0.05964	0.93296
1194 A	0.00817	0.05906	0.93277
1195 G	0.00911	0.05727	0.93362
1196 A	0.01021	0.05461	0.93519
1197 A	0.01117	0.05045	0.93837
1198 A	0.01325	0.04486	0.94189
1199 T	0.01615	0.03225	0.9516
1200 G	0.01668	0.02726	0.95606
1201 A	0.01701	0.02303	0.95996
1202 T	0.01839	0.01801	0.9636
1203 T	0.01885	0.01857	0.96257
1204 A	0.01881	0.02096	0.96024
1205 C	0.01895	0.02128	0.95978
1206 A	0.01831	0.02743	0.95427
1207 A	0.01805	0.03086	0.9511
1208 T	0.01769	0.03428	0.94803
1209 G	0.01538	0.03951	0.94511
1210 G	0.01191	0.04887	0.93921
1211 A	0.01012	0.05583	0.93406
1212 A	0.00986	0.05663	0.93351
1213 G	0.00995	0.05779	0.93226
1214 A	0.01024	0.05790	0.93186
1215 A	0.01062	0.05754	0.93185
1216 C	0.01095	0.05720	0.93186
1217 T	0.01114	0.05771	0.93114
1218 A	0.01107	0.05835	0.93058
1219 G	0.01108	0.05855	0.93038
1220 A	0.01108	0.05875	0.93017
1221 A	0.01117	0.05881	0.93003
1222 G	0.01142	0.05837	0.93021
1223 A	0.01226	0.05711	0.93063
1224 A	0.01288	0.05584	0.93128
1225 G	0.01466	0.05332	0.93201
1226 C	0.01834	0.04867	0.93299
1227 G	0.02198	0.04452	0.9335
1228 A	0.02465	0.04118	0.93416
1229 T	0.03121	0.03367	0.93512
1230 T	0.03463	0.02977	0.93559
1231 G	0.03678	0.02725	0.93597
1232 A	0.03877	0.02287	0.93835
1233 T	0.04465	0.01320	0.94215
1234 C	0.04847	0.00766	0.94387
1235 G	0.04904	0.00704	0.94392
1236 T	0.05024	0.00617	0.94359
1237 G	0.04950	0.00805	0.94245
1238 T	0.04874	0.01160	0.93965
1239 G	0.04639	0.01544	0.93817
1240 T	0.04624	0.01729	0.93646
1241 T	0.04445	0.02217	0.93338
1242 A	0.04083	0.03049	0.92867
1243 A	0.03940	0.03338	0.92722
1244 T	0.03830	0.03494	0.92676
1245 G	0.02845	0.04491	0.92665
1246 G	0.02325	0.05013	0.92663
1247 G	0.01988	0.05355	0.92657
1248 G	0.01725	0.05621	0.92654
1249 C	0.01539	0.05807	0.92654
1250 C	0.01465	0.05883	0.92652
1251 A	0.01406	0.05949	0.92645
1252 G	0.01362	0.05999	0.92639
1253 C	0.01340	0.06026	0.92634
1254 T	0.01328	0.06055	0.92616
1255 A	0.01303	0.06115	0.92582
1256 A	0.01277	0.06166	0.92556
1257 A	0.01278	0.06183	0.92539
1258 A	0.01295	0.06147	0.92558
1259 A	0.01343	0.06004	0.92653
1260 A	0.01502	0.05667	0.9283
1261 T	0.01916	0.05078	0.93006
1262 C	0.02065	0.04605	0.9333
1263 A	0.02197	0.04469	0.93334
1264 A	0.02414	0.04189	0.93398
1265 T	0.02783	0.03620	0.93597
1266 T	0.02796	0.03621	0.93583
1267 A	0.02526	0.04045	0.93429
1268 A	0.02359	0.03582	0.94058
1269 A	0.02158	0.03676	0.94167
1270 T	0.02015	0.03636	0.94349
1271 A	0.01768	0.04391	0.93841
1272 T	0.01631	0.05074	0.93295
1273 A	0.01405	0.05764	0.9283
1274 A	0.01354	0.06142	0.92503
1275 T	0.01324	0.06452	0.92224
1276 G	0.01259	0.06817	0.91924
1277 A	0.01239	0.07335	0.91426
1278 A	0.01253	0.07486	0.91261
1279 G	0.01261	0.07620	0.91119
1280 A	0.01272	0.07691	0.91037
1281 A	0.01270	0.07725	0.91005
1282 G	0.01268	0.07769	0.90963
1283 A	0.01277	0.07788	0.90935
1284 A	0.01287	0.07794	0.90919
1285 A	0.01303	0.07770	0.90928
1286 G	0.01385	0.07649	0.90966
1287 A	0.01505	0.07520	0.90974
1288 A	0.01613	0.07389	0.90999
1289 A	0.01749	0.07181	0.9107
1290 A	0.01989	0.06672	0.9134
1291 A	0.02437	0.06012	0.91551
1292 T	0.02973	0.05211	0.91816
1293 G	0.03177	0.04802	0.9202
1294 G	0.03943	0.03815	0.92242
1295 T	0.04762	0.02862	0.92377
1296 C	0.05193	0.02262	0.92545
1297 G	0.05501	0.01965	0.92533
1298 C	0.05876	0.01661	0.92463
1299 T	0.06214	0.01394	0.92391
1300 T	0.06554	0.01104	0.92342
1301 A	0.06619	0.01109	0.92272
1302 T	0.06610	0.01179	0.92212
1303 C	0.06269	0.01588	0.92143
1304 A	0.05949	0.02046	0.92005
1305 T	0.05772	0.02372	0.91857
1306 G	0.04502	0.03690	0.91808
1307 A	0.04044	0.04173	0.91783
1308 A	0.03765	0.04465	0.9177
1309 G	0.03580	0.04644	0.91776
1310 C	0.03451	0.04775	0.91773
1311 A	0.03288	0.04942	0.91771
1312 G	0.03197	0.05035	0.91768
1313 G	0.03134	0.05098	0.91769
1314 A	0.03083	0.05149	0.91767
1315 C	0.03065	0.05166	0.91768
1316 A	0.03052	0.05173	0.91775
1317 C	0.03046	0.05170	0.91784
1318 G	0.03046	0.05166	0.91789
1319 C	0.03058	0.05149	0.91793
1320 A	0.03108	0.05099	0.91793
1321 G	0.03218	0.04978	0.91804
1322 T	0.03338	0.04847	0.91815
1323 C	0.03401	0.04658	0.91941
1324 A	0.03471	0.04557	0.91972
1325 T	0.03578	0.04221	0.92202
1326 T	0.03653	0.03742	0.92606
1327 G	0.03730	0.03315	0.92955
1328 G	0.03851	0.03002	0.93146
1329 T	0.03911	0.01677	0.94413
