# lcl|CP097583.1_cds_USQ93608.1_1
# AA	inside	membr	outside
1 A	0.32468	0.00000	0.67531
2 T	0.32394	0.00074	0.67531
3 G	0.32354	0.00114	0.67531
4 A	0.32354	0.00611	0.67034
5 A	0.32097	0.01400	0.66502
6 T	0.32097	0.01526	0.66376
7 C	0.30148	0.03573	0.66278
8 A	0.30148	0.03583	0.66268
9 A	0.30043	0.03914	0.66042
10 A	0.30042	0.20251	0.49706
11 A	0.29982	0.20753	0.49264
12 T	0.28700	0.22192	0.49108
13 G	0.08412	0.44175	0.47413
14 A	0.08408	0.44179	0.47413
15 A	0.08408	0.77549	0.14043
16 G	0.08250	0.77707	0.14042
17 A	0.08092	0.78164	0.13744
18 G	0.08087	0.78460	0.13452
19 T	0.08040	0.78678	0.13282
20 T	0.07609	0.81820	0.10571
21 A	0.05668	0.83772	0.10559
22 A	0.05651	0.83923	0.10426
23 A	0.05655	0.83917	0.10428
24 A	0.05694	0.83869	0.10437
25 T	0.05777	0.83571	0.10652
26 T	0.05818	0.83431	0.10751
27 C	0.05998	0.83054	0.10949
28 A	0.06227	0.82742	0.11032
29 A	0.06374	0.82561	0.11066
30 C	0.06853	0.81131	0.12016
31 A	0.07063	0.80923	0.12015
32 A	0.07840	0.80111	0.12048
33 T	0.22868	0.64883	0.12248
34 A	0.23373	0.64270	0.12357
35 A	0.24066	0.62486	0.13448
36 A	0.25748	0.41715	0.32537
37 A	0.27025	0.39853	0.33121
38 C	0.57966	0.07996	0.34038
39 T	0.59363	0.06519	0.34118
40 T	0.61012	0.04620	0.34367
41 T	0.61406	0.04081	0.34513
42 T	0.61433	0.04027	0.3454
43 T	0.62025	0.03212	0.34764
44 C	0.60824	0.02755	0.36421
45 T	0.59950	0.04423	0.35628
46 G	0.59091	0.05471	0.35437
47 T	0.58659	0.06320	0.35021
48 T	0.56990	0.09646	0.33364
49 A	0.43477	0.25231	0.31292
50 A	0.26285	0.57159	0.16556
51 T	0.23993	0.59876	0.1613
52 A	0.16430	0.68587	0.14982
53 A	0.10213	0.76309	0.13479
54 A	0.09109	0.77451	0.13439
55 A	0.08379	0.78408	0.13213
56 A	0.07828	0.78959	0.13213
57 A	0.07051	0.79692	0.13257
58 C	0.06580	0.80141	0.13279
59 A	0.06468	0.80261	0.13271
60 A	0.06411	0.80319	0.13269
61 G	0.06418	0.80309	0.13273
62 T	0.06776	0.79927	0.13296
63 A	0.06825	0.79868	0.13307
64 G	0.06905	0.79499	0.13596
65 T	0.07133	0.78986	0.13882
66 T	0.07159	0.78735	0.14107
67 A	0.07154	0.77787	0.15059
68 A	0.07620	0.76304	0.16077
69 A	0.07884	0.74714	0.17402
70 A	0.08610	0.72533	0.18856
71 A	0.10442	0.68112	0.21446
72 A	0.13244	0.51988	0.34768
73 T	0.26631	0.21745	0.51624
74 G	0.27055	0.18276	0.54669
75 G	0.28176	0.11496	0.60328
76 T	0.29415	0.08686	0.61898
77 A	0.29009	0.11171	0.5982
78 T	0.29088	0.11706	0.59206
79 T	0.28124	0.13053	0.58823
80 T	0.27948	0.13354	0.58697
81 A	0.27290	0.15284	0.57426
82 G	0.26940	0.16289	0.56771
83 T	0.26689	0.16716	0.56596
84 T	0.25537	0.18270	0.56193
85 G	0.24230	0.20266	0.55503
86 A	0.24164	0.21381	0.54455
87 T	0.24105	0.22850	0.53045
88 G	0.23966	0.23681	0.52353
89 T	0.23892	0.25551	0.50557
90 T	0.23770	0.26640	0.4959
91 A	0.23287	0.28850	0.47863
92 A	0.22706	0.30356	0.46938
93 A	0.22188	0.31137	0.46675
94 G	0.22183	0.31454	0.46363
95 G	0.22255	0.31729	0.46016
96 A	0.22478	0.31837	0.45686
97 A	0.22862	0.31739	0.45398
98 A	0.23651	0.31025	0.45324
99 A	0.26822	0.27765	0.45413
100 G	0.30201	0.23861	0.45938
101 T	0.32611	0.21254	0.46135
102 T	0.33519	0.19749	0.46732
103 T	0.33824	0.19557	0.46619
104 T	0.33677	0.19491	0.46832
105 A	0.31915	0.21553	0.46533
106 G	0.31056	0.22444	0.465
107 G	0.30903	0.22014	0.47082
108 T	0.31481	0.21295	0.47225
109 A	0.32110	0.22041	0.45849
110 G	0.33351	0.21162	0.45487
111 A	0.33635	0.21537	0.44828
112 T	0.35293	0.19737	0.4497
113 G	0.35641	0.19179	0.4518
114 T	0.36955	0.17464	0.4558
115 G	0.37248	0.16801	0.45952
116 C	0.37283	0.16432	0.46285
117 C	0.37440	0.16260	0.463
118 A	0.37331	0.16394	0.46275
119 C	0.37406	0.16345	0.46249
120 T	0.37540	0.16390	0.4607
121 A	0.37312	0.17005	0.45683
122 A	0.37280	0.17218	0.45502
123 A	0.37332	0.17229	0.45439
124 A	0.37493	0.16992	0.45515
125 T	0.38025	0.15648	0.46327
126 T	0.38490	0.14443	0.47067
127 G	0.38812	0.13216	0.47972
128 C	0.39546	0.10926	0.49528
129 T	0.40108	0.10074	0.49818
130 A	0.40332	0.10205	0.49464
131 G	0.40944	0.09986	0.49071
132 T	0.42247	0.09522	0.48231
133 A	0.42547	0.10894	0.4656
134 T	0.43151	0.10292	0.46557
135 T	0.43189	0.10909	0.45903
136 T	0.43153	0.12045	0.44802
137 T	0.43059	0.13654	0.43286
138 A	0.42627	0.15010	0.42363
139 A	0.42291	0.16477	0.41232
140 A	0.41658	0.17377	0.40965
141 A	0.41241	0.17667	0.41093
142 G	0.41110	0.17928	0.40962
143 G	0.41156	0.17916	0.40927
144 T	0.41439	0.17734	0.40827
145 A	0.41495	0.17714	0.40791
146 A	0.41549	0.17681	0.4077
147 A	0.41558	0.17701	0.40741
148 G	0.41578	0.17813	0.40609
149 C	0.41603	0.17814	0.40583
150 T	0.41565	0.18338	0.40097
151 A	0.41394	0.18581	0.40025
152 A	0.41546	0.18442	0.40012
153 A	0.42109	0.17843	0.40048
154 A	0.42678	0.17237	0.40086
155 C	0.43996	0.15734	0.4027
156 T	0.46438	0.13215	0.40347
157 C	0.47485	0.12142	0.40373
158 A	0.48696	0.11010	0.40294
159 T	0.50130	0.09622	0.40247
160 T	0.51176	0.08575	0.40249
161 A	0.51621	0.07824	0.40554
162 T	0.52651	0.06524	0.40826
163 A	0.52615	0.05846	0.41539
164 C	0.52674	0.05228	0.42097
165 T	0.52878	0.04857	0.42265
166 C	0.52381	0.05256	0.42363
167 C	0.52190	0.05442	0.42367
168 G	0.51894	0.05787	0.42319
169 A	0.51882	0.05844	0.42274
170 A	0.52027	0.05709	0.42264
171 T	0.52275	0.05463	0.42262
172 G	0.52366	0.05380	0.42255
173 T	0.52786	0.04733	0.4248
174 T	0.52825	0.04436	0.42738
175 G	0.52806	0.04382	0.42811
176 A	0.52800	0.04325	0.42875
177 T	0.52781	0.04252	0.42968
178 A	0.52729	0.04263	0.43008
179 A	0.52701	0.04224	0.43076
180 C	0.52703	0.04079	0.43218
181 G	0.52749	0.04002	0.43249
182 G	0.52811	0.03917	0.43273
183 T	0.52850	0.03870	0.4328
184 G	0.52857	0.03851	0.43291
185 A	0.52858	0.03881	0.43261
186 T	0.52868	0.03443	0.43689
187 T	0.52875	0.03177	0.43948
188 A	0.52877	0.02997	0.44125
189 T	0.52893	0.02402	0.44705
190 G	0.52888	0.02042	0.4507
191 T	0.52926	0.01736	0.45338
192 T	0.52650	0.02018	0.45332
193 G	0.51915	0.02865	0.4522
194 C	0.51785	0.03072	0.45142
195 T	0.51730	0.03501	0.44769
196 G	0.51532	0.04134	0.44334
197 T	0.51500	0.04398	0.44102
198 T	0.51452	0.04733	0.43815
199 A	0.51308	0.05085	0.43607
200 T	0.51152	0.05355	0.43494
201 T	0.50525	0.06042	0.43434
202 A	0.50160	0.06386	0.43454
203 A	0.49946	0.06595	0.4346
204 T	0.49872	0.06641	0.43487
205 G	0.49756	0.06745	0.43498
206 C	0.49756	0.06740	0.43504
207 A	0.49568	0.06945	0.43487
208 T	0.49501	0.07028	0.43472
209 C	0.49178	0.07380	0.43443
210 T	0.48765	0.07913	0.43323
211 A	0.47859	0.08983	0.43158
212 A	0.47259	0.09721	0.43019
213 A	0.47009	0.09952	0.43038
214 A	0.46980	0.09961	0.43059
215 T	0.47227	0.09294	0.43479
216 T	0.47496	0.08187	0.44316
217 C	0.47551	0.07977	0.44471
218 A	0.47812	0.07830	0.44358
219 T	0.48209	0.07487	0.44303
220 T	0.48168	0.07567	0.44265
221 T	0.46316	0.09545	0.44139
222 A	0.40468	0.15627	0.43905
223 A	0.35043	0.21090	0.43868
224 C	0.29091	0.26771	0.44138
225 A	0.23440	0.33778	0.42782
226 G	0.20469	0.37222	0.42308
227 G	0.19023	0.39364	0.41613
228 A	0.18174	0.41067	0.4076
229 A	0.17491	0.42328	0.40182
230 A	0.17158	0.42619	0.40222
231 A	0.17086	0.42590	0.40325
232 A	0.17053	0.42335	0.40611
233 A	0.17104	0.41820	0.41076
234 A	0.17195	0.40805	0.42
235 T	0.17288	0.39971	0.42741
236 G	0.17216	0.39780	0.43004
237 G	0.17189	0.39777	0.43034
238 C	0.17157	0.40163	0.4268
239 A	0.17130	0.40776	0.42094
240 A	0.17138	0.40898	0.41964
241 A	0.17297	0.40825	0.41878
242 A	0.17478	0.40664	0.41858
243 A	0.17601	0.40428	0.41972
244 A	0.17884	0.37595	0.4452
245 A	0.18354	0.30975	0.50671
246 A	0.18951	0.24690	0.56359
247 G	0.19864	0.17513	0.62623
248 T	0.21874	0.10343	0.67783
249 T	0.22563	0.07243	0.70195
250 T	0.23031	0.06029	0.70941
251 A	0.23319	0.05886	0.70795
252 T	0.23657	0.05474	0.70869
253 T	0.23769	0.06276	0.69955
254 A	0.23696	0.07859	0.68445
255 T	0.23646	0.08169	0.68184
256 A	0.23448	0.09013	0.67539
257 G	0.23390	0.09528	0.67082
258 A	0.23377	0.09861	0.66762
259 C	0.23499	0.09684	0.66818
260 A	0.23664	0.09666	0.6667
261 T	0.24245	0.09109	0.66646
262 T	0.24761	0.08623	0.66616
263 C	0.24886	0.08515	0.66599
264 A	0.24985	0.08512	0.66504
265 G	0.25099	0.08465	0.66436
266 G	0.25214	0.08488	0.66298
267 T	0.25427	0.08307	0.66265
268 T	0.25514	0.08223	0.66263
269 A	0.25509	0.08226	0.66265
270 T	0.25545	0.08184	0.66271
271 C	0.25576	0.08146	0.66278
272 C	0.25697	0.08028	0.66275
273 A	0.25908	0.07869	0.66223
274 G	0.26634	0.07174	0.66193
275 G	0.27144	0.06688	0.66168
276 T	0.28523	0.05347	0.6613
277 G	0.29767	0.04071	0.66162
278 G	0.30186	0.03548	0.66266
279 G	0.30874	0.02705	0.66421
280 T	0.31479	0.02066	0.66456
281 T	0.31751	0.01797	0.66452
282 G	0.31669	0.01973	0.66358
283 T	0.31734	0.02068	0.66198
284 C	0.31663	0.02468	0.65868
285 T	0.31483	0.03927	0.64589
286 A	0.31182	0.05263	0.63555
287 A	0.31095	0.06207	0.62697
288 A	0.31018	0.07220	0.61762
289 A	0.31056	0.07341	0.61603
290 T	0.31043	0.07457	0.615
291 A	0.30916	0.07828	0.61257
292 A	0.30816	0.07892	0.61292
293 C	0.30743	0.07922	0.61336
294 T	0.30697	0.07974	0.61329
295 G	0.30560	0.08151	0.61288
296 C	0.30554	0.08197	0.6125
297 T	0.30568	0.08305	0.61127
298 G	0.30551	0.08473	0.60976
299 G	0.30575	0.08545	0.6088
300 T	0.30633	0.08684	0.60683
301 G	0.30657	0.09032	0.60311
302 A	0.30713	0.09186	0.60101
303 A	0.30778	0.09275	0.59948
304 A	0.30902	0.09344	0.59754
305 T	0.31168	0.08992	0.59839
306 G	0.31367	0.08848	0.59785
307 A	0.31737	0.08581	0.59682
308 T	0.32878	0.07308	0.59813
309 G	0.33505	0.06553	0.59941
310 A	0.34071	0.05992	0.59936
311 A	0.34796	0.05214	0.59989
312 A	0.34987	0.04991	0.60021
313 A	0.35159	0.04848	0.59994
314 A	0.35494	0.04484	0.60022
315 A	0.35696	0.04172	0.60132
316 T	0.35971	0.03770	0.60259
317 T	0.36097	0.03562	0.60342
318 T	0.36180	0.03354	0.60466
319 C	0.36198	0.03274	0.60529
320 C	0.36267	0.03190	0.60543
321 T	0.36381	0.03068	0.60551
322 A	0.36438	0.03007	0.60554
323 C	0.36650	0.02790	0.6056
324 T	0.37043	0.02397	0.6056
325 C	0.37208	0.02227	0.60566
326 G	0.37373	0.02056	0.60571
327 T	0.37645	0.01788	0.60567
328 G	0.37762	0.01693	0.60545
329 T	0.37982	0.01496	0.60522
330 T	0.38165	0.01462	0.60372
331 G	0.38179	0.01516	0.60305
332 T	0.38230	0.01543	0.60227
333 T	0.38237	0.01616	0.60147
334 G	0.38112	0.01848	0.6004
335 A	0.37997	0.02169	0.59834
336 G	0.38034	0.02360	0.59606
337 A	0.38103	0.02356	0.5954
338 A	0.38128	0.02411	0.5946
339 A	0.38149	0.02437	0.59414
340 G	0.38173	0.02430	0.59396
341 C	0.38200	0.02413	0.59387
342 T	0.38220	0.02522	0.59257
343 A	0.38227	0.02759	0.59014
344 T	0.38237	0.02754	0.59009
345 T	0.38218	0.02779	0.59003
346 T	0.38160	0.02864	0.58975
347 T	0.37964	0.03068	0.58967
348 C	0.36954	0.04075	0.58971
349 G	0.36644	0.04439	0.58917
350 G	0.36386	0.04773	0.5884
351 A	0.36226	0.05040	0.58733
352 A	0.36258	0.05098	0.58644
353 T	0.36487	0.04954	0.58559
354 G	0.36535	0.04876	0.58589
355 T	0.36645	0.04730	0.58624
356 T	0.36610	0.04716	0.58674
357 A	0.36563	0.04635	0.58802
358 C	0.36584	0.04476	0.5894
359 C	0.36640	0.04402	0.58958
360 A	0.36544	0.04527	0.5893
361 C	0.36540	0.04530	0.58929
362 A	0.36341	0.04746	0.58913
363 T	0.36313	0.04790	0.58897
364 A	0.36124	0.05000	0.58876
365 C	0.36079	0.05037	0.58884
366 T	0.36199	0.04972	0.5883
367 A	0.36017	0.05235	0.58748
368 A	0.35604	0.05671	0.58725
369 A	0.34993	0.06281	0.58726
370 T	0.34473	0.06791	0.58736
371 T	0.32777	0.07920	0.59303
372 A	0.29158	0.11863	0.58979
373 G	0.26748	0.14372	0.58879
374 G	0.25897	0.16107	0.57996
375 A	0.25526	0.16611	0.57863
376 A	0.25380	0.16792	0.57828
377 A	0.25303	0.16776	0.57921
378 T	0.25270	0.16717	0.58012
379 C	0.25222	0.16633	0.58144
380 A	0.25175	0.16738	0.58087
381 A	0.25157	0.16696	0.58147
382 A	0.25145	0.16604	0.58251
383 T	0.25169	0.16423	0.58407
384 G	0.25167	0.16333	0.58501
385 C	0.25181	0.15958	0.5886
386 G	0.25200	0.15850	0.5895
387 T	0.25227	0.15672	0.59101
388 A	0.25235	0.15752	0.59014
389 A	0.25286	0.15694	0.5902
390 G	0.25383	0.15505	0.59113
391 A	0.25481	0.14932	0.59587
392 A	0.25630	0.13756	0.60613
393 A	0.25961	0.12453	0.61586
394 T	0.26763	0.09698	0.63539
395 T	0.27342	0.05988	0.66669
396 G	0.27616	0.03844	0.68539
397 T	0.28327	0.02777	0.68896
398 T	0.28445	0.02836	0.68719
399 T	0.28480	0.03778	0.67743
400 G	0.28485	0.04923	0.66592
401 T	0.28481	0.06589	0.64929
402 T	0.28453	0.07011	0.64536
403 T	0.28494	0.07186	0.6432
404 A	0.28438	0.07453	0.64109
405 T	0.28394	0.07635	0.6397
406 C	0.28249	0.07937	0.63815
407 C	0.27653	0.09131	0.63216
408 T	0.27333	0.10375	0.62293
409 A	0.27201	0.11924	0.60875
410 A	0.27128	0.12728	0.60144
411 T	0.27244	0.12852	0.59904
412 G	0.27184	0.12965	0.59851
413 A	0.27145	0.13109	0.59746
414 A	0.27164	0.13105	0.59731
415 T	0.27240	0.13039	0.59721
416 C	0.26967	0.13349	0.59684
417 A	0.26936	0.13600	0.59464
418 C	0.27036	0.13699	0.59265
419 A	0.27287	0.14101	0.58611
420 T	0.27734	0.13773	0.58493
421 A	0.27912	0.13773	0.58315
422 G	0.28513	0.13307	0.5818
423 A	0.26503	0.15572	0.57925
424 C	0.26149	0.15959	0.57892
425 A	0.24863	0.17450	0.57686
426 T	0.24516	0.17910	0.57574
427 G	0.23531	0.18903	0.57567
428 A	0.22302	0.20144	0.57554
429 A	0.21825	0.20509	0.57666
430 T	0.21613	0.19962	0.58425
431 C	0.20462	0.20758	0.5878
432 A	0.19605	0.21891	0.58505
433 C	0.18634	0.23109	0.58256
434 A	0.16390	0.26679	0.56931
435 A	0.14971	0.28214	0.56815
436 A	0.13447	0.29747	0.56806
437 A	0.13323	0.29833	0.56844
438 A	0.13250	0.29865	0.56885
439 C	0.13321	0.29457	0.57222
440 C	0.13596	0.29070	0.57335
441 A	0.13869	0.28769	0.57362
442 A	0.14465	0.28136	0.57399
443 A	0.14685	0.27878	0.57438
444 A	0.14924	0.27541	0.57534
445 A	0.15160	0.26912	0.57929
446 T	0.15549	0.22683	0.61769
447 T	0.15683	0.20202	0.64115
448 T	0.15880	0.18112	0.66009
449 T	0.15952	0.17163	0.66885
450 A	0.15969	0.16136	0.67895
451 G	0.16000	0.14439	0.69561
452 A	0.16029	0.13361	0.7061
453 G	0.16082	0.11794	0.72124
454 G	0.16260	0.09910	0.73829
455 T	0.16695	0.07932	0.75373
456 A	0.16971	0.06500	0.76529
457 T	0.18080	0.03164	0.78755
458 A	0.18173	0.01727	0.801
459 A	0.18209	0.00000	0.81792
