# lcl|CP097583.1_cds_USQ93382.1_1
# AA	inside	membr	outside
1 A	0.44604	0.00000	0.55396
2 T	0.44454	0.00150	0.55396
3 G	0.44288	0.00316	0.55396
4 A	0.44288	0.18545	0.37167
5 T	0.42680	0.30130	0.2719
6 G	0.42680	0.33156	0.24164
7 G	0.32892	0.45089	0.22019
8 A	0.32891	0.45131	0.21977
9 A	0.32644	0.45734	0.21622
10 T	0.32644	0.50081	0.17276
11 A	0.32591	0.50378	0.17031
12 T	0.32239	0.50811	0.16949
13 T	0.31666	0.51527	0.16807
14 C	0.31666	0.51527	0.16807
15 G	0.31666	0.53674	0.1466
16 A	0.31620	0.53720	0.1466
17 C	0.31497	0.53875	0.14628
18 A	0.31467	0.54199	0.14335
19 A	0.30502	0.55436	0.14062
20 A	0.27706	0.61032	0.11262
21 A	0.24972	0.63771	0.11257
22 G	0.24963	0.63893	0.11144
23 G	0.25162	0.63738	0.111
24 A	0.26032	0.62982	0.10987
25 A	0.27139	0.61558	0.11304
26 A	0.28312	0.60029	0.1166
27 T	0.45348	0.42131	0.12521
28 G	0.53142	0.32925	0.13933
29 A	0.56046	0.29655	0.14299
30 T	0.59133	0.18679	0.22188
31 T	0.59434	0.18031	0.22534
32 C	0.59706	0.17411	0.22883
33 T	0.62545	0.14486	0.22969
34 C	0.62751	0.14230	0.23019
35 C	0.63065	0.13842	0.23093
36 T	0.63371	0.13552	0.23077
37 T	0.63497	0.13664	0.22839
38 A	0.64547	0.12936	0.22517
39 T	0.63611	0.16886	0.19504
40 A	0.62692	0.18618	0.1869
41 A	0.62712	0.18502	0.18787
42 T	0.63145	0.17010	0.19845
43 T	0.65510	0.12021	0.22469
44 T	0.65440	0.10458	0.24102
45 T	0.65342	0.10470	0.24188
46 A	0.64841	0.11025	0.24133
47 T	0.64556	0.11362	0.24082
48 T	0.64403	0.11631	0.23965
49 T	0.64238	0.12043	0.2372
50 T	0.64041	0.12395	0.23564
51 T	0.63891	0.12913	0.23197
52 T	0.63570	0.13403	0.23027
53 T	0.62799	0.14432	0.22769
54 A	0.61885	0.15445	0.2267
55 T	0.61103	0.16311	0.22586
56 C	0.60367	0.17207	0.22426
57 A	0.59550	0.19116	0.21333
58 G	0.59115	0.20317	0.20569
59 A	0.59119	0.20588	0.20293
60 A	0.59321	0.20623	0.20056
61 A	0.59783	0.20360	0.19858
62 A	0.62884	0.16458	0.20658
63 T	0.64031	0.14456	0.21513
64 T	0.64414	0.13970	0.21615
65 T	0.63606	0.15386	0.21009
66 T	0.61590	0.17847	0.20563
67 G	0.57673	0.23081	0.19246
68 A	0.52108	0.29552	0.1834
69 A	0.47322	0.34652	0.18026
70 A	0.44993	0.37141	0.17865
71 T	0.44228	0.38624	0.17147
72 G	0.43251	0.40968	0.15781
73 G	0.42160	0.44260	0.1358
74 A	0.41660	0.45366	0.12973
75 A	0.41601	0.46020	0.12379
76 T	0.41377	0.45889	0.12734
77 A	0.40953	0.45865	0.13182
78 C	0.40750	0.45321	0.13929
79 G	0.40453	0.45326	0.14222
80 C	0.41141	0.44307	0.14552
81 T	0.41729	0.43781	0.14489
82 C	0.41795	0.43809	0.14396
83 A	0.41936	0.43805	0.14259
84 T	0.42305	0.43494	0.14201
85 A	0.42504	0.43420	0.14076
86 A	0.42948	0.42930	0.14122
87 A	0.43693	0.42127	0.1418
88 T	0.44804	0.39194	0.16002
89 A	0.45275	0.36047	0.18679
90 T	0.46452	0.30440	0.23108
91 A	0.47049	0.24098	0.28853
92 T	0.47723	0.18368	0.33909
93 C	0.48199	0.15957	0.35843
94 G	0.49156	0.15885	0.3496
95 A	0.50640	0.14925	0.34434
96 A	0.52507	0.13115	0.34379
97 G	0.53104	0.12660	0.34237
98 A	0.54052	0.12454	0.33494
99 T	0.54908	0.12212	0.3288
100 T	0.55304	0.15057	0.29638
101 A	0.55217	0.17056	0.27727
102 T	0.55190	0.19143	0.25667
103 T	0.54336	0.23700	0.21963
104 T	0.52242	0.29563	0.18195
105 C	0.44806	0.42050	0.13144
106 A	0.34342	0.57183	0.08475
107 A	0.28878	0.64475	0.06646
108 G	0.24320	0.69595	0.06085
109 A	0.22087	0.71945	0.05967
110 C	0.20812	0.73263	0.05925
111 A	0.19923	0.74233	0.05844
112 A	0.19543	0.74626	0.05831
113 C	0.19462	0.74695	0.05843
114 A	0.19429	0.74746	0.05825
115 G	0.19550	0.74633	0.05817
116 A	0.20049	0.74056	0.05896
117 T	0.21531	0.72452	0.06017
118 A	0.22139	0.71805	0.06055
119 A	0.22814	0.70942	0.06243
120 C	0.23491	0.70109	0.064
121 A	0.24165	0.69453	0.06382
122 A	0.25296	0.68305	0.064
123 A	0.29001	0.64520	0.06479
124 A	0.32283	0.60975	0.06743
125 G	0.36324	0.56543	0.07133
126 T	0.41691	0.49373	0.08936
127 A	0.44914	0.43500	0.11586
128 A	0.49069	0.31384	0.19548
129 T	0.53391	0.15995	0.30614
130 T	0.55087	0.09441	0.35471
131 T	0.55427	0.05613	0.38961
132 T	0.55373	0.04391	0.40236
133 T	0.54844	0.04574	0.40582
134 T	0.53171	0.05699	0.4113
135 T	0.47699	0.11173	0.41127
136 G	0.38365	0.20961	0.40674
137 G	0.33036	0.26462	0.40502
138 C	0.29133	0.30713	0.40154
139 A	0.24887	0.36804	0.38308
140 T	0.23783	0.38898	0.37319
141 C	0.21634	0.42567	0.35799
142 G	0.20240	0.48607	0.31154
143 A	0.19776	0.56614	0.23611
144 T	0.19634	0.57587	0.22779
145 A	0.18681	0.59790	0.21529
146 A	0.18091	0.60970	0.20939
147 A	0.17664	0.61940	0.20396
148 C	0.15948	0.64619	0.19433
149 A	0.15092	0.66718	0.18191
150 T	0.14724	0.68017	0.17259
151 G	0.13823	0.70197	0.1598
152 A	0.12840	0.72950	0.1421
153 T	0.12187	0.74232	0.13582
154 A	0.10792	0.76097	0.13111
155 A	0.10060	0.76855	0.13085
156 A	0.10050	0.76024	0.13926
157 A	0.09729	0.74417	0.15853
158 A	0.09594	0.68820	0.21587
159 G	0.10016	0.59155	0.30829
160 G	0.10360	0.53985	0.35655
161 A	0.10980	0.49806	0.39213
162 C	0.13696	0.43435	0.42869
163 A	0.15211	0.41912	0.42876
164 T	0.17154	0.38743	0.44103
165 C	0.20120	0.35226	0.44653
166 G	0.25242	0.31519	0.43239
167 A	0.25819	0.33634	0.40548
168 A	0.24528	0.38994	0.36478
169 G	0.24485	0.41651	0.33865
170 A	0.24411	0.45906	0.29683
171 T	0.25815	0.45274	0.28911
172 A	0.26767	0.46881	0.26352
173 A	0.27718	0.49735	0.22547
174 A	0.28832	0.50924	0.20244
175 T	0.30116	0.50438	0.19446
176 T	0.29930	0.52774	0.17296
177 A	0.25178	0.57438	0.17384
178 G	0.20896	0.62565	0.16539
179 A	0.18708	0.66564	0.14729
180 A	0.16805	0.69360	0.13834
181 C	0.15995	0.69909	0.14096
182 A	0.15535	0.70863	0.13602
183 A	0.15425	0.71402	0.13174
184 G	0.15569	0.71608	0.12823
185 C	0.15916	0.72192	0.11892
186 T	0.16577	0.73538	0.09886
187 A	0.16490	0.74509	0.09001
188 A	0.17099	0.74264	0.08637
189 A	0.17998	0.73685	0.08317
190 A	0.19598	0.71870	0.08532
191 C	0.23390	0.65148	0.11461
192 A	0.26329	0.61633	0.12038
193 T	0.31432	0.55899	0.12668
194 C	0.32957	0.55058	0.11986
195 A	0.34797	0.55368	0.09835
196 A	0.37573	0.53346	0.09081
197 A	0.40204	0.51146	0.0865
198 T	0.42056	0.48884	0.0906
199 G	0.43216	0.47216	0.09568
200 A	0.42154	0.43469	0.14376
201 A	0.42929	0.38195	0.18876
202 T	0.44404	0.34139	0.21456
203 C	0.42030	0.34645	0.23325
204 A	0.40250	0.37277	0.22474
205 A	0.39242	0.38923	0.21834
206 C	0.38321	0.40271	0.21408
207 A	0.36929	0.43557	0.19514
208 T	0.37118	0.43916	0.18967
209 A	0.36156	0.47549	0.16295
210 T	0.36067	0.49947	0.13986
211 A	0.34135	0.52468	0.13397
212 A	0.32729	0.53572	0.13699
213 A	0.31478	0.53843	0.14679
214 T	0.31503	0.52790	0.15707
215 C	0.31068	0.52326	0.16605
216 A	0.31097	0.52624	0.16279
217 C	0.31974	0.51085	0.16941
218 T	0.33644	0.50028	0.16328
219 A	0.33437	0.50207	0.16356
220 T	0.33754	0.49688	0.16558
221 T	0.32402	0.50514	0.17084
222 A	0.28676	0.53128	0.18196
223 C	0.25172	0.53372	0.21456
224 A	0.23084	0.54989	0.21927
225 A	0.22144	0.55225	0.22631
226 G	0.21661	0.53723	0.24616
227 A	0.22347	0.53319	0.24334
228 A	0.22121	0.53742	0.24137
229 A	0.22786	0.53171	0.24043
230 T	0.24082	0.52054	0.23863
231 A	0.22640	0.58087	0.19273
232 G	0.22663	0.59042	0.18295
233 A	0.22739	0.60323	0.16938
234 A	0.22697	0.59394	0.17909
235 A	0.22976	0.58800	0.18224
236 C	0.23146	0.57611	0.19243
237 A	0.23681	0.58048	0.18271
238 T	0.24441	0.57548	0.18011
239 A	0.24873	0.58004	0.17123
240 T	0.25380	0.57609	0.17012
241 T	0.25862	0.57271	0.16867
242 T	0.25860	0.56434	0.17706
243 A	0.25774	0.56384	0.17843
244 T	0.25820	0.54943	0.19237
245 A	0.25750	0.52279	0.21971
246 T	0.25824	0.48692	0.25484
247 G	0.26011	0.47327	0.26662
248 A	0.26146	0.47321	0.26533
249 A	0.26159	0.47553	0.26288
250 A	0.27608	0.45609	0.26782
251 A	0.29153	0.43050	0.27797
252 A	0.31786	0.39907	0.28307
253 A	0.34798	0.36058	0.29144
254 A	0.40640	0.28294	0.31066
255 T	0.45519	0.21162	0.33319
256 T	0.47996	0.17059	0.34946
257 A	0.49052	0.16195	0.34752
258 T	0.50512	0.16192	0.33296
259 T	0.50889	0.20595	0.28515
260 T	0.50435	0.27547	0.22019
261 A	0.49124	0.29505	0.21372
262 T	0.49659	0.28887	0.21454
263 T	0.49004	0.29630	0.21366
264 T	0.47844	0.30792	0.21363
265 C	0.46268	0.32332	0.214
266 C	0.44986	0.33821	0.21193
267 A	0.41078	0.38528	0.20394
268 T	0.40241	0.39706	0.20053
269 T	0.38528	0.41638	0.19834
270 A	0.35919	0.44409	0.19672
271 A	0.35413	0.44771	0.19815
272 T	0.35111	0.44222	0.20667
273 G	0.33879	0.44913	0.21207
274 T	0.33383	0.45159	0.21459
275 C	0.32583	0.45840	0.21577
276 A	0.31955	0.46512	0.21533
277 G	0.31408	0.47100	0.21492
278 G	0.31182	0.47353	0.21465
279 A	0.31377	0.47201	0.21422
280 A	0.32169	0.46363	0.21467
281 A	0.34241	0.43908	0.21851
282 A	0.39591	0.37958	0.22451
283 T	0.46024	0.29903	0.24073
284 C	0.46532	0.26800	0.26668
285 A	0.46657	0.26023	0.2732
286 T	0.47124	0.24427	0.28449
287 T	0.47387	0.23312	0.29301
288 T	0.47384	0.22430	0.30186
289 A	0.47265	0.21749	0.30986
290 T	0.47682	0.16214	0.36104
291 T	0.47091	0.15171	0.37738
292 T	0.45345	0.16085	0.38569
293 T	0.40410	0.22987	0.36603
294 A	0.31593	0.36062	0.32345
295 G	0.28068	0.43569	0.28363
296 T	0.27050	0.47128	0.25822
297 T	0.25703	0.50730	0.23567
298 A	0.23533	0.55483	0.20984
299 A	0.22418	0.57784	0.19798
300 T	0.21795	0.58507	0.19697
301 A	0.20142	0.60521	0.19337
302 A	0.18549	0.62768	0.18683
303 A	0.18073	0.63737	0.1819
304 G	0.17933	0.65030	0.17037
305 A	0.17799	0.66598	0.15604
306 A	0.17695	0.67611	0.14694
307 A	0.17632	0.68708	0.1366
308 T	0.17538	0.69099	0.13363
309 A	0.16940	0.70505	0.12555
310 G	0.16859	0.70980	0.12161
311 A	0.16887	0.71689	0.11424
312 A	0.17015	0.71586	0.11398
313 A	0.17257	0.70988	0.11755
314 A	0.18183	0.68755	0.13061
315 A	0.19989	0.64334	0.15677
316 G	0.25409	0.52745	0.21846
317 G	0.31842	0.38175	0.29984
318 T	0.38856	0.28642	0.32501
319 T	0.42014	0.26451	0.31535
320 T	0.42845	0.31451	0.25703
321 T	0.42283	0.31678	0.2604
322 G	0.37317	0.36406	0.26277
323 A	0.33890	0.39876	0.26234
324 A	0.31513	0.41335	0.27151
325 C	0.30346	0.41476	0.28178
326 A	0.29809	0.42493	0.27698
327 A	0.29049	0.43557	0.27395
328 G	0.28394	0.44131	0.27475
329 A	0.28183	0.44345	0.27473
330 T	0.28660	0.43877	0.27463
331 A	0.28435	0.43898	0.27666
332 C	0.28936	0.42677	0.28387
333 A	0.29089	0.42537	0.28373
334 T	0.30020	0.41600	0.2838
335 T	0.30025	0.42054	0.27921
336 T	0.28968	0.44156	0.26876
337 A	0.27372	0.46507	0.26121
338 G	0.26281	0.47868	0.25852
339 T	0.25900	0.48576	0.25525
340 A	0.25580	0.48914	0.25505
341 G	0.25939	0.48263	0.25798
342 A	0.28249	0.45388	0.26363
343 T	0.35188	0.37141	0.27671
344 T	0.36385	0.34138	0.29477
345 T	0.36946	0.28884	0.3417
346 T	0.37101	0.26389	0.3651
347 A	0.36975	0.24821	0.38204
348 T	0.36955	0.23453	0.39592
349 A	0.36671	0.23235	0.40095
350 A	0.36644	0.21557	0.41798
351 T	0.36456	0.20020	0.43523
352 A	0.35708	0.20845	0.43447
353 T	0.34883	0.22034	0.43084
354 G	0.30250	0.28837	0.40913
355 A	0.26596	0.32911	0.40493
356 G	0.26080	0.33148	0.40772
357 A	0.25756	0.33993	0.40251
358 A	0.26114	0.33702	0.40185
359 C	0.27263	0.31647	0.4109
360 T	0.27843	0.31098	0.41058
361 A	0.27138	0.33657	0.39205
362 T	0.26934	0.35717	0.37349
363 T	0.25896	0.40325	0.33779
364 G	0.23730	0.52327	0.23944
365 A	0.22510	0.60114	0.17375
366 A	0.21900	0.63282	0.14818
367 T	0.19007	0.68702	0.1229
368 A	0.18427	0.70220	0.11353
369 T	0.18423	0.70526	0.11051
370 A	0.16793	0.72636	0.1057
371 A	0.16622	0.72771	0.10607
372 A	0.16788	0.72150	0.11062
373 A	0.17341	0.71179	0.11481
374 A	0.17945	0.70022	0.12032
375 A	0.19139	0.67969	0.12892
376 A	0.20409	0.65732	0.13858
377 A	0.22920	0.59155	0.17924
378 T	0.24106	0.54616	0.21277
379 A	0.24669	0.53292	0.22039
380 A	0.25741	0.51552	0.22707
381 T	0.26901	0.49796	0.23304
382 A	0.27428	0.48886	0.23686
383 A	0.28759	0.46922	0.2432
384 C	0.31782	0.42200	0.26018
385 A	0.34667	0.38759	0.26573
386 A	0.39257	0.33013	0.2773
387 T	0.50561	0.19597	0.29842
388 T	0.56833	0.11932	0.31235
389 A	0.58915	0.08991	0.32094
390 A	0.61721	0.00000	0.38279
