# lcl|CP097583.1_cds_USQ93492.1_1
# AA	inside	membr	outside
1 A	0.45814	0.00000	0.54185
2 T	0.45026	0.00788	0.54185
3 G	0.44464	0.01350	0.54185
4 A	0.44464	0.14739	0.40797
5 A	0.37073	0.29182	0.33744
6 A	0.37073	0.30961	0.31966
7 A	0.17460	0.51848	0.30692
8 A	0.17459	0.51884	0.30656
9 A	0.15262	0.54481	0.30257
10 A	0.15256	0.78100	0.06643
11 A	0.14727	0.80070	0.05203
12 A	0.10417	0.84442	0.0514
13 G	0.02545	0.92670	0.04784
14 A	0.02544	0.92672	0.04784
15 G	0.02544	0.94308	0.03147
16 C	0.02462	0.94391	0.03147
17 A	0.02352	0.94525	0.03123
18 A	0.02349	0.94556	0.03095
19 A	0.02303	0.94608	0.03088
20 T	0.02205	0.94783	0.03012
21 A	0.01907	0.95076	0.03017
22 A	0.02203	0.94712	0.03085
23 A	0.02917	0.93645	0.03439
24 T	0.04708	0.91555	0.03736
25 G	0.05247	0.89411	0.05342
26 A	0.05899	0.87967	0.06134
27 T	0.15284	0.76928	0.07788
28 A	0.18777	0.67921	0.13302
29 A	0.20323	0.65778	0.13899
30 A	0.23440	0.47798	0.28762
31 G	0.24300	0.46642	0.29058
32 A	0.25486	0.44179	0.30335
33 A	0.43814	0.27121	0.29066
34 T	0.45583	0.27208	0.27209
35 A	0.45647	0.25068	0.29285
36 T	0.46729	0.17904	0.35367
37 A	0.46804	0.18194	0.35002
38 T	0.47992	0.17059	0.3495
39 T	0.45398	0.21656	0.32946
40 T	0.43808	0.24063	0.32129
41 T	0.40605	0.28617	0.30777
42 A	0.35158	0.38742	0.26101
43 G	0.30600	0.43447	0.25954
44 A	0.23514	0.51882	0.24604
45 A	0.17376	0.58416	0.24208
46 A	0.15244	0.60723	0.24033
47 C	0.13125	0.62969	0.23906
48 T	0.12053	0.64602	0.23345
49 G	0.09832	0.70249	0.19919
50 A	0.08207	0.75881	0.15913
51 A	0.07442	0.77829	0.14729
52 A	0.06813	0.79232	0.13955
53 A	0.06274	0.80274	0.13452
54 A	0.07038	0.80123	0.12839
55 A	0.08254	0.80087	0.11659
56 A	0.10471	0.77448	0.12081
57 A	0.13232	0.74649	0.12119
58 T	0.14797	0.72964	0.12239
59 T	0.15340	0.73224	0.11436
60 A	0.14734	0.74516	0.1075
61 A	0.13958	0.75744	0.10298
62 A	0.14730	0.73253	0.12017
63 A	0.14835	0.71691	0.13475
64 A	0.15754	0.67212	0.17034
65 A	0.19659	0.58049	0.22292
66 T	0.19948	0.53009	0.27044
67 G	0.20450	0.46909	0.32641
68 A	0.20486	0.43595	0.35919
69 A	0.20651	0.42589	0.3676
70 G	0.21071	0.40372	0.38557
71 A	0.21627	0.39080	0.39293
72 A	0.24558	0.34441	0.41001
73 G	0.27906	0.29568	0.42526
74 C	0.29137	0.27971	0.42892
75 G	0.29995	0.27911	0.42094
76 A	0.30840	0.29033	0.40127
77 A	0.31974	0.28515	0.39511
78 A	0.33448	0.27213	0.39338
79 T	0.34674	0.26059	0.39267
80 G	0.35343	0.24875	0.39782
81 G	0.36201	0.24140	0.3966
82 T	0.37734	0.23327	0.38938
83 A	0.38488	0.22646	0.38866
84 T	0.39243	0.21367	0.3939
85 A	0.39433	0.21148	0.39419
86 T	0.39925	0.19983	0.40093
87 T	0.40078	0.19280	0.40643
88 G	0.39847	0.19177	0.40977
89 T	0.40022	0.18795	0.41183
90 C	0.39621	0.18913	0.41466
91 C	0.39455	0.18965	0.4158
92 A	0.39477	0.18982	0.41541
93 A	0.39512	0.18953	0.41536
94 A	0.39992	0.18429	0.41578
95 C	0.41019	0.17379	0.41602
96 T	0.42426	0.15910	0.41664
97 T	0.43472	0.14568	0.4196
98 A	0.44301	0.13601	0.42098
99 T	0.45812	0.11872	0.42315
100 T	0.45883	0.11652	0.42465
101 C	0.45316	0.11792	0.42892
102 A	0.44893	0.12347	0.4276
103 G	0.44703	0.12616	0.4268
104 G	0.45028	0.12691	0.42281
105 T	0.46001	0.12458	0.41541
106 T	0.46128	0.14023	0.39849
107 A	0.45095	0.15799	0.39105
108 T	0.44566	0.16361	0.39073
109 G	0.43458	0.17720	0.38822
110 A	0.42623	0.18810	0.38568
111 G	0.42304	0.18709	0.38987
112 A	0.42277	0.18462	0.3926
113 A	0.42287	0.17732	0.3998
114 T	0.42362	0.16689	0.4095
115 T	0.42280	0.16068	0.41653
116 C	0.41817	0.16383	0.418
117 T	0.41600	0.17324	0.41077
118 G	0.41172	0.18255	0.40574
119 T	0.40965	0.19155	0.3988
120 A	0.40613	0.20415	0.38972
121 A	0.40459	0.20856	0.38685
122 G	0.40136	0.21079	0.38786
123 A	0.39828	0.21359	0.38813
124 G	0.39470	0.21213	0.39317
125 A	0.39637	0.20650	0.39712
126 A	0.39959	0.19832	0.40209
127 G	0.40588	0.18865	0.40546
128 A	0.41628	0.17687	0.40684
129 T	0.43714	0.15040	0.41247
130 T	0.44584	0.13551	0.41866
131 T	0.44898	0.13062	0.4204
132 A	0.45007	0.13001	0.41992
133 T	0.45177	0.12762	0.42062
134 T	0.45104	0.13553	0.41343
135 A	0.44933	0.13859	0.41208
136 A	0.44936	0.13874	0.41189
137 A	0.44994	0.13869	0.41137
138 A	0.45130	0.13737	0.41132
139 C	0.45538	0.12847	0.41614
140 T	0.46463	0.11874	0.41663
141 G	0.46640	0.11878	0.41482
142 A	0.47202	0.11997	0.40801
143 T	0.47984	0.11507	0.40509
144 T	0.48138	0.12451	0.39412
145 A	0.47981	0.14304	0.37715
146 A	0.47946	0.14363	0.37691
147 T	0.47402	0.14638	0.3796
148 A	0.46186	0.15885	0.37929
149 G	0.45242	0.16842	0.37916
150 C	0.44928	0.17264	0.37808
151 G	0.44888	0.17560	0.37553
152 G	0.44963	0.17678	0.37359
153 A	0.45733	0.16937	0.37331
154 T	0.46741	0.15914	0.37346
155 T	0.47212	0.15421	0.37367
156 A	0.47406	0.15140	0.37453
157 C	0.47895	0.14466	0.37639
158 C	0.48071	0.14170	0.37759
159 A	0.48214	0.14219	0.37567
160 A	0.48454	0.13997	0.37549
161 T	0.48934	0.13499	0.37567
162 T	0.49121	0.13308	0.3757
163 G	0.49252	0.13120	0.37628
164 C	0.49729	0.12298	0.37973
165 T	0.50482	0.11478	0.38041
166 A	0.50828	0.11124	0.38047
167 A	0.51918	0.09953	0.38129
168 A	0.53915	0.07683	0.38402
169 T	0.54434	0.06831	0.38735
170 T	0.54662	0.05541	0.39797
171 T	0.54820	0.04160	0.4102
172 A	0.54884	0.03171	0.41945
173 T	0.55020	0.02493	0.42486
174 T	0.55112	0.02081	0.42806
175 T	0.55017	0.02109	0.42874
176 T	0.54431	0.02934	0.42634
177 T	0.53086	0.04849	0.42065
178 G	0.50364	0.07762	0.41874
179 A	0.48006	0.10456	0.41537
180 G	0.46780	0.11789	0.41431
181 G	0.46159	0.12710	0.41131
182 C	0.46166	0.12922	0.40912
183 T	0.46109	0.13512	0.40378
184 A	0.45879	0.14344	0.39777
185 T	0.45800	0.14463	0.39737
186 T	0.45667	0.14578	0.39755
187 T	0.45339	0.14895	0.39766
188 G	0.44712	0.15470	0.39818
189 C	0.43811	0.16317	0.39872
190 C	0.43161	0.16993	0.39847
191 C	0.42212	0.18102	0.39685
192 T	0.40208	0.20590	0.39201
193 A	0.33269	0.28523	0.38208
194 A	0.26680	0.36401	0.3692
195 A	0.23391	0.40287	0.36322
196 G	0.22537	0.41414	0.36049
197 A	0.22122	0.41894	0.35984
198 A	0.22178	0.41584	0.36239
199 A	0.22360	0.40720	0.36921
200 A	0.22924	0.38995	0.38081
201 A	0.23257	0.36487	0.40256
202 T	0.23904	0.34040	0.42056
203 A	0.24252	0.33010	0.42738
204 T	0.24784	0.32274	0.42942
205 T	0.24979	0.32790	0.4223
206 T	0.25221	0.32881	0.41898
207 T	0.25277	0.33065	0.41658
208 A	0.25083	0.33669	0.41248
209 A	0.24914	0.34125	0.40961
210 A	0.24735	0.34432	0.40833
211 A	0.24587	0.34351	0.41062
212 T	0.24506	0.33377	0.42117
213 A	0.24372	0.32980	0.42649
214 A	0.24440	0.31864	0.43697
215 A	0.24678	0.29604	0.45717
216 A	0.25396	0.22418	0.52186
217 T	0.26610	0.14480	0.5891
218 C	0.26808	0.11340	0.61852
219 T	0.26737	0.11440	0.61823
220 G	0.25674	0.13230	0.61096
221 A	0.24933	0.15469	0.59599
222 T	0.24186	0.17200	0.58614
223 G	0.23178	0.18517	0.58305
224 G	0.22633	0.19783	0.57584
225 T	0.22781	0.22326	0.54894
226 A	0.21224	0.29548	0.49228
227 C	0.20291	0.33471	0.46239
228 T	0.19334	0.35857	0.44809
229 A	0.15690	0.41052	0.43258
230 A	0.14209	0.45261	0.4053
231 A	0.12830	0.47477	0.39693
232 C	0.11857	0.48621	0.39522
233 A	0.11049	0.49619	0.39332
234 A	0.10280	0.50409	0.39311
235 G	0.10120	0.50574	0.39306
236 A	0.10150	0.50560	0.39289
237 A	0.09949	0.50771	0.39279
238 A	0.09904	0.50657	0.39439
239 A	0.09941	0.50388	0.39672
240 A	0.09811	0.50214	0.39975
241 G	0.09763	0.49763	0.40474
242 A	0.10028	0.49117	0.40854
243 A	0.10611	0.47423	0.41966
244 A	0.11811	0.45300	0.4289
245 G	0.12850	0.43176	0.43974
246 A	0.13516	0.41356	0.45129
247 A	0.14733	0.39078	0.46189
248 A	0.17552	0.35405	0.47043
249 G	0.23274	0.27508	0.49218
250 A	0.26567	0.22691	0.50742
251 T	0.28443	0.18499	0.53058
252 G	0.29783	0.13399	0.56817
253 T	0.32430	0.09052	0.58519
254 T	0.33188	0.06784	0.60028
255 T	0.33411	0.05370	0.61219
256 T	0.33494	0.04268	0.62238
257 C	0.33513	0.03205	0.63282
258 T	0.33551	0.03009	0.6344
259 G	0.33547	0.02859	0.63594
260 G	0.33614	0.02648	0.63738
261 T	0.33759	0.02462	0.63778
262 T	0.33801	0.02401	0.63798
263 A	0.33789	0.02266	0.63946
264 T	0.33850	0.02026	0.64124
265 G	0.33884	0.01895	0.64221
266 T	0.33932	0.01867	0.64202
267 T	0.33960	0.01948	0.64092
268 T	0.33946	0.02239	0.63816
269 T	0.33901	0.02719	0.63381
270 T	0.33767	0.03706	0.62527
271 G	0.33390	0.06631	0.5998
272 T	0.33163	0.07822	0.59015
273 T	0.32408	0.10065	0.57527
274 A	0.32070	0.12540	0.5539
275 A	0.31525	0.15043	0.53432
276 A	0.31052	0.16290	0.52658
277 A	0.30895	0.17306	0.51799
278 T	0.30861	0.18067	0.51072
279 G	0.30500	0.18905	0.50595
280 A	0.30455	0.19287	0.50258
281 T	0.30541	0.19385	0.50073
282 T	0.30483	0.19647	0.4987
283 A	0.30375	0.19771	0.49854
284 T	0.30380	0.19768	0.49852
285 A	0.30301	0.19881	0.49819
286 A	0.30344	0.19812	0.49843
287 C	0.30427	0.19707	0.49865
288 T	0.30617	0.19510	0.49873
289 G	0.30753	0.19375	0.49872
290 A	0.30977	0.19144	0.49879
291 A	0.31339	0.18736	0.49924
292 C	0.31914	0.18086	0.5
293 A	0.32957	0.16872	0.50171
294 T	0.36096	0.13334	0.5057
295 A	0.36960	0.12228	0.50812
296 C	0.38266	0.10175	0.51559
297 A	0.39889	0.08346	0.51766
298 T	0.41852	0.05822	0.52326
299 G	0.42523	0.04726	0.5275
300 G	0.43551	0.03552	0.52898
301 T	0.44510	0.02560	0.5293
302 T	0.45020	0.01700	0.53281
303 T	0.45161	0.01770	0.53068
304 G	0.45138	0.01947	0.52915
305 T	0.44960	0.02701	0.5234
306 A	0.43912	0.03859	0.52229
307 G	0.43715	0.04202	0.52084
308 T	0.43619	0.04345	0.52036
309 T	0.43018	0.05086	0.51896
310 C	0.41417	0.07090	0.51493
311 G	0.40354	0.08816	0.5083
312 T	0.39047	0.10255	0.50698
313 A	0.37205	0.12220	0.50575
314 A	0.36070	0.13394	0.50536
315 T	0.35569	0.13896	0.50535
316 C	0.34792	0.14665	0.50542
317 T	0.34108	0.15349	0.50542
318 A	0.33132	0.16324	0.50544
319 C	0.32623	0.16831	0.50546
320 C	0.32245	0.17208	0.50547
321 A	0.31947	0.17509	0.50544
322 C	0.31870	0.17586	0.50544
323 A	0.31848	0.17610	0.50542
324 A	0.31870	0.17589	0.50541
325 G	0.32020	0.17429	0.50551
326 T	0.32387	0.16988	0.50625
327 A	0.32562	0.16707	0.5073
328 A	0.33166	0.15631	0.51203
329 C	0.33491	0.14068	0.52442
330 T	0.33834	0.13499	0.52668
331 A	0.33980	0.13194	0.52827
332 A	0.34168	0.12386	0.53446
333 T	0.34607	0.10430	0.54963
334 T	0.35098	0.08934	0.55968
335 T	0.35185	0.07298	0.57517
336 T	0.35241	0.05401	0.59359
337 T	0.35221	0.04379	0.604
338 T	0.35174	0.04039	0.60788
339 A	0.35103	0.03583	0.61313
340 G	0.35043	0.03087	0.6187
341 G	0.35025	0.02447	0.62528
342 T	0.35011	0.02084	0.62904
343 T	0.34985	0.01922	0.63093
344 C	0.34898	0.02098	0.63003
345 T	0.34780	0.03682	0.61537
346 A	0.34666	0.06096	0.59239
347 T	0.34613	0.08767	0.5662
348 A	0.34524	0.11847	0.53629
349 A	0.34481	0.13431	0.52088
350 A	0.34430	0.14272	0.51298
351 A	0.34358	0.14729	0.50913
352 G	0.34328	0.14932	0.5074
353 G	0.34326	0.14951	0.50723
354 T	0.34364	0.14938	0.50698
355 A	0.34378	0.14959	0.50663
356 G	0.34405	0.14935	0.5066
357 C	0.34437	0.14909	0.50654
358 A	0.34494	0.14874	0.50631
359 A	0.34606	0.14763	0.50631
360 T	0.34832	0.14526	0.50642
361 T	0.34992	0.14351	0.50656
362 C	0.35082	0.14236	0.50681
363 T	0.35110	0.14159	0.50731
364 A	0.35107	0.14141	0.50752
365 A	0.35150	0.14072	0.50778
366 A	0.35328	0.13853	0.5082
367 C	0.35831	0.13248	0.50921
368 C	0.37478	0.11451	0.51071
369 G	0.39925	0.08910	0.51165
370 G	0.42748	0.06044	0.51208
371 T	0.45688	0.03060	0.51251
372 T	0.46853	0.01875	0.51272
373 C	0.47177	0.01501	0.51322
374 C	0.47234	0.01373	0.51392
375 T	0.47271	0.01376	0.51354
376 T	0.47128	0.01626	0.51246
377 T	0.46839	0.02031	0.5113
378 G	0.46331	0.02705	0.50964
379 A	0.45946	0.03262	0.50793
380 G	0.45411	0.03772	0.50817
381 T	0.44519	0.04647	0.50834
382 G	0.42651	0.06503	0.50847
383 A	0.41385	0.07760	0.50856
384 C	0.39959	0.09161	0.5088
385 T	0.39295	0.09819	0.50886
386 C	0.38197	0.10910	0.50893
387 T	0.36738	0.12396	0.50865
388 G	0.34032	0.15157	0.50811
389 A	0.29583	0.19679	0.50738
390 A	0.27152	0.22230	0.50618
391 A	0.25564	0.23865	0.50572
392 T	0.24379	0.25045	0.50575
393 A	0.21917	0.27491	0.50591
394 A	0.20601	0.28763	0.50637
395 A	0.20090	0.29163	0.50747
396 A	0.19973	0.28980	0.51047
397 C	0.19957	0.28506	0.51538
398 C	0.20034	0.28213	0.51753
399 T	0.20181	0.27979	0.51839
400 A	0.20264	0.27789	0.51947
401 T	0.20402	0.27405	0.52193
402 T	0.20498	0.27122	0.52381
403 T	0.20464	0.26724	0.52811
404 T	0.20361	0.25852	0.53787
405 A	0.19985	0.24647	0.55368
406 A	0.19635	0.23718	0.56646
407 T	0.19281	0.22079	0.5864
408 T	0.18920	0.22110	0.58969
409 A	0.18551	0.22295	0.59154
410 A	0.18352	0.21970	0.59678
411 A	0.18235	0.20240	0.61524
412 A	0.18204	0.16353	0.65442
413 T	0.18215	0.14297	0.67489
414 A	0.17549	0.13657	0.68794
415 G	0.17258	0.12763	0.69979
416 G	0.17186	0.10853	0.71961
417 G	0.17108	0.09960	0.72931
418 C	0.17075	0.10096	0.72829
419 T	0.17041	0.13291	0.69668
420 T	0.17003	0.17758	0.65238
421 A	0.16694	0.26545	0.56761
422 T	0.16431	0.29961	0.53609
423 A	0.16114	0.32372	0.51514
424 A	0.15912	0.33796	0.50292
425 A	0.15329	0.35468	0.49202
426 A	0.14926	0.35924	0.4915
427 A	0.14638	0.36073	0.49289
428 A	0.14537	0.35741	0.49722
429 A	0.14596	0.35200	0.50203
430 C	0.14724	0.34531	0.50746
431 C	0.15285	0.33683	0.51032
432 G	0.15879	0.32966	0.51155
433 A	0.16574	0.32269	0.51157
434 G	0.17289	0.31477	0.51234
435 T	0.18099	0.30641	0.5126
436 T	0.18269	0.30405	0.51326
437 A	0.17623	0.30414	0.51963
438 C	0.17340	0.30335	0.52325
439 G	0.17184	0.30461	0.52355
440 A	0.17202	0.30457	0.5234
441 A	0.18265	0.29416	0.52319
442 C	0.22445	0.25218	0.52337
443 A	0.27391	0.20533	0.52076
444 T	0.36059	0.11803	0.52138
445 T	0.38140	0.09577	0.52283
446 T	0.38539	0.09156	0.52305
447 A	0.36814	0.11116	0.5207
448 A	0.36201	0.11309	0.5249
449 T	0.35845	0.11301	0.52854
450 T	0.33721	0.13269	0.5301
451 A	0.32007	0.15839	0.52155
452 A	0.30901	0.17213	0.51886
453 T	0.28850	0.19648	0.51501
454 A	0.23471	0.26061	0.50468
455 A	0.19940	0.29895	0.50164
456 A	0.17414	0.32486	0.50101
457 A	0.17134	0.32833	0.50032
458 A	0.17045	0.32876	0.50079
459 A	0.17047	0.32623	0.5033
460 G	0.17145	0.31827	0.51028
461 T	0.17185	0.31459	0.51356
462 A	0.17166	0.31228	0.51606
463 G	0.17236	0.30905	0.51859
464 A	0.17313	0.30725	0.51962
465 A	0.17457	0.30450	0.52093
466 A	0.17782	0.29761	0.52457
467 T	0.18196	0.28784	0.53019
468 T	0.18387	0.27684	0.5393
469 A	0.18535	0.26706	0.54759
470 C	0.18790	0.23809	0.57401
471 T	0.19028	0.22587	0.58385
472 A	0.19095	0.22012	0.58893
473 G	0.19339	0.20051	0.6061
474 T	0.20530	0.17533	0.61937
475 G	0.20870	0.16205	0.62924
476 G	0.21347	0.12793	0.6586
477 T	0.22472	0.06744	0.70785
478 T	0.22785	0.03649	0.73566
479 C	0.22846	0.02219	0.74935
480 T	0.22936	0.03736	0.73328
481 T	0.22953	0.05408	0.71639
482 T	0.22918	0.08994	0.68087
483 T	0.22585	0.11332	0.66082
484 G	0.22304	0.14250	0.63446
485 T	0.22031	0.16730	0.61239
486 A	0.21299	0.20066	0.58635
487 G	0.20946	0.21590	0.57463
488 G	0.20719	0.22616	0.56665
489 A	0.20146	0.23876	0.55978
490 A	0.19933	0.24467	0.556
491 A	0.19812	0.25113	0.55076
492 A	0.19771	0.25480	0.54749
493 A	0.19737	0.25755	0.54508
494 T	0.19802	0.25706	0.54492
495 A	0.19762	0.25824	0.54413
496 G	0.19741	0.25828	0.54431
497 G	0.19823	0.25744	0.54433
498 T	0.19885	0.25677	0.54438
499 A	0.19923	0.25653	0.54424
500 C	0.20202	0.25369	0.54429
501 A	0.20716	0.24886	0.54398
502 G	0.21816	0.23771	0.54413
503 T	0.24248	0.21319	0.54433
504 A	0.26291	0.19254	0.54454
505 T	0.30587	0.14911	0.54503
506 C	0.32719	0.12171	0.55109
507 T	0.35631	0.09032	0.55336
508 T	0.37131	0.07269	0.556
509 T	0.38381	0.05644	0.55975
510 T	0.37897	0.06067	0.56036
511 A	0.35938	0.08036	0.56026
512 T	0.35450	0.08033	0.56517
513 A	0.31858	0.11584	0.56559
514 G	0.30137	0.13217	0.56647
515 A	0.28712	0.14741	0.56548
516 T	0.28013	0.15513	0.56473
517 A	0.25605	0.18005	0.5639
518 A	0.24183	0.19473	0.56345
519 T	0.23396	0.20316	0.56288
520 A	0.21462	0.22590	0.55948
521 G	0.20382	0.24055	0.55564
522 T	0.19667	0.25598	0.54734
523 A	0.18490	0.27546	0.53964
524 A	0.17594	0.28894	0.53512
525 A	0.17041	0.29797	0.53162
526 A	0.16726	0.30525	0.52749
527 A	0.16547	0.30792	0.52661
528 T	0.16535	0.30806	0.52659
529 A	0.16469	0.30823	0.52708
530 T	0.16494	0.30643	0.52864
531 A	0.16445	0.30436	0.5312
532 A	0.16477	0.29829	0.53695
533 T	0.16602	0.28337	0.55061
534 G	0.16657	0.26156	0.57187
535 A	0.16722	0.25120	0.58158
536 T	0.16914	0.21537	0.61549
537 A	0.16975	0.19564	0.63461
538 G	0.17096	0.17674	0.65229
539 T	0.17239	0.16637	0.66124
540 A	0.17317	0.14764	0.67919
541 G	0.17431	0.13345	0.69225
542 A	0.17615	0.12665	0.69721
543 G	0.18026	0.10707	0.71268
544 G	0.18517	0.09498	0.71984
545 T	0.19558	0.08102	0.72341
546 A	0.20278	0.07140	0.72582
547 G	0.20707	0.06429	0.72864
548 A	0.21025	0.06176	0.72798
549 T	0.21457	0.05709	0.72834
550 T	0.21568	0.05916	0.72517
551 T	0.21608	0.06092	0.72301
552 A	0.21608	0.06718	0.71675
553 T	0.21604	0.07295	0.711
554 T	0.21582	0.08423	0.69994
555 T	0.21488	0.11589	0.66922
556 G	0.21313	0.13939	0.64748
557 G	0.21198	0.16341	0.6246
558 T	0.21159	0.17809	0.61031
559 A	0.21107	0.19567	0.59326
560 G	0.21124	0.19692	0.59184
561 A	0.21196	0.19799	0.59004
562 A	0.21333	0.19679	0.58989
563 A	0.21615	0.19393	0.58992
564 C	0.22118	0.18882	0.59
565 A	0.22668	0.18329	0.59003
566 C	0.23324	0.17671	0.59005
567 T	0.23793	0.17201	0.59006
568 C	0.24159	0.16835	0.59006
569 C	0.24609	0.16386	0.59005
570 T	0.25197	0.15798	0.59004
571 A	0.25594	0.15403	0.59003
572 T	0.26002	0.14995	0.59003
573 T	0.26475	0.14522	0.59002
574 G	0.26679	0.14315	0.59006
575 A	0.27268	0.13696	0.59036
576 G	0.28121	0.12790	0.59088
577 A	0.29799	0.11054	0.59147
578 T	0.33666	0.07082	0.59252
579 T	0.36337	0.04255	0.59408
580 T	0.38163	0.02327	0.5951
581 C	0.38843	0.01608	0.5955
582 T	0.39714	0.00737	0.59549
583 C	0.39749	0.00697	0.59554
584 T	0.39831	0.00636	0.59533
585 T	0.39781	0.00705	0.59514
586 T	0.39631	0.00863	0.59505
587 C	0.39582	0.00914	0.59504
588 T	0.39559	0.00942	0.59498
589 T	0.39510	0.00998	0.59491
590 C	0.39481	0.01030	0.59489
591 T	0.39470	0.01047	0.59483
592 T	0.39470	0.01048	0.59482
593 T	0.39470	0.01046	0.59483
594 T	0.39471	0.01044	0.59485
595 A	0.39471	0.01042	0.59486
596 A	0.39472	0.01026	0.59502
597 A	0.39474	0.00992	0.59534
598 G	0.39482	0.00955	0.59562
599 A	0.39494	0.00928	0.59579
600 A	0.39505	0.00900	0.59595
601 A	0.39518	0.00864	0.59618
602 T	0.39533	0.00803	0.59664
603 T	0.39541	0.00743	0.59715
604 A	0.39547	0.00670	0.59782
605 C	0.39568	0.00551	0.59882
606 A	0.39576	0.00487	0.59937
607 T	0.39601	0.00366	0.60034
608 A	0.39622	0.00246	0.60133
609 A	0.39648	0.00000	0.60351
