# lcl|CP097583.1_cds_USQ93283.1_1
# AA	inside	membr	outside
1 A	0.29858	0.00000	0.70142
2 T	0.29810	0.00048	0.70142
3 G	0.29780	0.00078	0.70142
4 G	0.29780	0.06069	0.64152
5 T	0.29235	0.20633	0.50133
6 T	0.29235	0.28285	0.42481
7 A	0.23449	0.38731	0.37821
8 A	0.23449	0.38741	0.37811
9 G	0.23084	0.39259	0.37657
10 A	0.23083	0.57593	0.19324
11 A	0.23051	0.58036	0.18913
12 C	0.22226	0.58956	0.18818
13 G	0.21197	0.61072	0.17732
14 A	0.21196	0.61072	0.17732
15 T	0.21196	0.64132	0.14672
16 A	0.21144	0.64185	0.14672
17 A	0.21091	0.64249	0.1466
18 A	0.21090	0.64269	0.14641
19 G	0.21086	0.64284	0.14631
20 A	0.21075	0.64429	0.14496
21 G	0.21077	0.64422	0.14501
22 T	0.21289	0.64242	0.14469
23 T	0.21495	0.64123	0.14383
24 A	0.21710	0.64082	0.14208
25 G	0.22131	0.63437	0.14433
26 A	0.22605	0.62894	0.14502
27 A	0.27680	0.57108	0.15212
28 A	0.40133	0.43898	0.15969
29 C	0.48533	0.34801	0.16666
30 T	0.55540	0.24339	0.20121
31 A	0.56187	0.23891	0.19923
32 A	0.57103	0.22839	0.20059
33 T	0.73260	0.06916	0.19824
34 T	0.73933	0.06811	0.19257
35 T	0.74567	0.05567	0.19865
36 T	0.75086	0.04294	0.20621
37 A	0.75129	0.04218	0.20654
38 T	0.76306	0.03008	0.20687
39 T	0.76072	0.03230	0.20697
40 C	0.75738	0.03535	0.20727
41 C	0.75541	0.03773	0.20686
42 T	0.75453	0.04073	0.20474
43 G	0.75216	0.04447	0.20337
44 A	0.74601	0.05487	0.19913
45 A	0.74154	0.06104	0.19742
46 G	0.74156	0.06219	0.19624
47 A	0.74203	0.06322	0.19475
48 G	0.74244	0.06300	0.19456
49 T	0.74370	0.06222	0.19408
50 T	0.74435	0.06177	0.19388
51 A	0.74437	0.06190	0.19373
52 C	0.74465	0.06158	0.19377
53 C	0.74593	0.06032	0.19375
54 T	0.74864	0.05774	0.19361
55 G	0.74958	0.05691	0.1935
56 C	0.75290	0.05360	0.19349
57 T	0.75832	0.04823	0.19345
58 A	0.75995	0.04665	0.1934
59 T	0.76091	0.04517	0.19392
60 C	0.76116	0.04455	0.19429
61 A	0.76143	0.04446	0.19412
62 T	0.76276	0.04044	0.19681
63 T	0.76351	0.03682	0.19967
64 G	0.76424	0.03488	0.20087
65 T	0.76647	0.03269	0.20084
66 T	0.76765	0.02921	0.20313
67 A	0.76879	0.02413	0.20708
68 G	0.76910	0.01961	0.21129
69 A	0.76708	0.02128	0.21165
70 G	0.76658	0.02123	0.21219
71 A	0.76618	0.02236	0.21146
72 T	0.76644	0.02304	0.21052
73 A	0.76585	0.02642	0.20774
74 T	0.76592	0.02669	0.20739
75 T	0.76549	0.02694	0.20757
76 G	0.76485	0.02740	0.20775
77 T	0.76446	0.02773	0.20781
78 T	0.76353	0.02862	0.20785
79 C	0.76165	0.03054	0.20781
80 C	0.75964	0.03263	0.20774
81 A	0.75653	0.03580	0.20767
82 A	0.75512	0.03721	0.20768
83 T	0.75495	0.03733	0.20773
84 C	0.75470	0.03755	0.20775
85 C	0.75463	0.03757	0.20779
86 C	0.75509	0.03701	0.20791
87 T	0.75629	0.03585	0.20785
88 T	0.75689	0.03533	0.20778
89 T	0.75730	0.03508	0.20762
90 T	0.75669	0.03580	0.2075
91 A	0.75423	0.03885	0.20691
92 A	0.75336	0.03684	0.2098
93 T	0.75362	0.03470	0.21167
94 G	0.75382	0.03496	0.21122
95 A	0.75431	0.03837	0.20733
96 T	0.75649	0.04187	0.20164
97 T	0.75606	0.05536	0.18858
98 T	0.75466	0.06528	0.18005
99 A	0.75165	0.07500	0.17336
100 A	0.75059	0.07949	0.16992
101 G	0.75025	0.08065	0.1691
102 A	0.74949	0.08116	0.16936
103 A	0.74938	0.08005	0.17056
104 T	0.74937	0.07729	0.17333
105 T	0.74890	0.07719	0.17392
106 G	0.74832	0.07824	0.17345
107 A	0.74779	0.07987	0.17233
108 A	0.74654	0.08198	0.17148
109 G	0.74545	0.08384	0.17071
110 T	0.74509	0.08492	0.16999
111 A	0.74432	0.08844	0.16724
112 G	0.74404	0.09080	0.16516
113 G	0.74428	0.09241	0.16331
114 T	0.74552	0.09110	0.16337
115 A	0.74602	0.08985	0.16413
116 G	0.74714	0.08836	0.1645
117 A	0.74982	0.08533	0.16485
118 A	0.75581	0.07869	0.1655
119 C	0.76524	0.06738	0.16738
120 T	0.78146	0.05038	0.16816
121 T	0.78959	0.04142	0.169
122 T	0.79370	0.03574	0.17056
123 T	0.79526	0.03358	0.17115
124 T	0.79554	0.03315	0.1713
125 C	0.79553	0.03215	0.17232
126 T	0.79567	0.03223	0.1721
127 A	0.79512	0.03352	0.17137
128 T	0.79552	0.03429	0.17018
129 A	0.79256	0.03844	0.169
130 A	0.79274	0.03825	0.16902
131 A	0.79393	0.03572	0.17035
132 T	0.79600	0.03223	0.17177
133 G	0.79710	0.03060	0.17231
134 C	0.80050	0.02650	0.17301
135 T	0.80276	0.02480	0.17243
136 T	0.80250	0.02774	0.16976
137 T	0.79709	0.03635	0.16655
138 A	0.78892	0.04717	0.16391
139 A	0.78424	0.05568	0.16008
140 A	0.78186	0.05997	0.15817
141 T	0.78187	0.06151	0.15661
142 T	0.78149	0.06221	0.1563
143 A	0.78114	0.06278	0.15608
144 T	0.78094	0.06281	0.15625
145 T	0.78002	0.06371	0.15627
146 C	0.77521	0.06846	0.15634
147 T	0.76094	0.08340	0.15566
148 G	0.73994	0.10442	0.15563
149 A	0.73256	0.11187	0.15556
150 A	0.72765	0.11655	0.1558
151 G	0.72573	0.11816	0.15611
152 C	0.72590	0.11446	0.15963
153 T	0.72552	0.11421	0.16027
154 A	0.72438	0.11551	0.16011
155 A	0.72400	0.11594	0.16006
156 T	0.72437	0.11538	0.16025
157 A	0.72433	0.11532	0.16036
158 A	0.72517	0.11239	0.16243
159 A	0.72825	0.10509	0.16666
160 T	0.73170	0.09358	0.17472
161 G	0.73384	0.08381	0.18236
162 T	0.73759	0.07579	0.18662
163 C	0.73924	0.07147	0.18929
164 C	0.74075	0.06935	0.1899
165 T	0.74131	0.06905	0.18964
166 T	0.74149	0.07063	0.18788
167 A	0.74085	0.07394	0.18521
168 T	0.74028	0.07607	0.18365
169 G	0.73917	0.07664	0.18419
170 T	0.73941	0.06298	0.19761
171 T	0.73875	0.04441	0.21685
172 G	0.73765	0.04065	0.22171
173 T	0.73732	0.03977	0.22291
174 T	0.73653	0.04191	0.22155
175 G	0.73558	0.04487	0.21954
176 T	0.73548	0.04584	0.21868
177 T	0.73556	0.04639	0.21806
178 T	0.73528	0.04820	0.21651
179 T	0.73460	0.05479	0.21062
180 A	0.73318	0.05899	0.20784
181 T	0.73212	0.06217	0.20571
182 T	0.72477	0.07412	0.20112
183 A	0.68848	0.11885	0.19267
184 C	0.65630	0.16235	0.18135
185 A	0.63187	0.20658	0.16155
186 A	0.61970	0.22661	0.1537
187 A	0.61478	0.23620	0.14903
188 A	0.61349	0.23900	0.14751
189 A	0.61520	0.23864	0.14616
190 A	0.61872	0.23580	0.14548
191 A	0.62103	0.23380	0.14516
192 T	0.62452	0.23031	0.14516
193 T	0.62583	0.23003	0.14414
194 T	0.62174	0.23589	0.14237
195 A	0.61075	0.24654	0.14271
196 T	0.60859	0.24817	0.14324
197 T	0.60295	0.25306	0.14399
198 T	0.58926	0.26615	0.14459
199 C	0.56036	0.29549	0.14415
200 A	0.53425	0.32373	0.14202
201 A	0.44822	0.41248	0.1393
202 G	0.40547	0.45606	0.13847
203 A	0.38638	0.47614	0.13748
204 A	0.38086	0.48118	0.13795
205 A	0.38447	0.46905	0.14648
206 A	0.39255	0.42699	0.18046
207 T	0.40404	0.38246	0.2135
208 C	0.41143	0.35326	0.23531
209 C	0.40559	0.35852	0.23589
210 T	0.40038	0.37955	0.22007
211 A	0.38815	0.40409	0.20775
212 A	0.37962	0.41675	0.20362
213 A	0.37624	0.42120	0.20255
214 A	0.37538	0.41987	0.20476
215 T	0.37682	0.40839	0.21479
216 A	0.37641	0.40141	0.22218
217 T	0.37776	0.38414	0.2381
218 C	0.37461	0.36145	0.26394
219 T	0.37213	0.35559	0.27228
220 G	0.36856	0.35622	0.27522
221 A	0.36600	0.35916	0.27484
222 T	0.36559	0.34940	0.28501
223 A	0.36558	0.33902	0.29541
224 T	0.36691	0.25107	0.38202
225 A	0.36389	0.22572	0.41039
226 G	0.36118	0.22781	0.41101
227 A	0.35678	0.29532	0.34791
228 A	0.35091	0.38085	0.26825
229 A	0.34924	0.42310	0.22766
230 A	0.35102	0.43353	0.21545
231 A	0.35459	0.42793	0.21747
232 T	0.36404	0.40292	0.23304
233 T	0.37772	0.38433	0.23796
234 T	0.38389	0.37245	0.24365
235 G	0.38358	0.37251	0.24392
236 G	0.38314	0.37591	0.24095
237 A	0.38287	0.37904	0.23809
238 G	0.38360	0.38227	0.23413
239 T	0.38590	0.38067	0.23343
240 A	0.38719	0.38263	0.23017
241 T	0.38952	0.37673	0.23375
242 T	0.39168	0.37255	0.23577
243 A	0.39288	0.37005	0.23707
244 G	0.39613	0.36524	0.23863
245 C	0.40068	0.36198	0.23735
246 A	0.40346	0.37407	0.22248
247 A	0.40664	0.37651	0.21685
248 A	0.42283	0.36049	0.21667
249 A	0.44679	0.33522	0.21799
250 G	0.51622	0.26353	0.22025
251 T	0.60509	0.16922	0.22569
252 T	0.64821	0.12622	0.22557
253 T	0.66101	0.11970	0.21929
254 T	0.66074	0.12419	0.21508
255 A	0.65594	0.13835	0.20571
256 G	0.65682	0.13857	0.20461
257 T	0.66126	0.13554	0.2032
258 T	0.66590	0.13367	0.20043
259 T	0.66820	0.13450	0.1973
260 C	0.66713	0.13582	0.19705
261 T	0.65399	0.15025	0.19576
262 A	0.60260	0.20322	0.19418
263 T	0.57792	0.22825	0.19384
264 C	0.52657	0.28028	0.19314
265 A	0.49731	0.31306	0.18963
266 A	0.48694	0.32555	0.18751
267 A	0.48096	0.33226	0.18678
268 A	0.48043	0.33234	0.18723
269 T	0.49237	0.31993	0.18771
270 T	0.48712	0.32348	0.18941
271 A	0.46104	0.35262	0.18634
272 A	0.45058	0.36648	0.18294
273 T	0.44727	0.37096	0.18177
274 G	0.44142	0.37563	0.18294
275 A	0.43597	0.37983	0.18421
276 T	0.44108	0.37106	0.18786
277 G	0.44142	0.36543	0.19315
278 C	0.44810	0.35433	0.19757
279 A	0.45001	0.36056	0.18943
280 A	0.45250	0.36012	0.18738
281 T	0.45628	0.35397	0.18975
282 T	0.45669	0.34922	0.19409
283 T	0.45274	0.35040	0.19686
284 A	0.44227	0.34191	0.21581
285 T	0.41610	0.32125	0.26265
286 A	0.38176	0.33528	0.28297
287 A	0.35480	0.32543	0.31977
288 A	0.32546	0.34841	0.32613
289 G	0.30154	0.38758	0.31089
290 T	0.26198	0.45535	0.28268
291 A	0.23439	0.54503	0.22058
292 A	0.22783	0.57315	0.19902
293 A	0.22473	0.58419	0.19108
294 A	0.22696	0.55959	0.21346
295 T	0.23044	0.54253	0.22702
296 T	0.23126	0.53616	0.23258
297 A	0.22937	0.53459	0.23605
298 C	0.22966	0.52737	0.24297
299 G	0.22973	0.52897	0.2413
300 T	0.23052	0.52886	0.24061
301 A	0.23119	0.53136	0.23745
302 T	0.24183	0.52232	0.23584
303 T	0.24507	0.52619	0.22875
304 A	0.24418	0.53835	0.21748
305 T	0.24341	0.54079	0.2158
306 T	0.23918	0.55096	0.20986
307 A	0.23134	0.55716	0.2115
308 A	0.22379	0.54068	0.23552
309 A	0.22335	0.51094	0.26571
310 A	0.23489	0.47405	0.29106
311 G	0.26453	0.41618	0.31929
312 A	0.30016	0.35566	0.34418
313 G	0.33805	0.27066	0.39129
314 T	0.39960	0.18729	0.41311
315 T	0.41501	0.17069	0.4143
316 C	0.41805	0.17050	0.41144
317 A	0.41123	0.19751	0.39126
318 A	0.39846	0.23074	0.3708
319 A	0.38682	0.26582	0.34736
320 T	0.36738	0.30988	0.32274
321 T	0.33304	0.39403	0.27293
322 A	0.23645	0.61426	0.14929
323 A	0.17806	0.73328	0.08866
324 A	0.13383	0.79366	0.07251
325 A	0.10923	0.82853	0.06224
326 A	0.09275	0.84867	0.05858
327 A	0.10414	0.83679	0.05907
328 G	0.11118	0.82617	0.06265
329 T	0.12177	0.81025	0.06798
330 A	0.12013	0.80696	0.07292
331 T	0.11973	0.80165	0.07862
332 C	0.10828	0.81082	0.0809
333 A	0.09456	0.82715	0.07828
334 A	0.09001	0.83401	0.07597
335 A	0.08692	0.83771	0.07537
336 A	0.08625	0.83859	0.07517
337 G	0.08795	0.83707	0.07498
338 A	0.09320	0.82813	0.07867
339 A	0.09796	0.81416	0.08788
340 A	0.11545	0.78743	0.09712
341 A	0.13629	0.74886	0.11486
342 A	0.16520	0.69917	0.13563
343 G	0.19647	0.62894	0.17459
344 A	0.25343	0.52394	0.22263
345 T	0.38794	0.29490	0.31717
346 T	0.44086	0.19634	0.3628
347 T	0.44843	0.17080	0.38077
348 A	0.44524	0.17671	0.37805
349 T	0.44446	0.17172	0.38383
350 A	0.43639	0.20808	0.35553
351 T	0.43268	0.22805	0.33927
352 A	0.42984	0.23366	0.3365
353 T	0.43077	0.22791	0.34132
354 T	0.42887	0.24012	0.33101
355 G	0.42307	0.24616	0.33077
356 C	0.41066	0.26006	0.32928
357 T	0.34434	0.36813	0.28752
358 A	0.31675	0.46219	0.22106
359 A	0.31060	0.51594	0.17346
360 A	0.30577	0.53954	0.15468
361 T	0.30437	0.54753	0.1481
362 A	0.29893	0.55446	0.14661
363 T	0.29078	0.56250	0.14673
364 A	0.27403	0.58629	0.13968
365 A	0.26545	0.60221	0.13233
366 A	0.26403	0.61261	0.12336
367 G	0.26542	0.61863	0.11596
368 A	0.26887	0.61893	0.1122
369 A	0.27911	0.60711	0.11378
370 T	0.29846	0.58301	0.11854
371 T	0.31663	0.55795	0.12542
372 A	0.32909	0.54158	0.12933
373 C	0.35779	0.50224	0.13997
374 C	0.37752	0.47830	0.14418
375 G	0.38744	0.46659	0.14598
376 A	0.40089	0.45208	0.14703
377 T	0.43604	0.41505	0.14891
378 T	0.45452	0.39367	0.15181
379 A	0.46536	0.37039	0.16424
380 C	0.50000	0.25599	0.244
381 T	0.56002	0.17072	0.26926
382 T	0.59427	0.13160	0.27413
383 T	0.59516	0.13371	0.27113
384 T	0.57108	0.16946	0.25946
385 G	0.54538	0.20835	0.24627
386 G	0.53050	0.22131	0.24819
387 G	0.53135	0.22137	0.24728
388 G	0.53686	0.22104	0.2421
389 A	0.54662	0.23070	0.22268
390 T	0.55359	0.23508	0.21133
391 T	0.55375	0.24445	0.2018
392 T	0.53111	0.27555	0.19334
393 G	0.44745	0.37321	0.17934
394 A	0.39198	0.48113	0.12688
395 A	0.33292	0.56269	0.1044
396 A	0.30619	0.59857	0.09524
397 G	0.28636	0.62171	0.09193
398 A	0.26459	0.64760	0.08781
399 A	0.24008	0.67659	0.08332
400 G	0.21729	0.70083	0.08189
401 A	0.20759	0.71340	0.07901
402 A	0.20173	0.72131	0.07697
403 A	0.19997	0.72168	0.07835
404 A	0.20068	0.71830	0.08101
405 A	0.20487	0.70599	0.08914
406 A	0.21460	0.67344	0.11196
407 C	0.23599	0.61821	0.1458
408 T	0.25954	0.57766	0.16281
409 C	0.27302	0.55584	0.17113
410 T	0.29047	0.54110	0.16844
411 T	0.30053	0.53893	0.16054
412 A	0.31003	0.53461	0.15536
413 T	0.32069	0.52238	0.15693
414 T	0.32867	0.51811	0.15321
415 A	0.33358	0.50711	0.15931
416 A	0.34662	0.42949	0.2239
417 A	0.39300	0.33030	0.2767
418 T	0.41471	0.23945	0.34584
419 T	0.42294	0.21443	0.36263
420 A	0.42402	0.21352	0.36246
421 A	0.42670	0.21101	0.36229
422 T	0.43000	0.19093	0.37907
423 A	0.42236	0.18728	0.39036
424 A	0.42046	0.19168	0.38786
425 T	0.42081	0.19442	0.38477
426 G	0.41416	0.21306	0.37278
427 G	0.40676	0.24728	0.34596
428 A	0.39997	0.27294	0.32709
429 G	0.39727	0.29658	0.30616
430 A	0.39642	0.36919	0.2344
431 G	0.39680	0.42546	0.17773
432 A	0.39874	0.50293	0.09833
433 A	0.40430	0.50516	0.09054
434 T	0.41470	0.49715	0.08815
435 A	0.42034	0.49319	0.08647
436 G	0.42575	0.48603	0.08821
437 C	0.43520	0.47387	0.09092
438 T	0.45480	0.45346	0.09174
439 T	0.46617	0.44161	0.09222
440 C	0.47100	0.43673	0.09227
441 T	0.47595	0.43346	0.09058
442 A	0.47879	0.43150	0.08971
443 A	0.48899	0.42018	0.09083
444 T	0.50611	0.40219	0.09171
445 A	0.51193	0.39620	0.09188
446 T	0.52404	0.37485	0.10111
447 T	0.53638	0.35784	0.10578
448 A	0.54489	0.34703	0.10808
449 A	0.55910	0.32782	0.11308
450 T	0.59045	0.28932	0.12023
451 C	0.60659	0.26757	0.12584
452 A	0.62798	0.24512	0.12689
453 A	0.69232	0.18039	0.12729
454 C	0.74819	0.12425	0.12757
455 T	0.82577	0.04789	0.12634
456 T	0.83705	0.03728	0.12567
457 T	0.84104	0.03366	0.1253
458 T	0.84272	0.03243	0.12484
459 T	0.83963	0.03596	0.12441
460 T	0.83729	0.03854	0.12417
461 T	0.83182	0.04412	0.12406
462 A	0.82332	0.05291	0.12377
463 A	0.81472	0.06090	0.12438
464 T	0.79953	0.07533	0.12514
465 T	0.78804	0.08595	0.12601
466 T	0.76070	0.11298	0.12633
467 C	0.70275	0.17096	0.12629
468 A	0.65626	0.21961	0.12413
469 G	0.62262	0.25321	0.12417
470 A	0.58808	0.28788	0.12404
471 A	0.56863	0.30676	0.12462
472 A	0.54748	0.32694	0.12558
473 C	0.51767	0.35208	0.13024
474 T	0.49504	0.37347	0.1315
475 G	0.46509	0.40297	0.13194
476 C	0.46268	0.40540	0.13191
477 T	0.46284	0.40676	0.13039
478 T	0.46212	0.41083	0.12706
479 T	0.46010	0.41601	0.12388
480 T	0.45261	0.42767	0.11972
481 T	0.44264	0.44164	0.11572
482 T	0.43022	0.45428	0.1155
483 A	0.39488	0.48813	0.11699
484 G	0.38026	0.49796	0.12178
485 A	0.37231	0.49917	0.12851
486 A	0.36479	0.49328	0.14193
487 C	0.36358	0.45759	0.17882
488 A	0.36319	0.45321	0.18359
489 A	0.36312	0.44053	0.19635
490 A	0.36337	0.41021	0.22642
491 T	0.36504	0.37209	0.26287
492 A	0.36230	0.34939	0.28831
493 A	0.36023	0.32226	0.31751
494 A	0.35841	0.31427	0.32732
495 A	0.35640	0.30096	0.34263
496 G	0.35570	0.27389	0.37042
497 A	0.35547	0.25067	0.39385
498 T	0.35619	0.22485	0.41897
499 G	0.35675	0.25759	0.38567
500 G	0.35864	0.33444	0.30691
501 A	0.36235	0.48680	0.15085
502 A	0.36603	0.52126	0.11271
503 T	0.37063	0.51820	0.11116
504 T	0.37240	0.52101	0.10658
505 A	0.36891	0.51939	0.1117
506 C	0.36523	0.49722	0.13756
507 A	0.35625	0.51731	0.12643
508 A	0.35330	0.52637	0.12033
509 C	0.35144	0.53181	0.11675
510 T	0.34635	0.57069	0.08295
511 G	0.33640	0.59715	0.06646
512 A	0.33180	0.62056	0.04764
513 A	0.33028	0.63064	0.03909
514 A	0.33010	0.63145	0.03845
515 A	0.33212	0.62692	0.04096
516 A	0.33908	0.61729	0.04363
517 G	0.34934	0.60399	0.04667
518 C	0.36193	0.58885	0.04922
519 T	0.37484	0.57528	0.04988
520 G	0.38249	0.56728	0.05024
521 C	0.39849	0.55115	0.05036
522 A	0.43488	0.51490	0.05022
523 G	0.51571	0.43407	0.05022
524 A	0.67188	0.27778	0.05034
525 T	0.72962	0.21982	0.05056
526 T	0.74689	0.20248	0.05063
527 T	0.75901	0.18761	0.05338
528 A	0.76118	0.17839	0.06043
529 A	0.76547	0.16820	0.06633
530 T	0.79146	0.13088	0.07766
531 T	0.81140	0.10741	0.08119
532 A	0.82520	0.09095	0.08385
533 T	0.85857	0.04945	0.09198
534 T	0.86762	0.03263	0.09975
535 T	0.86955	0.02650	0.10395
536 T	0.85733	0.03806	0.1046
537 T	0.84609	0.04898	0.10493
538 G	0.82775	0.06758	0.10468
539 C	0.81323	0.08263	0.10414
540 T	0.79693	0.10173	0.10134
541 T	0.74747	0.15948	0.09305
542 T	0.63906	0.29267	0.06827
543 A	0.43145	0.51982	0.04872
544 A	0.26570	0.70375	0.03056
545 A	0.20648	0.76413	0.0294
546 A	0.17159	0.79960	0.02882
547 A	0.15514	0.81688	0.02798
548 T	0.14534	0.82751	0.02716
549 C	0.11456	0.85877	0.02667
550 G	0.06710	0.90822	0.02469
551 A	0.04504	0.93147	0.02349
552 A	0.03632	0.94063	0.02305
553 G	0.03265	0.94450	0.02285
554 A	0.03119	0.94617	0.02265
555 A	0.03116	0.94558	0.02326
556 A	0.03182	0.94376	0.02442
557 A	0.03359	0.93882	0.0276
558 A	0.03454	0.93029	0.03518
559 T	0.03582	0.91182	0.05236
560 A	0.03635	0.90104	0.0626
561 T	0.03757	0.87784	0.08459
562 A	0.03844	0.85978	0.10178
563 A	0.04130	0.81925	0.13945
564 A	0.05105	0.73991	0.20904
565 T	0.07796	0.60348	0.31856
566 A	0.09395	0.43468	0.47137
567 T	0.10899	0.27712	0.6139
568 A	0.10936	0.23192	0.65872
569 A	0.10961	0.20122	0.68917
570 A	0.11079	0.19153	0.69767
571 T	0.11223	0.18908	0.69869
572 A	0.11242	0.17569	0.71189
573 T	0.11355	0.15330	0.73315
574 T	0.11294	0.19817	0.68888
575 T	0.10811	0.33394	0.55795
576 A	0.08607	0.53528	0.37865
577 A	0.06531	0.69138	0.24331
578 A	0.05020	0.84026	0.10953
579 A	0.04604	0.89857	0.05539
580 G	0.04554	0.90610	0.04836
581 A	0.04599	0.91051	0.0435
582 A	0.04694	0.91242	0.04064
583 C	0.04932	0.91063	0.04005
584 C	0.05174	0.90988	0.03839
585 T	0.05780	0.90822	0.03398
586 A	0.06014	0.90922	0.03064
587 A	0.06364	0.90803	0.02832
588 T	0.06877	0.90413	0.0271
589 T	0.07227	0.90130	0.02643
590 T	0.07347	0.90049	0.02604
591 A	0.07420	0.90003	0.02578
592 A	0.07725	0.89680	0.02596
593 A	0.08286	0.89095	0.02618
594 T	0.10277	0.87033	0.02689
595 A	0.12337	0.84882	0.02781
596 A	0.16894	0.80187	0.02919
597 A	0.24419	0.72335	0.03246
598 A	0.37184	0.58955	0.0386
599 G	0.51915	0.42103	0.05983
600 A	0.64159	0.28033	0.07808
601 C	0.76504	0.14287	0.09209
602 T	0.84011	0.06527	0.09462
603 T	0.85853	0.04690	0.09457
604 A	0.86679	0.03946	0.09375
605 T	0.87483	0.03172	0.09345
606 T	0.87688	0.03025	0.09287
607 T	0.87694	0.03071	0.09235
608 T	0.87700	0.03850	0.0845
609 A	0.87224	0.05464	0.07312
610 A	0.86915	0.06590	0.06496
611 T	0.84969	0.08945	0.06086
612 T	0.81568	0.12389	0.06043
613 T	0.75972	0.18094	0.05935
614 T	0.64892	0.29263	0.05845
615 A	0.56172	0.38186	0.05641
616 C	0.43972	0.50545	0.05483
617 A	0.33555	0.61365	0.0508
618 A	0.25402	0.69720	0.04878
619 G	0.19716	0.75520	0.04764
620 A	0.18632	0.76772	0.04596
621 T	0.17915	0.77588	0.04497
622 A	0.17459	0.78165	0.04376
623 T	0.17318	0.78390	0.04292
624 T	0.17061	0.78652	0.04287
625 G	0.15649	0.80091	0.0426
626 A	0.14957	0.80783	0.0426
627 A	0.14699	0.80970	0.04331
628 C	0.14580	0.80940	0.0448
629 T	0.14504	0.80956	0.0454
630 A	0.14334	0.81074	0.04593
631 A	0.14973	0.80289	0.04737
632 A	0.15922	0.78799	0.05279
633 A	0.16633	0.77599	0.05767
634 T	0.17059	0.73676	0.09265
635 T	0.17129	0.69034	0.13837
636 A	0.17076	0.62953	0.1997
637 G	0.17042	0.48945	0.34013
638 A	0.17093	0.41112	0.41795
639 T	0.17288	0.28843	0.53869
640 T	0.17517	0.20347	0.62135
641 G	0.17356	0.14240	0.68404
642 C	0.17079	0.10033	0.72888
643 A	0.16485	0.11365	0.72149
644 T	0.16214	0.11625	0.72162
645 A	0.15814	0.13044	0.71142
646 G	0.15825	0.14148	0.70028
647 A	0.15799	0.16225	0.67976
648 T	0.15807	0.17210	0.66983
649 T	0.15695	0.21641	0.62665
650 T	0.15234	0.29890	0.54876
651 A	0.12370	0.52081	0.3555
652 G	0.10444	0.60036	0.2952
653 A	0.09619	0.69127	0.21254
654 A	0.09028	0.75257	0.15714
655 A	0.08534	0.78451	0.13015
656 A	0.07990	0.80798	0.11212
657 T	0.07845	0.82078	0.10077
658 A	0.07604	0.85105	0.0729
659 A	0.07583	0.86156	0.06262
660 A	0.07725	0.86506	0.05769
661 A	0.07897	0.86635	0.05468
662 T	0.08172	0.86337	0.05491
663 T	0.08427	0.86033	0.0554
664 A	0.08489	0.85706	0.05805
665 A	0.08733	0.85122	0.06145
666 T	0.09664	0.83508	0.06829
667 G	0.09884	0.82925	0.07191
668 C	0.11136	0.81172	0.07693
669 A	0.12684	0.79597	0.07719
670 G	0.15427	0.76826	0.07747
671 A	0.18815	0.73460	0.07726
672 A	0.24702	0.67542	0.07757
673 G	0.33796	0.58102	0.08102
674 T	0.54574	0.34427	0.10999
675 T	0.60013	0.27222	0.12766
676 A	0.65316	0.21230	0.13453
677 A	0.68811	0.17342	0.13848
678 A	0.70009	0.15652	0.14339
679 C	0.70746	0.14308	0.14945
680 G	0.63181	0.22411	0.14408
681 T	0.62954	0.23572	0.13475
682 A	0.57349	0.31134	0.11517
683 G	0.53316	0.38605	0.08078
684 T	0.49941	0.44306	0.05752
685 A	0.38291	0.57296	0.04413
686 T	0.32269	0.63359	0.04371
687 T	0.27027	0.68597	0.04376
688 G	0.19251	0.76544	0.04206
689 A	0.15126	0.80740	0.04134
690 C	0.12797	0.82996	0.04207
691 G	0.10876	0.84975	0.0415
692 A	0.09369	0.86570	0.04062
693 A	0.08252	0.87692	0.04057
694 A	0.07829	0.88105	0.04066
695 A	0.07736	0.88161	0.04103
696 T	0.07809	0.87752	0.0444
697 C	0.07778	0.87517	0.04705
698 A	0.07684	0.87521	0.04796
699 A	0.07653	0.87168	0.05179
700 A	0.07683	0.86712	0.05606
701 A	0.07717	0.85951	0.06332
702 A	0.07887	0.84987	0.07125
703 G	0.08847	0.74111	0.17042
704 A	0.10294	0.68291	0.21416
705 A	0.12565	0.57515	0.29921
706 T	0.16106	0.47026	0.36867
707 T	0.18217	0.39852	0.41931
708 T	0.19181	0.29038	0.51781
709 T	0.19273	0.24351	0.56376
710 A	0.19290	0.22184	0.58527
711 T	0.19370	0.18392	0.62238
712 T	0.19337	0.20285	0.60379
713 T	0.19228	0.21112	0.5966
714 A	0.18789	0.24282	0.5693
715 A	0.17681	0.27590	0.5473
716 G	0.16279	0.30467	0.53254
717 A	0.14737	0.42840	0.42422
718 G	0.13064	0.54068	0.32868
719 A	0.10846	0.65024	0.24131
720 A	0.10061	0.73698	0.16241
721 A	0.09728	0.78109	0.12164
722 A	0.09438	0.82540	0.08022
723 A	0.09246	0.82840	0.07914
724 A	0.09154	0.82916	0.07931
725 T	0.09085	0.83009	0.07905
726 G	0.08782	0.83370	0.07848
727 C	0.08875	0.83283	0.07841
728 G	0.09058	0.83101	0.07841
729 T	0.09614	0.82551	0.07836
730 G	0.10092	0.82084	0.07823
731 C	0.11372	0.80809	0.07819
732 C	0.13017	0.79165	0.07818
733 A	0.15052	0.77139	0.07808
734 T	0.18081	0.74093	0.07826
735 T	0.22875	0.69290	0.07835
736 C	0.24584	0.67585	0.0783
737 A	0.27068	0.64990	0.07941
738 A	0.29265	0.61743	0.08991
739 A	0.31581	0.58217	0.10202
740 A	0.42244	0.46322	0.11434
741 T	0.52590	0.34601	0.1281
742 G	0.57763	0.27052	0.15185
743 A	0.61536	0.22620	0.15844
744 A	0.62157	0.21635	0.16208
745 T	0.62776	0.20662	0.16563
746 T	0.55696	0.27513	0.16791
747 A	0.43791	0.39497	0.16713
748 G	0.36777	0.46570	0.16654
749 G	0.33274	0.50365	0.16361
750 T	0.31666	0.52785	0.15549
751 G	0.25787	0.60525	0.13688
752 A	0.20638	0.67690	0.11672
753 T	0.16735	0.72932	0.10333
754 A	0.12351	0.77539	0.1011
755 A	0.09936	0.80049	0.10016
756 A	0.08791	0.81155	0.10053
757 G	0.08061	0.81648	0.10292
758 C	0.07776	0.81644	0.10579
759 T	0.07468	0.82110	0.10422
760 A	0.06067	0.84328	0.09604
761 A	0.04848	0.86120	0.09032
762 A	0.03987	0.87001	0.09013
763 A	0.03504	0.87287	0.09209
764 A	0.03119	0.85046	0.11834
765 A	0.02912	0.81307	0.15781
766 G	0.03073	0.76841	0.20086
767 A	0.03207	0.73307	0.23485
768 G	0.03293	0.68467	0.28241
769 G	0.03561	0.61379	0.3506
770 A	0.03840	0.53529	0.42631
771 A	0.04286	0.49911	0.45802
772 G	0.04889	0.49874	0.45238
773 A	0.05686	0.58459	0.35856
774 A	0.07134	0.62796	0.30071
775 A	0.08428	0.61733	0.29839
776 T	0.09291	0.59013	0.31696
777 A	0.08546	0.60702	0.30752
778 G	0.07555	0.64749	0.27696
779 A	0.06658	0.69702	0.23639
780 A	0.05491	0.74903	0.19606
781 G	0.04905	0.77312	0.17783
782 A	0.04992	0.78119	0.1689
783 A	0.05901	0.76857	0.17242
784 T	0.06573	0.75493	0.17934
785 T	0.06664	0.74965	0.18372
786 A	0.06351	0.75508	0.18142
787 A	0.06052	0.75930	0.18017
788 G	0.05756	0.76504	0.1774
789 A	0.04871	0.78440	0.16689
790 A	0.04511	0.79190	0.16299
791 G	0.04649	0.79306	0.16044
792 A	0.05418	0.79065	0.15517
793 A	0.07867	0.76765	0.15369
794 A	0.11648	0.72825	0.15528
795 A	0.16947	0.67345	0.15708
796 A	0.28968	0.55078	0.15955
797 T	0.41461	0.42207	0.16332
798 T	0.46060	0.37182	0.16758
799 A	0.46974	0.36334	0.16692
800 A	0.50161	0.32521	0.17319
801 T	0.54860	0.27045	0.18095
802 A	0.57996	0.23097	0.18907
803 T	0.62275	0.17600	0.20125
804 T	0.63487	0.15648	0.20865
805 T	0.61932	0.16973	0.21095
806 C	0.56017	0.23025	0.20957
807 T	0.48839	0.31855	0.19306
808 A	0.37376	0.44275	0.18348
809 A	0.31284	0.50703	0.18013
810 A	0.29240	0.52613	0.18148
811 A	0.28735	0.52830	0.18435
812 T	0.28906	0.51565	0.19529
813 G	0.27097	0.52802	0.20102
814 C	0.26133	0.53537	0.20329
815 C	0.24621	0.55111	0.20268
816 T	0.23222	0.56709	0.20069
817 A	0.21049	0.59061	0.1989
818 A	0.20111	0.60109	0.19781
819 A	0.20003	0.60292	0.19705
820 G	0.20008	0.60302	0.1969
821 A	0.20161	0.59993	0.19846
822 T	0.20669	0.58765	0.20566
823 A	0.20681	0.58739	0.2058
824 T	0.20319	0.59249	0.20432
825 A	0.20024	0.60013	0.19964
826 A	0.19909	0.59899	0.20192
827 A	0.19927	0.58201	0.21872
828 A	0.20109	0.53385	0.26505
829 G	0.20523	0.45303	0.34174
830 T	0.22305	0.36478	0.41216
831 T	0.23135	0.27470	0.49395
832 A	0.23422	0.24384	0.52193
833 A	0.23496	0.22778	0.53726
834 A	0.23520	0.21826	0.54654
835 G	0.23551	0.20587	0.55862
836 T	0.23607	0.18596	0.57797
837 A	0.23666	0.17063	0.5927
838 T	0.23808	0.15195	0.60997
839 T	0.23934	0.14403	0.61663
840 A	0.23980	0.13493	0.62526
841 C	0.24036	0.13080	0.62883
842 A	0.24013	0.15680	0.60308
843 A	0.24068	0.16158	0.59775
844 G	0.24359	0.16059	0.59583
845 A	0.24666	0.16027	0.59306
846 A	0.25173	0.15499	0.59328
847 C	0.25982	0.13997	0.6002
848 T	0.27185	0.12528	0.60288
849 T	0.27980	0.11602	0.60418
850 T	0.28249	0.11283	0.60468
851 C	0.28384	0.11116	0.605
852 T	0.28553	0.10953	0.60495
853 C	0.28689	0.10816	0.60495
854 G	0.29005	0.10545	0.60449
855 T	0.30058	0.09491	0.60452
856 T	0.30678	0.08876	0.60446
857 A	0.30891	0.08664	0.60446
858 T	0.31413	0.08147	0.6044
859 C	0.31758	0.07753	0.60488
860 A	0.31841	0.07680	0.60479
861 A	0.32170	0.07384	0.60445
862 T	0.33337	0.06245	0.60418
863 C	0.33910	0.05669	0.60421
864 A	0.34523	0.05156	0.60321
865 A	0.36900	0.02705	0.60395
866 T	0.37677	0.01888	0.60435
867 T	0.37970	0.01584	0.60446
868 T	0.38246	0.01302	0.60452
869 C	0.38324	0.01207	0.60469
870 T	0.38330	0.01199	0.60471
871 T	0.38302	0.01226	0.60472
872 C	0.38268	0.01259	0.60473
873 T	0.38236	0.01301	0.60463
874 A	0.38178	0.01377	0.60444
875 A	0.38151	0.01402	0.60447
876 T	0.38162	0.01373	0.60465
877 T	0.38187	0.01330	0.60482
878 T	0.38168	0.01299	0.60533
879 A	0.38137	0.01267	0.60596
880 G	0.38116	0.01145	0.60739
881 C	0.38078	0.01114	0.60809
882 A	0.38059	0.01112	0.6083
883 G	0.38064	0.01062	0.60874
884 A	0.38126	0.00979	0.60895
885 T	0.38201	0.00890	0.60909
886 T	0.38234	0.00843	0.60922
887 C	0.38300	0.00725	0.60974
888 T	0.38310	0.00720	0.6097
889 T	0.38306	0.00777	0.60918
890 T	0.38295	0.00832	0.60872
891 T	0.38272	0.00890	0.60838
892 G	0.38238	0.00978	0.60784
893 T	0.38225	0.01006	0.60769
894 T	0.38197	0.00999	0.60804
895 A	0.38141	0.01023	0.60836
896 T	0.38135	0.00985	0.60879
897 T	0.38115	0.00954	0.60932
898 C	0.38057	0.00981	0.60961
899 G	0.38030	0.01014	0.60956
900 T	0.38023	0.01037	0.6094
901 A	0.38015	0.01072	0.60913
902 A	0.38017	0.01060	0.60923
903 T	0.38027	0.01032	0.60942
904 T	0.38033	0.00972	0.60994
905 A	0.38040	0.00940	0.6102
906 T	0.38047	0.00909	0.61044
907 T	0.38050	0.00894	0.61055
908 T	0.38049	0.00890	0.61061
909 A	0.38045	0.00890	0.61064
910 G	0.38049	0.00876	0.61075
911 A	0.38071	0.00846	0.61083
912 T	0.38155	0.00742	0.61103
913 T	0.38215	0.00661	0.61124
914 T	0.38240	0.00616	0.61144
915 T	0.38222	0.00611	0.61167
916 G	0.38117	0.00713	0.6117
917 T	0.38029	0.00799	0.61172
918 T	0.37837	0.00988	0.61176
919 A	0.37546	0.01269	0.61185
920 T	0.37361	0.01428	0.61211
921 T	0.36821	0.01932	0.61247
922 G	0.36109	0.02632	0.61259
923 C	0.35721	0.03020	0.61259
924 T	0.35338	0.03408	0.61254
925 T	0.34564	0.04183	0.61253
926 T	0.33186	0.05566	0.61248
927 A	0.30968	0.07793	0.61238
928 C	0.29011	0.09760	0.61229
929 C	0.27583	0.11204	0.61213
930 T	0.26273	0.12579	0.61149
931 T	0.24197	0.14702	0.61101
932 G	0.21286	0.17646	0.61068
933 G	0.18896	0.20079	0.61025
934 G	0.17244	0.21854	0.60902
935 G	0.16343	0.22823	0.60834
936 A	0.15953	0.23315	0.60732
937 A	0.15716	0.23644	0.60639
938 A	0.15586	0.23753	0.60661
939 A	0.15543	0.23693	0.60763
940 G	0.15524	0.23584	0.60892
941 T	0.15542	0.23343	0.61115
942 A	0.15495	0.23109	0.61396
943 A	0.15421	0.22933	0.61647
944 G	0.15333	0.22437	0.6223
945 T	0.15239	0.21902	0.62859
946 A	0.15105	0.21684	0.63211
947 A	0.15035	0.21198	0.63767
948 A	0.14980	0.20321	0.64698
949 G	0.14964	0.18575	0.66461
950 A	0.14969	0.16432	0.68599
951 T	0.14968	0.13876	0.71155
952 G	0.14876	0.12102	0.73022
953 T	0.14880	0.10710	0.7441
954 T	0.14661	0.10090	0.75249
955 G	0.14326	0.09874	0.75799
956 A	0.14172	0.10510	0.75318
957 T	0.14214	0.11210	0.74576
958 G	0.14182	0.12398	0.7342
959 A	0.14226	0.13981	0.71792
960 T	0.14210	0.14793	0.70996
961 T	0.14001	0.15696	0.70303
962 T	0.13554	0.17083	0.69362
963 A	0.12351	0.20220	0.67429
964 A	0.11763	0.21233	0.67004
965 A	0.11240	0.22106	0.66654
966 A	0.10615	0.23026	0.66359
967 A	0.10281	0.23513	0.66205
968 C	0.09906	0.24042	0.66052
969 A	0.09269	0.26254	0.64477
970 A	0.08577	0.28702	0.62721
971 T	0.08227	0.29752	0.62021
972 A	0.07910	0.30716	0.61374
973 G	0.07759	0.30944	0.61297
974 A	0.07751	0.30937	0.61313
975 A	0.07919	0.30602	0.61478
976 A	0.08399	0.30012	0.6159
977 C	0.09706	0.28385	0.61909
978 A	0.11654	0.26258	0.62088
979 G	0.14226	0.23613	0.62162
980 T	0.16950	0.20889	0.62161
981 T	0.18651	0.19236	0.62113
982 T	0.19625	0.18292	0.62084
983 T	0.19630	0.18019	0.62351
984 A	0.18499	0.18974	0.62527
985 G	0.17371	0.19742	0.62887
986 A	0.16778	0.19816	0.63406
987 A	0.15490	0.21096	0.63413
988 A	0.14242	0.22286	0.63472
989 A	0.13679	0.22668	0.63653
990 A	0.13374	0.22656	0.63969
991 A	0.13356	0.22162	0.64483
992 A	0.15005	0.19783	0.65212
993 T	0.17142	0.16808	0.66049
994 C	0.17819	0.15696	0.66485
995 A	0.18344	0.14995	0.66661
996 T	0.18469	0.14744	0.66788
997 T	0.17528	0.15682	0.66791
998 A	0.14862	0.18427	0.66711
999 C	0.14067	0.19264	0.6667
1000 G	0.13573	0.20155	0.66272
1001 G	0.13332	0.20705	0.65963
1002 T	0.13280	0.21240	0.65481
1003 G	0.12941	0.21956	0.65103
1004 T	0.12149	0.22936	0.64915
1005 A	0.09245	0.26024	0.64731
1006 A	0.08044	0.26935	0.65021
1007 A	0.06950	0.26974	0.66076
1008 A	0.06297	0.26399	0.67305
1009 A	0.06205	0.24935	0.68859
1010 A	0.06239	0.23260	0.70501
1011 A	0.06305	0.21558	0.72137
1012 G	0.06201	0.20589	0.7321
1013 T	0.05879	0.20324	0.73797
1014 C	0.05340	0.20579	0.74081
1015 A	0.04792	0.21336	0.73872
1016 A	0.04200	0.22203	0.73597
1017 A	0.03942	0.22401	0.73657
1018 G	0.03838	0.22391	0.73771
1019 A	0.03870	0.22277	0.73852
1020 A	0.03998	0.20841	0.75161
1021 C	0.04214	0.17831	0.77954
1022 G	0.04424	0.16996	0.7858
1023 T	0.05061	0.16059	0.78881
1024 A	0.05374	0.15753	0.78873
1025 T	0.05893	0.15160	0.78947
1026 T	0.06130	0.14823	0.79048
1027 A	0.06107	0.13955	0.79938
1028 T	0.06210	0.11092	0.82699
1029 A	0.05917	0.10586	0.83497
1030 G	0.05870	0.09681	0.84449
1031 A	0.05896	0.09114	0.84989
1032 A	0.06027	0.08740	0.85234
1033 T	0.06132	0.08182	0.85686
1034 A	0.06192	0.07821	0.85988
1035 T	0.06304	0.07161	0.86534
1036 G	0.06366	0.06505	0.87128
1037 T	0.06490	0.05939	0.8757
1038 A	0.06628	0.05444	0.87927
1039 G	0.06870	0.04779	0.88352
1040 C	0.06828	0.04712	0.8846
1041 T	0.06770	0.05179	0.88051
1042 G	0.06468	0.07083	0.86449
1043 T	0.06237	0.08053	0.8571
1044 T	0.06031	0.09379	0.8459
1045 A	0.05810	0.10920	0.8327
1046 A	0.05790	0.11515	0.82695
1047 A	0.05967	0.11839	0.82194
1048 A	0.06128	0.12161	0.81711
1049 T	0.06357	0.12427	0.81216
1050 A	0.06286	0.13100	0.80614
1051 A	0.06433	0.13045	0.80522
1052 T	0.06817	0.12397	0.80785
1053 G	0.06844	0.12239	0.80918
1054 A	0.06945	0.12059	0.80996
1055 C	0.07059	0.11852	0.8109
1056 T	0.06798	0.12155	0.81047
1057 C	0.06206	0.12773	0.8102
1058 A	0.05475	0.13578	0.80948
1059 A	0.04930	0.14151	0.8092
1060 A	0.04639	0.14465	0.80897
1061 A	0.04569	0.14503	0.80928
1062 A	0.04692	0.14343	0.80966
1063 A	0.04979	0.13859	0.81163
1064 A	0.05650	0.12952	0.81397
1065 T	0.07447	0.10676	0.81877
1066 C	0.08121	0.09664	0.82214
1067 C	0.09083	0.08559	0.82358
1068 T	0.10176	0.07415	0.82409
1069 C	0.10545	0.07024	0.82431
1070 A	0.10900	0.06665	0.82435
1071 A	0.11360	0.06202	0.82438
1072 A	0.11986	0.05558	0.82456
1073 C	0.12696	0.04575	0.8273
1074 T	0.13030	0.04187	0.82783
1075 A	0.13168	0.03959	0.82873
1076 T	0.13319	0.03605	0.83075
1077 T	0.13404	0.03399	0.83196
1078 A	0.13434	0.03276	0.83291
1079 T	0.13509	0.02608	0.83883
1080 T	0.13545	0.01855	0.846
1081 T	0.13571	0.01084	0.85346
1082 G	0.13566	0.00616	0.85818
1083 T	0.13572	0.00344	0.86084
1084 C	0.13555	0.00261	0.86184
1085 T	0.13523	0.00289	0.86187
1086 T	0.13470	0.00352	0.86178
1087 G	0.13333	0.00524	0.86143
1088 T	0.13249	0.00691	0.8606
1089 A	0.13130	0.00840	0.8603
1090 G	0.13104	0.00847	0.86049
1091 G	0.13093	0.00836	0.86071
1092 T	0.13085	0.00809	0.86106
1093 C	0.13078	0.00789	0.86133
1094 C	0.13076	0.00782	0.86142
1095 T	0.13073	0.00786	0.86141
1096 C	0.13068	0.00791	0.86141
1097 C	0.13065	0.00796	0.86139
1098 T	0.13050	0.00819	0.86131
1099 G	0.13043	0.00838	0.86119
1100 G	0.13040	0.00849	0.86111
1101 T	0.13036	0.00866	0.86098
1102 G	0.13028	0.00878	0.86094
1103 T	0.13024	0.00865	0.86111
1104 T	0.12995	0.00881	0.86124
1105 G	0.12969	0.00894	0.86137
1106 G	0.12956	0.00898	0.86146
1107 A	0.12946	0.00898	0.86156
1108 A	0.12949	0.00864	0.86187
1109 A	0.12963	0.00798	0.86239
1110 A	0.12994	0.00647	0.8636
1111 A	0.13069	0.00482	0.86449
1112 C	0.13100	0.00334	0.86566
1113 T	0.13107	0.00310	0.86583
1114 A	0.13108	0.00303	0.86588
1115 C	0.13109	0.00297	0.86593
1116 T	0.13109	0.00304	0.86587
1117 T	0.13102	0.00312	0.86586
1118 T	0.13091	0.00319	0.86589
1119 A	0.13071	0.00337	0.86592
1120 G	0.13064	0.00341	0.86596
1121 C	0.13065	0.00320	0.86615
1122 T	0.13063	0.00318	0.86619
1123 A	0.13045	0.00332	0.86622
1124 T	0.13057	0.00315	0.86628
1125 T	0.13059	0.00307	0.86634
1126 T	0.13048	0.00318	0.86634
1127 C	0.13025	0.00307	0.86668
1128 T	0.13006	0.00315	0.86679
1129 A	0.12961	0.00353	0.86686
1130 T	0.12849	0.00457	0.86694
1131 A	0.12515	0.00787	0.86697
1132 G	0.12319	0.00981	0.867
1133 C	0.12208	0.01081	0.86712
1134 C	0.12123	0.01163	0.86714
1135 G	0.12073	0.01214	0.86714
1136 A	0.12055	0.01231	0.86713
1137 A	0.12050	0.01236	0.86715
1138 G	0.12050	0.01235	0.86715
1139 C	0.12057	0.01223	0.8672
1140 T	0.12059	0.01211	0.8673
1141 T	0.12057	0.01205	0.86739
1142 T	0.12048	0.01203	0.86748
1143 A	0.12027	0.01218	0.86756
1144 G	0.12017	0.01221	0.86761
1145 G	0.12006	0.01206	0.86788
1146 T	0.11996	0.01181	0.86822
1147 C	0.11973	0.01183	0.86844
1148 G	0.11944	0.01204	0.86852
1149 T	0.11865	0.01275	0.8686
1150 A	0.11736	0.01403	0.86861
1151 A	0.11692	0.01426	0.86882
1152 A	0.11665	0.01411	0.86923
1153 T	0.11657	0.01246	0.87097
1154 T	0.11642	0.00920	0.87438
1155 T	0.11600	0.00775	0.87625
1156 G	0.11501	0.00782	0.87716
1157 T	0.11453	0.00783	0.87764
1158 T	0.11404	0.00803	0.87794
1159 A	0.11260	0.00936	0.87804
1160 G	0.11183	0.01006	0.87811
1161 A	0.11155	0.01032	0.87813
1162 C	0.11136	0.01044	0.8782
1163 A	0.11082	0.01103	0.87814
1164 A	0.11069	0.01114	0.87817
1165 T	0.11063	0.01110	0.87827
1166 C	0.11033	0.01123	0.87844
1167 T	0.10991	0.01171	0.87838
1168 T	0.10938	0.01243	0.87819
1169 T	0.10884	0.01295	0.87821
1170 A	0.10780	0.01387	0.87833
1171 G	0.10685	0.01462	0.87853
1172 G	0.10645	0.01413	0.87943
1173 T	0.10631	0.01310	0.88059
1174 G	0.10601	0.01293	0.88107
1175 G	0.10570	0.01296	0.88133
1176 T	0.10551	0.01292	0.88157
1177 T	0.10475	0.01334	0.88191
1178 T	0.10282	0.01467	0.88251
1179 G	0.09951	0.01712	0.88336
1180 C	0.09781	0.01861	0.88358
1181 A	0.09684	0.02052	0.88263
1182 G	0.09618	0.02117	0.88266
1183 G	0.09560	0.02240	0.882
1184 A	0.09533	0.02339	0.88128
1185 A	0.09506	0.02430	0.88063
1186 G	0.09457	0.02514	0.88029
1187 A	0.09343	0.02788	0.87869
1188 A	0.09239	0.03009	0.87753
1189 A	0.09152	0.03222	0.87627
1190 G	0.09031	0.03390	0.87579
1191 T	0.08910	0.03720	0.8737
1192 G	0.08805	0.04099	0.87096
1193 A	0.08709	0.04407	0.86884
1194 A	0.08630	0.04544	0.86827
1195 A	0.08575	0.04656	0.86769
1196 T	0.08547	0.04692	0.8676
1197 A	0.08258	0.04990	0.86752
1198 A	0.08063	0.05156	0.8678
1199 A	0.07982	0.05179	0.86839
1200 A	0.07949	0.05095	0.86957
1201 G	0.07929	0.04879	0.87192
1202 G	0.07948	0.04552	0.875
1203 C	0.07990	0.04351	0.8766
1204 C	0.08094	0.04207	0.87699
1205 A	0.08159	0.04158	0.87683
1206 T	0.08259	0.04063	0.87678
1207 A	0.08315	0.04013	0.87672
1208 G	0.08371	0.03955	0.87674
1209 A	0.08461	0.03844	0.87695
1210 A	0.08636	0.03535	0.87829
1211 A	0.08809	0.03237	0.87954
1212 A	0.09079	0.02841	0.8808
1213 A	0.09308	0.02433	0.88259
1214 C	0.09641	0.01857	0.88501
1215 T	0.09966	0.01442	0.88593
1216 T	0.10163	0.01187	0.8865
1217 A	0.10214	0.01102	0.88684
1218 T	0.10265	0.01005	0.8873
1219 G	0.10246	0.01001	0.88753
1220 T	0.10143	0.00810	0.89048
1221 T	0.09943	0.00815	0.89243
1222 G	0.09581	0.01100	0.8932
1223 G	0.09378	0.01274	0.89347
1224 G	0.09214	0.01420	0.89366
1225 G	0.09126	0.01504	0.89369
1226 C	0.09093	0.01537	0.89371
1227 A	0.09080	0.01556	0.89364
1228 A	0.09098	0.01537	0.89365
1229 T	0.09114	0.01518	0.89368
1230 G	0.09118	0.01509	0.89374
1231 C	0.09120	0.01502	0.89378
1232 C	0.09129	0.01488	0.89383
1233 A	0.09128	0.01487	0.89385
1234 G	0.09127	0.01487	0.89386
1235 G	0.09132	0.01481	0.89387
1236 C	0.09138	0.01475	0.89387
1237 C	0.09146	0.01466	0.89387
1238 G	0.09164	0.01447	0.8939
1239 T	0.09198	0.01412	0.8939
1240 A	0.09213	0.01394	0.89393
1241 T	0.09225	0.01374	0.89401
1242 T	0.09234	0.01316	0.89449
1243 T	0.09239	0.01091	0.8967
1244 T	0.09240	0.00859	0.89901
1245 G	0.09229	0.00536	0.90236
1246 A	0.09195	0.00418	0.90387
1247 G	0.09171	0.00314	0.90514
1248 C	0.09155	0.00278	0.90566
1249 G	0.09145	0.00303	0.90553
1250 G	0.09140	0.00342	0.90518
1251 T	0.09131	0.00480	0.90389
1252 T	0.09102	0.00835	0.90063
1253 T	0.09056	0.01144	0.89799
1254 A	0.09014	0.01638	0.89348
1255 A	0.08995	0.01945	0.8906
1256 A	0.08986	0.02091	0.88923
1257 A	0.08979	0.02223	0.88798
1258 G	0.08975	0.02233	0.88792
1259 A	0.08972	0.02235	0.88793
1260 T	0.08964	0.02240	0.88796
1261 G	0.08944	0.02259	0.88798
1262 C	0.08933	0.02269	0.88799
1263 C	0.08925	0.02276	0.88799
1264 G	0.08912	0.02291	0.88797
1265 G	0.08901	0.02303	0.88796
1266 A	0.08900	0.02306	0.88794
1267 G	0.08902	0.02304	0.88795
1268 T	0.08908	0.02290	0.88803
1269 A	0.08907	0.02258	0.88835
1270 A	0.08917	0.02221	0.88863
1271 T	0.08959	0.02149	0.88891
1272 G	0.08987	0.02100	0.88913
1273 A	0.09036	0.02033	0.88931
1274 A	0.09213	0.01835	0.88952
1275 T	0.09606	0.01400	0.88994
1276 C	0.09834	0.01124	0.89042
1277 C	0.10223	0.00709	0.89068
1278 T	0.10465	0.00462	0.89074
1279 A	0.10551	0.00376	0.89074
1280 T	0.10645	0.00277	0.89077
1281 C	0.10638	0.00284	0.89078
1282 T	0.10631	0.00296	0.89072
1283 T	0.10571	0.00363	0.89066
1284 T	0.10510	0.00420	0.8907
1285 T	0.10421	0.00516	0.89063
1286 T	0.10162	0.00797	0.89042
1287 A	0.09749	0.01236	0.89015
1288 T	0.09510	0.01487	0.89004
1289 T	0.09277	0.01736	0.88988
1290 A	0.08850	0.02203	0.88947
1291 G	0.08585	0.02497	0.88918
1292 A	0.08455	0.02648	0.88898
1293 T	0.08356	0.02770	0.88874
1294 G	0.08166	0.03039	0.88795
1295 A	0.08051	0.03192	0.88757
1296 A	0.07989	0.03268	0.88742
1297 A	0.07936	0.03339	0.88724
1298 T	0.07922	0.03352	0.88727
1299 A	0.07911	0.03360	0.88728
1300 G	0.07905	0.03363	0.88732
1301 A	0.07902	0.03374	0.88725
1302 T	0.07905	0.03361	0.88734
1303 A	0.07904	0.03373	0.88722
1304 A	0.07904	0.03358	0.88738
1305 A	0.07915	0.03315	0.8877
1306 T	0.07939	0.03168	0.88893
1307 T	0.07940	0.03045	0.89016
1308 A	0.07945	0.02903	0.89152
1309 G	0.07971	0.02557	0.89472
1310 T	0.08015	0.02146	0.89839
1311 T	0.08035	0.01965	0.9
1312 A	0.08039	0.02010	0.89951
1313 A	0.08066	0.01857	0.90076
1314 T	0.08087	0.01702	0.90211
1315 A	0.08089	0.01748	0.90162
1316 A	0.08111	0.01699	0.90189
1317 T	0.08195	0.01446	0.90359
1318 T	0.08221	0.01328	0.9045
1319 A	0.08221	0.01285	0.90495
1320 T	0.08222	0.01231	0.90548
1321 C	0.08200	0.01238	0.90561
1322 A	0.08176	0.01263	0.90561
1323 A	0.08111	0.01326	0.90563
1324 C	0.08111	0.01322	0.90567
1325 A	0.08107	0.01329	0.90564
1326 T	0.08125	0.01309	0.90565
1327 G	0.08109	0.01319	0.90572
1328 A	0.08101	0.01324	0.90576
