# lcl|CP097583.1_cds_USQ93156.1_1
# AA	inside	membr	outside
1 A	0.40222	0.00000	0.59777
2 T	0.39798	0.00425	0.59777
3 G	0.39475	0.00747	0.59777
4 A	0.39475	0.18836	0.41688
5 C	0.35963	0.23488	0.40548
6 A	0.35963	0.24232	0.39804
7 A	0.29832	0.30484	0.39683
8 A	0.29832	0.30486	0.39681
9 C	0.29620	0.30724	0.39656
10 T	0.29619	0.34844	0.35536
11 T	0.29573	0.35352	0.35075
12 A	0.28296	0.36999	0.34704
13 A	0.24713	0.42642	0.32645
14 T	0.24712	0.42644	0.32644
15 A	0.24712	0.68258	0.0703
16 G	0.24299	0.68671	0.0703
17 A	0.23716	0.69466	0.06817
18 A	0.23697	0.69883	0.06419
19 T	0.23443	0.70244	0.06314
20 T	0.21835	0.74260	0.03905
21 A	0.15516	0.80582	0.03903
22 A	0.15296	0.81356	0.03348
23 A	0.15200	0.81638	0.03161
24 A	0.15330	0.81743	0.02927
25 A	0.15222	0.81661	0.03116
26 A	0.15688	0.80817	0.03495
27 T	0.32736	0.62961	0.04303
28 A	0.33585	0.59354	0.07061
29 T	0.34197	0.58216	0.07586
30 C	0.33723	0.54080	0.12196
31 A	0.32801	0.56285	0.10914
32 C	0.31447	0.58085	0.10468
33 A	0.19717	0.72802	0.07481
34 A	0.18583	0.75425	0.05992
35 A	0.18527	0.75374	0.06099
36 A	0.20372	0.71041	0.08587
37 G	0.21175	0.70314	0.08512
38 T	0.42917	0.48085	0.08997
39 A	0.39363	0.50945	0.09692
40 A	0.39065	0.50348	0.10587
41 T	0.39210	0.48994	0.11796
42 C	0.36333	0.51785	0.11883
43 A	0.36597	0.52000	0.11403
44 A	0.31993	0.55037	0.12971
45 T	0.32234	0.54787	0.12979
46 A	0.30984	0.56007	0.13009
47 A	0.30725	0.56194	0.1308
48 T	0.30823	0.55490	0.13686
49 C	0.27910	0.58278	0.13812
50 A	0.26150	0.60329	0.13522
51 A	0.26287	0.59835	0.13879
52 A	0.26718	0.59003	0.14279
53 T	0.27666	0.56801	0.15533
54 T	0.29365	0.54378	0.16257
55 A	0.30063	0.51426	0.1851
56 T	0.32387	0.34621	0.32992
57 T	0.32932	0.32354	0.34714
58 T	0.32319	0.32372	0.35309
59 T	0.32159	0.32313	0.35528
60 A	0.31444	0.33237	0.3532
61 A	0.30982	0.33065	0.35953
62 A	0.30857	0.29657	0.39486
63 T	0.31120	0.28284	0.40595
64 G	0.30905	0.28259	0.40836
65 A	0.31184	0.29439	0.39377
66 T	0.32187	0.28827	0.38985
67 A	0.32249	0.28608	0.39143
68 T	0.32170	0.29165	0.38665
69 T	0.32065	0.30135	0.37801
70 A	0.31837	0.40186	0.27977
71 A	0.31620	0.45495	0.22885
72 T	0.31584	0.44821	0.23596
73 T	0.31418	0.45275	0.23307
74 T	0.30610	0.47911	0.2148
75 A	0.29114	0.53676	0.1721
76 G	0.28512	0.56531	0.14956
77 A	0.28210	0.58595	0.13196
78 A	0.28046	0.60137	0.11817
79 A	0.28212	0.61606	0.10182
80 T	0.28837	0.61101	0.10062
81 T	0.29420	0.61431	0.09149
82 A	0.29506	0.62005	0.0849
83 A	0.29747	0.61732	0.08521
84 A	0.29790	0.61544	0.08666
85 G	0.30030	0.60961	0.09009
86 A	0.30477	0.60554	0.08969
87 A	0.31843	0.59014	0.09143
88 A	0.35627	0.55146	0.09227
89 A	0.38278	0.52574	0.09148
90 T	0.43035	0.47486	0.09479
91 G	0.44537	0.46016	0.09447
92 A	0.46742	0.43908	0.0935
93 A	0.55874	0.34525	0.09601
94 T	0.62662	0.27308	0.1003
95 T	0.65404	0.24269	0.10327
96 T	0.67324	0.22072	0.10604
97 G	0.68592	0.20217	0.11191
98 T	0.71855	0.16060	0.12086
99 A	0.72701	0.14928	0.12371
100 A	0.74042	0.13337	0.12621
101 C	0.75630	0.11372	0.12998
102 T	0.77905	0.09108	0.12987
103 T	0.78665	0.08433	0.12902
104 T	0.79902	0.07411	0.12687
105 A	0.80273	0.07328	0.12398
106 T	0.80661	0.07329	0.12011
107 T	0.80661	0.07384	0.11955
108 A	0.80152	0.07877	0.11971
109 G	0.80191	0.07713	0.12097
110 G	0.80419	0.07412	0.12169
111 C	0.80740	0.07068	0.12192
112 C	0.81299	0.06506	0.12195
113 C	0.81866	0.05957	0.12178
114 T	0.82395	0.05495	0.1211
115 T	0.82519	0.05435	0.12046
116 C	0.82429	0.05574	0.11996
117 A	0.82189	0.05927	0.11884
118 G	0.82201	0.05948	0.11851
119 G	0.82353	0.05744	0.11904
120 T	0.82377	0.05668	0.11955
121 T	0.81690	0.06418	0.11891
122 G	0.78697	0.09229	0.12074
123 T	0.74952	0.13744	0.11304
124 G	0.68540	0.21337	0.10124
125 G	0.65216	0.25749	0.09035
126 A	0.62892	0.29913	0.07195
127 A	0.61927	0.31014	0.07058
128 A	0.61537	0.31286	0.07177
129 A	0.61465	0.31264	0.07271
130 A	0.61441	0.31099	0.0746
131 C	0.61465	0.30542	0.07994
132 C	0.61440	0.30461	0.08099
133 A	0.61422	0.30481	0.08098
134 C	0.61456	0.30445	0.081
135 T	0.61503	0.30412	0.08085
136 A	0.61524	0.30402	0.08074
137 T	0.61634	0.30275	0.08092
138 T	0.61707	0.30075	0.08219
139 T	0.61732	0.29949	0.08319
140 T	0.61724	0.29654	0.08622
141 A	0.61596	0.29629	0.08775
142 A	0.61358	0.29698	0.08945
143 A	0.61283	0.29331	0.09385
144 A	0.61358	0.28165	0.10477
145 A	0.61845	0.24288	0.13867
146 T	0.63172	0.18153	0.18675
147 T	0.64252	0.11190	0.24558
148 A	0.64888	0.07812	0.273
149 T	0.66148	0.04577	0.29274
150 T	0.66058	0.03779	0.30163
151 G	0.65527	0.03859	0.30614
152 G	0.65338	0.03882	0.3078
153 T	0.65271	0.04141	0.30588
154 G	0.65190	0.05384	0.29426
155 G	0.65137	0.05886	0.28977
156 T	0.65143	0.06888	0.2797
157 T	0.64699	0.09074	0.26227
158 T	0.63900	0.11288	0.24812
159 C	0.62555	0.15172	0.22273
160 G	0.61377	0.21086	0.17536
161 A	0.60905	0.25723	0.13372
162 A	0.60661	0.27203	0.12137
163 G	0.60591	0.27724	0.11686
164 A	0.60584	0.28024	0.11391
165 T	0.60647	0.27812	0.11541
166 A	0.60532	0.27884	0.11585
167 T	0.60510	0.27754	0.11736
168 G	0.60341	0.27888	0.11771
169 A	0.60191	0.28071	0.11738
170 G	0.60151	0.27992	0.11856
171 T	0.60154	0.27830	0.12017
172 A	0.59951	0.28001	0.12048
173 A	0.59944	0.27847	0.12209
174 C	0.60037	0.27267	0.12695
175 G	0.60128	0.27207	0.12665
176 G	0.60449	0.27161	0.1239
177 A	0.61564	0.26611	0.11825
178 G	0.62354	0.26499	0.11148
179 A	0.64151	0.25126	0.10724
180 T	0.67986	0.20898	0.11116
181 A	0.70206	0.18084	0.1171
182 T	0.73417	0.13711	0.12873
183 T	0.76746	0.09643	0.13611
184 T	0.78882	0.07300	0.13818
185 T	0.79228	0.07154	0.13618
186 A	0.79025	0.08032	0.12943
187 T	0.78844	0.09063	0.12093
188 T	0.78366	0.10141	0.11494
189 T	0.77086	0.12730	0.10184
190 A	0.75177	0.15904	0.08919
191 A	0.74337	0.16724	0.08939
192 T	0.73790	0.17192	0.09018
193 A	0.73091	0.17920	0.08989
194 A	0.72694	0.18279	0.09027
195 C	0.72599	0.18172	0.09228
196 G	0.72563	0.18310	0.09127
197 A	0.72601	0.18331	0.09068
198 A	0.72822	0.18114	0.09064
199 A	0.73239	0.17728	0.09033
200 G	0.73882	0.17074	0.09043
201 T	0.74827	0.16098	0.09074
202 A	0.75178	0.15838	0.08984
203 T	0.75487	0.15629	0.08884
204 T	0.75293	0.16073	0.08634
205 A	0.74709	0.17454	0.07837
206 T	0.74433	0.18656	0.06912
207 A	0.73705	0.19848	0.06447
208 A	0.73766	0.19849	0.06385
209 A	0.74415	0.18875	0.0671
210 T	0.75593	0.16983	0.07424
211 G	0.75884	0.15881	0.08235
212 T	0.77161	0.13246	0.09592
213 T	0.77794	0.11226	0.1098
214 G	0.77364	0.11016	0.1162
215 C	0.77257	0.10703	0.12039
216 T	0.77113	0.10514	0.12374
217 C	0.76981	0.10479	0.12541
218 C	0.76871	0.10663	0.12466
219 T	0.76884	0.11138	0.11978
220 C	0.76734	0.11735	0.11531
221 A	0.76572	0.13005	0.10423
222 T	0.76248	0.14139	0.09613
223 A	0.75773	0.15174	0.09054
224 A	0.75568	0.15603	0.08829
225 A	0.75677	0.15547	0.08777
226 A	0.75872	0.15070	0.09058
227 G	0.76227	0.14029	0.09744
228 A	0.77180	0.12577	0.10242
229 T	0.78353	0.11240	0.10408
230 T	0.78732	0.11499	0.09769
231 A	0.78621	0.12787	0.08593
232 A	0.78548	0.14023	0.07429
233 T	0.78635	0.14260	0.07104
234 T	0.78574	0.14671	0.06755
235 A	0.78496	0.14807	0.06696
236 A	0.78490	0.14675	0.06835
237 T	0.78510	0.14188	0.07303
238 A	0.78507	0.14022	0.07471
239 C	0.78575	0.13615	0.07811
240 A	0.78708	0.13445	0.07847
241 G	0.79121	0.12933	0.07946
242 T	0.79990	0.12022	0.07988
243 T	0.80638	0.11227	0.08135
244 T	0.81434	0.10309	0.08256
245 T	0.81886	0.09451	0.08663
246 T	0.82111	0.08937	0.08952
247 C	0.82085	0.09030	0.08885
248 A	0.81901	0.10025	0.08074
249 A	0.81711	0.10617	0.07671
250 A	0.81735	0.10807	0.07458
251 A	0.81832	0.10856	0.07312
252 A	0.81951	0.10799	0.0725
253 T	0.83261	0.09268	0.07472
254 A	0.84339	0.07880	0.0778
255 T	0.85503	0.06461	0.08036
256 G	0.85734	0.06165	0.08101
257 C	0.86193	0.05655	0.08152
258 T	0.86331	0.05534	0.08135
259 T	0.86400	0.05508	0.08092
260 T	0.86397	0.05515	0.08089
261 A	0.86358	0.05545	0.08097
262 T	0.86368	0.05525	0.08107
263 T	0.86307	0.05556	0.08137
264 C	0.86058	0.05788	0.08154
265 C	0.84417	0.07425	0.08158
266 C	0.83421	0.08423	0.08156
267 A	0.82187	0.09681	0.08132
268 C	0.81750	0.10128	0.08122
269 A	0.81598	0.10301	0.08101
270 T	0.81859	0.10001	0.0814
271 T	0.82437	0.09241	0.08322
272 T	0.82521	0.08885	0.08593
273 G	0.82245	0.09053	0.08702
274 A	0.82243	0.08742	0.09015
275 A	0.82278	0.08202	0.0952
276 T	0.82298	0.07764	0.09939
277 G	0.82304	0.07542	0.10153
278 T	0.82370	0.07385	0.10245
279 T	0.82385	0.07272	0.10343
280 T	0.82292	0.07303	0.10405
281 T	0.82025	0.07542	0.10433
282 C	0.81388	0.08184	0.10427
283 G	0.80876	0.09111	0.10013
284 A	0.80471	0.10458	0.09071
285 A	0.80108	0.11790	0.08102
286 A	0.79931	0.12294	0.07776
287 A	0.79867	0.12336	0.07797
288 T	0.79792	0.10824	0.09385
289 A	0.79650	0.09927	0.10423
290 T	0.79582	0.08620	0.11798
291 T	0.79424	0.08268	0.12309
292 G	0.79102	0.08451	0.12447
293 C	0.78984	0.08315	0.12702
294 T	0.78893	0.08346	0.12762
295 T	0.78671	0.08471	0.12858
296 T	0.78026	0.08995	0.12979
297 C	0.76599	0.10463	0.12938
298 G	0.75308	0.11962	0.12731
299 G	0.75048	0.12473	0.1248
300 G	0.74945	0.13028	0.12027
301 T	0.74881	0.13556	0.11563
302 T	0.74781	0.15364	0.09854
303 A	0.74364	0.17170	0.08466
304 A	0.73576	0.19761	0.06663
305 G	0.73161	0.20800	0.0604
306 A	0.73381	0.20898	0.05721
307 A	0.74164	0.20481	0.05355
308 T	0.75058	0.19628	0.05313
309 T	0.75004	0.19955	0.05041
310 A	0.73710	0.21657	0.04632
311 A	0.72782	0.22790	0.04428
312 A	0.72582	0.23031	0.04387
313 A	0.72481	0.23217	0.04301
314 A	0.72494	0.23196	0.0431
315 T	0.72666	0.22659	0.04675
316 T	0.72221	0.23180	0.04599
317 T	0.68410	0.26995	0.04595
318 A	0.52703	0.42848	0.04449
319 A	0.45695	0.49480	0.04825
320 A	0.40227	0.53749	0.06024
321 C	0.35708	0.56987	0.07306
322 G	0.29322	0.63730	0.06948
323 A	0.20932	0.73156	0.05912
324 A	0.16394	0.80024	0.03582
325 A	0.13209	0.84582	0.0221
326 A	0.13044	0.84917	0.02039
327 A	0.14268	0.82987	0.02745
328 T	0.15123	0.81634	0.03243
329 A	0.14722	0.81988	0.0329
330 T	0.14720	0.81675	0.03605
331 G	0.12809	0.83438	0.03753
332 A	0.11099	0.84924	0.03978
333 A	0.08587	0.86589	0.04824
334 C	0.06502	0.88064	0.05433
335 A	0.05015	0.89943	0.05042
336 A	0.04158	0.91631	0.04211
337 A	0.03805	0.92409	0.03786
338 A	0.03534	0.92780	0.03686
339 A	0.03480	0.92593	0.03927
340 A	0.03502	0.87988	0.0851
341 T	0.03743	0.72093	0.24165
342 A	0.03466	0.66450	0.30084
343 A	0.03277	0.62270	0.34452
344 A	0.03140	0.59808	0.37053
345 A	0.03588	0.54417	0.41996
346 A	0.04534	0.45445	0.50021
347 A	0.06926	0.38474	0.54599
348 T	0.08418	0.32372	0.5921
349 T	0.08792	0.33215	0.57992
350 T	0.08697	0.39579	0.51725
351 G	0.07991	0.45661	0.46347
352 A	0.07544	0.49814	0.42641
353 A	0.05851	0.54836	0.39313
354 A	0.05217	0.57876	0.36906
355 A	0.04897	0.66697	0.28406
356 A	0.04726	0.68083	0.2719
357 A	0.04341	0.70479	0.2518
358 G	0.03843	0.72486	0.23672
359 A	0.03753	0.77609	0.18639
360 A	0.03372	0.86159	0.10468
361 A	0.03403	0.89316	0.07281
362 A	0.03263	0.91228	0.05509
363 A	0.02959	0.92845	0.04196
364 A	0.02726	0.93956	0.03318
365 A	0.02696	0.94637	0.02667
366 A	0.03287	0.94021	0.02692
367 G	0.04628	0.92517	0.02855
368 A	0.05569	0.91818	0.02613
369 A	0.06700	0.90841	0.02459
370 C	0.08112	0.89532	0.02356
371 A	0.08744	0.89665	0.01592
372 A	0.12915	0.85660	0.01424
373 A	0.20223	0.78365	0.01412
374 T	0.25982	0.72121	0.01897
375 A	0.27411	0.70471	0.02118
376 G	0.28974	0.67374	0.03652
377 A	0.30555	0.65579	0.03867
378 A	0.38088	0.58106	0.03807
379 A	0.39838	0.56603	0.03559
380 A	0.42856	0.53251	0.03893
381 A	0.44857	0.50498	0.04645
382 A	0.48983	0.45646	0.05371
383 T	0.55664	0.38253	0.06082
384 A	0.43431	0.50275	0.06294
385 A	0.39436	0.54165	0.06399
386 A	0.37503	0.55627	0.0687
387 A	0.36130	0.56527	0.07343
388 C	0.34893	0.57100	0.08006
389 A	0.31430	0.60991	0.0758
390 A	0.24526	0.68765	0.06709
391 G	0.22814	0.70835	0.06351
392 A	0.21502	0.73015	0.05483
393 A	0.19165	0.75834	0.05001
394 T	0.15490	0.79392	0.05118
395 A	0.08952	0.86771	0.04277
396 T	0.07197	0.88644	0.04159
397 A	0.05262	0.91165	0.03574
398 A	0.04530	0.91373	0.04097
399 A	0.04228	0.90849	0.04922
400 A	0.04269	0.89638	0.06093
401 T	0.04782	0.86661	0.08557
402 T	0.05017	0.84815	0.10168
403 A	0.04789	0.83598	0.11612
404 A	0.04781	0.82596	0.12622
405 A	0.04813	0.81115	0.14072
406 A	0.04928	0.77928	0.17145
407 C	0.05042	0.60508	0.3445
408 T	0.05433	0.55092	0.39475
409 G	0.05687	0.53076	0.41237
410 A	0.06031	0.52311	0.41658
411 A	0.06392	0.51017	0.42591
412 A	0.07069	0.47427	0.45504
413 T	0.08124	0.37363	0.54513
414 A	0.08677	0.34755	0.56568
415 A	0.09720	0.32252	0.58027
416 A	0.10527	0.29123	0.6035
417 T	0.12020	0.21839	0.66141
418 T	0.13621	0.14206	0.72173
419 T	0.14444	0.14222	0.71334
420 T	0.14589	0.20835	0.64576
421 A	0.13409	0.50126	0.36465
422 A	0.13070	0.71176	0.15754
423 T	0.13147	0.76232	0.10621
424 A	0.13108	0.77628	0.09264
425 T	0.13693	0.77582	0.08726
426 T	0.13532	0.78271	0.08197
427 T	0.13257	0.79400	0.07343
428 C	0.12611	0.80624	0.06765
429 T	0.11091	0.83621	0.05287
430 G	0.08740	0.87206	0.04054
431 A	0.06935	0.89994	0.03071
432 A	0.06317	0.91110	0.02574
433 A	0.06157	0.91471	0.02371
434 A	0.06150	0.91570	0.02279
435 A	0.06231	0.91518	0.02251
436 A	0.06386	0.91361	0.02253
437 A	0.06688	0.91036	0.02276
438 G	0.07169	0.90536	0.02295
439 A	0.08049	0.89646	0.02305
440 A	0.09008	0.88662	0.0233
441 A	0.10988	0.86616	0.02397
442 A	0.14691	0.82747	0.02562
443 A	0.23459	0.73496	0.03045
444 A	0.51042	0.44535	0.04423
445 T	0.72526	0.22444	0.0503
446 C	0.77199	0.17386	0.05415
447 T	0.79411	0.14849	0.0574
448 T	0.80576	0.13302	0.06122
449 T	0.81581	0.11760	0.06659
450 T	0.82320	0.10765	0.06916
451 T	0.83036	0.09629	0.07335
452 T	0.84058	0.06966	0.08976
453 T	0.84881	0.03820	0.11298
454 T	0.85379	0.01558	0.13063
455 C	0.85536	0.00928	0.13536
456 T	0.85606	0.00783	0.13612
457 T	0.85594	0.00869	0.13537
458 T	0.85615	0.00999	0.13385
459 T	0.85616	0.01161	0.13222
460 T	0.85567	0.01495	0.12938
461 T	0.85423	0.02694	0.11883
462 T	0.85072	0.05354	0.09574
463 G	0.81017	0.12482	0.06502
464 G	0.71336	0.22469	0.06195
465 A	0.70345	0.23748	0.05906
466 T	0.70235	0.24263	0.05502
467 T	0.70117	0.24702	0.05181
468 C	0.70041	0.24956	0.05002
469 T	0.69990	0.25322	0.04688
470 T	0.69878	0.25721	0.04402
471 T	0.69374	0.26516	0.04109
472 T	0.68768	0.27387	0.03845
473 G	0.68193	0.28283	0.03524
474 G	0.67202	0.29708	0.0309
475 A	0.66062	0.31505	0.02433
476 A	0.65137	0.32578	0.02285
477 A	0.64519	0.33218	0.02263
478 A	0.63128	0.34584	0.02288
479 A	0.61703	0.35974	0.02324
480 C	0.60990	0.36556	0.02454
481 C	0.60467	0.37079	0.02453
482 A	0.60167	0.37667	0.02167
483 A	0.60230	0.37596	0.02173
484 A	0.61096	0.36634	0.0227
485 A	0.63070	0.34429	0.02501
486 T	0.65589	0.27950	0.06462
487 C	0.65116	0.18380	0.16505
488 C	0.64368	0.18311	0.17321
489 T	0.64256	0.19716	0.16028
490 T	0.62942	0.27311	0.09748
491 C	0.59619	0.31368	0.09013
492 A	0.57719	0.33733	0.08548
493 T	0.57036	0.34387	0.08577
494 T	0.55437	0.35294	0.09269
495 C	0.51105	0.39483	0.09413
496 G	0.43882	0.50068	0.0605
497 A	0.38280	0.56581	0.05138
498 A	0.36391	0.58977	0.04633
499 A	0.35920	0.59526	0.04555
500 A	0.35729	0.59708	0.04563
501 A	0.35682	0.58755	0.05563
502 T	0.35698	0.57279	0.07024
503 T	0.35437	0.56785	0.07779
504 A	0.34522	0.57529	0.07948
505 A	0.33965	0.58271	0.07763
506 A	0.33414	0.59277	0.07308
507 A	0.32713	0.59991	0.07296
508 A	0.32449	0.59891	0.0766
509 A	0.32306	0.59143	0.08551
510 A	0.32395	0.58254	0.09351
511 G	0.32825	0.56447	0.10729
512 A	0.34726	0.53825	0.11449
513 T	0.40790	0.45291	0.13919
514 T	0.41753	0.39699	0.18547
515 T	0.41939	0.37344	0.20718
516 T	0.41534	0.37207	0.21258
517 A	0.40372	0.38578	0.2105
518 A	0.39677	0.37436	0.22887
519 A	0.40677	0.31502	0.27821
520 A	0.40655	0.27980	0.31364
521 T	0.40186	0.28653	0.31161
522 T	0.36936	0.37869	0.25195
523 A	0.24405	0.64302	0.11293
524 A	0.15086	0.78725	0.06189
525 A	0.07217	0.88291	0.04492
526 A	0.04849	0.90422	0.04729
527 A	0.04211	0.90221	0.05568
528 A	0.04317	0.89418	0.06265
529 A	0.04883	0.88301	0.06816
530 C	0.05245	0.87221	0.07533
531 A	0.05565	0.86792	0.07643
532 A	0.05873	0.86448	0.07679
533 T	0.06270	0.86148	0.07583
534 T	0.06247	0.86491	0.07261
535 A	0.05736	0.87933	0.06331
536 T	0.05408	0.89104	0.05487
537 A	0.04642	0.90422	0.04937
538 G	0.04080	0.90982	0.04938
539 A	0.04092	0.90737	0.05171
540 A	0.05060	0.88827	0.06113
541 A	0.06383	0.86576	0.07041
542 A	0.08420	0.82697	0.08883
543 A	0.11438	0.77270	0.11292
544 A	0.14860	0.70367	0.14773
545 A	0.21924	0.58824	0.19251
546 T	0.35336	0.33224	0.31441
547 T	0.39116	0.21152	0.39731
548 T	0.39944	0.13777	0.46279
549 T	0.39711	0.12803	0.47487
550 T	0.38628	0.15224	0.46148
551 A	0.36399	0.20485	0.43115
552 T	0.32404	0.26980	0.40616
553 A	0.30342	0.32321	0.37337
554 A	0.29516	0.36844	0.3364
555 A	0.29205	0.44621	0.26174
556 G	0.29244	0.50688	0.20068
557 A	0.29548	0.57227	0.13225
558 A	0.30655	0.60518	0.08827
559 T	0.32028	0.59195	0.08777
560 T	0.32776	0.58349	0.08876
561 T	0.33043	0.57913	0.09043
562 T	0.33123	0.57867	0.09011
563 C	0.32255	0.58846	0.08899
564 T	0.31496	0.60055	0.08449
565 A	0.30627	0.61541	0.07832
566 A	0.29654	0.62973	0.07374
567 A	0.29478	0.63556	0.06966
568 T	0.29542	0.63784	0.06674
569 T	0.29310	0.64693	0.05997
570 A	0.28382	0.66754	0.04865
571 A	0.27892	0.67216	0.04892
572 A	0.27932	0.66263	0.05805
573 A	0.29086	0.63230	0.07684
574 A	0.31740	0.58333	0.09926
575 C	0.34682	0.51534	0.13784
576 C	0.38004	0.47113	0.14883
577 A	0.41436	0.43950	0.14615
578 A	0.46787	0.39541	0.13673
579 A	0.52764	0.34536	0.127
580 C	0.59159	0.28658	0.12182
581 T	0.63707	0.25918	0.10376
582 T	0.63784	0.27792	0.08424
583 T	0.62984	0.29237	0.0778
584 T	0.58151	0.35464	0.06385
585 A	0.51114	0.42514	0.06371
586 T	0.47647	0.44792	0.0756
587 C	0.42326	0.49202	0.08473
588 A	0.37914	0.53116	0.08971
589 C	0.35131	0.55410	0.09459
590 C	0.31198	0.59377	0.09426
591 A	0.26913	0.63717	0.0937
592 A	0.23692	0.66981	0.09327
593 A	0.21989	0.68414	0.09597
594 A	0.20962	0.69284	0.09754
595 C	0.20032	0.69607	0.10361
596 A	0.18961	0.70334	0.10705
597 A	0.17876	0.71135	0.10989
598 A	0.16601	0.72501	0.10897
599 A	0.15217	0.74032	0.1075
600 A	0.15426	0.74570	0.10004
601 G	0.16611	0.71240	0.1215
602 A	0.17999	0.69217	0.12784
603 A	0.19027	0.66870	0.14103
604 T	0.21543	0.62396	0.16061
605 T	0.23250	0.58734	0.18016
606 A	0.23690	0.56469	0.19841
607 T	0.24463	0.49960	0.25577
608 T	0.24449	0.44312	0.31239
609 T	0.24311	0.42562	0.33126
610 A	0.23785	0.44331	0.31884
611 T	0.22609	0.44203	0.33188
612 A	0.20455	0.45874	0.3367
613 A	0.18846	0.44947	0.36207
614 A	0.17389	0.43267	0.39345
615 A	0.16101	0.41860	0.4204
616 G	0.14614	0.42402	0.42984
617 A	0.13633	0.46843	0.39524
618 A	0.13351	0.47882	0.38767
619 A	0.13611	0.47300	0.39089
620 A	0.13919	0.46420	0.39662
621 A	0.14548	0.44769	0.40683
622 G	0.15380	0.42373	0.42247
623 T	0.16861	0.40577	0.42563
624 T	0.17547	0.39748	0.42705
625 T	0.17956	0.39481	0.42563
626 T	0.18105	0.39389	0.42506
627 A	0.18106	0.39494	0.424
628 C	0.18317	0.39228	0.42455
629 A	0.18773	0.38884	0.42342
630 T	0.20502	0.37153	0.42345
631 T	0.22396	0.35255	0.42349
632 A	0.24132	0.33553	0.42316
633 T	0.28310	0.29187	0.42503
634 T	0.29819	0.26534	0.43648
635 T	0.30449	0.24709	0.44843
636 A	0.30083	0.24321	0.45596
637 A	0.30413	0.22901	0.46687
638 A	0.30718	0.21512	0.47769
639 A	0.32283	0.18540	0.49177
640 T	0.37148	0.12663	0.5019
641 T	0.38681	0.10961	0.50359
642 A	0.38131	0.11954	0.49915
643 G	0.37368	0.13353	0.49279
644 T	0.37172	0.14077	0.48751
645 A	0.36029	0.15850	0.48121
646 G	0.35824	0.16535	0.47641
647 G	0.35790	0.17356	0.46855
648 T	0.36024	0.19346	0.44629
649 T	0.35711	0.21039	0.4325
650 T	0.34890	0.22619	0.42491
651 A	0.31488	0.27333	0.4118
652 A	0.28628	0.30714	0.40657
653 C	0.27524	0.31981	0.40494
654 A	0.26853	0.33366	0.3978
655 G	0.26797	0.33836	0.39367
656 G	0.27043	0.33817	0.3914
657 A	0.27575	0.33600	0.38826
658 T	0.28366	0.33016	0.38617
659 T	0.28639	0.32382	0.38979
660 A	0.28422	0.32494	0.39084
661 G	0.28360	0.32257	0.39383
662 G	0.28136	0.32291	0.39573
663 A	0.28058	0.32364	0.39578
664 A	0.28320	0.31817	0.39863
665 A	0.29070	0.30085	0.40845
666 T	0.30102	0.27756	0.42141
667 A	0.30635	0.26619	0.42746
668 G	0.31250	0.24930	0.4382
669 A	0.31676	0.24298	0.44026
670 G	0.32418	0.23339	0.44244
671 A	0.34503	0.20981	0.44515
672 T	0.36379	0.18249	0.45372
673 A	0.37248	0.16676	0.46076
674 T	0.38801	0.12312	0.48887
675 T	0.39337	0.09521	0.51142
676 A	0.39458	0.08584	0.51958
677 G	0.39732	0.07746	0.52522
678 T	0.40224	0.07171	0.52605
679 C	0.40385	0.07271	0.52345
680 A	0.40498	0.08631	0.50871
681 A	0.40772	0.09581	0.49647
682 T	0.41178	0.09336	0.49486
683 T	0.39379	0.11646	0.48975
684 A	0.37222	0.14720	0.48059
685 T	0.36100	0.15708	0.48191
686 C	0.33881	0.18129	0.4799
687 A	0.32277	0.20752	0.46971
688 G	0.31408	0.22608	0.45984
689 G	0.31194	0.23355	0.45451
690 A	0.31134	0.23503	0.45363
691 G	0.31273	0.23403	0.45323
692 G	0.31643	0.22997	0.4536
693 T	0.31930	0.22700	0.45369
694 C	0.32021	0.22639	0.45339
695 A	0.32052	0.22788	0.45161
696 A	0.32218	0.22641	0.45141
697 C	0.32349	0.22533	0.45117
698 A	0.32390	0.22635	0.44975
699 A	0.32481	0.22706	0.44813
700 C	0.32702	0.22412	0.44886
701 A	0.32914	0.22391	0.44695
702 A	0.33283	0.22053	0.44664
703 A	0.34592	0.20518	0.4489
704 G	0.35788	0.19076	0.45136
705 A	0.36144	0.18541	0.45315
706 G	0.37040	0.14467	0.48494
707 T	0.38344	0.10736	0.50921
708 G	0.38562	0.09015	0.52423
709 G	0.38940	0.07048	0.54012
710 C	0.39658	0.05085	0.55257
711 T	0.40316	0.04237	0.55447
712 A	0.40285	0.04210	0.55505
713 T	0.40053	0.04403	0.55544
714 A	0.39839	0.04539	0.55622
715 G	0.39705	0.04601	0.55694
716 C	0.39607	0.04446	0.55947
717 G	0.39518	0.04588	0.55894
718 C	0.39579	0.04559	0.55861
719 G	0.39442	0.05153	0.55404
720 A	0.39190	0.06824	0.53987
721 G	0.39154	0.07289	0.53557
722 C	0.39206	0.07409	0.53385
723 T	0.39218	0.08021	0.52762
724 T	0.39293	0.08290	0.52418
725 T	0.39161	0.08770	0.52069
726 A	0.38787	0.09340	0.51873
727 A	0.38566	0.09617	0.51817
728 T	0.38444	0.09677	0.51879
729 T	0.38245	0.09873	0.51882
730 A	0.37831	0.10293	0.51875
731 A	0.37633	0.10444	0.51922
732 T	0.37548	0.10393	0.52059
733 A	0.37345	0.10461	0.52193
734 G	0.37363	0.10246	0.52391
735 A	0.37392	0.09902	0.52706
736 C	0.37418	0.09450	0.53132
737 C	0.37364	0.09363	0.53273
738 G	0.37373	0.09358	0.53269
739 A	0.37450	0.09408	0.53142
740 A	0.37660	0.09188	0.53152
741 A	0.37882	0.08925	0.53193
742 G	0.38615	0.08001	0.53384
743 T	0.40694	0.05464	0.53842
744 T	0.41278	0.04566	0.54156
745 T	0.41516	0.04133	0.5435
746 T	0.41712	0.03901	0.54387
747 A	0.41797	0.04186	0.54017
748 T	0.41941	0.04154	0.53904
749 T	0.41993	0.04171	0.53835
750 A	0.41865	0.04553	0.53582
751 T	0.41825	0.04657	0.53518
752 T	0.41708	0.05107	0.53185
753 G	0.40200	0.07050	0.5275
754 G	0.38958	0.09001	0.5204
755 A	0.38395	0.10188	0.51417
756 T	0.38227	0.10282	0.51491
757 G	0.38006	0.10412	0.51581
758 A	0.37891	0.10504	0.51604
759 A	0.37853	0.10508	0.51639
760 C	0.37865	0.10415	0.51721
761 C	0.37912	0.10378	0.5171
762 T	0.38056	0.10309	0.51635
763 T	0.38060	0.10313	0.51627
764 T	0.37933	0.10450	0.51618
765 A	0.37471	0.10925	0.51604
766 G	0.37222	0.11169	0.5161
767 C	0.37072	0.11279	0.51649
768 A	0.37064	0.11285	0.51651
769 G	0.37217	0.11100	0.51683
770 C	0.37740	0.10537	0.51724
771 A	0.38057	0.10270	0.51673
772 T	0.38491	0.09856	0.51653
773 T	0.38411	0.09802	0.51787
774 G	0.37591	0.10702	0.51708
775 G	0.37668	0.10607	0.51725
776 A	0.37862	0.09167	0.52972
777 T	0.38419	0.07484	0.54096
778 T	0.38384	0.07477	0.54139
779 T	0.37269	0.09591	0.5314
780 A	0.35431	0.12538	0.5203
781 A	0.33844	0.15371	0.50785
782 A	0.31383	0.18216	0.50401
783 A	0.30086	0.19716	0.50197
784 T	0.29189	0.20784	0.50027
785 T	0.25699	0.24840	0.4946
786 A	0.18095	0.32483	0.49422
787 A	0.13828	0.36655	0.49517
788 G	0.11137	0.38987	0.49877
789 A	0.09472	0.40460	0.50067
790 C	0.08750	0.41031	0.50219
791 A	0.08104	0.41758	0.50138
792 A	0.07761	0.42180	0.5006
793 G	0.07598	0.42385	0.50017
794 A	0.07499	0.42545	0.49956
795 A	0.07465	0.42538	0.49997
796 A	0.07510	0.41714	0.50775
797 T	0.07734	0.40159	0.52107
798 G	0.07893	0.39281	0.52825
799 C	0.08307	0.38036	0.53656
800 A	0.08573	0.37635	0.53791
801 A	0.09216	0.36570	0.54214
802 T	0.10391	0.34560	0.55048
803 A	0.11029	0.32757	0.56215
804 T	0.11895	0.30561	0.57543
805 G	0.11359	0.28743	0.59898
806 A	0.11019	0.28147	0.60834
807 A	0.10869	0.27125	0.62006
808 T	0.11244	0.22943	0.65813
809 T	0.10825	0.17108	0.72067
810 A	0.09588	0.16323	0.74089
811 A	0.09170	0.17431	0.73399
812 A	0.08684	0.22407	0.68909
813 A	0.07311	0.31921	0.60767
814 G	0.06414	0.36969	0.56617
815 A	0.05899	0.40714	0.53388
816 A	0.05586	0.41536	0.52877
817 A	0.05592	0.42051	0.52358
818 T	0.05558	0.42257	0.52185
819 A	0.05421	0.42623	0.51957
820 C	0.05341	0.42756	0.51902
821 A	0.05296	0.43046	0.51658
822 A	0.05209	0.43329	0.51462
823 A	0.05225	0.43408	0.51367
824 G	0.05312	0.43318	0.5137
825 A	0.05432	0.43199	0.51369
826 A	0.05660	0.42550	0.5179
827 A	0.05978	0.41820	0.52202
828 T	0.06959	0.39784	0.53257
829 T	0.07930	0.38111	0.53959
830 C	0.08288	0.37142	0.54569
831 A	0.08622	0.36666	0.54711
832 G	0.09278	0.35639	0.55083
833 G	0.10530	0.33556	0.55914
834 A	0.13257	0.30573	0.56169
835 A	0.19512	0.23927	0.56561
836 T	0.29128	0.12787	0.58086
837 T	0.33730	0.07135	0.59135
838 A	0.36191	0.03986	0.59823
839 C	0.36953	0.02756	0.6029
840 T	0.37744	0.01887	0.60369
841 T	0.38089	0.01543	0.60368
842 T	0.38350	0.01312	0.60338
843 T	0.38488	0.01225	0.60287
844 A	0.38554	0.01313	0.60133
845 T	0.38516	0.01654	0.59829
846 T	0.38047	0.02609	0.59344
847 T	0.36572	0.05402	0.58027
848 T	0.33794	0.08566	0.5764
849 T	0.31279	0.11511	0.5721
850 G	0.29833	0.13136	0.57032
851 T	0.29323	0.13752	0.56925
852 C	0.28394	0.14688	0.56917
853 A	0.27657	0.15448	0.56895
854 C	0.26998	0.16115	0.56888
855 T	0.23217	0.19931	0.56852
856 C	0.20678	0.22508	0.56813
857 A	0.19630	0.23567	0.56803
858 T	0.19135	0.24063	0.56801
859 A	0.18580	0.24621	0.568
860 A	0.18282	0.24917	0.56801
861 C	0.17378	0.25815	0.56806
862 C	0.16719	0.26471	0.5681
863 A	0.16459	0.26758	0.56782
864 A	0.16294	0.26952	0.56753
865 G	0.16207	0.27083	0.5671
866 A	0.16224	0.27094	0.56682
867 A	0.16325	0.26927	0.56748
868 G	0.16509	0.26060	0.57431
869 A	0.16869	0.24832	0.583
870 A	0.18039	0.21725	0.60235
871 G	0.18433	0.18460	0.63108
872 C	0.18810	0.15662	0.65528
873 T	0.18924	0.15641	0.65434
874 T	0.18864	0.15632	0.65504
875 T	0.18671	0.15549	0.6578
876 A	0.17983	0.16273	0.65744
877 A	0.17706	0.16129	0.66164
878 C	0.17590	0.11872	0.70538
879 T	0.17388	0.10342	0.7227
880 A	0.16883	0.10321	0.72796
881 T	0.16621	0.10175	0.73205
882 G	0.15493	0.10914	0.73592
883 A	0.14851	0.11400	0.7375
884 G	0.14713	0.10465	0.74822
885 C	0.14668	0.09819	0.75513
886 G	0.14654	0.10123	0.75223
887 A	0.14661	0.10989	0.7435
888 T	0.14697	0.11355	0.73948
889 A	0.14668	0.12117	0.73216
890 A	0.14541	0.13153	0.72306
891 A	0.14475	0.13864	0.71661
892 A	0.14467	0.15478	0.70055
893 T	0.14571	0.16244	0.69184
894 A	0.14571	0.17125	0.68303
895 G	0.14755	0.16986	0.68259
896 T	0.15743	0.16044	0.68213
897 T	0.16034	0.15921	0.68044
898 A	0.16160	0.16015	0.67825
899 T	0.16565	0.15224	0.68211
900 T	0.16689	0.14972	0.68338
901 A	0.16664	0.15223	0.68113
902 T	0.16713	0.14917	0.68371
903 T	0.16694	0.14504	0.68802
904 A	0.16349	0.14628	0.69023
905 A	0.15229	0.14797	0.69975
906 C	0.14207	0.15278	0.70516
907 C	0.13303	0.16171	0.70526
908 A	0.12077	0.17740	0.70183
909 A	0.11555	0.18571	0.69874
910 G	0.12189	0.18139	0.69672
911 G	0.12486	0.18181	0.69333
912 A	0.13151	0.18020	0.68829
913 G	0.14102	0.17394	0.68503
914 A	0.15254	0.17282	0.67464
915 A	0.17188	0.15486	0.67326
916 A	0.18413	0.14364	0.67223
917 T	0.19641	0.13212	0.67147
918 T	0.19737	0.13137	0.67127
919 C	0.19275	0.13757	0.66967
920 A	0.17657	0.15736	0.66607
921 A	0.15458	0.18148	0.66394
922 C	0.14550	0.19131	0.66318
923 A	0.13829	0.20010	0.66161
924 A	0.13640	0.20244	0.66116
925 A	0.13291	0.20466	0.66243
926 T	0.13083	0.20433	0.66484
927 A	0.12404	0.20857	0.66738
928 G	0.12032	0.19872	0.68096
929 G	0.11941	0.18839	0.6922
930 A	0.11969	0.17929	0.70102
931 A	0.12214	0.16479	0.71307
932 C	0.12497	0.15164	0.72339
933 G	0.12715	0.14790	0.72496
934 C	0.13061	0.14336	0.72602
935 C	0.13518	0.13893	0.7259
936 A	0.13931	0.13531	0.72538
937 C	0.14903	0.12631	0.72465
938 A	0.15135	0.12560	0.72306
939 A	0.15348	0.12481	0.72171
940 G	0.15652	0.12360	0.71989
941 A	0.15895	0.11961	0.72144
942 T	0.16276	0.11204	0.7252
943 A	0.16486	0.09320	0.74194
944 T	0.16708	0.06869	0.76423
945 T	0.16665	0.06123	0.77212
946 T	0.16435	0.06323	0.77242
947 A	0.15999	0.06615	0.77387
948 T	0.15565	0.06816	0.77619
949 A	0.14765	0.07471	0.77765
950 A	0.14238	0.07498	0.78264
951 C	0.13928	0.07464	0.78608
952 G	0.13822	0.07519	0.78659
953 A	0.13796	0.07559	0.78645
954 A	0.13799	0.07561	0.7864
955 C	0.13827	0.07498	0.78675
956 C	0.13869	0.07451	0.78679
957 T	0.13902	0.07420	0.78678
958 T	0.13816	0.07510	0.78674
959 C	0.13689	0.07638	0.78673
960 C	0.13518	0.07840	0.78642
961 A	0.13407	0.07991	0.78602
962 A	0.13195	0.08245	0.7856
963 T	0.13369	0.08116	0.78516
964 A	0.13402	0.08217	0.78381
965 A	0.13605	0.08040	0.78355
966 A	0.14088	0.07309	0.78603
967 T	0.14534	0.06624	0.78842
968 T	0.14808	0.06181	0.79011
969 T	0.15172	0.05607	0.79221
970 A	0.15169	0.05333	0.79497
971 T	0.15209	0.04859	0.79932
972 A	0.15036	0.04449	0.80516
973 G	0.14919	0.04072	0.81009
974 C	0.14887	0.03855	0.81259
975 C	0.14790	0.03921	0.81289
976 A	0.14776	0.04025	0.81198
977 A	0.14767	0.04084	0.81149
978 A	0.14752	0.04135	0.81113
979 T	0.14767	0.04127	0.81105
980 T	0.14765	0.04101	0.81133
981 T	0.14728	0.03943	0.81329
982 A	0.14695	0.03798	0.81507
983 T	0.14700	0.03553	0.81747
984 A	0.14680	0.03375	0.81946
985 G	0.14694	0.03001	0.82304
986 G	0.14728	0.02891	0.82381
987 T	0.14832	0.02741	0.82427
988 G	0.14823	0.02704	0.82473
989 A	0.14855	0.02632	0.82514
990 A	0.14900	0.02492	0.82608
991 T	0.15003	0.02277	0.8272
992 C	0.15118	0.02025	0.82857
993 T	0.15206	0.01891	0.82903
994 A	0.15207	0.01907	0.82886
995 A	0.15218	0.01839	0.82943
996 T	0.15255	0.01809	0.82937
997 T	0.15229	0.02025	0.82745
998 T	0.15144	0.02255	0.82602
999 A	0.15000	0.03065	0.81935
1000 A	0.14885	0.03268	0.81847
1001 T	0.14818	0.03331	0.81851
1002 T	0.14667	0.03484	0.81849
1003 T	0.14276	0.03881	0.81843
1004 C	0.13853	0.04293	0.81854
1005 A	0.13446	0.04768	0.81786
1006 G	0.13290	0.04939	0.81771
1007 G	0.13264	0.04986	0.8175
1008 T	0.13287	0.05016	0.81697
1009 A	0.13292	0.05064	0.81644
1010 T	0.13333	0.05011	0.81656
1011 T	0.13303	0.05018	0.81679
1012 A	0.13255	0.05066	0.81679
1013 T	0.13231	0.05078	0.81691
1014 G	0.13193	0.05111	0.81696
1015 A	0.13174	0.05124	0.81701
1016 A	0.13181	0.05106	0.81713
1017 A	0.13242	0.05020	0.81738
1018 G	0.13347	0.04884	0.81769
1019 A	0.13563	0.04638	0.81799
1020 A	0.13815	0.04311	0.81873
1021 G	0.14092	0.03883	0.82025
1022 A	0.14774	0.02990	0.82237
1023 T	0.15017	0.02484	0.82498
1024 T	0.15113	0.02162	0.82725
1025 T	0.15174	0.01880	0.82946
1026 T	0.15209	0.01498	0.83292
1027 T	0.15233	0.01156	0.83611
1028 T	0.15249	0.00827	0.83925
1029 G	0.15243	0.00707	0.84051
1030 G	0.15272	0.00633	0.84094
1031 T	0.15346	0.00532	0.84121
1032 T	0.15393	0.00475	0.84133
1033 T	0.15371	0.00511	0.84118
1034 T	0.15284	0.00649	0.84067
1035 T	0.15120	0.00855	0.84025
1036 T	0.14873	0.01215	0.83912
1037 T	0.14553	0.01603	0.83844
1038 T	0.14016	0.02263	0.83722
1039 G	0.13289	0.03086	0.83624
1040 A	0.12538	0.04066	0.83396
1041 T	0.12003	0.04779	0.83218
1042 G	0.10609	0.06519	0.82873
1043 A	0.10006	0.07300	0.82694
1044 T	0.09782	0.07597	0.82621
1045 A	0.09517	0.07964	0.82518
1046 A	0.09410	0.08153	0.82436
1047 A	0.09380	0.08231	0.82389
1048 G	0.09377	0.08285	0.82339
1049 A	0.09382	0.08314	0.82304
1050 T	0.09395	0.08305	0.82299
1051 T	0.09392	0.08310	0.82299
1052 T	0.09385	0.08310	0.82305
1053 A	0.09357	0.08339	0.82304
1054 A	0.09346	0.08335	0.82318
1055 A	0.09365	0.08280	0.82354
1056 A	0.09425	0.08117	0.82459
1057 T	0.09556	0.07750	0.82694
1058 G	0.09630	0.07330	0.83041
1059 T	0.09750	0.06821	0.83429
1060 G	0.09725	0.06439	0.83837
1061 T	0.09829	0.05836	0.84335
1062 A	0.09874	0.05302	0.84824
1063 G	0.10084	0.04337	0.85579
1064 A	0.10254	0.03699	0.86047
1065 T	0.10627	0.02030	0.87343
1066 T	0.10735	0.01430	0.87835
1067 C	0.10333	0.01717	0.8795
1068 A	0.10196	0.02104	0.87701
1069 G	0.10143	0.02262	0.87595
1070 G	0.10114	0.02523	0.87362
1071 T	0.10127	0.03013	0.8686
1072 T	0.10097	0.03833	0.8607
1073 T	0.10007	0.04478	0.85515
1074 T	0.09719	0.06109	0.84172
1075 A	0.09122	0.07686	0.83193
1076 T	0.08829	0.08317	0.82854
1077 A	0.08364	0.09310	0.82326
1078 A	0.08138	0.09781	0.82081
1079 A	0.08049	0.09997	0.81954
1080 A	0.07981	0.10067	0.81952
1081 A	0.07936	0.10093	0.81971
1082 A	0.07939	0.10055	0.82006
1083 T	0.07964	0.09945	0.8209
1084 C	0.07965	0.09911	0.82124
1085 A	0.07975	0.09902	0.82124
1086 A	0.07980	0.09904	0.82117
1087 A	0.07993	0.09893	0.82114
1088 A	0.08018	0.09858	0.82125
1089 A	0.08088	0.09750	0.82162
1090 G	0.08213	0.09132	0.82655
1091 T	0.08655	0.08489	0.82856
1092 A	0.08847	0.08206	0.82947
1093 G	0.09179	0.07847	0.82974
1094 A	0.09896	0.07133	0.82971
1095 T	0.11013	0.05898	0.83089
1096 A	0.11569	0.05243	0.83188
1097 T	0.12850	0.03606	0.83545
1098 T	0.13541	0.02465	0.83993
1099 G	0.13716	0.02241	0.84043
1100 T	0.14024	0.01703	0.84274
1101 T	0.14133	0.01460	0.84407
1102 A	0.14066	0.01471	0.84464
1103 T	0.14015	0.01455	0.8453
1104 C	0.13969	0.01455	0.84576
1105 C	0.13935	0.01475	0.8459
1106 G	0.13914	0.01493	0.84593
1107 T	0.13912	0.01490	0.84598
1108 C	0.13904	0.01496	0.846
1109 C	0.13905	0.01498	0.84597
1110 T	0.13913	0.01495	0.84592
1111 G	0.13904	0.01515	0.84581
1112 A	0.13900	0.01541	0.84559
1113 A	0.13903	0.01555	0.84543
1114 G	0.13919	0.01553	0.84528
1115 A	0.13964	0.01504	0.84531
1116 T	0.14074	0.01397	0.84529
1117 A	0.14095	0.01430	0.84476
1118 T	0.14176	0.01370	0.84454
1119 T	0.14158	0.01466	0.84376
1120 G	0.14041	0.01758	0.84201
1121 A	0.14004	0.02014	0.83982
1122 T	0.14112	0.01935	0.83953
1123 A	0.14087	0.02007	0.83905
1124 T	0.14057	0.02033	0.8391
1125 T	0.13945	0.02068	0.83986
1126 T	0.13787	0.02173	0.84041
1127 T	0.13494	0.02433	0.84073
1128 T	0.12986	0.02917	0.84098
1129 G	0.12065	0.03818	0.84117
1130 C	0.11614	0.04253	0.84134
1131 G	0.11223	0.04636	0.8414
1132 C	0.10972	0.04888	0.8414
1133 C	0.10672	0.05228	0.84099
1134 A	0.10408	0.05691	0.83901
1135 A	0.10294	0.05896	0.8381
1136 A	0.10241	0.05987	0.83772
1137 A	0.10223	0.06031	0.83746
1138 A	0.10231	0.06029	0.83739
1139 A	0.10263	0.05956	0.83782
1140 A	0.10342	0.05748	0.8391
1141 G	0.10405	0.05605	0.83991
1142 G	0.10522	0.05391	0.84086
1143 A	0.10759	0.05042	0.84198
1144 T	0.11014	0.04714	0.84272
1145 T	0.11078	0.04592	0.8433
1146 A	0.11108	0.04490	0.84402
1147 T	0.11136	0.04279	0.84586
1148 T	0.11148	0.03993	0.8486
1149 T	0.11140	0.03745	0.85115
1150 G	0.11123	0.03470	0.85407
1151 A	0.11113	0.03075	0.85813
1152 T	0.11106	0.02253	0.86641
1153 G	0.11092	0.01845	0.87064
1154 G	0.11094	0.01537	0.87369
1155 A	0.11096	0.01364	0.8754
1156 G	0.11147	0.01061	0.87792
1157 T	0.11343	0.00693	0.87964
1158 T	0.11419	0.00597	0.87985
1159 G	0.11401	0.00681	0.87917
1160 T	0.11383	0.00865	0.87753
1161 T	0.11324	0.01396	0.8728
1162 A	0.11224	0.01893	0.86883
1163 A	0.11172	0.02079	0.86749
1164 T	0.11156	0.02169	0.86675
1165 T	0.11117	0.02302	0.86581
1166 A	0.11064	0.02446	0.8649
1167 T	0.11055	0.02478	0.86467
1168 A	0.11035	0.02501	0.86464
1169 T	0.11007	0.02526	0.86467
1170 T	0.10960	0.02574	0.86466
1171 T	0.10861	0.02681	0.86458
1172 C	0.10724	0.02813	0.86462
1173 A	0.10631	0.02916	0.86453
1174 T	0.10571	0.02976	0.86454
1175 T	0.10417	0.03135	0.86448
1176 C	0.10042	0.03515	0.86443
1177 A	0.09569	0.04041	0.8639
1178 A	0.09420	0.04196	0.86383
1179 A	0.09314	0.04314	0.86372
1180 G	0.09348	0.04282	0.86371
1181 G	0.09466	0.04169	0.86365
1182 A	0.09605	0.03976	0.86419
1183 G	0.09811	0.03701	0.86488
1184 T	0.10310	0.03124	0.86566
1185 T	0.10668	0.02702	0.8663
1186 C	0.10747	0.02609	0.86644
1187 A	0.10767	0.02665	0.86568
1188 T	0.10798	0.02677	0.86525
1189 T	0.10762	0.02815	0.86424
1190 G	0.10464	0.03371	0.86165
1191 G	0.09848	0.04164	0.85987
1192 G	0.09311	0.05016	0.85673
1193 A	0.09035	0.05532	0.85433
1194 A	0.08944	0.05699	0.85357
1195 G	0.08870	0.05816	0.85314
1196 T	0.08860	0.05878	0.85262
1197 A	0.08825	0.06240	0.84935
1198 A	0.08819	0.06620	0.84561
1199 A	0.08810	0.06547	0.84643
1200 T	0.08842	0.06189	0.84969
1201 A	0.08797	0.06364	0.84839
1202 T	0.08789	0.06507	0.84704
1203 A	0.08711	0.07127	0.84162
1204 A	0.08666	0.07212	0.84122
1205 A	0.08654	0.07225	0.84122
1206 A	0.08653	0.07224	0.84123
1207 A	0.08660	0.07198	0.84143
1208 C	0.08685	0.07123	0.84191
1209 T	0.08749	0.07083	0.84168
1210 A	0.08811	0.07074	0.84114
1211 A	0.08898	0.07014	0.84088
1212 A	0.09069	0.06795	0.84136
1213 T	0.09406	0.06246	0.84347
1214 A	0.09571	0.05449	0.8498
1215 T	0.09958	0.04442	0.856
1216 C	0.10174	0.03977	0.85849
1217 G	0.10377	0.03895	0.85728
1218 T	0.10606	0.03982	0.85412
1219 A	0.10683	0.04606	0.84711
1220 A	0.11011	0.04280	0.84709
1221 T	0.11509	0.03773	0.84718
1222 T	0.11662	0.03591	0.84747
1223 A	0.11612	0.03623	0.84766
1224 C	0.11749	0.03415	0.84836
1225 A	0.11922	0.03235	0.84844
1226 T	0.12395	0.02710	0.84895
1227 T	0.12433	0.02638	0.84928
1228 G	0.12435	0.02635	0.8493
1229 T	0.12461	0.02619	0.84921
1230 A	0.12458	0.02628	0.84914
1231 C	0.12446	0.02614	0.8494
1232 A	0.12437	0.02624	0.84939
1233 T	0.12496	0.02561	0.84943
1234 A	0.12463	0.02587	0.8495
1235 C	0.12454	0.02584	0.84962
1236 A	0.12440	0.02603	0.84957
1237 A	0.12490	0.02529	0.84981
1238 C	0.12570	0.02425	0.85005
1239 T	0.12717	0.02267	0.85016
1240 G	0.12842	0.02153	0.85005
1241 A	0.13116	0.01886	0.84998
1242 T	0.13741	0.01239	0.8502
1243 T	0.13769	0.01243	0.84988
1244 T	0.13735	0.01200	0.85065
1245 T	0.13571	0.01287	0.85142
1246 G	0.13268	0.01547	0.85185
1247 T	0.13039	0.01797	0.85165
1248 C	0.12257	0.02750	0.84993
1249 G	0.11967	0.03559	0.84475
1250 A	0.11833	0.04096	0.84072
1251 A	0.11747	0.04386	0.83868
1252 G	0.11680	0.04533	0.83788
1253 T	0.11676	0.04602	0.83722
1254 A	0.11644	0.04662	0.83695
1255 A	0.11641	0.04635	0.83724
1256 A	0.11648	0.04591	0.83761
1257 T	0.11650	0.04514	0.83836
1258 A	0.11644	0.04486	0.83871
1259 G	0.11648	0.04431	0.83921
1260 T	0.11656	0.04395	0.83948
1261 C	0.11658	0.04385	0.83957
1262 A	0.11663	0.04384	0.83953
1263 A	0.11688	0.04359	0.83953
1264 A	0.11726	0.04324	0.8395
1265 T	0.11778	0.04269	0.83952
1266 A	0.11830	0.04226	0.83944
1267 A	0.11886	0.04093	0.84021
1268 G	0.11995	0.03728	0.84277
1269 T	0.12236	0.03177	0.84587
1270 A	0.12390	0.02769	0.84841
1271 T	0.12758	0.01699	0.85544
1272 T	0.13215	0.01008	0.85777
1273 T	0.13509	0.00653	0.85838
1274 T	0.13607	0.00531	0.85862
1275 T	0.13641	0.00517	0.85843
1276 T	0.13643	0.00550	0.85807
1277 T	0.13577	0.00671	0.85753
1278 T	0.13317	0.00952	0.85731
1279 A	0.12835	0.01434	0.85731
1280 A	0.12637	0.01634	0.8573
1281 T	0.12497	0.01769	0.85734
1282 C	0.12158	0.02119	0.85723
1283 C	0.11829	0.02524	0.85647
1284 T	0.11575	0.03023	0.85403
1285 G	0.11198	0.03749	0.85053
1286 A	0.10951	0.04069	0.84981
1287 A	0.10863	0.04184	0.84954
1288 G	0.10829	0.04228	0.84943
1289 A	0.10809	0.04257	0.84934
1290 C	0.10826	0.04238	0.84936
1291 T	0.10828	0.04240	0.84932
1292 T	0.10849	0.04219	0.84932
1293 A	0.10849	0.04220	0.84931
1294 C	0.10860	0.04210	0.8493
1295 A	0.10886	0.04184	0.8493
1296 T	0.10930	0.04134	0.84936
1297 A	0.10964	0.04092	0.84945
1298 T	0.11045	0.03990	0.84965
1299 T	0.11088	0.03924	0.84989
1300 A	0.11128	0.03766	0.85105
1301 T	0.11148	0.03410	0.85441
1302 G	0.11153	0.02925	0.85922
1303 G	0.11164	0.02691	0.86146
1304 A	0.11181	0.02522	0.86298
1305 G	0.11231	0.02129	0.8664
1306 G	0.11327	0.01725	0.86948
1307 T	0.11608	0.01214	0.87178
1308 A	0.11883	0.00653	0.87464
1309 T	0.11964	0.00342	0.87694
1310 T	0.11988	0.00227	0.87785
1311 A	0.11996	0.00171	0.87834
1312 T	0.12005	0.00101	0.87893
1313 A	0.12008	0.00061	0.87931
1314 A	0.12014	0.00000	0.87986
