# lcl|CP097583.1_cds_USQ93512.1_1
# AA	inside	membr	outside
1 T	0.80979	0.00000	0.19021
2 T	0.79152	0.01827	0.19021
3 G	0.77156	0.03823	0.19021
4 A	0.77156	0.10799	0.12045
5 A	0.60451	0.29796	0.09753
6 C	0.60450	0.30003	0.09547
7 A	0.30583	0.60050	0.09367
8 T	0.30582	0.60053	0.09365
9 A	0.20586	0.70065	0.09349
10 G	0.20572	0.70774	0.08654
11 G	0.19137	0.72318	0.08544
12 G	0.11152	0.80312	0.08536
13 C	0.05916	0.85575	0.0851
14 A	0.05915	0.85576	0.0851
15 A	0.05915	0.85958	0.08127
16 C	0.05868	0.86005	0.08127
17 A	0.05819	0.86067	0.08114
18 A	0.05818	0.86109	0.08073
19 A	0.05796	0.86158	0.08046
20 T	0.05728	0.86689	0.07583
21 T	0.05459	0.86938	0.07602
22 A	0.05407	0.86886	0.07707
23 G	0.05390	0.86341	0.08269
24 A	0.05478	0.86166	0.08355
25 A	0.05621	0.82741	0.11638
26 A	0.05989	0.79129	0.14882
27 T	0.12925	0.62689	0.24386
28 T	0.14648	0.46298	0.39055
29 T	0.14749	0.43869	0.41383
30 A	0.14770	0.29579	0.55651
31 A	0.14715	0.29973	0.55311
32 G	0.14731	0.21590	0.6368
33 A	0.15145	0.21857	0.62998
34 T	0.15251	0.24194	0.60555
35 T	0.14767	0.25561	0.59672
36 A	0.14065	0.37565	0.4837
37 G	0.13536	0.52077	0.34388
38 A	0.09048	0.64622	0.26329
39 A	0.05429	0.78435	0.16136
40 A	0.04498	0.81448	0.14054
41 G	0.04152	0.83740	0.12109
42 A	0.04011	0.86085	0.09903
43 A	0.04381	0.86249	0.0937
44 A	0.04355	0.87407	0.08238
45 A	0.04455	0.87748	0.07797
46 A	0.04574	0.87697	0.07729
47 T	0.04986	0.87274	0.0774
48 A	0.05141	0.87103	0.07755
49 A	0.05430	0.86828	0.07742
50 C	0.05787	0.86447	0.07766
51 T	0.06404	0.85816	0.0778
52 C	0.06629	0.85563	0.07808
53 A	0.06928	0.85313	0.07759
54 A	0.07800	0.84459	0.07741
55 C	0.08829	0.83451	0.0772
56 A	0.11618	0.80645	0.07737
57 A	0.17836	0.74451	0.07713
58 G	0.25956	0.65459	0.08585
59 A	0.41108	0.49561	0.09331
60 T	0.56522	0.33679	0.098
61 T	0.64047	0.21410	0.14543
62 T	0.69061	0.13375	0.17564
63 A	0.65419	0.16226	0.18355
64 G	0.62371	0.19028	0.18601
65 C	0.60039	0.21458	0.18502
66 T	0.52411	0.30020	0.17569
67 A	0.45978	0.38213	0.15809
68 A	0.40575	0.44931	0.14495
69 G	0.37126	0.48834	0.1404
70 A	0.33716	0.55877	0.10407
71 A	0.30837	0.60084	0.09078
72 A	0.28856	0.62583	0.08562
73 A	0.28108	0.63501	0.08391
74 T	0.27993	0.63441	0.08567
75 A	0.27651	0.63611	0.08738
76 A	0.27659	0.63057	0.09284
77 A	0.27666	0.62416	0.09918
78 C	0.27694	0.61524	0.10781
79 G	0.27750	0.61246	0.11004
80 T	0.27830	0.61047	0.11123
81 A	0.27771	0.60991	0.11237
82 A	0.27797	0.60695	0.11508
83 C	0.27769	0.60149	0.12082
84 T	0.27787	0.58910	0.13304
85 A	0.27604	0.57686	0.1471
86 G	0.27577	0.52755	0.19669
87 T	0.27823	0.48647	0.2353
88 G	0.27760	0.46730	0.25511
89 G	0.28501	0.38930	0.32569
90 A	0.30412	0.35005	0.34583
91 T	0.32081	0.31789	0.3613
92 A	0.32546	0.32868	0.34587
93 T	0.35744	0.29539	0.34717
94 A	0.36612	0.27136	0.36252
95 T	0.37152	0.25252	0.37596
96 T	0.37276	0.24402	0.38321
97 T	0.37127	0.24334	0.38538
98 C	0.37020	0.24684	0.38296
99 T	0.36830	0.26168	0.37002
100 C	0.36677	0.28253	0.35071
101 A	0.36518	0.31068	0.32413
102 A	0.36415	0.33165	0.3042
103 A	0.36365	0.35922	0.27713
104 T	0.36348	0.37099	0.26553
105 A	0.36149	0.38485	0.25366
106 G	0.36102	0.39035	0.24863
107 A	0.36155	0.39657	0.24188
108 A	0.36308	0.39643	0.24049
109 A	0.36614	0.39314	0.24072
110 A	0.37996	0.37929	0.24074
111 T	0.40377	0.35345	0.24278
112 A	0.42434	0.33639	0.23926
113 A	0.46219	0.30388	0.23394
114 T	0.50045	0.27387	0.22569
115 T	0.53007	0.25082	0.21911
116 T	0.53870	0.24300	0.2183
117 A	0.53151	0.25094	0.21755
118 A	0.53145	0.25018	0.21838
119 T	0.53230	0.24769	0.22001
120 C	0.53223	0.24530	0.22247
121 T	0.54322	0.23317	0.2236
122 C	0.55510	0.22006	0.22483
123 T	0.57418	0.20056	0.22526
124 C	0.58770	0.18664	0.22565
125 C	0.60297	0.17128	0.22575
126 T	0.62582	0.14833	0.22585
127 T	0.63612	0.13800	0.22588
128 C	0.64315	0.13051	0.22634
129 T	0.64789	0.12586	0.22625
130 T	0.65081	0.12288	0.22631
131 T	0.64475	0.12868	0.22657
132 A	0.62279	0.15090	0.22631
133 A	0.60995	0.16430	0.22576
134 A	0.60379	0.17013	0.22608
135 A	0.60438	0.16739	0.22823
136 A	0.61093	0.15490	0.23416
137 T	0.62284	0.13679	0.24037
138 T	0.62976	0.12436	0.24588
139 T	0.63074	0.11672	0.25254
140 T	0.63115	0.10743	0.26142
141 A	0.63073	0.10309	0.26618
142 T	0.63058	0.09804	0.27139
143 T	0.62982	0.09320	0.27699
144 T	0.62865	0.08968	0.28167
145 T	0.62514	0.08970	0.28516
146 C	0.61629	0.09755	0.28616
147 T	0.60873	0.10879	0.28249
148 T	0.60353	0.11943	0.27705
149 T	0.59392	0.13969	0.26639
150 A	0.57944	0.17338	0.24718
151 T	0.57491	0.19295	0.23214
152 T	0.56725	0.21169	0.22106
153 A	0.54056	0.25080	0.20865
154 A	0.53542	0.25991	0.20467
155 A	0.53355	0.25047	0.21598
156 A	0.52995	0.24845	0.2216
157 A	0.52894	0.25266	0.2184
158 T	0.52966	0.26512	0.20522
159 T	0.52476	0.28864	0.1866
160 T	0.51684	0.30952	0.17364
161 T	0.49806	0.34089	0.16106
162 T	0.46668	0.38153	0.15179
163 A	0.42919	0.42706	0.14375
164 A	0.40877	0.45223	0.139
165 A	0.39962	0.46291	0.13746
166 A	0.39472	0.46658	0.1387
167 A	0.39091	0.46889	0.1402
168 A	0.38942	0.46535	0.14524
169 A	0.39052	0.45384	0.15565
170 C	0.39368	0.43809	0.16823
171 A	0.39879	0.42746	0.17375
172 G	0.40894	0.40775	0.18332
173 C	0.42866	0.37647	0.19487
174 T	0.44664	0.35536	0.198
175 T	0.45953	0.34050	0.19997
176 C	0.46678	0.31390	0.21933
177 A	0.47154	0.31445	0.21402
178 G	0.47398	0.31744	0.20858
179 A	0.47328	0.32316	0.20356
180 A	0.48441	0.31725	0.19834
181 T	0.51466	0.28723	0.19812
182 T	0.53944	0.25068	0.20989
183 T	0.54955	0.22351	0.22694
184 T	0.54845	0.20126	0.25029
185 T	0.53434	0.19788	0.26778
186 T	0.50922	0.20840	0.28238
187 C	0.45920	0.25763	0.28317
188 A	0.40114	0.34914	0.24972
189 A	0.34955	0.42193	0.22852
190 G	0.32114	0.46018	0.21869
191 A	0.30079	0.48804	0.21117
192 A	0.29185	0.49698	0.21117
193 G	0.28472	0.50089	0.21439
194 A	0.28159	0.50280	0.21562
195 A	0.27958	0.50335	0.21707
196 C	0.27853	0.50154	0.21994
197 A	0.27437	0.51518	0.21045
198 A	0.27261	0.52724	0.20014
199 A	0.27451	0.53126	0.19422
200 A	0.28218	0.52279	0.19502
201 T	0.28806	0.51453	0.1974
202 A	0.29413	0.50044	0.20543
203 T	0.30040	0.49196	0.20764
204 A	0.27063	0.53004	0.19933
205 G	0.26075	0.55982	0.17943
206 A	0.25412	0.57539	0.17049
207 A	0.25628	0.56798	0.17574
208 T	0.28129	0.52748	0.19124
209 T	0.29536	0.49540	0.20924
210 A	0.30085	0.45291	0.24624
211 A	0.32363	0.38088	0.2955
212 T	0.34007	0.31956	0.34037
213 T	0.34545	0.29341	0.36114
214 C	0.32140	0.30492	0.37368
215 A	0.30217	0.32741	0.37041
216 T	0.29785	0.33554	0.3666
217 A	0.28924	0.34372	0.36703
218 A	0.28734	0.34485	0.36781
219 A	0.28810	0.34317	0.36873
220 A	0.29829	0.32496	0.37675
221 C	0.31019	0.30384	0.38597
222 T	0.32006	0.29483	0.38511
223 G	0.32139	0.30147	0.37714
224 A	0.32318	0.31420	0.36262
225 A	0.32752	0.32122	0.35127
226 G	0.33471	0.32197	0.34332
227 A	0.35017	0.27020	0.37962
228 T	0.38943	0.21571	0.39486
229 T	0.40818	0.18904	0.40278
230 T	0.41403	0.18147	0.40449
231 C	0.41569	0.18128	0.40303
232 T	0.41951	0.18219	0.3983
233 T	0.42011	0.18586	0.39403
234 A	0.42006	0.19419	0.38575
235 A	0.42190	0.20183	0.37627
236 T	0.42499	0.19875	0.37626
237 T	0.41977	0.17325	0.40697
238 G	0.39716	0.18768	0.41516
239 T	0.38256	0.21080	0.40664
240 C	0.32246	0.29389	0.38365
241 A	0.30014	0.44584	0.25402
242 A	0.29032	0.50757	0.20212
243 A	0.28564	0.52063	0.19373
244 G	0.28454	0.52242	0.19305
245 A	0.28793	0.51953	0.19255
246 A	0.29559	0.51063	0.19378
247 C	0.30809	0.49758	0.19434
248 C	0.31894	0.48767	0.19339
249 A	0.32653	0.48072	0.19274
250 A	0.32898	0.47886	0.19215
251 A	0.33171	0.47648	0.19181
252 T	0.33758	0.47075	0.19167
253 C	0.34162	0.46652	0.19186
254 T	0.34712	0.46058	0.1923
255 T	0.35232	0.45553	0.19215
256 A	0.35431	0.45395	0.19174
257 A	0.35857	0.44912	0.19232
258 A	0.36645	0.44069	0.19285
259 A	0.37118	0.43029	0.19853
260 A	0.38158	0.40486	0.21356
261 T	0.41590	0.33788	0.24623
262 A	0.43647	0.29529	0.26824
263 C	0.46627	0.20915	0.32458
264 T	0.57799	0.08397	0.33804
265 A	0.61325	0.04439	0.34236
266 T	0.62231	0.03206	0.34564
267 T	0.62456	0.02884	0.3466
268 T	0.62544	0.02757	0.34698
269 A	0.62562	0.02585	0.34853
270 T	0.62618	0.02244	0.35138
271 T	0.62703	0.02126	0.3517
272 A	0.62685	0.02368	0.34947
273 T	0.62591	0.02451	0.34958
274 C	0.62319	0.02817	0.34864
275 T	0.62159	0.03051	0.3479
276 T	0.61977	0.03217	0.34805
277 T	0.61835	0.03323	0.34842
278 T	0.61725	0.03411	0.34864
279 C	0.61544	0.03566	0.34891
280 C	0.61321	0.03772	0.34907
281 C	0.60376	0.04791	0.34833
282 T	0.59764	0.05517	0.34719
283 T	0.58513	0.06917	0.34569
284 A	0.54941	0.10679	0.3438
285 T	0.54362	0.11441	0.34196
286 C	0.53982	0.11852	0.34166
287 T	0.53724	0.12256	0.34019
288 T	0.53347	0.12868	0.33785
289 A	0.52750	0.13903	0.33347
290 C	0.51627	0.15485	0.32888
291 A	0.46903	0.22888	0.30208
292 A	0.44393	0.26660	0.28947
293 G	0.43831	0.27739	0.2843
294 A	0.43072	0.28619	0.28309
295 T	0.42906	0.28778	0.28316
296 A	0.42065	0.29387	0.28548
297 T	0.41706	0.29357	0.28937
298 C	0.41005	0.29980	0.29014
299 G	0.40227	0.31298	0.28474
300 A	0.39621	0.33447	0.26933
301 A	0.39203	0.34724	0.26073
302 T	0.39049	0.35305	0.25646
303 A	0.38723	0.35608	0.25669
304 G	0.38480	0.34446	0.27074
305 A	0.38325	0.33788	0.27887
306 A	0.38379	0.32470	0.29151
307 C	0.38479	0.28965	0.32556
308 C	0.38612	0.28305	0.33083
309 A	0.38595	0.28204	0.33201
310 A	0.38752	0.27947	0.333
311 C	0.38905	0.27687	0.33408
312 A	0.38807	0.28083	0.3311
313 A	0.39316	0.27211	0.33473
314 T	0.41652	0.20214	0.38134
315 T	0.42143	0.18081	0.39777
316 A	0.41193	0.21600	0.37207
317 T	0.39939	0.24511	0.35549
318 A	0.37000	0.32627	0.30373
319 G	0.36236	0.36278	0.27486
320 A	0.34893	0.38070	0.27037
321 A	0.34104	0.39084	0.26812
322 A	0.33697	0.39611	0.26693
323 T	0.34823	0.38853	0.26324
324 C	0.33146	0.40435	0.26419
325 G	0.32345	0.41267	0.26389
326 A	0.32037	0.41584	0.26378
327 A	0.31753	0.41782	0.26466
328 C	0.31595	0.41873	0.26532
329 C	0.31418	0.42129	0.26453
330 T	0.31216	0.42808	0.25975
331 A	0.30707	0.44030	0.25262
332 A	0.30483	0.44498	0.25019
333 A	0.30385	0.44607	0.25008
334 G	0.30414	0.44256	0.25331
335 G	0.30803	0.42683	0.26514
336 A	0.31590	0.41449	0.26961
337 C	0.32772	0.39391	0.27837
338 A	0.34247	0.37631	0.28122
339 A	0.37302	0.33504	0.29194
340 A	0.39834	0.29635	0.3053
341 C	0.44316	0.22631	0.33053
342 T	0.47106	0.19907	0.32987
343 A	0.46047	0.20860	0.33093
344 A	0.45655	0.21907	0.32438
345 G	0.45145	0.22411	0.32444
346 A	0.44649	0.24824	0.30526
347 T	0.44075	0.24008	0.31917
348 T	0.42905	0.26954	0.30141
349 A	0.41754	0.30814	0.27432
350 A	0.41231	0.33486	0.25283
351 T	0.40970	0.34914	0.24116
352 A	0.40143	0.35737	0.2412
353 T	0.40188	0.35418	0.24395
354 T	0.40258	0.34942	0.248
355 G	0.40011	0.34985	0.25004
356 C	0.39790	0.35106	0.25104
357 C	0.39590	0.35371	0.25039
358 A	0.39448	0.35704	0.24848
359 A	0.39389	0.35826	0.24785
360 A	0.39349	0.35896	0.24756
361 A	0.39363	0.35897	0.2474
362 A	0.39434	0.35763	0.24803
363 A	0.39618	0.35008	0.25374
364 G	0.39909	0.33841	0.26249
365 A	0.40663	0.32265	0.27072
366 A	0.42247	0.28783	0.2897
367 G	0.44246	0.25312	0.30442
368 A	0.46034	0.22120	0.31845
369 T	0.49471	0.16927	0.33603
370 G	0.51128	0.14058	0.34814
371 T	0.54387	0.09513	0.36101
372 T	0.56734	0.06247	0.37019
373 T	0.57822	0.04796	0.37382
374 T	0.58161	0.04332	0.37507
375 T	0.58027	0.04794	0.37178
376 G	0.57849	0.05590	0.36561
377 G	0.57763	0.06240	0.35997
378 T	0.57794	0.07476	0.3473
379 T	0.57731	0.08322	0.33947
380 T	0.57586	0.09197	0.33216
381 T	0.57319	0.09514	0.33167
382 G	0.56961	0.09917	0.33123
383 T	0.56606	0.10244	0.3315
384 A	0.56042	0.10811	0.33146
385 C	0.55832	0.11011	0.33157
386 T	0.55648	0.11228	0.33123
387 C	0.55186	0.11720	0.33094
388 G	0.54708	0.12246	0.33045
389 A	0.54260	0.12762	0.32978
390 A	0.54081	0.12984	0.32936
391 G	0.53916	0.13182	0.32902
392 G	0.53856	0.13274	0.32869
393 A	0.53849	0.13329	0.32822
394 G	0.53942	0.13279	0.3278
395 A	0.54236	0.13059	0.32705
396 A	0.54787	0.12490	0.32722
397 G	0.55481	0.11673	0.32846
398 T	0.57110	0.09873	0.33017
399 T	0.58252	0.08648	0.331
400 G	0.59030	0.07908	0.33063
401 T	0.60264	0.07014	0.32721
402 T	0.60840	0.06579	0.32581
403 T	0.61103	0.06368	0.32528
404 T	0.61083	0.06350	0.32566
405 A	0.61042	0.06287	0.32671
406 G	0.61026	0.05953	0.33021
407 T	0.61055	0.05380	0.33565
408 T	0.61035	0.05197	0.33767
409 T	0.60971	0.05090	0.33939
410 T	0.60791	0.04981	0.34228
411 A	0.60062	0.05491	0.34447
412 G	0.59823	0.05471	0.34706
413 A	0.59683	0.05614	0.34704
414 T	0.59616	0.05671	0.34713
415 A	0.59439	0.06084	0.34478
416 A	0.59285	0.06531	0.34184
417 A	0.59218	0.06901	0.3388
418 T	0.59260	0.07151	0.33589
419 T	0.59102	0.07758	0.33141
420 A	0.58896	0.08836	0.32268
421 A	0.58870	0.09979	0.31151
422 G	0.59009	0.10159	0.30831
423 G	0.59294	0.10466	0.30241
424 T	0.60019	0.10461	0.29519
425 T	0.60432	0.10458	0.2911
426 T	0.60687	0.10578	0.28734
427 T	0.60831	0.10746	0.28422
428 T	0.60901	0.10875	0.28224
429 T	0.60910	0.11001	0.28089
430 T	0.60879	0.11146	0.27976
431 T	0.60863	0.11273	0.27865
432 A	0.60811	0.11384	0.27805
433 A	0.60779	0.11275	0.27945
434 G	0.60767	0.10636	0.28597
435 T	0.60812	0.10394	0.28794
436 A	0.60748	0.10366	0.28886
437 A	0.60739	0.10322	0.28938
438 A	0.60889	0.09994	0.29117
439 G	0.61193	0.09455	0.29353
440 G	0.61550	0.09013	0.29437
441 A	0.61925	0.08678	0.29397
442 G	0.62410	0.08021	0.29568
443 A	0.63334	0.06921	0.29744
444 T	0.64694	0.05491	0.29815
445 G	0.65012	0.05210	0.29777
446 C	0.65890	0.04413	0.29697
447 T	0.66777	0.03870	0.29353
448 T	0.66969	0.04798	0.28233
449 T	0.66766	0.05335	0.27899
450 T	0.66229	0.06082	0.27688
451 T	0.64022	0.08682	0.27296
452 A	0.59874	0.13383	0.26743
453 C	0.57431	0.16002	0.26567
454 T	0.55313	0.18211	0.26477
455 T	0.52501	0.21066	0.26432
456 A	0.44831	0.28794	0.26375
457 T	0.41306	0.32286	0.26407
458 C	0.33333	0.40259	0.26408
459 A	0.29738	0.43805	0.26457
460 A	0.27980	0.45496	0.26525
461 C	0.26915	0.46491	0.26594
462 A	0.25524	0.47909	0.26567
463 G	0.24219	0.49232	0.26549
464 A	0.23966	0.49485	0.26549
465 T	0.23858	0.49573	0.26569
466 A	0.23526	0.49914	0.2656
467 A	0.23336	0.50046	0.26618
468 G	0.23341	0.49839	0.2682
469 A	0.23377	0.49726	0.26898
470 A	0.23626	0.49180	0.27194
471 A	0.24654	0.47462	0.27884
472 T	0.25116	0.46099	0.28785
473 A	0.25331	0.44823	0.29846
474 T	0.25745	0.41059	0.33196
475 T	0.26230	0.36084	0.37686
476 A	0.26312	0.32423	0.41265
477 T	0.26313	0.29242	0.44445
478 T	0.26311	0.27260	0.46429
479 T	0.26159	0.23914	0.49926
480 A	0.25546	0.25522	0.48931
481 T	0.25251	0.20715	0.54034
482 T	0.24943	0.22101	0.52956
483 A	0.23947	0.23373	0.52681
484 A	0.23045	0.25333	0.51622
485 A	0.22169	0.26458	0.51373
486 T	0.21291	0.27529	0.51179
487 C	0.16254	0.33781	0.49965
488 A	0.13698	0.42509	0.43792
489 A	0.12886	0.45793	0.41321
490 A	0.12300	0.47692	0.40008
491 A	0.11754	0.49280	0.38965
492 T	0.11526	0.50277	0.38197
493 G	0.10968	0.52620	0.36412
494 A	0.10414	0.56848	0.32738
495 A	0.10040	0.64583	0.25377
496 G	0.09858	0.65265	0.24877
497 A	0.09835	0.65840	0.24325
498 A	0.09944	0.66260	0.23796
499 A	0.10194	0.66040	0.23765
500 C	0.10734	0.65270	0.23996
501 A	0.12335	0.63646	0.24019
502 A	0.15964	0.59833	0.24203
503 T	0.20010	0.55178	0.24811
504 C	0.21124	0.53762	0.25113
505 A	0.22872	0.51990	0.25138
506 A	0.24017	0.50233	0.25751
507 A	0.26296	0.47236	0.26469
508 A	0.28969	0.43658	0.27372
509 T	0.31942	0.39705	0.28353
510 A	0.33625	0.32924	0.33451
511 T	0.38463	0.25822	0.35715
512 T	0.39668	0.25401	0.34931
513 A	0.35535	0.31954	0.32511
514 A	0.31270	0.39862	0.28869
515 A	0.31870	0.39110	0.2902
516 A	0.33384	0.37098	0.29518
517 A	0.36887	0.33007	0.30107
518 T	0.44269	0.25197	0.30534
519 C	0.45022	0.24221	0.30757
520 A	0.45815	0.23374	0.30811
521 T	0.46621	0.22525	0.30854
522 T	0.46829	0.22295	0.30876
523 T	0.46879	0.22232	0.30889
524 C	0.46916	0.22181	0.30903
525 A	0.46957	0.22119	0.30924
526 T	0.47024	0.22023	0.30953
527 C	0.47076	0.21924	0.31
528 T	0.47211	0.21775	0.31014
529 T	0.47308	0.21663	0.31028
530 C	0.47364	0.21559	0.31076
531 G	0.47416	0.21493	0.31091
532 A	0.47578	0.21316	0.31106
533 A	0.48028	0.20695	0.31277
534 A	0.48878	0.19589	0.31533
535 T	0.50792	0.17062	0.32145
536 A	0.53346	0.09306	0.37348
537 A	0.56972	0.00000	0.43028
