# lcl|CP097583.1_cds_USQ93518.1_1
# AA	inside	membr	outside
1 A	0.37981	0.00000	0.62019
2 T	0.37084	0.00897	0.62019
3 G	0.36802	0.01178	0.62019
4 A	0.36802	0.02835	0.60362
5 A	0.34684	0.06655	0.58661
6 A	0.34684	0.06917	0.58399
7 T	0.31510	0.10217	0.58272
8 G	0.31510	0.10220	0.58269
9 G	0.31033	0.10714	0.58253
10 A	0.31032	0.12579	0.56389
11 A	0.30914	0.12832	0.56254
12 A	0.30021	0.13783	0.56196
13 C	0.29066	0.15075	0.55859
14 A	0.29065	0.15076	0.55859
15 A	0.29065	0.25717	0.45218
16 T	0.29046	0.25736	0.45218
17 T	0.29005	0.25873	0.45122
18 T	0.29001	0.26293	0.44706
19 T	0.28820	0.26758	0.44421
20 T	0.27694	0.32691	0.39615
21 T	0.24471	0.35870	0.39658
22 T	0.24261	0.36962	0.38777
23 A	0.23656	0.38982	0.37361
24 T	0.23202	0.41859	0.3494
25 G	0.22144	0.44288	0.33568
26 A	0.21439	0.50581	0.2798
27 G	0.19688	0.59470	0.20842
28 A	0.19645	0.65475	0.1488
29 A	0.19287	0.68908	0.11805
30 T	0.19242	0.69332	0.11426
31 A	0.18342	0.72420	0.09238
32 A	0.17678	0.73738	0.08584
33 A	0.18349	0.74171	0.07479
34 A	0.18101	0.74868	0.07031
35 A	0.18403	0.74017	0.0758
36 A	0.18861	0.72983	0.08156
37 A	0.19274	0.72607	0.08119
38 A	0.28901	0.62923	0.08176
39 T	0.29628	0.61962	0.0841
40 A	0.30362	0.60953	0.08685
41 T	0.31230	0.59393	0.09377
42 T	0.31929	0.58233	0.09838
43 T	0.35167	0.53806	0.11028
44 C	0.35264	0.51586	0.1315
45 A	0.36357	0.50435	0.13209
46 A	0.38379	0.48025	0.13596
47 T	0.41857	0.44168	0.13975
48 A	0.44502	0.40946	0.14553
49 A	0.50553	0.34380	0.15068
50 T	0.59753	0.21837	0.1841
51 T	0.66822	0.13199	0.19979
52 T	0.69566	0.09802	0.20633
53 T	0.71437	0.07648	0.20916
54 T	0.72519	0.06183	0.21299
55 A	0.72673	0.05720	0.21606
56 T	0.73280	0.04869	0.2185
57 T	0.73198	0.05389	0.21413
58 A	0.72594	0.06626	0.20779
59 T	0.72601	0.06759	0.2064
60 T	0.72125	0.07762	0.20113
61 T	0.71164	0.08790	0.20045
62 T	0.67843	0.12290	0.19868
63 G	0.63357	0.16838	0.19805
64 T	0.62192	0.18064	0.19744
65 C	0.57912	0.22408	0.1968
66 G	0.53953	0.26546	0.19501
67 C	0.52824	0.27830	0.19346
68 T	0.52029	0.29803	0.18168
69 A	0.50847	0.34232	0.14921
70 A	0.50491	0.35545	0.13964
71 T	0.50521	0.35859	0.1362
72 A	0.50134	0.36696	0.1317
73 T	0.50151	0.36783	0.13066
74 T	0.49597	0.37427	0.12976
75 A	0.47920	0.39302	0.12778
76 A	0.47247	0.40003	0.1275
77 T	0.47043	0.40100	0.12857
78 A	0.46268	0.40974	0.12759
79 A	0.46255	0.41065	0.1268
80 T	0.46916	0.39934	0.1315
81 T	0.47108	0.39109	0.13783
82 A	0.46846	0.39181	0.13973
83 T	0.47133	0.37983	0.14885
84 A	0.47030	0.37265	0.15706
85 A	0.47122	0.33871	0.19007
86 T	0.47262	0.29666	0.23072
87 A	0.47214	0.28202	0.24585
88 T	0.47323	0.23336	0.29341
89 C	0.47401	0.19113	0.33486
90 G	0.47466	0.18009	0.34525
91 C	0.48633	0.16379	0.34987
92 T	0.51948	0.12849	0.35203
93 T	0.52714	0.12122	0.35163
94 A	0.52835	0.12505	0.34661
95 T	0.53064	0.12367	0.34569
96 T	0.51816	0.14268	0.33917
97 A	0.46962	0.20275	0.32762
98 T	0.43882	0.22664	0.33454
99 A	0.41500	0.25621	0.32878
100 G	0.39897	0.29188	0.30916
101 A	0.38733	0.31768	0.29499
102 T	0.37109	0.39278	0.23613
103 T	0.31349	0.51661	0.1699
104 A	0.23478	0.66506	0.10016
105 T	0.21281	0.71074	0.07644
106 A	0.18736	0.75365	0.059
107 A	0.17512	0.78215	0.04273
108 T	0.16804	0.79760	0.03435
109 A	0.15751	0.80945	0.03304
110 A	0.14954	0.81713	0.03333
111 T	0.13758	0.82917	0.03325
112 A	0.09817	0.86965	0.03218
113 C	0.06712	0.90073	0.03215
114 A	0.05748	0.91399	0.02853
115 A	0.05171	0.92186	0.02644
116 A	0.04964	0.92508	0.02528
117 A	0.05304	0.92177	0.0252
118 A	0.05717	0.91745	0.02538
119 A	0.06335	0.89532	0.04132
120 A	0.08046	0.82607	0.09348
121 G	0.08922	0.77910	0.13168
122 A	0.09732	0.75350	0.14919
123 A	0.12207	0.72710	0.15083
124 A	0.14831	0.69890	0.15279
125 A	0.22665	0.60543	0.16792
126 A	0.30247	0.46862	0.22892
127 T	0.37752	0.31786	0.30463
128 T	0.39038	0.30879	0.30082
129 A	0.36926	0.41020	0.22054
130 A	0.34838	0.53492	0.1167
131 A	0.24772	0.68426	0.06802
132 A	0.18607	0.74087	0.07305
133 A	0.14995	0.77391	0.07614
134 A	0.13537	0.77684	0.08778
135 A	0.12148	0.75462	0.12389
136 C	0.10344	0.74336	0.1532
137 A	0.06984	0.78717	0.143
138 A	0.03831	0.83883	0.12286
139 G	0.02704	0.89635	0.07661
140 A	0.02392	0.92213	0.05395
141 A	0.02079	0.94576	0.03345
142 G	0.01903	0.94492	0.03605
143 A	0.01831	0.94387	0.03782
144 A	0.01899	0.93933	0.04168
145 A	0.02260	0.92974	0.04766
146 C	0.03413	0.91020	0.05567
147 G	0.04936	0.89360	0.05704
148 C	0.06783	0.87411	0.05806
149 A	0.08406	0.86064	0.05531
150 A	0.09807	0.84962	0.05231
151 A	0.12409	0.82512	0.05078
152 A	0.20915	0.71741	0.07343
153 T	0.31103	0.59179	0.09718
154 T	0.35034	0.44013	0.20953
155 A	0.34663	0.39625	0.25712
156 T	0.34589	0.37599	0.27812
157 A	0.32854	0.40842	0.26304
158 A	0.27104	0.47961	0.24935
159 A	0.21231	0.53410	0.25359
160 A	0.19841	0.52237	0.27923
161 A	0.21629	0.48799	0.29573
162 T	0.26664	0.45192	0.28143
163 A	0.27737	0.53369	0.18894
164 A	0.28319	0.63085	0.08596
165 T	0.27789	0.65565	0.06646
166 T	0.26667	0.67069	0.06263
167 T	0.25006	0.68983	0.06011
168 A	0.19724	0.75266	0.05011
169 C	0.17543	0.77727	0.0473
170 C	0.15294	0.80798	0.03908
171 A	0.13985	0.82403	0.03611
172 A	0.13306	0.83203	0.03491
173 A	0.13152	0.83417	0.03431
174 A	0.13431	0.83169	0.03399
175 C	0.14117	0.82408	0.03475
176 A	0.14781	0.81598	0.03621
177 A	0.16079	0.79671	0.04249
178 T	0.18532	0.76208	0.05261
179 T	0.19131	0.74999	0.0587
180 A	0.18812	0.74488	0.067
181 A	0.18269	0.69889	0.11842
182 A	0.18348	0.64455	0.17197
183 A	0.18633	0.61629	0.19739
184 G	0.18999	0.63029	0.17972
185 A	0.21418	0.64249	0.14333
186 A	0.29364	0.60237	0.10399
187 A	0.38313	0.51855	0.09832
188 A	0.40618	0.48717	0.10664
189 T	0.41621	0.45886	0.12493
190 A	0.41561	0.43681	0.14758
191 T	0.42432	0.37752	0.19816
192 T	0.41653	0.36331	0.22016
193 C	0.40610	0.35421	0.23969
194 C	0.40137	0.35348	0.24514
195 T	0.38643	0.37177	0.2418
196 G	0.36165	0.40052	0.23782
197 A	0.31606	0.45165	0.23229
198 T	0.27952	0.49342	0.22705
199 A	0.19206	0.59254	0.21541
200 A	0.17344	0.61018	0.21638
201 A	0.16708	0.61316	0.21976
202 G	0.16451	0.60534	0.23015
203 A	0.16667	0.58895	0.24438
204 C	0.17521	0.55803	0.26676
205 A	0.18779	0.53853	0.27368
206 A	0.20406	0.51367	0.28227
207 T	0.23989	0.46314	0.29698
208 A	0.27225	0.42600	0.30175
209 T	0.31239	0.37956	0.30805
210 T	0.32457	0.35001	0.32542
211 G	0.32734	0.33336	0.33929
212 C	0.32842	0.31729	0.35429
213 T	0.33095	0.30819	0.36086
214 T	0.33254	0.30312	0.36434
215 T	0.33407	0.29656	0.36937
216 T	0.33488	0.28983	0.3753
217 A	0.33469	0.29537	0.36994
218 T	0.33706	0.27672	0.38623
219 A	0.33457	0.26789	0.39754
220 G	0.33512	0.23204	0.43284
221 A	0.33692	0.21780	0.44528
222 T	0.34651	0.14313	0.51036
223 T	0.33943	0.17606	0.48451
224 T	0.33350	0.20822	0.45827
225 G	0.31342	0.30659	0.37999
226 G	0.30406	0.42374	0.27221
227 T	0.29612	0.49729	0.20658
228 T	0.27552	0.56779	0.15669
229 A	0.26135	0.64100	0.09765
230 T	0.25760	0.66862	0.07378
231 A	0.25282	0.70291	0.04426
232 A	0.25101	0.70869	0.0403
233 A	0.25002	0.71090	0.03908
234 T	0.24989	0.71164	0.03847
235 G	0.24979	0.71219	0.03802
236 C	0.25003	0.71270	0.03728
237 A	0.25019	0.71342	0.03638
238 A	0.25108	0.71271	0.0362
239 A	0.25332	0.71039	0.03628
240 T	0.26473	0.69821	0.03706
241 A	0.27598	0.68640	0.03763
242 A	0.29645	0.66055	0.043
243 A	0.31329	0.63951	0.0472
244 G	0.33590	0.61263	0.05147
245 A	0.35829	0.58575	0.05597
246 T	0.42077	0.50766	0.07157
247 A	0.45626	0.46509	0.07866
248 T	0.55994	0.34049	0.09958
249 T	0.70299	0.18834	0.10866
250 T	0.76898	0.11265	0.11837
251 T	0.79427	0.06705	0.13868
252 T	0.80855	0.04334	0.14811
253 C	0.80914	0.04009	0.15076
254 C	0.81536	0.03298	0.15165
255 T	0.81840	0.03038	0.15121
256 T	0.81763	0.03222	0.15014
257 T	0.81423	0.03835	0.14743
258 G	0.80147	0.05879	0.13974
259 T	0.79092	0.08721	0.12187
260 T	0.68025	0.24688	0.07288
261 A	0.44496	0.49935	0.05569
262 A	0.34567	0.61744	0.03688
263 A	0.28438	0.68395	0.03166
264 A	0.23798	0.73209	0.02994
265 C	0.20563	0.76555	0.02882
266 A	0.16339	0.81134	0.02527
267 A	0.13769	0.83845	0.02386
268 G	0.11282	0.86426	0.02292
269 A	0.09787	0.87995	0.02218
270 A	0.09334	0.88480	0.02185
271 A	0.09197	0.88619	0.02183
272 A	0.09133	0.88631	0.02236
273 A	0.09136	0.88493	0.02371
274 T	0.09237	0.88050	0.02713
275 T	0.09256	0.87570	0.03174
276 T	0.09243	0.87003	0.03754
277 C	0.09186	0.86470	0.04345
278 G	0.09139	0.86342	0.04518
279 G	0.08882	0.86405	0.04713
280 A	0.08684	0.86402	0.04915
281 A	0.09382	0.84909	0.05709
282 A	0.11310	0.82145	0.06546
283 A	0.16057	0.65817	0.18126
284 G	0.17942	0.39524	0.42534
285 T	0.19999	0.27222	0.52779
286 T	0.20503	0.20739	0.58758
287 T	0.20616	0.17926	0.61458
288 A	0.20568	0.17917	0.61515
289 T	0.20565	0.15974	0.63461
290 A	0.20459	0.15554	0.63986
291 T	0.20379	0.14160	0.6546
292 T	0.20220	0.13237	0.66543
293 A	0.19109	0.14861	0.66029
294 T	0.17862	0.16378	0.6576
295 G	0.16929	0.17683	0.65387
296 C	0.16682	0.18477	0.64841
297 G	0.16502	0.23840	0.59658
298 T	0.16469	0.37698	0.45833
299 T	0.16393	0.40032	0.43574
300 A	0.16115	0.43296	0.40589
301 A	0.15189	0.46815	0.37996
302 A	0.13081	0.50332	0.36587
303 C	0.11136	0.54295	0.34569
304 A	0.09521	0.61450	0.29029
305 G	0.08299	0.67164	0.24537
306 A	0.07495	0.73355	0.1915
307 A	0.06837	0.81741	0.11422
308 A	0.06538	0.84855	0.08608
309 A	0.06738	0.86621	0.06641
310 G	0.07864	0.87501	0.04635
311 A	0.09993	0.86726	0.03282
312 A	0.11230	0.86064	0.02706
313 A	0.12838	0.84308	0.02854
314 T	0.13820	0.83103	0.03077
315 A	0.13894	0.82750	0.03356
316 A	0.14284	0.81218	0.04498
317 C	0.14144	0.79944	0.05911
318 C	0.14955	0.78626	0.06418
319 C	0.15568	0.78461	0.0597
320 A	0.19307	0.76011	0.04682
321 A	0.28760	0.67887	0.03352
322 A	0.30814	0.66279	0.02908
323 A	0.33691	0.63441	0.02868
324 T	0.36747	0.59573	0.03679
325 A	0.37677	0.56683	0.0564
326 A	0.39663	0.53060	0.07277
327 A	0.43970	0.47793	0.08237
328 A	0.48567	0.42903	0.08529
329 A	0.54128	0.37235	0.08637
330 T	0.63361	0.27614	0.09025
331 A	0.65708	0.25261	0.09031
332 A	0.67360	0.23528	0.09111
333 T	0.69504	0.21177	0.0932
334 T	0.70200	0.20460	0.0934
335 T	0.69587	0.21116	0.09297
336 A	0.67158	0.23501	0.09341
337 A	0.66774	0.23682	0.09544
338 A	0.66645	0.23375	0.0998
339 A	0.66561	0.22708	0.10731
340 C	0.66606	0.21442	0.11952
341 C	0.66855	0.20956	0.1219
342 T	0.67172	0.20939	0.11889
343 A	0.68015	0.20201	0.11784
344 T	0.69168	0.19002	0.11829
345 T	0.69332	0.18762	0.11905
346 T	0.69356	0.18435	0.12209
347 C	0.69207	0.17457	0.13336
348 A	0.69150	0.16682	0.14168
349 G	0.69502	0.15556	0.14942
350 T	0.70398	0.14035	0.15566
351 T	0.71482	0.12753	0.15765
352 T	0.72251	0.11925	0.15824
353 T	0.72537	0.11354	0.16108
354 A	0.72611	0.11257	0.16132
355 T	0.72724	0.10215	0.17061
356 T	0.72758	0.09702	0.17539
357 T	0.72768	0.09267	0.17965
358 A	0.72668	0.08741	0.18591
359 C	0.72584	0.06879	0.20536
360 T	0.72346	0.07272	0.20382
361 A	0.71728	0.08042	0.20231
362 A	0.71391	0.08543	0.20066
363 A	0.71247	0.08831	0.19921
364 G	0.71230	0.09055	0.19716
365 C	0.71631	0.08275	0.20094
366 T	0.71880	0.08563	0.19557
367 T	0.71951	0.09974	0.18076
368 T	0.71977	0.11906	0.16117
369 T	0.71975	0.13061	0.14964
370 T	0.71850	0.13249	0.149
371 T	0.71690	0.13170	0.1514
372 T	0.71543	0.13337	0.1512
373 A	0.71328	0.13800	0.14872
374 C	0.71261	0.13877	0.14861
375 A	0.71182	0.14434	0.14383
376 G	0.71203	0.15293	0.13505
377 A	0.71465	0.16697	0.11838
378 T	0.71181	0.18688	0.10131
379 A	0.70968	0.21934	0.07098
380 A	0.70957	0.24507	0.04536
381 T	0.71058	0.25241	0.037
382 A	0.71020	0.25933	0.03047
383 A	0.71276	0.25527	0.03197
384 A	0.71476	0.24838	0.03687
385 A	0.71796	0.24221	0.03983
386 A	0.72335	0.23508	0.04157
387 C	0.73310	0.22369	0.04322
388 T	0.74447	0.21223	0.0433
389 G	0.75451	0.20256	0.04293
390 T	0.77068	0.18627	0.04304
391 T	0.78603	0.17067	0.0433
392 T	0.79242	0.16404	0.04354
393 T	0.79134	0.16226	0.04639
394 C	0.78505	0.16660	0.04835
395 C	0.76269	0.18864	0.04866
396 T	0.74942	0.20507	0.0455
397 A	0.71025	0.24513	0.04462
398 A	0.66565	0.29061	0.04373
399 A	0.65586	0.30052	0.04362
400 A	0.65679	0.29851	0.04469
401 C	0.66946	0.27994	0.05059
402 A	0.69526	0.25514	0.0496
403 T	0.72035	0.23339	0.04626
404 T	0.72607	0.23266	0.04128
405 T	0.72344	0.23689	0.03968
406 T	0.71241	0.24789	0.0397
407 T	0.69153	0.26820	0.04028
408 A	0.63545	0.32383	0.04072
409 C	0.58010	0.37891	0.04099
410 C	0.50813	0.45203	0.03983
411 A	0.42401	0.54016	0.03582
412 C	0.37584	0.58996	0.03419
413 A	0.34537	0.62303	0.03161
414 A	0.32684	0.64286	0.03029
415 A	0.31335	0.65728	0.02937
416 A	0.30850	0.65935	0.03214
417 T	0.30670	0.65337	0.03993
418 G	0.30198	0.62892	0.0691
419 A	0.29850	0.61824	0.08327
420 A	0.29473	0.58867	0.11659
421 G	0.29064	0.55468	0.15467
422 A	0.28874	0.54343	0.16783
423 G	0.28824	0.53094	0.18082
424 A	0.28877	0.53063	0.18059
425 G	0.29239	0.52239	0.18522
426 T	0.29695	0.51542	0.18763
427 A	0.30047	0.51581	0.18371
428 T	0.30218	0.50289	0.19492
429 G	0.30097	0.49745	0.20157
430 A	0.30048	0.48744	0.21208
431 A	0.30018	0.44254	0.25728
432 A	0.30004	0.39123	0.30873
433 A	0.30188	0.31901	0.37911
434 T	0.30675	0.24504	0.44821
435 T	0.30693	0.24484	0.44823
436 T	0.30177	0.28463	0.41359
437 A	0.28917	0.34068	0.37016
438 T	0.28234	0.35700	0.36066
439 G	0.26525	0.40350	0.33125
440 A	0.25329	0.44152	0.30519
441 A	0.25009	0.45749	0.29243
442 G	0.25127	0.47023	0.2785
443 A	0.25512	0.48944	0.25543
444 T	0.26584	0.48168	0.25249
445 T	0.27184	0.48182	0.24634
446 T	0.27405	0.48482	0.24113
447 A	0.27533	0.49131	0.23335
448 G	0.27735	0.49610	0.22655
449 A	0.28178	0.49598	0.22224
450 T	0.29664	0.48395	0.2194
451 T	0.29959	0.48796	0.21245
452 T	0.30059	0.50238	0.19703
453 A	0.29359	0.52243	0.18397
454 A	0.28195	0.54430	0.17375
455 A	0.27810	0.55112	0.17078
456 A	0.27864	0.55220	0.16916
457 A	0.29960	0.53176	0.16864
458 A	0.35802	0.47205	0.16992
459 T	0.43555	0.38639	0.17806
460 T	0.48495	0.32687	0.18819
461 A	0.49742	0.31107	0.1915
462 T	0.52285	0.27296	0.20419
463 G	0.53788	0.24889	0.21323
464 G	0.55109	0.23353	0.21538
465 T	0.57163	0.21313	0.21524
466 T	0.59467	0.19381	0.21152
467 T	0.59414	0.20236	0.20349
468 T	0.57402	0.22940	0.19658
469 A	0.52038	0.30039	0.17924
470 A	0.48151	0.34601	0.17248
471 T	0.47198	0.35857	0.16945
472 G	0.45645	0.37675	0.16681
473 A	0.45566	0.38220	0.16215
474 A	0.46028	0.37833	0.16139
475 T	0.47546	0.36159	0.16294
476 A	0.47342	0.36414	0.16244
477 T	0.46750	0.37266	0.15983
478 A	0.42992	0.41033	0.15975
479 A	0.40127	0.43828	0.16045
480 A	0.39691	0.44136	0.16173
481 G	0.39838	0.43859	0.16303
482 C	0.39939	0.43640	0.1642
483 T	0.40362	0.43281	0.16357
484 T	0.40583	0.43203	0.16214
485 T	0.40527	0.43776	0.15697
486 A	0.39941	0.45686	0.14373
487 A	0.39222	0.47825	0.12954
488 A	0.38931	0.49593	0.11476
489 A	0.39336	0.48376	0.12288
490 T	0.40375	0.45202	0.14423
491 G	0.41065	0.41811	0.17123
492 T	0.42810	0.36140	0.2105
493 T	0.43454	0.33863	0.22683
494 T	0.43622	0.36119	0.20259
495 A	0.42578	0.40382	0.17039
496 G	0.41762	0.43789	0.14449
497 A	0.41720	0.44968	0.13312
498 A	0.41889	0.45062	0.13049
499 G	0.42474	0.43146	0.1438
500 A	0.43903	0.40060	0.16037
501 A	0.44824	0.35417	0.1976
502 T	0.45738	0.31278	0.22984
503 C	0.46077	0.30323	0.23599
504 T	0.46442	0.29881	0.23678
505 T	0.46400	0.30062	0.23539
506 G	0.45906	0.31350	0.22744
507 G	0.45757	0.32252	0.2199
508 G	0.45940	0.32150	0.2191
509 A	0.46979	0.30753	0.22268
510 A	0.48261	0.28883	0.22856
511 T	0.51090	0.25663	0.23247
512 C	0.47711	0.29179	0.2311
513 A	0.45611	0.33772	0.20617
514 A	0.44383	0.39769	0.15848
515 T	0.43952	0.45468	0.10579
516 G	0.41419	0.52532	0.06048
517 A	0.40059	0.54539	0.05402
518 A	0.42153	0.51682	0.06164
519 T	0.44070	0.48620	0.0731
520 T	0.40611	0.52108	0.07282
521 C	0.32032	0.60955	0.07013
522 T	0.24984	0.69277	0.0574
523 G	0.12515	0.83015	0.04469
524 A	0.07357	0.88827	0.03817
525 A	0.05336	0.90895	0.03769
526 G	0.04576	0.91656	0.03768
527 A	0.04299	0.91912	0.03789
528 A	0.04364	0.91712	0.03924
529 C	0.05082	0.90688	0.0423
530 A	0.05677	0.90077	0.04246
531 A	0.05811	0.89912	0.04278
532 A	0.05953	0.89730	0.04317
533 A	0.06124	0.89283	0.04592
534 A	0.06309	0.88873	0.04818
535 A	0.06823	0.83896	0.09281
536 A	0.09353	0.78778	0.11869
537 A	0.14668	0.71553	0.13778
538 A	0.20417	0.62789	0.16793
539 A	0.24723	0.54107	0.21171
540 T	0.25728	0.45355	0.28918
541 T	0.26347	0.41560	0.32092
542 A	0.26679	0.39992	0.3333
543 T	0.27937	0.32330	0.39733
544 G	0.28364	0.22680	0.48955
545 T	0.29272	0.15116	0.55612
546 T	0.29675	0.08609	0.61716
547 T	0.28317	0.20874	0.50809
548 T	0.24945	0.36538	0.38517
549 A	0.13946	0.71733	0.1432
550 A	0.08508	0.86995	0.04497
551 G	0.06427	0.89655	0.03918
552 A	0.05779	0.91011	0.0321
553 T	0.05649	0.91621	0.02731
554 T	0.05361	0.92288	0.0235
555 C	0.04547	0.93676	0.01777
556 A	0.04185	0.94372	0.01443
557 A	0.03977	0.94727	0.01296
558 A	0.03822	0.94980	0.01197
559 A	0.03755	0.95088	0.01157
560 C	0.03749	0.95099	0.01152
561 A	0.03762	0.95102	0.01136
562 A	0.03817	0.95060	0.01123
563 A	0.03867	0.95020	0.01113
564 C	0.03999	0.94902	0.01099
565 A	0.04166	0.94849	0.00985
566 A	0.04583	0.94486	0.00931
567 A	0.05417	0.93633	0.0095
568 A	0.06986	0.91898	0.01115
569 A	0.11229	0.87384	0.01387
570 T	0.28978	0.67081	0.03941
571 A	0.41380	0.51164	0.07456
572 T	0.63206	0.18377	0.18416
573 T	0.69120	0.07413	0.23466
574 T	0.69547	0.05155	0.25298
575 C	0.69633	0.04607	0.25759
576 T	0.69884	0.04298	0.25818
577 A	0.69711	0.04378	0.25911
578 C	0.69449	0.04166	0.26385
579 T	0.69219	0.04737	0.26044
580 C	0.67715	0.06856	0.2543
581 T	0.62584	0.15495	0.21922
582 A	0.44633	0.37707	0.1766
583 G	0.29985	0.54531	0.15484
584 A	0.19941	0.66898	0.13162
585 A	0.16546	0.72722	0.10732
586 A	0.15710	0.79863	0.04428
587 A	0.15378	0.81876	0.02746
588 A	0.15122	0.82454	0.02424
589 A	0.14959	0.82768	0.02273
590 T	0.14699	0.82892	0.0241
591 T	0.14096	0.83485	0.02419
592 G	0.13215	0.84370	0.02415
593 T	0.13062	0.84528	0.02409
594 C	0.12927	0.84637	0.02435
595 A	0.12804	0.84785	0.02411
596 A	0.12746	0.84869	0.02386
597 A	0.12739	0.84919	0.02342
598 C	0.12726	0.84869	0.02405
599 A	0.12261	0.85638	0.021
600 A	0.12140	0.85479	0.02381
601 A	0.12520	0.84374	0.03106
602 T	0.13696	0.82082	0.04222
603 T	0.14654	0.79100	0.06246
604 A	0.17523	0.69744	0.12733
605 A	0.21525	0.48544	0.29931
606 T	0.24150	0.32215	0.43635
607 G	0.25616	0.22695	0.51688
608 A	0.27576	0.18253	0.54172
609 T	0.33469	0.12539	0.53992
610 T	0.35076	0.12442	0.52481
611 T	0.35312	0.12198	0.5249
612 A	0.35033	0.12230	0.52737
613 T	0.34617	0.12184	0.53198
614 T	0.33604	0.12980	0.53417
615 C	0.29529	0.17466	0.53005
616 C	0.25223	0.24890	0.49887
617 A	0.20880	0.36299	0.42821
618 A	0.19533	0.41424	0.39043
619 A	0.19077	0.44978	0.35945
620 A	0.18587	0.47693	0.3372
621 A	0.18433	0.48775	0.32793
622 T	0.18765	0.48087	0.33148
623 T	0.18809	0.48055	0.33136
624 T	0.18751	0.49191	0.32058
625 T	0.18526	0.51046	0.30429
626 T	0.18077	0.53634	0.28289
627 A	0.17074	0.57893	0.25033
628 G	0.15999	0.64295	0.19706
629 A	0.14300	0.69929	0.15771
630 A	0.11202	0.77196	0.11602
631 A	0.09012	0.82791	0.08197
632 A	0.07609	0.87353	0.05037
633 A	0.07821	0.88040	0.04139
634 A	0.07384	0.88704	0.03913
635 A	0.06940	0.88856	0.04204
636 A	0.07017	0.88291	0.04692
637 A	0.07820	0.86510	0.0567
638 A	0.09558	0.81375	0.09068
639 A	0.13489	0.73787	0.12723
640 T	0.21072	0.62496	0.16433
641 T	0.23756	0.59981	0.16263
642 A	0.24418	0.59590	0.15993
643 G	0.24800	0.58737	0.16462
644 A	0.24533	0.58827	0.1664
645 T	0.23890	0.59198	0.16912
646 C	0.22596	0.60272	0.17132
647 C	0.23443	0.59934	0.16624
648 A	0.24396	0.61824	0.1378
649 A	0.26384	0.62214	0.11402
650 A	0.29218	0.60248	0.10534
651 T	0.35041	0.54383	0.10576
652 A	0.37310	0.52145	0.10545
653 A	0.41183	0.45011	0.13806
654 A	0.43835	0.39451	0.16713
655 T	0.46648	0.34080	0.19272
656 T	0.45521	0.34784	0.19695
657 A	0.39470	0.42757	0.17772
658 A	0.35148	0.50113	0.1474
659 A	0.27478	0.60602	0.1192
660 A	0.22670	0.67020	0.1031
661 A	0.18039	0.73454	0.08508
662 T	0.17001	0.76725	0.06274
663 A	0.14509	0.80833	0.04657
664 G	0.14308	0.80693	0.04999
665 A	0.14384	0.79951	0.05665
666 A	0.14386	0.79250	0.06364
667 A	0.14142	0.78331	0.07526
668 C	0.14878	0.75663	0.09459
669 T	0.15432	0.73751	0.10817
670 A	0.15355	0.73352	0.11293
671 C	0.17166	0.71176	0.11658
672 A	0.18645	0.70183	0.11172
673 T	0.19505	0.69787	0.10709
674 A	0.18776	0.71116	0.10108
675 T	0.19079	0.70592	0.1033
676 G	0.18124	0.71993	0.09883
677 A	0.17015	0.73909	0.09076
678 A	0.15929	0.75730	0.08341
679 A	0.15280	0.75440	0.0928
680 A	0.17090	0.67711	0.15199
681 A	0.20311	0.59839	0.1985
682 G	0.23538	0.48203	0.28259
683 A	0.26003	0.40843	0.33154
684 C	0.28417	0.32857	0.38726
685 T	0.31048	0.29027	0.39925
686 T	0.32062	0.26690	0.41247
687 T	0.31715	0.26575	0.4171
688 G	0.30586	0.27856	0.41557
689 A	0.29967	0.28798	0.41235
690 T	0.29656	0.28418	0.41926
691 A	0.28964	0.29244	0.41793
692 T	0.28613	0.29884	0.41504
693 G	0.27880	0.31555	0.40565
694 A	0.27776	0.32857	0.39367
695 G	0.27780	0.33383	0.38838
696 A	0.27171	0.36803	0.36025
697 T	0.27962	0.36386	0.35652
698 T	0.28275	0.36850	0.34875
699 A	0.27727	0.38581	0.33692
700 A	0.27666	0.38731	0.33603
701 A	0.27858	0.38301	0.33841
702 T	0.28828	0.36047	0.35125
703 A	0.28631	0.36215	0.35154
704 T	0.28817	0.35708	0.35475
705 T	0.28850	0.35649	0.35501
706 T	0.28559	0.36076	0.35365
707 T	0.27920	0.37075	0.35005
708 A	0.26781	0.38179	0.35041
709 T	0.26502	0.38067	0.35431
710 A	0.25580	0.38547	0.35873
711 T	0.25281	0.37496	0.37223
712 C	0.24001	0.38084	0.37914
713 C	0.22479	0.39628	0.37892
714 A	0.21719	0.40952	0.37328
715 A	0.21604	0.41523	0.36872
716 T	0.23169	0.39771	0.37059
717 G	0.23037	0.40023	0.3694
718 G	0.23097	0.39784	0.37118
719 A	0.25888	0.35526	0.38585
720 T	0.27190	0.33560	0.3925
721 G	0.27225	0.33609	0.39166
722 A	0.28610	0.32036	0.39354
723 A	0.29425	0.30927	0.39648
724 T	0.30196	0.30298	0.39506
725 A	0.28442	0.35820	0.35738
726 T	0.27449	0.40155	0.32397
727 A	0.23756	0.52822	0.23422
728 A	0.19343	0.65956	0.14701
729 A	0.17123	0.71592	0.11285
730 A	0.14799	0.76504	0.08697
731 A	0.12784	0.78817	0.08399
732 G	0.12218	0.79316	0.08466
733 A	0.11909	0.80267	0.07825
734 A	0.11833	0.80565	0.07602
735 A	0.11987	0.79437	0.08576
736 T	0.12467	0.77700	0.09833
737 A	0.13030	0.76794	0.10176
738 T	0.13603	0.75726	0.10671
739 A	0.13669	0.76070	0.10262
740 A	0.13816	0.75584	0.10599
741 T	0.14134	0.74560	0.11305
742 A	0.14261	0.74880	0.10859
743 A	0.14238	0.74869	0.10893
744 T	0.14864	0.73293	0.11843
745 A	0.15113	0.72657	0.12229
746 A	0.15625	0.71620	0.12755
747 A	0.17138	0.69603	0.13259
748 G	0.21301	0.63187	0.15512
749 A	0.25379	0.57761	0.1686
750 A	0.34961	0.44861	0.20178
751 T	0.44899	0.31103	0.23998
752 A	0.48803	0.26389	0.24808
753 T	0.52493	0.22138	0.25369
754 T	0.53684	0.22685	0.23632
755 A	0.54117	0.24454	0.21429
756 T	0.55366	0.23010	0.21624
757 T	0.56248	0.22118	0.21634
758 A	0.56569	0.21819	0.21612
759 T	0.57065	0.21150	0.21784
760 C	0.57126	0.21221	0.21653
761 T	0.57393	0.21275	0.21332
762 A	0.57183	0.21935	0.20881
763 T	0.57940	0.21370	0.2069
764 A	0.57914	0.21604	0.20482
765 T	0.58658	0.21071	0.20271
766 T	0.58736	0.21102	0.20162
767 T	0.57892	0.23212	0.18895
768 G	0.55069	0.28183	0.16748
769 A	0.52357	0.31662	0.15981
770 T	0.50214	0.34006	0.1578
771 A	0.44831	0.39756	0.15413
772 A	0.42287	0.42308	0.15405
773 C	0.41963	0.42643	0.15394
774 A	0.42328	0.42377	0.15295
775 A	0.43789	0.40982	0.15229
776 C	0.45998	0.38741	0.15261
777 T	0.49876	0.34939	0.15186
778 T	0.51984	0.32976	0.1504
779 T	0.52128	0.33258	0.14614
780 T	0.51343	0.35056	0.13601
781 A	0.50035	0.37425	0.1254
782 A	0.49526	0.37964	0.1251
783 T	0.49486	0.37406	0.13108
784 T	0.49398	0.37287	0.13315
785 T	0.49103	0.37123	0.13774
786 T	0.48280	0.38224	0.13497
787 A	0.47105	0.39790	0.13105
788 A	0.46896	0.40313	0.12791
789 A	0.46629	0.40541	0.12831
790 A	0.47682	0.38785	0.13533
791 A	0.49819	0.33953	0.16228
792 T	0.50801	0.30204	0.18995
793 G	0.51002	0.27718	0.21279
794 A	0.51339	0.22836	0.25825
795 T	0.51495	0.19903	0.28602
796 T	0.51615	0.18962	0.29423
797 C	0.51597	0.18874	0.29529
798 T	0.51693	0.19402	0.28905
799 A	0.51654	0.20480	0.27866
800 A	0.51728	0.21134	0.27138
801 A	0.51853	0.21934	0.26214
802 A	0.52484	0.21245	0.2627
803 T	0.53781	0.18598	0.27621
804 T	0.55077	0.15610	0.29312
805 T	0.55432	0.14190	0.30377
806 C	0.55218	0.13890	0.30893
807 T	0.55019	0.15939	0.29042
808 A	0.49071	0.27824	0.23104
809 T	0.45631	0.36033	0.18335
810 A	0.40655	0.43951	0.15395
811 G	0.37326	0.49296	0.13377
812 A	0.35883	0.52061	0.12056
813 T	0.35924	0.52649	0.11427
814 T	0.35297	0.53298	0.11406
815 T	0.33700	0.55033	0.11267
816 A	0.32034	0.56667	0.11299
817 T	0.31053	0.57580	0.11367
818 C	0.29688	0.58955	0.11357
819 A	0.28170	0.60677	0.11153
820 C	0.27568	0.61406	0.11027
821 A	0.27732	0.61299	0.10969
822 T	0.28259	0.60803	0.10939
823 A	0.27921	0.61198	0.10882
824 T	0.28221	0.60879	0.109
825 C	0.27063	0.62062	0.10875
826 A	0.26039	0.63615	0.10346
827 A	0.24944	0.64975	0.10081
828 A	0.24605	0.65289	0.10106
829 A	0.24480	0.65245	0.10276
830 A	0.26725	0.62493	0.10782
831 A	0.33180	0.49512	0.17308
832 T	0.39670	0.38525	0.21804
833 A	0.42719	0.30508	0.26774
834 T	0.44763	0.24727	0.3051
835 T	0.45458	0.23455	0.31086
836 T	0.43285	0.25946	0.3077
837 A	0.37721	0.33519	0.28761
838 G	0.32848	0.39576	0.27575
839 A	0.28640	0.45340	0.2602
840 A	0.24922	0.53470	0.21609
841 A	0.22484	0.57690	0.19826
842 A	0.18828	0.63104	0.18068
843 T	0.16724	0.67144	0.16131
844 A	0.11633	0.74000	0.14367
845 A	0.10135	0.77541	0.12324
846 A	0.09412	0.80610	0.09978
847 A	0.08865	0.83312	0.07823
848 A	0.08711	0.83255	0.08034
849 A	0.09050	0.82125	0.08825
850 A	0.09265	0.80866	0.09869
851 A	0.09417	0.79879	0.10704
852 T	0.09656	0.78826	0.11518
853 C	0.09698	0.78436	0.11866
854 A	0.09782	0.78546	0.11672
855 A	0.09933	0.78430	0.11636
856 G	0.10183	0.77993	0.11824
857 A	0.10775	0.77237	0.11987
858 T	0.12894	0.74711	0.12395
859 G	0.14182	0.70431	0.15387
860 A	0.16974	0.63214	0.19811
861 A	0.19945	0.56216	0.23839
862 A	0.22807	0.49656	0.27537
863 T	0.27835	0.41042	0.31123
864 A	0.30221	0.36606	0.33173
865 G	0.33460	0.29570	0.3697
866 T	0.36818	0.24243	0.38938
867 T	0.38606	0.17970	0.43425
868 G	0.40035	0.15598	0.44366
869 A	0.42510	0.12719	0.44771
870 T	0.45049	0.09751	0.452
871 G	0.45525	0.09049	0.45425
872 T	0.45752	0.08646	0.45602
873 T	0.45761	0.08761	0.45478
874 T	0.45455	0.09733	0.44812
875 C	0.44961	0.10599	0.4444
876 A	0.44654	0.11198	0.44148
877 T	0.44547	0.11560	0.43892
878 T	0.43683	0.12711	0.43606
879 T	0.42594	0.14526	0.4288
880 C	0.39177	0.19241	0.41582
881 A	0.36289	0.27732	0.35978
882 A	0.35189	0.30325	0.34486
883 A	0.35096	0.30874	0.34029
884 A	0.35535	0.30872	0.33593
885 T	0.36760	0.29911	0.33329
886 T	0.37550	0.29220	0.3323
887 T	0.38109	0.28520	0.33371
888 T	0.38263	0.28488	0.3325
889 T	0.38034	0.28991	0.32975
890 T	0.37761	0.29725	0.32514
891 T	0.37377	0.30819	0.31804
892 A	0.36895	0.32838	0.30266
893 A	0.36744	0.34857	0.28398
894 A	0.36687	0.36231	0.27081
895 A	0.36657	0.37724	0.25619
896 A	0.36811	0.39302	0.23887
897 T	0.37326	0.40182	0.22491
898 A	0.37258	0.42907	0.19836
899 A	0.36891	0.44317	0.18792
900 A	0.36892	0.44871	0.18237
901 G	0.37241	0.43686	0.19074
902 A	0.37981	0.42147	0.19872
903 A	0.39474	0.37626	0.229
904 T	0.44977	0.29623	0.25401
905 T	0.46229	0.27434	0.26337
906 A	0.46445	0.26935	0.26621
907 G	0.46773	0.26511	0.26717
908 T	0.47080	0.26040	0.2688
909 T	0.47150	0.25904	0.26946
910 G	0.46678	0.26239	0.27082
911 A	0.46667	0.26099	0.27234
912 C	0.47013	0.25195	0.27792
913 T	0.47401	0.24689	0.27911
914 C	0.47590	0.24402	0.28008
915 A	0.47977	0.24766	0.27257
916 C	0.49061	0.23933	0.27006
917 A	0.50151	0.24871	0.24978
918 A	0.51626	0.24183	0.24191
919 G	0.52906	0.23285	0.23808
920 G	0.54858	0.21282	0.2386
921 T	0.58141	0.18147	0.23711
922 A	0.59357	0.16598	0.24045
923 T	0.60367	0.15354	0.24278
924 T	0.60409	0.15320	0.2427
925 T	0.60087	0.15776	0.24137
926 T	0.59344	0.16685	0.2397
927 T	0.57608	0.18598	0.23794
928 A	0.54431	0.21996	0.23574
929 A	0.52522	0.23901	0.23577
930 A	0.51359	0.24983	0.23658
931 G	0.50076	0.26177	0.23747
932 G	0.49554	0.26456	0.2399
933 A	0.49297	0.26236	0.24466
934 G	0.49285	0.25847	0.24868
935 A	0.49326	0.25549	0.25126
936 C	0.49558	0.24837	0.25605
937 A	0.49952	0.24112	0.25937
938 T	0.51122	0.22191	0.26687
939 A	0.51575	0.21268	0.27157
940 T	0.53528	0.19036	0.27436
941 A	0.54191	0.18203	0.27606
942 T	0.54808	0.16390	0.28803
943 G	0.55000	0.15742	0.29259
944 T	0.55548	0.14896	0.29557
945 T	0.55924	0.14153	0.29923
946 T	0.56186	0.13599	0.30215
947 T	0.56296	0.12924	0.3078
948 T	0.56146	0.12749	0.31106
949 T	0.55748	0.12644	0.31607
950 A	0.54671	0.13281	0.32048
951 T	0.54379	0.11511	0.34109
952 G	0.53798	0.11172	0.3503
953 A	0.53693	0.10785	0.35523
954 T	0.53668	0.10202	0.3613
955 T	0.53509	0.11205	0.35287
956 T	0.52998	0.14971	0.32031
957 T	0.52054	0.18305	0.29642
958 A	0.50737	0.21552	0.27711
959 T	0.49420	0.24843	0.25737
960 G	0.47291	0.28870	0.2384
961 G	0.46009	0.31555	0.22435
962 A	0.45353	0.33324	0.21323
963 A	0.45047	0.34792	0.20161
964 G	0.44910	0.35746	0.19343
965 A	0.44932	0.36484	0.18584
966 A	0.45034	0.36648	0.18318
967 A	0.45223	0.36553	0.18224
968 A	0.45494	0.36280	0.18226
969 T	0.45964	0.35643	0.18392
970 A	0.46371	0.35040	0.18589
971 T	0.47055	0.33840	0.19106
972 A	0.47425	0.32983	0.19592
973 T	0.48273	0.31092	0.20635
974 T	0.48661	0.30271	0.21067
975 T	0.49164	0.29249	0.21587
976 A	0.49357	0.29072	0.21571
977 G	0.49757	0.28656	0.21588
978 A	0.51378	0.27202	0.2142
979 T	0.55838	0.22370	0.21793
980 T	0.58616	0.19046	0.22338
981 A	0.60246	0.16396	0.23359
982 T	0.62305	0.12898	0.24797
983 T	0.63727	0.09720	0.26554
984 T	0.64480	0.07848	0.27672
985 C	0.64847	0.06991	0.28162
986 C	0.65750	0.05951	0.28299
987 T	0.66538	0.05182	0.2828
988 T	0.67085	0.04703	0.28212
989 T	0.67096	0.04760	0.28143
990 C	0.66890	0.05051	0.28059
991 T	0.66649	0.05548	0.27804
992 T	0.66064	0.06724	0.27212
993 T	0.64982	0.08412	0.26606
994 A	0.62613	0.11927	0.2546
995 A	0.59027	0.16522	0.2445
996 A	0.55937	0.20811	0.23251
997 G	0.53192	0.25138	0.2167
998 A	0.42868	0.37262	0.1987
999 A	0.35708	0.45423	0.1887
1000 G	0.32301	0.49848	0.17851
1001 A	0.30085	0.54227	0.15689
1002 A	0.29494	0.55011	0.15495
1003 T	0.29717	0.54791	0.15491
1004 A	0.29451	0.55020	0.15529
1005 T	0.29349	0.55113	0.15537
1006 C	0.29180	0.55221	0.156
1007 A	0.29113	0.55364	0.15523
1008 A	0.29037	0.55328	0.15635
1009 T	0.28746	0.55508	0.15745
1010 C	0.27588	0.56659	0.15753
1011 T	0.25450	0.58824	0.15727
1012 C	0.22616	0.61445	0.15939
1013 A	0.19091	0.64953	0.15956
1014 A	0.17931	0.65939	0.16131
1015 C	0.17304	0.66307	0.16388
1016 A	0.16613	0.66959	0.16428
1017 A	0.16858	0.66329	0.16813
1018 A	0.17238	0.63597	0.19165
1019 A	0.17338	0.61382	0.2128
1020 A	0.18639	0.58375	0.22986
1021 G	0.20153	0.46032	0.33815
1022 A	0.20803	0.37144	0.42053
1023 A	0.21557	0.32298	0.46145
1024 T	0.23232	0.27149	0.49619
1025 C	0.22725	0.26855	0.5042
1026 C	0.22298	0.28424	0.49278
1027 A	0.21552	0.35362	0.43085
1028 A	0.20763	0.39875	0.39362
1029 A	0.19858	0.43524	0.36618
1030 G	0.19216	0.52005	0.28779
1031 A	0.17287	0.63471	0.19242
1032 A	0.15279	0.66485	0.18236
1033 A	0.14869	0.66285	0.18847
1034 T	0.14678	0.63570	0.21752
1035 A	0.13951	0.62453	0.23595
1036 C	0.13710	0.59879	0.26411
1037 A	0.13706	0.60001	0.26293
1038 A	0.13768	0.59603	0.26629
1039 G	0.14221	0.58525	0.27254
1040 A	0.15219	0.57462	0.27319
1041 T	0.16251	0.56511	0.27238
1042 T	0.16653	0.56173	0.27174
1043 T	0.16411	0.58791	0.24799
1044 A	0.15603	0.60356	0.2404
1045 A	0.15054	0.61175	0.23771
1046 G	0.14432	0.61555	0.24013
1047 A	0.14229	0.61592	0.24179
1048 C	0.14901	0.60264	0.24835
1049 A	0.16858	0.58571	0.24572
1050 A	0.23230	0.52446	0.24325
1051 A	0.26951	0.48223	0.24826
1052 A	0.29758	0.44771	0.25471
1053 A	0.36522	0.37512	0.25967
1054 A	0.45533	0.26027	0.2844
1055 C	0.48211	0.20634	0.31155
1056 T	0.50052	0.19192	0.30756
1057 T	0.50116	0.19863	0.30022
1058 T	0.49100	0.22300	0.286
1059 T	0.44809	0.27853	0.27338
1060 G	0.35744	0.37786	0.26471
1061 A	0.29894	0.44753	0.25353
1062 G	0.25231	0.50028	0.24741
1063 G	0.24438	0.52210	0.23353
1064 A	0.24113	0.53846	0.22041
1065 A	0.25279	0.53189	0.21532
1066 A	0.27896	0.50363	0.21741
1067 T	0.29277	0.48235	0.22487
1068 A	0.29886	0.47132	0.22982
1069 T	0.30286	0.46097	0.23617
1070 T	0.30371	0.45626	0.24003
1071 C	0.30313	0.45467	0.2422
1072 G	0.30390	0.45428	0.24182
1073 A	0.30817	0.45070	0.24113
1074 A	0.30870	0.45063	0.24066
1075 A	0.31030	0.44946	0.24023
1076 A	0.31168	0.44891	0.23941
1077 A	0.31511	0.44161	0.24327
1078 G	0.32011	0.42674	0.25315
1079 T	0.33770	0.39744	0.26486
1080 A	0.35012	0.37318	0.27671
1081 T	0.37226	0.32871	0.29903
1082 T	0.38571	0.27616	0.33812
1083 A	0.39221	0.20214	0.40565
1084 T	0.40210	0.14193	0.45597
1085 G	0.40744	0.09571	0.49685
1086 T	0.42044	0.07354	0.50602
1087 C	0.42934	0.06272	0.50794
1088 T	0.43470	0.08553	0.47977
1089 T	0.43543	0.09475	0.46981
1090 T	0.43423	0.10220	0.46358
1091 T	0.42023	0.13793	0.44184
1092 A	0.41138	0.18308	0.40554
1093 C	0.40831	0.20655	0.38514
1094 A	0.40508	0.25286	0.34206
1095 T	0.40483	0.28305	0.31212
1096 G	0.40321	0.31199	0.2848
1097 A	0.40192	0.34408	0.254
1098 A	0.39791	0.36166	0.24043
1099 G	0.39673	0.36663	0.23663
1100 A	0.39720	0.36832	0.23448
1101 A	0.39907	0.36757	0.23336
1102 A	0.40289	0.36450	0.2326
1103 T	0.41144	0.35560	0.23296
1104 G	0.41492	0.35177	0.23331
1105 T	0.41959	0.34685	0.23356
1106 T	0.42091	0.34529	0.23379
1107 A	0.41964	0.34647	0.23389
1108 C	0.41915	0.34653	0.23432
1109 A	0.41971	0.34626	0.23403
1110 A	0.42412	0.34158	0.2343
1111 A	0.45355	0.31146	0.23498
1112 T	0.47317	0.28959	0.23725
1113 A	0.48086	0.28030	0.23884
1114 C	0.51301	0.22832	0.25867
1115 C	0.55305	0.18178	0.26517
1116 T	0.58420	0.14953	0.26626
1117 G	0.61914	0.11620	0.26467
1118 T	0.65473	0.08075	0.26453
1119 T	0.67303	0.06264	0.26433
1120 T	0.68680	0.04718	0.26602
1121 T	0.67741	0.05193	0.27065
1122 C	0.64243	0.08502	0.27255
1123 A	0.58491	0.15430	0.26079
1124 C	0.55928	0.18411	0.25661
1125 T	0.53964	0.21022	0.25015
1126 T	0.46747	0.29482	0.23771
1127 A	0.44737	0.31843	0.2342
1128 T	0.43503	0.33397	0.231
1129 A	0.41113	0.36017	0.2287
1130 A	0.40489	0.36494	0.23017
1131 T	0.40221	0.36606	0.23174
1132 G	0.40219	0.36468	0.23313
1133 A	0.40217	0.36396	0.23386
1134 G	0.40219	0.36325	0.23456
1135 G	0.40225	0.36287	0.23488
1136 A	0.40232	0.36223	0.23545
1137 A	0.40250	0.36153	0.23596
1138 A	0.40285	0.36035	0.2368
1139 A	0.40384	0.35829	0.23786
1140 T	0.40668	0.35272	0.2406
1141 G	0.40725	0.34926	0.24349
1142 A	0.40809	0.34482	0.24709
1143 A	0.40888	0.33602	0.25511
1144 A	0.41034	0.31791	0.27175
1145 A	0.41351	0.27521	0.31129
1146 T	0.43139	0.18980	0.37881
1147 T	0.43851	0.14005	0.42144
1148 A	0.44441	0.10109	0.4545
1149 A	0.45518	0.00000	0.54482
