# lcl|CP097583.1_cds_USQ93576.1_1
# AA	inside	membr	outside
1 A	0.16551	0.00000	0.8345
2 T	0.16461	0.00090	0.8345
3 G	0.16416	0.00135	0.8345
4 G	0.16416	0.00204	0.83381
5 A	0.16123	0.00567	0.8331
6 T	0.16123	0.00573	0.83304
7 C	0.15390	0.01309	0.83302
8 A	0.15390	0.01309	0.83302
9 A	0.15331	0.01372	0.83298
10 T	0.15331	0.01525	0.83145
11 A	0.15313	0.01563	0.83125
12 T	0.15154	0.01726	0.83121
13 T	0.14776	0.02122	0.83103
14 T	0.14776	0.02122	0.83103
15 A	0.14776	0.02427	0.82798
16 G	0.14742	0.02460	0.82798
17 A	0.14691	0.02527	0.82783
18 T	0.14689	0.02571	0.8274
19 T	0.14575	0.02733	0.82692
20 T	0.13599	0.04892	0.81509
21 A	0.11590	0.06902	0.81508
22 T	0.11539	0.07222	0.81239
23 G	0.11489	0.07408	0.81103
24 T	0.11492	0.07653	0.80855
25 T	0.11488	0.07724	0.80788
26 T	0.11453	0.07837	0.8071
27 T	0.11346	0.07994	0.8066
28 T	0.11198	0.08090	0.80711
29 T	0.10843	0.08559	0.80598
30 A	0.10216	0.08985	0.80799
31 A	0.09975	0.09413	0.80612
32 T	0.09773	0.09771	0.80456
33 A	0.09471	0.10453	0.80076
34 T	0.09323	0.10886	0.79792
35 T	0.09013	0.11383	0.79604
36 A	0.08374	0.12250	0.79375
37 A	0.07962	0.13035	0.79002
38 A	0.07887	0.13211	0.78903
39 A	0.07267	0.13927	0.78806
40 A	0.07025	0.14126	0.78849
41 A	0.06908	0.14142	0.78951
42 A	0.06812	0.14090	0.79098
43 G	0.07816	0.12162	0.80022
44 G	0.07846	0.10675	0.81479
45 T	0.08310	0.10226	0.81464
46 A	0.08517	0.10163	0.8132
47 T	0.08893	0.10036	0.8107
48 T	0.09059	0.10277	0.80664
49 A	0.08915	0.10553	0.80531
50 T	0.08924	0.10463	0.80612
51 A	0.07689	0.11673	0.80638
52 A	0.06895	0.12208	0.80897
53 G	0.06015	0.12566	0.81419
54 A	0.04814	0.13536	0.8165
55 A	0.04573	0.13530	0.81897
56 C	0.04892	0.12717	0.82391
57 A	0.05014	0.12875	0.82112
58 A	0.05129	0.13044	0.81828
59 A	0.05332	0.12662	0.82006
60 T	0.05184	0.12678	0.82139
61 A	0.04479	0.13309	0.82211
62 G	0.03988	0.13165	0.82847
63 A	0.03593	0.13328	0.83079
64 A	0.03410	0.13272	0.83317
65 C	0.03324	0.13111	0.83565
66 A	0.03251	0.13153	0.83596
67 T	0.03447	0.12918	0.83635
68 C	0.03484	0.12859	0.83657
69 A	0.03627	0.12718	0.83655
70 A	0.03854	0.12488	0.83658
71 T	0.04282	0.11965	0.83754
72 T	0.04405	0.11677	0.83919
73 A	0.04405	0.11597	0.83998
74 A	0.04486	0.10216	0.85298
75 A	0.04534	0.09189	0.86277
76 A	0.04602	0.08017	0.87382
77 C	0.04705	0.06468	0.88827
78 T	0.04860	0.06067	0.89073
79 A	0.04845	0.06091	0.89063
80 A	0.05062	0.05886	0.89053
81 A	0.05432	0.05415	0.89153
82 G	0.05596	0.05070	0.89333
83 G	0.05768	0.04216	0.90017
84 T	0.05867	0.03265	0.90867
85 A	0.05913	0.02662	0.91426
86 T	0.05990	0.02111	0.91898
87 T	0.05991	0.01883	0.92125
88 T	0.05981	0.01759	0.9226
89 T	0.05950	0.01665	0.92385
90 T	0.05902	0.01653	0.92446
91 G	0.05821	0.01658	0.92522
92 G	0.05759	0.01662	0.92579
93 G	0.05720	0.01650	0.9263
94 C	0.05704	0.01633	0.92662
95 A	0.05716	0.01608	0.92676
96 C	0.05724	0.01569	0.92707
97 C	0.05733	0.01567	0.927
98 A	0.05740	0.01599	0.92661
99 A	0.05762	0.01609	0.92629
100 A	0.05805	0.01597	0.92598
101 T	0.05923	0.01496	0.9258
102 G	0.06045	0.01299	0.92657
103 T	0.06236	0.00944	0.92821
104 T	0.06305	0.00791	0.92904
105 T	0.06324	0.00737	0.92939
106 T	0.06341	0.00724	0.92935
107 T	0.06352	0.00731	0.92917
108 T	0.06360	0.00741	0.92899
109 T	0.06363	0.00745	0.92892
110 G	0.06351	0.00773	0.92876
111 T	0.06322	0.00809	0.92868
112 T	0.06259	0.00874	0.92866
113 T	0.06116	0.00988	0.92896
114 A	0.05741	0.01327	0.92933
115 A	0.05621	0.01405	0.92973
116 A	0.05565	0.01425	0.93009
117 C	0.05528	0.01437	0.93035
118 A	0.05509	0.01464	0.93027
119 A	0.05500	0.01474	0.93026
120 A	0.05502	0.01473	0.93026
121 G	0.05528	0.01448	0.93024
122 G	0.05555	0.01422	0.93023
123 A	0.05587	0.01387	0.93027
124 T	0.05627	0.01343	0.93031
125 T	0.05633	0.01333	0.93034
126 C	0.05600	0.01362	0.93038
127 C	0.05586	0.01376	0.93038
128 C	0.05582	0.01386	0.93032
129 T	0.05602	0.01377	0.93021
130 T	0.05609	0.01385	0.93006
131 T	0.05575	0.01429	0.92996
132 A	0.05442	0.01568	0.9299
133 T	0.05361	0.01625	0.93014
134 T	0.05228	0.01659	0.93113
135 G	0.04918	0.01863	0.93218
136 A	0.04724	0.01916	0.93359
137 C	0.04632	0.01700	0.93669
138 T	0.04546	0.01731	0.93722
139 A	0.04356	0.01919	0.93725
140 C	0.04250	0.02015	0.93736
141 T	0.04137	0.02158	0.93705
142 A	0.03962	0.02353	0.93684
143 A	0.03851	0.02467	0.93682
144 A	0.03794	0.02524	0.93682
145 A	0.03774	0.02540	0.93685
146 A	0.03760	0.02520	0.9372
147 A	0.03759	0.02488	0.93753
148 A	0.03761	0.02441	0.93799
149 T	0.03770	0.02360	0.93871
150 G	0.03774	0.02306	0.93919
151 T	0.03785	0.02257	0.93958
152 A	0.03785	0.02218	0.93996
153 T	0.03793	0.02134	0.94074
154 T	0.03791	0.02041	0.94167
155 T	0.03771	0.01919	0.94311
156 T	0.03728	0.01864	0.94408
157 A	0.03644	0.01830	0.94526
158 A	0.03588	0.01628	0.94784
159 A	0.03554	0.01450	0.94996
160 G	0.03544	0.01316	0.9514
161 G	0.03548	0.01198	0.95254
162 T	0.03579	0.01003	0.95418
163 A	0.03587	0.00900	0.95514
164 T	0.03619	0.00748	0.95633
165 T	0.03630	0.00596	0.95774
166 G	0.03631	0.00504	0.95866
167 T	0.03635	0.00451	0.95914
168 T	0.03633	0.00434	0.95934
169 C	0.03626	0.00430	0.95944
170 A	0.03618	0.00440	0.95942
171 T	0.03617	0.00445	0.95939
172 G	0.03611	0.00464	0.95924
173 A	0.03610	0.00476	0.95914
174 A	0.03614	0.00482	0.95903
175 T	0.03626	0.00463	0.95911
176 T	0.03630	0.00453	0.95918
177 A	0.03631	0.00444	0.95925
178 T	0.03638	0.00412	0.9595
179 T	0.03642	0.00374	0.95983
180 A	0.03642	0.00324	0.96034
181 T	0.03648	0.00285	0.96067
182 G	0.03648	0.00265	0.96087
183 G	0.03640	0.00278	0.96082
184 T	0.03642	0.00287	0.96071
185 T	0.03640	0.00298	0.96062
186 T	0.03637	0.00312	0.96051
187 A	0.03628	0.00345	0.96027
188 T	0.03625	0.00352	0.96023
189 T	0.03621	0.00359	0.9602
190 A	0.03611	0.00379	0.9601
191 G	0.03600	0.00390	0.9601
192 T	0.03597	0.00388	0.96014
193 G	0.03585	0.00397	0.96018
194 G	0.03574	0.00412	0.96015
195 T	0.03581	0.00410	0.96009
196 A	0.03580	0.00411	0.96009
197 A	0.03586	0.00403	0.96011
198 T	0.03597	0.00391	0.96012
199 A	0.03600	0.00386	0.96013
200 C	0.03609	0.00373	0.96018
201 T	0.03619	0.00367	0.96014
202 A	0.03616	0.00381	0.96002
203 A	0.03614	0.00387	0.95999
204 T	0.03614	0.00387	0.95999
205 A	0.03567	0.00434	0.95999
206 T	0.03564	0.00421	0.96014
207 T	0.03544	0.00432	0.96024
208 C	0.03491	0.00475	0.96034
209 G	0.03468	0.00495	0.96037
210 T	0.03478	0.00484	0.96038
211 T	0.03454	0.00513	0.96033
212 A	0.03401	0.00569	0.9603
213 T	0.03354	0.00614	0.96033
214 T	0.03282	0.00675	0.96043
215 T	0.03206	0.00746	0.96048
216 A	0.03095	0.00842	0.96063
217 G	0.03046	0.00876	0.96078
218 T	0.03028	0.00885	0.96086
219 T	0.02975	0.00931	0.96095
220 C	0.02835	0.01068	0.96097
221 A	0.02768	0.01139	0.96093
222 A	0.02733	0.01177	0.9609
223 A	0.02702	0.01212	0.96086
224 A	0.02685	0.01230	0.96085
225 T	0.02688	0.01219	0.96093
226 A	0.02684	0.01207	0.9611
227 A	0.02682	0.01175	0.96143
228 T	0.02684	0.01109	0.96207
229 G	0.02683	0.01082	0.96235
230 T	0.02685	0.01042	0.96273
231 T	0.02685	0.00996	0.96319
232 A	0.02685	0.00970	0.96345
233 A	0.02687	0.00950	0.96363
234 T	0.02693	0.00904	0.96404
235 A	0.02685	0.00850	0.96464
236 T	0.02680	0.00768	0.96552
237 T	0.02654	0.00719	0.96627
238 T	0.02580	0.00754	0.96666
239 G	0.02441	0.00934	0.96625
240 G	0.02332	0.01107	0.96561
241 A	0.02243	0.01357	0.964
242 A	0.02202	0.01443	0.96354
243 T	0.02177	0.01422	0.96401
244 G	0.02107	0.01485	0.96408
245 A	0.02078	0.01527	0.96396
246 A	0.02072	0.01511	0.96418
247 T	0.02071	0.01488	0.9644
248 G	0.02064	0.01489	0.96447
249 G	0.02064	0.01483	0.96453
250 C	0.02066	0.01480	0.96454
251 C	0.02067	0.01487	0.96445
252 T	0.02071	0.01520	0.9641
253 T	0.02073	0.01560	0.96368
254 A	0.02072	0.01595	0.96333
255 T	0.02071	0.01625	0.96304
256 A	0.02061	0.01692	0.96248
257 A	0.02043	0.01733	0.96225
258 A	0.02025	0.01741	0.96234
259 A	0.02019	0.01732	0.96248
260 A	0.02031	0.01681	0.96288
261 A	0.02082	0.01551	0.96367
262 T	0.02240	0.01251	0.96509
263 A	0.02350	0.01053	0.96597
264 T	0.02536	0.00781	0.96683
265 A	0.02592	0.00693	0.96714
266 T	0.02631	0.00627	0.96742
267 T	0.02637	0.00567	0.96796
268 C	0.02613	0.00566	0.96821
269 A	0.02581	0.00608	0.96811
270 A	0.02549	0.00639	0.96812
271 T	0.02539	0.00643	0.96818
272 C	0.02514	0.00663	0.96823
273 T	0.02499	0.00677	0.96823
274 C	0.02437	0.00735	0.96828
275 C	0.02419	0.00754	0.96827
276 T	0.02426	0.00758	0.96816
277 G	0.02420	0.00781	0.968
278 A	0.02431	0.00793	0.96776
279 T	0.02476	0.00763	0.96762
280 T	0.02468	0.00801	0.96731
281 T	0.02381	0.00983	0.96636
282 T	0.02211	0.01198	0.96591
283 A	0.01895	0.01552	0.96553
284 A	0.01689	0.01774	0.96537
285 A	0.01567	0.01902	0.96531
286 G	0.01506	0.01956	0.96537
287 G	0.01477	0.01981	0.96542
288 A	0.01468	0.01981	0.96551
289 G	0.01465	0.01974	0.96561
290 A	0.01471	0.01959	0.96569
291 A	0.01475	0.01930	0.96595
292 A	0.01488	0.01891	0.96621
293 A	0.01489	0.01860	0.96651
294 T	0.01487	0.01833	0.9668
295 T	0.01480	0.01805	0.96715
296 T	0.01461	0.01800	0.96739
297 A	0.01394	0.01821	0.96786
298 G	0.01312	0.01868	0.96821
299 A	0.01243	0.01922	0.96835
300 A	0.01219	0.01918	0.96863
301 G	0.01222	0.01889	0.96889
302 A	0.01234	0.01854	0.96912
303 A	0.01289	0.01744	0.96966
304 T	0.01430	0.01485	0.97085
305 T	0.01481	0.01272	0.97248
306 T	0.01499	0.01009	0.97491
307 G	0.01478	0.00883	0.97638
308 T	0.01450	0.00843	0.97707
309 T	0.01338	0.00961	0.97701
310 C	0.01088	0.01235	0.97677
311 A	0.00908	0.01536	0.97555
312 A	0.00765	0.01729	0.97507
313 A	0.00707	0.01809	0.97484
314 A	0.00696	0.01839	0.97466
315 A	0.00699	0.01854	0.97447
316 A	0.00713	0.01834	0.97453
317 T	0.00733	0.01795	0.97472
318 T	0.00740	0.01774	0.97486
319 A	0.00733	0.01775	0.97492
320 A	0.00728	0.01737	0.97535
321 A	0.00692	0.01711	0.97597
322 G	0.00653	0.01692	0.97656
323 A	0.00624	0.01713	0.97663
324 A	0.00611	0.01710	0.97678
325 G	0.00614	0.01698	0.97688
326 A	0.00621	0.01684	0.97695
327 T	0.00635	0.01659	0.97706
328 G	0.00630	0.01650	0.9772
329 A	0.00631	0.01635	0.97733
330 A	0.00655	0.01571	0.97775
331 A	0.00692	0.01469	0.97838
332 T	0.00760	0.01250	0.9799
333 G	0.00803	0.00980	0.98217
334 T	0.00913	0.00717	0.9837
335 T	0.00937	0.00586	0.98478
336 C	0.00920	0.00555	0.98525
337 G	0.00902	0.00569	0.98529
338 C	0.00872	0.00601	0.98527
339 T	0.00867	0.00628	0.98506
340 G	0.00839	0.00684	0.98477
341 A	0.00835	0.00719	0.98446
342 A	0.00847	0.00729	0.98423
343 A	0.00862	0.00719	0.9842
344 A	0.00874	0.00664	0.98462
345 A	0.00888	0.00601	0.98511
346 T	0.00914	0.00528	0.98557
347 A	0.00922	0.00494	0.98584
348 T	0.00934	0.00455	0.98611
349 G	0.00932	0.00439	0.98629
350 G	0.00932	0.00427	0.98641
351 T	0.00935	0.00411	0.98654
352 C	0.00932	0.00408	0.9866
353 A	0.00925	0.00418	0.98657
354 A	0.00927	0.00418	0.98655
355 T	0.00925	0.00420	0.98655
356 T	0.00918	0.00428	0.98653
357 A	0.00908	0.00438	0.98654
358 G	0.00904	0.00418	0.98678
359 G	0.00901	0.00385	0.98713
360 A	0.00908	0.00343	0.98749
361 C	0.00922	0.00279	0.98799
362 C	0.00951	0.00239	0.98811
363 T	0.00984	0.00204	0.98812
364 G	0.01007	0.00191	0.98802
365 T	0.01030	0.00173	0.98797
366 T	0.01033	0.00173	0.98793
367 T	0.01029	0.00180	0.98791
368 A	0.01018	0.00186	0.98796
369 T	0.01011	0.00184	0.98805
370 G	0.01004	0.00185	0.98812
371 G	0.00998	0.00187	0.98815
372 T	0.00996	0.00182	0.98822
373 A	0.00992	0.00184	0.98824
374 A	0.00989	0.00186	0.98825
375 A	0.00985	0.00186	0.98829
376 C	0.00986	0.00174	0.9884
377 A	0.00986	0.00173	0.98842
378 A	0.00987	0.00169	0.98844
379 T	0.00990	0.00158	0.98851
380 G	0.00991	0.00149	0.98859
381 G	0.00992	0.00145	0.98863
382 C	0.00994	0.00138	0.98868
383 G	0.00995	0.00138	0.98867
384 T	0.00997	0.00136	0.98866
385 G	0.01000	0.00135	0.98865
386 A	0.01009	0.00127	0.98864
387 T	0.01024	0.00112	0.98864
388 T	0.01032	0.00100	0.98869
389 T	0.01034	0.00092	0.98874
390 T	0.01035	0.00082	0.98884
391 T	0.01029	0.00077	0.98893
392 C	0.00950	0.00151	0.98899
393 A	0.00863	0.00250	0.98887
394 G	0.00819	0.00297	0.98884
395 G	0.00792	0.00327	0.98881
396 A	0.00760	0.00363	0.98878
397 G	0.00741	0.00381	0.98877
398 T	0.00739	0.00378	0.98883
399 G	0.00734	0.00381	0.98886
400 G	0.00732	0.00380	0.98888
401 A	0.00731	0.00381	0.98888
402 C	0.00731	0.00381	0.98889
403 C	0.00729	0.00386	0.98884
404 A	0.00721	0.00416	0.98863
405 A	0.00713	0.00428	0.98859
406 T	0.00708	0.00434	0.98858
407 T	0.00696	0.00448	0.98856
408 A	0.00656	0.00490	0.98855
409 C	0.00628	0.00518	0.98854
410 A	0.00585	0.00568	0.98848
411 A	0.00554	0.00604	0.98842
412 A	0.00541	0.00620	0.98839
413 A	0.00535	0.00630	0.98835
414 A	0.00531	0.00635	0.98834
415 G	0.00532	0.00553	0.98915
416 T	0.00545	0.00452	0.99003
417 T	0.00549	0.00406	0.99045
418 A	0.00549	0.00385	0.99066
419 T	0.00552	0.00354	0.99094
420 C	0.00551	0.00339	0.9911
421 C	0.00550	0.00338	0.99112
422 A	0.00548	0.00342	0.9911
423 A	0.00546	0.00345	0.99109
424 G	0.00547	0.00348	0.99105
425 A	0.00548	0.00349	0.99102
426 A	0.00552	0.00345	0.99103
427 A	0.00571	0.00312	0.99118
428 T	0.00576	0.00290	0.99135
429 T	0.00576	0.00290	0.99134
430 A	0.00576	0.00307	0.99117
431 A	0.00576	0.00284	0.9914
432 A	0.00577	0.00260	0.99162
433 G	0.00583	0.00217	0.992
434 T	0.00590	0.00192	0.99218
435 A	0.00591	0.00182	0.99227
436 A	0.00596	0.00169	0.99235
437 A	0.00603	0.00156	0.99241
438 T	0.00612	0.00140	0.99247
439 C	0.00613	0.00135	0.99252
440 C	0.00614	0.00132	0.99254
441 T	0.00616	0.00129	0.99255
442 T	0.00618	0.00127	0.99256
443 C	0.00618	0.00126	0.99256
444 T	0.00619	0.00125	0.99257
445 T	0.00620	0.00122	0.99258
446 C	0.00620	0.00120	0.9926
447 T	0.00622	0.00117	0.9926
448 A	0.00623	0.00116	0.9926
449 G	0.00626	0.00113	0.99261
450 A	0.00630	0.00107	0.99262
451 C	0.00638	0.00098	0.99263
452 G	0.00655	0.00080	0.99264
453 T	0.00690	0.00045	0.99265
454 T	0.00701	0.00035	0.99264
455 T	0.00704	0.00032	0.99265
456 A	0.00705	0.00031	0.99264
457 A	0.00710	0.00026	0.99264
458 T	0.00712	0.00021	0.99267
459 T	0.00712	0.00019	0.99268
460 A	0.00712	0.00019	0.99269
461 T	0.00713	0.00018	0.9927
462 T	0.00712	0.00018	0.99269
463 A	0.00711	0.00019	0.9927
464 A	0.00709	0.00020	0.9927
465 T	0.00709	0.00019	0.99273
466 T	0.00706	0.00021	0.99274
467 C	0.00700	0.00026	0.99274
468 T	0.00695	0.00031	0.99273
469 T	0.00681	0.00046	0.99272
470 G	0.00659	0.00069	0.99272
471 G	0.00642	0.00085	0.99272
472 A	0.00633	0.00095	0.99272
473 A	0.00630	0.00097	0.99273
474 C	0.00629	0.00098	0.99273
475 C	0.00630	0.00097	0.99273
476 C	0.00631	0.00096	0.99273
477 T	0.00633	0.00094	0.99273
478 C	0.00633	0.00094	0.99273
479 C	0.00634	0.00093	0.99273
480 T	0.00635	0.00092	0.99273
481 T	0.00635	0.00092	0.99273
482 T	0.00636	0.00091	0.99273
483 C	0.00636	0.00091	0.99273
484 A	0.00636	0.00091	0.99273
485 T	0.00636	0.00090	0.99274
486 A	0.00636	0.00089	0.99275
487 G	0.00636	0.00088	0.99277
488 A	0.00636	0.00087	0.99277
489 T	0.00636	0.00080	0.99284
490 G	0.00636	0.00073	0.99292
491 A	0.00637	0.00066	0.99297
492 A	0.00638	0.00052	0.9931
493 A	0.00639	0.00031	0.9933
494 T	0.00639	0.00017	0.99345
495 G	0.00639	0.00009	0.99352
496 G	0.00639	0.00007	0.99354
497 T	0.00639	0.00007	0.99354
498 T	0.00638	0.00007	0.99355
499 T	0.00638	0.00007	0.99355
500 T	0.00637	0.00008	0.99355
501 G	0.00637	0.00008	0.99355
502 C	0.00636	0.00008	0.99355
503 C	0.00636	0.00009	0.99355
504 T	0.00636	0.00009	0.99355
505 C	0.00636	0.00009	0.99355
506 C	0.00635	0.00010	0.99355
507 T	0.00635	0.00010	0.99355
508 T	0.00634	0.00011	0.99355
509 G	0.00632	0.00013	0.99355
510 T	0.00631	0.00013	0.99355
511 C	0.00631	0.00014	0.99355
512 A	0.00630	0.00014	0.99355
513 C	0.00630	0.00014	0.99355
514 G	0.00631	0.00014	0.99355
515 T	0.00631	0.00013	0.99355
516 T	0.00631	0.00014	0.99355
517 T	0.00631	0.00017	0.99353
518 T	0.00629	0.00022	0.99348
519 A	0.00626	0.00027	0.99347
520 A	0.00623	0.00032	0.99345
521 T	0.00621	0.00034	0.99345
522 G	0.00617	0.00039	0.99344
523 C	0.00614	0.00045	0.99341
524 A	0.00612	0.00064	0.99324
525 A	0.00611	0.00077	0.99312
526 T	0.00611	0.00084	0.99304
527 T	0.00611	0.00090	0.99298
528 T	0.00610	0.00096	0.99294
529 T	0.00610	0.00101	0.99289
530 A	0.00609	0.00106	0.99285
531 T	0.00609	0.00107	0.99284
532 G	0.00608	0.00108	0.99284
533 T	0.00608	0.00110	0.99282
534 T	0.00606	0.00117	0.99277
535 G	0.00602	0.00132	0.99266
536 A	0.00598	0.00162	0.99239
537 A	0.00596	0.00176	0.99228
538 A	0.00595	0.00181	0.99224
539 A	0.00593	0.00188	0.99219
540 A	0.00593	0.00188	0.99218
541 A	0.00596	0.00184	0.9922
542 A	0.00598	0.00180	0.99221
543 T	0.00601	0.00173	0.99226
544 A	0.00602	0.00170	0.99227
545 A	0.00606	0.00163	0.99231
546 A	0.00611	0.00156	0.99234
547 C	0.00629	0.00135	0.99236
548 T	0.00643	0.00121	0.99237
549 T	0.00650	0.00113	0.99237
550 T	0.00654	0.00110	0.99236
551 C	0.00655	0.00109	0.99235
552 T	0.00657	0.00108	0.99235
553 T	0.00656	0.00109	0.99235
554 T	0.00652	0.00113	0.99235
555 A	0.00646	0.00120	0.99234
556 C	0.00646	0.00123	0.99231
557 A	0.00647	0.00123	0.99229
558 A	0.00658	0.00112	0.9923
559 T	0.00685	0.00083	0.99232
560 T	0.00694	0.00072	0.99234
561 A	0.00696	0.00070	0.99235
562 T	0.00698	0.00064	0.99238
563 T	0.00698	0.00062	0.99239
564 C	0.00697	0.00062	0.9924
565 C	0.00696	0.00063	0.99241
566 A	0.00695	0.00064	0.9924
567 A	0.00695	0.00065	0.9924
568 A	0.00695	0.00065	0.9924
569 G	0.00695	0.00065	0.9924
570 G	0.00695	0.00066	0.99239
571 A	0.00695	0.00065	0.9924
572 G	0.00695	0.00063	0.99241
573 T	0.00696	0.00060	0.99243
574 G	0.00697	0.00057	0.99246
575 G	0.00698	0.00053	0.99248
576 T	0.00700	0.00049	0.99252
577 G	0.00701	0.00044	0.99255
578 A	0.00703	0.00037	0.9926
579 T	0.00707	0.00030	0.99264
580 G	0.00709	0.00025	0.99265
581 T	0.00711	0.00022	0.99267
582 T	0.00712	0.00022	0.99265
583 T	0.00712	0.00023	0.99265
584 T	0.00712	0.00023	0.99266
585 T	0.00712	0.00024	0.99264
586 T	0.00712	0.00026	0.99262
587 T	0.00711	0.00028	0.99261
588 A	0.00710	0.00031	0.99259
589 G	0.00710	0.00032	0.99259
590 G	0.00710	0.00031	0.99259
591 A	0.00710	0.00031	0.99259
592 A	0.00710	0.00030	0.99259
593 T	0.00711	0.00029	0.99259
594 C	0.00712	0.00028	0.99259
595 C	0.00713	0.00027	0.99259
596 C	0.00714	0.00027	0.99259
597 T	0.00716	0.00026	0.99258
598 T	0.00716	0.00027	0.99257
599 T	0.00717	0.00028	0.99255
600 T	0.00716	0.00030	0.99254
601 A	0.00714	0.00032	0.99254
602 A	0.00713	0.00034	0.99253
603 T	0.00713	0.00034	0.99253
604 A	0.00713	0.00034	0.99253
605 T	0.00715	0.00031	0.99253
606 T	0.00716	0.00031	0.99253
607 G	0.00713	0.00033	0.99255
608 C	0.00714	0.00032	0.99255
609 T	0.00715	0.00030	0.99255
610 T	0.00715	0.00030	0.99255
611 C	0.00715	0.00030	0.99256
612 T	0.00714	0.00030	0.99256
613 T	0.00712	0.00033	0.99256
614 A	0.00707	0.00038	0.99256
615 C	0.00705	0.00040	0.99255
616 G	0.00704	0.00041	0.99255
617 C	0.00704	0.00041	0.99255
618 A	0.00704	0.00043	0.99253
619 T	0.00705	0.00045	0.9925
620 T	0.00706	0.00050	0.99243
621 A	0.00706	0.00063	0.9923
622 T	0.00707	0.00069	0.99224
623 T	0.00707	0.00073	0.9922
624 A	0.00705	0.00082	0.99214
625 T	0.00704	0.00086	0.9921
626 T	0.00703	0.00090	0.99207
627 A	0.00700	0.00100	0.992
628 A	0.00698	0.00111	0.99191
629 G	0.00698	0.00114	0.99189
630 T	0.00697	0.00115	0.99188
631 A	0.00696	0.00120	0.99184
632 T	0.00695	0.00123	0.99183
633 G	0.00694	0.00128	0.99179
634 G	0.00693	0.00129	0.99178
635 T	0.00692	0.00133	0.99175
636 A	0.00691	0.00134	0.99174
637 G	0.00691	0.00133	0.99176
638 C	0.00691	0.00137	0.99171
639 A	0.00692	0.00168	0.9914
640 C	0.00692	0.00194	0.99113
641 A	0.00695	0.00246	0.99059
642 A	0.00699	0.00282	0.9902
643 G	0.00707	0.00282	0.99012
644 T	0.00724	0.00276	0.99
645 T	0.00731	0.00279	0.9899
646 A	0.00734	0.00289	0.98977
647 C	0.00739	0.00290	0.98971
648 T	0.00743	0.00322	0.98935
649 A	0.00743	0.00350	0.98906
650 A	0.00748	0.00358	0.98894
651 T	0.00758	0.00360	0.98882
652 T	0.00759	0.00383	0.98858
653 T	0.00758	0.00404	0.98838
654 A	0.00750	0.00418	0.98832
655 G	0.00749	0.00420	0.98831
656 A	0.00747	0.00422	0.98832
657 A	0.00746	0.00421	0.98833
658 C	0.00750	0.00417	0.98833
659 C	0.00753	0.00413	0.98833
660 A	0.00757	0.00409	0.98833
661 C	0.00772	0.00395	0.98834
662 A	0.00810	0.00358	0.98832
663 T	0.00846	0.00322	0.98831
664 C	0.00886	0.00285	0.9883
665 A	0.00913	0.00262	0.98825
666 A	0.00923	0.00256	0.98822
667 T	0.00942	0.00239	0.98819
668 T	0.00956	0.00228	0.98816
669 T	0.00978	0.00207	0.98815
670 A	0.00993	0.00192	0.98815
671 T	0.01033	0.00150	0.98816
672 T	0.01049	0.00134	0.98817
673 C	0.01050	0.00130	0.98821
674 A	0.01048	0.00131	0.98821
675 T	0.01065	0.00113	0.98822
676 A	0.01072	0.00104	0.98824
677 C	0.01073	0.00096	0.98831
678 T	0.01070	0.00099	0.98832
679 T	0.01051	0.00116	0.98833
680 T	0.01013	0.00159	0.98828
681 A	0.00909	0.00272	0.98819
682 G	0.00767	0.00427	0.98807
683 G	0.00680	0.00520	0.988
684 A	0.00640	0.00570	0.98789
685 G	0.00620	0.00591	0.9879
686 A	0.00613	0.00598	0.98788
687 T	0.00611	0.00599	0.9879
688 G	0.00606	0.00603	0.98791
689 C	0.00590	0.00618	0.98792
690 A	0.00583	0.00626	0.98791
691 C	0.00582	0.00627	0.98791
692 A	0.00581	0.00637	0.98782
693 T	0.00583	0.00644	0.98773
694 A	0.00580	0.00662	0.98757
695 T	0.00580	0.00675	0.98745
696 T	0.00578	0.00696	0.98727
697 T	0.00575	0.00705	0.9872
698 A	0.00567	0.00724	0.9871
699 T	0.00559	0.00736	0.98705
700 G	0.00531	0.00781	0.98688
701 A	0.00516	0.00825	0.98659
702 A	0.00511	0.00815	0.98674
703 A	0.00514	0.00780	0.98706
704 A	0.00525	0.00684	0.98792
705 T	0.00538	0.00534	0.98928
706 C	0.00544	0.00441	0.99014
707 A	0.00552	0.00415	0.99032
708 T	0.00555	0.00416	0.9903
709 T	0.00555	0.00436	0.99009
710 T	0.00552	0.00462	0.98986
711 A	0.00544	0.00473	0.98983
712 G	0.00541	0.00458	0.99001
713 A	0.00540	0.00465	0.98995
714 G	0.00541	0.00476	0.98983
715 C	0.00548	0.00495	0.98957
716 A	0.00558	0.00604	0.98837
717 A	0.00577	0.00726	0.98698
718 G	0.00598	0.00889	0.98513
719 T	0.00627	0.01310	0.98064
720 T	0.00643	0.01909	0.97449
721 A	0.00653	0.02767	0.9658
722 A	0.00664	0.03228	0.96109
723 A	0.00684	0.03256	0.9606
724 A	0.00715	0.03252	0.96032
725 T	0.00731	0.03255	0.96015
726 T	0.00742	0.03291	0.95967
727 C	0.00745	0.03356	0.95898
728 A	0.00746	0.03381	0.95873
729 A	0.00748	0.03395	0.95857
730 A	0.00759	0.03394	0.95847
731 T	0.00775	0.03387	0.95838
732 C	0.00781	0.03383	0.95836
733 A	0.00792	0.03380	0.95828
734 A	0.00795	0.03375	0.9583
735 A	0.00797	0.03377	0.95826
736 C	0.00808	0.03370	0.95822
737 G	0.00826	0.03414	0.95761
738 A	0.00847	0.03429	0.95724
739 A	0.00965	0.03315	0.9572
740 A	0.01120	0.03161	0.95719
741 A	0.01349	0.02932	0.95719
742 C	0.01870	0.02408	0.95723
743 C	0.02490	0.01786	0.95724
744 T	0.03308	0.00968	0.95724
745 C	0.03686	0.00589	0.95724
746 T	0.03773	0.00502	0.95725
747 T	0.03817	0.00459	0.95725
748 C	0.03829	0.00447	0.95725
749 C	0.03867	0.00408	0.95724
750 T	0.03928	0.00350	0.95722
751 T	0.03943	0.00334	0.95723
752 T	0.03952	0.00325	0.95723
753 A	0.03951	0.00326	0.95723
754 T	0.03953	0.00322	0.95725
755 C	0.03925	0.00336	0.95739
756 T	0.03837	0.00426	0.95737
757 A	0.03782	0.00485	0.95733
758 A	0.03773	0.00492	0.95735
759 A	0.03769	0.00495	0.95737
760 A	0.03818	0.00443	0.9574
761 T	0.03852	0.00379	0.95768
762 T	0.03842	0.00382	0.95775
763 A	0.03807	0.00430	0.95762
764 T	0.03676	0.00586	0.95737
765 T	0.03577	0.00736	0.95688
766 T	0.03461	0.00891	0.95648
767 T	0.03256	0.01161	0.95583
768 A	0.02907	0.01530	0.95562
769 A	0.02591	0.01849	0.9556
770 A	0.02433	0.02006	0.95561
771 T	0.02350	0.02076	0.95574
772 C	0.02111	0.02321	0.95567
773 C	0.01987	0.02482	0.95531
774 T	0.01890	0.02663	0.95447
775 A	0.01791	0.02863	0.95346
776 A	0.01766	0.02928	0.95306
777 T	0.01755	0.02941	0.95303
778 A	0.01728	0.02957	0.95315
779 T	0.01709	0.02885	0.95406
780 T	0.01658	0.02890	0.95453
781 C	0.01571	0.02970	0.95459
782 A	0.01517	0.03055	0.95427
783 A	0.01486	0.03108	0.95406
784 A	0.01479	0.03125	0.95396
785 A	0.01480	0.03122	0.95398
786 A	0.01496	0.03086	0.95418
787 A	0.01533	0.02871	0.95596
788 T	0.01589	0.02688	0.95723
789 A	0.01611	0.02565	0.95824
790 G	0.01654	0.02319	0.96028
791 A	0.01670	0.02012	0.96318
792 A	0.01678	0.01697	0.96625
793 G	0.01695	0.01534	0.9677
794 A	0.01743	0.01437	0.9682
795 T	0.01842	0.01129	0.97029
796 T	0.01906	0.00962	0.97132
797 T	0.01957	0.00866	0.97178
798 T	0.01985	0.00853	0.97161
799 A	0.01979	0.01105	0.96917
800 A	0.01972	0.01485	0.96543
801 A	0.01975	0.02055	0.95971
802 T	0.01990	0.02102	0.95907
803 T	0.02002	0.02090	0.95908
804 T	0.02000	0.02087	0.95913
805 T	0.01980	0.02182	0.95838
806 C	0.01929	0.02285	0.95786
807 A	0.01838	0.02601	0.95562
808 G	0.01817	0.02714	0.9547
809 A	0.01820	0.02818	0.95362
810 T	0.01839	0.02806	0.95355
811 A	0.01854	0.02799	0.95347
812 T	0.01884	0.02767	0.95348
813 T	0.01895	0.02764	0.9534
814 C	0.01905	0.02776	0.9532
815 A	0.01914	0.02828	0.95258
816 A	0.01936	0.02856	0.95208
817 T	0.01975	0.02890	0.95135
818 T	0.01981	0.02929	0.95091
819 A	0.01993	0.02958	0.95048
820 A	0.02029	0.02953	0.95018
821 A	0.02109	0.02878	0.95013
822 A	0.02338	0.02638	0.95023
823 A	0.02730	0.02237	0.95033
824 A	0.03375	0.01580	0.95045
825 T	0.03601	0.01334	0.95065
826 T	0.03707	0.01219	0.95075
827 A	0.03774	0.01140	0.95086
828 T	0.03891	0.01000	0.95109
829 A	0.03935	0.00911	0.95154
830 T	0.04079	0.00682	0.95239
831 T	0.04139	0.00598	0.95264
832 T	0.04199	0.00531	0.9527
833 C	0.04168	0.00565	0.95267
834 A	0.03919	0.00841	0.9524
835 C	0.03751	0.01018	0.95232
836 A	0.03520	0.01289	0.95191
837 T	0.03482	0.01336	0.95181
838 G	0.03490	0.01330	0.9518
839 A	0.03512	0.01311	0.95177
840 T	0.03582	0.01243	0.95174
841 C	0.03593	0.01215	0.95191
842 C	0.03580	0.01242	0.95179
843 T	0.03467	0.01402	0.95131
844 T	0.03225	0.01744	0.9503
845 T	0.03178	0.01819	0.95003
846 G	0.03044	0.01974	0.94982
847 A	0.02979	0.02044	0.94977
848 A	0.02958	0.02065	0.94978
849 A	0.02951	0.02068	0.94981
850 G	0.02959	0.02050	0.94991
851 C	0.02970	0.02034	0.94997
852 A	0.02974	0.02027	0.94999
853 G	0.02977	0.02019	0.95004
854 A	0.02981	0.02009	0.9501
855 A	0.02986	0.01991	0.95024
856 A	0.02999	0.01949	0.95052
857 T	0.03030	0.01648	0.95322
858 A	0.03039	0.01463	0.95498
859 G	0.03071	0.01173	0.95755
860 C	0.03082	0.01078	0.9584
861 A	0.03087	0.01035	0.95879
862 G	0.03101	0.00989	0.95911
863 T	0.03130	0.00937	0.95933
864 A	0.03152	0.00886	0.95963
865 T	0.03193	0.00781	0.96025
866 G	0.03241	0.00433	0.96327
867 A	0.03333	0.00000	0.96667
