# lcl|CP097583.1_cds_USQ93376.1_1
# AA	inside	membr	outside
1 A	0.05119	0.00000	0.94882
2 T	0.05107	0.00011	0.94882
3 G	0.05101	0.00017	0.94882
4 A	0.05101	0.00445	0.94454
5 A	0.05085	0.00740	0.94176
6 T	0.05085	0.00760	0.94156
7 A	0.04847	0.01004	0.94149
8 T	0.04847	0.01004	0.94149
9 T	0.04819	0.01033	0.94148
10 G	0.04819	0.01132	0.9405
11 A	0.04815	0.01140	0.94045
12 T	0.04782	0.01174	0.94044
13 G	0.04736	0.01225	0.94039
14 A	0.04736	0.01225	0.94039
15 T	0.04736	0.01251	0.94014
16 G	0.04732	0.01255	0.94014
17 T	0.04725	0.01262	0.94013
18 G	0.04725	0.01265	0.9401
19 A	0.04715	0.01276	0.9401
20 A	0.04687	0.01309	0.94004
21 A	0.04665	0.01330	0.94006
22 T	0.04686	0.01304	0.9401
23 C	0.04708	0.01277	0.94015
24 G	0.04769	0.01216	0.94016
25 T	0.04857	0.01115	0.94028
26 T	0.04896	0.01072	0.94031
27 T	0.05209	0.00753	0.94038
28 T	0.05396	0.00557	0.94047
29 T	0.05413	0.00522	0.94065
30 T	0.05421	0.00305	0.94274
31 T	0.05422	0.00291	0.94287
32 C	0.05420	0.00261	0.94319
33 T	0.05480	0.00201	0.94319
34 T	0.05478	0.00211	0.94311
35 T	0.05464	0.00219	0.94317
36 A	0.05333	0.00344	0.94323
37 T	0.05222	0.00467	0.94311
38 T	0.05014	0.00702	0.94285
39 A	0.04296	0.01523	0.94181
40 A	0.04046	0.01772	0.94182
41 A	0.03965	0.01854	0.94182
42 T	0.03935	0.01874	0.94191
43 A	0.03877	0.01911	0.94213
44 C	0.03852	0.01918	0.9423
45 T	0.03829	0.01943	0.94228
46 T	0.03803	0.01970	0.94228
47 A	0.03741	0.02032	0.94227
48 T	0.03715	0.02059	0.94226
49 A	0.03688	0.02087	0.94224
50 C	0.03676	0.02096	0.94228
51 T	0.03671	0.02100	0.94229
52 A	0.03667	0.02104	0.9423
53 C	0.03668	0.02099	0.94233
54 T	0.03674	0.02091	0.94234
55 T	0.03677	0.02087	0.94236
56 T	0.03682	0.02073	0.94245
57 T	0.03679	0.02066	0.94254
58 A	0.03667	0.02064	0.94269
59 A	0.03669	0.01906	0.94424
60 A	0.03679	0.01759	0.94562
61 A	0.03708	0.01479	0.94812
62 T	0.03810	0.00700	0.9549
63 T	0.03820	0.00454	0.95726
64 T	0.03825	0.00366	0.9581
65 T	0.03823	0.00335	0.95841
66 T	0.03816	0.00297	0.95887
67 A	0.03804	0.00289	0.95907
68 T	0.03796	0.00271	0.95933
69 A	0.03782	0.00262	0.95956
70 G	0.03779	0.00207	0.96014
71 G	0.03778	0.00183	0.96039
72 T	0.03780	0.00158	0.96062
73 T	0.03780	0.00146	0.96074
74 C	0.03780	0.00142	0.96078
75 T	0.03780	0.00146	0.96073
76 T	0.03780	0.00177	0.96043
77 T	0.03779	0.00188	0.96033
78 T	0.03769	0.00214	0.96017
79 T	0.03758	0.00247	0.95996
80 T	0.03720	0.00331	0.95949
81 A	0.03591	0.00503	0.95907
82 T	0.03478	0.00621	0.95901
83 T	0.03275	0.00841	0.95884
84 A	0.02980	0.01182	0.95838
85 G	0.02844	0.01357	0.95799
86 G	0.02763	0.01471	0.95766
87 A	0.02697	0.01631	0.95672
88 A	0.02677	0.01657	0.95666
89 T	0.02670	0.01661	0.9567
90 A	0.02657	0.01666	0.95677
91 A	0.02653	0.01661	0.95686
92 C	0.02654	0.01646	0.957
93 A	0.02653	0.01645	0.95703
94 T	0.02656	0.01640	0.95704
95 C	0.02657	0.01637	0.95705
96 T	0.02659	0.01636	0.95706
97 G	0.02653	0.01642	0.95706
98 G	0.02657	0.01636	0.95707
99 T	0.02687	0.01604	0.95709
100 A	0.02698	0.01590	0.95712
101 T	0.02721	0.01532	0.95747
102 A	0.02744	0.01473	0.95783
103 T	0.02808	0.01326	0.95867
104 T	0.02850	0.01127	0.96023
105 A	0.02852	0.01005	0.96143
106 G	0.02863	0.00803	0.96334
107 G	0.02907	0.00535	0.96558
108 T	0.02943	0.00403	0.96654
109 A	0.02962	0.00337	0.96702
110 T	0.03046	0.00203	0.96751
111 T	0.03045	0.00194	0.9676
112 T	0.03042	0.00196	0.96762
113 T	0.03036	0.00206	0.96759
114 T	0.03022	0.00222	0.96756
115 A	0.03004	0.00247	0.96748
116 T	0.02996	0.00260	0.96743
117 T	0.02960	0.00302	0.96738
118 A	0.02708	0.00561	0.96731
119 A	0.02471	0.00802	0.96727
120 T	0.02331	0.00947	0.96722
121 T	0.02103	0.01200	0.96697
122 T	0.01742	0.01595	0.96663
123 G	0.01314	0.02087	0.96599
124 A	0.01021	0.02460	0.96519
125 A	0.00895	0.02617	0.96488
126 A	0.00815	0.02725	0.9646
127 A	0.00789	0.02764	0.96446
128 A	0.00778	0.02772	0.96449
129 A	0.00775	0.02773	0.96452
130 A	0.00777	0.02765	0.96457
131 A	0.00788	0.02749	0.96463
132 A	0.00808	0.02715	0.96478
133 T	0.00831	0.02675	0.96494
134 C	0.00841	0.02642	0.96517
135 C	0.00851	0.02623	0.96526
136 T	0.00860	0.02610	0.9653
137 T	0.00864	0.02602	0.96534
138 A	0.00866	0.02595	0.96539
139 A	0.00870	0.02586	0.96544
140 T	0.00876	0.02536	0.96589
141 A	0.00878	0.02210	0.96912
142 G	0.00882	0.01833	0.97285
143 G	0.00897	0.01553	0.9755
144 G	0.00928	0.01261	0.97811
145 G	0.00969	0.00931	0.981
146 A	0.01043	0.00599	0.98357
147 T	0.01125	0.00290	0.98585
148 G	0.01151	0.00166	0.98682
149 C	0.01176	0.00078	0.98746
150 T	0.01191	0.00054	0.98755
151 A	0.01195	0.00045	0.9876
152 T	0.01198	0.00039	0.98762
153 T	0.01195	0.00041	0.98763
154 T	0.01191	0.00045	0.98764
155 C	0.01183	0.00051	0.98767
156 G	0.01175	0.00063	0.98762
157 C	0.01173	0.00065	0.98762
158 A	0.01171	0.00068	0.98761
159 T	0.01171	0.00069	0.9876
160 A	0.01171	0.00070	0.9876
161 C	0.01172	0.00067	0.98761
162 T	0.01173	0.00066	0.98762
163 G	0.01173	0.00063	0.98764
164 T	0.01173	0.00060	0.98767
165 T	0.01173	0.00057	0.9877
166 C	0.01173	0.00056	0.98771
167 T	0.01173	0.00055	0.98772
168 T	0.01169	0.00058	0.98773
169 C	0.01163	0.00064	0.98773
170 C	0.01161	0.00066	0.98773
171 A	0.01159	0.00067	0.98773
172 G	0.01158	0.00068	0.98773
173 G	0.01161	0.00066	0.98774
174 G	0.01163	0.00064	0.98774
175 A	0.01165	0.00061	0.98774
176 T	0.01166	0.00053	0.98781
177 T	0.01167	0.00046	0.98787
178 G	0.01168	0.00037	0.98794
179 C	0.01172	0.00026	0.98802
180 T	0.01174	0.00023	0.98803
181 C	0.01175	0.00021	0.98804
182 T	0.01175	0.00021	0.98804
183 T	0.01175	0.00021	0.98805
184 T	0.01175	0.00021	0.98805
185 C	0.01173	0.00023	0.98805
186 T	0.01170	0.00025	0.98804
187 T	0.01168	0.00028	0.98804
188 A	0.01165	0.00031	0.98804
189 T	0.01160	0.00035	0.98805
190 A	0.01144	0.00051	0.98805
191 T	0.01135	0.00055	0.9881
192 C	0.01121	0.00063	0.98816
193 T	0.01113	0.00070	0.98817
194 A	0.01104	0.00079	0.98817
195 T	0.01100	0.00082	0.98818
196 T	0.01093	0.00089	0.98818
197 T	0.01081	0.00101	0.98818
198 T	0.01052	0.00129	0.98819
199 C	0.00998	0.00184	0.98819
200 G	0.00956	0.00225	0.98819
201 G	0.00933	0.00248	0.98819
202 G	0.00924	0.00258	0.98819
203 A	0.00919	0.00262	0.98819
204 A	0.00916	0.00265	0.98818
205 A	0.00915	0.00266	0.98819
206 C	0.00914	0.00264	0.98822
207 T	0.00914	0.00264	0.98822
208 A	0.00913	0.00263	0.98824
209 G	0.00912	0.00262	0.98826
210 T	0.00912	0.00259	0.98828
211 G	0.00912	0.00258	0.9883
212 A	0.00912	0.00251	0.98837
213 A	0.00912	0.00235	0.98852
214 T	0.00912	0.00224	0.98864
215 G	0.00912	0.00209	0.98879
216 G	0.00913	0.00198	0.98889
217 G	0.00913	0.00185	0.98901
218 T	0.00914	0.00176	0.9891
219 T	0.00914	0.00165	0.98921
220 A	0.00914	0.00154	0.98932
221 T	0.00914	0.00124	0.98963
222 T	0.00914	0.00079	0.99006
223 T	0.00914	0.00045	0.99041
224 G	0.00914	0.00030	0.99056
225 G	0.00914	0.00025	0.99062
226 A	0.00913	0.00023	0.99063
227 T	0.00913	0.00021	0.99066
228 A	0.00911	0.00024	0.99066
229 G	0.00910	0.00024	0.99065
230 G	0.00910	0.00024	0.99066
231 T	0.00910	0.00023	0.99067
232 G	0.00910	0.00023	0.99067
233 C	0.00910	0.00023	0.99067
234 T	0.00910	0.00023	0.99067
235 T	0.00910	0.00023	0.99067
236 T	0.00910	0.00024	0.99067
237 C	0.00907	0.00026	0.99067
238 G	0.00906	0.00028	0.99067
239 G	0.00905	0.00028	0.99067
240 A	0.00905	0.00028	0.99067
241 G	0.00905	0.00028	0.99067
242 C	0.00907	0.00026	0.99067
243 T	0.00910	0.00023	0.99067
244 T	0.00912	0.00021	0.99067
245 C	0.00913	0.00020	0.99068
246 T	0.00913	0.00019	0.99068
247 T	0.00914	0.00019	0.99067
248 T	0.00913	0.00020	0.99067
249 A	0.00912	0.00022	0.99066
250 G	0.00911	0.00023	0.99066
251 T	0.00911	0.00020	0.99068
252 A	0.00910	0.00020	0.9907
253 T	0.00910	0.00020	0.9907
254 C	0.00910	0.00020	0.9907
255 T	0.00910	0.00019	0.9907
256 T	0.00910	0.00020	0.9907
257 T	0.00909	0.00022	0.9907
258 A	0.00908	0.00024	0.99068
259 T	0.00906	0.00028	0.99066
260 T	0.00902	0.00033	0.99065
261 T	0.00891	0.00046	0.99063
262 T	0.00872	0.00069	0.99059
263 T	0.00836	0.00109	0.99055
264 A	0.00780	0.00167	0.99052
265 A	0.00758	0.00192	0.9905
266 T	0.00747	0.00204	0.99049
267 G	0.00728	0.00224	0.99048
268 G	0.00721	0.00233	0.99046
269 A	0.00716	0.00242	0.99041
270 A	0.00702	0.00261	0.99037
271 G	0.00698	0.00267	0.99036
272 T	0.00696	0.00267	0.99036
273 T	0.00692	0.00271	0.99037
274 A	0.00682	0.00282	0.99036
275 T	0.00673	0.00291	0.99036
276 C	0.00656	0.00308	0.99036
277 A	0.00650	0.00321	0.99029
278 A	0.00642	0.00335	0.99023
279 A	0.00638	0.00346	0.99015
280 A	0.00636	0.00355	0.99009
281 G	0.00637	0.00357	0.99006
282 A	0.00636	0.00360	0.99004
283 T	0.00641	0.00342	0.99017
284 A	0.00644	0.00322	0.99034
285 T	0.00649	0.00288	0.99062
286 T	0.00651	0.00253	0.99096
287 C	0.00650	0.00209	0.99141
288 T	0.00645	0.00213	0.99142
289 A	0.00637	0.00227	0.99136
290 A	0.00633	0.00233	0.99133
291 A	0.00632	0.00235	0.99133
292 A	0.00634	0.00233	0.99133
293 T	0.00638	0.00213	0.99149
294 T	0.00640	0.00206	0.99154
295 A	0.00639	0.00203	0.99158
296 A	0.00639	0.00197	0.99164
297 A	0.00639	0.00186	0.99176
298 T	0.00639	0.00173	0.99188
299 C	0.00639	0.00157	0.99204
300 A	0.00644	0.00149	0.99207
301 G	0.00650	0.00138	0.99211
302 A	0.00658	0.00128	0.99214
303 T	0.00666	0.00118	0.99216
304 A	0.00670	0.00113	0.99217
305 C	0.00678	0.00100	0.99221
306 T	0.00682	0.00096	0.99222
307 A	0.00685	0.00093	0.99222
308 T	0.00691	0.00086	0.99223
309 T	0.00697	0.00078	0.99225
310 T	0.00701	0.00073	0.99226
311 T	0.00706	0.00061	0.99233
312 A	0.00711	0.00048	0.99242
313 T	0.00718	0.00034	0.99248
314 C	0.00722	0.00026	0.99252
315 T	0.00726	0.00021	0.99253
316 T	0.00727	0.00020	0.99254
317 T	0.00727	0.00018	0.99254
318 A	0.00727	0.00018	0.99255
319 A	0.00727	0.00017	0.99255
320 T	0.00728	0.00014	0.99258
321 T	0.00728	0.00013	0.99259
322 T	0.00728	0.00012	0.99261
323 T	0.00727	0.00011	0.99261
324 A	0.00726	0.00012	0.99262
325 G	0.00725	0.00013	0.99262
326 C	0.00725	0.00012	0.99262
327 T	0.00725	0.00012	0.99262
328 T	0.00725	0.00012	0.99262
329 C	0.00725	0.00012	0.99262
330 T	0.00726	0.00012	0.99262
331 T	0.00726	0.00012	0.99262
332 T	0.00726	0.00012	0.99262
333 T	0.00725	0.00012	0.99262
334 T	0.00725	0.00013	0.99262
335 T	0.00724	0.00013	0.99263
336 T	0.00724	0.00013	0.99263
337 G	0.00723	0.00014	0.99263
338 G	0.00723	0.00014	0.99263
339 T	0.00723	0.00014	0.99264
340 T	0.00722	0.00014	0.99264
341 T	0.00722	0.00014	0.99264
342 A	0.00719	0.00017	0.99264
343 G	0.00718	0.00018	0.99264
344 G	0.00718	0.00018	0.99264
345 A	0.00718	0.00018	0.99264
346 A	0.00718	0.00018	0.99265
347 A	0.00718	0.00017	0.99265
348 T	0.00718	0.00017	0.99266
349 G	0.00718	0.00017	0.99264
350 T	0.00717	0.00019	0.99263
351 T	0.00717	0.00022	0.99261
352 T	0.00716	0.00028	0.99256
353 T	0.00713	0.00041	0.99245
354 G	0.00703	0.00064	0.99233
355 A	0.00699	0.00071	0.9923
356 T	0.00698	0.00073	0.99229
357 A	0.00695	0.00078	0.99227
358 G	0.00692	0.00083	0.99225
359 C	0.00692	0.00084	0.99224
360 T	0.00689	0.00096	0.99215
361 T	0.00681	0.00108	0.99211
362 A	0.00668	0.00123	0.99208
363 T	0.00663	0.00129	0.99208
364 G	0.00654	0.00137	0.99208
365 C	0.00646	0.00143	0.99211
366 G	0.00639	0.00150	0.99211
367 C	0.00637	0.00153	0.99211
368 A	0.00635	0.00157	0.99208
369 A	0.00633	0.00161	0.99205
370 A	0.00633	0.00163	0.99204
371 A	0.00633	0.00163	0.99204
372 A	0.00633	0.00163	0.99204
373 G	0.00635	0.00159	0.99206
374 G	0.00638	0.00154	0.99208
375 A	0.00643	0.00147	0.99209
376 A	0.00654	0.00134	0.99212
377 C	0.00665	0.00112	0.99223
378 T	0.00669	0.00106	0.99225
379 A	0.00671	0.00103	0.99226
380 A	0.00673	0.00099	0.99228
381 T	0.00677	0.00093	0.9923
382 G	0.00678	0.00091	0.99231
383 A	0.00686	0.00078	0.99236
384 T	0.00691	0.00063	0.99245
385 T	0.00693	0.00047	0.9926
386 G	0.00693	0.00042	0.99265
387 T	0.00694	0.00034	0.99272
388 T	0.00694	0.00028	0.99279
389 C	0.00693	0.00023	0.99283
390 T	0.00694	0.00023	0.99284
391 A	0.00695	0.00021	0.99284
392 T	0.00696	0.00018	0.99286
393 T	0.00696	0.00017	0.99286
394 G	0.00696	0.00017	0.99287
395 C	0.00695	0.00016	0.99288
396 T	0.00695	0.00016	0.99288
397 G	0.00695	0.00018	0.99288
398 T	0.00695	0.00019	0.99286
399 T	0.00695	0.00021	0.99285
400 T	0.00695	0.00023	0.99281
401 T	0.00695	0.00028	0.99277
402 G	0.00693	0.00038	0.99268
403 G	0.00693	0.00048	0.9926
404 A	0.00692	0.00061	0.99247
405 A	0.00692	0.00070	0.99238
406 A	0.00693	0.00077	0.99229
407 A	0.00695	0.00079	0.99226
408 A	0.00696	0.00079	0.99225
409 T	0.00697	0.00078	0.99225
410 T	0.00698	0.00078	0.99225
411 T	0.00698	0.00078	0.99224
412 A	0.00698	0.00078	0.99223
413 T	0.00699	0.00078	0.99223
414 T	0.00699	0.00078	0.99224
415 T	0.00698	0.00079	0.99223
416 T	0.00698	0.00081	0.99221
417 A	0.00697	0.00082	0.99222
418 G	0.00696	0.00082	0.99222
419 G	0.00696	0.00083	0.9922
420 T	0.00697	0.00085	0.99218
421 C	0.00698	0.00088	0.99214
422 A	0.00699	0.00092	0.9921
423 A	0.00702	0.00092	0.99206
424 A	0.00707	0.00087	0.99206
425 T	0.00717	0.00076	0.99206
426 C	0.00725	0.00068	0.99206
427 G	0.00737	0.00057	0.99206
428 C	0.00744	0.00050	0.99205
429 T	0.00751	0.00045	0.99203
430 T	0.00751	0.00047	0.99202
431 T	0.00745	0.00055	0.99199
432 A	0.00731	0.00075	0.99194
433 A	0.00723	0.00084	0.99194
434 T	0.00719	0.00088	0.99193
435 A	0.00712	0.00095	0.99193
436 T	0.00708	0.00098	0.99194
437 C	0.00702	0.00104	0.99194
438 A	0.00697	0.00110	0.99194
439 C	0.00694	0.00112	0.99194
440 A	0.00692	0.00115	0.99193
441 A	0.00690	0.00116	0.99193
442 G	0.00691	0.00115	0.99193
443 C	0.00694	0.00112	0.99195
444 A	0.00697	0.00108	0.99194
445 C	0.00702	0.00103	0.99196
446 A	0.00705	0.00100	0.99195
447 T	0.00707	0.00099	0.99194
448 G	0.00707	0.00101	0.99192
449 T	0.00708	0.00100	0.99191
450 T	0.00710	0.00101	0.99189
451 A	0.00710	0.00102	0.99187
452 T	0.00712	0.00100	0.99189
453 A	0.00712	0.00097	0.9919
454 A	0.00713	0.00089	0.99198
455 T	0.00718	0.00070	0.99212
456 G	0.00718	0.00061	0.99221
457 G	0.00718	0.00058	0.99224
458 T	0.00719	0.00055	0.99227
459 T	0.00719	0.00062	0.99219
460 G	0.00718	0.00065	0.99217
461 G	0.00719	0.00067	0.99215
462 A	0.00719	0.00071	0.99209
463 A	0.00719	0.00072	0.99209
464 T	0.00720	0.00073	0.99208
465 T	0.00720	0.00078	0.99202
466 A	0.00720	0.00081	0.99199
467 T	0.00720	0.00081	0.99199
468 A	0.00720	0.00084	0.99195
469 A	0.00721	0.00085	0.99195
470 C	0.00722	0.00084	0.99193
471 T	0.00725	0.00085	0.9919
472 T	0.00727	0.00087	0.99187
473 G	0.00729	0.00088	0.99183
474 T	0.00733	0.00088	0.9918
475 T	0.00734	0.00087	0.9918
476 T	0.00735	0.00086	0.9918
477 A	0.00735	0.00086	0.9918
478 A	0.00736	0.00085	0.9918
479 C	0.00738	0.00082	0.9918
480 T	0.00743	0.00077	0.9918
481 A	0.00748	0.00072	0.99179
482 T	0.00763	0.00057	0.9918
483 T	0.00770	0.00052	0.99178
484 T	0.00773	0.00049	0.99178
485 T	0.00774	0.00049	0.99177
486 A	0.00772	0.00053	0.99174
487 A	0.00772	0.00055	0.99172
488 C	0.00776	0.00052	0.99172
489 T	0.00778	0.00051	0.99171
490 A	0.00779	0.00052	0.99169
491 T	0.00783	0.00048	0.99169
492 C	0.00783	0.00048	0.99169
493 A	0.00784	0.00049	0.99167
494 T	0.00787	0.00049	0.99164
495 C	0.00788	0.00056	0.99155
496 T	0.00790	0.00074	0.99135
497 T	0.00791	0.00086	0.99122
498 T	0.00790	0.00100	0.99109
499 T	0.00787	0.00117	0.99096
500 T	0.00780	0.00132	0.99087
501 A	0.00765	0.00157	0.99078
502 T	0.00759	0.00167	0.99073
503 G	0.00751	0.00181	0.99067
504 G	0.00747	0.00190	0.99063
505 A	0.00745	0.00197	0.99058
506 A	0.00745	0.00200	0.99055
507 A	0.00745	0.00203	0.99052
508 G	0.00745	0.00206	0.99049
509 A	0.00747	0.00208	0.99046
510 A	0.00749	0.00212	0.99039
511 T	0.00750	0.00222	0.99028
512 T	0.00751	0.00239	0.9901
513 A	0.00752	0.00252	0.98996
514 A	0.00752	0.00264	0.98984
515 A	0.00753	0.00267	0.98979
516 A	0.00756	0.00265	0.98978
517 A	0.00764	0.00257	0.98979
518 T	0.00789	0.00231	0.98981
519 T	0.00818	0.00200	0.98982
520 T	0.00830	0.00185	0.98986
521 T	0.00837	0.00174	0.9899
522 T	0.00842	0.00164	0.98994
523 A	0.00845	0.00155	0.99001
524 C	0.00851	0.00134	0.99015
525 T	0.00857	0.00126	0.99017
526 T	0.00862	0.00116	0.99021
527 T	0.00865	0.00112	0.99022
528 T	0.00866	0.00112	0.99021
529 G	0.00864	0.00115	0.99021
530 A	0.00862	0.00118	0.99019
531 T	0.00866	0.00116	0.99017
532 G	0.00870	0.00113	0.99016
533 A	0.00879	0.00107	0.99014
534 G	0.00895	0.00092	0.99013
535 T	0.00917	0.00071	0.99012
536 C	0.00929	0.00061	0.99011
537 T	0.00941	0.00056	0.99003
538 T	0.00945	0.00056	0.98999
539 T	0.00946	0.00058	0.98996
540 T	0.00946	0.00059	0.98994
541 T	0.00941	0.00067	0.98992
542 C	0.00934	0.00076	0.9899
543 T	0.00922	0.00096	0.98982
544 C	0.00908	0.00119	0.98972
545 A	0.00897	0.00146	0.98957
546 A	0.00887	0.00170	0.98943
547 A	0.00883	0.00183	0.98934
548 T	0.00883	0.00187	0.98931
549 T	0.00881	0.00192	0.98927
550 A	0.00878	0.00197	0.98924
551 T	0.00876	0.00199	0.98925
552 A	0.00872	0.00206	0.98923
553 G	0.00869	0.00213	0.98918
554 G	0.00869	0.00217	0.98914
555 G	0.00869	0.00221	0.9891
556 T	0.00871	0.00223	0.98906
557 T	0.00871	0.00231	0.98898
558 C	0.00867	0.00247	0.98886
559 A	0.00865	0.00276	0.98859
560 A	0.00870	0.00288	0.98842
561 T	0.00873	0.00295	0.98832
562 A	0.00875	0.00300	0.98825
563 A	0.00879	0.00302	0.9882
564 T	0.00885	0.00293	0.98822
565 A	0.00888	0.00291	0.98821
566 T	0.00899	0.00272	0.98829
567 T	0.00906	0.00266	0.98828
568 A	0.00914	0.00268	0.98819
569 T	0.00924	0.00257	0.98819
570 T	0.00928	0.00256	0.98817
571 T	0.00925	0.00263	0.98811
572 T	0.00919	0.00277	0.98804
573 A	0.00876	0.00325	0.98798
574 A	0.00860	0.00343	0.98798
575 A	0.00849	0.00352	0.98799
576 A	0.00848	0.00353	0.98799
577 T	0.00854	0.00345	0.98801
578 T	0.00855	0.00349	0.98796
579 A	0.00851	0.00367	0.98781
580 A	0.00856	0.00373	0.98771
581 T	0.00870	0.00361	0.98769
582 T	0.00888	0.00346	0.98766
583 T	0.00896	0.00343	0.98761
584 T	0.00894	0.00352	0.98755
585 A	0.00878	0.00377	0.98745
586 A	0.00873	0.00382	0.98745
587 A	0.00877	0.00378	0.98744
588 T	0.00888	0.00365	0.98747
589 A	0.00892	0.00360	0.98749
590 C	0.00910	0.00337	0.98753
591 T	0.00932	0.00314	0.98753
592 T	0.00940	0.00306	0.98754
593 T	0.00942	0.00301	0.98757
594 G	0.00942	0.00301	0.98757
595 T	0.00946	0.00296	0.98758
596 T	0.00949	0.00253	0.98798
597 G	0.00947	0.00239	0.98814
598 A	0.00948	0.00224	0.98827
599 T	0.00953	0.00211	0.98837
600 A	0.00955	0.00207	0.98838
601 G	0.00962	0.00193	0.98844
602 G	0.00980	0.00171	0.9885
603 T	0.00996	0.00161	0.98843
604 T	0.01002	0.00164	0.98834
605 T	0.01007	0.00177	0.98816
606 A	0.01008	0.00213	0.9878
607 G	0.01012	0.00233	0.98755
608 T	0.01018	0.00277	0.98704
609 T	0.01018	0.00440	0.98542
610 A	0.01018	0.00757	0.98225
611 T	0.01018	0.01062	0.97921
612 A	0.01011	0.01608	0.97381
613 A	0.01005	0.01835	0.9716
614 T	0.01005	0.01934	0.97061
615 T	0.01002	0.02071	0.96927
616 A	0.00997	0.02187	0.96817
617 G	0.00997	0.02230	0.96773
618 T	0.01000	0.02265	0.96736
619 T	0.00997	0.02302	0.96701
620 T	0.00985	0.02371	0.96644
621 A	0.00943	0.02542	0.96515
622 A	0.00937	0.02697	0.96366
623 A	0.00933	0.02795	0.96272
624 A	0.00932	0.02920	0.96147
625 A	0.00937	0.02937	0.96126
626 T	0.00955	0.02929	0.96117
627 A	0.00963	0.02940	0.96097
628 A	0.00981	0.02942	0.96076
629 C	0.01020	0.02910	0.96069
630 A	0.01061	0.02892	0.96047
631 G	0.01135	0.02832	0.96033
632 G	0.01333	0.02644	0.96023
633 A	0.01663	0.02322	0.96015
634 A	0.02006	0.01982	0.96011
635 T	0.02603	0.01379	0.96018
636 T	0.02843	0.01135	0.96022
637 A	0.02929	0.01048	0.96022
638 T	0.03034	0.00937	0.96029
639 T	0.03100	0.00865	0.96034
640 T	0.03119	0.00842	0.96039
641 T	0.03132	0.00824	0.96043
642 A	0.03148	0.00803	0.96048
643 A	0.03192	0.00746	0.96062
644 C	0.03314	0.00584	0.96102
645 T	0.03461	0.00434	0.96105
646 A	0.03545	0.00348	0.96107
647 G	0.03664	0.00227	0.9611
648 T	0.03692	0.00197	0.96111
649 G	0.03701	0.00189	0.9611
650 C	0.03723	0.00163	0.96113
651 T	0.03760	0.00133	0.96108
652 T	0.03773	0.00125	0.96101
653 T	0.03770	0.00141	0.9609
654 T	0.03736	0.00199	0.96065
655 T	0.03699	0.00273	0.96027
656 T	0.03667	0.00368	0.95965
657 A	0.03634	0.00489	0.95878
658 A	0.03622	0.00603	0.95775
659 T	0.03619	0.00635	0.95746
660 T	0.03605	0.00652	0.95743
661 A	0.03559	0.00698	0.95743
662 T	0.03479	0.00776	0.95745
663 G	0.03302	0.00951	0.95747
664 C	0.03156	0.01094	0.9575
665 C	0.03014	0.01239	0.95746
666 A	0.02853	0.01425	0.95722
667 G	0.02794	0.01517	0.95689
668 G	0.02775	0.01563	0.95661
669 A	0.02763	0.01643	0.95594
670 A	0.02759	0.01719	0.95522
671 T	0.02759	0.01745	0.95497
672 A	0.02755	0.01788	0.95456
673 A	0.02758	0.01787	0.95455
674 T	0.02767	0.01771	0.95462
675 A	0.02773	0.01750	0.95477
676 G	0.02786	0.01697	0.95517
677 C	0.02820	0.01612	0.95568
678 G	0.02860	0.01543	0.95596
679 C	0.02924	0.01458	0.95618
680 G	0.03002	0.01379	0.95619
681 T	0.03098	0.01301	0.95601
682 T	0.03119	0.01306	0.95575
683 A	0.03122	0.01333	0.95545
684 T	0.03125	0.01356	0.95519
685 A	0.03126	0.01389	0.95485
686 T	0.03128	0.01301	0.95571
687 A	0.03129	0.01329	0.95542
688 A	0.03134	0.01325	0.95541
689 G	0.03161	0.01260	0.95579
690 T	0.03202	0.01413	0.95385
691 G	0.03222	0.01581	0.95197
692 A	0.03285	0.01849	0.94865
693 T	0.03353	0.02269	0.94378
694 A	0.03366	0.02639	0.93994
695 G	0.03393	0.02821	0.93786
696 A	0.03401	0.03237	0.93363
697 T	0.03410	0.03438	0.93152
698 T	0.03409	0.03628	0.92963
699 A	0.03406	0.03811	0.92784
700 T	0.03408	0.03840	0.92752
701 T	0.03409	0.03844	0.92747
702 A	0.03405	0.03857	0.92738
703 A	0.03410	0.03858	0.92732
704 C	0.03431	0.03838	0.92731
705 C	0.03444	0.03834	0.92722
706 A	0.03479	0.03819	0.92702
707 A	0.03558	0.03742	0.927
708 C	0.03718	0.03583	0.92699
709 A	0.03814	0.03492	0.92694
710 T	0.04023	0.03284	0.92693
711 C	0.04163	0.03143	0.92695
712 A	0.04318	0.02991	0.92691
713 T	0.04590	0.02721	0.92688
714 A	0.04788	0.02520	0.92692
715 A	0.05115	0.02189	0.92697
716 T	0.05731	0.01570	0.92698
717 T	0.06124	0.01164	0.92712
718 G	0.06294	0.00986	0.92719
719 T	0.06702	0.00573	0.92725
720 T	0.06869	0.00403	0.92728
721 T	0.06984	0.00284	0.92732
722 C	0.07066	0.00199	0.92735
723 T	0.07089	0.00178	0.92733
724 A	0.07089	0.00181	0.92729
725 T	0.07098	0.00170	0.92732
726 A	0.07099	0.00169	0.92732
727 A	0.07103	0.00163	0.92734
728 T	0.07122	0.00128	0.9275
729 T	0.07144	0.00095	0.92761
730 T	0.07148	0.00087	0.92765
731 C	0.07149	0.00084	0.92767
732 T	0.07153	0.00085	0.92762
733 T	0.07151	0.00093	0.92755
734 T	0.07148	0.00107	0.92744
735 T	0.07133	0.00143	0.92724
736 T	0.07110	0.00168	0.92721
737 T	0.07094	0.00186	0.92719
738 A	0.07057	0.00229	0.92714
739 T	0.07044	0.00243	0.92713
740 C	0.07032	0.00255	0.92712
741 T	0.07025	0.00274	0.927
742 A	0.06987	0.00342	0.9267
743 G	0.06978	0.00364	0.92659
744 T	0.06978	0.00384	0.92637
745 T	0.06978	0.00407	0.92615
746 T	0.06979	0.00439	0.92583
747 T	0.06977	0.00494	0.92529
748 A	0.06971	0.00642	0.92387
749 T	0.06963	0.00713	0.92323
750 T	0.06935	0.00901	0.92164
751 G	0.06892	0.01070	0.92038
752 G	0.06867	0.01282	0.91851
753 A	0.06861	0.01535	0.91604
754 A	0.06860	0.01648	0.91492
755 T	0.06865	0.01647	0.91488
756 A	0.06870	0.01652	0.91479
757 A	0.06880	0.01650	0.9147
758 T	0.06900	0.01610	0.9149
759 C	0.06900	0.01593	0.91507
760 A	0.06902	0.01606	0.91493
761 T	0.06910	0.01593	0.91498
762 T	0.06915	0.01587	0.91499
763 A	0.06916	0.01586	0.91497
764 G	0.06929	0.01575	0.91497
765 T	0.06963	0.01515	0.91522
766 C	0.06977	0.01512	0.91511
767 T	0.07004	0.01627	0.91369
768 G	0.07020	0.01943	0.91037
769 A	0.07056	0.02574	0.90369
770 A	0.07118	0.03357	0.89525
771 T	0.07309	0.03334	0.89358
772 A	0.07401	0.03459	0.8914
773 T	0.07632	0.03279	0.89089
774 A	0.07730	0.03282	0.88989
775 C	0.07882	0.03177	0.88941
776 T	0.08050	0.03148	0.88803
777 T	0.08053	0.03446	0.88501
778 A	0.07987	0.03766	0.88247
779 A	0.07941	0.03907	0.88152
780 T	0.07909	0.03957	0.88134
781 A	0.07824	0.04044	0.88132
782 T	0.07750	0.04117	0.88132
783 G	0.07649	0.04223	0.88128
784 C	0.07616	0.04257	0.88127
785 C	0.07576	0.04300	0.88125
786 A	0.07548	0.04356	0.88096
787 A	0.07537	0.04381	0.88081
788 C	0.07554	0.04380	0.88065
789 A	0.07585	0.04374	0.88041
790 G	0.07730	0.04234	0.88036
791 G	0.08057	0.03904	0.88039
792 A	0.08702	0.03267	0.88031
793 C	0.09498	0.02480	0.88023
794 C	0.09764	0.02233	0.88004
795 T	0.10075	0.01997	0.87928
796 A	0.10180	0.01979	0.87841
797 T	0.10381	0.01820	0.878
798 T	0.10478	0.01757	0.87764
799 A	0.10545	0.01718	0.87737
800 T	0.10750	0.01430	0.8782
801 T	0.10892	0.01214	0.87894
802 A	0.10912	0.01148	0.8794
803 T	0.10912	0.01092	0.87997
804 A	0.10881	0.01056	0.88063
805 G	0.10872	0.00985	0.88143
806 T	0.10878	0.00911	0.88212
807 T	0.10874	0.00896	0.8823
808 G	0.10866	0.00895	0.88239
809 T	0.10885	0.00897	0.88217
810 A	0.10875	0.00989	0.88136
811 A	0.10882	0.00980	0.88138
812 A	0.10905	0.00952	0.88144
813 T	0.10926	0.00923	0.88151
814 A	0.10937	0.00918	0.88144
815 C	0.10977	0.00876	0.88147
816 T	0.11039	0.00823	0.88138
817 T	0.11089	0.00782	0.88129
818 T	0.11154	0.00733	0.88113
819 T	0.11208	0.00691	0.88101
820 T	0.11232	0.00676	0.88092
821 T	0.11248	0.00656	0.88096
822 T	0.11261	0.00633	0.88106
823 A	0.11267	0.00626	0.88108
824 T	0.11285	0.00587	0.88127
825 T	0.11304	0.00548	0.88148
826 T	0.11318	0.00524	0.88158
827 T	0.11333	0.00489	0.88178
828 G	0.11341	0.00481	0.88177
829 T	0.11362	0.00463	0.88175
830 T	0.11358	0.00480	0.88162
831 A	0.11240	0.00611	0.88149
832 A	0.11155	0.00716	0.88129
833 C	0.11183	0.00680	0.88137
834 T	0.11173	0.00732	0.88095
835 T	0.11162	0.00831	0.88006
836 G	0.11111	0.01055	0.87834
837 T	0.11094	0.01445	0.8746
838 T	0.11052	0.01775	0.87174
839 T	0.10986	0.02036	0.86978
840 A	0.10920	0.02303	0.86776
841 T	0.10913	0.02330	0.86757
842 T	0.10892	0.02372	0.86736
843 T	0.10831	0.02438	0.86732
844 T	0.10723	0.02546	0.86731
845 C	0.10530	0.02743	0.86727
846 T	0.10340	0.02989	0.86671
847 C	0.09428	0.03975	0.86597
848 C	0.08350	0.05447	0.86204
849 T	0.07799	0.06794	0.85407
850 A	0.07105	0.08076	0.8482
851 A	0.06851	0.08693	0.84456
852 A	0.06722	0.08967	0.84311
853 T	0.06686	0.09058	0.84256
854 A	0.06634	0.09059	0.84307
855 T	0.06632	0.09002	0.84366
856 G	0.06594	0.09131	0.84275
857 G	0.06620	0.09468	0.83911
858 A	0.06724	0.09930	0.83347
859 A	0.06935	0.10280	0.82786
860 T	0.07405	0.10273	0.82323
861 T	0.07654	0.10873	0.81473
862 T	0.07754	0.12034	0.80213
863 T	0.07633	0.14805	0.77562
864 G	0.07203	0.19197	0.73601
865 A	0.06792	0.26587	0.66621
866 A	0.06160	0.33738	0.60102
867 A	0.05806	0.36441	0.57752
868 A	0.05637	0.38279	0.56085
869 A	0.05799	0.38875	0.55326
870 A	0.06103	0.38240	0.55657
871 T	0.06801	0.36836	0.56363
872 T	0.07431	0.36153	0.56415
873 T	0.07635	0.36318	0.56047
874 T	0.07589	0.38264	0.54147
875 G	0.06995	0.43070	0.49935
876 G	0.06407	0.44727	0.48866
877 A	0.05525	0.47304	0.47171
878 A	0.04757	0.49754	0.45489
879 A	0.04432	0.52115	0.43453
880 C	0.04062	0.53430	0.42509
881 A	0.04088	0.55200	0.40711
882 A	0.04314	0.56689	0.38998
883 A	0.04493	0.57831	0.37676
884 A	0.05329	0.58499	0.36172
885 A	0.06681	0.58878	0.34441
886 A	0.09468	0.57848	0.32684
887 A	0.13184	0.55780	0.31035
888 A	0.19820	0.48944	0.31235
889 T	0.26076	0.42156	0.31768
890 A	0.27426	0.40571	0.32003
891 T	0.28292	0.39617	0.32091
892 C	0.26125	0.41917	0.31958
893 A	0.23255	0.44967	0.31778
894 A	0.19477	0.48937	0.31586
895 A	0.15642	0.53012	0.31347
896 A	0.13965	0.55037	0.30997
897 C	0.13990	0.55079	0.30931
898 A	0.16860	0.52501	0.30639
899 A	0.16762	0.52746	0.30492
900 A	0.16983	0.52370	0.30647
901 A	0.18329	0.50610	0.31061
902 T	0.20669	0.48419	0.30912
903 T	0.20746	0.48858	0.30397
904 A	0.17421	0.54159	0.2842
905 A	0.16624	0.55692	0.27685
906 A	0.16566	0.56415	0.27019
907 A	0.17431	0.55873	0.26697
908 A	0.18154	0.55121	0.26725
909 A	0.19556	0.53373	0.27072
910 T	0.21234	0.51061	0.27705
911 T	0.20898	0.50938	0.28164
912 T	0.20215	0.51455	0.2833
913 A	0.17828	0.53854	0.28318
914 A	0.16181	0.55007	0.28812
915 A	0.15429	0.53553	0.31018
916 A	0.15190	0.51237	0.33572
917 A	0.15173	0.47813	0.37014
918 A	0.15647	0.43710	0.40642
919 T	0.16355	0.41242	0.42403
920 T	0.16377	0.41294	0.42329
921 A	0.16522	0.40715	0.42762
922 A	0.16267	0.40026	0.43707
923 T	0.16835	0.37907	0.45258
924 A	0.17006	0.36871	0.46123
925 C	0.17633	0.35577	0.46791
926 A	0.19276	0.33923	0.46802
927 T	0.21977	0.28275	0.49748
928 T	0.22947	0.27135	0.49919
929 T	0.23851	0.26889	0.4926
930 T	0.24189	0.26807	0.49004
931 T	0.24077	0.26682	0.49241
932 A	0.23664	0.27649	0.48686
933 T	0.23436	0.26827	0.49737
934 C	0.22918	0.26920	0.50163
935 A	0.22706	0.26960	0.50334
936 T	0.22975	0.25659	0.51365
937 A	0.22334	0.25634	0.52033
938 A	0.21742	0.25856	0.52402
939 C	0.21290	0.26659	0.52052
940 G	0.21186	0.30416	0.48397
941 A	0.19344	0.39697	0.40958
942 A	0.19273	0.43919	0.36808
943 G	0.19813	0.46360	0.33827
944 A	0.19468	0.47165	0.33367
945 A	0.19142	0.47489	0.33369
946 T	0.17511	0.50896	0.31592
947 A	0.15816	0.55652	0.28532
948 C	0.14865	0.57892	0.27243
949 A	0.13988	0.61266	0.24746
950 A	0.14016	0.62765	0.23219
951 T	0.14693	0.62678	0.22629
952 G	0.15300	0.62530	0.2217
953 A	0.15589	0.62528	0.21883
954 A	0.16397	0.61418	0.22184
955 T	0.17806	0.59492	0.22702
956 T	0.17750	0.59202	0.23048
957 T	0.17345	0.59227	0.23428
958 C	0.16503	0.59776	0.23721
959 A	0.15853	0.60391	0.23756
960 A	0.15436	0.60612	0.23952
961 A	0.15282	0.60490	0.24227
962 A	0.16315	0.59146	0.2454
963 A	0.20762	0.54365	0.24873
964 A	0.27948	0.44599	0.27454
965 A	0.31829	0.39521	0.2865
966 A	0.34847	0.35097	0.30055
967 G	0.35971	0.32380	0.31648
968 A	0.37184	0.29633	0.33183
969 T	0.41290	0.21355	0.37354
970 T	0.46450	0.14113	0.39437
971 T	0.48618	0.10483	0.409
972 T	0.50022	0.07836	0.42141
973 T	0.50373	0.06733	0.42895
974 T	0.50429	0.06056	0.43515
975 T	0.50442	0.05697	0.43861
976 T	0.50485	0.05517	0.43999
977 T	0.50408	0.05583	0.44009
978 A	0.50217	0.06216	0.43568
979 T	0.50096	0.06152	0.43752
980 T	0.49557	0.06748	0.43696
981 T	0.41712	0.15258	0.4303
982 G	0.27557	0.31271	0.41172
983 A	0.17536	0.47799	0.34664
984 G	0.11127	0.55835	0.33038
985 G	0.08646	0.60040	0.31314
986 A	0.07246	0.62903	0.29851
987 G	0.06763	0.64044	0.29193
988 A	0.06482	0.65505	0.28013
989 A	0.06417	0.66978	0.26605
990 A	0.06401	0.68018	0.25581
991 T	0.06465	0.69092	0.24443
992 A	0.06410	0.70663	0.22926
993 T	0.06427	0.72023	0.2155
994 T	0.06395	0.72266	0.21339
995 T	0.06246	0.72566	0.21189
996 A	0.05846	0.73161	0.20992
997 A	0.05564	0.73545	0.2089
998 C	0.05247	0.73873	0.2088
999 A	0.04967	0.74618	0.20415
1000 A	0.05027	0.74734	0.20238
1001 A	0.05647	0.74065	0.20288
1002 A	0.06135	0.73477	0.20389
1003 A	0.06945	0.72097	0.20959
1004 A	0.08369	0.60592	0.3104
1005 A	0.11029	0.43037	0.45934
1006 T	0.18798	0.25512	0.5569
1007 C	0.20601	0.18940	0.60459
1008 T	0.22134	0.16687	0.61179
1009 A	0.22388	0.18010	0.59602
1010 A	0.22155	0.20731	0.57113
1011 A	0.21554	0.23345	0.55102
1012 G	0.18724	0.28115	0.53161
1013 A	0.18896	0.35990	0.45114
1014 A	0.19090	0.47004	0.33906
1015 A	0.19916	0.50177	0.29906
1016 T	0.20765	0.50610	0.28625
1017 T	0.18637	0.53783	0.2758
1018 A	0.14418	0.61678	0.23904
1019 A	0.13343	0.64387	0.2227
1020 A	0.12682	0.65664	0.21653
1021 A	0.12419	0.65617	0.21964
1022 T	0.12707	0.64977	0.22316
1023 T	0.12666	0.64861	0.22473
1024 A	0.12300	0.65113	0.22587
1025 C	0.12137	0.65160	0.22703
1026 T	0.11971	0.65303	0.22726
1027 A	0.11633	0.65636	0.22732
1028 C	0.11469	0.65777	0.22753
1029 C	0.11475	0.65829	0.22696
1030 A	0.11460	0.66101	0.22438
1031 A	0.11854	0.65745	0.22401
1032 A	0.13716	0.63705	0.22579
1033 G	0.16307	0.60679	0.23014
1034 G	0.18894	0.56758	0.24349
1035 G	0.22745	0.48375	0.2888
1036 A	0.32474	0.37528	0.29997
1037 T	0.44715	0.23686	0.316
1038 T	0.47912	0.19414	0.32673
1039 A	0.48526	0.18242	0.33232
1040 A	0.49188	0.15560	0.35252
1041 T	0.52311	0.08911	0.38778
1042 T	0.53265	0.07113	0.39622
1043 T	0.53204	0.06802	0.39994
1044 A	0.52285	0.08768	0.38948
1045 G	0.50100	0.11696	0.38203
1046 T	0.47931	0.15271	0.36798
1047 G	0.37484	0.28052	0.34464
1048 G	0.27503	0.40385	0.32112
1049 A	0.22614	0.49680	0.27706
1050 A	0.21581	0.52746	0.25672
1051 A	0.21265	0.53914	0.2482
1052 A	0.21271	0.53936	0.24793
1053 T	0.21498	0.53629	0.24873
1054 T	0.21529	0.53585	0.24886
1055 T	0.21507	0.53593	0.249
1056 A	0.21452	0.53632	0.24916
1057 A	0.21461	0.53570	0.24969
1058 T	0.21485	0.53485	0.25031
1059 A	0.21508	0.53419	0.25073
1060 A	0.21541	0.53337	0.25122
1061 A	0.21668	0.53016	0.25316
1062 C	0.21951	0.52284	0.25765
1063 G	0.22214	0.51836	0.25949
1064 G	0.22657	0.51204	0.26139
1065 T	0.23253	0.50406	0.2634
1066 G	0.23693	0.49572	0.26735
1067 A	0.25087	0.47637	0.27276
1068 A	0.26618	0.43348	0.30034
1069 A	0.29407	0.37439	0.33154
1070 T	0.33267	0.22811	0.43922
1071 T	0.36164	0.10873	0.52963
1072 T	0.39206	0.03475	0.57318
1073 G	0.40276	0.01318	0.58406
1074 A	0.41084	0.00000	0.58916
