# lcl|CP097583.1_cds_USQ93428.1_1
# AA	inside	membr	outside
1 A	0.16697	0.00000	0.83302
2 T	0.16692	0.00006	0.83302
3 G	0.16688	0.00009	0.83302
4 T	0.16688	0.00143	0.83168
5 G	0.16606	0.00349	0.83045
6 T	0.16606	0.00374	0.8302
7 T	0.16031	0.00969	0.83
8 C	0.16031	0.00970	0.82999
9 T	0.15949	0.01071	0.82979
10 G	0.15949	0.04102	0.79949
11 T	0.15927	0.04302	0.7977
12 T	0.15418	0.04934	0.79648
13 A	0.14017	0.06812	0.79171
14 A	0.14017	0.06812	0.79171
15 A	0.14017	0.06994	0.78988
16 T	0.14011	0.07001	0.78988
17 A	0.13990	0.07023	0.78986
18 T	0.13990	0.07027	0.78983
19 C	0.13946	0.07074	0.7898
20 T	0.13816	0.07361	0.78823
21 T	0.12606	0.08573	0.78821
22 T	0.12491	0.08716	0.78793
23 A	0.12304	0.08937	0.7876
24 T	0.12123	0.09146	0.7873
25 A	0.11634	0.09677	0.78689
26 A	0.11397	0.09931	0.78672
27 T	0.11409	0.09896	0.78695
28 A	0.11225	0.10058	0.78717
29 A	0.11063	0.10191	0.78746
30 T	0.11210	0.09533	0.79256
31 T	0.10922	0.09735	0.79343
32 A	0.10268	0.10310	0.79422
33 C	0.12298	0.08144	0.79558
34 A	0.12034	0.08443	0.79523
35 T	0.12054	0.08095	0.79851
36 T	0.11897	0.07529	0.80574
37 T	0.11087	0.08351	0.80562
38 C	0.10229	0.09220	0.8055
39 A	0.07175	0.12356	0.80469
40 A	0.06562	0.12965	0.80473
41 A	0.06200	0.13297	0.80503
42 T	0.05891	0.13557	0.80552
43 G	0.05361	0.13991	0.80649
44 T	0.04757	0.13561	0.81683
45 A	0.03854	0.14388	0.81759
46 A	0.03600	0.14476	0.81924
47 A	0.03366	0.14641	0.81993
48 T	0.03274	0.14321	0.82405
49 A	0.02998	0.14481	0.82521
50 A	0.02878	0.14551	0.82571
51 A	0.02825	0.14304	0.8287
52 A	0.02791	0.14086	0.83123
53 A	0.02799	0.13812	0.83388
54 A	0.02858	0.13291	0.83851
55 A	0.02980	0.12399	0.84621
56 T	0.03225	0.11473	0.85302
57 T	0.03345	0.10611	0.86043
58 T	0.03361	0.10315	0.86324
59 T	0.03362	0.09804	0.86834
60 T	0.03325	0.09243	0.87432
61 A	0.03249	0.08637	0.88114
62 T	0.03245	0.05909	0.90846
63 T	0.03217	0.05381	0.91402
64 A	0.03171	0.05161	0.91668
65 A	0.03160	0.04836	0.92003
66 T	0.03167	0.04127	0.92707
67 G	0.03159	0.03442	0.93399
68 G	0.03175	0.02746	0.9408
69 A	0.03217	0.02526	0.94256
70 T	0.03378	0.02165	0.94458
71 G	0.03407	0.02048	0.94545
72 G	0.03490	0.01827	0.94682
73 A	0.03573	0.01909	0.94517
74 T	0.03573	0.02292	0.94134
75 T	0.03488	0.03534	0.92977
76 A	0.03155	0.07223	0.89622
77 A	0.03061	0.08181	0.88759
78 A	0.03008	0.08468	0.88524
79 A	0.02974	0.08624	0.88402
80 A	0.02991	0.08662	0.88347
81 T	0.03150	0.08457	0.88393
82 T	0.03184	0.08385	0.88431
83 G	0.03184	0.08329	0.88488
84 T	0.03226	0.08215	0.88559
85 C	0.03228	0.08168	0.88604
86 G	0.03249	0.08131	0.8862
87 T	0.03312	0.08042	0.88646
88 T	0.03341	0.07997	0.88662
89 T	0.03337	0.07993	0.8867
90 T	0.03313	0.08004	0.88683
91 C	0.03248	0.08030	0.88721
92 A	0.03177	0.08102	0.88722
93 A	0.03133	0.08144	0.88723
94 A	0.03158	0.08113	0.8873
95 A	0.03255	0.08009	0.88737
96 A	0.03574	0.07680	0.88747
97 A	0.04143	0.07046	0.8881
98 A	0.05527	0.05540	0.88933
99 T	0.08929	0.01802	0.89269
100 T	0.09720	0.00912	0.89368
101 T	0.09867	0.00706	0.89428
102 A	0.09917	0.00620	0.89463
103 T	0.09953	0.00550	0.89497
104 T	0.09955	0.00529	0.89516
105 T	0.09947	0.00510	0.89543
106 T	0.09946	0.00486	0.89568
107 T	0.09940	0.00481	0.89579
108 T	0.09918	0.00489	0.89593
109 T	0.09876	0.00519	0.89605
110 G	0.09794	0.00585	0.89621
111 T	0.09699	0.00666	0.89635
112 G	0.09655	0.00690	0.89655
113 A	0.09646	0.00681	0.89673
114 T	0.09641	0.00631	0.89728
115 T	0.09617	0.00602	0.89781
116 T	0.09545	0.00629	0.89825
117 A	0.09306	0.00854	0.8984
118 A	0.08068	0.02086	0.89846
119 G	0.07276	0.02878	0.89847
120 C	0.07127	0.03029	0.89844
121 G	0.07034	0.03130	0.89835
122 A	0.06976	0.03205	0.89819
123 T	0.06954	0.03236	0.8981
124 G	0.06912	0.03279	0.89808
125 G	0.06898	0.03297	0.89805
126 T	0.06903	0.03296	0.89801
127 A	0.06900	0.03294	0.89806
128 C	0.06890	0.03282	0.89828
129 T	0.06892	0.03294	0.89814
130 T	0.06884	0.03298	0.89819
131 T	0.06861	0.03301	0.89838
132 T	0.06801	0.03335	0.89864
133 G	0.06652	0.03447	0.89901
134 T	0.06586	0.03424	0.8999
135 C	0.06347	0.03610	0.90043
136 A	0.05950	0.04003	0.90048
137 A	0.05624	0.04326	0.90051
138 A	0.05402	0.04526	0.90071
139 G	0.05235	0.04645	0.90119
140 A	0.05196	0.04556	0.90248
141 A	0.05186	0.03330	0.91484
142 T	0.05186	0.02533	0.9228
143 T	0.05181	0.02374	0.92445
144 A	0.05156	0.02326	0.92518
145 C	0.05145	0.02273	0.92582
146 A	0.05118	0.02327	0.92555
147 A	0.05098	0.02353	0.92548
148 G	0.05089	0.02397	0.92514
149 T	0.05073	0.02493	0.92433
150 A	0.04988	0.03117	0.91895
151 G	0.04901	0.03561	0.91537
152 T	0.04870	0.03675	0.91455
153 T	0.04792	0.03833	0.91376
154 T	0.04599	0.04217	0.91185
155 A	0.04244	0.04926	0.9083
156 T	0.04022	0.05166	0.90812
157 A	0.03636	0.05549	0.90815
158 A	0.03435	0.05546	0.91019
159 A	0.03345	0.05304	0.91351
160 A	0.03332	0.05012	0.91657
161 A	0.03335	0.04778	0.91886
162 C	0.03355	0.04568	0.92076
163 G	0.03383	0.04506	0.92111
164 T	0.03379	0.04494	0.92127
165 T	0.03344	0.04524	0.92132
166 C	0.03262	0.04598	0.9214
167 A	0.03231	0.04633	0.92137
168 A	0.03209	0.04646	0.92145
169 G	0.03218	0.04614	0.92167
170 A	0.03260	0.04569	0.9217
171 A	0.03348	0.04485	0.92168
172 A	0.03464	0.04337	0.92199
173 A	0.04081	0.03613	0.92306
174 T	0.04645	0.02906	0.92449
175 T	0.04840	0.02582	0.92578
176 A	0.04916	0.02374	0.9271
177 T	0.05125	0.01882	0.92993
178 T	0.05308	0.01362	0.9333
179 T	0.05262	0.01191	0.93547
180 T	0.05147	0.01046	0.93807
181 C	0.04882	0.01172	0.93945
182 T	0.04580	0.01468	0.93952
183 G	0.04116	0.01983	0.939
184 G	0.03838	0.02300	0.93861
185 A	0.03102	0.03048	0.9385
186 A	0.02764	0.03404	0.93832
187 A	0.02635	0.03528	0.93837
188 T	0.02527	0.03605	0.93869
189 C	0.02286	0.03818	0.93896
190 A	0.02122	0.04051	0.93827
191 A	0.02075	0.04127	0.93799
192 A	0.02039	0.04175	0.93786
193 G	0.02034	0.04183	0.93784
194 A	0.02040	0.04181	0.9378
195 T	0.02064	0.04130	0.93806
196 A	0.02067	0.04112	0.93821
197 A	0.02070	0.04090	0.93839
198 G	0.02072	0.04045	0.93883
199 T	0.02079	0.03973	0.93948
200 T	0.02067	0.03911	0.94023
201 A	0.02039	0.03832	0.94129
202 C	0.02029	0.03611	0.9436
203 A	0.02015	0.03509	0.94476
204 A	0.02009	0.03290	0.94701
205 G	0.02022	0.02997	0.94981
206 T	0.02073	0.02628	0.95299
207 A	0.02087	0.02448	0.95465
208 G	0.02096	0.01676	0.96229
209 G	0.02120	0.01297	0.96583
210 A	0.02151	0.01121	0.96728
211 G	0.02187	0.00943	0.9687
212 T	0.02273	0.00648	0.9708
213 T	0.02358	0.00427	0.97215
214 T	0.02395	0.00339	0.97266
215 C	0.02407	0.00290	0.97303
216 T	0.02414	0.00288	0.97297
217 T	0.02411	0.00307	0.97281
218 T	0.02402	0.00330	0.97267
219 A	0.02397	0.00354	0.97249
220 T	0.02396	0.00363	0.97241
221 A	0.02392	0.00358	0.9725
222 T	0.02389	0.00356	0.97254
223 T	0.02387	0.00347	0.97267
224 T	0.02375	0.00336	0.97289
225 A	0.02358	0.00345	0.97297
226 G	0.02354	0.00337	0.9731
227 A	0.02353	0.00331	0.97316
228 A	0.02352	0.00321	0.97327
229 G	0.02353	0.00308	0.97339
230 G	0.02361	0.00284	0.97355
231 T	0.02370	0.00272	0.97358
232 A	0.02375	0.00270	0.97355
233 A	0.02386	0.00263	0.97351
234 T	0.02393	0.00258	0.97348
235 T	0.02400	0.00258	0.97343
236 T	0.02404	0.00256	0.9734
237 A	0.02410	0.00249	0.97341
238 G	0.02419	0.00236	0.97345
239 T	0.02439	0.00214	0.97348
240 T	0.02458	0.00192	0.9735
241 C	0.02471	0.00172	0.97357
242 T	0.02491	0.00151	0.97358
243 T	0.02499	0.00143	0.97358
244 A	0.02498	0.00140	0.97361
245 C	0.02499	0.00135	0.97365
246 T	0.02485	0.00147	0.97367
247 T	0.02452	0.00169	0.97378
248 C	0.02370	0.00239	0.97391
249 G	0.02266	0.00343	0.97391
250 A	0.02220	0.00389	0.9739
251 A	0.02167	0.00440	0.97393
252 T	0.02139	0.00466	0.97395
253 G	0.02105	0.00499	0.97396
254 C	0.02095	0.00507	0.97397
255 G	0.02092	0.00510	0.97398
256 A	0.02096	0.00505	0.97398
257 C	0.02101	0.00500	0.97398
258 T	0.02110	0.00491	0.97398
259 C	0.02112	0.00489	0.97399
260 A	0.02112	0.00488	0.97399
261 A	0.02112	0.00489	0.97399
262 C	0.02114	0.00486	0.97399
263 C	0.02117	0.00483	0.974
264 T	0.02117	0.00483	0.974
265 T	0.02114	0.00484	0.97401
266 T	0.02096	0.00502	0.97402
267 T	0.02057	0.00540	0.97402
268 G	0.02004	0.00587	0.97409
269 A	0.01973	0.00587	0.97439
270 A	0.01953	0.00563	0.97485
271 T	0.01945	0.00479	0.97577
272 T	0.01929	0.00399	0.97672
273 A	0.01893	0.00391	0.97716
274 T	0.01874	0.00354	0.97772
275 T	0.01850	0.00350	0.978
276 G	0.01812	0.00360	0.97827
277 G	0.01793	0.00369	0.97838
278 C	0.01782	0.00373	0.97845
279 T	0.01771	0.00387	0.97842
280 G	0.01742	0.00429	0.97828
281 A	0.01722	0.00479	0.978
282 T	0.01708	0.00517	0.97775
283 A	0.01686	0.00593	0.97721
284 A	0.01672	0.00624	0.97703
285 A	0.01668	0.00644	0.97688
286 A	0.01667	0.00656	0.97677
287 T	0.01667	0.00652	0.97681
288 A	0.01666	0.00650	0.97683
289 A	0.01667	0.00638	0.97695
290 T	0.01668	0.00603	0.9773
291 T	0.01668	0.00559	0.97774
292 A	0.01667	0.00537	0.97796
293 T	0.01668	0.00512	0.97821
294 T	0.01667	0.00498	0.97835
295 T	0.01665	0.00482	0.97853
296 T	0.01662	0.00457	0.97881
297 A	0.01654	0.00451	0.97894
298 G	0.01652	0.00435	0.97912
299 G	0.01651	0.00412	0.97937
300 A	0.01651	0.00403	0.97946
301 G	0.01652	0.00392	0.97956
302 A	0.01658	0.00377	0.97965
303 G	0.01672	0.00337	0.97992
304 A	0.01702	0.00290	0.98009
305 A	0.01732	0.00245	0.98022
306 T	0.01789	0.00168	0.98042
307 C	0.01807	0.00139	0.98054
308 A	0.01821	0.00123	0.98056
309 T	0.01835	0.00109	0.98056
310 G	0.01838	0.00105	0.98057
311 G	0.01844	0.00099	0.98057
312 T	0.01856	0.00088	0.98056
313 T	0.01860	0.00086	0.98054
314 C	0.01851	0.00098	0.98051
315 T	0.01851	0.00100	0.98049
316 T	0.01843	0.00109	0.98048
317 A	0.01830	0.00122	0.98048
318 T	0.01825	0.00125	0.9805
319 C	0.01824	0.00124	0.98052
320 C	0.01823	0.00121	0.98056
321 T	0.01821	0.00122	0.98056
322 A	0.01803	0.00143	0.98054
323 T	0.01792	0.00157	0.98052
324 T	0.01718	0.00236	0.98046
325 C	0.01603	0.00352	0.98045
326 A	0.01553	0.00404	0.98044
327 A	0.01526	0.00432	0.98043
328 T	0.01511	0.00447	0.98042
329 C	0.01485	0.00473	0.98042
330 T	0.01466	0.00494	0.98041
331 A	0.01429	0.00530	0.98041
332 A	0.01402	0.00557	0.98041
333 A	0.01396	0.00563	0.98041
334 A	0.01394	0.00565	0.98042
335 A	0.01395	0.00560	0.98046
336 A	0.01399	0.00548	0.98054
337 C	0.01403	0.00524	0.98072
338 A	0.01407	0.00516	0.98078
339 T	0.01409	0.00504	0.98087
340 T	0.01410	0.00493	0.98097
341 C	0.01407	0.00490	0.98103
342 T	0.01405	0.00490	0.98105
343 A	0.01404	0.00486	0.9811
344 A	0.01404	0.00478	0.98118
345 A	0.01407	0.00453	0.98141
346 G	0.01411	0.00431	0.98159
347 T	0.01417	0.00332	0.98251
348 T	0.01420	0.00216	0.98365
349 T	0.01421	0.00165	0.98413
350 T	0.01419	0.00143	0.98438
351 T	0.01414	0.00129	0.98456
352 T	0.01404	0.00118	0.98477
353 T	0.01387	0.00121	0.98492
354 A	0.01361	0.00123	0.98517
355 C	0.01344	0.00116	0.9854
356 G	0.01331	0.00126	0.98543
357 T	0.01315	0.00142	0.98544
358 C	0.01298	0.00159	0.98543
359 A	0.01287	0.00177	0.98536
360 A	0.01279	0.00191	0.9853
361 G	0.01278	0.00195	0.98528
362 T	0.01277	0.00199	0.98524
363 A	0.01275	0.00201	0.98523
364 G	0.01275	0.00197	0.98528
365 C	0.01274	0.00195	0.98531
366 G	0.01274	0.00195	0.9853
367 C	0.01275	0.00196	0.98529
368 A	0.01276	0.00197	0.98527
369 T	0.01278	0.00197	0.98525
370 T	0.01280	0.00196	0.98524
371 T	0.01279	0.00198	0.98523
372 A	0.01277	0.00201	0.98522
373 A	0.01278	0.00195	0.98528
374 G	0.01278	0.00186	0.98536
375 A	0.01279	0.00175	0.98545
376 T	0.01282	0.00159	0.9856
377 T	0.01281	0.00138	0.98581
378 T	0.01279	0.00133	0.98588
379 A	0.01276	0.00128	0.98595
380 G	0.01274	0.00116	0.98609
381 G	0.01272	0.00107	0.98622
382 A	0.01275	0.00096	0.98629
383 C	0.01281	0.00083	0.98636
384 G	0.01283	0.00080	0.98637
385 A	0.01287	0.00076	0.98637
386 A	0.01288	0.00074	0.98638
387 A	0.01290	0.00072	0.98638
388 C	0.01292	0.00070	0.98639
389 T	0.01295	0.00065	0.9864
390 T	0.01297	0.00063	0.9864
391 T	0.01297	0.00062	0.98641
392 T	0.01296	0.00063	0.98641
393 C	0.01290	0.00068	0.98641
394 G	0.01283	0.00074	0.98642
395 G	0.01280	0.00077	0.98644
396 A	0.01277	0.00079	0.98644
397 G	0.01279	0.00077	0.98644
398 C	0.01282	0.00073	0.98644
399 T	0.01290	0.00065	0.98644
400 G	0.01294	0.00064	0.98643
401 T	0.01302	0.00054	0.98643
402 T	0.01302	0.00052	0.98645
403 T	0.01301	0.00053	0.98645
404 T	0.01299	0.00054	0.98647
405 C	0.01258	0.00096	0.98646
406 A	0.01234	0.00127	0.98639
407 G	0.01222	0.00144	0.98634
408 A	0.01211	0.00163	0.98626
409 A	0.01204	0.00175	0.98621
410 T	0.01201	0.00181	0.98619
411 T	0.01188	0.00198	0.98613
412 A	0.01167	0.00223	0.9861
413 G	0.01160	0.00231	0.98609
414 A	0.01158	0.00236	0.98607
415 A	0.01157	0.00235	0.98607
416 A	0.01157	0.00230	0.98613
417 T	0.01157	0.00223	0.9862
418 A	0.01156	0.00219	0.98624
419 C	0.01155	0.00216	0.98629
420 A	0.01155	0.00216	0.98629
421 G	0.01154	0.00216	0.9863
422 C	0.01156	0.00214	0.9863
423 T	0.01159	0.00211	0.9863
424 A	0.01159	0.00210	0.9863
425 G	0.01161	0.00206	0.98632
426 T	0.01165	0.00200	0.98635
427 A	0.01167	0.00196	0.98638
428 T	0.01171	0.00147	0.98682
429 G	0.01177	0.00117	0.98706
430 G	0.01182	0.00099	0.98719
431 T	0.01189	0.00084	0.98727
432 T	0.01194	0.00073	0.98733
433 A	0.01193	0.00072	0.98735
434 T	0.01197	0.00059	0.98744
435 T	0.01197	0.00045	0.98759
436 C	0.01190	0.00049	0.9876
437 A	0.01186	0.00080	0.98735
438 T	0.01184	0.00090	0.98725
439 G	0.01182	0.00098	0.9872
440 A	0.01182	0.00104	0.98714
441 T	0.01181	0.00106	0.98713
442 T	0.01180	0.00109	0.98711
443 T	0.01179	0.00111	0.98709
444 T	0.01178	0.00112	0.98709
445 T	0.01177	0.00114	0.98709
446 T	0.01175	0.00116	0.98709
447 T	0.01172	0.00120	0.98708
448 C	0.01168	0.00126	0.98706
449 A	0.01166	0.00141	0.98693
450 A	0.01165	0.00150	0.98685
451 A	0.01165	0.00157	0.98679
452 A	0.01165	0.00159	0.98676
453 A	0.01165	0.00162	0.98674
454 G	0.01167	0.00161	0.98673
455 A	0.01169	0.00161	0.98671
456 A	0.01172	0.00156	0.98672
457 G	0.01178	0.00149	0.98673
458 G	0.01184	0.00144	0.98672
459 A	0.01192	0.00138	0.9867
460 T	0.01218	0.00109	0.98673
461 T	0.01227	0.00102	0.98671
462 T	0.01231	0.00101	0.98668
463 A	0.01232	0.00104	0.98664
464 T	0.01232	0.00104	0.98663
465 T	0.01228	0.00109	0.98663
466 T	0.01222	0.00113	0.98665
467 G	0.01214	0.00120	0.98666
468 G	0.01205	0.00126	0.98669
469 G	0.01202	0.00127	0.98671
470 C	0.01201	0.00126	0.98672
471 A	0.01195	0.00134	0.98671
472 C	0.01204	0.00125	0.98671
473 A	0.01208	0.00120	0.98672
474 T	0.01210	0.00118	0.98672
475 A	0.01205	0.00123	0.98672
476 C	0.01203	0.00124	0.98672
477 C	0.01203	0.00124	0.98672
478 C	0.01203	0.00124	0.98673
479 C	0.01203	0.00124	0.98673
480 C	0.01205	0.00122	0.98673
481 A	0.01208	0.00120	0.98672
482 T	0.01217	0.00111	0.98672
483 T	0.01219	0.00109	0.98672
484 A	0.01218	0.00110	0.98672
485 T	0.01221	0.00106	0.98673
486 T	0.01223	0.00100	0.98676
487 A	0.01223	0.00097	0.98681
488 C	0.01223	0.00087	0.9869
489 T	0.01223	0.00083	0.98695
490 A	0.01221	0.00082	0.98698
491 C	0.01219	0.00080	0.98702
492 A	0.01214	0.00094	0.98692
493 A	0.01209	0.00109	0.98682
494 G	0.01208	0.00111	0.98681
495 T	0.01207	0.00116	0.98678
496 G	0.01203	0.00122	0.98675
497 A	0.01201	0.00126	0.98673
498 T	0.01200	0.00122	0.98679
499 G	0.01197	0.00122	0.98681
500 G	0.01197	0.00124	0.98679
501 T	0.01196	0.00127	0.98676
502 G	0.01195	0.00138	0.98667
503 A	0.01195	0.00142	0.98664
504 A	0.01195	0.00146	0.98658
505 G	0.01195	0.00145	0.9866
506 G	0.01194	0.00144	0.98662
507 C	0.01192	0.00143	0.98664
508 G	0.01192	0.00151	0.98658
509 C	0.01191	0.00156	0.98652
510 A	0.01191	0.00183	0.98626
511 G	0.01191	0.00198	0.98611
512 G	0.01192	0.00211	0.98597
513 A	0.01194	0.00220	0.98586
514 G	0.01197	0.00222	0.9858
515 A	0.01208	0.00215	0.98576
516 A	0.01222	0.00205	0.98573
517 T	0.01236	0.00196	0.98569
518 T	0.01243	0.00188	0.98569
519 A	0.01245	0.00183	0.98572
520 T	0.01250	0.00175	0.98575
521 T	0.01249	0.00175	0.98576
522 C	0.01243	0.00179	0.98577
523 C	0.01238	0.00186	0.98577
524 A	0.01235	0.00193	0.98573
525 A	0.01235	0.00198	0.98568
526 G	0.01230	0.00203	0.98568
527 T	0.01231	0.00203	0.98566
528 G	0.01220	0.00215	0.98565
529 A	0.01217	0.00217	0.98566
530 C	0.01220	0.00212	0.98568
531 T	0.01232	0.00201	0.98567
532 A	0.01239	0.00195	0.98566
533 C	0.01265	0.00168	0.98566
534 T	0.01282	0.00154	0.98564
535 T	0.01293	0.00144	0.98563
536 T	0.01299	0.00140	0.98561
537 A	0.01292	0.00149	0.98558
538 G	0.01294	0.00150	0.98556
539 A	0.01295	0.00151	0.98554
540 T	0.01298	0.00151	0.98552
541 T	0.01283	0.00170	0.98547
542 T	0.01253	0.00205	0.98542
543 A	0.01207	0.00262	0.9853
544 A	0.01153	0.00336	0.9851
545 A	0.01129	0.00363	0.98508
546 T	0.01111	0.00379	0.98509
547 A	0.01086	0.00412	0.98502
548 A	0.01061	0.00444	0.98495
549 A	0.01024	0.00475	0.98501
550 G	0.00999	0.00493	0.98508
551 T	0.00991	0.00492	0.98517
552 A	0.00980	0.00501	0.98519
553 C	0.00976	0.00501	0.98523
554 C	0.00975	0.00505	0.9852
555 T	0.00974	0.00518	0.98508
556 T	0.00969	0.00538	0.98493
557 T	0.00964	0.00553	0.98483
558 G	0.00954	0.00571	0.98475
559 G	0.00949	0.00584	0.98467
560 A	0.00947	0.00585	0.98468
561 T	0.00946	0.00584	0.98471
562 A	0.00940	0.00594	0.98466
563 A	0.00939	0.00604	0.98456
564 A	0.00943	0.00604	0.98453
565 G	0.00948	0.00616	0.98436
566 A	0.00958	0.00637	0.98405
567 T	0.00981	0.00622	0.98397
568 A	0.00985	0.00715	0.983
569 A	0.00985	0.00753	0.98262
570 A	0.00991	0.00747	0.98261
571 A	0.01002	0.00718	0.98279
572 A	0.01006	0.00679	0.98316
573 G	0.01010	0.00648	0.98342
574 G	0.01016	0.00632	0.98351
575 T	0.01028	0.00611	0.98361
576 T	0.01035	0.00601	0.98364
577 G	0.01039	0.00595	0.98365
578 A	0.01051	0.00587	0.98362
579 T	0.01069	0.00578	0.98353
580 T	0.01076	0.00608	0.98316
581 T	0.01081	0.00687	0.98232
582 T	0.01085	0.00701	0.98213
583 A	0.01088	0.00723	0.98188
584 A	0.01091	0.00747	0.98162
585 A	0.01101	0.00754	0.98145
586 C	0.01121	0.00750	0.98129
587 A	0.01152	0.00753	0.98096
588 A	0.01220	0.00699	0.98081
589 G	0.01299	0.00628	0.98074
590 A	0.01363	0.00570	0.98067
591 T	0.01475	0.00459	0.98066
592 T	0.01523	0.00407	0.98069
593 T	0.01539	0.00389	0.98071
594 T	0.01543	0.00386	0.9807
595 T	0.01544	0.00390	0.98066
596 T	0.01542	0.00396	0.98062
597 T	0.01535	0.00413	0.98052
598 G	0.01528	0.00428	0.98043
599 G	0.01526	0.00438	0.98036
600 A	0.01520	0.00447	0.98033
601 A	0.01525	0.00442	0.98033
602 A	0.01539	0.00428	0.98033
603 A	0.01584	0.00383	0.98034
604 C	0.01672	0.00293	0.98035
605 C	0.01701	0.00264	0.98036
606 A	0.01730	0.00235	0.98036
607 A	0.01765	0.00200	0.98036
608 C	0.01796	0.00169	0.98035
609 T	0.01827	0.00138	0.98035
610 T	0.01854	0.00111	0.98035
611 T	0.01865	0.00100	0.98034
612 T	0.01869	0.00097	0.98034
613 T	0.01867	0.00099	0.98034
614 T	0.01861	0.00105	0.98034
615 A	0.01845	0.00121	0.98034
616 A	0.01839	0.00126	0.98036
617 C	0.01842	0.00118	0.98041
618 T	0.01847	0.00113	0.98041
619 G	0.01849	0.00109	0.98042
620 T	0.01858	0.00098	0.98044
621 T	0.01862	0.00095	0.98043
622 A	0.01859	0.00103	0.98039
623 C	0.01857	0.00097	0.98046
624 T	0.01853	0.00099	0.98048
625 G	0.01849	0.00102	0.98048
626 G	0.01846	0.00106	0.98048
627 C	0.01841	0.00114	0.98044
628 C	0.01840	0.00130	0.9803
629 A	0.01839	0.00160	0.98001
630 A	0.01839	0.00175	0.97986
631 T	0.01839	0.00183	0.97979
632 T	0.01838	0.00194	0.97967
633 A	0.01833	0.00212	0.97955
634 G	0.01831	0.00221	0.97948
635 A	0.01831	0.00220	0.97949
636 A	0.01830	0.00214	0.97955
637 G	0.01830	0.00206	0.97964
638 G	0.01830	0.00192	0.97977
639 C	0.01830	0.00186	0.97983
640 G	0.01829	0.00187	0.97984
641 A	0.01830	0.00188	0.97983
642 A	0.01830	0.00188	0.97982
643 G	0.01832	0.00190	0.97978
644 C	0.01836	0.00194	0.9797
645 G	0.01840	0.00231	0.97928
646 A	0.01841	0.00234	0.97925
647 T	0.01843	0.00231	0.97926
648 G	0.01845	0.00229	0.97926
649 G	0.01849	0.00225	0.97926
650 C	0.01860	0.00212	0.97929
651 T	0.01881	0.00197	0.97922
652 T	0.01905	0.00175	0.97921
653 T	0.01916	0.00166	0.97919
654 A	0.01919	0.00164	0.97918
655 G	0.01924	0.00158	0.97917
656 C	0.01934	0.00144	0.97922
657 T	0.01941	0.00139	0.9792
658 T	0.01942	0.00146	0.97911
659 T	0.01942	0.00156	0.97903
660 T	0.01938	0.00169	0.97893
661 A	0.01934	0.00195	0.9787
662 A	0.01932	0.00205	0.97863
663 A	0.01931	0.00211	0.97858
664 A	0.01933	0.00215	0.97852
665 A	0.01938	0.00212	0.9785
666 G	0.01944	0.00206	0.97849
667 A	0.01958	0.00194	0.97848
668 T	0.02007	0.00144	0.97849
669 T	0.02017	0.00135	0.97848
670 T	0.02018	0.00134	0.97848
671 A	0.02016	0.00137	0.97847
672 T	0.02016	0.00137	0.97847
673 A	0.02017	0.00138	0.97845
674 C	0.02022	0.00133	0.97845
675 T	0.02025	0.00133	0.97841
676 T	0.02028	0.00136	0.97836
677 T	0.02029	0.00143	0.97828
678 T	0.02022	0.00152	0.97826
679 G	0.02001	0.00174	0.97826
680 G	0.01999	0.00175	0.97827
681 T	0.02009	0.00164	0.97828
682 C	0.02016	0.00153	0.9783
683 C	0.02026	0.00141	0.97833
684 T	0.02046	0.00122	0.97831
685 A	0.02053	0.00122	0.97826
686 C	0.02059	0.00119	0.97822
687 T	0.02066	0.00133	0.97801
688 T	0.02067	0.00162	0.97771
689 T	0.02068	0.00186	0.97747
690 T	0.02065	0.00209	0.97727
691 A	0.02060	0.00219	0.97721
692 G	0.02058	0.00224	0.97718
693 A	0.02056	0.00231	0.97713
694 G	0.02055	0.00240	0.97705
695 C	0.02055	0.00266	0.97679
696 T	0.02054	0.00412	0.97534
697 G	0.02022	0.00857	0.97121
698 A	0.02012	0.01214	0.96774
699 A	0.02008	0.01650	0.96341
700 A	0.02011	0.01689	0.96301
701 A	0.02000	0.01724	0.96276
702 T	0.01995	0.01722	0.96282
703 T	0.01987	0.01745	0.96268
704 C	0.01964	0.01800	0.96236
705 G	0.01943	0.02032	0.96025
706 A	0.01925	0.02128	0.95947
707 A	0.01919	0.02236	0.95844
708 T	0.01910	0.02282	0.95808
709 A	0.01893	0.02304	0.95803
710 C	0.01904	0.02291	0.95804
711 T	0.01923	0.02272	0.95805
712 T	0.01923	0.02273	0.95805
713 C	0.01909	0.02286	0.95805
714 C	0.01899	0.02296	0.95804
715 A	0.01895	0.02304	0.958
716 A	0.01903	0.02299	0.95798
717 A	0.01924	0.02280	0.95796
718 C	0.01984	0.02220	0.95796
719 A	0.02157	0.02049	0.95793
720 T	0.02584	0.01596	0.9582
721 A	0.02860	0.01310	0.95829
722 T	0.03247	0.00917	0.95837
723 A	0.03286	0.00876	0.95838
724 T	0.03327	0.00809	0.95864
725 C	0.03334	0.00789	0.95877
726 A	0.03349	0.00792	0.9586
727 G	0.03378	0.00772	0.9585
728 A	0.03568	0.00628	0.95804
729 A	0.03639	0.00633	0.95728
730 T	0.03701	0.00609	0.9569
731 T	0.03586	0.00771	0.95643
732 T	0.03304	0.01157	0.95538
733 T	0.03132	0.01492	0.95376
734 G	0.02795	0.01948	0.95258
735 G	0.02694	0.02169	0.95137
736 A	0.02643	0.02349	0.95007
737 T	0.02627	0.02367	0.95006
738 G	0.02530	0.02469	0.95002
739 A	0.02442	0.02568	0.9499
740 T	0.02376	0.02636	0.94988
741 C	0.02241	0.02771	0.94988
742 G	0.02140	0.02874	0.94986
743 A	0.02125	0.02889	0.94987
744 A	0.02117	0.02895	0.94988
745 C	0.02108	0.02901	0.94991
746 C	0.02097	0.02912	0.94991
747 C	0.02084	0.02925	0.94991
748 G	0.02078	0.02941	0.94981
749 A	0.02092	0.02948	0.9496
750 A	0.02106	0.02958	0.94936
751 A	0.02168	0.02898	0.94935
752 T	0.02275	0.02758	0.94968
753 G	0.02337	0.02509	0.95155
754 G	0.02452	0.02109	0.95439
755 C	0.02622	0.01644	0.95734
756 T	0.02842	0.01419	0.9574
757 T	0.02940	0.01262	0.95798
758 T	0.03025	0.01269	0.95707
759 T	0.03069	0.01353	0.95578
760 T	0.03051	0.01629	0.9532
761 G	0.03024	0.02004	0.94972
762 T	0.03019	0.02819	0.94162
763 A	0.03008	0.03426	0.93566
764 A	0.02950	0.03955	0.93095
765 T	0.02920	0.04355	0.92725
766 T	0.02884	0.04935	0.92181
767 T	0.02806	0.05442	0.91752
768 A	0.02701	0.06096	0.91202
769 A	0.02653	0.06595	0.90752
770 A	0.02623	0.06975	0.90402
771 A	0.02580	0.07544	0.89876
772 G	0.02543	0.08247	0.89209
773 A	0.02438	0.09571	0.87991
774 A	0.02259	0.10838	0.86903
775 A	0.02194	0.11387	0.8642
776 A	0.02169	0.11819	0.86012
777 T	0.02215	0.11832	0.85953
778 A	0.02232	0.11870	0.85898
779 T	0.02347	0.11815	0.85838
780 G	0.02432	0.11891	0.85677
781 C	0.02573	0.12021	0.85405
782 A	0.02704	0.13746	0.8355
783 A	0.02973	0.14296	0.82731
784 A	0.03463	0.13925	0.82613
785 T	0.04405	0.13046	0.82549
786 A	0.04721	0.12741	0.82538
787 G	0.05120	0.12241	0.82638
788 C	0.05504	0.11779	0.82716
789 T	0.05710	0.11580	0.82709
790 C	0.05405	0.11912	0.82684
791 A	0.04915	0.12516	0.82569
792 A	0.04683	0.12872	0.82444
793 A	0.04414	0.13254	0.82331
794 A	0.04453	0.13275	0.82271
795 A	0.04782	0.12928	0.8229
796 A	0.05771	0.11841	0.82388
797 T	0.06647	0.10753	0.82599
798 G	0.06762	0.10539	0.82699
799 C	0.06958	0.10274	0.82768
800 T	0.06956	0.10266	0.82779
801 G	0.06914	0.10294	0.82792
802 C	0.07032	0.10168	0.828
803 A	0.07298	0.09909	0.82793
804 A	0.07658	0.09550	0.82793
805 T	0.09503	0.07664	0.82833
806 A	0.10205	0.06910	0.82886
807 T	0.10353	0.06719	0.82928
808 A	0.10383	0.06559	0.83058
809 T	0.10419	0.06172	0.83408
810 T	0.10380	0.05969	0.83651
811 A	0.10110	0.06066	0.83825
812 T	0.10028	0.05809	0.84164
813 T	0.09726	0.05904	0.8437
814 A	0.08599	0.06866	0.84536
815 A	0.07384	0.07983	0.84632
816 A	0.06443	0.08713	0.84843
817 A	0.05461	0.09554	0.84985
818 A	0.05108	0.09881	0.85012
819 T	0.05089	0.10170	0.84742
820 T	0.04936	0.11899	0.83164
821 G	0.04619	0.13524	0.81857
822 T	0.04457	0.14697	0.80846
823 T	0.04149	0.16271	0.7958
824 T	0.03532	0.17873	0.78595
825 A	0.02137	0.20102	0.7776
826 G	0.01644	0.20927	0.7743
827 A	0.01352	0.21559	0.7709
828 A	0.01210	0.21838	0.76952
829 A	0.01151	0.21939	0.7691
830 A	0.01142	0.21954	0.76904
831 A	0.01155	0.21907	0.76938
832 A	0.01172	0.21845	0.76983
833 A	0.01243	0.21681	0.77076
834 T	0.01457	0.21122	0.77421
835 A	0.01574	0.20813	0.77612
836 A	0.01806	0.20184	0.7801
837 A	0.02109	0.18821	0.79069
838 G	0.02401	0.17282	0.80317
839 A	0.02688	0.16037	0.81275
840 A	0.03081	0.14655	0.82265
841 G	0.03668	0.13611	0.82721
842 A	0.04751	0.12359	0.8289
843 T	0.08118	0.08540	0.83342
844 T	0.10277	0.05751	0.83972
845 T	0.11368	0.04199	0.84433
846 T	0.11970	0.03242	0.84788
847 T	0.12283	0.02549	0.85168
848 T	0.12433	0.01716	0.85851
849 A	0.12515	0.01759	0.85726
850 T	0.12686	0.01865	0.85448
851 T	0.12667	0.02763	0.8457
852 T	0.12374	0.04339	0.83287
853 T	0.11595	0.06747	0.81657
854 T	0.09745	0.09903	0.80352
855 A	0.05985	0.14517	0.79498
856 G	0.03906	0.17169	0.78926
857 A	0.02810	0.19269	0.77921
858 A	0.02086	0.20614	0.773
859 G	0.01719	0.21235	0.77046
860 A	0.01580	0.21537	0.76883
861 A	0.01512	0.21731	0.76757
862 A	0.01486	0.21908	0.76606
863 A	0.01489	0.21920	0.76592
864 T	0.01503	0.21921	0.76575
865 G	0.01497	0.21956	0.76546
866 T	0.01445	0.22064	0.76491
867 C	0.01351	0.22192	0.76457
868 G	0.01307	0.22291	0.76403
869 A	0.01275	0.22397	0.76327
870 A	0.01309	0.22398	0.76294
871 A	0.01483	0.22245	0.76272
872 A	0.02044	0.21693	0.76263
873 A	0.02862	0.20720	0.76418
874 A	0.04075	0.19075	0.76849
875 A	0.05569	0.16603	0.77829
876 T	0.07365	0.13633	0.79002
877 T	0.08484	0.10778	0.80737
878 T	0.08934	0.07884	0.83183
879 A	0.09060	0.06324	0.84616
880 A	0.09660	0.05035	0.85305
881 T	0.10121	0.04143	0.85736
882 T	0.09963	0.04476	0.85561
883 C	0.09358	0.05460	0.85183
884 A	0.08911	0.06755	0.84334
885 A	0.08406	0.07787	0.83808
886 A	0.07969	0.08525	0.83506
887 G	0.07368	0.09344	0.83289
888 A	0.06858	0.09975	0.83167
889 T	0.06673	0.10181	0.83146
890 T	0.06175	0.11049	0.82776
891 A	0.05214	0.13124	0.81662
892 G	0.04027	0.15849	0.80125
893 A	0.02885	0.18372	0.78743
894 A	0.02182	0.19574	0.78244
895 A	0.01805	0.20163	0.78033
896 A	0.01639	0.20421	0.7794
897 A	0.01618	0.20489	0.77892
898 A	0.01701	0.20375	0.77923
899 T	0.01813	0.20185	0.78001
900 A	0.01746	0.20155	0.78099
901 G	0.01804	0.19871	0.78325
902 C	0.01921	0.19501	0.78578
903 G	0.02122	0.19310	0.78568
904 A	0.02512	0.18941	0.78547
905 A	0.03238	0.17992	0.7877
906 T	0.04006	0.16732	0.79261
907 T	0.04586	0.15822	0.79591
908 T	0.04591	0.15254	0.80156
909 A	0.04056	0.15431	0.80513
910 A	0.03393	0.15598	0.81008
911 A	0.02752	0.15692	0.81556
912 A	0.02615	0.15421	0.81964
913 G	0.03042	0.14327	0.82631
914 A	0.04212	0.12296	0.83492
915 A	0.05807	0.09610	0.84583
916 T	0.07272	0.07095	0.85633
917 T	0.07655	0.06332	0.86014
918 T	0.07270	0.06889	0.8584
919 A	0.06763	0.08447	0.8479
920 A	0.06150	0.10084	0.83766
921 A	0.05425	0.11525	0.8305
922 A	0.05182	0.12096	0.82722
923 A	0.05137	0.12262	0.82601
924 A	0.05047	0.12533	0.8242
925 A	0.04900	0.12862	0.82238
926 T	0.04708	0.13175	0.82118
927 T	0.04202	0.14240	0.81559
928 A	0.03489	0.15369	0.81142
929 A	0.03363	0.15667	0.80969
930 A	0.03334	0.15609	0.81057
931 T	0.03380	0.15119	0.81501
932 A	0.03343	0.14589	0.82069
933 T	0.03446	0.13753	0.828
934 G	0.03416	0.13205	0.83379
935 C	0.03413	0.12941	0.83646
936 T	0.03411	0.12921	0.83668
937 G	0.03376	0.12933	0.83691
938 A	0.03428	0.12867	0.83706
939 A	0.03449	0.12799	0.83752
940 G	0.03701	0.12461	0.83838
941 C	0.04212	0.11280	0.84507
942 A	0.05337	0.09858	0.84806
943 A	0.06365	0.08387	0.85248
944 T	0.07162	0.07025	0.85812
945 T	0.07415	0.06655	0.8593
946 G	0.07569	0.06543	0.85888
947 A	0.07858	0.06137	0.86005
948 A	0.08151	0.05615	0.86233
949 A	0.08385	0.04984	0.86631
950 T	0.09090	0.03666	0.87244
951 T	0.09469	0.02673	0.87858
952 T	0.09611	0.02355	0.88034
953 T	0.09563	0.02317	0.8812
954 A	0.09372	0.02453	0.88175
955 T	0.09248	0.02462	0.8829
956 C	0.09035	0.02619	0.88346
957 T	0.08884	0.02955	0.8816
958 A	0.07696	0.04644	0.8766
959 A	0.07067	0.05497	0.87435
960 A	0.06408	0.06355	0.87238
961 A	0.05564	0.07333	0.87103
962 G	0.04632	0.08096	0.87272
963 T	0.04394	0.08305	0.87301
964 A	0.04273	0.08500	0.87227
965 A	0.04326	0.08441	0.87233
966 C	0.04404	0.08323	0.87273
967 A	0.04452	0.08294	0.87254
968 T	0.04539	0.08175	0.87286
969 T	0.04532	0.08150	0.87318
970 G	0.04384	0.08297	0.87319
971 A	0.04312	0.08355	0.87333
972 A	0.04275	0.08306	0.87419
973 T	0.04268	0.08193	0.87539
974 T	0.04207	0.08103	0.8769
975 C	0.04070	0.08092	0.87838
976 G	0.04013	0.08109	0.87878
977 A	0.04001	0.08089	0.8791
978 A	0.04022	0.08030	0.87947
979 A	0.04072	0.07877	0.88051
980 A	0.04316	0.07524	0.88161
981 T	0.04843	0.05724	0.89433
982 A	0.05040	0.04835	0.90125
983 A	0.05241	0.03932	0.90827
984 A	0.05404	0.02917	0.91678
985 C	0.05451	0.01892	0.92657
986 C	0.05502	0.01608	0.9289
987 T	0.05631	0.01405	0.92964
988 G	0.05684	0.01336	0.9298
989 T	0.05727	0.01287	0.92986
990 T	0.05752	0.01261	0.92987
991 T	0.05753	0.01240	0.93007
992 A	0.05742	0.01116	0.93142
993 T	0.05747	0.00898	0.93355
994 G	0.05733	0.00777	0.9349
995 G	0.05726	0.00688	0.93586
996 T	0.05731	0.00615	0.93654
997 T	0.05726	0.00552	0.93722
998 C	0.05621	0.00595	0.93785
999 G	0.05515	0.00825	0.93659
1000 G	0.05486	0.01106	0.93408
1001 A	0.05449	0.01458	0.93093
1002 T	0.05471	0.01582	0.92948
1003 T	0.05466	0.01720	0.92815
1004 T	0.05448	0.01859	0.92693
1005 A	0.05409	0.01960	0.92631
1006 T	0.05385	0.01983	0.92631
1007 T	0.05334	0.02042	0.92623
1008 T	0.05225	0.02169	0.92606
1009 A	0.05128	0.02309	0.92563
1010 C	0.05050	0.02399	0.92551
1011 A	0.04946	0.02518	0.92535
1012 G	0.04863	0.02620	0.92517
1013 A	0.04834	0.02656	0.9251
1014 A	0.04776	0.02711	0.92513
1015 C	0.04758	0.02716	0.92527
1016 A	0.04755	0.02709	0.92536
1017 T	0.04757	0.02690	0.92553
1018 G	0.04749	0.02687	0.92564
1019 A	0.04756	0.02674	0.9257
1020 A	0.04780	0.02638	0.92583
1021 A	0.04835	0.02463	0.92702
1022 G	0.04989	0.02183	0.92827
1023 A	0.05308	0.01805	0.92887
1024 T	0.05694	0.01355	0.9295
1025 T	0.05848	0.01178	0.92974
1026 T	0.05940	0.01070	0.9299
1027 T	0.05998	0.00985	0.93017
1028 T	0.06022	0.00917	0.9306
1029 A	0.06020	0.00885	0.93094
1030 A	0.06028	0.00810	0.93162
1031 C	0.06049	0.00655	0.93296
1032 T	0.06093	0.00551	0.93356
1033 A	0.06102	0.00496	0.93403
1034 A	0.06118	0.00411	0.93471
1035 T	0.06142	0.00320	0.93538
1036 T	0.06148	0.00285	0.93566
1037 T	0.06150	0.00207	0.93644
1038 T	0.06148	0.00168	0.93684
1039 T	0.06146	0.00148	0.93706
1040 T	0.06144	0.00142	0.93714
1041 T	0.06138	0.00138	0.93724
1042 G	0.06122	0.00153	0.93725
1043 A	0.06111	0.00164	0.93725
1044 T	0.06107	0.00165	0.93727
1045 G	0.06091	0.00180	0.9373
1046 A	0.06087	0.00183	0.93731
1047 A	0.06090	0.00178	0.93732
1048 C	0.06096	0.00165	0.93738
1049 C	0.06108	0.00150	0.93742
1050 T	0.06115	0.00143	0.93743
1051 G	0.06118	0.00138	0.93744
1052 T	0.06124	0.00130	0.93745
1053 T	0.06127	0.00127	0.93746
1054 T	0.06126	0.00127	0.93748
1055 T	0.06125	0.00122	0.93752
1056 T	0.06117	0.00126	0.93757
1057 G	0.06106	0.00135	0.93759
1058 T	0.06103	0.00136	0.93761
1059 T	0.06088	0.00149	0.93763
1060 A	0.06053	0.00186	0.9376
1061 T	0.06033	0.00207	0.9376
1062 C	0.06002	0.00245	0.93753
1063 G	0.05955	0.00321	0.93723
1064 A	0.05928	0.00367	0.93705
1065 T	0.05926	0.00361	0.93713
1066 T	0.05917	0.00363	0.9372
1067 G	0.05904	0.00373	0.93723
1068 G	0.05873	0.00387	0.9374
1069 C	0.05854	0.00401	0.93745
1070 C	0.05845	0.00409	0.93745
1071 T	0.05835	0.00421	0.93744
1072 A	0.05821	0.00436	0.93743
1073 T	0.05815	0.00444	0.93742
1074 T	0.05794	0.00467	0.93738
1075 G	0.05763	0.00504	0.93732
1076 A	0.05745	0.00522	0.93733
1077 G	0.05732	0.00533	0.93735
1078 A	0.05714	0.00550	0.93736
1079 T	0.05704	0.00549	0.93748
1080 C	0.05664	0.00576	0.9376
1081 A	0.05626	0.00612	0.93762
1082 A	0.05616	0.00607	0.93777
1083 A	0.05621	0.00573	0.93805
1084 G	0.05631	0.00538	0.93831
1085 C	0.05649	0.00495	0.93857
1086 T	0.05680	0.00419	0.93901
1087 T	0.05695	0.00384	0.93921
1088 T	0.05694	0.00383	0.93923
1089 T	0.05688	0.00393	0.93919
1090 T	0.05678	0.00412	0.93911
1091 A	0.05664	0.00414	0.93923
1092 T	0.05652	0.00416	0.93931
1093 A	0.05623	0.00470	0.93907
1094 T	0.05534	0.00589	0.93878
1095 G	0.05240	0.00946	0.93814
1096 A	0.04904	0.01418	0.93678
1097 A	0.04770	0.01601	0.93629
1098 A	0.04701	0.01706	0.93593
1099 A	0.04660	0.01753	0.93587
1100 A	0.04648	0.01769	0.93583
1101 T	0.04632	0.01764	0.93603
1102 A	0.04617	0.01767	0.93617
1103 A	0.04614	0.01733	0.93653
1104 T	0.04612	0.01704	0.93684
1105 C	0.04608	0.01700	0.93693
1106 C	0.04605	0.01707	0.93689
1107 A	0.04600	0.01718	0.93682
1108 G	0.04589	0.01731	0.93679
1109 A	0.04586	0.01735	0.93679
1110 T	0.04577	0.01745	0.93678
1111 C	0.04523	0.01796	0.93682
1112 A	0.04501	0.01813	0.93686
1113 C	0.04497	0.01799	0.93704
1114 A	0.04495	0.01790	0.93716
1115 A	0.04501	0.01772	0.93727
1116 A	0.04539	0.01714	0.93747
1117 A	0.04594	0.01539	0.93867
1118 C	0.04678	0.01171	0.94151
1119 T	0.04814	0.00704	0.94482
1120 G	0.04856	0.00535	0.94609
1121 T	0.04903	0.00423	0.94673
1122 G	0.04911	0.00381	0.94709
1123 G	0.04922	0.00355	0.94722
1124 C	0.04926	0.00319	0.94755
1125 C	0.04928	0.00301	0.94771
1126 G	0.04930	0.00296	0.94774
1127 C	0.04933	0.00295	0.94772
1128 T	0.04918	0.00338	0.94743
1129 A	0.04874	0.00402	0.94724
1130 T	0.04858	0.00420	0.94722
1131 G	0.04830	0.00449	0.94722
1132 G	0.04822	0.00483	0.94695
1133 A	0.04818	0.00486	0.94696
1134 T	0.04819	0.00430	0.94751
1135 T	0.04819	0.00421	0.94761
1136 T	0.04806	0.00453	0.9474
1137 A	0.04768	0.00511	0.94721
1138 T	0.04747	0.00545	0.94708
1139 T	0.04711	0.00602	0.94687
1140 A	0.04653	0.00664	0.94683
1141 G	0.04628	0.00685	0.94687
1142 T	0.04613	0.00696	0.94691
1143 T	0.04571	0.00733	0.94697
1144 C	0.04505	0.00797	0.94698
1145 C	0.04463	0.00843	0.94694
1146 T	0.04430	0.00897	0.94672
1147 A	0.04397	0.00965	0.94638
1148 A	0.04382	0.00993	0.94624
1149 A	0.04376	0.01003	0.9462
1150 A	0.04381	0.00997	0.94622
1151 T	0.04413	0.00931	0.94655
1152 T	0.04436	0.00857	0.94707
1153 G	0.04442	0.00828	0.94729
1154 G	0.04456	0.00794	0.9475
1155 T	0.04484	0.00761	0.94756
1156 G	0.04496	0.00753	0.9475
1157 A	0.04480	0.00785	0.94735
1158 A	0.04492	0.00782	0.94726
1159 T	0.04521	0.00747	0.94732
1160 T	0.04506	0.00748	0.94746
1161 A	0.04434	0.00840	0.94725
1162 A	0.04371	0.00900	0.94729
1163 T	0.04319	0.00924	0.94757
1164 A	0.04111	0.01149	0.9474
1165 G	0.03870	0.01425	0.94705
1166 G	0.03779	0.01530	0.94691
1167 T	0.03735	0.01559	0.94706
1168 G	0.03665	0.01607	0.94728
1169 G	0.03642	0.01616	0.94742
1170 T	0.03656	0.01582	0.94762
1171 T	0.03627	0.01605	0.94767
1172 C	0.03536	0.01702	0.94762
1173 T	0.03423	0.01867	0.94711
1174 C	0.03248	0.02080	0.94672
1175 A	0.03105	0.02290	0.94605
1176 A	0.02992	0.02440	0.94568
1177 A	0.02904	0.02544	0.94552
1178 G	0.02847	0.02603	0.9455
1179 A	0.02782	0.02672	0.94546
1180 G	0.02702	0.02723	0.94575
1181 A	0.02653	0.02767	0.94581
1182 A	0.02631	0.02783	0.94585
1183 G	0.02620	0.02770	0.94609
1184 A	0.02645	0.02686	0.9467
1185 A	0.02670	0.02599	0.94731
1186 A	0.02697	0.02515	0.94788
1187 A	0.02750	0.02278	0.94971
1188 T	0.02824	0.01993	0.95183
1189 T	0.02862	0.01888	0.9525
1190 T	0.02852	0.01910	0.95238
1191 A	0.02810	0.02005	0.95185
1192 G	0.02792	0.02083	0.95125
1193 A	0.02787	0.02143	0.95069
1194 A	0.02796	0.02176	0.95029
1195 A	0.02827	0.02119	0.95054
1196 T	0.02893	0.02016	0.95091
1197 T	0.02916	0.01935	0.95149
1198 T	0.02915	0.01931	0.95154
1199 T	0.02859	0.02039	0.95102
1200 A	0.02729	0.02271	0.95
1201 A	0.02640	0.02463	0.94897
1202 A	0.02603	0.02492	0.94905
1203 A	0.02572	0.02474	0.94954
1204 G	0.02567	0.02439	0.94994
1205 A	0.02577	0.02413	0.95009
1206 T	0.02596	0.02381	0.95022
1207 A	0.02603	0.02384	0.95012
1208 A	0.02616	0.02364	0.9502
1209 G	0.02639	0.02324	0.95038
1210 A	0.02673	0.02278	0.95049
1211 T	0.02723	0.02206	0.95071
1212 G	0.02764	0.02143	0.95093
1213 C	0.02837	0.02045	0.95118
1214 A	0.02936	0.01967	0.95097
1215 T	0.03048	0.01880	0.95072
1216 A	0.03093	0.01881	0.95025
1217 A	0.03191	0.01835	0.94975
1218 A	0.03316	0.01724	0.9496
1219 T	0.03517	0.01462	0.9502
1220 T	0.03635	0.01297	0.95068
1221 T	0.03721	0.01182	0.95098
1222 A	0.03748	0.01161	0.95091
1223 A	0.03812	0.01074	0.95115
1224 T	0.03901	0.00948	0.9515
1225 A	0.03894	0.00932	0.95174
1226 T	0.03923	0.00884	0.95193
1227 T	0.03922	0.00866	0.95212
1228 G	0.03877	0.00897	0.95225
1229 C	0.03856	0.00910	0.95234
1230 T	0.03839	0.00925	0.95236
1231 C	0.03783	0.00980	0.95237
1232 C	0.03736	0.01032	0.95231
1233 A	0.03700	0.01083	0.95217
1234 G	0.03668	0.01128	0.95204
1235 A	0.03651	0.01159	0.9519
1236 A	0.03655	0.01162	0.95183
1237 G	0.03697	0.01123	0.9518
1238 A	0.03736	0.01080	0.95184
1239 A	0.03785	0.01012	0.95203
1240 T	0.03846	0.00935	0.9522
1241 T	0.03866	0.00903	0.95231
1242 A	0.03874	0.00888	0.95238
1243 G	0.03888	0.00858	0.95254
1244 A	0.03913	0.00811	0.95276
1245 A	0.03963	0.00721	0.95316
1246 T	0.04025	0.00614	0.95361
1247 G	0.04052	0.00552	0.95396
1248 G	0.04068	0.00488	0.95444
1249 T	0.04089	0.00441	0.9547
1250 A	0.04095	0.00409	0.95496
1251 T	0.04099	0.00344	0.95557
1252 T	0.04103	0.00313	0.95585
1253 T	0.04106	0.00280	0.95615
1254 A	0.04107	0.00236	0.95657
1255 G	0.04111	0.00195	0.95694
1256 A	0.04121	0.00157	0.95723
1257 T	0.04135	0.00111	0.95754
1258 T	0.04149	0.00078	0.95774
1259 T	0.04155	0.00065	0.9578
1260 G	0.04158	0.00059	0.95783
1261 C	0.04161	0.00054	0.95785
1262 G	0.04162	0.00053	0.95785
1263 T	0.04165	0.00050	0.95785
1264 C	0.04166	0.00049	0.95785
1265 G	0.04168	0.00050	0.95783
1266 T	0.04170	0.00050	0.9578
1267 T	0.04171	0.00053	0.95775
1268 T	0.04171	0.00054	0.95775
1269 T	0.04169	0.00056	0.95775
1270 G	0.04166	0.00059	0.95775
1271 G	0.04166	0.00059	0.95775
1272 C	0.04166	0.00059	0.95775
1273 G	0.04168	0.00058	0.95774
1274 G	0.04171	0.00058	0.95772
1275 T	0.04179	0.00056	0.95765
1276 T	0.04184	0.00057	0.95759
1277 G	0.04184	0.00065	0.95751
1278 T	0.04186	0.00064	0.95749
1279 A	0.04185	0.00068	0.95746
1280 T	0.04184	0.00071	0.95745
1281 A	0.04183	0.00075	0.95742
1282 C	0.04182	0.00074	0.95744
1283 A	0.04182	0.00075	0.95743
1284 T	0.04182	0.00075	0.95743
1285 T	0.04181	0.00077	0.95742
1286 C	0.04178	0.00082	0.9574
1287 A	0.04177	0.00099	0.95725
1288 G	0.04175	0.00119	0.95707
1289 G	0.04174	0.00126	0.957
1290 T	0.04177	0.00128	0.95696
1291 T	0.04174	0.00134	0.95692
1292 T	0.04163	0.00151	0.95686
1293 C	0.04138	0.00181	0.95681
1294 G	0.04123	0.00210	0.95666
1295 G	0.04111	0.00249	0.9564
1296 A	0.04109	0.00285	0.95606
1297 A	0.04109	0.00304	0.95586
1298 T	0.04115	0.00307	0.95578
1299 A	0.04117	0.00310	0.95573
1300 G	0.04121	0.00308	0.95571
1301 G	0.04121	0.00308	0.95571
1302 A	0.04122	0.00306	0.95573
1303 T	0.04124	0.00303	0.95573
1304 T	0.04123	0.00302	0.95575
1305 C	0.04112	0.00313	0.95575
1306 G	0.04106	0.00323	0.95572
1307 A	0.04103	0.00329	0.95568
1308 A	0.04103	0.00333	0.95563
1309 A	0.04105	0.00335	0.9556
1310 G	0.04120	0.00321	0.95559
1311 A	0.04139	0.00298	0.95563
1312 T	0.04153	0.00279	0.95568
1313 T	0.04161	0.00267	0.95572
1314 A	0.04167	0.00256	0.95576
1315 T	0.04183	0.00228	0.95589
1316 T	0.04193	0.00197	0.9561
1317 A	0.04200	0.00179	0.95621
1318 C	0.04219	0.00147	0.95634
1319 T	0.04250	0.00116	0.95634
1320 T	0.04263	0.00105	0.95632
1321 T	0.04262	0.00109	0.9563
1322 A	0.04254	0.00118	0.95628
1323 T	0.04249	0.00123	0.95627
1324 T	0.04240	0.00129	0.9563
1325 T	0.04221	0.00147	0.95632
1326 A	0.04189	0.00180	0.95632
1327 A	0.04162	0.00206	0.95632
1328 C	0.04158	0.00200	0.95643
1329 T	0.04159	0.00209	0.95633
