# lcl|CP097583.1_cds_USQ93557.1_1
# AA	inside	membr	outside
1 T	0.55403	0.00000	0.44597
2 T	0.54727	0.00676	0.44597
3 G	0.54433	0.00970	0.44597
4 G	0.54433	0.05409	0.40158
5 A	0.53208	0.11722	0.3507
6 A	0.53208	0.12230	0.34563
7 T	0.51219	0.14356	0.34425
8 T	0.51219	0.14360	0.34421
9 A	0.50362	0.15380	0.34258
10 A	0.50361	0.27821	0.21819
11 A	0.50134	0.29333	0.20533
12 T	0.47023	0.33149	0.19829
13 A	0.38140	0.45066	0.16795
14 A	0.38138	0.45068	0.16795
15 A	0.38138	0.54931	0.06931
16 A	0.38063	0.55007	0.06931
17 G	0.38027	0.55083	0.0689
18 T	0.38027	0.55172	0.06802
19 A	0.38004	0.55239	0.06757
20 A	0.37977	0.55843	0.0618
21 T	0.37999	0.55779	0.06223
22 A	0.38288	0.55445	0.06268
23 T	0.39103	0.54448	0.06448
24 G	0.40077	0.53452	0.06471
25 T	0.41788	0.50944	0.07268
26 T	0.42336	0.50347	0.07317
27 T	0.45017	0.47704	0.07279
28 T	0.47154	0.45269	0.07577
29 A	0.47278	0.45784	0.06938
30 T	0.47635	0.44537	0.07828
31 A	0.47528	0.44869	0.07603
32 A	0.47931	0.43851	0.08219
33 A	0.58289	0.33118	0.08593
34 A	0.60259	0.30818	0.08923
35 T	0.63457	0.24445	0.12099
36 A	0.66632	0.14366	0.19002
37 T	0.67647	0.13300	0.19052
38 T	0.74317	0.06563	0.1912
39 C	0.74152	0.06772	0.19076
40 T	0.74281	0.06803	0.18917
41 T	0.74202	0.07037	0.18761
42 C	0.74006	0.07580	0.18414
43 T	0.74330	0.07726	0.17944
44 T	0.73798	0.10561	0.15641
45 A	0.73218	0.14808	0.11975
46 A	0.73177	0.15257	0.11565
47 T	0.73139	0.15476	0.11385
48 A	0.73024	0.15831	0.11145
49 T	0.73386	0.15637	0.10977
50 T	0.73716	0.15728	0.10556
51 A	0.73934	0.15507	0.10559
52 T	0.74487	0.14741	0.10771
53 T	0.74645	0.14447	0.10908
54 T	0.74711	0.14203	0.11086
55 T	0.74470	0.14416	0.11114
56 C	0.74127	0.14721	0.11152
57 A	0.73676	0.15199	0.11124
58 A	0.73399	0.15498	0.11103
59 T	0.73571	0.15353	0.11076
60 T	0.73462	0.15463	0.11075
61 A	0.73116	0.15811	0.11073
62 T	0.73094	0.15465	0.11441
63 A	0.72874	0.15474	0.11651
64 C	0.73063	0.14824	0.12113
65 T	0.74227	0.13355	0.12417
66 T	0.74943	0.12573	0.12484
67 T	0.76703	0.10577	0.12719
68 T	0.78772	0.08285	0.12943
69 T	0.77889	0.09231	0.12881
70 A	0.76211	0.10862	0.12928
71 T	0.75204	0.11789	0.13008
72 T	0.73102	0.14003	0.12896
73 A	0.69313	0.17981	0.12707
74 T	0.67051	0.20297	0.12652
75 T	0.64465	0.23167	0.12368
76 T	0.59986	0.28666	0.11348
77 A	0.50777	0.39331	0.09893
78 T	0.43524	0.47584	0.08892
79 A	0.28013	0.64556	0.07431
80 A	0.20122	0.72484	0.07395
81 A	0.15502	0.77285	0.07212
82 A	0.13689	0.79133	0.07179
83 T	0.13219	0.79375	0.07406
84 A	0.12068	0.80333	0.07599
85 A	0.11368	0.80888	0.07745
86 A	0.10908	0.81083	0.08008
87 T	0.10710	0.81134	0.08155
88 G	0.09004	0.83009	0.07987
89 A	0.07807	0.84649	0.07543
90 A	0.07048	0.85772	0.07179
91 A	0.06225	0.86667	0.07108
92 A	0.05640	0.86981	0.07379
93 A	0.05156	0.86670	0.08174
94 A	0.04757	0.86625	0.08618
95 A	0.04564	0.84069	0.11367
96 A	0.04359	0.80257	0.15383
97 G	0.04310	0.76869	0.18822
98 A	0.04635	0.77257	0.18107
99 A	0.05747	0.77179	0.17074
100 A	0.07139	0.72980	0.19881
101 A	0.08314	0.65898	0.25788
102 T	0.09809	0.50076	0.40115
103 A	0.09778	0.44844	0.45378
104 T	0.09752	0.42557	0.47691
105 C	0.08596	0.47689	0.43714
106 A	0.07114	0.65788	0.27099
107 A	0.06329	0.72625	0.21047
108 A	0.05718	0.75745	0.18537
109 G	0.05580	0.77431	0.16989
110 A	0.05364	0.80675	0.13961
111 A	0.05611	0.80929	0.13459
112 G	0.06176	0.80675	0.13149
113 A	0.06928	0.80576	0.12496
114 A	0.07564	0.80777	0.11659
115 A	0.08385	0.80562	0.11053
116 A	0.09531	0.79297	0.11172
117 T	0.11280	0.77181	0.11539
118 A	0.11853	0.77142	0.11005
119 A	0.13366	0.75583	0.11051
120 A	0.15550	0.73640	0.1081
121 G	0.18867	0.71126	0.10006
122 T	0.23030	0.68096	0.08874
123 A	0.25736	0.66100	0.08165
124 T	0.27808	0.64070	0.08123
125 A	0.28801	0.63716	0.07483
126 T	0.32251	0.60573	0.07176
127 G	0.34560	0.58240	0.072
128 A	0.40675	0.52116	0.07209
129 T	0.55574	0.36329	0.08096
130 T	0.61064	0.30225	0.08711
131 T	0.62613	0.28256	0.09131
132 A	0.62274	0.28474	0.09252
133 C	0.63852	0.26565	0.09583
134 C	0.64543	0.25902	0.09554
135 T	0.64235	0.26545	0.0922
136 A	0.60580	0.30922	0.08498
137 A	0.57418	0.35672	0.0691
138 T	0.54261	0.39464	0.06275
139 A	0.42482	0.51891	0.05627
140 A	0.32768	0.61773	0.05459
141 A	0.23734	0.70735	0.05531
142 C	0.21638	0.72762	0.05599
143 A	0.20979	0.73878	0.05143
144 A	0.21431	0.73676	0.04893
145 T	0.23184	0.72229	0.04587
146 T	0.23399	0.72119	0.04483
147 A	0.20221	0.75508	0.04271
148 A	0.18470	0.76845	0.04686
149 T	0.18122	0.76713	0.05164
150 A	0.17860	0.76478	0.05662
151 A	0.18660	0.74746	0.06593
152 C	0.19011	0.73234	0.07755
153 T	0.19191	0.72648	0.08161
154 T	0.19172	0.72368	0.0846
155 T	0.17791	0.73545	0.08664
156 A	0.15762	0.75408	0.0883
157 G	0.13171	0.77831	0.08999
158 A	0.12457	0.76750	0.10793
159 A	0.12654	0.71830	0.15516
160 A	0.13714	0.65281	0.21004
161 A	0.14297	0.59064	0.26639
162 T	0.15026	0.46291	0.38683
163 A	0.14974	0.40555	0.44471
164 G	0.15019	0.32902	0.52079
165 T	0.15164	0.33036	0.518
166 A	0.15421	0.34447	0.50133
167 A	0.15596	0.36113	0.48292
168 T	0.15843	0.35715	0.48443
169 A	0.15795	0.35348	0.48857
170 T	0.15739	0.32439	0.51822
171 T	0.14641	0.32856	0.52503
172 C	0.11866	0.37047	0.51088
173 A	0.10395	0.49053	0.40551
174 A	0.09666	0.59697	0.30637
175 G	0.09147	0.69711	0.21142
176 A	0.09021	0.80221	0.10758
177 A	0.09125	0.83190	0.07685
178 T	0.09602	0.82665	0.07732
179 A	0.09676	0.82153	0.08171
180 T	0.09987	0.79395	0.10618
181 G	0.10027	0.78615	0.11358
182 A	0.10108	0.78348	0.11544
183 A	0.10355	0.77733	0.11912
184 C	0.11091	0.76717	0.12192
185 A	0.12036	0.75932	0.12032
186 G	0.14749	0.73220	0.12031
187 A	0.16576	0.72177	0.11247
188 T	0.19373	0.69939	0.10688
189 G	0.20810	0.69727	0.09463
190 A	0.22338	0.69171	0.08491
191 T	0.22569	0.68984	0.08447
192 A	0.20889	0.71327	0.07783
193 A	0.21021	0.71426	0.07553
194 A	0.22152	0.69848	0.08
195 G	0.24621	0.64905	0.10474
196 G	0.34160	0.54361	0.11478
197 A	0.44791	0.43603	0.11606
198 T	0.56992	0.31797	0.11211
199 T	0.66576	0.22680	0.10744
200 T	0.68130	0.21493	0.10377
201 A	0.66492	0.23199	0.10309
202 T	0.62804	0.26814	0.10382
203 T	0.56689	0.33198	0.10112
204 A	0.43482	0.46789	0.09729
205 C	0.29935	0.60627	0.09438
206 A	0.24891	0.66218	0.08891
207 A	0.20210	0.71379	0.0841
208 A	0.14790	0.77415	0.07795
209 A	0.13308	0.79269	0.07424
210 T	0.13277	0.79503	0.0722
211 A	0.13059	0.79767	0.07174
212 A	0.14092	0.78427	0.0748
213 T	0.15239	0.76395	0.08365
214 A	0.15391	0.75222	0.09388
215 T	0.15951	0.72495	0.11553
216 A	0.15746	0.71736	0.12518
217 T	0.16198	0.70179	0.13623
218 C	0.15885	0.70020	0.14096
219 G	0.15684	0.70283	0.14033
220 A	0.15764	0.70525	0.13711
221 T	0.16329	0.70367	0.13304
222 T	0.16170	0.71081	0.12749
223 A	0.14656	0.74276	0.11068
224 A	0.14194	0.72224	0.13582
225 A	0.13937	0.66562	0.19501
226 T	0.14260	0.59656	0.26084
227 A	0.14092	0.48277	0.37631
228 T	0.14085	0.35156	0.5076
229 G	0.13727	0.32194	0.54079
230 A	0.13485	0.31075	0.5544
231 T	0.13601	0.29425	0.56975
232 G	0.12645	0.32122	0.55233
233 A	0.11930	0.37068	0.51002
234 A	0.11616	0.47482	0.40902
235 T	0.11564	0.52063	0.36373
236 T	0.10951	0.62625	0.26425
237 A	0.09038	0.76768	0.14194
238 A	0.08005	0.81284	0.10712
239 A	0.07528	0.83109	0.09363
240 T	0.07296	0.84112	0.08593
241 A	0.06921	0.85257	0.07823
242 A	0.07025	0.85415	0.0756
243 A	0.07429	0.84978	0.07594
244 A	0.08048	0.84281	0.07672
245 A	0.08833	0.83382	0.07785
246 T	0.11057	0.80075	0.08867
247 A	0.11266	0.80545	0.08189
248 T	0.11684	0.80216	0.081
249 A	0.11282	0.81702	0.07016
250 A	0.10787	0.82792	0.06422
251 T	0.11080	0.82345	0.06574
252 A	0.09577	0.83986	0.06438
253 A	0.11170	0.82315	0.06515
254 A	0.13570	0.79989	0.06441
255 A	0.16711	0.76197	0.07092
256 A	0.22057	0.70477	0.07466
257 T	0.36444	0.55857	0.07699
258 A	0.41178	0.51376	0.07446
259 A	0.51390	0.40427	0.08183
260 T	0.61043	0.28913	0.10043
261 T	0.62226	0.26748	0.11026
262 T	0.59637	0.29232	0.11131
263 C	0.46500	0.43296	0.10204
264 A	0.38477	0.54232	0.07292
265 A	0.26741	0.67996	0.05263
266 A	0.20147	0.75496	0.04357
267 A	0.17822	0.78335	0.03843
268 A	0.15847	0.80981	0.03171
269 A	0.15742	0.81255	0.03003
270 T	0.16915	0.79512	0.03573
271 A	0.16346	0.79953	0.03701
272 A	0.17107	0.78614	0.04279
273 T	0.18142	0.76482	0.05376
274 A	0.18185	0.75636	0.06179
275 T	0.18506	0.72654	0.0884
276 A	0.17768	0.72651	0.09581
277 C	0.17842	0.71949	0.10209
278 A	0.17623	0.72087	0.1029
279 A	0.17708	0.71896	0.10396
280 T	0.17850	0.71529	0.10621
281 T	0.17731	0.71281	0.10988
282 G	0.17071	0.71900	0.1103
283 G	0.16630	0.70305	0.13065
284 A	0.16458	0.69884	0.13658
285 A	0.16780	0.66003	0.17217
286 T	0.18363	0.53038	0.28599
287 A	0.20669	0.45537	0.33795
288 T	0.22312	0.34456	0.43231
289 G	0.22555	0.30611	0.46834
290 A	0.22841	0.30359	0.468
291 T	0.23451	0.29696	0.46853
292 T	0.23506	0.31995	0.44499
293 A	0.22647	0.38707	0.38646
294 T	0.22054	0.42725	0.35221
295 A	0.20850	0.50972	0.28178
296 T	0.19737	0.56869	0.23393
297 A	0.15945	0.69256	0.14798
298 A	0.12656	0.75303	0.1204
299 A	0.10467	0.77365	0.12169
300 A	0.08982	0.79306	0.11712
301 G	0.08207	0.79559	0.12235
302 G	0.07999	0.79676	0.12325
303 G	0.07768	0.80068	0.12164
304 A	0.07998	0.79924	0.12078
305 A	0.08325	0.79759	0.11916
306 A	0.09136	0.78928	0.11936
307 A	0.11943	0.76430	0.11627
308 T	0.13690	0.75148	0.11162
309 A	0.14364	0.75586	0.1005
310 A	0.16743	0.74272	0.08985
311 T	0.19444	0.71802	0.08754
312 T	0.20202	0.71505	0.08292
313 A	0.18895	0.74528	0.06577
314 A	0.19202	0.74730	0.06068
315 A	0.21162	0.72910	0.05929
316 A	0.28173	0.65149	0.06678
317 T	0.33552	0.58767	0.07681
318 A	0.38570	0.52527	0.08902
319 A	0.42273	0.47632	0.10095
320 T	0.48989	0.37485	0.13527
321 T	0.49700	0.34657	0.15643
322 G	0.38507	0.44442	0.17051
323 A	0.35459	0.46919	0.17622
324 T	0.33753	0.48100	0.18146
325 A	0.28824	0.53057	0.18119
326 C	0.23921	0.57710	0.18369
327 A	0.19934	0.62152	0.17915
328 A	0.16005	0.66335	0.1766
329 A	0.15780	0.66916	0.17304
330 A	0.16215	0.66665	0.17119
331 G	0.16966	0.66008	0.17025
332 G	0.18536	0.64038	0.17425
333 T	0.20351	0.62125	0.17523
334 A	0.20834	0.63057	0.1611
335 A	0.21703	0.62642	0.15654
336 T	0.23351	0.60367	0.16283
337 A	0.23784	0.60369	0.15848
338 T	0.24124	0.60254	0.15622
339 T	0.23935	0.61507	0.14558
340 A	0.23269	0.64101	0.12631
341 A	0.22987	0.64457	0.12556
342 A	0.22191	0.64914	0.12894
343 G	0.21709	0.64804	0.13487
344 A	0.22008	0.63986	0.14006
345 G	0.22172	0.50179	0.27649
346 T	0.22678	0.47757	0.29565
347 A	0.22441	0.46863	0.30696
348 T	0.22273	0.44328	0.33398
349 G	0.21862	0.40924	0.37214
350 A	0.21859	0.37312	0.4083
351 C	0.21835	0.33268	0.44897
352 A	0.21649	0.37005	0.41346
353 C	0.21444	0.40475	0.3808
354 A	0.21349	0.65651	0.13001
355 G	0.20131	0.71524	0.08345
356 A	0.19306	0.74671	0.06023
357 A	0.20420	0.74831	0.04749
358 A	0.21634	0.74413	0.03953
359 C	0.23581	0.72494	0.03925
360 A	0.25586	0.71104	0.0331
361 T	0.27550	0.69111	0.03339
362 A	0.29023	0.67616	0.03362
363 T	0.31536	0.64826	0.03638
364 A	0.32363	0.63907	0.03731
365 A	0.33756	0.61559	0.04685
366 T	0.35308	0.59248	0.05444
367 T	0.36803	0.57345	0.05852
368 T	0.37576	0.56323	0.06101
369 A	0.38064	0.55719	0.06217
370 A	0.38316	0.54970	0.06715
371 T	0.38654	0.54054	0.07291
372 C	0.38771	0.53340	0.0789
373 A	0.39111	0.52777	0.08111
374 A	0.40466	0.51191	0.08343
375 A	0.44803	0.46364	0.08833
376 G	0.49112	0.41548	0.0934
377 A	0.72964	0.17402	0.09634
378 T	0.79538	0.08938	0.11524
379 T	0.82000	0.05166	0.12833
380 T	0.82929	0.03700	0.13371
381 T	0.83362	0.03013	0.13626
382 T	0.83597	0.02973	0.1343
383 T	0.83474	0.03346	0.13181
384 T	0.82814	0.04653	0.12533
385 G	0.79226	0.08388	0.12386
386 T	0.76434	0.11682	0.11884
387 T	0.68768	0.20692	0.1054
388 G	0.59271	0.30987	0.09742
389 C	0.53988	0.37072	0.08939
390 A	0.50830	0.41683	0.07487
391 T	0.49508	0.43625	0.06867
392 T	0.48283	0.45736	0.05981
393 T	0.46369	0.48695	0.04936
394 G	0.41431	0.54732	0.03837
395 A	0.34852	0.62060	0.03088
396 T	0.29133	0.67766	0.031
397 A	0.13078	0.83875	0.03046
398 A	0.09424	0.87542	0.03033
399 C	0.08352	0.88615	0.03033
400 C	0.07405	0.89604	0.02991
401 A	0.06767	0.90346	0.02886
402 A	0.06586	0.90605	0.02809
403 A	0.06616	0.90654	0.0273
404 A	0.06759	0.90599	0.02642
405 A	0.07007	0.90379	0.02614
406 A	0.07322	0.89582	0.03097
407 A	0.07915	0.87987	0.04098
408 A	0.08251	0.82540	0.0921
409 A	0.09149	0.77369	0.13482
410 T	0.11503	0.65908	0.22589
411 T	0.12569	0.57702	0.29729
412 T	0.13600	0.52954	0.33445
413 A	0.14267	0.50180	0.35553
414 T	0.14653	0.48657	0.36689
415 A	0.14859	0.48500	0.36641
416 A	0.15495	0.47024	0.37481
417 A	0.16278	0.41562	0.4216
418 T	0.17159	0.33009	0.49832
419 A	0.16993	0.27227	0.55779
420 T	0.16647	0.14240	0.69114
421 C	0.14607	0.17382	0.68011
422 A	0.11744	0.36942	0.51313
423 A	0.10340	0.54369	0.35291
424 A	0.06665	0.75980	0.17355
425 G	0.05626	0.83066	0.11307
426 A	0.05205	0.87915	0.06881
427 A	0.04929	0.90812	0.04259
428 A	0.04906	0.91878	0.03215
429 A	0.04903	0.92639	0.02459
430 T	0.04975	0.92734	0.02291
431 A	0.05005	0.92903	0.02092
432 T	0.05115	0.92786	0.02099
433 G	0.05170	0.92702	0.02128
434 A	0.05341	0.92506	0.02153
435 T	0.05821	0.91964	0.02216
436 C	0.06524	0.91151	0.02324
437 C	0.07217	0.90429	0.02354
438 A	0.08232	0.89415	0.02353
439 A	0.08797	0.88844	0.0236
440 A	0.08945	0.88682	0.02373
441 C	0.09180	0.88411	0.02409
442 A	0.09819	0.87590	0.02591
443 A	0.11691	0.85096	0.03213
444 A	0.18136	0.76574	0.0529
445 G	0.36904	0.55133	0.07963
446 G	0.54217	0.36611	0.09173
447 T	0.73415	0.13056	0.13529
448 T	0.78560	0.06839	0.14601
449 T	0.81050	0.03870	0.1508
450 C	0.82413	0.02271	0.15316
451 T	0.83000	0.01832	0.15167
452 T	0.83125	0.02097	0.14778
453 A	0.81835	0.04440	0.13726
454 T	0.80698	0.06999	0.12303
455 T	0.76281	0.12974	0.10746
456 A	0.58773	0.35416	0.05811
457 G	0.42389	0.53347	0.04263
458 A	0.28689	0.68441	0.02869
459 A	0.20435	0.78012	0.01553
460 G	0.18680	0.79773	0.01547
461 A	0.18003	0.80493	0.01504
462 A	0.17453	0.81039	0.01508
463 A	0.16903	0.81556	0.01541
464 C	0.16554	0.81842	0.01604
465 A	0.16366	0.82103	0.01531
466 G	0.16240	0.82248	0.01512
467 A	0.16174	0.82314	0.01512
468 T	0.16175	0.82304	0.01521
469 T	0.16137	0.82337	0.01527
470 C	0.16074	0.82344	0.01582
471 C	0.15973	0.82430	0.01597
472 G	0.15817	0.82647	0.01535
473 A	0.15827	0.82786	0.01388
474 A	0.16059	0.82550	0.01391
475 G	0.16604	0.81898	0.01498
476 G	0.17859	0.79045	0.03096
477 A	0.19582	0.74504	0.05914
478 A	0.21585	0.65738	0.12677
479 T	0.26840	0.41520	0.3164
480 T	0.28160	0.25519	0.46321
481 A	0.28932	0.13818	0.57251
482 T	0.29631	0.07365	0.63004
483 T	0.29176	0.07517	0.63307
484 A	0.28010	0.10345	0.61646
485 A	0.25722	0.14917	0.5936
486 A	0.24832	0.18781	0.56388
487 G	0.23764	0.23576	0.52661
488 A	0.22969	0.39129	0.37902
489 A	0.22561	0.51521	0.25918
490 T	0.21944	0.63473	0.14583
491 A	0.20535	0.68671	0.10795
492 T	0.20184	0.71659	0.08158
493 A	0.19794	0.72761	0.07446
494 A	0.19686	0.72975	0.07339
495 C	0.19714	0.72837	0.07449
496 T	0.19855	0.72675	0.07471
497 C	0.19859	0.72658	0.07483
498 T	0.19929	0.72616	0.07456
499 T	0.19980	0.72588	0.07432
500 C	0.20018	0.72567	0.07416
501 T	0.20132	0.72538	0.07331
502 T	0.20212	0.72610	0.07178
503 T	0.20280	0.72663	0.07057
504 A	0.20254	0.72938	0.06808
505 A	0.20360	0.73081	0.0656
506 A	0.20939	0.72308	0.06754
507 A	0.22508	0.69884	0.07608
508 A	0.25381	0.65354	0.09265
509 A	0.29669	0.60617	0.09714
510 A	0.34931	0.54793	0.10276
511 G	0.48996	0.40182	0.10822
512 A	0.60417	0.28784	0.10799
513 A	0.71667	0.17316	0.11017
514 A	0.76098	0.12255	0.11647
515 T	0.79591	0.09020	0.11388
516 T	0.80622	0.08328	0.1105
517 T	0.80718	0.08839	0.10444
518 T	0.80588	0.09438	0.09975
519 T	0.80133	0.10142	0.09724
520 C	0.79352	0.11407	0.09241
521 C	0.78841	0.12844	0.08315
522 T	0.78361	0.15403	0.06236
523 G	0.76488	0.18944	0.04568
524 A	0.75502	0.21178	0.03319
525 T	0.75479	0.22163	0.02359
526 G	0.75355	0.22449	0.02195
527 G	0.75422	0.22412	0.02166
528 A	0.75587	0.22299	0.02114
529 A	0.75827	0.22057	0.02116
530 C	0.76050	0.21786	0.02164
531 A	0.76427	0.21464	0.02109
532 A	0.76967	0.20955	0.02079
533 T	0.77590	0.20307	0.02103
534 T	0.77976	0.19929	0.02094
535 A	0.78235	0.19704	0.02062
536 G	0.78612	0.19320	0.02069
537 A	0.79163	0.18758	0.02079
538 A	0.79821	0.18032	0.02146
539 A	0.80846	0.16845	0.02309
540 T	0.83049	0.14361	0.0259
541 T	0.84845	0.12331	0.02824
542 A	0.85768	0.11296	0.02935
543 T	0.86909	0.09345	0.03745
544 T	0.87695	0.08016	0.04289
545 T	0.88556	0.06706	0.04738
546 T	0.89223	0.04478	0.06299
547 C	0.89941	0.02913	0.07146
548 T	0.90699	0.02264	0.07037
549 T	0.90922	0.02159	0.06918
550 T	0.91064	0.02033	0.06903
551 T	0.91190	0.01930	0.06879
552 T	0.91193	0.02020	0.06786
553 T	0.91047	0.02282	0.0667
554 C	0.90841	0.02553	0.06606
555 T	0.90408	0.03053	0.06538
556 T	0.89025	0.04532	0.06443
557 G	0.85888	0.07825	0.06286
558 T	0.82430	0.11452	0.06118
559 C	0.72242	0.21963	0.05795
560 A	0.60493	0.35322	0.04185
561 A	0.47527	0.49559	0.02914
562 G	0.43949	0.53225	0.02826
563 A	0.41746	0.55538	0.02716
564 A	0.40355	0.57006	0.0264
565 A	0.39915	0.57448	0.02636
566 C	0.38982	0.58375	0.02642
567 T	0.38667	0.58692	0.02641
568 T	0.36943	0.60412	0.02644
569 C	0.33093	0.64262	0.02644
570 C	0.28361	0.69017	0.02621
571 A	0.18350	0.79127	0.02522
572 C	0.16754	0.80812	0.02434
573 A	0.14782	0.82918	0.023
574 G	0.12788	0.85035	0.02177
575 A	0.11512	0.86422	0.02067
576 T	0.09903	0.87991	0.02106
577 A	0.05463	0.92526	0.02011
578 A	0.04470	0.92947	0.02583
579 A	0.04055	0.91672	0.04273
580 A	0.03982	0.88848	0.0717
581 A	0.04008	0.85557	0.10435
582 A	0.04231	0.76816	0.18953
583 A	0.05450	0.65702	0.28848
584 T	0.06542	0.52136	0.41322
585 A	0.06482	0.50498	0.43021
586 A	0.06528	0.49558	0.43914
587 T	0.06546	0.48418	0.45036
588 A	0.06427	0.48211	0.45362
589 A	0.06268	0.46898	0.46834
590 A	0.06125	0.46978	0.46897
591 A	0.06012	0.46878	0.47109
592 G	0.05904	0.46704	0.47393
593 A	0.05945	0.47430	0.46624
594 G	0.05997	0.38012	0.55991
595 T	0.06020	0.38694	0.55287
596 A	0.05955	0.41886	0.52159
597 T	0.06051	0.43602	0.50347
598 A	0.06105	0.44974	0.48921
599 A	0.06187	0.44968	0.48845
600 T	0.06387	0.43103	0.50511
601 T	0.06458	0.47231	0.46311
602 T	0.06334	0.55955	0.37712
603 A	0.05910	0.82090	0.12
604 A	0.05375	0.84202	0.10423
605 A	0.05091	0.86265	0.08644
606 T	0.05040	0.87818	0.07142
607 A	0.04918	0.89302	0.0578
608 C	0.05678	0.89165	0.05157
609 T	0.06509	0.89708	0.03782
610 A	0.06703	0.90572	0.02726
611 A	0.07310	0.90384	0.02305
612 A	0.08236	0.89560	0.02204
613 A	0.09352	0.88424	0.02224
614 A	0.12247	0.85409	0.02344
615 A	0.17490	0.80003	0.02507
616 T	0.25106	0.72338	0.02556
617 T	0.27717	0.69618	0.02665
618 A	0.29084	0.68101	0.02816
619 A	0.31610	0.65430	0.02959
620 T	0.33983	0.62992	0.03025
621 C	0.35097	0.61892	0.03012
622 A	0.35993	0.61386	0.02622
623 A	0.39262	0.58267	0.02471
624 A	0.43191	0.54461	0.02347
625 A	0.51045	0.46432	0.02523
626 T	0.74534	0.22628	0.02839
627 A	0.75423	0.21063	0.03514
628 A	0.77341	0.18524	0.04135
629 C	0.79513	0.15641	0.04846
630 T	0.81020	0.13894	0.05085
631 T	0.79715	0.15370	0.04915
632 T	0.75439	0.20272	0.0429
633 T	0.72210	0.23913	0.03877
634 G	0.58517	0.38308	0.03175
635 A	0.49851	0.47007	0.03142
636 T	0.43047	0.53919	0.03033
637 A	0.27675	0.69427	0.02898
638 A	0.19999	0.77127	0.02874
639 C	0.18650	0.78392	0.02959
640 G	0.17693	0.79410	0.02897
641 G	0.17285	0.79946	0.02769
642 A	0.17141	0.80154	0.02704
643 A	0.17098	0.80199	0.02703
644 A	0.17151	0.79806	0.03043
645 T	0.17504	0.78009	0.04488
646 A	0.17604	0.77138	0.05258
647 T	0.17755	0.75830	0.06416
648 T	0.17742	0.75007	0.0725
649 A	0.17674	0.74739	0.07586
650 A	0.17636	0.74068	0.08296
651 A	0.17551	0.73091	0.09358
652 G	0.17480	0.71913	0.10608
653 A	0.17601	0.70381	0.12018
654 A	0.18000	0.65530	0.1647
655 T	0.18801	0.58570	0.22628
656 A	0.19204	0.53143	0.27653
657 T	0.19853	0.37775	0.42373
658 G	0.20004	0.27852	0.52145
659 G	0.20230	0.21445	0.58325
660 T	0.20513	0.12051	0.67437
661 T	0.20677	0.11978	0.67346
662 T	0.20598	0.18149	0.61254
663 A	0.20355	0.32200	0.47445
664 T	0.20195	0.36529	0.43276
665 A	0.19408	0.42623	0.37969
666 T	0.18837	0.51542	0.29622
667 A	0.17748	0.57934	0.24318
668 C	0.17417	0.59984	0.226
669 T	0.17029	0.67129	0.15841
670 A	0.16161	0.71974	0.11865
671 A	0.15723	0.74499	0.09779
672 T	0.16019	0.74794	0.09187
673 A	0.16029	0.75315	0.08656
674 A	0.16081	0.75522	0.08397
675 G	0.16178	0.75363	0.08459
676 T	0.16360	0.75233	0.08407
677 T	0.16275	0.75359	0.08366
678 A	0.15452	0.76297	0.08251
679 C	0.14904	0.77074	0.08022
680 A	0.14591	0.77772	0.07638
681 A	0.14516	0.78151	0.07333
682 A	0.14900	0.78262	0.06837
683 A	0.16985	0.76445	0.0657
684 A	0.21356	0.72298	0.06346
685 G	0.28395	0.65126	0.06479
686 A	0.41304	0.52032	0.06664
687 A	0.47278	0.45756	0.06967
688 A	0.54992	0.37186	0.07821
689 T	0.68393	0.23021	0.08586
690 T	0.75300	0.15098	0.09602
691 T	0.77258	0.12709	0.10033
692 T	0.78975	0.10565	0.1046
693 T	0.79539	0.09338	0.11123
694 C	0.78781	0.09705	0.11514
695 C	0.77928	0.10575	0.11496
696 T	0.77773	0.11093	0.11134
697 A	0.76461	0.13316	0.10223
698 A	0.75773	0.14374	0.09854
699 T	0.75740	0.14691	0.09569
700 G	0.75468	0.15042	0.0949
701 G	0.75497	0.14451	0.10051
702 T	0.75804	0.13742	0.10453
703 G	0.76077	0.13358	0.10566
704 A	0.76352	0.13185	0.10463
705 T	0.76885	0.12450	0.10665
706 G	0.76925	0.12525	0.1055
707 T	0.77085	0.12633	0.10282
708 A	0.76881	0.13581	0.09538
709 A	0.76390	0.14809	0.08801
710 T	0.76111	0.15623	0.08266
711 A	0.75539	0.16882	0.07579
712 A	0.74907	0.18219	0.06874
713 T	0.74657	0.19025	0.06319
714 A	0.73575	0.21348	0.05077
715 T	0.72807	0.22535	0.04658
716 A	0.71361	0.24416	0.04223
717 T	0.69719	0.24923	0.05358
718 G	0.67963	0.25493	0.06545
719 A	0.67478	0.25490	0.07032
720 T	0.67748	0.24098	0.08155
721 C	0.67278	0.23951	0.08771
722 C	0.66508	0.24584	0.08908
723 C	0.65209	0.25820	0.08971
724 T	0.64016	0.27395	0.08589
725 T	0.59929	0.32038	0.08033
726 C	0.51169	0.41905	0.06926
727 A	0.43909	0.50858	0.05234
728 A	0.39497	0.55822	0.04681
729 T	0.36516	0.59201	0.04283
730 G	0.31338	0.64631	0.04031
731 A	0.30086	0.66104	0.03809
732 A	0.29479	0.66337	0.04183
733 A	0.29265	0.66231	0.04504
734 A	0.29485	0.65469	0.05045
735 A	0.30021	0.64325	0.05654
736 A	0.30493	0.63554	0.05953
737 T	0.31720	0.61262	0.07018
738 A	0.31816	0.60369	0.07815
739 A	0.32055	0.58805	0.0914
740 T	0.31902	0.57231	0.10866
741 T	0.30896	0.57173	0.11932
742 A	0.27668	0.61021	0.11311
743 A	0.23384	0.66097	0.10519
744 A	0.21266	0.68729	0.10005
745 A	0.20572	0.68528	0.10901
746 A	0.20403	0.66662	0.12935
747 A	0.20950	0.63729	0.15321
748 A	0.21862	0.57292	0.20845
749 T	0.23576	0.46096	0.30329
750 T	0.25121	0.37042	0.37836
751 T	0.25408	0.32248	0.42344
752 T	0.25345	0.30450	0.44206
753 C	0.24843	0.28663	0.46494
754 A	0.24015	0.33318	0.42667
755 A	0.23840	0.35923	0.40237
756 T	0.23847	0.37850	0.38303
757 A	0.23563	0.43068	0.33369
758 A	0.23505	0.47943	0.28552
759 T	0.23668	0.50212	0.26119
760 G	0.23388	0.54163	0.22449
761 G	0.23250	0.56617	0.20134
762 A	0.23350	0.58866	0.17784
763 A	0.23638	0.60117	0.16245
764 A	0.24132	0.59272	0.16597
765 A	0.25238	0.55279	0.19482
766 G	0.26678	0.49673	0.2365
767 T	0.27954	0.46805	0.25241
768 T	0.28132	0.47243	0.24625
769 G	0.27555	0.51018	0.21427
770 A	0.27210	0.53569	0.19221
771 A	0.26657	0.54770	0.18573
772 G	0.26360	0.55334	0.18307
773 A	0.26371	0.55298	0.18331
774 A	0.26886	0.54641	0.18473
775 T	0.28347	0.52814	0.18838
776 A	0.29442	0.51173	0.19384
777 C	0.33537	0.46098	0.20365
778 G	0.36662	0.42721	0.20617
779 A	0.39572	0.39675	0.20753
780 T	0.45477	0.33432	0.2109
781 C	0.50617	0.28071	0.21312
782 C	0.54607	0.24011	0.21382
783 T	0.59791	0.18608	0.21601
784 T	0.62191	0.16009	0.21799
785 T	0.63281	0.14875	0.21844
786 T	0.63585	0.14643	0.21772
787 T	0.62937	0.15231	0.21831
788 C	0.61875	0.15913	0.22212
789 A	0.60566	0.17260	0.22173
790 G	0.60872	0.16857	0.22271
791 G	0.62202	0.15369	0.2243
792 T	0.65939	0.11085	0.22975
793 T	0.67920	0.08910	0.2317
794 T	0.68365	0.07971	0.23664
795 T	0.68287	0.08054	0.23659
796 A	0.67866	0.08955	0.23179
797 T	0.67657	0.09338	0.23005
798 A	0.65596	0.12119	0.22285
799 T	0.63723	0.14809	0.21468
800 T	0.60216	0.19470	0.20314
801 A	0.53116	0.28176	0.18708
802 A	0.46067	0.38071	0.15862
803 A	0.38178	0.48883	0.12938
804 A	0.32735	0.56329	0.10936
805 G	0.31693	0.58801	0.09505
806 A	0.31297	0.62135	0.06568
807 G	0.31126	0.62957	0.05917
808 A	0.31127	0.62817	0.06056
809 T	0.31271	0.62269	0.0646
810 T	0.31256	0.61685	0.07059
811 A	0.31030	0.61057	0.07913
812 C	0.30909	0.59910	0.09182
813 T	0.30829	0.60054	0.09117
814 T	0.30701	0.60543	0.08755
815 C	0.30420	0.61442	0.08138
816 A	0.30034	0.63485	0.06481
817 A	0.29925	0.64112	0.05964
818 A	0.30027	0.64107	0.05866
819 T	0.30264	0.63727	0.06009
820 A	0.29697	0.64653	0.05651
821 A	0.29787	0.61981	0.08233
822 G	0.29996	0.58970	0.11034
823 G	0.29772	0.55244	0.14983
824 A	0.30376	0.49556	0.20068
825 A	0.32992	0.41543	0.25466
826 A	0.36032	0.31920	0.32049
827 C	0.38243	0.25004	0.36753
828 A	0.39687	0.24545	0.35768
829 T	0.42621	0.22923	0.34456
830 T	0.43208	0.24373	0.32419
831 T	0.42319	0.28119	0.29562
832 G	0.40458	0.30676	0.28866
833 A	0.38853	0.33446	0.27701
834 A	0.37554	0.35576	0.2687
835 G	0.36815	0.37969	0.25216
836 C	0.36574	0.38760	0.24666
837 A	0.33185	0.45065	0.2175
838 A	0.30922	0.50548	0.18529
839 T	0.30537	0.52281	0.17182
840 C	0.27309	0.58643	0.14048
841 A	0.22687	0.65836	0.11478
842 A	0.20631	0.68146	0.11223
843 A	0.19828	0.68723	0.11448
844 A	0.18862	0.69659	0.11479
845 C	0.18090	0.69746	0.12164
846 A	0.17332	0.69315	0.13352
847 T	0.17303	0.68780	0.13916
848 A	0.16123	0.69966	0.13911
849 C	0.15550	0.70578	0.13872
850 G	0.15574	0.70676	0.1375
851 A	0.16960	0.69248	0.13793
852 T	0.18444	0.67696	0.1386
853 A	0.19261	0.67469	0.1327
854 C	0.20835	0.66757	0.12408
855 A	0.19704	0.70304	0.09991
856 A	0.19846	0.71065	0.09089
857 A	0.19799	0.71998	0.08203
858 A	0.20660	0.72409	0.06931
859 A	0.21394	0.71986	0.0662
860 A	0.24748	0.64993	0.10259
861 T	0.28586	0.57969	0.13445
862 A	0.29976	0.54730	0.15294
863 A	0.32870	0.49425	0.17705
864 T	0.35508	0.42685	0.21806
865 A	0.36082	0.40825	0.23092
866 A	0.36677	0.39453	0.2387
867 A	0.37439	0.37882	0.24678
868 T	0.37858	0.36017	0.26125
869 T	0.38082	0.34989	0.26929
870 A	0.37674	0.35335	0.2699
871 A	0.37201	0.35341	0.27458
872 C	0.36611	0.35825	0.27564
873 A	0.35888	0.41683	0.22429
874 A	0.34965	0.49462	0.15573
875 A	0.35237	0.52492	0.12271
876 A	0.35832	0.54514	0.09654
877 T	0.38553	0.53305	0.08142
878 T	0.41789	0.48533	0.09679
879 A	0.42729	0.47340	0.09931
880 A	0.43642	0.45674	0.10683
881 T	0.45029	0.43691	0.11281
882 C	0.45281	0.43215	0.11503
883 T	0.44557	0.43977	0.11466
884 T	0.42432	0.46458	0.1111
885 G	0.38964	0.50299	0.10737
886 C	0.36856	0.52679	0.10465
887 C	0.35211	0.54537	0.10253
888 T	0.34150	0.56000	0.0985
889 A	0.29171	0.61494	0.09334
890 A	0.27696	0.63303	0.09001
891 C	0.27361	0.63825	0.08814
892 A	0.27349	0.64998	0.07653
893 A	0.28341	0.63838	0.07821
894 A	0.29831	0.61979	0.08191
895 A	0.31501	0.59910	0.0859
896 A	0.36742	0.53847	0.09412
897 T	0.44062	0.44547	0.11391
898 A	0.46976	0.40633	0.12391
899 T	0.50149	0.36262	0.13589
900 C	0.51372	0.34546	0.14082
901 A	0.51659	0.34149	0.14192
902 T	0.52124	0.33472	0.14405
903 A	0.51669	0.34038	0.14293
904 G	0.51787	0.33931	0.14282
905 A	0.51925	0.34010	0.14064
906 A	0.52077	0.31448	0.16475
907 T	0.52697	0.27562	0.19741
908 T	0.52755	0.23957	0.23289
909 T	0.52284	0.22437	0.25279
910 G	0.51317	0.21796	0.26887
911 A	0.50455	0.21766	0.27779
912 T	0.50272	0.17692	0.32036
913 C	0.48867	0.18181	0.32952
914 C	0.47987	0.19786	0.32228
915 T	0.47761	0.25851	0.26388
916 G	0.43717	0.31632	0.24651
917 A	0.41441	0.36061	0.22498
918 T	0.40339	0.38714	0.20947
919 T	0.38059	0.42061	0.1988
920 C	0.36521	0.44421	0.19058
921 G	0.34261	0.49864	0.15875
922 A	0.32599	0.54750	0.12651
923 A	0.31982	0.56135	0.11883
924 T	0.32040	0.56455	0.11505
925 G	0.32025	0.57023	0.10952
926 A	0.32268	0.58055	0.09677
927 A	0.32452	0.58308	0.0924
928 A	0.32910	0.58001	0.0909
929 T	0.33537	0.57104	0.09359
930 A	0.33225	0.57458	0.09316
931 G	0.33498	0.56920	0.09583
932 A	0.33834	0.56573	0.09594
933 A	0.34246	0.55588	0.10166
934 A	0.35146	0.53591	0.11263
935 A	0.36526	0.51724	0.1175
936 T	0.38468	0.48053	0.13478
937 A	0.39582	0.46221	0.14196
938 T	0.44429	0.40160	0.15411
939 A	0.45874	0.35166	0.1896
940 A	0.48505	0.31259	0.20237
941 T	0.51955	0.26887	0.21158
942 T	0.54017	0.22941	0.23041
943 T	0.54444	0.21453	0.24102
944 A	0.50257	0.24132	0.25611
945 T	0.46675	0.26486	0.26839
946 C	0.43011	0.30237	0.26751
947 C	0.39775	0.35744	0.24481
948 A	0.34408	0.49351	0.1624
949 A	0.32879	0.53789	0.13332
950 A	0.31111	0.57294	0.11595
951 T	0.26860	0.63109	0.10031
952 G	0.20960	0.69366	0.09673
953 G	0.16280	0.74130	0.0959
954 A	0.13930	0.77563	0.08507
955 A	0.11647	0.81053	0.07299
956 C	0.11042	0.83304	0.05654
957 A	0.10757	0.84082	0.05161
958 A	0.10624	0.84659	0.04717
959 A	0.10544	0.84896	0.0456
960 T	0.10726	0.84747	0.04526
961 C	0.09949	0.85636	0.04416
962 A	0.09912	0.85957	0.04131
963 A	0.10597	0.85347	0.04056
964 A	0.11100	0.84733	0.04167
965 A	0.11328	0.84279	0.04394
966 A	0.11597	0.83427	0.04977
967 A	0.12276	0.76390	0.11334
968 C	0.13436	0.67184	0.1938
969 A	0.14560	0.63161	0.22279
970 A	0.17472	0.57852	0.24676
971 T	0.25030	0.45982	0.28988
972 T	0.26781	0.42494	0.30725
973 A	0.27081	0.42478	0.3044
974 A	0.26920	0.39123	0.33957
975 A	0.24613	0.38165	0.37222
976 G	0.24365	0.39062	0.36573
977 A	0.24629	0.47747	0.27624
978 A	0.25686	0.49014	0.253
979 T	0.27475	0.49583	0.22942
980 A	0.27516	0.54195	0.1829
981 T	0.26682	0.55849	0.17468
982 G	0.23916	0.58330	0.17754
983 A	0.21912	0.60096	0.17992
984 T	0.20761	0.60487	0.18752
985 C	0.18051	0.63204	0.18746
986 C	0.16420	0.65982	0.17598
987 A	0.15037	0.70860	0.14103
988 G	0.14377	0.71897	0.13726
989 A	0.13898	0.72954	0.13148
990 T	0.13505	0.73784	0.1271
991 A	0.12927	0.74529	0.12544
992 C	0.13098	0.73832	0.1307
993 T	0.13524	0.73515	0.12961
994 A	0.13664	0.73283	0.13054
995 A	0.14210	0.72562	0.13228
996 A	0.16432	0.69806	0.13762
997 G	0.19422	0.65539	0.1504
998 C	0.23414	0.58366	0.1822
999 A	0.30488	0.50627	0.18886
1000 T	0.43019	0.37500	0.19482
1001 T	0.46855	0.33636	0.19509
1002 A	0.47912	0.32829	0.19258
1003 A	0.50004	0.30726	0.19271
1004 T	0.50677	0.28135	0.21188
1005 T	0.50223	0.26276	0.23501
1006 A	0.48433	0.28308	0.23259
1007 A	0.48170	0.28919	0.22911
1008 A	0.48101	0.27593	0.24307
1009 T	0.49342	0.25267	0.25391
1010 T	0.49914	0.24613	0.25473
1011 A	0.44066	0.32156	0.23778
1012 A	0.41940	0.37772	0.20288
1013 T	0.41269	0.41830	0.16901
1014 T	0.40077	0.44708	0.15216
1015 T	0.36597	0.48595	0.14809
1016 T	0.30290	0.55542	0.14167
1017 A	0.25664	0.60935	0.13401
1018 C	0.22192	0.64690	0.13118
1019 C	0.19212	0.68631	0.12156
1020 A	0.16173	0.73398	0.10428
1021 A	0.14270	0.76162	0.09568
1022 A	0.13528	0.77776	0.08697
1023 T	0.13627	0.77783	0.0859
1024 A	0.13705	0.77791	0.08504
1025 A	0.14142	0.76675	0.09183
1026 A	0.14674	0.74929	0.10397
1027 C	0.15145	0.73045	0.1181
1028 A	0.15725	0.71860	0.12415
1029 T	0.17954	0.68455	0.13591
1030 A	0.19362	0.67253	0.13385
1031 T	0.20983	0.65572	0.13444
1032 A	0.21523	0.65543	0.12934
1033 A	0.22449	0.62327	0.15224
1034 A	0.24189	0.54703	0.21108
1035 A	0.27596	0.49018	0.23386
1036 G	0.31060	0.44887	0.24053
1037 A	0.33036	0.46228	0.20736
1038 A	0.34231	0.43894	0.21875
1039 T	0.35995	0.37050	0.26955
1040 T	0.36421	0.36666	0.26913
1041 T	0.34181	0.38563	0.27256
1042 G	0.31309	0.40375	0.28316
1043 A	0.29596	0.40281	0.30122
1044 A	0.27916	0.40455	0.31629
1045 C	0.26096	0.41561	0.32343
1046 C	0.23086	0.45608	0.31306
1047 C	0.20508	0.55947	0.23544
1048 A	0.17358	0.68382	0.14259
1049 A	0.14376	0.73881	0.11742
1050 G	0.12689	0.75909	0.11402
1051 A	0.11487	0.77307	0.11206
1052 C	0.11312	0.77517	0.11171
1053 C	0.11438	0.77557	0.11004
1054 C	0.11474	0.78036	0.1049
1055 A	0.11605	0.78579	0.09816
1056 A	0.12224	0.78174	0.09601
1057 A	0.13028	0.77499	0.09473
1058 A	0.14500	0.76042	0.09457
1059 A	0.17017	0.73370	0.09612
1060 T	0.23009	0.66200	0.10791
1061 T	0.25886	0.62592	0.11522
1062 A	0.26203	0.61741	0.12056
1063 A	0.27200	0.60089	0.12712
1064 T	0.27692	0.57435	0.14874
1065 A	0.26901	0.56202	0.16897
1066 A	0.25078	0.56182	0.1874
1067 A	0.24868	0.54141	0.20991
1068 A	0.24939	0.51468	0.23593
1069 G	0.26213	0.47218	0.26569
1070 A	0.33609	0.37878	0.28513
1071 A	0.42036	0.26778	0.31186
1072 A	0.45818	0.20176	0.34007
1073 T	0.47874	0.16346	0.3578
1074 T	0.48681	0.14025	0.37295
1075 T	0.48734	0.13387	0.37879
1076 T	0.47957	0.13807	0.38236
1077 T	0.46704	0.14728	0.38568
1078 C	0.42941	0.18276	0.38783
1079 C	0.40805	0.20644	0.38551
1080 T	0.39131	0.23375	0.37495
1081 A	0.33227	0.31191	0.35582
1082 A	0.30006	0.35188	0.34806
1083 T	0.27227	0.38613	0.3416
1084 G	0.25174	0.40911	0.33915
1085 G	0.24847	0.40917	0.34236
1086 T	0.25071	0.41262	0.33668
1087 G	0.25101	0.41886	0.33013
1088 A	0.25304	0.41323	0.33373
1089 T	0.25531	0.39670	0.348
1090 A	0.24577	0.40688	0.34735
1091 T	0.23676	0.41762	0.34561
1092 C	0.21925	0.45052	0.33023
1093 A	0.20043	0.53026	0.26931
1094 A	0.19099	0.56523	0.24379
1095 A	0.18769	0.57771	0.2346
1096 G	0.18663	0.58235	0.23102
1097 A	0.18704	0.58486	0.2281
1098 A	0.18864	0.57694	0.23442
1099 T	0.19360	0.55468	0.25173
1100 A	0.19585	0.53529	0.26887
1101 T	0.20019	0.48102	0.31878
1102 G	0.20259	0.45565	0.34177
1103 A	0.20984	0.43524	0.35492
1104 T	0.22623	0.37546	0.39832
1105 A	0.23076	0.35330	0.41594
1106 T	0.23559	0.32980	0.4346
1107 G	0.23424	0.34170	0.42407
1108 A	0.23549	0.39263	0.37187
1109 T	0.23946	0.42571	0.33483
1110 A	0.22737	0.52260	0.25004
1111 A	0.22257	0.55856	0.21887
1112 A	0.22528	0.56504	0.20967
1113 A	0.23352	0.55470	0.21178
1114 A	0.24261	0.53599	0.2214
1115 A	0.26585	0.49571	0.23845
1116 T	0.32934	0.41266	0.258
1117 T	0.35275	0.37971	0.26754
1118 T	0.35897	0.36942	0.27162
1119 T	0.36061	0.36595	0.27343
1120 T	0.36028	0.36754	0.27218
1121 T	0.35784	0.37104	0.27112
1122 G	0.35172	0.38095	0.26733
1123 A	0.34422	0.39919	0.25659
1124 T	0.33956	0.40794	0.2525
1125 A	0.33079	0.42072	0.24849
1126 A	0.32779	0.42653	0.24568
1127 A	0.32666	0.43038	0.24297
1128 A	0.33014	0.42677	0.24309
1129 G	0.34000	0.41808	0.24192
1130 A	0.37519	0.38105	0.24376
1131 A	0.43392	0.32075	0.24533
1132 A	0.47807	0.27158	0.25035
1133 T	0.56383	0.16725	0.26892
1134 T	0.59300	0.13099	0.27601
1135 T	0.60099	0.11974	0.27926
1136 T	0.60250	0.11642	0.28109
1137 T	0.60137	0.11658	0.28205
1138 T	0.59887	0.11865	0.28248
1139 T	0.59499	0.12230	0.28271
1140 C	0.59161	0.12533	0.28305
1141 G	0.58677	0.13189	0.28134
1142 A	0.58650	0.14021	0.27329
1143 T	0.58956	0.13820	0.27225
1144 G	0.58685	0.13895	0.2742
1145 G	0.58803	0.13421	0.27776
1146 T	0.59726	0.11639	0.28636
1147 T	0.59543	0.11321	0.29136
1148 C	0.59526	0.10480	0.29994
1149 A	0.59593	0.10252	0.30156
1150 A	0.59856	0.09752	0.30392
1151 G	0.60123	0.09160	0.30718
1152 T	0.60562	0.08797	0.3064
1153 A	0.60826	0.08796	0.30378
1154 T	0.61090	0.08678	0.30232
1155 T	0.60873	0.09723	0.29404
1156 G	0.60570	0.11042	0.28388
1157 T	0.60345	0.11603	0.28052
1158 A	0.59630	0.12869	0.27501
1159 T	0.59063	0.13827	0.2711
1160 A	0.57962	0.15451	0.26588
1161 C	0.56483	0.17134	0.26382
1162 G	0.53535	0.22221	0.24244
1163 A	0.51872	0.26713	0.21416
1164 A	0.50857	0.28619	0.20525
1165 T	0.50943	0.29244	0.19812
1166 A	0.49877	0.31253	0.1887
1167 T	0.49319	0.31445	0.19236
1168 A	0.48506	0.31903	0.19591
1169 A	0.47547	0.32394	0.20059
1170 T	0.46786	0.32415	0.208
1171 C	0.45273	0.33761	0.20967
1172 C	0.43675	0.35781	0.20545
1173 A	0.41406	0.40804	0.17789
1174 A	0.39935	0.42853	0.17212
1175 A	0.38957	0.44056	0.16987
1176 A	0.38370	0.44942	0.16688
1177 A	0.38298	0.45065	0.16637
1178 C	0.39065	0.43768	0.17167
1179 A	0.39864	0.42779	0.17357
1180 A	0.40391	0.41970	0.17638
1181 A	0.41286	0.40527	0.18187
1182 T	0.42701	0.38502	0.18796
1183 G	0.43566	0.36880	0.19553
1184 A	0.44352	0.34486	0.21162
1185 A	0.46516	0.29400	0.24084
1186 T	0.49425	0.24545	0.2603
1187 T	0.50284	0.22498	0.27217
1188 A	0.50702	0.21569	0.27729
1189 T	0.51232	0.20335	0.28433
1190 T	0.51169	0.20008	0.28823
1191 A	0.50785	0.20055	0.2916
1192 A	0.50657	0.19457	0.29886
1193 G	0.50697	0.18216	0.31087
1194 A	0.50776	0.17155	0.32069
1195 A	0.51349	0.15171	0.3348
1196 G	0.54027	0.10615	0.35357
1197 T	0.54798	0.08668	0.36533
1198 A	0.55037	0.07520	0.37443
1199 T	0.55418	0.06380	0.38203
1200 T	0.55524	0.06038	0.38438
1201 T	0.55520	0.05935	0.38544
1202 C	0.55435	0.05902	0.38663
1203 T	0.55392	0.06023	0.38585
1204 T	0.55088	0.06609	0.38303
1205 C	0.54770	0.07538	0.37693
1206 T	0.54509	0.09518	0.35973
1207 A	0.53587	0.12781	0.33632
1208 A	0.53229	0.14657	0.32113
1209 T	0.53156	0.15355	0.3149
1210 G	0.52618	0.16038	0.31345
1211 G	0.52518	0.16146	0.31336
1212 T	0.53011	0.15703	0.31285
1213 A	0.52924	0.15843	0.31233
1214 C	0.53092	0.15429	0.3148
1215 T	0.53316	0.15346	0.31338
1216 A	0.52956	0.16027	0.31017
1217 T	0.53338	0.15667	0.30995
1218 A	0.53442	0.15602	0.30956
1219 A	0.53507	0.15553	0.3094
1220 T	0.53761	0.15248	0.30991
1221 T	0.53846	0.15094	0.3106
1222 G	0.53892	0.15013	0.31095
1223 A	0.54016	0.14851	0.31132
1224 A	0.54104	0.14684	0.31212
1225 T	0.54226	0.14361	0.31413
1226 A	0.54404	0.13984	0.31612
1227 C	0.54863	0.12965	0.32172
1228 G	0.55624	0.11910	0.32466
1229 A	0.57411	0.09896	0.32693
1230 T	0.59746	0.06900	0.33354
1231 T	0.61118	0.05194	0.33688
1232 T	0.61575	0.04585	0.3384
1233 A	0.61695	0.03750	0.34555
1234 G	0.61854	0.02978	0.35168
1235 T	0.62098	0.02375	0.35527
1236 T	0.62338	0.01706	0.35957
1237 T	0.62467	0.01308	0.36225
1238 A	0.62648	0.00870	0.36482
1239 A	0.62955	0.00000	0.37045
