# lcl|CP097583.1_cds_USQ93396.1_1
# AA	inside	membr	outside
1 A	0.66762	0.00000	0.33238
2 T	0.66689	0.00073	0.33238
3 G	0.66652	0.00111	0.33238
4 T	0.66652	0.01427	0.31921
5 C	0.66065	0.04472	0.29463
6 T	0.66065	0.05393	0.28542
7 T	0.64336	0.07398	0.28266
8 T	0.64336	0.07409	0.28256
9 A	0.60906	0.11118	0.27976
10 A	0.60900	0.23665	0.15435
11 A	0.60237	0.25655	0.14108
12 T	0.50221	0.36401	0.13378
13 A	0.25262	0.63485	0.11253
14 T	0.25258	0.63490	0.11252
15 A	0.25258	0.71425	0.03318
16 A	0.24449	0.72233	0.03318
17 A	0.23620	0.73092	0.03288
18 A	0.23594	0.73153	0.03252
19 G	0.23040	0.73730	0.0323
20 A	0.18066	0.79371	0.02563
21 A	0.09618	0.87819	0.02564
22 G	0.09084	0.88346	0.02571
23 A	0.08379	0.89050	0.02571
24 A	0.08289	0.89141	0.0257
25 G	0.08430	0.88681	0.02889
26 C	0.08671	0.88219	0.0311
27 A	0.09632	0.86914	0.03454
28 T	0.12280	0.83770	0.0395
29 T	0.12640	0.83506	0.03854
30 A	0.12082	0.83898	0.04019
31 A	0.11534	0.85207	0.03259
32 A	0.11727	0.81458	0.06815
33 A	0.20228	0.70389	0.09384
34 A	0.21460	0.67430	0.1111
35 T	0.26050	0.52753	0.21197
36 T	0.27512	0.33497	0.3899
37 C	0.25841	0.34830	0.39329
38 A	0.27315	0.34467	0.38218
39 T	0.24131	0.39170	0.36699
40 G	0.20894	0.44349	0.34757
41 A	0.15762	0.51938	0.32301
42 A	0.13217	0.56754	0.30029
43 A	0.12824	0.53928	0.33249
44 A	0.09952	0.52878	0.37171
45 A	0.07437	0.58721	0.33842
46 A	0.05817	0.59796	0.34387
47 A	0.05428	0.60492	0.3408
48 T	0.05346	0.61569	0.33084
49 A	0.04769	0.64803	0.30427
50 A	0.04675	0.66392	0.28933
51 A	0.04694	0.65417	0.29889
52 G	0.04631	0.64845	0.30524
53 G	0.04696	0.64893	0.3041
54 T	0.05325	0.65173	0.29502
55 A	0.05170	0.67570	0.27261
56 A	0.05195	0.68130	0.26675
57 A	0.05323	0.68682	0.25995
58 T	0.05877	0.70089	0.24034
59 T	0.05862	0.70570	0.23569
60 A	0.04862	0.75950	0.19188
61 G	0.05406	0.76712	0.17882
62 A	0.06542	0.76775	0.16683
63 A	0.07922	0.75885	0.16193
64 A	0.09920	0.71221	0.18859
65 T	0.13148	0.65602	0.2125
66 A	0.13299	0.65054	0.21647
67 A	0.14645	0.61323	0.24032
68 A	0.17541	0.56064	0.26395
69 C	0.18708	0.52755	0.28537
70 A	0.19682	0.51540	0.28778
71 C	0.21803	0.49273	0.28924
72 T	0.24614	0.46758	0.28628
73 A	0.25876	0.46762	0.27362
74 A	0.25840	0.48403	0.25757
75 A	0.26475	0.49232	0.24293
76 A	0.26762	0.52292	0.20945
77 T	0.25468	0.57089	0.17443
78 A	0.25385	0.62913	0.11702
79 A	0.25326	0.64764	0.0991
80 A	0.26813	0.63846	0.09341
81 A	0.29739	0.61276	0.08985
82 A	0.32446	0.58528	0.09026
83 T	0.40078	0.49824	0.10099
84 T	0.42760	0.46967	0.10274
85 A	0.44442	0.45285	0.10273
86 A	0.46238	0.43573	0.1019
87 T	0.47615	0.41808	0.10577
88 A	0.47418	0.41730	0.10852
89 A	0.47617	0.40603	0.11781
90 T	0.47790	0.39351	0.1286
91 C	0.47622	0.38919	0.13458
92 T	0.47540	0.38783	0.13677
93 C	0.47086	0.39010	0.13903
94 C	0.46941	0.39086	0.13973
95 A	0.46951	0.39089	0.1396
96 A	0.47999	0.38007	0.13994
97 G	0.49622	0.36043	0.14335
98 A	0.51936	0.33548	0.14517
99 A	0.56039	0.28041	0.1592
100 C	0.60862	0.18754	0.20384
101 T	0.67086	0.10405	0.22508
102 T	0.68859	0.07311	0.23831
103 T	0.69409	0.06231	0.2436
104 C	0.69401	0.05949	0.2465
105 T	0.69309	0.06126	0.24566
106 T	0.69172	0.06392	0.24437
107 T	0.68625	0.07236	0.24139
108 A	0.68155	0.08911	0.22934
109 A	0.67856	0.11722	0.20421
110 T	0.67442	0.12967	0.19591
111 T	0.65663	0.15913	0.18424
112 T	0.64491	0.17447	0.18062
113 A	0.63405	0.18964	0.17631
114 T	0.62981	0.19119	0.179
115 A	0.62380	0.19477	0.18143
116 C	0.61468	0.19807	0.18724
117 T	0.59284	0.21808	0.18908
118 C	0.56921	0.23990	0.19088
119 C	0.55017	0.25900	0.19084
120 A	0.52686	0.28287	0.19028
121 G	0.51997	0.29013	0.1899
122 G	0.51693	0.29388	0.18918
123 A	0.51491	0.29751	0.18758
124 G	0.51390	0.29838	0.18771
125 T	0.51365	0.29731	0.18904
126 A	0.51303	0.29660	0.19036
127 G	0.51327	0.29059	0.19615
128 C	0.51463	0.28170	0.20367
129 A	0.51940	0.27364	0.20696
130 G	0.52708	0.26020	0.21272
131 A	0.54438	0.23924	0.21639
132 A	0.56742	0.20972	0.22287
133 C	0.57853	0.18882	0.23265
134 C	0.59101	0.15291	0.25608
135 T	0.59840	0.13718	0.26442
136 T	0.60316	0.12784	0.26899
137 G	0.60337	0.12620	0.27044
138 T	0.60324	0.12364	0.27312
139 T	0.60225	0.11620	0.28155
140 T	0.58984	0.09970	0.31046
141 G	0.51938	0.16607	0.31455
142 G	0.43940	0.26576	0.29485
143 A	0.40064	0.34965	0.24972
144 A	0.37574	0.41779	0.20648
145 A	0.36736	0.43121	0.20144
146 T	0.36629	0.43229	0.20141
147 T	0.36398	0.43497	0.20105
148 G	0.35994	0.44116	0.1989
149 C	0.35854	0.44442	0.19703
150 T	0.35662	0.45412	0.18926
151 A	0.35131	0.47297	0.17572
152 A	0.34653	0.49263	0.16084
153 A	0.34362	0.49658	0.1598
154 A	0.34124	0.49916	0.1596
155 A	0.34047	0.49949	0.16004
156 T	0.33991	0.49945	0.16064
157 C	0.33910	0.49985	0.16104
158 C	0.33865	0.50049	0.16087
159 A	0.33796	0.50286	0.15919
160 A	0.33844	0.50388	0.15768
161 A	0.34073	0.50184	0.15742
162 A	0.34563	0.49680	0.15758
163 A	0.35648	0.47245	0.17107
164 A	0.38493	0.37249	0.24259
165 T	0.42183	0.24794	0.33022
166 G	0.46933	0.15922	0.37145
167 C	0.50378	0.10769	0.38853
168 T	0.51109	0.13863	0.35027
169 T	0.50421	0.21842	0.27737
170 A	0.48328	0.26995	0.24678
171 T	0.46667	0.30246	0.23087
172 A	0.41520	0.38134	0.20347
173 A	0.39357	0.41209	0.19434
174 A	0.39154	0.41924	0.18921
175 T	0.39686	0.40964	0.1935
176 A	0.38204	0.42233	0.19563
177 C	0.37234	0.42993	0.19773
178 A	0.36822	0.43460	0.19718
179 C	0.36694	0.43550	0.19756
180 A	0.36646	0.43667	0.19686
181 A	0.36679	0.43635	0.19686
182 C	0.36834	0.43434	0.19732
183 T	0.36963	0.43307	0.1973
184 A	0.36901	0.43396	0.19703
185 A	0.36857	0.43311	0.19832
186 G	0.36821	0.43236	0.19943
187 G	0.36873	0.43121	0.20007
188 G	0.37139	0.42631	0.2023
189 A	0.37864	0.41631	0.20505
190 A	0.39145	0.39914	0.20941
191 A	0.43618	0.35001	0.2138
192 T	0.51125	0.25953	0.22922
193 A	0.53333	0.21613	0.25054
194 A	0.54859	0.17882	0.27259
195 T	0.57314	0.10336	0.3235
196 G	0.58128	0.07026	0.34846
197 T	0.58968	0.04926	0.36106
198 T	0.58997	0.04194	0.3681
199 G	0.59008	0.03438	0.37554
200 C	0.59058	0.03049	0.37893
201 T	0.59136	0.04011	0.36854
202 G	0.59088	0.05094	0.35818
203 T	0.59155	0.05757	0.35087
204 T	0.59008	0.07586	0.33406
205 A	0.58841	0.07944	0.33215
206 T	0.58825	0.07945	0.3323
207 T	0.58749	0.08000	0.3325
208 A	0.58628	0.08238	0.33134
209 C	0.58467	0.08345	0.33188
210 T	0.58254	0.08580	0.33166
211 A	0.57653	0.09203	0.33143
212 A	0.57158	0.09710	0.33132
213 C	0.56961	0.09915	0.33125
214 G	0.56841	0.10047	0.33111
215 G	0.56743	0.10157	0.331
216 A	0.56749	0.10169	0.33082
217 A	0.56804	0.10110	0.33086
218 C	0.56950	0.09947	0.33103
219 A	0.57101	0.09759	0.3314
220 G	0.57339	0.09465	0.33196
221 C	0.57758	0.08942	0.33301
222 T	0.58615	0.08046	0.33339
223 G	0.59103	0.07540	0.33357
224 T	0.60865	0.05696	0.33439
225 T	0.61768	0.04722	0.3351
226 C	0.62156	0.04300	0.33544
227 T	0.62847	0.03547	0.33607
228 T	0.62933	0.03410	0.33657
229 G	0.62934	0.03495	0.33571
230 G	0.62965	0.03641	0.33394
231 T	0.63077	0.03732	0.33191
232 T	0.63037	0.03972	0.32991
233 T	0.62947	0.04182	0.3287
234 A	0.62672	0.04332	0.32996
235 G	0.62574	0.04292	0.33133
236 G	0.62517	0.04552	0.3293
237 A	0.62400	0.05592	0.32007
238 A	0.62358	0.05975	0.31668
239 A	0.62354	0.06091	0.31555
240 T	0.62335	0.06172	0.31493
241 A	0.62289	0.06329	0.31382
242 T	0.62258	0.06409	0.31334
243 A	0.62168	0.06616	0.31216
244 G	0.62124	0.06650	0.31226
245 G	0.62057	0.06725	0.31218
246 A	0.61803	0.07008	0.3119
247 G	0.61681	0.07128	0.31191
248 C	0.61645	0.07166	0.31189
249 A	0.61638	0.07275	0.31087
250 T	0.61842	0.07070	0.31088
251 T	0.61929	0.06984	0.31087
252 A	0.61926	0.06995	0.31079
253 G	0.62101	0.06765	0.31134
254 C	0.62372	0.06243	0.31385
255 T	0.62757	0.05816	0.31428
256 T	0.62671	0.05922	0.31407
257 C	0.61887	0.06858	0.31255
258 A	0.61202	0.07747	0.31051
259 A	0.61227	0.07739	0.31034
260 T	0.62007	0.06845	0.31148
261 T	0.61956	0.06846	0.31198
262 C	0.61612	0.07192	0.31196
263 C	0.61353	0.07502	0.31146
264 A	0.60466	0.08520	0.31013
265 G	0.60155	0.08910	0.30935
266 T	0.60007	0.09145	0.30848
267 A	0.59600	0.09614	0.30786
268 A	0.59407	0.09814	0.30778
269 T	0.59324	0.09582	0.31094
270 G	0.59046	0.09713	0.31241
271 G	0.58802	0.09889	0.31308
272 A	0.58619	0.10127	0.31254
273 A	0.58457	0.10482	0.3106
274 G	0.58419	0.10782	0.308
275 G	0.58396	0.11268	0.30336
276 A	0.58362	0.11624	0.30013
277 A	0.58370	0.11478	0.30152
278 A	0.58429	0.11225	0.30346
279 A	0.58535	0.10579	0.30887
280 G	0.58803	0.09064	0.32133
281 C	0.59047	0.07785	0.33168
282 T	0.59134	0.07427	0.33438
283 A	0.59172	0.07427	0.33402
284 G	0.59248	0.07119	0.33633
285 T	0.59358	0.06842	0.338
286 T	0.59431	0.06652	0.33916
287 T	0.59474	0.05842	0.34683
288 A	0.59395	0.06275	0.34329
289 T	0.59404	0.07403	0.33193
290 T	0.59232	0.08524	0.32244
291 T	0.58410	0.10411	0.31179
292 A	0.57648	0.11510	0.30841
293 A	0.57166	0.12052	0.30782
294 A	0.57090	0.12038	0.30872
295 A	0.57178	0.11763	0.31058
296 C	0.57450	0.11330	0.3122
297 A	0.57855	0.10945	0.312
298 T	0.58500	0.10261	0.31239
299 T	0.58841	0.09897	0.31261
300 T	0.58855	0.09892	0.31253
301 G	0.58834	0.09939	0.31228
302 C	0.58812	0.09966	0.31222
303 T	0.58708	0.10128	0.31164
304 A	0.58596	0.10345	0.31058
305 A	0.58587	0.10388	0.31025
306 T	0.58750	0.10242	0.31008
307 A	0.58797	0.10218	0.30984
308 T	0.59036	0.09950	0.31014
309 A	0.59216	0.09711	0.31073
310 G	0.59574	0.09209	0.31217
311 A	0.60427	0.08109	0.31464
312 T	0.62102	0.06192	0.31705
313 T	0.63222	0.04747	0.3203
314 C	0.64177	0.02903	0.3292
315 T	0.64607	0.01978	0.33415
316 T	0.64824	0.01375	0.33801
317 T	0.64910	0.01229	0.33861
318 T	0.64931	0.01163	0.33906
319 C	0.64885	0.01187	0.33928
320 C	0.64892	0.01149	0.33959
321 T	0.64897	0.01148	0.33955
322 A	0.64884	0.01179	0.33937
323 T	0.64924	0.01145	0.33932
324 T	0.64948	0.01135	0.33917
325 T	0.64936	0.01194	0.3387
326 G	0.64804	0.01370	0.33827
327 T	0.64539	0.01959	0.33502
328 A	0.63606	0.04121	0.32274
329 T	0.63086	0.05600	0.31313
330 T	0.61992	0.08273	0.29735
331 G	0.60074	0.10463	0.29462
332 A	0.58703	0.11864	0.29433
333 T	0.57112	0.13474	0.29413
334 T	0.55230	0.15378	0.29391
335 C	0.52874	0.17760	0.29366
336 C	0.51062	0.19678	0.2926
337 G	0.47338	0.23837	0.28824
338 A	0.45849	0.25574	0.28577
339 A	0.44806	0.26672	0.28523
340 G	0.44414	0.27069	0.28517
341 A	0.44278	0.27200	0.28523
342 T	0.44074	0.27327	0.28598
343 C	0.43635	0.27731	0.28634
344 C	0.43473	0.27889	0.28639
345 A	0.43380	0.27997	0.28623
346 G	0.43352	0.28045	0.28604
347 A	0.43365	0.28046	0.2859
348 A	0.43462	0.27951	0.28587
349 G	0.43677	0.27612	0.2871
350 A	0.44206	0.26654	0.2914
351 A	0.45465	0.24333	0.30202
352 A	0.46507	0.22501	0.30992
353 T	0.48007	0.19712	0.32281
354 T	0.48226	0.17869	0.33906
355 A	0.48248	0.16443	0.35309
356 T	0.48313	0.14144	0.37542
357 T	0.48333	0.12219	0.39448
358 A	0.48347	0.10645	0.41008
359 A	0.48440	0.09845	0.41714
360 T	0.48835	0.07023	0.44142
361 A	0.48954	0.06087	0.44959
362 T	0.48891	0.05183	0.45926
363 T	0.48245	0.05556	0.46199
364 A	0.46794	0.06904	0.46302
365 T	0.46521	0.06957	0.46523
366 C	0.46064	0.07030	0.46905
367 T	0.45742	0.07524	0.46734
368 C	0.45144	0.08953	0.45903
369 T	0.44488	0.13006	0.42507
370 A	0.41815	0.19419	0.38765
371 A	0.39358	0.24891	0.35751
372 A	0.37671	0.28836	0.33493
373 A	0.37128	0.29790	0.33083
374 T	0.37025	0.30007	0.32968
375 A	0.36521	0.30515	0.32965
376 T	0.36351	0.30663	0.32986
377 C	0.35970	0.31013	0.33017
378 T	0.35885	0.31084	0.33031
379 C	0.35565	0.31398	0.33037
380 C	0.35359	0.31605	0.33036
381 A	0.35398	0.31584	0.33018
382 A	0.35858	0.31138	0.33004
383 T	0.36572	0.30401	0.33028
384 A	0.36874	0.30077	0.33049
385 T	0.36900	0.29911	0.33189
386 T	0.36851	0.29092	0.34057
387 C	0.36603	0.27655	0.35742
388 G	0.36330	0.27590	0.36081
389 G	0.36211	0.27344	0.36445
390 A	0.36587	0.26820	0.36593
391 G	0.37820	0.25246	0.36934
392 G	0.41191	0.21528	0.37282
393 A	0.44573	0.15721	0.39706
394 A	0.47272	0.10811	0.41917
395 T	0.49262	0.07168	0.43569
396 T	0.49794	0.06323	0.43883
397 A	0.49880	0.06274	0.43846
398 A	0.49899	0.06027	0.44074
399 T	0.49881	0.05813	0.44306
400 T	0.49753	0.06392	0.43855
401 T	0.48220	0.10562	0.41218
402 A	0.38506	0.23246	0.38248
403 G	0.31817	0.32682	0.35501
404 A	0.27316	0.39158	0.33525
405 A	0.24261	0.42911	0.32828
406 G	0.23190	0.44198	0.32612
407 A	0.22857	0.44831	0.32312
408 T	0.22791	0.44910	0.323
409 A	0.22550	0.45178	0.32272
410 T	0.22517	0.45073	0.32409
411 T	0.22438	0.45054	0.32508
412 A	0.22266	0.45117	0.32617
413 A	0.22266	0.44988	0.32746
414 A	0.22336	0.44788	0.32877
415 T	0.22469	0.44543	0.32988
416 C	0.22585	0.44354	0.33061
417 T	0.22781	0.44136	0.33083
418 C	0.22728	0.44176	0.33095
419 C	0.22740	0.44165	0.33094
420 A	0.22813	0.44139	0.33048
421 G	0.23138	0.43843	0.3302
422 A	0.23588	0.43402	0.3301
423 A	0.24885	0.41996	0.33119
424 T	0.28607	0.36332	0.35061
425 G	0.31912	0.21900	0.46188
426 T	0.35079	0.12327	0.52594
427 T	0.36618	0.06691	0.56691
428 T	0.36973	0.04179	0.58848
429 T	0.36901	0.03667	0.59432
430 T	0.36489	0.04240	0.59271
431 A	0.35521	0.05714	0.58765
432 C	0.34250	0.07134	0.58617
433 A	0.32701	0.10891	0.56408
434 T	0.31311	0.17793	0.50895
435 T	0.28904	0.23849	0.47247
436 G	0.23159	0.32056	0.44785
437 A	0.18369	0.39798	0.41834
438 A	0.15810	0.44767	0.39423
439 A	0.13773	0.52658	0.33569
440 A	0.12877	0.56079	0.31044
441 A	0.12370	0.58765	0.28865
442 A	0.12168	0.59484	0.28348
443 A	0.12071	0.59673	0.28256
444 A	0.12035	0.59894	0.28072
445 T	0.12080	0.60047	0.27872
446 T	0.12067	0.60225	0.27707
447 A	0.12033	0.60517	0.27449
448 A	0.12036	0.60632	0.27332
449 A	0.12047	0.60629	0.27324
450 A	0.12068	0.60536	0.27396
451 G	0.12127	0.60279	0.27594
452 A	0.12406	0.59764	0.2783
453 A	0.13000	0.58603	0.28397
454 A	0.13906	0.56606	0.29487
455 A	0.15071	0.53702	0.31227
456 A	0.18349	0.47761	0.3389
457 T	0.25048	0.38455	0.36497
458 T	0.28410	0.32699	0.3889
459 A	0.30163	0.27046	0.42791
460 G	0.32049	0.21474	0.46477
461 A	0.34280	0.17350	0.4837
462 T	0.39650	0.09955	0.50396
463 A	0.41932	0.06812	0.51256
464 T	0.44545	0.03573	0.51882
465 T	0.45247	0.02619	0.52134
466 C	0.45464	0.02265	0.52271
467 C	0.45669	0.02072	0.52259
468 T	0.45933	0.02314	0.51753
469 G	0.46028	0.03145	0.50827
470 T	0.46235	0.03199	0.50567
471 T	0.46279	0.03245	0.50475
472 T	0.46221	0.03443	0.50336
473 T	0.45949	0.03934	0.50116
474 C	0.45295	0.04980	0.49725
475 C	0.45041	0.06315	0.48644
476 A	0.44816	0.08586	0.46598
477 T	0.44282	0.10530	0.45188
478 G	0.43737	0.12575	0.43688
479 A	0.43572	0.13631	0.42796
480 T	0.43270	0.14037	0.42693
481 G	0.42497	0.14881	0.42622
482 A	0.42152	0.15261	0.42587
483 T	0.42122	0.15272	0.42606
484 C	0.41954	0.15429	0.42617
485 A	0.41869	0.15524	0.42607
486 A	0.41831	0.15560	0.4261
487 C	0.41815	0.15571	0.42614
488 A	0.41825	0.15576	0.426
489 T	0.41905	0.15501	0.42593
490 G	0.41974	0.15403	0.42623
491 G	0.42409	0.14942	0.42648
492 G	0.43173	0.14155	0.42671
493 A	0.43468	0.13740	0.42791
494 C	0.43668	0.13266	0.43066
495 A	0.43934	0.12903	0.43164
496 G	0.44403	0.12122	0.43476
497 C	0.45100	0.10925	0.43975
498 T	0.46583	0.09338	0.44079
499 A	0.48457	0.07375	0.44168
500 T	0.49903	0.05326	0.44772
501 T	0.50944	0.03791	0.45264
502 G	0.51232	0.03342	0.45427
503 T	0.51221	0.02902	0.45877
504 T	0.51088	0.02358	0.46554
505 G	0.50927	0.02361	0.46711
506 T	0.50840	0.02334	0.46827
507 T	0.50640	0.02374	0.46987
508 T	0.50328	0.02599	0.47073
509 G	0.49510	0.03379	0.47112
510 C	0.47161	0.05708	0.47132
511 G	0.43941	0.08977	0.47082
512 C	0.42140	0.10941	0.46919
513 A	0.39305	0.14696	0.45999
514 G	0.38199	0.16151	0.45649
515 G	0.37587	0.17203	0.45209
516 A	0.37251	0.18060	0.44689
517 A	0.37158	0.18363	0.44479
518 T	0.37179	0.18384	0.44438
519 T	0.37139	0.18538	0.44323
520 T	0.36977	0.18830	0.44194
521 T	0.36790	0.19261	0.4395
522 A	0.36212	0.20285	0.43503
523 A	0.35781	0.20851	0.43368
524 A	0.35494	0.21184	0.43322
525 T	0.35321	0.21258	0.43421
526 G	0.34800	0.21736	0.43464
527 C	0.34554	0.21698	0.43748
528 T	0.34196	0.22227	0.43577
529 T	0.33416	0.23155	0.43429
530 T	0.32280	0.24420	0.433
531 A	0.30279	0.26629	0.43093
532 A	0.29166	0.27553	0.43281
533 A	0.27886	0.26623	0.45492
534 A	0.27101	0.24464	0.48435
535 A	0.26796	0.23455	0.49749
536 T	0.27719	0.20211	0.5207
537 A	0.27819	0.19859	0.52323
538 G	0.28043	0.19473	0.52485
539 T	0.28409	0.19782	0.5181
540 T	0.28328	0.21629	0.50042
541 A	0.26649	0.26764	0.46587
542 A	0.24325	0.32900	0.42775
543 A	0.22717	0.39360	0.37922
544 A	0.21741	0.42283	0.35976
545 A	0.21216	0.44648	0.34136
546 A	0.20874	0.46022	0.33105
547 A	0.20855	0.46391	0.32753
548 A	0.20983	0.46211	0.32807
549 T	0.21209	0.45563	0.33227
550 A	0.21198	0.45246	0.33556
551 T	0.21483	0.44117	0.344
552 T	0.21484	0.43342	0.35174
553 A	0.21362	0.42855	0.35783
554 A	0.21283	0.41680	0.37038
555 A	0.21384	0.40699	0.37917
556 G	0.21577	0.39281	0.39143
557 A	0.21943	0.38222	0.39835
558 C	0.22526	0.37171	0.40302
559 G	0.22946	0.37547	0.39507
560 T	0.23912	0.37733	0.38355
561 A	0.24445	0.38617	0.36938
562 A	0.25486	0.38724	0.35791
563 A	0.27428	0.37282	0.3529
564 A	0.31078	0.32008	0.36914
565 A	0.35082	0.25647	0.39272
566 T	0.40446	0.18530	0.41023
567 A	0.42347	0.15697	0.41956
568 G	0.44534	0.12798	0.42668
569 T	0.46050	0.11176	0.42774
570 T	0.46649	0.11285	0.42067
571 A	0.46755	0.11290	0.41954
572 T	0.46912	0.11132	0.41956
573 T	0.46529	0.11774	0.41697
574 A	0.45086	0.13508	0.41406
575 C	0.43706	0.14730	0.41564
576 A	0.42430	0.16046	0.41523
577 G	0.42056	0.16196	0.41747
578 G	0.41852	0.16323	0.41825
579 C	0.41891	0.16286	0.41823
580 G	0.41971	0.16287	0.41743
581 C	0.42274	0.16055	0.41671
582 A	0.43203	0.15484	0.41313
583 G	0.44530	0.14219	0.41251
584 G	0.45885	0.12898	0.41217
585 T	0.47111	0.11720	0.41169
586 T	0.47419	0.11428	0.41153
587 C	0.47228	0.11568	0.41205
588 A	0.45317	0.13768	0.40915
589 G	0.43462	0.15766	0.40772
590 C	0.42597	0.16918	0.40485
591 A	0.42023	0.18533	0.39445
592 G	0.42110	0.18930	0.3896
593 G	0.42802	0.18520	0.38678
594 A	0.43015	0.18666	0.38318
595 A	0.43171	0.18436	0.38393
596 T	0.43603	0.17255	0.39141
597 A	0.43862	0.15506	0.40632
598 G	0.43934	0.13828	0.42239
599 C	0.44045	0.12335	0.43621
600 T	0.44082	0.12072	0.43846
601 G	0.44064	0.11943	0.43993
602 T	0.44123	0.11832	0.44046
603 A	0.44078	0.11848	0.44074
604 G	0.44039	0.11850	0.44111
605 C	0.44212	0.11647	0.44141
606 T	0.44242	0.12374	0.43385
607 A	0.44204	0.13146	0.4265
608 A	0.44230	0.13393	0.42377
609 A	0.44254	0.13247	0.425
610 A	0.44334	0.12877	0.42789
611 T	0.44787	0.10052	0.45162
612 G	0.45007	0.07730	0.47263
613 C	0.45416	0.06398	0.48185
614 T	0.46489	0.04958	0.48553
615 T	0.46693	0.04867	0.4844
616 C	0.46665	0.05018	0.48317
617 T	0.46723	0.05825	0.47452
618 T	0.46403	0.07514	0.46084
619 T	0.46038	0.08697	0.45264
620 T	0.44950	0.11290	0.4376
621 A	0.44094	0.13910	0.41996
622 T	0.43733	0.14708	0.41558
623 T	0.42459	0.16744	0.40797
624 A	0.40608	0.19762	0.3963
625 G	0.39788	0.21574	0.38638
626 A	0.38246	0.24108	0.37646
627 A	0.37870	0.25185	0.36944
628 T	0.37874	0.25578	0.36548
629 T	0.38239	0.25386	0.36375
630 T	0.38260	0.25710	0.36031
631 A	0.37315	0.27021	0.35665
632 A	0.36807	0.27673	0.3552
633 A	0.36568	0.27973	0.35459
634 A	0.36501	0.28067	0.35432
635 A	0.36436	0.28088	0.35477
636 T	0.36505	0.27945	0.3555
637 A	0.36628	0.27828	0.35543
638 T	0.37189	0.27000	0.35811
639 A	0.37392	0.26584	0.36024
640 A	0.38636	0.25027	0.36338
641 T	0.40626	0.22228	0.37145
642 T	0.41562	0.20582	0.37856
643 C	0.42453	0.17955	0.39592
644 T	0.43715	0.16315	0.39969
645 A	0.43533	0.16525	0.39942
646 A	0.43782	0.15849	0.40369
647 T	0.44466	0.14075	0.41459
648 A	0.43685	0.14678	0.41637
649 G	0.38368	0.18490	0.43142
650 A	0.32985	0.24960	0.42055
651 T	0.30063	0.28955	0.40982
652 A	0.19044	0.44752	0.36204
653 A	0.13142	0.52193	0.34666
654 A	0.09422	0.55891	0.34688
655 G	0.07014	0.58536	0.34449
656 A	0.05597	0.60293	0.3411
657 A	0.04336	0.61881	0.33783
658 G	0.04009	0.62193	0.33798
659 G	0.03786	0.62381	0.33833
660 G	0.03640	0.62478	0.33882
661 G	0.03625	0.62506	0.33868
662 C	0.03631	0.62465	0.33904
663 A	0.03635	0.62488	0.33877
664 A	0.03669	0.62452	0.3388
665 T	0.03720	0.62353	0.33927
666 C	0.03710	0.62321	0.33969
667 A	0.03762	0.62291	0.33947
668 A	0.03904	0.61859	0.34236
669 A	0.04024	0.61314	0.34662
670 A	0.04181	0.60636	0.35183
671 A	0.04724	0.58807	0.36469
672 A	0.05726	0.50118	0.44156
673 G	0.07529	0.40603	0.51868
674 A	0.09280	0.34389	0.56332
675 T	0.14843	0.17710	0.67446
676 T	0.16732	0.10304	0.72964
677 G	0.17168	0.06538	0.76295
678 T	0.17615	0.04347	0.78038
679 A	0.17772	0.03545	0.78682
680 C	0.17807	0.02664	0.79529
681 T	0.17509	0.03883	0.78608
682 T	0.16761	0.06551	0.76688
683 G	0.15412	0.11085	0.73503
684 G	0.13442	0.22959	0.636
685 T	0.12057	0.31557	0.56386
686 T	0.09771	0.43695	0.46535
687 A	0.04800	0.56254	0.38947
688 A	0.03950	0.59956	0.36094
689 A	0.03654	0.62319	0.34027
690 T	0.03507	0.62919	0.33574
691 G	0.03259	0.63578	0.33163
692 A	0.03079	0.64247	0.32675
693 A	0.02793	0.64579	0.32628
694 G	0.02564	0.64829	0.32607
695 A	0.02330	0.65099	0.32571
696 A	0.02227	0.65237	0.32536
697 C	0.02226	0.65271	0.32503
698 A	0.02239	0.65321	0.3244
699 A	0.02248	0.65378	0.32374
700 A	0.02278	0.65377	0.32345
701 A	0.02424	0.65235	0.32342
702 A	0.03059	0.64552	0.3239
703 A	0.03889	0.63404	0.32707
704 A	0.05611	0.61013	0.33376
705 A	0.08486	0.56721	0.34793
706 A	0.13759	0.49763	0.36479
707 T	0.26477	0.34127	0.39396
708 G	0.34376	0.24599	0.41026
709 T	0.42936	0.13903	0.43162
710 C	0.46671	0.06563	0.46766
711 T	0.47692	0.05259	0.47049
712 T	0.47406	0.05781	0.46813
713 T	0.41381	0.13340	0.45279
714 A	0.32427	0.25198	0.42375
715 G	0.27158	0.30902	0.4194
716 T	0.25109	0.33072	0.41819
717 A	0.22216	0.36245	0.4154
718 A	0.20249	0.38500	0.41252
719 C	0.19608	0.39725	0.40668
720 T	0.19106	0.40991	0.39902
721 A	0.18625	0.43094	0.38281
722 A	0.18567	0.43567	0.37866
723 T	0.18578	0.43702	0.3772
724 T	0.18460	0.44056	0.37484
725 T	0.18126	0.44468	0.37407
726 A	0.14744	0.47986	0.37271
727 A	0.12154	0.50661	0.37185
728 A	0.11230	0.51692	0.37078
729 A	0.10626	0.52406	0.36967
730 A	0.10312	0.52798	0.36891
731 A	0.10179	0.52814	0.37007
732 T	0.10155	0.52407	0.37438
733 G	0.10076	0.51120	0.38803
734 A	0.10198	0.49293	0.40508
735 A	0.10513	0.47191	0.42296
736 A	0.12138	0.39364	0.48498
737 C	0.15081	0.26724	0.58195
738 T	0.15957	0.21090	0.62954
739 G	0.16384	0.18430	0.65185
740 G	0.16926	0.16482	0.66591
741 C	0.17555	0.14881	0.67564
742 T	0.18541	0.13779	0.6768
743 C	0.19125	0.12684	0.68191
744 T	0.20578	0.11502	0.6792
745 T	0.20694	0.13547	0.6576
746 T	0.20298	0.20208	0.59495
747 A	0.19364	0.27465	0.53171
748 A	0.14987	0.37945	0.47068
749 A	0.12533	0.39723	0.47744
750 A	0.10284	0.42748	0.46968
751 G	0.09448	0.44949	0.45603
752 A	0.09148	0.46808	0.44044
753 A	0.09029	0.48329	0.42642
754 A	0.09050	0.48834	0.42116
755 T	0.09134	0.48656	0.4221
756 T	0.09083	0.48587	0.4233
757 A	0.09006	0.48610	0.42384
758 T	0.08983	0.48581	0.42437
759 C	0.08931	0.48635	0.42434
760 C	0.08796	0.48881	0.42324
761 A	0.08715	0.48993	0.42292
762 A	0.08676	0.49044	0.4228
763 A	0.08655	0.49081	0.42264
764 A	0.08696	0.49052	0.42252
765 C	0.08931	0.48785	0.42284
766 A	0.09416	0.48208	0.42376
767 A	0.10523	0.46937	0.4254
768 A	0.13028	0.44174	0.42799
769 G	0.18995	0.37627	0.43378
770 A	0.25780	0.30210	0.4401
771 T	0.34070	0.17517	0.48413
772 A	0.37032	0.12254	0.50714
773 T	0.40295	0.06627	0.53078
774 T	0.41929	0.04126	0.53944
775 T	0.42934	0.02931	0.54135
776 T	0.43467	0.02353	0.54179
777 C	0.43013	0.02923	0.54064
778 A	0.42655	0.03600	0.53745
779 T	0.42444	0.03881	0.53675
780 T	0.42057	0.04693	0.5325
781 G	0.41384	0.05598	0.53018
782 G	0.40859	0.06375	0.52766
783 T	0.40705	0.06778	0.52518
784 T	0.40570	0.06909	0.5252
785 T	0.40275	0.07373	0.52352
786 A	0.39935	0.07815	0.5225
787 T	0.39822	0.08003	0.52176
788 C	0.39500	0.08407	0.52092
789 A	0.38976	0.08990	0.52034
790 A	0.38605	0.09386	0.52009
791 A	0.38426	0.09583	0.5199
792 A	0.37965	0.10066	0.51969
793 C	0.37706	0.10329	0.51964
794 C	0.37689	0.10364	0.51947
795 T	0.37767	0.10373	0.5186
796 A	0.37732	0.10455	0.51813
797 A	0.37816	0.10389	0.51794
798 T	0.38154	0.10049	0.51797
799 A	0.38392	0.09753	0.51855
800 T	0.38904	0.08346	0.5275
801 T	0.39356	0.07339	0.53305
802 T	0.39498	0.06845	0.53657
803 T	0.39675	0.06300	0.54025
804 A	0.39723	0.05785	0.54492
805 A	0.39855	0.05113	0.55032
806 C	0.40177	0.04328	0.55494
807 T	0.40257	0.04078	0.55665
808 T	0.40378	0.03730	0.55893
809 C	0.40407	0.03525	0.56068
810 A	0.40440	0.03679	0.5588
811 G	0.40508	0.03608	0.55884
812 A	0.40557	0.03383	0.5606
813 A	0.40587	0.03268	0.56146
814 A	0.40630	0.03511	0.55859
815 T	0.40691	0.03045	0.56263
816 G	0.40673	0.02863	0.56465
817 G	0.40706	0.02744	0.5655
818 T	0.40810	0.02602	0.56587
819 T	0.40832	0.02594	0.56574
820 T	0.40810	0.02598	0.56592
821 C	0.40763	0.02666	0.5657
822 A	0.40608	0.02961	0.5643
823 A	0.40542	0.03082	0.56376
824 C	0.40479	0.03218	0.56302
825 T	0.40421	0.03408	0.56171
826 A	0.40351	0.03497	0.56152
827 T	0.40350	0.03461	0.56189
828 G	0.40273	0.03514	0.56214
829 G	0.40264	0.03505	0.56231
830 C	0.40294	0.03416	0.5629
831 T	0.40363	0.03322	0.56316
832 C	0.40425	0.03227	0.56348
833 C	0.40638	0.03007	0.56355
834 A	0.40763	0.02895	0.56341
835 A	0.40969	0.02691	0.5634
836 A	0.41236	0.02417	0.56347
837 T	0.41721	0.01927	0.56352
838 T	0.41906	0.01727	0.56366
839 C	0.42036	0.01526	0.56438
840 T	0.42089	0.01458	0.56453
841 A	0.42115	0.01433	0.56452
842 T	0.42177	0.01355	0.56468
843 A	0.42191	0.01324	0.56486
844 G	0.42247	0.01238	0.56516
845 T	0.42412	0.00908	0.5668
846 A	0.42454	0.00792	0.56754
847 T	0.42532	0.00608	0.5686
848 T	0.42618	0.00444	0.56939
849 T	0.42622	0.00370	0.57008
850 G	0.42603	0.00364	0.57034
851 C	0.42555	0.00379	0.57066
852 T	0.42313	0.00719	0.56967
853 T	0.41972	0.01082	0.56946
854 T	0.41464	0.01610	0.56925
855 A	0.39712	0.03386	0.56902
856 G	0.38808	0.04298	0.56894
857 C	0.38443	0.04668	0.56889
858 T	0.38270	0.04845	0.56886
859 A	0.37948	0.05169	0.56883
860 A	0.37861	0.05255	0.56883
861 T	0.37814	0.05300	0.56886
862 C	0.37715	0.05397	0.56888
863 C	0.37676	0.05430	0.56894
864 T	0.37663	0.05440	0.56896
865 A	0.37612	0.05489	0.56899
866 T	0.37594	0.05501	0.56905
867 T	0.37530	0.05563	0.56908
868 C	0.37449	0.05636	0.56915
869 C	0.37400	0.05662	0.56938
870 T	0.37336	0.05724	0.5694
871 G	0.37230	0.05832	0.56939
872 A	0.37174	0.05893	0.56933
873 A	0.36986	0.06082	0.56932
874 A	0.36872	0.06144	0.56983
875 T	0.36856	0.05634	0.5751
876 T	0.36734	0.05258	0.58007
877 A	0.36519	0.04915	0.58566
878 T	0.36401	0.03584	0.60015
879 G	0.36038	0.03489	0.60472
880 T	0.35667	0.04218	0.60116
881 A	0.35230	0.05065	0.59705
882 T	0.34851	0.05682	0.59467
883 G	0.34420	0.06660	0.5892
884 A	0.34154	0.07335	0.58511
885 T	0.33959	0.07766	0.58275
886 G	0.33668	0.08157	0.58175
887 A	0.33503	0.08669	0.57828
888 A	0.33036	0.09351	0.57613
889 G	0.32774	0.09700	0.57526
890 C	0.32410	0.10166	0.57424
891 T	0.32156	0.10983	0.56861
892 A	0.31659	0.12111	0.5623
893 A	0.31348	0.12605	0.56047
894 A	0.31043	0.12979	0.55978
895 A	0.30932	0.13099	0.55969
896 A	0.30896	0.12929	0.56175
897 A	0.30878	0.12772	0.56349
898 G	0.30892	0.12582	0.56526
899 G	0.30943	0.12388	0.56669
900 A	0.31025	0.12187	0.56788
901 A	0.31208	0.11836	0.56956
902 A	0.31652	0.11025	0.57323
903 T	0.32471	0.09698	0.57831
904 G	0.32873	0.08849	0.58278
905 C	0.33334	0.08048	0.58618
906 T	0.33877	0.07491	0.58632
907 A	0.34134	0.07425	0.58441
908 A	0.34339	0.07382	0.58278
909 A	0.34521	0.07186	0.58294
910 A	0.34948	0.06832	0.58219
911 T	0.35423	0.05916	0.58661
912 A	0.35720	0.05385	0.58895
913 G	0.36006	0.04634	0.59361
914 T	0.36569	0.03781	0.5965
915 T	0.36915	0.03015	0.6007
916 G	0.36990	0.02662	0.60348
917 C	0.37058	0.02325	0.60617
918 T	0.37100	0.02269	0.60631
919 A	0.37112	0.02333	0.60555
920 C	0.37126	0.02355	0.60519
921 A	0.37134	0.02368	0.60498
922 G	0.37156	0.02368	0.60475
923 G	0.37218	0.02324	0.60459
924 G	0.37260	0.02365	0.60375
925 C	0.37336	0.02314	0.6035
926 G	0.37462	0.02224	0.60315
927 T	0.37720	0.02030	0.6025
928 T	0.37826	0.02003	0.60171
929 C	0.37926	0.02001	0.60072
930 A	0.38063	0.02291	0.59646
931 G	0.38241	0.02641	0.59117
932 A	0.38389	0.02887	0.58724
933 T	0.38625	0.02699	0.58676
934 T	0.38741	0.02592	0.58667
935 T	0.38816	0.02507	0.58677
936 T	0.38802	0.02520	0.58678
937 C	0.38742	0.02580	0.58677
938 C	0.38651	0.02688	0.58662
939 A	0.38591	0.02758	0.58652
940 A	0.38587	0.02774	0.58638
941 A	0.38629	0.02737	0.58634
942 T	0.38722	0.02645	0.58634
943 C	0.38759	0.02598	0.58643
944 A	0.38782	0.02566	0.58652
945 A	0.38813	0.02526	0.58661
946 A	0.38867	0.02469	0.58663
947 T	0.38973	0.02356	0.5867
948 T	0.39025	0.02301	0.58673
949 A	0.39077	0.02235	0.58688
950 A	0.39193	0.02102	0.58706
951 C	0.39299	0.01958	0.58744
952 A	0.39401	0.01838	0.58761
953 A	0.39766	0.01460	0.58774
954 T	0.40306	0.00907	0.58788
955 C	0.40638	0.00562	0.588
956 T	0.40705	0.00490	0.58805
957 T	0.40726	0.00435	0.58838
958 T	0.40736	0.00401	0.58863
959 T	0.40740	0.00375	0.58885
960 G	0.40743	0.00334	0.58922
961 G	0.40754	0.00221	0.59025
962 C	0.40765	0.00146	0.59089
963 T	0.40782	0.00116	0.59101
964 T	0.40791	0.00099	0.5911
965 T	0.40796	0.00088	0.59115
966 T	0.40799	0.00078	0.59122
967 C	0.40800	0.00073	0.59127
968 C	0.40802	0.00067	0.59131
969 T	0.40802	0.00073	0.59125
970 G	0.40788	0.00103	0.59108
971 G	0.40782	0.00120	0.59098
972 T	0.40783	0.00126	0.59091
973 A	0.40780	0.00137	0.59084
974 T	0.40779	0.00135	0.59087
975 T	0.40778	0.00134	0.59088
976 T	0.40776	0.00136	0.59089
977 T	0.40772	0.00139	0.59089
978 T	0.40754	0.00158	0.59088
979 C	0.40727	0.00187	0.59087
980 G	0.40673	0.00243	0.59084
981 C	0.40589	0.00329	0.59082
982 G	0.40545	0.00374	0.59081
983 G	0.40531	0.00390	0.59079
984 C	0.40523	0.00399	0.59078
985 G	0.40520	0.00406	0.59074
986 C	0.40519	0.00413	0.59068
987 T	0.40497	0.00453	0.59049
988 T	0.40459	0.00511	0.5903
989 T	0.40332	0.00656	0.59012
990 A	0.40104	0.00922	0.58974
991 G	0.40021	0.01007	0.58972
992 A	0.39943	0.01089	0.58969
993 T	0.39901	0.01114	0.58984
994 T	0.39719	0.01291	0.5899
995 C	0.39240	0.01775	0.58985
996 A	0.37486	0.03568	0.58946
997 C	0.35953	0.05112	0.58935
998 A	0.33808	0.07286	0.58906
999 A	0.32408	0.08711	0.58881
1000 G	0.31850	0.09268	0.58883
1001 C	0.31567	0.09532	0.58901
1002 G	0.31246	0.09839	0.58915
1003 A	0.31015	0.10020	0.58965
1004 C	0.30827	0.10132	0.59042
1005 T	0.30606	0.10351	0.59042
1006 C	0.30285	0.10697	0.59018
1007 A	0.29944	0.11183	0.58873
1008 A	0.29738	0.11554	0.58708
1009 A	0.29677	0.11635	0.58688
1010 T	0.29652	0.11626	0.58722
1011 T	0.29568	0.11681	0.58751
1012 A	0.29450	0.11665	0.58886
1013 C	0.29397	0.11474	0.59128
1014 A	0.29303	0.11640	0.59057
1015 G	0.29246	0.11715	0.5904
1016 A	0.29211	0.11833	0.58957
1017 A	0.29149	0.11848	0.59003
1018 G	0.28991	0.11784	0.59226
1019 A	0.28914	0.10286	0.608
1020 A	0.28847	0.08948	0.62205
1021 A	0.28844	0.06959	0.64198
1022 T	0.28856	0.05792	0.65352
1023 G	0.28830	0.05593	0.65578
1024 A	0.28821	0.05737	0.65441
1025 A	0.28808	0.05899	0.65294
1026 A	0.28701	0.06113	0.65186
1027 A	0.28693	0.05942	0.65365
1028 T	0.28738	0.05639	0.65623
1029 A	0.28738	0.05337	0.65924
1030 G	0.28852	0.04795	0.66353
1031 C	0.28984	0.04382	0.66633
1032 T	0.29007	0.04276	0.66718
1033 G	0.29007	0.04213	0.66779
1034 C	0.29040	0.04121	0.66838
1035 C	0.29072	0.04080	0.66847
1036 G	0.29101	0.04086	0.66813
1037 T	0.29301	0.03849	0.6685
1038 T	0.29440	0.03706	0.66854
1039 T	0.29557	0.03575	0.66867
1040 A	0.29638	0.03450	0.66911
1041 T	0.29800	0.03088	0.67112
1042 G	0.29895	0.02875	0.6723
1043 C	0.30088	0.02607	0.67305
1044 T	0.30295	0.02484	0.67222
1045 T	0.30304	0.02506	0.6719
1046 T	0.30010	0.02846	0.67144
1047 A	0.29491	0.03439	0.6707
1048 A	0.29346	0.03577	0.67076
1049 C	0.29307	0.03463	0.6723
1050 T	0.29188	0.03574	0.67237
1051 T	0.29007	0.03767	0.67226
1052 C	0.28724	0.04066	0.67209
1053 G	0.28305	0.04571	0.67124
1054 A	0.28052	0.05017	0.66932
1055 T	0.27981	0.05195	0.66825
1056 T	0.27877	0.05335	0.66789
1057 A	0.27626	0.05593	0.66781
1058 T	0.27445	0.05737	0.66818
1059 T	0.26769	0.06375	0.66855
1060 C	0.24585	0.08653	0.66762
1061 C	0.23109	0.10408	0.66483
1062 A	0.21436	0.13659	0.64905
1063 G	0.19895	0.18050	0.62055
1064 A	0.18287	0.21326	0.60387
1065 A	0.16962	0.23698	0.5934
1066 A	0.16146	0.25022	0.58832
1067 A	0.15376	0.25924	0.587
1068 A	0.14876	0.26453	0.58671
1069 G	0.14678	0.26369	0.58953
1070 A	0.14644	0.26178	0.59178
1071 A	0.14621	0.26503	0.58877
1072 T	0.14636	0.26958	0.58406
1073 T	0.14636	0.27331	0.58034
1074 A	0.14597	0.27772	0.57631
1075 A	0.14602	0.28015	0.57384
1076 A	0.14640	0.27884	0.57476
1077 T	0.14724	0.27770	0.57506
1078 G	0.14690	0.27929	0.57382
1079 A	0.14685	0.28031	0.57284
1080 A	0.14578	0.27976	0.57446
1081 A	0.14545	0.27734	0.5772
1082 A	0.14623	0.26844	0.58534
1083 T	0.14997	0.24311	0.60693
1084 A	0.15420	0.22573	0.62007
1085 A	0.17126	0.19283	0.63591
1086 T	0.20220	0.14790	0.6499
1087 A	0.21620	0.12169	0.66211
1088 T	0.22469	0.10396	0.67136
1089 A	0.22747	0.09477	0.67777
1090 A	0.23018	0.08336	0.68646
1091 T	0.23471	0.07278	0.69251
1092 T	0.23912	0.06516	0.69572
1093 C	0.24352	0.05922	0.69726
1094 C	0.25360	0.04869	0.69771
1095 T	0.26356	0.03913	0.69732
1096 T	0.26737	0.03583	0.6968
1097 C	0.26987	0.03434	0.6958
1098 T	0.27357	0.03350	0.69292
1099 A	0.27573	0.03891	0.68537
1100 T	0.27906	0.04076	0.68018
1101 T	0.28139	0.04655	0.67206
1102 T	0.28217	0.05440	0.66342
1103 T	0.27352	0.07082	0.65566
1104 T	0.24941	0.11007	0.64052
1105 G	0.20335	0.17039	0.62627
1106 A	0.14624	0.24281	0.61095
1107 A	0.11964	0.27796	0.60239
1108 A	0.11242	0.29175	0.59584
1109 A	0.10926	0.29808	0.59266
1110 A	0.10934	0.30137	0.58929
1111 A	0.11031	0.30372	0.58597
1112 A	0.11065	0.30817	0.58119
1113 A	0.10985	0.31424	0.57591
1114 G	0.11006	0.31467	0.57527
1115 T	0.11084	0.31371	0.57545
1116 T	0.11057	0.31361	0.57582
1117 A	0.10983	0.31419	0.57598
1118 C	0.11016	0.31365	0.5762
1119 C	0.11066	0.31314	0.5762
1120 C	0.11187	0.31244	0.57569
1121 A	0.11450	0.31091	0.57459
1122 A	0.12294	0.30336	0.5737
1123 A	0.12964	0.29726	0.5731
1124 T	0.14272	0.28463	0.57266
1125 A	0.15065	0.27620	0.57315
1126 A	0.16042	0.24952	0.59006
1127 T	0.17493	0.20455	0.62053
1128 A	0.18245	0.15531	0.66224
1129 T	0.19295	0.09186	0.71518
1130 C	0.19658	0.06559	0.73783
1131 T	0.19995	0.06566	0.73439
1132 G	0.19966	0.06554	0.73479
1133 A	0.20161	0.06382	0.73457
1134 A	0.20382	0.06109	0.73509
1135 G	0.20854	0.05602	0.73544
1136 C	0.21438	0.04817	0.73744
1137 T	0.21588	0.04793	0.73619
1138 G	0.21561	0.04839	0.736
1139 T	0.21544	0.04831	0.73625
1140 C	0.21425	0.04941	0.73634
1141 G	0.21260	0.05597	0.73143
1142 C	0.21196	0.06145	0.72659
1143 T	0.20812	0.08406	0.70781
1144 A	0.20363	0.09726	0.69911
1145 A	0.20064	0.10510	0.69426
1146 A	0.19598	0.11396	0.69007
1147 G	0.19480	0.11597	0.68924
1148 T	0.19556	0.11405	0.69039
1149 A	0.19482	0.11378	0.6914
1150 G	0.19621	0.10886	0.69494
1151 C	0.19800	0.10461	0.69739
1152 T	0.19612	0.11559	0.68828
1153 A	0.18331	0.16339	0.6533
1154 T	0.17317	0.20941	0.61741
1155 A	0.14310	0.26634	0.59056
1156 G	0.11673	0.29746	0.5858
1157 A	0.11328	0.30198	0.58474
1158 A	0.11050	0.30464	0.58486
1159 A	0.10892	0.30609	0.58499
1160 C	0.11015	0.30424	0.58561
1161 A	0.11129	0.30298	0.58573
1162 A	0.11340	0.30042	0.58618
1163 A	0.11668	0.29605	0.58727
1164 T	0.12385	0.28738	0.58877
1165 A	0.12806	0.28246	0.58948
1166 T	0.14235	0.26217	0.59549
1167 G	0.14672	0.25253	0.60075
1168 A	0.15049	0.24542	0.6041
1169 C	0.15451	0.23688	0.6086
1170 T	0.15609	0.23422	0.60969
1171 A	0.15697	0.23279	0.61024
1172 G	0.15877	0.22961	0.61162
1173 A	0.16108	0.22666	0.61225
1174 A	0.16530	0.22171	0.61299
1175 A	0.17805	0.20218	0.61976
1176 A	0.21526	0.14838	0.63636
1177 T	0.25523	0.08929	0.65547
1178 A	0.27781	0.03614	0.68605
1179 A	0.28474	0.00000	0.71526
