# lcl|CP097583.1_cds_USQ93261.1_1
# AA	inside	membr	outside
1 A	0.20750	0.00000	0.7925
2 T	0.20719	0.00031	0.7925
3 G	0.20702	0.00048	0.7925
4 T	0.20702	0.00090	0.79208
5 T	0.20297	0.00534	0.79169
6 T	0.20297	0.00540	0.79163
7 C	0.16039	0.04801	0.7916
8 G	0.16038	0.04801	0.7916
9 A	0.15523	0.05321	0.79155
10 A	0.15523	0.05412	0.79065
11 A	0.15457	0.05486	0.79056
12 T	0.14580	0.06370	0.7905
13 A	0.12201	0.08815	0.78984
14 C	0.12201	0.08815	0.78984
15 A	0.12201	0.09593	0.78206
16 A	0.12186	0.09608	0.78206
17 A	0.12179	0.09618	0.78203
18 T	0.12179	0.09624	0.78196
19 T	0.12174	0.09634	0.78191
20 A	0.12152	0.09715	0.78133
21 T	0.12140	0.09725	0.78135
22 T	0.12143	0.09716	0.7814
23 A	0.12145	0.09691	0.78164
24 T	0.12161	0.09636	0.78203
25 T	0.12174	0.09193	0.78633
26 T	0.12173	0.08928	0.789
27 T	0.12176	0.08187	0.79637
28 T	0.12162	0.07750	0.80089
29 T	0.12124	0.07545	0.80332
30 A	0.12039	0.05346	0.82616
31 A	0.11957	0.05325	0.82718
32 G	0.11934	0.04778	0.83289
33 A	0.11990	0.04533	0.83477
34 A	0.12003	0.04382	0.83615
35 G	0.12082	0.03437	0.84482
36 T	0.12182	0.01483	0.86336
37 G	0.12205	0.01413	0.86382
38 T	0.12831	0.00761	0.86408
39 C	0.12839	0.00739	0.86422
40 G	0.12855	0.00735	0.8641
41 T	0.12870	0.00739	0.8639
42 T	0.12881	0.00751	0.86369
43 T	0.12913	0.00740	0.86347
44 T	0.12906	0.00918	0.86176
45 T	0.12895	0.01249	0.85856
46 A	0.12873	0.01411	0.85717
47 T	0.12869	0.01449	0.85681
48 T	0.12856	0.01498	0.85647
49 A	0.12822	0.01630	0.85548
50 T	0.12819	0.01675	0.85505
51 T	0.12820	0.01669	0.85511
52 A	0.12815	0.01684	0.85501
53 A	0.12850	0.01608	0.85542
54 T	0.12911	0.01518	0.85571
55 T	0.12925	0.01546	0.85528
56 T	0.12945	0.01530	0.85525
57 A	0.12958	0.01532	0.8551
58 A	0.12962	0.01535	0.85503
59 T	0.12974	0.01522	0.85504
60 T	0.12984	0.01512	0.85505
61 T	0.12993	0.01503	0.85504
62 T	0.13014	0.01482	0.85504
63 A	0.13024	0.01474	0.85502
64 A	0.13047	0.01449	0.85503
65 A	0.13083	0.01409	0.85507
66 T	0.13157	0.01326	0.85517
67 A	0.13317	0.01155	0.85528
68 T	0.13673	0.00778	0.85548
69 T	0.13830	0.00595	0.85575
70 T	0.13885	0.00528	0.85587
71 T	0.13916	0.00482	0.85601
72 T	0.13975	0.00395	0.8563
73 G	0.14003	0.00354	0.85644
74 G	0.14028	0.00316	0.85656
75 T	0.14080	0.00252	0.85668
76 C	0.14112	0.00214	0.85673
77 T	0.14168	0.00159	0.85674
78 T	0.14233	0.00095	0.85672
79 T	0.14244	0.00085	0.85671
80 T	0.14252	0.00079	0.8567
81 T	0.14254	0.00078	0.85668
82 T	0.14254	0.00082	0.85665
83 T	0.14253	0.00088	0.85659
84 A	0.14249	0.00098	0.85653
85 T	0.14248	0.00100	0.85651
86 T	0.14245	0.00110	0.85645
87 T	0.14235	0.00127	0.85638
88 G	0.14158	0.00206	0.85636
89 T	0.14126	0.00241	0.85633
90 A	0.14090	0.00277	0.85633
91 G	0.14077	0.00289	0.85634
92 C	0.14073	0.00292	0.85634
93 A	0.14073	0.00293	0.85635
94 C	0.14076	0.00289	0.85635
95 T	0.14078	0.00288	0.85634
96 T	0.14079	0.00287	0.85634
97 A	0.14080	0.00288	0.85632
98 T	0.14082	0.00286	0.85632
99 T	0.14083	0.00285	0.85633
100 T	0.14085	0.00283	0.85633
101 G	0.14085	0.00281	0.85634
102 T	0.14083	0.00281	0.85636
103 T	0.14077	0.00284	0.85638
104 G	0.14064	0.00295	0.85641
105 C	0.14063	0.00295	0.85642
106 A	0.14069	0.00292	0.85638
107 T	0.14077	0.00280	0.85643
108 A	0.14081	0.00274	0.85645
109 T	0.14093	0.00258	0.85649
110 A	0.14100	0.00247	0.85653
111 T	0.14103	0.00166	0.85731
112 T	0.14103	0.00135	0.85762
113 T	0.14098	0.00112	0.8579
114 T	0.14054	0.00148	0.85798
115 G	0.13937	0.00262	0.858
116 G	0.13842	0.00358	0.85801
117 T	0.13773	0.00430	0.85798
118 C	0.13668	0.00537	0.85795
119 C	0.13571	0.00642	0.85788
120 T	0.13507	0.00736	0.85756
121 G	0.13424	0.00840	0.85737
122 A	0.13392	0.00892	0.85717
123 A	0.13376	0.00919	0.85705
124 A	0.13367	0.00929	0.85704
125 T	0.13366	0.00924	0.8571
126 T	0.13362	0.00918	0.8572
127 G	0.13350	0.00917	0.85734
128 C	0.13347	0.00913	0.8574
129 T	0.13347	0.00912	0.85742
130 C	0.13327	0.00931	0.85742
131 C	0.13313	0.00945	0.85741
132 T	0.13298	0.00962	0.8574
133 G	0.13270	0.00992	0.85737
134 A	0.13245	0.01025	0.8573
135 A	0.13220	0.01058	0.85723
136 A	0.13214	0.01062	0.85724
137 A	0.13214	0.01000	0.85785
138 A	0.13216	0.00872	0.85911
139 G	0.13223	0.00739	0.86038
140 T	0.13244	0.00631	0.86125
141 T	0.13258	0.00514	0.86228
142 T	0.13269	0.00426	0.86304
143 T	0.13286	0.00361	0.86353
144 G	0.13290	0.00304	0.86406
145 G	0.13295	0.00276	0.86429
146 A	0.13300	0.00258	0.86442
147 C	0.13302	0.00243	0.86454
148 A	0.13305	0.00246	0.86449
149 T	0.13306	0.00247	0.86447
150 T	0.13303	0.00246	0.86451
151 T	0.13297	0.00258	0.86444
152 T	0.13255	0.00312	0.86433
153 T	0.13169	0.00381	0.86449
154 G	0.13106	0.00433	0.86461
155 G	0.13041	0.00489	0.8647
156 A	0.13007	0.00518	0.86475
157 A	0.12993	0.00513	0.86493
158 T	0.12991	0.00495	0.86513
159 T	0.12987	0.00494	0.86519
160 T	0.12973	0.00510	0.86517
161 C	0.12946	0.00538	0.86517
162 T	0.12924	0.00564	0.86511
163 T	0.12887	0.00621	0.86491
164 G	0.12853	0.00666	0.86481
165 C	0.12832	0.00689	0.8648
166 T	0.12811	0.00720	0.8647
167 A	0.12775	0.00760	0.86465
168 T	0.12761	0.00775	0.86463
169 C	0.12738	0.00800	0.86462
170 A	0.12731	0.00817	0.86453
171 A	0.12735	0.00815	0.8645
172 T	0.12748	0.00804	0.86448
173 G	0.12754	0.00798	0.86448
174 T	0.12770	0.00781	0.86448
175 T	0.12779	0.00724	0.86496
176 T	0.12779	0.00641	0.8658
177 A	0.12767	0.00610	0.86623
178 G	0.12764	0.00560	0.86676
179 G	0.12764	0.00538	0.86698
180 T	0.12752	0.00549	0.867
181 G	0.12706	0.00597	0.86697
182 G	0.12675	0.00643	0.86682
183 A	0.12584	0.00764	0.86652
184 A	0.12450	0.00910	0.8664
185 G	0.12369	0.00993	0.86637
186 T	0.12309	0.01098	0.86593
187 A	0.12263	0.01294	0.86443
188 G	0.12209	0.01486	0.86305
189 T	0.12165	0.01751	0.86083
190 A	0.11940	0.02341	0.8572
191 T	0.11803	0.02609	0.85588
192 G	0.10622	0.03824	0.85554
193 G	0.09363	0.05093	0.85543
194 A	0.08783	0.05684	0.85533
195 A	0.07956	0.06524	0.8552
196 C	0.07360	0.07115	0.85525
197 C	0.06899	0.07577	0.85525
198 T	0.06577	0.07908	0.85515
199 A	0.06052	0.08443	0.85505
200 C	0.05750	0.08748	0.85503
201 A	0.05518	0.09003	0.8548
202 A	0.05416	0.09112	0.85473
203 T	0.05326	0.09192	0.85482
204 A	0.05099	0.09411	0.8549
205 A	0.04977	0.09515	0.85508
206 A	0.04923	0.09476	0.85601
207 A	0.04880	0.09390	0.8573
208 A	0.04852	0.09318	0.8583
209 C	0.04937	0.09112	0.8595
210 A	0.05110	0.08891	0.86
211 G	0.05266	0.08676	0.86058
212 A	0.05488	0.08415	0.86097
213 T	0.05825	0.07895	0.86281
214 G	0.05893	0.07709	0.86398
215 A	0.05925	0.06462	0.87612
216 T	0.05940	0.05172	0.88888
217 A	0.05945	0.04565	0.89489
218 T	0.05966	0.03567	0.90467
219 T	0.05968	0.02855	0.91176
220 G	0.05962	0.02360	0.91678
221 T	0.05965	0.02094	0.91941
222 T	0.05899	0.01859	0.92242
223 G	0.05786	0.01799	0.92415
224 T	0.05751	0.01788	0.92461
225 A	0.05693	0.01964	0.92343
226 G	0.05665	0.02046	0.92288
227 T	0.05657	0.02188	0.92155
228 T	0.05614	0.02539	0.91848
229 A	0.05497	0.03660	0.90843
230 A	0.05170	0.05114	0.89716
231 G	0.04944	0.05990	0.89066
232 A	0.04784	0.07323	0.87894
233 A	0.04681	0.08264	0.87056
234 A	0.04643	0.09058	0.863
235 A	0.04634	0.09185	0.8618
236 T	0.04651	0.09238	0.86111
237 T	0.04623	0.09312	0.86066
238 T	0.04562	0.09408	0.86029
239 C	0.04473	0.09526	0.86001
240 A	0.04378	0.09755	0.85867
241 G	0.04294	0.09951	0.85755
242 A	0.03871	0.10525	0.85604
243 T	0.03708	0.10713	0.85579
244 A	0.03520	0.10964	0.85516
245 A	0.03356	0.11099	0.85545
246 G	0.03295	0.11106	0.856
247 C	0.03366	0.11079	0.85555
248 A	0.03465	0.11161	0.85374
249 A	0.03543	0.11183	0.85274
250 A	0.03764	0.11081	0.85154
251 A	0.04102	0.10755	0.85142
252 A	0.04955	0.09839	0.85206
253 G	0.05899	0.08567	0.85534
254 A	0.06455	0.07832	0.85713
255 A	0.07409	0.06731	0.8586
256 A	0.08179	0.05856	0.85965
257 A	0.08876	0.05094	0.8603
258 A	0.09074	0.04827	0.86099
259 C	0.09236	0.04575	0.86188
260 T	0.09351	0.04436	0.86213
261 T	0.08958	0.04843	0.86198
262 A	0.08240	0.05582	0.86177
263 A	0.07588	0.06192	0.8622
264 A	0.07012	0.06703	0.86284
265 G	0.06633	0.06530	0.86837
266 C	0.06420	0.06442	0.87138
267 A	0.06382	0.06346	0.87272
268 G	0.06438	0.06139	0.87422
269 G	0.06559	0.05970	0.87471
270 T	0.06746	0.05779	0.87475
271 T	0.06895	0.05629	0.87476
272 A	0.06943	0.05454	0.87602
273 T	0.07023	0.05242	0.87736
274 T	0.07029	0.05099	0.87872
275 A	0.07006	0.05011	0.87984
276 T	0.06991	0.04857	0.88152
277 A	0.06936	0.04772	0.88292
278 C	0.06918	0.04643	0.88439
279 A	0.06893	0.04628	0.88478
280 G	0.06882	0.04601	0.88517
281 G	0.06891	0.04544	0.88564
282 T	0.06910	0.04504	0.88586
283 G	0.06909	0.04499	0.88591
284 A	0.06961	0.03950	0.8909
285 T	0.07032	0.03147	0.89822
286 A	0.07049	0.02531	0.9042
287 T	0.07072	0.01912	0.91016
288 T	0.07078	0.01464	0.91457
289 G	0.07071	0.01231	0.91699
290 T	0.07097	0.01103	0.918
291 C	0.07104	0.01053	0.91843
292 G	0.07126	0.01071	0.91803
293 T	0.07162	0.01068	0.9177
294 T	0.07175	0.01116	0.9171
295 T	0.07123	0.01281	0.91597
296 T	0.06865	0.01844	0.91291
297 T	0.06516	0.02638	0.90846
298 A	0.06060	0.04194	0.89746
299 A	0.05855	0.05206	0.88939
300 A	0.05633	0.06137	0.88231
301 A	0.05496	0.06612	0.87892
302 A	0.05386	0.07013	0.87601
303 T	0.05347	0.07176	0.87477
304 A	0.05299	0.07440	0.87261
305 A	0.05291	0.07530	0.87178
306 A	0.05320	0.07498	0.87182
307 G	0.05373	0.07433	0.87194
308 A	0.05412	0.07386	0.87202
309 A	0.05500	0.07280	0.8722
310 C	0.05532	0.07231	0.87237
311 T	0.05574	0.07184	0.87241
312 T	0.05600	0.07152	0.87247
313 T	0.05587	0.07167	0.87246
314 A	0.05563	0.07186	0.8725
315 T	0.05579	0.07161	0.8726
316 G	0.05561	0.07161	0.87279
317 A	0.05550	0.07152	0.87298
318 A	0.05623	0.06980	0.87397
319 G	0.05955	0.06307	0.87738
320 G	0.06442	0.05498	0.88061
321 T	0.07589	0.04024	0.88386
322 A	0.08326	0.03141	0.88533
323 T	0.09114	0.02160	0.88726
324 A	0.09396	0.01739	0.88865
325 C	0.09698	0.01292	0.89009
326 C	0.09789	0.01163	0.89048
327 T	0.09934	0.01143	0.88922
328 A	0.09929	0.01522	0.88548
329 T	0.09941	0.01777	0.88282
330 T	0.09910	0.01896	0.88195
331 A	0.09598	0.02309	0.88093
332 T	0.09528	0.02379	0.88093
333 T	0.09336	0.02669	0.87996
334 C	0.08603	0.03472	0.87925
335 A	0.08047	0.04165	0.87787
336 T	0.07688	0.04535	0.87778
337 A	0.07402	0.04852	0.87746
338 G	0.07299	0.04967	0.87734
339 G	0.07253	0.05012	0.87735
340 G	0.07265	0.04951	0.87784
341 T	0.07285	0.04907	0.87808
342 T	0.07262	0.04983	0.87755
343 A	0.07175	0.05204	0.87621
344 T	0.07117	0.05444	0.8744
345 A	0.06510	0.06505	0.86985
346 A	0.06365	0.06942	0.86693
347 A	0.06293	0.07047	0.8666
348 A	0.06235	0.07121	0.86644
349 A	0.06213	0.07077	0.8671
350 A	0.06351	0.06881	0.86767
351 C	0.06675	0.06452	0.86874
352 A	0.06890	0.06235	0.86875
353 A	0.06983	0.06098	0.86919
354 T	0.07123	0.05596	0.87281
355 A	0.07171	0.05476	0.87353
356 T	0.07314	0.05189	0.87497
357 T	0.07385	0.04368	0.88247
358 T	0.07445	0.03747	0.88808
359 C	0.07401	0.03389	0.89211
360 A	0.07295	0.03446	0.89259
361 T	0.07238	0.03615	0.89147
362 C	0.06176	0.04972	0.88852
363 A	0.05397	0.07007	0.87596
364 A	0.04882	0.07703	0.87415
365 A	0.04700	0.07933	0.87366
366 A	0.04598	0.08141	0.87261
367 A	0.04693	0.08108	0.87198
368 C	0.05100	0.07076	0.87824
369 A	0.05318	0.06880	0.87803
370 A	0.05337	0.06987	0.87676
371 T	0.05348	0.07325	0.87326
372 T	0.05265	0.07684	0.8705
373 G	0.05104	0.07869	0.87026
374 A	0.04893	0.08074	0.87032
375 A	0.04849	0.08070	0.87081
376 A	0.04835	0.08045	0.8712
377 C	0.04844	0.07994	0.87162
378 A	0.04851	0.07978	0.87172
379 C	0.04858	0.07945	0.87196
380 A	0.04871	0.07972	0.87156
381 A	0.04889	0.07984	0.87126
382 G	0.04917	0.08055	0.87028
383 G	0.05067	0.07808	0.87124
384 A	0.05217	0.07622	0.87162
385 G	0.05551	0.06152	0.88297
386 A	0.06700	0.04308	0.88992
387 T	0.06948	0.03560	0.89493
388 A	0.07032	0.03550	0.89418
389 A	0.07225	0.03412	0.89364
390 T	0.07398	0.03244	0.89359
391 A	0.07450	0.03254	0.89296
392 A	0.07551	0.03193	0.89255
393 A	0.07747	0.02937	0.89316
394 T	0.08114	0.02516	0.89369
395 T	0.08296	0.02233	0.89471
396 A	0.08231	0.02167	0.89602
397 C	0.08223	0.01988	0.89789
398 T	0.08172	0.02004	0.89824
399 C	0.08120	0.02041	0.89839
400 C	0.08074	0.02087	0.8984
401 C	0.08056	0.02110	0.89833
402 A	0.08057	0.02118	0.89825
403 G	0.08102	0.02076	0.89821
404 A	0.08173	0.02011	0.89815
405 T	0.08342	0.01838	0.8982
406 T	0.08426	0.01742	0.89833
407 G	0.08483	0.01644	0.89873
408 T	0.08552	0.01551	0.89897
409 C	0.08594	0.01491	0.89915
410 G	0.08643	0.01441	0.89917
411 T	0.08921	0.01168	0.8991
412 T	0.09162	0.00935	0.89903
413 T	0.09243	0.00876	0.89881
414 A	0.09304	0.00862	0.89833
415 A	0.09370	0.00801	0.89829
416 A	0.09383	0.00795	0.89822
417 G	0.09424	0.00745	0.89831
418 A	0.09455	0.00696	0.89849
419 T	0.09493	0.00556	0.8995
420 T	0.09505	0.00499	0.89996
421 T	0.09514	0.00448	0.90037
422 T	0.09518	0.00425	0.90056
423 T	0.09520	0.00422	0.90058
424 A	0.09517	0.00486	0.89997
425 G	0.09520	0.00539	0.89941
426 T	0.09523	0.00664	0.89814
427 T	0.09522	0.00680	0.89799
428 T	0.09514	0.00715	0.89772
429 G	0.09496	0.00773	0.89732
430 T	0.09481	0.00847	0.89672
431 C	0.09454	0.00889	0.89657
432 G	0.09433	0.00986	0.89582
433 A	0.09427	0.01141	0.89432
434 A	0.09433	0.01146	0.89422
435 C	0.09422	0.01166	0.89412
436 A	0.09410	0.01213	0.89377
437 A	0.09430	0.01195	0.89375
438 C	0.09438	0.01188	0.89374
439 A	0.09434	0.01195	0.89371
440 T	0.09443	0.01187	0.8937
441 C	0.09423	0.01209	0.89367
442 T	0.09384	0.01262	0.89354
443 C	0.09284	0.01363	0.89353
444 G	0.09211	0.01442	0.89346
445 A	0.09175	0.01489	0.89336
446 A	0.09184	0.01482	0.89334
447 C	0.09242	0.01418	0.89339
448 A	0.09298	0.01361	0.89341
449 T	0.09423	0.01226	0.89351
450 C	0.09428	0.01210	0.89362
451 C	0.09446	0.01187	0.89367
452 C	0.09472	0.01158	0.8937
453 G	0.09519	0.01108	0.89373
454 A	0.09535	0.01088	0.89377
455 C	0.09607	0.01012	0.89381
456 T	0.09744	0.00880	0.89377
457 A	0.09750	0.00882	0.89368
458 A	0.09759	0.00866	0.89375
459 A	0.09787	0.00818	0.89395
460 T	0.09793	0.00797	0.89409
461 A	0.09793	0.00748	0.89459
462 T	0.09798	0.00688	0.89514
463 G	0.09796	0.00675	0.89529
464 A	0.09790	0.00708	0.89503
465 T	0.09800	0.00672	0.89528
466 G	0.09795	0.00635	0.8957
467 A	0.09797	0.00617	0.89586
468 T	0.09805	0.00600	0.89594
469 A	0.09805	0.00632	0.89563
470 T	0.09805	0.00646	0.89549
471 T	0.09803	0.00715	0.89482
472 T	0.09801	0.00724	0.89475
473 T	0.09798	0.00726	0.89475
474 A	0.09774	0.00755	0.89471
475 G	0.09766	0.00766	0.89469
476 C	0.09762	0.00772	0.89466
477 G	0.09760	0.00778	0.89462
478 A	0.09759	0.00788	0.89453
479 A	0.09768	0.00785	0.89447
480 A	0.09784	0.00770	0.89446
481 C	0.09809	0.00744	0.89448
482 A	0.09832	0.00722	0.89447
483 T	0.09865	0.00685	0.89449
484 A	0.09890	0.00662	0.89448
485 T	0.09935	0.00622	0.89443
486 G	0.09971	0.00601	0.89428
487 T	0.10067	0.00502	0.89432
488 T	0.10105	0.00476	0.89419
489 T	0.10147	0.00444	0.89409
490 A	0.10163	0.00441	0.89396
491 C	0.10192	0.00418	0.89391
492 T	0.10231	0.00401	0.89368
493 A	0.10257	0.00378	0.89365
494 T	0.10335	0.00300	0.89365
495 T	0.10353	0.00281	0.89366
496 T	0.10359	0.00273	0.89368
497 C	0.10357	0.00253	0.8939
498 T	0.10361	0.00246	0.89392
499 G	0.10361	0.00247	0.89392
500 A	0.10364	0.00244	0.89391
501 T	0.10374	0.00234	0.89391
502 T	0.10379	0.00229	0.89391
503 T	0.10382	0.00227	0.89392
504 T	0.10381	0.00228	0.89391
505 A	0.10381	0.00228	0.89392
506 A	0.10382	0.00226	0.89392
507 A	0.10387	0.00221	0.89392
508 A	0.10396	0.00211	0.89393
509 C	0.10418	0.00186	0.89397
510 A	0.10435	0.00168	0.89396
511 T	0.10465	0.00138	0.89397
512 T	0.10488	0.00114	0.89399
513 T	0.10501	0.00099	0.894
514 T	0.10507	0.00093	0.894
515 T	0.10518	0.00078	0.89404
516 A	0.10519	0.00078	0.89403
517 T	0.10523	0.00071	0.89406
518 T	0.10527	0.00069	0.89404
519 T	0.10527	0.00068	0.89404
520 T	0.10528	0.00066	0.89406
521 T	0.10530	0.00062	0.89408
522 T	0.10530	0.00059	0.89411
523 T	0.10529	0.00057	0.89413
524 T	0.10528	0.00056	0.89416
525 C	0.10526	0.00056	0.89418
526 T	0.10524	0.00059	0.89417
527 C	0.10520	0.00063	0.89417
528 G	0.10510	0.00076	0.89414
529 T	0.10506	0.00084	0.89409
530 T	0.10501	0.00094	0.89405
531 G	0.10488	0.00112	0.894
532 A	0.10483	0.00118	0.89399
533 T	0.10482	0.00119	0.89399
534 G	0.10480	0.00122	0.89397
535 T	0.10481	0.00123	0.89396
536 C	0.10481	0.00126	0.89393
537 G	0.10481	0.00132	0.89387
538 A	0.10483	0.00143	0.89375
539 T	0.10489	0.00139	0.89372
540 A	0.10490	0.00140	0.8937
541 T	0.10496	0.00133	0.8937
542 T	0.10499	0.00128	0.89373
543 C	0.10494	0.00131	0.89376
544 T	0.10489	0.00136	0.89376
545 C	0.10476	0.00148	0.89375
546 T	0.10467	0.00169	0.89364
547 A	0.10438	0.00225	0.89337
548 A	0.10351	0.00337	0.89313
549 T	0.10249	0.00466	0.89286
550 T	0.10048	0.00719	0.89233
551 G	0.09696	0.01104	0.89201
552 T	0.09454	0.01360	0.89185
553 A	0.09045	0.01773	0.89182
554 T	0.08709	0.02107	0.89184
555 G	0.08355	0.02465	0.89181
556 C	0.08185	0.02633	0.89181
557 C	0.08075	0.02747	0.89179
558 T	0.08030	0.02801	0.89169
559 T	0.07973	0.02865	0.89162
560 C	0.07859	0.02987	0.89155
561 A	0.07786	0.03065	0.89149
562 T	0.07747	0.03109	0.89144
563 T	0.07715	0.03144	0.89141
564 A	0.07672	0.03191	0.89137
565 C	0.07647	0.03218	0.89135
566 T	0.07616	0.03254	0.89129
567 T	0.07561	0.03324	0.89115
568 A	0.07395	0.03538	0.89067
569 A	0.07344	0.03623	0.89034
570 A	0.07327	0.03660	0.89013
571 A	0.07312	0.03614	0.89074
572 A	0.07332	0.03486	0.89182
573 T	0.07383	0.03204	0.89413
574 A	0.07404	0.02947	0.89648
575 A	0.07415	0.02771	0.89813
576 A	0.07423	0.02522	0.90055
577 T	0.07429	0.02317	0.90254
578 T	0.07421	0.02129	0.90451
579 T	0.07343	0.02300	0.90357
580 T	0.07081	0.02946	0.89973
581 T	0.06731	0.03689	0.8958
582 A	0.06305	0.04643	0.89052
583 A	0.06018	0.05153	0.88829
584 G	0.05856	0.05485	0.8866
585 T	0.05759	0.05805	0.88436
586 G	0.05511	0.06552	0.87937
587 A	0.04955	0.07625	0.8742
588 A	0.04446	0.08726	0.86828
589 A	0.03919	0.09796	0.86285
590 A	0.03504	0.10345	0.86151
591 G	0.03316	0.10480	0.86204
592 A	0.03122	0.10816	0.86062
593 A	0.03124	0.10812	0.86065
594 C	0.03158	0.10761	0.86081
595 A	0.03166	0.10830	0.86005
596 A	0.03222	0.10785	0.85993
597 A	0.03301	0.10705	0.85993
598 A	0.03421	0.10578	0.86001
599 A	0.03590	0.10400	0.86009
600 T	0.03906	0.10015	0.8608
601 A	0.04089	0.09763	0.86148
602 A	0.04402	0.09249	0.86349
603 T	0.04923	0.08337	0.86739
604 C	0.05317	0.07531	0.87152
605 T	0.05838	0.06760	0.87403
606 G	0.06121	0.06318	0.87561
607 T	0.06453	0.05880	0.87668
608 A	0.06668	0.05597	0.87736
609 T	0.07179	0.04914	0.87907
610 A	0.07562	0.03992	0.88445
611 A	0.08124	0.02909	0.88967
612 A	0.08657	0.01794	0.89548
613 T	0.08947	0.00989	0.90064
614 A	0.09059	0.00599	0.90342
615 A	0.09349	0.00000	0.90651
