# lcl|CP097583.1_cds_USQ93320.1_1
# AA	inside	membr	outside
1 A	0.44057	0.00000	0.55943
2 T	0.43804	0.00253	0.55943
3 G	0.43688	0.00369	0.55943
4 A	0.43688	0.00769	0.55543
5 C	0.42959	0.01924	0.55117
6 A	0.42959	0.02258	0.54784
7 T	0.39523	0.05885	0.54592
8 T	0.39523	0.05894	0.54583
9 T	0.36303	0.09375	0.54322
10 A	0.36284	0.35550	0.28165
11 A	0.34694	0.38692	0.26613
12 A	0.22490	0.51191	0.26319
13 G	0.15930	0.58402	0.25667
14 A	0.15929	0.58404	0.25667
15 A	0.15929	0.61891	0.2218
16 A	0.15883	0.61937	0.2218
17 T	0.15849	0.61996	0.22154
18 G	0.15847	0.62115	0.22038
19 T	0.15791	0.62255	0.21953
20 T	0.15352	0.64927	0.19721
21 T	0.13459	0.66811	0.1973
22 A	0.13317	0.67456	0.19228
23 G	0.13155	0.68005	0.1884
24 T	0.13004	0.68802	0.18194
25 G	0.12842	0.69819	0.17338
26 A	0.12739	0.70628	0.16632
27 A	0.12739	0.71002	0.1626
28 A	0.13040	0.70333	0.16627
29 A	0.13407	0.69694	0.16898
30 A	0.15050	0.64766	0.20184
31 G	0.15745	0.62920	0.21334
32 A	0.17167	0.57434	0.25399
33 A	0.39436	0.33912	0.26652
34 T	0.41380	0.30908	0.27712
35 T	0.41944	0.24536	0.33519
36 A	0.41549	0.23729	0.34721
37 G	0.40300	0.25980	0.3372
38 A	0.40670	0.29902	0.29428
39 A	0.29078	0.46596	0.24326
40 G	0.27147	0.48941	0.23912
41 A	0.24069	0.53131	0.228
42 A	0.21257	0.57234	0.21509
43 A	0.20831	0.57578	0.21591
44 C	0.16098	0.61176	0.22727
45 A	0.12477	0.65277	0.22245
46 A	0.12588	0.65184	0.22229
47 C	0.13012	0.64602	0.22386
48 T	0.13869	0.63807	0.22325
49 A	0.12826	0.65233	0.2194
50 T	0.12855	0.65008	0.22137
51 C	0.12172	0.65491	0.22337
52 G	0.10957	0.66722	0.22321
53 A	0.09984	0.67743	0.22273
54 A	0.10084	0.67625	0.22292
55 C	0.10498	0.67149	0.22353
56 A	0.11624	0.66156	0.2222
57 A	0.13737	0.63759	0.22504
58 T	0.17885	0.59733	0.22381
59 T	0.19666	0.57791	0.22543
60 A	0.18818	0.58997	0.22186
61 A	0.20410	0.55973	0.23618
62 A	0.22864	0.43788	0.33348
63 A	0.23126	0.41298	0.35576
64 A	0.24432	0.36517	0.39051
65 A	0.26361	0.30868	0.42771
66 T	0.27315	0.26979	0.45705
67 T	0.27759	0.21722	0.50519
68 T	0.28013	0.18256	0.53731
69 A	0.27835	0.18006	0.54159
70 G	0.27741	0.17549	0.5471
71 G	0.27857	0.17644	0.54499
72 T	0.28285	0.15859	0.55856
73 T	0.27973	0.16361	0.55666
74 A	0.27256	0.17149	0.55595
75 T	0.26733	0.17281	0.55986
76 C	0.24627	0.20704	0.54669
77 A	0.22036	0.25772	0.52192
78 A	0.19671	0.30497	0.49832
79 G	0.18900	0.34891	0.46208
80 A	0.18216	0.38982	0.42801
81 A	0.17971	0.46646	0.35383
82 A	0.18294	0.47459	0.34247
83 T	0.19441	0.45252	0.35307
84 T	0.19793	0.44727	0.3548
85 G	0.19669	0.44943	0.35388
86 T	0.19778	0.44839	0.35383
87 T	0.19580	0.45155	0.35265
88 A	0.19083	0.45583	0.35335
89 T	0.18534	0.46029	0.35437
90 C	0.17603	0.46887	0.3551
91 A	0.16582	0.48646	0.34772
92 C	0.15844	0.50444	0.33711
93 A	0.14974	0.51925	0.33101
94 A	0.14413	0.53001	0.32587
95 A	0.14077	0.53474	0.32449
96 T	0.14979	0.52032	0.32989
97 C	0.15202	0.51241	0.33557
98 A	0.15832	0.49796	0.34372
99 A	0.17637	0.45977	0.36385
100 A	0.19633	0.41766	0.38601
101 A	0.21837	0.37485	0.40678
102 C	0.25922	0.32501	0.41578
103 G	0.28835	0.29182	0.41983
104 A	0.36077	0.22626	0.41297
105 T	0.37886	0.21410	0.40704
106 T	0.37650	0.23154	0.39196
107 T	0.35699	0.27916	0.36385
108 A	0.30670	0.35703	0.33627
109 G	0.27601	0.39948	0.32451
110 A	0.18959	0.49852	0.31189
111 A	0.17076	0.52009	0.30916
112 G	0.16353	0.52306	0.31341
113 A	0.16091	0.52314	0.31594
114 A	0.16722	0.51350	0.31928
115 A	0.17759	0.50078	0.32163
116 A	0.17925	0.48932	0.33143
117 T	0.18453	0.47109	0.34437
118 T	0.18378	0.46679	0.34943
119 T	0.17906	0.47006	0.35088
120 C	0.16436	0.48411	0.35153
121 A	0.14416	0.51524	0.34059
122 A	0.13429	0.52966	0.33606
123 A	0.12849	0.53449	0.33703
124 A	0.12576	0.53655	0.33769
125 A	0.12544	0.53593	0.33863
126 A	0.13394	0.51706	0.349
127 C	0.15203	0.48269	0.36529
128 A	0.16726	0.46007	0.37267
129 A	0.18877	0.42703	0.3842
130 T	0.22927	0.36304	0.4077
131 T	0.25963	0.29220	0.44816
132 T	0.27061	0.25864	0.47075
133 C	0.27654	0.16257	0.56089
134 T	0.28015	0.15550	0.56434
135 T	0.27818	0.17577	0.54605
136 A	0.27012	0.21721	0.51267
137 A	0.25780	0.24325	0.49895
138 A	0.25293	0.25756	0.4895
139 T	0.24609	0.26602	0.48789
140 A	0.23761	0.28154	0.48084
141 T	0.23383	0.29092	0.47525
142 A	0.21686	0.35975	0.42339
143 A	0.21173	0.36696	0.42131
144 T	0.21757	0.35017	0.43225
145 T	0.21699	0.35222	0.43078
146 T	0.21097	0.35477	0.43426
147 A	0.19692	0.36957	0.43351
148 G	0.18904	0.37637	0.4346
149 A	0.18524	0.37986	0.4349
150 C	0.18322	0.38122	0.43556
151 A	0.18246	0.38214	0.4354
152 A	0.18264	0.38202	0.43534
153 T	0.18421	0.38051	0.43528
154 C	0.18538	0.37936	0.43526
155 A	0.18699	0.37815	0.43487
156 A	0.19155	0.37110	0.43735
157 A	0.20409	0.35604	0.43987
158 T	0.23085	0.32473	0.44442
159 T	0.26250	0.28554	0.45195
160 G	0.27453	0.25629	0.46918
161 A	0.28607	0.23577	0.47816
162 T	0.30286	0.20909	0.48805
163 A	0.31246	0.19302	0.49451
164 A	0.32490	0.17311	0.50199
165 T	0.38324	0.09561	0.52114
166 T	0.39815	0.07040	0.53144
167 T	0.40356	0.06044	0.536
168 T	0.40756	0.05904	0.5334
169 A	0.40646	0.07217	0.52137
170 T	0.40707	0.08010	0.51283
171 T	0.40031	0.08884	0.51085
172 G	0.38986	0.09903	0.5111
173 A	0.37286	0.11651	0.51063
174 T	0.36088	0.12872	0.5104
175 C	0.34466	0.14684	0.50851
176 C	0.31880	0.18125	0.49995
177 T	0.28980	0.21262	0.49758
178 A	0.26442	0.24059	0.49499
179 A	0.25199	0.25595	0.49205
180 A	0.25012	0.25883	0.49105
181 C	0.25046	0.25897	0.49056
182 A	0.25087	0.26050	0.48863
183 A	0.25281	0.25998	0.48721
184 T	0.25574	0.25775	0.48651
185 T	0.25597	0.25778	0.48625
186 A	0.25457	0.25904	0.4864
187 T	0.25441	0.25805	0.48754
188 C	0.25223	0.25926	0.48851
189 A	0.24989	0.26122	0.48888
190 C	0.25076	0.25954	0.4897
191 G	0.25722	0.25274	0.49004
192 A	0.27080	0.23874	0.49045
193 A	0.28753	0.22186	0.49061
194 A	0.29639	0.20643	0.49717
195 T	0.30102	0.19102	0.50796
196 T	0.30318	0.16280	0.53402
197 G	0.30318	0.14166	0.55516
198 G	0.30479	0.12088	0.57433
199 T	0.31331	0.08998	0.59671
200 T	0.31504	0.06363	0.62132
201 T	0.31582	0.04587	0.63832
202 C	0.31371	0.03904	0.64725
203 C	0.30996	0.04319	0.64684
204 A	0.30767	0.05164	0.64069
205 G	0.30771	0.05931	0.63298
206 A	0.30840	0.06248	0.62913
207 T	0.30912	0.06504	0.62584
208 T	0.30820	0.07240	0.6194
209 T	0.30464	0.07786	0.6175
210 G	0.27595	0.11869	0.60536
211 A	0.24524	0.16569	0.58907
212 T	0.22967	0.18588	0.58445
213 G	0.19084	0.23614	0.57302
214 A	0.16803	0.28657	0.5454
215 A	0.15442	0.31141	0.53417
216 A	0.14049	0.33328	0.52623
217 A	0.13158	0.35290	0.51552
218 A	0.12599	0.36057	0.51343
219 A	0.12118	0.36650	0.51232
220 A	0.11940	0.36777	0.51282
221 T	0.11657	0.36929	0.51414
222 C	0.10667	0.37894	0.51439
223 A	0.09785	0.38844	0.5137
224 A	0.09279	0.39286	0.51436
225 A	0.09053	0.39293	0.51654
226 G	0.09074	0.38922	0.52003
227 C	0.09645	0.38178	0.52176
228 T	0.10502	0.37237	0.52261
229 A	0.10737	0.36994	0.52269
230 A	0.11100	0.36585	0.52315
231 T	0.11906	0.35614	0.5248
232 A	0.12134	0.35146	0.52719
233 A	0.13287	0.30874	0.55839
234 T	0.15081	0.25702	0.59217
235 A	0.15563	0.23889	0.60547
236 G	0.16494	0.19992	0.63514
237 T	0.18921	0.16405	0.64674
238 A	0.19450	0.15929	0.64621
239 A	0.19951	0.14857	0.65192
240 A	0.20912	0.13431	0.65657
241 A	0.21254	0.12836	0.65911
242 T	0.21574	0.12102	0.66325
243 A	0.21541	0.12223	0.66236
244 A	0.21627	0.11799	0.66574
245 A	0.21741	0.10729	0.6753
246 T	0.21986	0.09483	0.68531
247 G	0.22048	0.08844	0.69108
248 T	0.22164	0.08471	0.69365
249 T	0.22094	0.08390	0.69517
250 T	0.21988	0.08543	0.69469
251 T	0.21593	0.09085	0.69321
252 A	0.20697	0.10288	0.69016
253 G	0.20172	0.10807	0.69021
254 A	0.20089	0.10936	0.68975
255 T	0.20183	0.10723	0.69095
256 A	0.20188	0.10689	0.69123
257 C	0.20495	0.10178	0.69327
258 T	0.21422	0.09178	0.694
259 T	0.22069	0.08513	0.69419
260 A	0.22476	0.08084	0.6944
261 T	0.23238	0.07215	0.69547
262 C	0.23481	0.06898	0.6962
263 A	0.23606	0.06756	0.69638
264 T	0.24004	0.06361	0.69635
265 A	0.24229	0.06175	0.69595
266 T	0.24657	0.05603	0.69741
267 T	0.24579	0.05688	0.69733
268 T	0.24321	0.05924	0.69755
269 T	0.23358	0.06967	0.69675
270 A	0.20363	0.10155	0.69482
271 A	0.18344	0.12408	0.69248
272 G	0.16752	0.13805	0.69443
273 A	0.16382	0.13996	0.69622
274 G	0.16193	0.13685	0.70122
275 A	0.16430	0.12621	0.70948
276 C	0.16479	0.12024	0.71497
277 C	0.16547	0.11885	0.71568
278 G	0.16536	0.11916	0.71548
279 T	0.16630	0.11842	0.71528
280 C	0.16525	0.11947	0.71527
281 A	0.16353	0.12144	0.71503
282 T	0.16283	0.12220	0.71497
283 A	0.16011	0.12476	0.71514
284 C	0.15827	0.12659	0.71514
285 A	0.15722	0.13073	0.71206
286 G	0.15664	0.13354	0.70982
287 T	0.15660	0.13657	0.70683
288 T	0.15566	0.14721	0.69714
289 A	0.15297	0.16473	0.6823
290 G	0.14939	0.16971	0.6809
291 A	0.14757	0.16846	0.68397
292 A	0.14689	0.15910	0.694
293 A	0.14845	0.12978	0.72177
294 A	0.14950	0.10975	0.74075
295 C	0.14933	0.09396	0.75671
296 A	0.14870	0.09209	0.7592
297 T	0.14805	0.09003	0.76192
298 G	0.14672	0.09069	0.76259
299 A	0.14564	0.09221	0.76215
300 T	0.14530	0.09284	0.76185
301 G	0.14429	0.09394	0.76177
302 A	0.14340	0.10284	0.75376
303 T	0.14308	0.10205	0.75487
304 A	0.14201	0.10185	0.75614
305 A	0.14166	0.10093	0.75741
306 A	0.14232	0.09729	0.76039
307 C	0.14381	0.09276	0.76343
308 A	0.14800	0.08734	0.76467
309 T	0.15518	0.07807	0.76674
310 A	0.15936	0.07263	0.76802
311 C	0.16960	0.06043	0.76997
312 T	0.18251	0.04609	0.77139
313 T	0.18652	0.03829	0.7752
314 T	0.18732	0.03519	0.7775
315 T	0.18777	0.03319	0.77904
316 T	0.18784	0.03305	0.77911
317 T	0.18499	0.03470	0.78031
318 A	0.17934	0.04173	0.77893
319 T	0.17508	0.04675	0.77817
320 T	0.16654	0.05601	0.77745
321 A	0.15566	0.06710	0.77725
322 G	0.15145	0.07150	0.77704
323 A	0.14898	0.07503	0.77599
324 A	0.15002	0.07332	0.77667
325 T	0.15829	0.06464	0.77708
326 T	0.15878	0.06449	0.77673
327 G	0.15847	0.06601	0.77551
328 T	0.15803	0.06892	0.77305
329 T	0.15690	0.07497	0.76813
330 T	0.15379	0.07966	0.76655
331 A	0.14224	0.09636	0.76141
332 A	0.13718	0.10336	0.75946
333 T	0.13260	0.10952	0.75788
334 C	0.12502	0.11821	0.75677
335 A	0.11807	0.12689	0.75505
336 A	0.11378	0.13209	0.75412
337 A	0.11148	0.13459	0.75393
338 A	0.11092	0.13503	0.75405
339 A	0.11128	0.13427	0.75444
340 G	0.11262	0.12744	0.75993
341 A	0.11565	0.11741	0.76694
342 T	0.11861	0.10771	0.77368
343 T	0.12025	0.09776	0.78199
344 G	0.12072	0.08866	0.79062
345 G	0.12142	0.08454	0.79404
346 T	0.12266	0.08102	0.79632
347 G	0.12295	0.08040	0.79665
348 T	0.12412	0.07970	0.79617
349 A	0.12521	0.08045	0.79435
350 A	0.12727	0.07840	0.79433
351 A	0.12984	0.07507	0.79508
352 A	0.13452	0.06926	0.79622
353 A	0.13645	0.06375	0.79979
354 T	0.14284	0.04605	0.81111
355 A	0.14522	0.03869	0.8161
356 T	0.14744	0.03122	0.82134
357 T	0.14791	0.02399	0.8281
358 T	0.14701	0.01947	0.83352
359 T	0.14461	0.01939	0.83599
360 T	0.13497	0.02844	0.83658
361 C	0.12390	0.03972	0.83639
362 A	0.11382	0.05195	0.83423
363 A	0.10834	0.06007	0.83158
364 G	0.10448	0.06412	0.8314
365 T	0.10167	0.06738	0.83095
366 G	0.09790	0.07132	0.83079
367 G	0.09530	0.07387	0.83082
368 C	0.09457	0.07470	0.83073
369 A	0.09435	0.07500	0.83065
370 C	0.09461	0.07460	0.83079
371 G	0.09523	0.07404	0.83073
372 T	0.09725	0.07207	0.83067
373 C	0.09776	0.07172	0.83053
374 A	0.09821	0.07159	0.8302
375 A	0.09863	0.07150	0.82987
376 G	0.09904	0.07139	0.82958
377 T	0.09931	0.07126	0.82943
378 G	0.09770	0.07312	0.82918
379 A	0.09702	0.07400	0.82897
380 A	0.09668	0.07310	0.83022
381 G	0.09703	0.06966	0.83331
382 A	0.09751	0.06556	0.83693
383 T	0.09887	0.05402	0.84711
384 G	0.09868	0.04558	0.85574
385 G	0.09975	0.04119	0.85906
386 A	0.10065	0.04254	0.85681
387 A	0.09942	0.04614	0.85445
388 G	0.09900	0.04981	0.8512
389 A	0.09862	0.05054	0.85085
390 T	0.09865	0.04939	0.85196
391 G	0.09768	0.04976	0.85256
392 T	0.09694	0.05045	0.85261
393 T	0.09628	0.05162	0.85211
394 G	0.09480	0.05447	0.85073
395 C	0.09413	0.05601	0.84986
396 A	0.09359	0.05857	0.84784
397 A	0.09326	0.06229	0.84444
398 A	0.09286	0.06436	0.84278
399 T	0.09310	0.06426	0.84264
400 A	0.09194	0.06568	0.84239
401 A	0.09150	0.06434	0.84416
402 T	0.09137	0.06347	0.84516
403 C	0.09030	0.06403	0.84567
404 A	0.08953	0.06551	0.84497
405 A	0.08954	0.06605	0.84441
406 A	0.09025	0.06560	0.84416
407 A	0.09201	0.06342	0.84458
408 T	0.09755	0.05746	0.84499
409 A	0.10270	0.05120	0.8461
410 A	0.10812	0.04418	0.8477
411 T	0.11447	0.03648	0.84905
412 T	0.11703	0.03282	0.85015
413 A	0.11783	0.03127	0.8509
414 T	0.11877	0.02854	0.85268
415 C	0.11932	0.02672	0.85397
416 G	0.12036	0.02517	0.85447
417 T	0.12249	0.02235	0.85515
418 T	0.12295	0.02169	0.85536
419 A	0.12328	0.02115	0.85556
420 T	0.12526	0.01890	0.85584
421 G	0.12559	0.01787	0.85653
422 A	0.12525	0.01777	0.85698
423 T	0.12520	0.01627	0.85852
424 A	0.12515	0.01556	0.85929
425 T	0.12534	0.01422	0.86044
426 A	0.12548	0.01311	0.86141
427 G	0.12625	0.01133	0.86242
428 T	0.12704	0.00979	0.86316
429 T	0.12750	0.00890	0.8636
430 T	0.12762	0.00865	0.86373
431 T	0.12759	0.00858	0.86383
432 G	0.12704	0.00902	0.86395
433 T	0.12697	0.00902	0.864
434 T	0.12688	0.00908	0.86404
435 C	0.12671	0.00919	0.8641
436 A	0.12662	0.00931	0.86407
437 T	0.12660	0.00932	0.86408
438 T	0.12628	0.00961	0.86411
439 A	0.12578	0.01011	0.86412
440 A	0.12558	0.01030	0.86411
441 T	0.12576	0.00921	0.86503
442 G	0.12576	0.00827	0.86597
443 G	0.12577	0.00747	0.86676
444 T	0.12608	0.00643	0.86749
445 T	0.12617	0.00573	0.8681
446 T	0.12615	0.00525	0.86859
447 A	0.12613	0.00501	0.86885
448 C	0.12620	0.00474	0.86907
449 C	0.12613	0.00474	0.86913
450 T	0.12595	0.00497	0.86909
451 T	0.12535	0.00556	0.8691
452 T	0.12408	0.00685	0.86907
453 G	0.12056	0.01047	0.86897
454 G	0.11825	0.01292	0.86884
455 C	0.11612	0.01479	0.86909
456 T	0.11508	0.01747	0.86745
457 T	0.11375	0.02154	0.86471
458 T	0.11134	0.02596	0.86269
459 G	0.10423	0.03698	0.85879
460 A	0.09650	0.05372	0.84978
461 T	0.09378	0.05928	0.84694
462 A	0.09142	0.06193	0.84665
463 G	0.09072	0.06292	0.84636
464 A	0.09040	0.06350	0.8461
465 A	0.09022	0.06367	0.84611
466 C	0.09021	0.06357	0.84622
467 T	0.09011	0.06387	0.84601
468 T	0.08920	0.06507	0.84573
469 A	0.08697	0.06800	0.84503
470 A	0.08409	0.07169	0.84422
471 A	0.08122	0.07564	0.84313
472 A	0.07872	0.07869	0.84258
473 A	0.07683	0.08083	0.84234
474 A	0.07518	0.08214	0.84268
475 A	0.07461	0.08171	0.84368
476 G	0.07453	0.07840	0.84707
477 A	0.07486	0.07574	0.84939
478 G	0.07587	0.07162	0.8525
479 G	0.07848	0.06754	0.85397
480 T	0.08276	0.06137	0.85588
481 A	0.08469	0.05740	0.85791
482 A	0.08818	0.04763	0.86419
483 T	0.09570	0.03265	0.87165
484 C	0.09789	0.02799	0.87413
485 C	0.09848	0.02649	0.87502
486 T	0.09895	0.02797	0.87309
487 T	0.09877	0.02998	0.87126
488 T	0.09393	0.03735	0.86872
489 A	0.08325	0.05165	0.8651
490 A	0.07383	0.06547	0.86069
491 A	0.06506	0.07883	0.85612
492 A	0.05688	0.09195	0.85117
493 A	0.05358	0.09281	0.85361
494 A	0.05159	0.09232	0.8561
495 A	0.05104	0.09042	0.85854
496 G	0.05114	0.08870	0.86016
497 C	0.05137	0.08741	0.86122
498 T	0.05183	0.08877	0.8594
499 T	0.05182	0.08918	0.859
500 T	0.05144	0.08996	0.8586
501 A	0.05050	0.09106	0.85844
502 A	0.04965	0.09212	0.85824
503 C	0.04911	0.09257	0.85832
504 A	0.04687	0.09505	0.85807
505 C	0.04538	0.09703	0.85759
506 A	0.04418	0.09934	0.85647
507 A	0.04338	0.10054	0.85608
508 A	0.04352	0.10060	0.85589
509 T	0.04602	0.09754	0.85644
510 A	0.04753	0.09564	0.85683
511 G	0.04979	0.08620	0.86402
512 A	0.05287	0.07365	0.87348
513 A	0.05695	0.06097	0.88208
514 A	0.06207	0.04904	0.88889
515 T	0.06911	0.03487	0.89602
516 A	0.06967	0.03231	0.89802
517 T	0.07031	0.02875	0.90093
518 A	0.07040	0.02747	0.90213
519 T	0.07074	0.02604	0.90322
520 G	0.07080	0.02514	0.90407
521 C	0.07248	0.02281	0.9047
522 T	0.07303	0.02238	0.90459
523 A	0.07328	0.02243	0.90429
524 A	0.07352	0.02190	0.90457
525 T	0.07393	0.02089	0.90517
526 A	0.07408	0.02078	0.90515
527 A	0.07435	0.01804	0.90761
528 T	0.07506	0.01542	0.90952
529 T	0.07597	0.01305	0.91098
530 T	0.07626	0.01170	0.91204
531 C	0.07632	0.01109	0.91259
532 G	0.07635	0.01133	0.91232
533 T	0.07659	0.01160	0.91182
534 A	0.07660	0.01325	0.91015
535 A	0.07672	0.01372	0.90956
536 G	0.07724	0.01353	0.90923
537 T	0.07872	0.01217	0.90911
538 T	0.07990	0.01103	0.90906
539 T	0.08100	0.00997	0.90903
540 A	0.08100	0.00986	0.90913
541 T	0.08128	0.00929	0.90942
542 T	0.08134	0.00902	0.90964
543 T	0.08115	0.00896	0.9099
544 C	0.08069	0.00926	0.91006
545 G	0.08056	0.00940	0.91003
546 T	0.08085	0.00912	0.91003
547 T	0.08082	0.00919	0.90999
548 A	0.08060	0.00941	0.90999
549 T	0.08065	0.00934	0.91
550 A	0.08010	0.00985	0.91005
551 T	0.07982	0.01007	0.91011
552 C	0.07856	0.01128	0.91016
553 G	0.07793	0.01202	0.91005
554 A	0.07776	0.01222	0.91002
555 A	0.07800	0.01202	0.90998
556 A	0.07859	0.01145	0.90996
557 T	0.08049	0.00945	0.91005
558 T	0.08118	0.00852	0.9103
559 T	0.08141	0.00833	0.91025
560 T	0.08142	0.00840	0.91018
561 A	0.08104	0.00893	0.91002
562 A	0.08108	0.00896	0.90995
563 T	0.08112	0.00875	0.91013
564 T	0.08115	0.00869	0.91016
565 A	0.08114	0.00858	0.91028
566 T	0.08118	0.00821	0.91061
567 T	0.08105	0.00781	0.91115
568 T	0.08061	0.00794	0.91146
569 C	0.08009	0.00826	0.91165
570 G	0.07969	0.00862	0.91169
571 A	0.07950	0.00875	0.91176
572 A	0.07946	0.00856	0.91197
573 T	0.07948	0.00804	0.91248
574 G	0.07946	0.00783	0.91271
575 G	0.07951	0.00665	0.91385
576 T	0.07965	0.00615	0.91421
577 A	0.07965	0.00652	0.91383
578 G	0.07974	0.00644	0.91383
579 T	0.07983	0.00664	0.91352
580 G	0.07980	0.00686	0.91335
581 A	0.07978	0.00718	0.91304
582 T	0.07987	0.00724	0.91289
583 A	0.07973	0.00807	0.9122
584 C	0.07924	0.00951	0.91125
585 T	0.07902	0.01155	0.90943
586 G	0.07796	0.01529	0.90675
587 A	0.07766	0.01830	0.90404
588 A	0.07753	0.02023	0.90224
589 T	0.07750	0.02119	0.9013
590 A	0.07744	0.02117	0.90139
591 T	0.07747	0.02073	0.9018
592 T	0.07730	0.02044	0.90226
593 T	0.07706	0.02028	0.90265
594 C	0.07663	0.02056	0.90281
595 A	0.07639	0.02083	0.90278
596 C	0.07631	0.02092	0.90277
597 C	0.07627	0.02096	0.90276
598 A	0.07634	0.02095	0.90271
599 A	0.07658	0.02077	0.90265
600 T	0.07717	0.02020	0.90263
601 C	0.07733	0.02011	0.90256
602 A	0.07763	0.02022	0.90215
603 A	0.07787	0.02008	0.90206
604 A	0.07829	0.01974	0.90198
605 A	0.07878	0.01947	0.90175
606 A	0.08007	0.01829	0.90163
607 T	0.08265	0.01521	0.90214
608 A	0.08450	0.01346	0.90203
609 T	0.08705	0.01043	0.90252
610 A	0.08864	0.00937	0.902
611 T	0.09006	0.00817	0.90176
612 T	0.09047	0.00826	0.90127
613 A	0.09038	0.00831	0.90131
614 A	0.09037	0.00817	0.90146
615 T	0.09042	0.00779	0.90179
616 T	0.09041	0.00747	0.90211
617 C	0.09038	0.00715	0.90247
618 A	0.09042	0.00701	0.90258
619 T	0.09047	0.00688	0.90265
620 C	0.09046	0.00683	0.90272
621 A	0.09048	0.00680	0.90272
622 T	0.09056	0.00670	0.90274
623 C	0.09059	0.00662	0.90279
624 A	0.09064	0.00655	0.9028
625 T	0.09103	0.00614	0.90283
626 C	0.09106	0.00606	0.90288
627 A	0.09114	0.00601	0.90285
628 A	0.09148	0.00570	0.90282
629 A	0.09192	0.00525	0.90283
630 T	0.09263	0.00451	0.90287
631 A	0.09331	0.00381	0.90288
632 T	0.09414	0.00279	0.90307
633 T	0.09482	0.00184	0.90334
634 T	0.09509	0.00146	0.90345
635 T	0.09529	0.00110	0.9036
636 T	0.09533	0.00090	0.90377
637 C	0.09533	0.00081	0.90386
638 C	0.09531	0.00081	0.90388
639 T	0.09530	0.00082	0.90388
640 T	0.09526	0.00084	0.90389
641 G	0.09523	0.00088	0.90389
642 T	0.09521	0.00092	0.90387
643 C	0.09516	0.00098	0.90386
644 A	0.09511	0.00113	0.90376
645 A	0.09508	0.00123	0.90369
646 T	0.09507	0.00122	0.90371
647 G	0.09505	0.00121	0.90373
648 G	0.09504	0.00123	0.90373
649 G	0.09504	0.00108	0.90388
650 C	0.09507	0.00096	0.90397
651 T	0.09508	0.00095	0.90397
652 G	0.09500	0.00104	0.90397
653 G	0.09497	0.00107	0.90397
654 T	0.09497	0.00108	0.90395
655 C	0.09495	0.00113	0.90392
656 G	0.09492	0.00129	0.90379
657 T	0.09491	0.00140	0.90369
658 G	0.09488	0.00155	0.90358
659 A	0.09476	0.00169	0.90355
660 T	0.09458	0.00187	0.90354
661 G	0.09399	0.00248	0.90353
662 G	0.09363	0.00292	0.90345
663 C	0.09328	0.00350	0.90323
664 A	0.09277	0.00422	0.903
665 A	0.09260	0.00445	0.90295
666 A	0.09251	0.00454	0.90294
667 G	0.09255	0.00448	0.90296
668 C	0.09260	0.00442	0.90298
669 T	0.09259	0.00447	0.90294
670 A	0.09254	0.00456	0.9029
671 T	0.09254	0.00457	0.90289
672 T	0.09250	0.00461	0.9029
673 A	0.09226	0.00486	0.90288
674 A	0.09212	0.00497	0.90291
675 T	0.09208	0.00492	0.903
676 C	0.09198	0.00501	0.90301
677 G	0.09188	0.00518	0.90293
678 A	0.09181	0.00529	0.9029
679 T	0.09187	0.00526	0.90287
680 T	0.09184	0.00531	0.90284
681 A	0.09173	0.00543	0.90284
682 A	0.09165	0.00536	0.90298
683 A	0.09164	0.00514	0.90322
684 G	0.09168	0.00447	0.90386
685 G	0.09178	0.00401	0.90421
686 A	0.09205	0.00343	0.90452
687 T	0.09233	0.00271	0.90496
688 T	0.09240	0.00248	0.90512
689 T	0.09243	0.00235	0.90522
690 T	0.09243	0.00228	0.90529
691 G	0.09242	0.00225	0.90533
692 T	0.09244	0.00219	0.90537
693 T	0.09246	0.00210	0.90543
694 G	0.09247	0.00209	0.90545
695 A	0.09247	0.00209	0.90543
696 T	0.09249	0.00187	0.90563
697 G	0.09250	0.00176	0.90574
698 A	0.09252	0.00173	0.90575
699 T	0.09260	0.00157	0.90582
700 T	0.09270	0.00140	0.9059
701 T	0.09274	0.00125	0.906
702 T	0.09276	0.00120	0.90604
703 T	0.09276	0.00126	0.90599
704 T	0.09273	0.00139	0.90588
705 A	0.09235	0.00212	0.90553
706 A	0.09212	0.00260	0.90529
707 A	0.09206	0.00285	0.90509
708 T	0.09201	0.00309	0.9049
709 T	0.09189	0.00334	0.90477
710 G	0.09182	0.00359	0.90459
711 T	0.09181	0.00368	0.90451
712 T	0.09174	0.00387	0.90439
713 G	0.09161	0.00412	0.90427
714 T	0.09160	0.00433	0.90407
715 C	0.09156	0.00490	0.90354
716 A	0.09151	0.00573	0.90275
717 A	0.09142	0.00619	0.90239
718 T	0.09134	0.00635	0.90231
719 T	0.09060	0.00715	0.90224
720 G	0.08922	0.00864	0.90213
721 G	0.08854	0.00942	0.90203
722 C	0.08821	0.00983	0.90196
723 T	0.08795	0.01027	0.90177
724 A	0.08742	0.01095	0.90163
725 A	0.08733	0.01104	0.90162
726 A	0.08741	0.01095	0.90164
727 A	0.08759	0.01073	0.90167
728 T	0.08798	0.00993	0.90209
729 C	0.08822	0.00944	0.90234
730 A	0.08847	0.00912	0.90241
731 T	0.08870	0.00876	0.90254
732 C	0.08881	0.00850	0.90269
733 G	0.08894	0.00833	0.90274
734 C	0.08908	0.00817	0.90275
735 T	0.08931	0.00788	0.90281
736 C	0.08947	0.00763	0.90291
737 G	0.08973	0.00742	0.90285
738 T	0.09034	0.00688	0.90277
739 T	0.09091	0.00647	0.90262
740 A	0.09112	0.00648	0.90239
741 T	0.09124	0.00648	0.90228
742 A	0.09133	0.00609	0.90258
743 T	0.09151	0.00516	0.90333
744 T	0.09164	0.00560	0.90275
745 T	0.09159	0.00866	0.89975
746 T	0.09094	0.01230	0.89675
747 T	0.08973	0.01386	0.89641
748 T	0.08653	0.01753	0.89594
749 T	0.08201	0.02266	0.89533
750 A	0.07547	0.02966	0.89487
751 C	0.07162	0.03373	0.89465
752 A	0.06814	0.03838	0.89347
753 T	0.06533	0.04233	0.89234
754 G	0.06102	0.04744	0.89155
755 A	0.05864	0.05145	0.8899
756 A	0.05652	0.05672	0.88676
757 A	0.05564	0.05896	0.8854
758 A	0.05529	0.05952	0.88519
759 A	0.05520	0.05963	0.88517
760 A	0.05524	0.05959	0.88517
761 A	0.05536	0.05945	0.88519
762 C	0.05559	0.05917	0.88524
763 C	0.05598	0.05879	0.88523
764 A	0.05640	0.05850	0.8851
765 A	0.05733	0.05764	0.88503
766 A	0.05844	0.05660	0.88496
767 A	0.06003	0.05501	0.88496
768 T	0.06375	0.05089	0.88536
769 T	0.06661	0.04596	0.88744
770 T	0.06736	0.04246	0.89018
771 A	0.06763	0.03848	0.89389
772 T	0.06823	0.03336	0.8984
773 T	0.06835	0.02909	0.90256
774 A	0.06824	0.02803	0.90373
775 A	0.06897	0.02644	0.90458
776 T	0.07017	0.02442	0.9054
777 A	0.07071	0.02105	0.90823
778 A	0.07208	0.01840	0.90951
779 T	0.07509	0.01377	0.91113
780 G	0.07605	0.01293	0.91102
781 C	0.07617	0.01271	0.91112
782 G	0.07612	0.01352	0.91036
783 T	0.07600	0.01393	0.91007
784 T	0.07512	0.01557	0.90932
785 C	0.07279	0.01903	0.90819
786 A	0.07206	0.02080	0.90714
787 C	0.07164	0.02254	0.90582
788 A	0.07121	0.02489	0.9039
789 T	0.07109	0.02575	0.90316
790 C	0.07088	0.02664	0.90249
791 A	0.07001	0.02936	0.90063
792 A	0.06985	0.02967	0.90048
793 A	0.06991	0.02964	0.90045
794 T	0.07034	0.02915	0.9005
795 G	0.07066	0.02881	0.90053
796 C	0.07153	0.02766	0.90082
797 A	0.07279	0.02615	0.90106
798 C	0.07446	0.02424	0.9013
799 G	0.07594	0.02273	0.90132
800 C	0.07670	0.02194	0.90136
801 T	0.07734	0.02136	0.90129
802 G	0.07772	0.02102	0.90125
803 T	0.07850	0.02027	0.90122
804 A	0.07866	0.02002	0.90131
805 G	0.07929	0.01925	0.90146
806 A	0.07972	0.01846	0.90182
807 A	0.08073	0.01633	0.90295
808 C	0.08211	0.01236	0.90553
809 G	0.08360	0.01072	0.90568
810 T	0.08578	0.00911	0.90511
811 T	0.08782	0.00897	0.9032
812 T	0.08835	0.01127	0.90038
813 A	0.08857	0.01230	0.89913
814 T	0.08948	0.01155	0.89896
815 T	0.08946	0.01238	0.89816
816 A	0.08884	0.01450	0.89665
817 G	0.08825	0.01730	0.89446
818 A	0.08778	0.01945	0.89277
819 A	0.08628	0.02335	0.89037
820 T	0.08496	0.02528	0.88976
821 T	0.08351	0.02720	0.88929
822 A	0.08050	0.03106	0.88844
823 G	0.07878	0.03354	0.88769
824 C	0.07821	0.03456	0.88723
825 T	0.07783	0.03591	0.88626
826 A	0.07687	0.03866	0.88447
827 A	0.07642	0.03924	0.88435
828 G	0.07586	0.03988	0.88426
829 A	0.07570	0.04006	0.88425
830 G	0.07574	0.03998	0.88428
831 C	0.07612	0.03959	0.88429
832 A	0.07689	0.03881	0.8843
833 C	0.07825	0.03744	0.88431
834 A	0.08069	0.03500	0.8843
835 T	0.08391	0.03179	0.8843
836 C	0.08491	0.03078	0.88432
837 T	0.08597	0.02976	0.88427
838 A	0.08668	0.02912	0.88419
839 A	0.08806	0.02725	0.88469
840 T	0.09014	0.02461	0.88524
841 A	0.09156	0.02278	0.88566
842 A	0.09390	0.01843	0.88766
843 T	0.09523	0.01532	0.88945
844 G	0.09600	0.01295	0.89105
845 G	0.09705	0.00928	0.89367
846 T	0.09822	0.00646	0.89531
847 T	0.09868	0.00577	0.89555
848 A	0.09919	0.00550	0.89531
849 T	0.10050	0.00396	0.89553
850 A	0.10059	0.00431	0.89509
851 T	0.10067	0.00500	0.89434
852 T	0.10050	0.00551	0.89399
853 T	0.09994	0.00730	0.89276
854 G	0.09863	0.01141	0.88996
855 G	0.09748	0.01587	0.88665
856 C	0.09719	0.01735	0.88546
857 A	0.09698	0.01804	0.88498
858 T	0.09689	0.01838	0.88473
859 A	0.09676	0.01856	0.88468
860 C	0.09678	0.01855	0.88467
861 C	0.09665	0.01872	0.88463
862 A	0.09665	0.01881	0.88453
863 C	0.09668	0.01884	0.88448
864 T	0.09676	0.01891	0.88433
865 G	0.09679	0.01892	0.88429
866 G	0.09685	0.01890	0.88425
867 T	0.09699	0.01878	0.88423
868 T	0.09704	0.01875	0.8842
869 C	0.09702	0.01878	0.8842
870 A	0.09692	0.01900	0.88407
871 G	0.09718	0.01887	0.88395
872 G	0.09749	0.01884	0.88367
873 A	0.09823	0.01839	0.88337
874 A	0.09952	0.01714	0.88334
875 A	0.10029	0.01619	0.88353
876 A	0.10174	0.01414	0.88412
877 A	0.10454	0.01000	0.88546
878 C	0.10773	0.00567	0.8866
879 T	0.10907	0.00413	0.8868
880 T	0.10956	0.00351	0.88693
881 T	0.10977	0.00324	0.88699
882 T	0.10974	0.00320	0.88706
883 A	0.10959	0.00331	0.88711
884 C	0.10955	0.00309	0.88736
885 T	0.10961	0.00299	0.88741
886 T	0.10964	0.00293	0.88742
887 C	0.10973	0.00283	0.88744
888 T	0.10978	0.00279	0.88743
889 T	0.10982	0.00273	0.88744
890 T	0.10986	0.00264	0.8875
891 T	0.10990	0.00255	0.88755
892 G	0.10992	0.00246	0.88763
893 C	0.10996	0.00214	0.88789
894 C	0.11005	0.00203	0.88793
895 T	0.11028	0.00190	0.88781
896 T	0.11050	0.00182	0.88768
897 A	0.11049	0.00205	0.88746
898 T	0.11055	0.00221	0.88724
899 G	0.11057	0.00250	0.88693
900 T	0.11059	0.00306	0.88635
901 T	0.11055	0.00431	0.88514
902 A	0.11051	0.00542	0.88408
903 T	0.11040	0.00665	0.88295
904 A	0.11032	0.00899	0.8807
905 T	0.11021	0.01227	0.87752
906 T	0.11010	0.01329	0.87661
907 T	0.10985	0.01641	0.87374
908 T	0.10911	0.02252	0.86836
909 A	0.10348	0.04040	0.85612
910 C	0.09797	0.05006	0.85197
911 A	0.09205	0.07332	0.83464
912 A	0.08897	0.08524	0.82579
913 A	0.08701	0.08800	0.82499
914 G	0.08636	0.08905	0.82459
915 A	0.08600	0.08970	0.8243
916 A	0.08559	0.09004	0.82437
917 C	0.08547	0.09008	0.82445
918 T	0.08549	0.09006	0.82446
919 A	0.08536	0.09017	0.82446
920 C	0.08543	0.09004	0.82452
921 G	0.08545	0.09010	0.82445
922 G	0.08568	0.08988	0.82444
923 A	0.08629	0.08926	0.82445
924 T	0.08761	0.08789	0.8245
925 G	0.08840	0.08704	0.82456
926 C	0.08951	0.08569	0.8248
927 A	0.09140	0.08372	0.82488
928 C	0.09441	0.08044	0.82514
929 A	0.09590	0.07888	0.82522
930 A	0.10004	0.07449	0.82546
931 A	0.10784	0.06619	0.82597
932 T	0.12366	0.04431	0.83203
933 C	0.12819	0.03463	0.83718
934 T	0.14266	0.01605	0.84128
935 T	0.14766	0.01186	0.84047
936 T	0.14810	0.01214	0.83977
937 T	0.14810	0.01412	0.83778
938 T	0.14772	0.01799	0.8343
939 T	0.14715	0.02233	0.83052
940 T	0.14506	0.02553	0.82941
941 T	0.14350	0.02983	0.82667
942 A	0.14134	0.03779	0.82087
943 A	0.14000	0.04157	0.81843
944 C	0.13953	0.04272	0.81775
945 T	0.13932	0.04344	0.81724
946 G	0.13888	0.04500	0.81612
947 A	0.13815	0.04767	0.81418
948 T	0.13786	0.05131	0.81083
949 C	0.13756	0.05567	0.80677
950 G	0.13631	0.06734	0.79634
951 A	0.13528	0.07664	0.78808
952 A	0.13472	0.08108	0.7842
953 A	0.13446	0.08346	0.78208
954 A	0.13439	0.08457	0.78104
955 G	0.13473	0.08501	0.78027
956 A	0.13575	0.08534	0.77891
957 A	0.13917	0.08367	0.77717
958 T	0.14435	0.08298	0.77268
959 T	0.14637	0.09268	0.76095
960 A	0.14686	0.09355	0.75959
961 G	0.14863	0.09165	0.75972
962 A	0.15141	0.08897	0.75963
963 T	0.15307	0.08482	0.7621
964 C	0.15579	0.08067	0.76354
965 T	0.16212	0.07368	0.7642
966 T	0.16346	0.07329	0.76325
967 C	0.15873	0.07834	0.76293
968 A	0.15566	0.08206	0.76228
969 A	0.15511	0.08276	0.76213
970 A	0.15702	0.08020	0.76278
971 C	0.16292	0.07397	0.76311
972 T	0.16969	0.06704	0.76327
973 T	0.17956	0.05605	0.7644
974 T	0.18285	0.05194	0.76521
975 T	0.17823	0.05647	0.7653
976 C	0.16139	0.07388	0.76473
977 A	0.13564	0.10313	0.76123
978 A	0.12519	0.11654	0.75826
979 G	0.11916	0.12698	0.75386
980 A	0.11699	0.12953	0.75347
981 A	0.12031	0.12633	0.75337
982 T	0.13235	0.11386	0.75379
983 T	0.13305	0.11253	0.75442
984 C	0.13176	0.11346	0.75479
985 A	0.13099	0.11450	0.75451
986 A	0.13086	0.11480	0.75433
987 T	0.13086	0.11485	0.75429
988 A	0.13083	0.11563	0.75354
989 G	0.13203	0.11467	0.75329
990 T	0.13228	0.11093	0.7568
991 T	0.13046	0.11259	0.75694
992 T	0.12066	0.12526	0.75409
993 T	0.09508	0.15760	0.74731
994 A	0.07530	0.18282	0.74187
995 A	0.06776	0.19563	0.73661
996 A	0.06324	0.20206	0.7347
997 A	0.06044	0.20423	0.73533
998 A	0.05942	0.20161	0.73896
999 A	0.05967	0.19026	0.75006
1000 G	0.06253	0.16430	0.77317
1001 A	0.06507	0.15301	0.78192
1002 T	0.06943	0.14237	0.7882
1003 T	0.06981	0.13946	0.79073
1004 C	0.06972	0.14059	0.78968
1005 T	0.06956	0.15138	0.77905
1006 G	0.06856	0.17450	0.75695
1007 T	0.06808	0.19108	0.74084
1008 A	0.06394	0.21467	0.72138
1009 G	0.06328	0.23421	0.70251
1010 A	0.06308	0.24590	0.69103
1011 A	0.06353	0.25022	0.68625
1012 A	0.06465	0.25176	0.68359
1013 A	0.06684	0.25141	0.68175
1014 A	0.07030	0.24659	0.68312
1015 A	0.07507	0.23196	0.69296
1016 T	0.08207	0.20297	0.71496
1017 A	0.08345	0.20496	0.71159
1018 G	0.08452	0.22358	0.69189
1019 A	0.08456	0.28199	0.63345
1020 A	0.08471	0.31044	0.60485
1021 A	0.08519	0.31499	0.59982
1022 G	0.08811	0.31380	0.59808
1023 T	0.08955	0.31369	0.59676
1024 A	0.08901	0.31587	0.59512
1025 C	0.09091	0.31467	0.59441
1026 A	0.09394	0.31454	0.59153
1027 A	0.10037	0.30804	0.59159
1028 G	0.11605	0.29187	0.59208
1029 T	0.14799	0.25924	0.59277
1030 T	0.16472	0.24273	0.59255
1031 C	0.17762	0.22618	0.5962
1032 T	0.18865	0.21575	0.5956
1033 T	0.19398	0.21202	0.594
1034 T	0.19473	0.21295	0.59232
1035 A	0.19375	0.21697	0.58928
1036 A	0.19542	0.21743	0.58715
1037 A	0.19858	0.21468	0.58674
1038 A	0.20373	0.20925	0.58702
1039 A	0.21230	0.20017	0.58753
1040 A	0.23402	0.17614	0.58985
1041 A	0.26241	0.14420	0.59339
1042 T	0.32535	0.07849	0.59616
1043 A	0.35088	0.05056	0.59855
1044 T	0.36073	0.03773	0.60154
1045 T	0.36394	0.03354	0.60252
1046 T	0.36527	0.03299	0.60175
1047 T	0.36425	0.03604	0.59972
1048 A	0.35891	0.04472	0.59636
1049 T	0.35915	0.04743	0.59341
1050 T	0.35805	0.05400	0.58795
1051 A	0.35678	0.05590	0.58732
1052 A	0.35698	0.05596	0.58706
1053 T	0.35841	0.05411	0.58748
1054 T	0.35907	0.05266	0.58827
1055 C	0.36012	0.05077	0.5891
1056 T	0.36223	0.04859	0.58918
1057 G	0.36354	0.04673	0.58973
1058 C	0.36599	0.04364	0.59037
1059 T	0.36781	0.04184	0.59035
1060 T	0.36825	0.04148	0.59027
1061 C	0.36730	0.04265	0.59005
1062 T	0.35705	0.05494	0.58802
1063 A	0.34992	0.06417	0.58591
1064 A	0.34722	0.06817	0.58462
1065 T	0.34655	0.07051	0.58295
1066 A	0.34531	0.07504	0.57966
1067 A	0.34487	0.07506	0.58008
1068 G	0.34575	0.07233	0.58192
1069 A	0.34741	0.07018	0.58241
1070 T	0.35032	0.06454	0.58515
1071 C	0.35159	0.05854	0.58986
1072 G	0.35278	0.05679	0.59044
1073 T	0.35662	0.05282	0.59056
1074 C	0.35522	0.05485	0.58993
1075 T	0.35292	0.05782	0.58925
1076 C	0.34996	0.06122	0.58882
1077 T	0.34726	0.06639	0.58636
1078 A	0.34190	0.07615	0.58195
1079 C	0.33904	0.08621	0.57475
1080 T	0.33676	0.09884	0.5644
1081 T	0.33371	0.11011	0.55619
1082 T	0.32912	0.12789	0.54299
1083 A	0.31821	0.14090	0.54089
1084 A	0.31370	0.14562	0.54068
1085 T	0.31438	0.13369	0.55193
1086 T	0.31414	0.12799	0.55787
1087 C	0.31253	0.12805	0.55942
1088 A	0.31222	0.13150	0.55628
1089 T	0.31320	0.13330	0.5535
1090 A	0.30986	0.14238	0.54776
1091 A	0.30830	0.14570	0.54601
1092 A	0.30600	0.14955	0.54445
1093 A	0.30517	0.15016	0.54467
1094 T	0.30496	0.14869	0.54635
1095 A	0.30326	0.15005	0.5467
1096 A	0.30292	0.15149	0.54559
1097 A	0.30352	0.15189	0.5446
1098 T	0.30351	0.15470	0.54179
1099 A	0.29917	0.18046	0.52038
1100 A	0.29989	0.18854	0.51158
1101 A	0.30229	0.18947	0.50824
1102 T	0.31535	0.18181	0.50284
1103 T	0.31769	0.19002	0.49229
1104 A	0.30318	0.22595	0.47086
1105 A	0.29248	0.23838	0.46914
1106 T	0.27859	0.24593	0.47548
1107 T	0.23679	0.29398	0.46923
1108 A	0.13642	0.40479	0.45878
1109 C	0.10565	0.44010	0.45425
1110 A	0.08332	0.47829	0.43839
1111 A	0.07052	0.49165	0.43783
1112 A	0.06330	0.49857	0.43814
1113 T	0.06198	0.49838	0.43965
1114 A	0.05026	0.51148	0.43826
1115 C	0.04123	0.52136	0.43741
1116 A	0.03158	0.53748	0.43094
1117 A	0.02740	0.54492	0.42768
1118 A	0.02675	0.54705	0.4262
1119 A	0.02730	0.54676	0.42594
1120 A	0.02970	0.54413	0.42617
1121 A	0.03657	0.53508	0.42836
1122 T	0.06404	0.50218	0.43378
1123 A	0.07661	0.48660	0.4368
1124 A	0.08811	0.47018	0.44171
1125 A	0.09759	0.45599	0.44643
1126 A	0.11068	0.43448	0.45485
1127 A	0.13205	0.39093	0.47702
1128 T	0.14256	0.35350	0.50394
1129 A	0.14790	0.32245	0.52965
1130 T	0.16907	0.25165	0.57928
1131 T	0.18144	0.14873	0.66983
1132 T	0.18583	0.11934	0.69483
1133 T	0.18948	0.10285	0.70767
1134 A	0.18753	0.10278	0.70969
1135 G	0.18706	0.09579	0.71715
1136 A	0.18700	0.09319	0.71981
1137 A	0.18898	0.08340	0.72762
1138 T	0.19252	0.07320	0.73428
1139 C	0.19306	0.07305	0.73389
1140 T	0.19163	0.08430	0.72406
1141 T	0.17729	0.12061	0.7021
1142 G	0.12795	0.20792	0.66413
1143 G	0.09735	0.29550	0.60715
1144 C	0.07996	0.36730	0.55275
1145 A	0.06188	0.47938	0.45874
1146 A	0.04809	0.53262	0.41929
1147 A	0.03985	0.55586	0.40428
1148 A	0.03647	0.56404	0.39949
1149 G	0.03516	0.56570	0.39914
1150 A	0.03436	0.56669	0.39895
1151 G	0.03409	0.56690	0.39902
1152 A	0.03423	0.56672	0.39906
1153 C	0.03473	0.56600	0.39927
1154 A	0.03542	0.56540	0.39918
1155 A	0.03638	0.56448	0.39915
1156 A	0.03839	0.56197	0.39963
1157 A	0.04356	0.55568	0.40076
1158 G	0.04522	0.55345	0.40133
1159 A	0.04949	0.54746	0.40304
1160 A	0.05414	0.54101	0.40485
1161 A	0.05914	0.53351	0.40735
1162 A	0.07139	0.51415	0.41446
1163 A	0.09143	0.48780	0.42077
1164 A	0.12828	0.43307	0.43865
1165 A	0.19528	0.31783	0.48689
1166 T	0.28981	0.18940	0.5208
1167 T	0.34783	0.11311	0.53906
1168 T	0.39695	0.04905	0.55401
1169 T	0.41126	0.02509	0.56366
1170 T	0.41603	0.01538	0.5686
1171 T	0.41692	0.01432	0.56876
1172 T	0.41684	0.01467	0.5685
1173 T	0.41641	0.01674	0.56686
1174 A	0.41585	0.02582	0.55833
1175 T	0.41505	0.02890	0.55605
1176 A	0.41408	0.03224	0.55368
1177 G	0.41354	0.03510	0.55136
1178 T	0.41340	0.03976	0.54684
1179 T	0.41160	0.04816	0.54023
1180 G	0.40955	0.05734	0.5331
1181 A	0.40780	0.06295	0.52925
1182 T	0.40748	0.06568	0.52683
1183 G	0.40662	0.06994	0.52344
1184 A	0.40602	0.07359	0.5204
1185 A	0.40467	0.07530	0.52003
1186 T	0.40425	0.07582	0.51993
1187 G	0.40289	0.07739	0.51971
1188 T	0.40231	0.07801	0.51968
1189 C	0.40173	0.07862	0.51965
1190 A	0.40182	0.07870	0.51947
1191 T	0.40274	0.07792	0.51934
1192 C	0.40386	0.07675	0.51938
1193 G	0.40511	0.07551	0.51937
1194 T	0.40905	0.07154	0.51942
1195 A	0.41040	0.06996	0.51963
1196 C	0.41200	0.06773	0.52026
1197 T	0.41933	0.06013	0.52053
1198 C	0.41922	0.05885	0.52193
1199 A	0.42059	0.05691	0.52251
1200 G	0.42357	0.05349	0.52295
1201 T	0.42930	0.04761	0.52309
1202 C	0.43478	0.04021	0.52501
1203 T	0.44018	0.03410	0.52572
1204 G	0.44159	0.03221	0.5262
1205 G	0.44263	0.03445	0.52292
1206 T	0.44485	0.04048	0.51466
1207 G	0.44473	0.06267	0.4926
1208 T	0.44374	0.07322	0.48304
1209 A	0.44138	0.07762	0.481
1210 A	0.44044	0.07860	0.48097
1211 T	0.43994	0.07827	0.48179
1212 G	0.43883	0.07890	0.48227
1213 C	0.43831	0.07935	0.48233
1214 A	0.43822	0.08029	0.48149
1215 T	0.43821	0.08053	0.48125
1216 G	0.43807	0.08135	0.48058
1217 A	0.43806	0.08314	0.4788
1218 A	0.43810	0.08558	0.47632
1219 A	0.43817	0.08785	0.47398
1220 A	0.43822	0.09102	0.47076
1221 T	0.43806	0.09372	0.46822
1222 T	0.43799	0.10100	0.46102
1223 T	0.43734	0.10562	0.45704
1224 A	0.43628	0.11494	0.44879
1225 A	0.43598	0.12284	0.44118
1226 A	0.43682	0.12439	0.43879
1227 A	0.43905	0.12236	0.43859
1228 A	0.44442	0.11668	0.4389
1229 A	0.45527	0.10514	0.43959
1230 T	0.47876	0.07953	0.44172
1231 T	0.48722	0.06971	0.44307
1232 T	0.48895	0.06584	0.44522
1233 T	0.48953	0.06419	0.44628
1234 T	0.48955	0.06349	0.44696
1235 T	0.48911	0.06303	0.44786
1236 C	0.48802	0.06357	0.44842
1237 C	0.48766	0.06381	0.44854
1238 C	0.48740	0.06409	0.44851
1239 A	0.48730	0.06445	0.44826
1240 G	0.48860	0.06316	0.44825
1241 A	0.49110	0.06072	0.44818
1242 A	0.49507	0.05672	0.44821
1243 G	0.50068	0.05077	0.44855
1244 C	0.50954	0.04062	0.44984
1245 T	0.52100	0.02881	0.45019
1246 C	0.52509	0.02419	0.45072
1247 G	0.53058	0.01892	0.4505
1248 T	0.53678	0.01341	0.44981
1249 T	0.53940	0.01306	0.44755
1250 T	0.54060	0.01306	0.44634
1251 T	0.54117	0.01384	0.44498
1252 T	0.54133	0.01461	0.44407
1253 T	0.54104	0.01576	0.44319
1254 T	0.53949	0.01784	0.44267
1255 G	0.53801	0.01995	0.44204
1256 G	0.53428	0.02419	0.44152
1257 A	0.53181	0.02786	0.44034
1258 T	0.52973	0.02957	0.4407
1259 T	0.52355	0.03517	0.44128
1260 T	0.51691	0.04228	0.44081
1261 A	0.50337	0.05674	0.43989
1262 C	0.49286	0.06764	0.4395
1263 A	0.48843	0.07450	0.43707
1264 G	0.48491	0.07832	0.43677
1265 G	0.48323	0.08008	0.43669
1266 A	0.48213	0.08120	0.43667
1267 A	0.48121	0.08211	0.43668
1268 C	0.48085	0.08239	0.43676
1269 C	0.48058	0.08261	0.43681
1270 C	0.48094	0.08225	0.43682
1271 C	0.48184	0.08138	0.43678
1272 T	0.48452	0.07891	0.43657
1273 C	0.48552	0.07825	0.43623
1274 T	0.48672	0.07825	0.43503
1275 T	0.48633	0.07981	0.43386
1276 T	0.48098	0.08673	0.43229
1277 T	0.47195	0.09545	0.4326
1278 A	0.41822	0.15041	0.43137
1279 G	0.36971	0.19622	0.43407
1280 A	0.33103	0.23726	0.43171
1281 A	0.28587	0.27963	0.4345
1282 G	0.25268	0.30784	0.43949
1283 A	0.22405	0.33663	0.43932
1284 A	0.18976	0.36757	0.44267
1285 C	0.17318	0.38213	0.4447
1286 A	0.16218	0.39419	0.44363
1287 A	0.15192	0.40629	0.44179
1288 A	0.14918	0.41393	0.4369
1289 A	0.14732	0.42031	0.43238
1290 C	0.14600	0.42399	0.43001
1291 A	0.14496	0.42818	0.42686
1292 A	0.14373	0.43164	0.42463
1293 A	0.14052	0.43863	0.42086
1294 A	0.13655	0.44736	0.41608
1295 C	0.12641	0.46053	0.41305
1296 A	0.12141	0.47648	0.40211
1297 A	0.11966	0.48103	0.39932
1298 A	0.11865	0.48128	0.40007
1299 T	0.11961	0.47344	0.40695
1300 G	0.11845	0.46864	0.41291
1301 A	0.11650	0.42259	0.46091
1302 A	0.11601	0.37939	0.5046
1303 A	0.11918	0.34252	0.5383
1304 A	0.12010	0.30741	0.57249
1305 A	0.12352	0.29510	0.58137
1306 A	0.12881	0.26807	0.60312
1307 G	0.13523	0.23195	0.63282
1308 T	0.14171	0.20924	0.64905
1309 A	0.14282	0.19805	0.65912
1310 C	0.14577	0.18405	0.67018
1311 G	0.14934	0.18385	0.66681
1312 C	0.15326	0.18745	0.65929
1313 A	0.15399	0.22598	0.62003
1314 A	0.15792	0.22657	0.61551
1315 A	0.16158	0.23236	0.60606
1316 A	0.16700	0.22745	0.60555
1317 A	0.17402	0.21893	0.60705
1318 C	0.18139	0.19734	0.62127
1319 T	0.19562	0.18446	0.61992
1320 T	0.20037	0.18238	0.61725
1321 T	0.20242	0.19112	0.60646
1322 T	0.20093	0.19923	0.59984
1323 T	0.19153	0.21459	0.59388
1324 G	0.18186	0.23318	0.58496
1325 G	0.17415	0.24813	0.57773
1326 A	0.17187	0.26446	0.56367
1327 G	0.17966	0.26636	0.55398
1328 A	0.19728	0.26049	0.54223
1329 A	0.20399	0.26082	0.53518
