# lcl|CP097583.1_cds_USQ93591.1_1
# AA	inside	membr	outside
1 A	0.88429	0.00000	0.11571
2 T	0.88138	0.00291	0.11571
3 G	0.87964	0.00465	0.11571
4 A	0.87964	0.00925	0.11111
5 T	0.84165	0.05165	0.1067
6 A	0.84164	0.05239	0.10597
7 C	0.75292	0.14123	0.10585
8 C	0.75292	0.14124	0.10585
9 T	0.74318	0.15117	0.10564
10 T	0.74315	0.16211	0.09474
11 A	0.73512	0.17111	0.09377
12 T	0.68784	0.21859	0.09357
13 A	0.62583	0.28085	0.09331
14 G	0.62582	0.28086	0.09331
15 A	0.62582	0.28458	0.0896
16 T	0.62536	0.28504	0.0896
17 C	0.62419	0.28626	0.08955
18 T	0.62411	0.28642	0.08946
19 G	0.61864	0.29199	0.08937
20 A	0.59629	0.31666	0.08705
21 A	0.56081	0.35211	0.08707
22 C	0.55988	0.35307	0.08706
23 A	0.55907	0.35402	0.08691
24 A	0.55919	0.35390	0.08691
25 G	0.55977	0.34818	0.09205
26 T	0.56069	0.34499	0.09432
27 A	0.56417	0.33781	0.09802
28 T	0.57064	0.29258	0.13679
29 T	0.57216	0.28605	0.14179
30 T	0.57355	0.22232	0.20413
31 T	0.57163	0.21963	0.20874
32 T	0.56753	0.20849	0.22398
33 A	0.56415	0.21443	0.22141
34 T	0.56060	0.21599	0.22342
35 C	0.55547	0.19311	0.25142
36 A	0.55105	0.18500	0.26396
37 G	0.54924	0.20521	0.24554
38 A	0.55092	0.22628	0.2228
39 T	0.55045	0.27597	0.17358
40 G	0.54979	0.29741	0.1528
41 A	0.54911	0.32648	0.12441
42 A	0.54819	0.34524	0.10658
43 A	0.54803	0.33064	0.12133
44 T	0.54278	0.31631	0.14091
45 A	0.52772	0.33823	0.13406
46 G	0.51802	0.35032	0.13166
47 A	0.51227	0.36073	0.12701
48 G	0.50528	0.37064	0.12409
49 A	0.50046	0.38097	0.11857
50 A	0.50092	0.38158	0.11749
51 A	0.50321	0.37891	0.11788
52 A	0.50850	0.37308	0.11843
53 A	0.51869	0.36106	0.12025
54 T	0.53038	0.34410	0.12552
55 C	0.53862	0.32903	0.13235
56 T	0.55463	0.30733	0.13804
57 T	0.56203	0.29703	0.14093
58 C	0.56380	0.29219	0.14401
59 C	0.57131	0.28346	0.14523
60 C	0.58836	0.26618	0.14546
61 C	0.61138	0.24301	0.14561
62 T	0.65825	0.19717	0.14458
63 A	0.67476	0.18331	0.14194
64 T	0.70892	0.15002	0.14106
65 T	0.72537	0.13476	0.13988
66 T	0.71983	0.14172	0.13845
67 A	0.70828	0.14868	0.14305
68 T	0.69927	0.14211	0.15862
69 T	0.68102	0.15494	0.16404
70 A	0.63266	0.20823	0.15912
71 G	0.59893	0.24125	0.15982
72 T	0.57282	0.27501	0.15218
73 A	0.53402	0.32112	0.14487
74 A	0.50782	0.35018	0.14199
75 A	0.49472	0.36381	0.14147
76 A	0.48670	0.37168	0.14162
77 T	0.48548	0.37173	0.14279
78 G	0.48362	0.37274	0.14364
79 G	0.48265	0.37345	0.14391
80 A	0.48200	0.37518	0.14282
81 T	0.48160	0.37652	0.14188
82 G	0.47650	0.39304	0.13047
83 A	0.47547	0.40550	0.11903
84 A	0.47545	0.41112	0.11343
85 G	0.47639	0.41290	0.11071
86 T	0.47896	0.41625	0.10478
87 A	0.47982	0.42081	0.09937
88 A	0.48189	0.41633	0.10178
89 T	0.48536	0.40040	0.11424
90 A	0.48186	0.38963	0.1285
91 A	0.48059	0.36933	0.15008
92 G	0.48467	0.34565	0.16968
93 T	0.49488	0.29966	0.20546
94 A	0.49541	0.28786	0.21673
95 T	0.49707	0.26019	0.24274
96 G	0.48481	0.24751	0.26768
97 T	0.48319	0.23673	0.28009
98 T	0.47271	0.24383	0.28346
99 C	0.45083	0.26802	0.28115
100 G	0.43114	0.32050	0.24836
101 G	0.41947	0.33715	0.24339
102 A	0.40892	0.34823	0.24284
103 G	0.40852	0.34870	0.24278
104 A	0.41204	0.34555	0.24241
105 C	0.42696	0.32589	0.24715
106 C	0.43999	0.31615	0.24386
107 A	0.44747	0.34056	0.21197
108 A	0.45282	0.36133	0.18585
109 T	0.46080	0.36469	0.17451
110 T	0.46117	0.37375	0.16508
111 A	0.44296	0.40465	0.15239
112 G	0.42032	0.43478	0.1449
113 A	0.40181	0.45863	0.13956
114 A	0.39015	0.47867	0.13117
115 A	0.38095	0.48789	0.13116
116 A	0.38309	0.48496	0.13195
117 A	0.38915	0.47511	0.13573
118 T	0.39289	0.44712	0.15999
119 C	0.39307	0.41969	0.18724
120 T	0.39538	0.41891	0.18571
121 G	0.38894	0.42273	0.18834
122 A	0.38575	0.41985	0.1944
123 T	0.40240	0.39072	0.20688
124 T	0.39084	0.39435	0.21481
125 C	0.36389	0.40962	0.22648
126 C	0.34619	0.43548	0.21834
127 A	0.32565	0.51145	0.1629
128 A	0.31277	0.56649	0.12074
129 A	0.30653	0.58344	0.11003
130 A	0.33367	0.56759	0.09874
131 T	0.36253	0.54070	0.09678
132 T	0.36484	0.54037	0.09479
133 A	0.36234	0.55300	0.08465
134 A	0.36503	0.54837	0.0866
135 A	0.36788	0.52988	0.10223
136 A	0.37662	0.50573	0.11765
137 A	0.38718	0.48775	0.12508
138 A	0.39240	0.47187	0.13574
139 A	0.39747	0.45419	0.14834
140 T	0.40442	0.43160	0.16398
141 T	0.39848	0.43270	0.16881
142 A	0.36040	0.47340	0.1662
143 G	0.34250	0.49224	0.16526
144 A	0.33729	0.49489	0.16782
145 G	0.33585	0.48429	0.17986
146 A	0.33749	0.47693	0.18558
147 T	0.34489	0.45608	0.19902
148 G	0.34781	0.44501	0.20718
149 A	0.35822	0.45100	0.19078
150 A	0.40221	0.41354	0.18425
151 T	0.43302	0.37554	0.19144
152 G	0.42759	0.37287	0.19954
153 T	0.43350	0.36436	0.20213
154 A	0.41083	0.38505	0.20412
155 C	0.40119	0.38224	0.21657
156 C	0.39265	0.38950	0.21785
157 T	0.39885	0.39354	0.2076
158 C	0.38856	0.41030	0.20114
159 A	0.37282	0.44115	0.18603
160 T	0.36937	0.45214	0.17848
161 T	0.34441	0.48619	0.1694
162 A	0.29337	0.54742	0.15921
163 G	0.28223	0.55881	0.15895
164 A	0.28219	0.55206	0.16576
165 A	0.28662	0.51449	0.19889
166 T	0.29390	0.48825	0.21784
167 C	0.29170	0.48820	0.22009
168 T	0.27461	0.52924	0.19615
169 A	0.20973	0.64461	0.14566
170 A	0.19024	0.67882	0.13095
171 A	0.18033	0.69960	0.12006
172 A	0.19157	0.68942	0.11901
173 A	0.20537	0.66712	0.12751
174 A	0.20389	0.65889	0.13721
175 G	0.19863	0.64988	0.1515
176 A	0.19785	0.64513	0.15703
177 T	0.20711	0.60634	0.18656
178 A	0.20848	0.58945	0.20206
179 G	0.21887	0.55434	0.2268
180 T	0.23545	0.52888	0.23568
181 T	0.24135	0.50555	0.25311
182 T	0.24249	0.49045	0.26706
183 A	0.19867	0.53658	0.26475
184 A	0.18379	0.53832	0.27789
185 C	0.16614	0.52052	0.31334
186 A	0.15171	0.55102	0.29727
187 A	0.14729	0.57256	0.28015
188 A	0.14891	0.60945	0.24165
189 A	0.14614	0.64314	0.21072
190 G	0.13690	0.67054	0.19256
191 A	0.13975	0.68561	0.17464
192 T	0.17188	0.62040	0.20772
193 A	0.17101	0.64341	0.18558
194 T	0.17703	0.65041	0.17256
195 A	0.16728	0.70780	0.12492
196 A	0.15649	0.72020	0.12331
197 A	0.14186	0.73136	0.12678
198 A	0.12821	0.73963	0.13215
199 T	0.12348	0.74382	0.13271
200 C	0.09115	0.78385	0.125
201 A	0.08136	0.83329	0.08535
202 G	0.07697	0.84009	0.08294
203 A	0.07054	0.85067	0.07879
204 A	0.06697	0.85522	0.0778
205 A	0.07294	0.84819	0.07887
206 C	0.08778	0.78644	0.12578
207 A	0.09549	0.77534	0.12918
208 G	0.09978	0.75795	0.14227
209 A	0.11562	0.75806	0.12632
210 A	0.12722	0.76918	0.10359
211 A	0.16626	0.74572	0.08802
212 A	0.20442	0.70340	0.09217
213 A	0.24595	0.64130	0.11275
214 A	0.30353	0.55276	0.1437
215 T	0.36493	0.48436	0.15072
216 T	0.39101	0.47254	0.13644
217 A	0.34338	0.58705	0.06957
218 A	0.32156	0.63019	0.04825
219 A	0.28955	0.65571	0.05475
220 A	0.25380	0.67110	0.0751
221 A	0.21900	0.68935	0.09165
222 A	0.20046	0.69485	0.10469
223 C	0.20108	0.65778	0.14113
224 C	0.21056	0.63940	0.15004
225 A	0.18879	0.66152	0.14969
226 G	0.16236	0.68655	0.1511
227 G	0.13015	0.72662	0.14324
228 G	0.11137	0.76363	0.12499
229 G	0.09661	0.81322	0.09017
230 A	0.09168	0.82029	0.08803
231 A	0.09952	0.81173	0.08875
232 A	0.11316	0.79762	0.08922
233 A	0.12841	0.77793	0.09366
234 C	0.13182	0.76979	0.09839
235 A	0.12821	0.78835	0.08344
236 A	0.11477	0.81545	0.06977
237 A	0.10338	0.84729	0.04934
238 G	0.10273	0.84870	0.04857
239 A	0.11240	0.83864	0.04896
240 T	0.17900	0.71203	0.10897
241 A	0.19524	0.65819	0.14657
242 A	0.19672	0.62076	0.18253
243 A	0.19616	0.59190	0.21193
244 T	0.19502	0.55389	0.25109
245 T	0.18043	0.55565	0.26392
246 A	0.12379	0.62789	0.24832
247 A	0.11004	0.64017	0.24978
248 A	0.10846	0.62549	0.26605
249 A	0.10822	0.60638	0.2854
250 G	0.11221	0.56810	0.3197
251 A	0.12316	0.54295	0.33388
252 T	0.14962	0.50715	0.34323
253 G	0.14747	0.53799	0.31454
254 A	0.14656	0.59886	0.25459
255 A	0.15031	0.62631	0.22338
256 A	0.15293	0.64082	0.20625
257 T	0.15846	0.63868	0.20286
258 A	0.16847	0.61813	0.21339
259 A	0.18452	0.58071	0.23477
260 T	0.20859	0.53646	0.25495
261 T	0.21212	0.51936	0.26852
262 C	0.21192	0.51077	0.27731
263 T	0.21425	0.51219	0.27356
264 A	0.21294	0.52367	0.26339
265 A	0.21530	0.52815	0.25655
266 T	0.22774	0.52111	0.25114
267 G	0.23381	0.52954	0.23665
268 A	0.23851	0.54040	0.22108
269 T	0.26318	0.49494	0.24188
270 T	0.26416	0.50645	0.22939
271 A	0.23515	0.57226	0.19259
272 A	0.22545	0.60651	0.16805
273 A	0.22673	0.62222	0.15105
274 A	0.22580	0.63477	0.13942
275 A	0.23035	0.63042	0.13923
276 A	0.27578	0.58638	0.13784
277 A	0.33404	0.53536	0.1306
278 A	0.34202	0.54923	0.10875
279 G	0.34428	0.54804	0.10768
280 T	0.34542	0.54954	0.10504
281 T	0.31526	0.57733	0.10741
282 G	0.25373	0.63922	0.10705
283 G	0.21096	0.68492	0.10412
284 A	0.19232	0.70414	0.10354
285 C	0.18539	0.70813	0.10648
286 G	0.18456	0.70929	0.10615
287 A	0.19384	0.69872	0.10744
288 A	0.19949	0.69241	0.10811
289 A	0.20836	0.68215	0.10949
290 A	0.22796	0.65939	0.11265
291 C	0.26931	0.59859	0.1321
292 T	0.30932	0.55145	0.13924
293 G	0.33299	0.51492	0.15209
294 T	0.36496	0.46346	0.17158
295 C	0.37898	0.43824	0.18279
296 A	0.39053	0.42777	0.1817
297 T	0.40726	0.40349	0.18925
298 A	0.41267	0.39630	0.19103
299 A	0.41814	0.39251	0.18935
300 A	0.43191	0.38218	0.18591
301 T	0.46114	0.29601	0.24284
302 T	0.46821	0.23947	0.29232
303 G	0.47283	0.19984	0.32732
304 T	0.47626	0.16256	0.36119
305 C	0.47709	0.12160	0.40131
306 T	0.48024	0.11432	0.40544
307 T	0.48105	0.13285	0.38611
308 T	0.47369	0.16256	0.36374
309 A	0.46249	0.19495	0.34257
310 T	0.44993	0.23148	0.31858
311 T	0.42600	0.26905	0.30496
312 A	0.40318	0.31252	0.28429
313 A	0.38191	0.35878	0.2593
314 G	0.37007	0.39808	0.23185
315 A	0.36177	0.46607	0.17216
316 A	0.35416	0.53662	0.10922
317 G	0.33908	0.57393	0.08699
318 A	0.32916	0.59046	0.08038
319 G	0.32401	0.60535	0.07064
320 A	0.32395	0.61822	0.05783
321 A	0.32909	0.61086	0.06004
322 C	0.33601	0.60113	0.06285
323 T	0.34419	0.59518	0.06063
324 A	0.34475	0.59678	0.05847
325 C	0.34587	0.59628	0.05785
326 T	0.34803	0.59806	0.05391
327 A	0.34485	0.60421	0.05094
328 G	0.35011	0.59926	0.05062
329 A	0.37059	0.58119	0.04822
330 T	0.40768	0.54267	0.04965
331 T	0.43117	0.50334	0.06548
332 A	0.44621	0.47200	0.08179
333 T	0.46101	0.43724	0.10176
334 C	0.45076	0.42697	0.12226
335 A	0.44794	0.42984	0.12223
336 A	0.44834	0.42820	0.12346
337 A	0.45713	0.42938	0.11349
338 A	0.50178	0.38050	0.11773
339 T	0.55757	0.32062	0.12181
340 A	0.55827	0.30331	0.13843
341 A	0.54412	0.30443	0.15145
342 C	0.54315	0.29463	0.16223
343 T	0.55168	0.28632	0.162
344 C	0.52781	0.31255	0.15964
345 A	0.51459	0.34745	0.13797
346 T	0.51277	0.35200	0.13523
347 T	0.49572	0.37387	0.1304
348 A	0.47005	0.40355	0.1264
349 T	0.45336	0.42357	0.12306
350 C	0.41496	0.45890	0.12614
351 G	0.38606	0.49180	0.12214
352 T	0.37040	0.51286	0.11675
353 T	0.34101	0.54836	0.11063
354 A	0.28787	0.61392	0.09821
355 A	0.23995	0.67408	0.08597
356 A	0.20162	0.71731	0.08107
357 A	0.17537	0.72758	0.09705
358 A	0.14119	0.75121	0.1076
359 A	0.12825	0.75267	0.11907
360 A	0.13484	0.73164	0.13353
361 G	0.13295	0.72405	0.143
362 A	0.13152	0.72223	0.14625
363 A	0.12801	0.71357	0.15842
364 A	0.12521	0.69584	0.17894
365 T	0.12596	0.67819	0.19585
366 A	0.11536	0.68816	0.19648
367 G	0.11761	0.67023	0.21217
368 A	0.13421	0.65732	0.20847
369 A	0.13827	0.66102	0.20072
370 T	0.14598	0.64354	0.21048
371 A	0.15079	0.64383	0.20538
372 T	0.15568	0.62867	0.21566
373 T	0.15622	0.60805	0.23573
374 A	0.14634	0.61318	0.24048
375 T	0.14573	0.60332	0.25095
376 A	0.13600	0.61179	0.25221
377 A	0.13286	0.60114	0.26599
378 A	0.13574	0.58931	0.27494
379 G	0.14391	0.56023	0.29586
380 A	0.14654	0.56349	0.28998
381 A	0.15473	0.53920	0.30608
382 T	0.16762	0.52037	0.31201
383 T	0.16891	0.53241	0.29868
384 A	0.16241	0.56963	0.26796
385 A	0.15923	0.57609	0.26468
386 A	0.15650	0.58308	0.26043
387 A	0.14864	0.59790	0.25346
388 A	0.13817	0.61405	0.24778
389 C	0.13514	0.61462	0.25024
390 A	0.13302	0.67723	0.18975
391 G	0.14688	0.69408	0.15904
392 A	0.16749	0.69831	0.1342
393 A	0.18533	0.69102	0.12365
394 T	0.22473	0.65460	0.12067
395 T	0.23212	0.64471	0.12316
396 A	0.22208	0.65828	0.11964
397 G	0.21147	0.66488	0.12366
398 A	0.19254	0.70853	0.09892
399 A	0.19972	0.70068	0.0996
400 A	0.21091	0.69830	0.09079
401 T	0.24946	0.65377	0.09677
402 A	0.26155	0.63991	0.09854
403 T	0.28381	0.61545	0.10074
404 T	0.29717	0.60043	0.1024
405 A	0.29698	0.59971	0.10331
406 G	0.31013	0.58137	0.1085
407 A	0.33503	0.54872	0.11626
408 A	0.34332	0.53293	0.12375
409 A	0.35695	0.51174	0.13131
410 A	0.37685	0.47939	0.14376
411 A	0.39613	0.44488	0.15899
412 A	0.42368	0.40142	0.1749
413 T	0.49887	0.30798	0.19316
414 T	0.53116	0.26644	0.2024
415 T	0.54874	0.24075	0.21051
416 G	0.55468	0.22757	0.21775
417 T	0.55978	0.21731	0.22291
418 A	0.56323	0.20674	0.23004
419 A	0.57173	0.18089	0.24737
420 A	0.58332	0.14710	0.26958
421 T	0.61598	0.08337	0.30065
422 A	0.62667	0.05393	0.3194
423 A	0.64970	0.00000	0.3503
