# lcl|CP097583.1_cds_USQ93265.1_1
# AA	inside	membr	outside
1 A	0.88895	0.00000	0.11105
2 T	0.87808	0.01087	0.11105
3 G	0.87204	0.01692	0.11105
4 G	0.87204	0.03279	0.09517
5 A	0.79684	0.12080	0.08236
6 T	0.79684	0.12274	0.08043
7 C	0.25681	0.66349	0.0797
8 A	0.25679	0.66355	0.07966
9 A	0.18894	0.73186	0.07921
10 A	0.18886	0.73546	0.07569
11 A	0.18307	0.74141	0.07552
12 G	0.12797	0.79658	0.07545
13 A	0.08513	0.83970	0.07517
14 C	0.08512	0.83972	0.07517
15 A	0.08512	0.84589	0.06899
16 A	0.08375	0.84726	0.06899
17 A	0.08139	0.84977	0.06884
18 A	0.08134	0.85030	0.06837
19 G	0.08015	0.85196	0.06789
20 A	0.07612	0.86900	0.05489
21 A	0.07384	0.87072	0.05544
22 T	0.07680	0.86544	0.05775
23 T	0.08010	0.85764	0.06226
24 T	0.08382	0.85076	0.06541
25 T	0.08564	0.82350	0.09085
26 A	0.08575	0.81048	0.10377
27 T	0.09433	0.74181	0.16386
28 A	0.10000	0.66899	0.23101
29 T	0.10173	0.63138	0.2669
30 T	0.10252	0.22451	0.67298
31 T	0.10246	0.21196	0.68557
32 T	0.10235	0.14670	0.75095
33 T	0.10317	0.13530	0.76154
34 G	0.10127	0.13558	0.76314
35 T	0.10029	0.10431	0.7954
36 A	0.09774	0.09796	0.8043
37 G	0.09590	0.10871	0.79539
38 A	0.09774	0.11848	0.78378
39 A	0.09708	0.17400	0.72892
40 A	0.09736	0.18020	0.72245
41 A	0.09831	0.18994	0.71175
42 A	0.09994	0.19911	0.70095
43 T	0.11282	0.18659	0.7006
44 T	0.11237	0.29535	0.59228
45 T	0.11019	0.32363	0.56618
46 A	0.10432	0.42171	0.47396
47 A	0.09774	0.49697	0.4053
48 A	0.09555	0.54347	0.36097
49 A	0.09429	0.73501	0.1707
50 T	0.09634	0.74844	0.15523
51 T	0.09557	0.78456	0.11986
52 T	0.08972	0.81713	0.09314
53 T	0.07904	0.85196	0.06899
54 A	0.05093	0.90209	0.04698
55 A	0.03613	0.92585	0.03801
56 A	0.03062	0.93418	0.03519
57 A	0.03186	0.93165	0.03649
58 G	0.03499	0.92714	0.03787
59 A	0.04734	0.91286	0.03981
60 A	0.05588	0.90296	0.04116
61 C	0.06542	0.89226	0.04232
62 A	0.09265	0.86628	0.04107
63 A	0.09155	0.86882	0.03963
64 G	0.09703	0.86402	0.03895
65 A	0.10372	0.85799	0.03829
66 A	0.11020	0.85230	0.03749
67 A	0.20468	0.75706	0.03826
68 A	0.24059	0.71860	0.04081
69 A	0.34110	0.61227	0.04663
70 A	0.42199	0.52465	0.05335
71 A	0.49095	0.45189	0.05716
72 T	0.69211	0.24512	0.06276
73 A	0.71756	0.21575	0.06669
74 T	0.76523	0.15687	0.0779
75 T	0.78664	0.12484	0.08852
76 T	0.80166	0.09951	0.09883
77 T	0.80806	0.07305	0.11888
78 T	0.80559	0.06615	0.12826
79 T	0.79781	0.06943	0.13276
80 C	0.78676	0.07857	0.13467
81 T	0.77989	0.09011	0.13
82 A	0.77069	0.10806	0.12125
83 A	0.76629	0.12467	0.10905
84 A	0.76369	0.13910	0.09721
85 A	0.76364	0.14307	0.09329
86 T	0.76012	0.13941	0.10046
87 T	0.74295	0.15400	0.10305
88 G	0.70359	0.19584	0.10058
89 T	0.68936	0.21663	0.094
90 G	0.66387	0.25152	0.08461
91 A	0.63720	0.29971	0.06309
92 A	0.62068	0.32161	0.05771
93 T	0.61827	0.32533	0.05641
94 A	0.61536	0.32974	0.0549
95 A	0.61394	0.33381	0.05225
96 A	0.61431	0.33411	0.05158
97 T	0.61543	0.33299	0.05158
98 T	0.61598	0.32993	0.05409
99 A	0.61577	0.32630	0.05794
100 T	0.61618	0.31720	0.06663
101 T	0.61630	0.30860	0.0751
102 C	0.61561	0.30030	0.08409
103 C	0.61576	0.29458	0.08965
104 A	0.62017	0.28858	0.09125
105 A	0.62867	0.27722	0.09411
106 G	0.64133	0.26312	0.09555
107 T	0.65458	0.24976	0.09566
108 T	0.65849	0.24534	0.09617
109 A	0.65934	0.23766	0.10301
110 A	0.66159	0.21462	0.1238
111 T	0.67192	0.16094	0.16715
112 T	0.67976	0.14105	0.1792
113 A	0.68464	0.12436	0.191
114 T	0.70218	0.10644	0.19138
115 T	0.69832	0.10662	0.19505
116 T	0.68851	0.11993	0.19156
117 A	0.66246	0.15509	0.18245
118 A	0.65672	0.16853	0.17475
119 C	0.65566	0.17284	0.17149
120 T	0.65420	0.17727	0.16853
121 A	0.64912	0.18712	0.16377
122 T	0.64627	0.19175	0.16199
123 T	0.62595	0.21869	0.15536
124 C	0.56781	0.29507	0.13712
125 A	0.52061	0.37464	0.10474
126 A	0.49357	0.41192	0.09451
127 A	0.48066	0.43873	0.08061
128 A	0.47366	0.45292	0.07343
129 A	0.47221	0.45796	0.06983
130 A	0.47208	0.46016	0.06776
131 T	0.47375	0.45819	0.06807
132 A	0.47457	0.45662	0.06881
133 G	0.47682	0.45332	0.06986
134 A	0.47943	0.45079	0.06979
135 A	0.48445	0.44435	0.0712
136 G	0.49312	0.42969	0.07719
137 A	0.51379	0.40383	0.08238
138 T	0.52594	0.37987	0.09418
139 G	0.53259	0.36175	0.10566
140 C	0.54280	0.33060	0.12659
141 T	0.55185	0.31727	0.13088
142 A	0.55480	0.31283	0.13237
143 A	0.55762	0.30717	0.13522
144 T	0.56449	0.29469	0.14082
145 G	0.56832	0.28731	0.14436
146 A	0.57740	0.25184	0.17076
147 T	0.60188	0.16740	0.23072
148 T	0.62880	0.09642	0.27477
149 A	0.63522	0.06931	0.29547
150 T	0.64775	0.04477	0.30748
151 C	0.65271	0.03562	0.31167
152 G	0.65556	0.04737	0.29707
153 T	0.65960	0.05148	0.28893
154 T	0.66150	0.05851	0.27999
155 T	0.66220	0.07212	0.26568
156 T	0.66167	0.09358	0.24475
157 A	0.66080	0.10925	0.22995
158 T	0.66062	0.11566	0.22372
159 T	0.65965	0.12269	0.21767
160 T	0.65894	0.13279	0.20827
161 T	0.65827	0.14652	0.19521
162 A	0.65757	0.15663	0.1858
163 T	0.65736	0.16239	0.18025
164 T	0.65724	0.16655	0.17621
165 A	0.65662	0.17128	0.17209
166 T	0.65636	0.17436	0.16929
167 A	0.65572	0.17734	0.16693
168 T	0.65459	0.17904	0.16638
169 A	0.65318	0.18111	0.16571
170 A	0.65216	0.18233	0.16551
171 A	0.65228	0.18188	0.16585
172 G	0.65404	0.17906	0.1669
173 A	0.65650	0.17689	0.16661
174 A	0.66527	0.16803	0.1667
175 T	0.69082	0.14180	0.16738
176 T	0.70383	0.12857	0.1676
177 A	0.71295	0.11921	0.16784
178 T	0.72858	0.10259	0.16883
179 T	0.74542	0.08433	0.17025
180 T	0.75658	0.07163	0.17179
181 T	0.76341	0.06372	0.17287
182 C	0.76981	0.05604	0.17415
183 T	0.77852	0.04677	0.17471
184 T	0.78729	0.03760	0.17511
185 C	0.79288	0.03162	0.1755
186 T	0.79820	0.02625	0.17555
187 T	0.80175	0.02270	0.17555
188 T	0.80474	0.01917	0.17609
189 T	0.80655	0.01672	0.17673
190 T	0.80743	0.01524	0.17733
191 T	0.80486	0.01642	0.17872
192 T	0.80229	0.01760	0.1801
193 C	0.79712	0.02172	0.18117
194 A	0.79260	0.02623	0.18117
195 A	0.79006	0.02893	0.18101
196 C	0.78952	0.02941	0.18108
197 T	0.78967	0.02928	0.18106
198 T	0.78815	0.03083	0.18102
199 T	0.78454	0.03438	0.18108
200 C	0.77815	0.04087	0.18097
201 T	0.77243	0.04750	0.18007
202 G	0.76311	0.05865	0.17823
203 A	0.75689	0.06790	0.1752
204 T	0.75369	0.07124	0.17507
205 T	0.74393	0.08184	0.17423
206 T	0.72548	0.10028	0.17425
207 T	0.70343	0.12261	0.17396
208 C	0.67054	0.15603	0.17343
209 A	0.64544	0.18489	0.16967
210 A	0.62998	0.20291	0.16711
211 T	0.61433	0.22521	0.16046
212 T	0.57781	0.28390	0.13829
213 A	0.50242	0.39273	0.10485
214 G	0.46678	0.43694	0.09628
215 A	0.45094	0.45980	0.08927
216 A	0.43967	0.47401	0.08633
217 A	0.43478	0.47953	0.08569
218 T	0.43275	0.48149	0.08576
219 T	0.42839	0.48729	0.08432
220 A	0.42016	0.49753	0.08231
221 A	0.41508	0.50211	0.08281
222 A	0.41265	0.50187	0.08548
223 A	0.41167	0.49721	0.09112
224 A	0.41204	0.49049	0.09748
225 A	0.41329	0.47919	0.10751
226 T	0.41574	0.46667	0.11759
227 A	0.41523	0.46064	0.12413
228 T	0.41487	0.44534	0.13979
229 G	0.41075	0.43192	0.15733
230 A	0.40899	0.41741	0.17359
231 T	0.40808	0.39059	0.20133
232 G	0.40794	0.36876	0.2233
233 A	0.40867	0.35068	0.24065
234 A	0.41533	0.32405	0.26063
235 G	0.44235	0.25835	0.29929
236 T	0.48006	0.16379	0.35615
237 T	0.49133	0.13270	0.37598
238 A	0.49575	0.12995	0.3743
239 T	0.50079	0.12069	0.37852
240 T	0.50323	0.12044	0.37633
241 T	0.50412	0.12253	0.37335
242 T	0.50179	0.12591	0.3723
243 T	0.49278	0.13568	0.37154
244 A	0.46592	0.17515	0.35893
245 T	0.45156	0.19925	0.34919
246 T	0.39631	0.26862	0.33507
247 A	0.26485	0.42316	0.31199
248 A	0.21934	0.48901	0.29165
249 A	0.20674	0.51030	0.28297
250 A	0.20346	0.52057	0.27597
251 A	0.20246	0.52266	0.27488
252 T	0.20552	0.51645	0.27803
253 T	0.20650	0.51564	0.27786
254 T	0.20400	0.52023	0.27577
255 A	0.19807	0.52432	0.27761
256 A	0.19638	0.52382	0.2798
257 A	0.19761	0.52053	0.28185
258 T	0.20283	0.51352	0.28364
259 C	0.20728	0.50764	0.28507
260 A	0.21805	0.49724	0.28471
261 T	0.23657	0.47834	0.28508
262 T	0.24445	0.47138	0.28417
263 T	0.24795	0.46943	0.28263
264 T	0.24723	0.47299	0.27978
265 A	0.23987	0.47985	0.28028
266 A	0.23583	0.47437	0.2898
267 T	0.24738	0.43118	0.32144
268 A	0.24969	0.43285	0.31746
269 A	0.25631	0.40522	0.33848
270 A	0.27142	0.33937	0.38921
271 T	0.28695	0.33387	0.37919
272 T	0.28019	0.37563	0.34418
273 A	0.27295	0.49455	0.23249
274 A	0.27157	0.55568	0.17275
275 A	0.27112	0.57570	0.15318
276 A	0.27126	0.58835	0.14038
277 T	0.27401	0.58715	0.13884
278 T	0.26518	0.59948	0.13534
279 A	0.24362	0.63742	0.11896
280 A	0.23102	0.65890	0.11007
281 G	0.21733	0.68134	0.10132
282 A	0.20849	0.69640	0.09512
283 A	0.20421	0.70431	0.09148
284 A	0.20301	0.71160	0.08539
285 A	0.20308	0.71506	0.08186
286 G	0.20422	0.71277	0.08301
287 A	0.20798	0.70697	0.08505
288 A	0.21636	0.69202	0.09162
289 G	0.22601	0.67526	0.09874
290 A	0.23802	0.66083	0.10115
291 A	0.26517	0.62610	0.10873
292 A	0.30973	0.57182	0.11845
293 G	0.39516	0.47295	0.13189
294 T	0.46728	0.39271	0.14
295 C	0.51090	0.33614	0.15296
296 T	0.60389	0.23822	0.15789
297 T	0.64087	0.20074	0.15838
298 A	0.65224	0.18953	0.15823
299 T	0.66719	0.17241	0.1604
300 T	0.67554	0.16258	0.16188
301 T	0.68416	0.14088	0.17495
302 T	0.69683	0.10694	0.19623
303 G	0.70381	0.08827	0.20792
304 T	0.71351	0.06754	0.21895
305 T	0.71946	0.05619	0.22436
306 A	0.72300	0.05098	0.22602
307 A	0.72955	0.04473	0.22573
308 T	0.73632	0.03739	0.22628
309 T	0.73813	0.03434	0.22753
310 T	0.73924	0.03307	0.2277
311 T	0.73307	0.03979	0.22714
312 A	0.71074	0.06340	0.22587
313 C	0.70142	0.07369	0.22489
314 G	0.69263	0.08753	0.21983
315 T	0.69066	0.09878	0.21056
316 A	0.68512	0.12400	0.19088
317 T	0.68399	0.13876	0.17725
318 T	0.68099	0.16210	0.15692
319 T	0.67764	0.17906	0.14331
320 T	0.67317	0.19656	0.13026
321 A	0.65826	0.21571	0.12602
322 T	0.64821	0.22878	0.123
323 T	0.61680	0.26419	0.11901
324 T	0.55712	0.32465	0.11823
325 C	0.48229	0.40067	0.11704
326 A	0.40748	0.47785	0.11468
327 A	0.36011	0.52703	0.11286
328 C	0.32653	0.56223	0.11124
329 A	0.30217	0.58983	0.10799
330 A	0.26410	0.62946	0.10643
331 A	0.21499	0.68002	0.10499
332 A	0.19611	0.69920	0.10469
333 A	0.18610	0.70880	0.10511
334 A	0.18042	0.70567	0.11392
335 G	0.17865	0.68549	0.13586
336 A	0.17730	0.67828	0.14442
337 G	0.18092	0.66965	0.14943
338 A	0.19011	0.66320	0.1467
339 A	0.20950	0.64432	0.14618
340 A	0.22573	0.62686	0.14741
341 T	0.24765	0.59893	0.15342
342 T	0.25891	0.58202	0.15907
343 A	0.26603	0.56753	0.16644
344 A	0.26904	0.54193	0.18903
345 A	0.27188	0.51256	0.21556
346 T	0.27630	0.45152	0.27219
347 C	0.27723	0.37291	0.34986
348 T	0.27911	0.32720	0.39369
349 A	0.28038	0.28324	0.43638
350 A	0.28172	0.26248	0.4558
351 T	0.28283	0.23783	0.47933
352 T	0.28210	0.22568	0.49222
353 A	0.27929	0.19092	0.52979
354 T	0.27920	0.13527	0.58553
355 G	0.27717	0.12234	0.60049
356 G	0.27639	0.12327	0.60033
357 T	0.27717	0.12760	0.59524
358 A	0.27690	0.14537	0.57772
359 A	0.27831	0.16983	0.55186
360 T	0.28249	0.21368	0.50384
361 G	0.28614	0.28174	0.43212
362 T	0.29043	0.33474	0.37483
363 T	0.29020	0.44217	0.26764
364 A	0.28815	0.46378	0.24807
365 T	0.28733	0.47228	0.24039
366 T	0.28442	0.48003	0.23555
367 A	0.27812	0.49416	0.22772
368 C	0.27517	0.49967	0.22516
369 A	0.27500	0.50660	0.21839
370 A	0.27545	0.51256	0.212
371 T	0.28148	0.50853	0.20999
372 A	0.28961	0.50327	0.20712
373 T	0.29925	0.49654	0.20421
374 A	0.30212	0.49725	0.20064
375 T	0.30972	0.48605	0.20424
376 T	0.31330	0.47898	0.20772
377 T	0.31247	0.47845	0.20908
378 A	0.30618	0.48321	0.21061
379 C	0.30538	0.48344	0.21117
380 A	0.31197	0.48057	0.20746
381 A	0.32910	0.46823	0.20267
382 G	0.36256	0.44052	0.19692
383 A	0.42982	0.37705	0.19314
384 T	0.51008	0.30011	0.1898
385 A	0.55744	0.25455	0.18802
386 T	0.65227	0.15812	0.18961
387 T	0.67232	0.13508	0.1926
388 T	0.67833	0.12763	0.19404
389 A	0.67852	0.12628	0.19521
390 T	0.68114	0.11947	0.19939
391 C	0.66968	0.13001	0.20032
392 A	0.65640	0.14534	0.19826
393 T	0.63953	0.16400	0.19647
394 A	0.57677	0.23243	0.19079
395 A	0.50407	0.31258	0.18336
396 A	0.45881	0.36448	0.1767
397 T	0.41620	0.41279	0.17102
398 T	0.34914	0.48070	0.17016
399 A	0.29515	0.53777	0.16708
400 A	0.26094	0.56986	0.16919
401 A	0.24595	0.57819	0.17587
402 C	0.23164	0.58395	0.18441
403 A	0.22219	0.59512	0.1827
404 G	0.22302	0.59246	0.18452
405 T	0.22642	0.58955	0.18403
406 A	0.22079	0.59521	0.184
407 T	0.22172	0.59408	0.1842
408 C	0.22029	0.59156	0.18815
409 G	0.21904	0.59170	0.18927
410 C	0.21852	0.59104	0.19044
411 T	0.21905	0.59300	0.18795
412 T	0.21979	0.59320	0.18701
413 A	0.21869	0.59525	0.18606
414 T	0.21875	0.58442	0.19683
415 A	0.21405	0.57838	0.20757
416 A	0.21117	0.55361	0.23522
417 A	0.20747	0.48955	0.30297
418 G	0.21078	0.40361	0.38561
419 A	0.21460	0.35450	0.43091
420 A	0.22050	0.29827	0.48123
421 G	0.22147	0.24481	0.53373
422 T	0.22285	0.21514	0.56201
423 T	0.21337	0.23212	0.55451
424 A	0.19279	0.28056	0.52664
425 A	0.17412	0.34257	0.48331
426 A	0.16417	0.41779	0.41804
427 A	0.15956	0.48847	0.35197
428 A	0.15584	0.53744	0.30671
429 A	0.15150	0.60302	0.24548
430 T	0.14826	0.62184	0.22991
431 T	0.14291	0.63958	0.21751
432 A	0.11436	0.69534	0.19031
433 A	0.10219	0.71601	0.18179
434 C	0.09737	0.72345	0.17918
435 T	0.09358	0.74017	0.16625
436 A	0.08412	0.75921	0.15667
437 A	0.07508	0.77363	0.1513
438 A	0.06780	0.78329	0.14891
439 G	0.06376	0.78741	0.14882
440 A	0.06083	0.78960	0.14957
441 A	0.06045	0.78915	0.15039
442 A	0.06451	0.78317	0.15232
443 A	0.07176	0.77343	0.15481
444 A	0.08486	0.75629	0.15885
445 A	0.10538	0.72890	0.16573
446 T	0.14495	0.67666	0.17839
447 A	0.17562	0.62885	0.19553
448 A	0.22279	0.56433	0.21288
449 G	0.29313	0.48153	0.22534
450 A	0.35934	0.41171	0.22895
451 A	0.40911	0.35972	0.23116
452 A	0.48451	0.28114	0.23435
453 T	0.51539	0.24366	0.24094
454 A	0.53311	0.22115	0.24575
455 T	0.56702	0.15911	0.27388
456 T	0.57735	0.13810	0.28455
457 T	0.57998	0.13419	0.28584
458 T	0.57828	0.13854	0.28318
459 A	0.57082	0.15068	0.2785
460 A	0.56971	0.15023	0.28007
461 T	0.57104	0.14310	0.28586
462 G	0.56766	0.14585	0.28649
463 T	0.57217	0.14223	0.28559
464 T	0.57139	0.14450	0.28411
465 A	0.56510	0.15580	0.27909
466 T	0.55945	0.16603	0.27452
467 T	0.54869	0.17965	0.27166
468 T	0.53368	0.19761	0.26871
469 A	0.49094	0.25262	0.25644
470 G	0.46536	0.27993	0.25471
471 A	0.45002	0.29767	0.25231
472 A	0.44180	0.30621	0.25199
473 G	0.44007	0.30810	0.25183
474 A	0.44235	0.30991	0.24774
475 T	0.44545	0.31141	0.24315
476 A	0.44577	0.31446	0.23978
477 T	0.44936	0.31321	0.23744
478 A	0.44954	0.31871	0.23174
479 A	0.45250	0.31433	0.23317
480 T	0.45935	0.30438	0.23627
481 A	0.46566	0.29442	0.23992
482 T	0.47742	0.27258	0.25
483 T	0.48415	0.26179	0.25407
484 A	0.48516	0.25877	0.25608
485 T	0.48945	0.25032	0.26022
486 T	0.49224	0.24554	0.26222
487 A	0.49303	0.24170	0.26527
488 A	0.49708	0.22901	0.27391
489 T	0.50485	0.20800	0.28715
490 T	0.50844	0.19233	0.29924
491 A	0.51100	0.17972	0.30928
492 T	0.52107	0.13842	0.34051
493 A	0.52150	0.12599	0.35251
494 T	0.52358	0.11341	0.36302
495 A	0.52399	0.10929	0.36671
496 G	0.52609	0.10682	0.36709
497 A	0.53111	0.10184	0.36705
498 T	0.53781	0.09416	0.36803
499 A	0.54164	0.09033	0.36802
500 A	0.54642	0.08573	0.36785
501 T	0.55460	0.07771	0.36768
502 G	0.55668	0.07642	0.36691
503 A	0.55907	0.07660	0.36434
504 T	0.56535	0.07268	0.36197
505 T	0.56738	0.07087	0.36175
506 T	0.56814	0.07300	0.35886
507 A	0.56863	0.07614	0.35523
508 T	0.56966	0.07534	0.355
509 C	0.56991	0.07509	0.35499
510 T	0.56987	0.07746	0.35268
511 G	0.56661	0.08546	0.34793
512 A	0.56688	0.08787	0.34525
513 T	0.56885	0.08833	0.34281
514 G	0.56941	0.08860	0.34199
515 G	0.57269	0.08531	0.342
516 T	0.58203	0.07516	0.34281
517 T	0.58541	0.07273	0.34187
518 C	0.58704	0.07078	0.34218
519 T	0.58946	0.06966	0.34088
520 A	0.58985	0.07097	0.33919
521 T	0.59072	0.07080	0.33848
522 C	0.59020	0.07240	0.3374
523 A	0.59052	0.07258	0.3369
524 T	0.59232	0.07090	0.33678
525 A	0.59171	0.07164	0.33665
526 A	0.59180	0.07166	0.33654
527 C	0.59305	0.07041	0.33654
528 A	0.59343	0.07004	0.33652
529 A	0.59761	0.06565	0.33674
530 T	0.60480	0.05796	0.33724
531 T	0.60599	0.05646	0.33755
532 T	0.60529	0.05693	0.33779
533 A	0.60424	0.05657	0.33919
534 T	0.60637	0.05065	0.34297
535 A	0.60468	0.05120	0.34412
536 A	0.60541	0.04938	0.3452
537 T	0.60655	0.04577	0.34767
538 T	0.60731	0.04382	0.34887
539 C	0.60711	0.04330	0.3496
540 T	0.60822	0.04186	0.34992
541 A	0.60788	0.04184	0.35028
542 T	0.60925	0.03981	0.35093
543 T	0.61033	0.03790	0.35178
544 C	0.61030	0.03725	0.35245
545 T	0.61091	0.03509	0.35401
546 T	0.61089	0.03426	0.35485
547 T	0.61058	0.03404	0.35538
548 A	0.60998	0.03300	0.35702
549 T	0.60982	0.03059	0.35959
550 T	0.60926	0.02840	0.36234
551 T	0.60833	0.02811	0.36357
552 A	0.60731	0.02879	0.3639
553 A	0.60667	0.02875	0.36458
554 T	0.60637	0.02612	0.3675
555 T	0.60602	0.02473	0.36925
556 G	0.60531	0.02449	0.3702
557 A	0.60412	0.02552	0.37036
558 T	0.60311	0.02446	0.37243
559 T	0.60004	0.02746	0.3725
560 T	0.59524	0.03451	0.37024
561 G	0.58284	0.05133	0.36583
562 G	0.57443	0.07250	0.35307
563 A	0.56571	0.10564	0.32865
564 T	0.56144	0.11882	0.31975
565 A	0.55724	0.12894	0.31382
566 T	0.55528	0.13429	0.31043
567 G	0.55047	0.14142	0.30811
568 G	0.54761	0.14630	0.30609
569 T	0.54557	0.15134	0.30309
570 T	0.54131	0.15662	0.30207
571 G	0.53068	0.16925	0.30007
572 A	0.52095	0.18051	0.29854
573 A	0.51543	0.18636	0.29822
574 C	0.51337	0.18803	0.29859
575 A	0.51266	0.19047	0.29687
576 A	0.51277	0.19198	0.29525
577 T	0.51328	0.19367	0.29304
578 A	0.51283	0.19623	0.29094
579 T	0.51118	0.19822	0.29061
580 A	0.50735	0.20124	0.29142
581 A	0.50568	0.20150	0.29282
582 A	0.50589	0.19805	0.29607
583 A	0.50858	0.19090	0.30052
584 A	0.51352	0.17478	0.31171
585 A	0.52912	0.15020	0.32068
586 T	0.55700	0.11308	0.32992
587 T	0.56589	0.10214	0.33197
588 A	0.56668	0.10420	0.32912
589 T	0.56813	0.10719	0.32468
590 T	0.56777	0.10862	0.32361
591 A	0.56604	0.11193	0.32203
592 A	0.56629	0.10968	0.32402
593 A	0.56781	0.10320	0.32899
594 T	0.57086	0.08911	0.34003
595 T	0.57246	0.07831	0.34923
596 C	0.57324	0.07245	0.35431
597 G	0.57407	0.07026	0.35567
598 G	0.57611	0.06732	0.35656
599 A	0.57818	0.06469	0.35713
600 T	0.58132	0.06085	0.35782
601 T	0.58370	0.05758	0.35871
602 T	0.58455	0.05347	0.36197
603 T	0.58507	0.04865	0.36627
604 G	0.58530	0.04595	0.36875
605 A	0.58556	0.04432	0.37012
606 T	0.58606	0.04265	0.37128
607 G	0.58638	0.04145	0.37217
608 A	0.58711	0.04018	0.37271
609 A	0.58856	0.03808	0.37335
610 A	0.59204	0.03294	0.37503
611 C	0.59917	0.02191	0.37892
612 T	0.60690	0.01293	0.38018
613 T	0.61112	0.00724	0.38164
614 A	0.61359	0.00298	0.38343
615 A	0.61449	0.00000	0.38551
