# lcl|CP097583.1_cds_USQ93334.1_1
# AA	inside	membr	outside
1 A	0.44353	0.00000	0.55647
2 T	0.44170	0.00183	0.55647
3 G	0.43709	0.00643	0.55647
4 A	0.43709	0.08882	0.47409
5 A	0.36270	0.24544	0.39185
6 A	0.36270	0.26123	0.37607
7 A	0.22368	0.40095	0.37537
8 G	0.22367	0.40097	0.37535
9 A	0.20894	0.41614	0.37492
10 A	0.20890	0.43631	0.35479
11 C	0.20612	0.44039	0.35349
12 A	0.16863	0.47845	0.35291
13 T	0.13273	0.51645	0.35081
14 A	0.13271	0.51648	0.35081
15 T	0.13271	0.52112	0.34616
16 C	0.12906	0.52477	0.34616
17 A	0.12535	0.52850	0.34615
18 A	0.12519	0.52868	0.34612
19 C	0.12224	0.53164	0.34612
20 C	0.11493	0.53976	0.34531
21 T	0.10030	0.55441	0.3453
22 A	0.10062	0.55609	0.34329
23 G	0.10278	0.55570	0.34152
24 T	0.11098	0.54932	0.33971
25 A	0.11472	0.54595	0.33933
26 A	0.11805	0.53573	0.34623
27 A	0.18203	0.45785	0.36012
28 A	0.24775	0.32916	0.42309
29 T	0.26259	0.30793	0.42947
30 A	0.26343	0.21386	0.52271
31 A	0.26097	0.22362	0.51541
32 A	0.25948	0.21453	0.52598
33 A	0.26601	0.20714	0.52685
34 A	0.26323	0.20794	0.52883
35 G	0.26474	0.17401	0.56124
36 A	0.26808	0.14795	0.58397
37 A	0.27050	0.15651	0.57299
38 T	0.27631	0.15107	0.57263
39 T	0.27570	0.16692	0.55737
40 A	0.27446	0.16654	0.559
41 G	0.27413	0.16591	0.55996
42 G	0.27360	0.16407	0.56234
43 A	0.27392	0.15845	0.56763
44 C	0.27404	0.14918	0.57678
45 G	0.27646	0.14770	0.57584
46 C	0.27899	0.14604	0.57498
47 A	0.28109	0.14691	0.57199
48 T	0.28498	0.14428	0.57074
49 G	0.28707	0.14653	0.56641
50 G	0.29139	0.14365	0.56495
51 T	0.30137	0.13375	0.56488
52 T	0.30780	0.12458	0.56762
53 T	0.31190	0.11813	0.56997
54 T	0.31644	0.11129	0.57227
55 A	0.31768	0.10865	0.57367
56 G	0.32018	0.10034	0.57948
57 A	0.32150	0.09741	0.58109
58 A	0.32356	0.09719	0.57925
59 C	0.33082	0.09067	0.57851
60 T	0.34555	0.08230	0.57214
61 A	0.34852	0.09134	0.56013
62 G	0.36353	0.08047	0.556
63 A	0.36671	0.08316	0.55014
64 A	0.37044	0.08014	0.54942
65 T	0.37460	0.07562	0.54977
66 G	0.37668	0.07395	0.54938
67 T	0.38134	0.06899	0.54967
68 C	0.38250	0.06778	0.54972
69 T	0.38458	0.06627	0.54915
70 A	0.38593	0.06504	0.54903
71 C	0.38735	0.06362	0.54903
72 T	0.39056	0.06050	0.54893
73 T	0.39197	0.05920	0.54883
74 C	0.39199	0.05922	0.5488
75 T	0.39248	0.05894	0.54858
76 G	0.39191	0.05986	0.54823
77 A	0.39249	0.05954	0.54797
78 A	0.39226	0.05947	0.54827
79 G	0.39254	0.05882	0.54864
80 G	0.39498	0.05419	0.55082
81 A	0.39938	0.04862	0.55201
82 C	0.40229	0.04467	0.55305
83 G	0.40919	0.03752	0.55329
84 T	0.42072	0.02578	0.55349
85 C	0.42429	0.02233	0.55338
86 G	0.42861	0.01953	0.55186
87 T	0.42914	0.01950	0.55136
88 G	0.42802	0.02160	0.55039
89 T	0.42757	0.02403	0.54839
90 A	0.42488	0.02898	0.54613
91 C	0.42388	0.02945	0.54667
92 T	0.42348	0.03042	0.5461
93 T	0.42269	0.03270	0.54461
94 T	0.42036	0.03827	0.54137
95 C	0.41665	0.04229	0.54106
96 T	0.41347	0.04738	0.53915
97 A	0.40738	0.05473	0.53788
98 A	0.39820	0.06417	0.53763
99 C	0.38242	0.07935	0.53824
100 A	0.36959	0.09447	0.53595
101 G	0.35519	0.11076	0.53405
102 A	0.34518	0.12445	0.53038
103 A	0.33906	0.13229	0.52866
104 G	0.33293	0.14001	0.52706
105 A	0.32800	0.14732	0.52469
106 A	0.32652	0.15152	0.52196
107 G	0.32587	0.15339	0.52073
108 A	0.32571	0.15723	0.51705
109 A	0.32668	0.15717	0.51615
110 A	0.32717	0.15660	0.51622
111 A	0.32809	0.15369	0.51822
112 G	0.32985	0.14979	0.52036
113 G	0.33204	0.14395	0.52401
114 T	0.33300	0.14049	0.52651
115 C	0.33374	0.13706	0.5292
116 G	0.33555	0.13407	0.53039
117 T	0.33891	0.12882	0.53226
118 A	0.33953	0.12599	0.53447
119 T	0.34129	0.12178	0.53692
120 T	0.34277	0.11679	0.54044
121 A	0.34328	0.10681	0.54991
122 G	0.34392	0.08843	0.56765
123 A	0.34644	0.07278	0.58078
124 T	0.35002	0.05442	0.59556
125 T	0.35417	0.04129	0.60453
126 A	0.35607	0.03427	0.60966
127 A	0.35806	0.02626	0.61567
128 C	0.36159	0.01682	0.62159
129 T	0.36486	0.01192	0.62321
130 G	0.36670	0.00924	0.62405
131 T	0.37089	0.00449	0.62463
132 T	0.37230	0.00269	0.62501
133 T	0.37299	0.00179	0.62522
134 A	0.37310	0.00107	0.62583
135 A	0.37330	0.00000	0.6267
