# lcl|CP097583.1_cds_USQ93378.1_1
# AA	inside	membr	outside
1 A	0.78763	0.00000	0.21237
2 T	0.78733	0.00030	0.21237
3 G	0.78708	0.00055	0.21237
4 G	0.78708	0.00686	0.20606
5 A	0.78313	0.01661	0.20026
6 A	0.78313	0.01675	0.20013
7 C	0.78039	0.01952	0.2001
8 T	0.78039	0.01952	0.2001
9 T	0.77976	0.02022	0.20002
10 C	0.77976	0.02880	0.19144
11 A	0.77795	0.03286	0.18919
12 T	0.74366	0.06825	0.18808
13 T	0.59716	0.22440	0.17845
14 T	0.59712	0.22444	0.17845
15 A	0.59712	0.25137	0.15152
16 A	0.58848	0.26001	0.15151
17 A	0.58422	0.26478	0.15101
18 C	0.58409	0.26509	0.15082
19 T	0.57393	0.27571	0.15037
20 A	0.41156	0.45323	0.13522
21 T	0.26974	0.59511	0.13515
22 C	0.18759	0.68177	0.13064
23 A	0.14366	0.73314	0.1232
24 A	0.11493	0.76284	0.12223
25 A	0.10456	0.77329	0.12215
26 A	0.09854	0.77923	0.12224
27 T	0.10075	0.77680	0.12246
28 C	0.09708	0.77682	0.1261
29 T	0.09072	0.78324	0.12604
30 A	0.08311	0.78961	0.12728
31 G	0.07669	0.79644	0.12687
32 A	0.07451	0.79820	0.12728
33 A	0.07789	0.79399	0.12812
34 A	0.07770	0.78963	0.13268
35 A	0.07939	0.75252	0.16809
36 C	0.08642	0.62181	0.29177
37 A	0.08620	0.62050	0.2933
38 G	0.10326	0.59948	0.29726
39 C	0.10253	0.59323	0.30424
40 A	0.10281	0.59605	0.30114
41 A	0.10388	0.59331	0.30281
42 A	0.10383	0.57564	0.32053
43 G	0.11755	0.41146	0.47098
44 A	0.11780	0.30986	0.57234
45 T	0.12586	0.20652	0.66763
46 A	0.13214	0.15441	0.71345
47 T	0.13401	0.12474	0.74125
48 T	0.13421	0.14129	0.72449
49 T	0.13291	0.20710	0.65999
50 A	0.12718	0.30591	0.56691
51 T	0.11687	0.33646	0.54667
52 G	0.10243	0.46601	0.43156
53 A	0.09460	0.55083	0.35456
54 T	0.08813	0.59822	0.31365
55 G	0.07371	0.65188	0.2744
56 A	0.06914	0.67754	0.25331
57 A	0.06533	0.70507	0.22959
58 A	0.06371	0.71550	0.2208
59 G	0.06378	0.71935	0.21688
60 T	0.06465	0.72248	0.21287
61 A	0.06488	0.73175	0.20337
62 A	0.06594	0.73801	0.19605
63 T	0.07036	0.73331	0.19633
64 A	0.07086	0.73317	0.19597
65 A	0.07112	0.73218	0.1967
66 A	0.07228	0.73129	0.19643
67 C	0.07671	0.72584	0.19744
68 C	0.08647	0.71699	0.19655
69 A	0.09852	0.70760	0.19389
70 A	0.11998	0.68794	0.19208
71 A	0.16239	0.64631	0.1913
72 T	0.25737	0.55119	0.19144
73 A	0.34645	0.45845	0.1951
74 A	0.39668	0.39337	0.20995
75 T	0.53873	0.23543	0.22585
76 T	0.61085	0.15934	0.22981
77 T	0.63656	0.14390	0.21954
78 T	0.65160	0.12913	0.21927
79 A	0.65174	0.14081	0.20746
80 T	0.66017	0.13422	0.20561
81 T	0.65817	0.14043	0.2014
82 C	0.65312	0.14995	0.19694
83 A	0.64453	0.16766	0.18781
84 A	0.62849	0.18503	0.18648
85 A	0.62264	0.19116	0.1862
86 A	0.61242	0.20145	0.18613
87 A	0.60728	0.20648	0.18624
88 C	0.60921	0.20381	0.18698
89 A	0.61226	0.20053	0.18722
90 T	0.61544	0.19707	0.18749
91 C	0.61639	0.19598	0.18763
92 C	0.61735	0.19511	0.18754
93 T	0.61574	0.19712	0.18714
94 A	0.61001	0.20391	0.18609
95 A	0.57849	0.23632	0.18518
96 A	0.56900	0.24590	0.18511
97 A	0.57067	0.24372	0.18562
98 T	0.57560	0.23413	0.19027
99 G	0.58144	0.21875	0.19981
100 C	0.59749	0.19290	0.20961
101 C	0.60896	0.17647	0.21457
102 T	0.62475	0.15865	0.2166
103 T	0.62988	0.15437	0.21575
104 T	0.63306	0.15110	0.21584
105 T	0.63414	0.14984	0.21601
106 T	0.63442	0.14173	0.22384
107 T	0.63128	0.12128	0.24744
108 A	0.62367	0.11674	0.25959
109 T	0.61842	0.10952	0.27207
110 C	0.60065	0.12292	0.27643
111 A	0.58449	0.14208	0.27343
112 C	0.57351	0.15416	0.27233
113 A	0.56411	0.17098	0.26491
114 A	0.56016	0.17653	0.26331
115 G	0.55913	0.17671	0.26415
116 A	0.55912	0.17316	0.26771
117 A	0.55991	0.16652	0.27357
118 G	0.56078	0.12983	0.30939
119 C	0.56099	0.11641	0.3226
120 T	0.56113	0.11522	0.32365
121 T	0.56106	0.12058	0.31835
122 T	0.56077	0.12977	0.30945
123 A	0.56061	0.13919	0.3002
124 G	0.56069	0.14573	0.29358
125 A	0.56145	0.15268	0.28586
126 T	0.56353	0.16036	0.27611
127 T	0.56554	0.17813	0.25632
128 A	0.56689	0.18850	0.24462
129 T	0.56760	0.19231	0.24009
130 A	0.56724	0.19769	0.23506
131 A	0.56741	0.19342	0.23918
132 A	0.56873	0.18886	0.24241
133 T	0.57362	0.16702	0.25936
134 T	0.57682	0.15045	0.27273
135 A	0.57643	0.14321	0.28036
136 T	0.58121	0.13270	0.28609
137 T	0.58164	0.13189	0.28648
138 T	0.58045	0.13389	0.28565
139 A	0.57815	0.13751	0.28434
140 A	0.57682	0.14013	0.28305
141 T	0.57416	0.14285	0.28299
142 A	0.57030	0.14681	0.28289
143 A	0.56947	0.14753	0.283
144 A	0.57406	0.14270	0.28325
145 C	0.58339	0.13291	0.2837
146 C	0.59253	0.12369	0.28378
147 C	0.60238	0.11386	0.28376
148 A	0.61460	0.10181	0.28359
149 T	0.63045	0.08599	0.28355
150 T	0.64945	0.06704	0.2835
151 C	0.65963	0.05682	0.28355
152 T	0.66791	0.04857	0.28352
153 T	0.67458	0.04095	0.28447
154 T	0.67676	0.03828	0.28497
155 A	0.67785	0.03700	0.28514
156 T	0.67909	0.03557	0.28534
157 T	0.67949	0.03340	0.28711
158 C	0.67964	0.03016	0.29019
159 T	0.68090	0.02818	0.29092
160 T	0.68213	0.02643	0.29144
161 T	0.68193	0.02636	0.29171
162 A	0.68060	0.02786	0.29154
163 A	0.68024	0.02980	0.28996
164 G	0.67899	0.03021	0.29079
165 G	0.67664	0.03077	0.29259
166 G	0.67567	0.03017	0.29417
167 A	0.67503	0.03027	0.2947
168 T	0.67506	0.02974	0.2952
169 T	0.67457	0.03020	0.29523
170 C	0.67350	0.03193	0.29457
171 T	0.67314	0.03830	0.28856
172 G	0.67270	0.04750	0.2798
173 A	0.67260	0.05325	0.27415
174 T	0.67267	0.05642	0.27091
175 T	0.67272	0.05864	0.26863
176 T	0.67262	0.06119	0.26619
177 A	0.67110	0.06309	0.2658
178 T	0.67079	0.06262	0.2666
179 T	0.67005	0.06279	0.26715
180 T	0.66812	0.06384	0.26805
181 C	0.66652	0.06495	0.26854
182 C	0.66538	0.06657	0.26804
183 A	0.66265	0.07205	0.26531
184 A	0.66082	0.07618	0.26301
185 A	0.66035	0.07807	0.26158
186 A	0.65925	0.08044	0.26031
187 T	0.66197	0.07805	0.25998
188 T	0.66110	0.07887	0.26003
189 A	0.65475	0.08902	0.25623
190 G	0.65368	0.08956	0.25676
191 T	0.65408	0.09034	0.25557
192 A	0.65346	0.09357	0.25298
193 A	0.65484	0.09367	0.25149
194 C	0.66245	0.08631	0.25124
195 T	0.67228	0.07893	0.24879
196 T	0.67453	0.07716	0.2483
197 T	0.67216	0.08006	0.24778
198 A	0.63811	0.11476	0.24712
199 G	0.61985	0.13294	0.24721
200 C	0.60397	0.14670	0.24932
201 A	0.57070	0.18007	0.24924
202 A	0.54897	0.20226	0.24877
203 C	0.52492	0.22572	0.24936
204 T	0.50973	0.24603	0.24423
205 A	0.46799	0.28947	0.24253
206 A	0.42751	0.33013	0.24236
207 A	0.39516	0.36322	0.24163
208 A	0.38372	0.37304	0.24325
209 C	0.37893	0.37237	0.2487
210 A	0.37290	0.37698	0.25012
211 A	0.37005	0.37683	0.25313
212 C	0.37211	0.36895	0.25894
213 C	0.37000	0.36994	0.26005
214 G	0.36839	0.37185	0.25977
215 C	0.36976	0.37079	0.25945
216 T	0.36907	0.37625	0.25468
217 A	0.36268	0.38694	0.25037
218 T	0.35958	0.39365	0.24677
219 T	0.35106	0.40342	0.24552
220 A	0.33507	0.42208	0.24284
221 A	0.32690	0.40042	0.27267
222 A	0.32078	0.38936	0.28986
223 A	0.31701	0.37562	0.30737
224 A	0.31381	0.34675	0.33943
225 A	0.31128	0.32843	0.36029
226 G	0.30976	0.30442	0.38582
227 A	0.31329	0.29212	0.39459
228 A	0.31436	0.26005	0.42559
229 A	0.31620	0.22161	0.46219
230 T	0.31866	0.18608	0.49527
231 T	0.31851	0.17608	0.50541
232 G	0.31737	0.18191	0.50071
233 A	0.31644	0.21370	0.46986
234 T	0.31610	0.22563	0.45827
235 A	0.31510	0.26046	0.42445
236 A	0.31543	0.26041	0.42416
237 A	0.31647	0.25745	0.42607
238 A	0.31871	0.25250	0.4288
239 T	0.32501	0.23899	0.436
240 T	0.33058	0.22276	0.44666
241 G	0.33460	0.21104	0.45436
242 T	0.33942	0.19718	0.46341
243 T	0.34349	0.18132	0.4752
244 T	0.34558	0.17415	0.48028
245 T	0.34658	0.16889	0.48453
246 A	0.34722	0.16556	0.48722
247 A	0.34921	0.16005	0.49075
248 A	0.35402	0.15133	0.49465
249 T	0.36127	0.14063	0.49809
250 T	0.36805	0.13199	0.49996
251 T	0.37257	0.12624	0.50119
252 A	0.37459	0.12342	0.50199
253 C	0.37865	0.11846	0.50289
254 A	0.38368	0.11299	0.50333
255 G	0.39833	0.09721	0.50446
256 T	0.43800	0.05664	0.50536
257 A	0.45670	0.03745	0.50585
258 A	0.49314	0.00000	0.50686
