# lcl|CP097583.1_cds_USQ93184.1_1
# AA	inside	membr	outside
1 A	0.40898	0.00000	0.59103
2 T	0.40462	0.00436	0.59103
3 G	0.40214	0.00683	0.59103
4 A	0.40214	0.04502	0.55284
5 A	0.39181	0.07629	0.5319
6 A	0.39181	0.07913	0.52906
7 A	0.36281	0.10918	0.52801
8 A	0.36281	0.10920	0.52799
9 T	0.36100	0.11132	0.52769
10 A	0.36099	0.15384	0.48517
11 A	0.36061	0.15647	0.48293
12 T	0.35611	0.16199	0.4819
13 G	0.34764	0.18114	0.47122
14 A	0.34764	0.18114	0.47122
15 A	0.34764	0.34896	0.30341
16 A	0.34684	0.34976	0.30341
17 T	0.34622	0.35126	0.30253
18 T	0.34599	0.35356	0.30045
19 A	0.33333	0.36864	0.29803
20 A	0.31236	0.40661	0.28103
21 T	0.28989	0.42858	0.28152
22 A	0.29228	0.42736	0.28036
23 T	0.30090	0.41695	0.28216
24 T	0.31131	0.40675	0.28194
25 T	0.31241	0.40157	0.28602
26 T	0.30831	0.40494	0.28675
27 T	0.30712	0.40615	0.28673
28 A	0.29065	0.41798	0.29137
29 A	0.28493	0.42250	0.29256
30 T	0.28036	0.40549	0.31415
31 G	0.26610	0.41832	0.31558
32 C	0.25996	0.42182	0.31822
33 C	0.28590	0.39543	0.31867
34 A	0.28584	0.39566	0.3185
35 C	0.28990	0.39075	0.31935
36 A	0.30120	0.37890	0.31991
37 A	0.30775	0.37313	0.31911
38 A	0.45871	0.22247	0.31882
39 T	0.46509	0.21628	0.31863
40 T	0.46934	0.21181	0.31885
41 A	0.47068	0.20645	0.32288
42 T	0.47301	0.18924	0.33776
43 A	0.48080	0.16301	0.35618
44 T	0.47920	0.14633	0.37446
45 T	0.47813	0.14361	0.37827
46 A	0.47455	0.14763	0.37782
47 T	0.47436	0.14301	0.38262
48 T	0.46742	0.14440	0.38818
49 G	0.42929	0.18555	0.38516
50 T	0.39215	0.22275	0.3851
51 T	0.38290	0.23371	0.38339
52 A	0.36490	0.25054	0.38456
53 A	0.33769	0.27416	0.38815
54 T	0.32278	0.27740	0.39982
55 T	0.31031	0.28630	0.40339
56 C	0.29009	0.30387	0.40604
57 A	0.26490	0.34607	0.38904
58 A	0.24248	0.38793	0.36959
59 A	0.24109	0.39892	0.35998
60 A	0.23911	0.40943	0.35145
61 G	0.23846	0.41499	0.34656
62 A	0.23979	0.41899	0.34122
63 T	0.24021	0.42617	0.33362
64 G	0.23050	0.45085	0.31864
65 A	0.22715	0.48054	0.2923
66 T	0.22646	0.48956	0.28399
67 A	0.22504	0.49797	0.27699
68 A	0.22425	0.50367	0.27209
69 T	0.22859	0.49872	0.27269
70 A	0.22950	0.49816	0.27234
71 A	0.23228	0.48732	0.2804
72 A	0.24031	0.44596	0.31372
73 T	0.25245	0.39235	0.35521
74 T	0.26660	0.36755	0.36585
75 A	0.26839	0.34874	0.38287
76 A	0.27068	0.31040	0.41892
77 C	0.27377	0.27757	0.44866
78 T	0.27757	0.26109	0.46134
79 C	0.27861	0.25023	0.47116
80 A	0.28645	0.23945	0.47409
81 C	0.30126	0.21834	0.48039
82 A	0.30911	0.22624	0.46465
83 T	0.31748	0.22643	0.4561
84 G	0.31961	0.24227	0.43812
85 A	0.32638	0.27796	0.39566
86 A	0.32763	0.32994	0.34243
87 A	0.33990	0.34404	0.31606
88 T	0.36719	0.32049	0.31232
89 T	0.36856	0.32338	0.30805
90 G	0.33985	0.37291	0.28724
91 A	0.32704	0.38924	0.28372
92 T	0.31568	0.40077	0.28355
93 A	0.27382	0.44351	0.28267
94 A	0.23355	0.48491	0.28153
95 C	0.21075	0.50690	0.28235
96 A	0.19444	0.53292	0.27264
97 A	0.17403	0.56380	0.26217
98 A	0.15327	0.59389	0.25284
99 A	0.14077	0.60823	0.251
100 A	0.13168	0.61752	0.2508
101 G	0.12779	0.61728	0.25492
102 A	0.12709	0.61378	0.25913
103 C	0.12957	0.60521	0.26522
104 A	0.13392	0.60015	0.26592
105 A	0.14996	0.58283	0.2672
106 G	0.16400	0.56734	0.26866
107 A	0.18446	0.54506	0.27048
108 A	0.22873	0.49871	0.27256
109 A	0.28231	0.43226	0.28542
110 T	0.32904	0.37263	0.29833
111 T	0.34082	0.35343	0.30576
112 A	0.34531	0.33626	0.31843
113 T	0.35884	0.28143	0.35973
114 T	0.36092	0.26048	0.37861
115 A	0.35911	0.24876	0.39213
116 A	0.35948	0.21497	0.42555
117 T	0.36268	0.17184	0.46548
118 G	0.36155	0.15092	0.48753
119 A	0.36826	0.13408	0.49766
120 A	0.37748	0.10698	0.51554
121 G	0.38742	0.07749	0.5351
122 T	0.39200	0.06159	0.54641
123 T	0.39342	0.05320	0.55339
124 T	0.39389	0.05247	0.55364
125 T	0.39353	0.06044	0.54603
126 T	0.39302	0.08579	0.52119
127 A	0.39215	0.13318	0.47467
128 A	0.39167	0.14787	0.46046
129 A	0.39193	0.15368	0.45439
130 T	0.39229	0.16122	0.44649
131 T	0.39205	0.16730	0.44065
132 G	0.39098	0.17348	0.43553
133 T	0.39026	0.18349	0.42625
134 G	0.38864	0.20537	0.406
135 T	0.38852	0.22528	0.38621
136 A	0.38747	0.24145	0.37108
137 A	0.38751	0.25267	0.35983
138 A	0.38876	0.25288	0.35835
139 G	0.39078	0.25080	0.35842
140 A	0.39236	0.25012	0.35752
141 T	0.39715	0.24357	0.35928
142 T	0.40095	0.23951	0.35955
143 T	0.40243	0.23749	0.36008
144 A	0.40294	0.23678	0.36027
145 G	0.40386	0.23541	0.36073
146 A	0.40584	0.23305	0.36112
147 C	0.41054	0.22735	0.3621
148 G	0.42122	0.21627	0.3625
149 G	0.44950	0.18765	0.36286
150 T	0.49816	0.13866	0.36318
151 T	0.51273	0.12401	0.36326
152 A	0.51830	0.11929	0.3624
153 T	0.52707	0.11011	0.36282
154 G	0.53193	0.10534	0.36273
155 A	0.53674	0.10073	0.36253
156 A	0.54827	0.08839	0.36334
157 T	0.57287	0.06180	0.36533
158 T	0.59198	0.04170	0.36633
159 A	0.60370	0.02906	0.36724
160 T	0.61505	0.01706	0.36789
161 C	0.61710	0.01485	0.36804
162 T	0.61813	0.01409	0.36778
163 T	0.61791	0.01499	0.3671
164 G	0.61503	0.01819	0.36677
165 T	0.61260	0.02118	0.36623
166 A	0.60502	0.02904	0.36594
167 T	0.59888	0.03520	0.36592
168 C	0.58346	0.05067	0.36586
169 T	0.56947	0.06474	0.36579
170 C	0.54463	0.08970	0.36567
171 T	0.53629	0.09831	0.36539
172 A	0.51634	0.11866	0.365
173 C	0.51450	0.12050	0.365
174 G	0.51411	0.12090	0.36499
175 T	0.51441	0.12059	0.365
176 G	0.51445	0.12049	0.36506
177 C	0.51523	0.11963	0.36514
178 T	0.51653	0.11831	0.36516
179 G	0.51699	0.11777	0.36524
180 T	0.51714	0.11758	0.36527
181 T	0.51729	0.11739	0.36532
182 A	0.51738	0.11723	0.36539
183 T	0.51748	0.11651	0.366
184 A	0.51757	0.11556	0.36687
185 A	0.51783	0.11409	0.36807
186 A	0.51843	0.11165	0.36992
187 A	0.51881	0.10736	0.37383
188 A	0.51940	0.10183	0.37876
189 A	0.51986	0.09126	0.38888
190 T	0.52042	0.07790	0.40168
191 T	0.52074	0.06062	0.41864
192 G	0.52087	0.04555	0.43358
193 T	0.52103	0.02574	0.45323
194 A	0.52121	0.01795	0.46084
195 A	0.52153	0.00000	0.47847
