# lcl|CP097583.1_cds_USQ93268.1_1
# AA	inside	membr	outside
1 A	0.57024	0.00000	0.42975
2 T	0.57015	0.00009	0.42975
3 G	0.57002	0.00022	0.42975
4 A	0.57002	0.02648	0.4035
5 G	0.54432	0.09324	0.36244
6 T	0.54431	0.10681	0.34888
7 A	0.47569	0.18327	0.34104
8 A	0.47569	0.18348	0.34082
9 A	0.47058	0.19171	0.3377
10 T	0.47058	0.31087	0.21855
11 G	0.46954	0.32839	0.20206
12 T	0.44460	0.35907	0.19633
13 T	0.40341	0.42531	0.17127
14 A	0.40340	0.42533	0.17127
15 T	0.40340	0.52732	0.06928
16 A	0.39504	0.53568	0.06928
17 T	0.38968	0.54106	0.06926
18 T	0.38933	0.54141	0.06925
19 A	0.37196	0.55879	0.06924
20 C	0.31131	0.61958	0.06911
21 C	0.17350	0.75739	0.06911
22 C	0.16061	0.77073	0.06866
23 A	0.14883	0.78317	0.068
24 A	0.13805	0.79446	0.06748
25 A	0.13322	0.79938	0.0674
26 A	0.12782	0.80478	0.0674
27 A	0.14787	0.78324	0.0689
28 A	0.18520	0.71704	0.09776
29 C	0.20027	0.69073	0.109
30 A	0.21828	0.62458	0.15714
31 A	0.22699	0.61394	0.15906
32 C	0.23951	0.59428	0.1662
33 A	0.34331	0.48902	0.16766
34 T	0.37387	0.45732	0.16882
35 T	0.39937	0.40775	0.19287
36 G	0.41671	0.35957	0.22373
37 T	0.42419	0.35226	0.22355
38 T	0.46720	0.30292	0.22988
39 T	0.43636	0.33450	0.22914
40 G	0.40922	0.35596	0.23482
41 G	0.39816	0.36779	0.23405
42 A	0.37307	0.41860	0.20833
43 A	0.35201	0.42106	0.22693
44 A	0.31677	0.37470	0.30853
45 T	0.30304	0.37814	0.31882
46 A	0.29118	0.38195	0.32686
47 G	0.28771	0.37473	0.33755
48 A	0.28599	0.37604	0.33797
49 C	0.28534	0.37144	0.34323
50 G	0.28520	0.37611	0.33869
51 T	0.28512	0.37615	0.33872
52 A	0.28465	0.38127	0.33408
53 G	0.28448	0.38873	0.3268
54 T	0.28414	0.39449	0.32137
55 C	0.28324	0.39573	0.32103
56 A	0.28236	0.40485	0.31278
57 T	0.28132	0.41457	0.30411
58 G	0.28019	0.43718	0.28263
59 C	0.28061	0.44125	0.27814
60 A	0.28306	0.45750	0.25945
61 A	0.29025	0.46322	0.24653
62 T	0.31848	0.43338	0.24813
63 G	0.32666	0.47385	0.19949
64 A	0.33658	0.46704	0.19638
65 A	0.36536	0.42492	0.20972
66 T	0.38594	0.39659	0.21746
67 G	0.40497	0.35145	0.24358
68 C	0.41174	0.33796	0.25029
69 T	0.41659	0.35320	0.2302
70 A	0.41402	0.40385	0.18213
71 C	0.41176	0.42732	0.16092
72 T	0.40172	0.47259	0.12569
73 A	0.37204	0.52197	0.10599
74 G	0.34276	0.56941	0.08783
75 A	0.33594	0.59314	0.07093
76 A	0.33245	0.60069	0.06687
77 G	0.32468	0.60997	0.06535
78 A	0.32085	0.61309	0.06606
79 A	0.32347	0.60996	0.06657
80 C	0.31270	0.61931	0.06799
81 A	0.31011	0.62692	0.06296
82 C	0.30438	0.63412	0.0615
83 A	0.30128	0.64365	0.05508
84 A	0.29922	0.65114	0.04964
85 A	0.29852	0.65266	0.04882
86 A	0.34515	0.60544	0.04941
87 A	0.33959	0.61027	0.05014
88 G	0.35148	0.59291	0.05561
89 C	0.37941	0.56067	0.05993
90 T	0.39976	0.53978	0.06046
91 A	0.40453	0.53546	0.06001
92 A	0.43068	0.50910	0.06023
93 T	0.48475	0.45022	0.06503
94 T	0.49635	0.43452	0.06913
95 T	0.49841	0.41554	0.08605
96 A	0.45394	0.43380	0.11226
97 C	0.40293	0.45859	0.13848
98 A	0.32671	0.53528	0.138
99 A	0.26074	0.60219	0.13707
100 A	0.21660	0.64814	0.13526
101 A	0.15934	0.70418	0.13648
102 A	0.13442	0.72707	0.13852
103 G	0.11849	0.71228	0.16923
104 T	0.11292	0.69637	0.19071
105 A	0.09459	0.70876	0.19665
106 A	0.09354	0.69943	0.20702
107 A	0.09537	0.67994	0.22469
108 A	0.09429	0.65710	0.24861
109 A	0.09406	0.63987	0.26607
110 T	0.09554	0.62097	0.28349
111 T	0.09468	0.62628	0.27904
112 A	0.09062	0.64060	0.26878
113 T	0.08926	0.64868	0.26206
114 A	0.08435	0.67420	0.24146
115 A	0.07899	0.69414	0.22687
116 A	0.07213	0.72025	0.20763
117 T	0.06943	0.75843	0.17213
118 A	0.06295	0.79303	0.14403
119 A	0.06001	0.77475	0.16524
120 A	0.05907	0.73182	0.20911
121 A	0.06265	0.66041	0.27693
122 A	0.06770	0.60114	0.33117
123 A	0.07694	0.54936	0.3737
124 G	0.08228	0.48231	0.43541
125 G	0.08775	0.45130	0.46095
126 T	0.09354	0.43352	0.47294
127 G	0.09639	0.44094	0.46268
128 T	0.10310	0.46138	0.43551
129 A	0.10245	0.51829	0.37926
130 A	0.10363	0.55783	0.33854
131 A	0.10605	0.57433	0.31962
132 G	0.11138	0.58348	0.30514
133 G	0.11864	0.62131	0.26006
134 T	0.13776	0.62296	0.23928
135 A	0.15049	0.64389	0.20562
136 A	0.16425	0.65271	0.18304
137 A	0.19225	0.63388	0.17386
138 A	0.22221	0.60240	0.17539
139 G	0.25893	0.55883	0.18224
140 T	0.31965	0.49546	0.18489
141 T	0.36234	0.44950	0.18815
142 T	0.38328	0.42884	0.18788
143 A	0.38901	0.42755	0.18344
144 T	0.39436	0.42837	0.17727
145 A	0.39194	0.43231	0.17575
146 T	0.39020	0.43541	0.1744
147 A	0.38498	0.44119	0.17383
148 T	0.38894	0.43388	0.17718
149 C	0.38739	0.43386	0.17875
150 A	0.40345	0.41684	0.17971
151 G	0.43703	0.38231	0.18066
152 C	0.49493	0.32167	0.18341
153 T	0.53580	0.28048	0.18372
154 C	0.54766	0.26843	0.18391
155 G	0.56052	0.25558	0.18389
156 T	0.60553	0.21080	0.18367
157 G	0.60586	0.21087	0.18326
158 C	0.60930	0.20723	0.18347
159 A	0.58555	0.23739	0.17706
160 T	0.57137	0.26073	0.1679
161 T	0.51284	0.33909	0.14807
162 A	0.37327	0.51049	0.11625
163 A	0.28412	0.61820	0.09768
164 A	0.21005	0.69978	0.09017
165 A	0.18333	0.73133	0.08534
166 A	0.17648	0.73922	0.0843
167 A	0.18211	0.73147	0.08642
168 A	0.18402	0.72384	0.09213
169 T	0.18667	0.71330	0.10002
170 T	0.18763	0.70442	0.10794
171 A	0.18716	0.70062	0.11223
172 G	0.18742	0.69266	0.11992
173 A	0.18765	0.68680	0.12555
174 A	0.18789	0.67980	0.13231
175 T	0.18830	0.67244	0.13926
176 T	0.18881	0.66604	0.14516
177 A	0.18894	0.65969	0.15137
178 A	0.18933	0.65113	0.15954
179 A	0.18990	0.64095	0.16915
180 A	0.19080	0.62026	0.18895
181 A	0.19318	0.58271	0.22411
182 G	0.20144	0.51222	0.28634
183 A	0.21346	0.45861	0.32793
184 G	0.23622	0.35598	0.4078
185 T	0.27113	0.19733	0.53153
186 T	0.28763	0.10413	0.60824
187 T	0.29324	0.04130	0.66547
188 G	0.29574	0.01428	0.68997
189 A	0.29833	0.00000	0.70166
