# lcl|CP097583.1_cds_USQ93131.1_1
# AA	inside	membr	outside
1 A	0.74338	0.00000	0.25663
2 T	0.74335	0.00003	0.25663
3 G	0.74332	0.00005	0.25663
4 T	0.74332	0.00168	0.255
5 T	0.74159	0.00472	0.25369
6 T	0.74159	0.00525	0.25316
7 G	0.70590	0.04133	0.25277
8 C	0.70590	0.04134	0.25276
9 T	0.70322	0.04475	0.25203
10 A	0.70320	0.12749	0.16931
11 T	0.70256	0.13401	0.16343
12 T	0.68929	0.14895	0.16177
13 G	0.65250	0.19313	0.15438
14 T	0.65248	0.19315	0.15438
15 T	0.65247	0.29090	0.05663
16 A	0.63090	0.31248	0.05663
17 A	0.60421	0.33952	0.05627
18 A	0.60285	0.34162	0.05553
19 G	0.57991	0.36477	0.05532
20 T	0.49417	0.45573	0.05011
21 C	0.22305	0.72687	0.05009
22 G	0.21395	0.73773	0.04833
23 G	0.21045	0.74258	0.04696
24 A	0.20750	0.74749	0.045
25 A	0.20542	0.75107	0.04351
26 A	0.20367	0.75394	0.04239
27 T	0.20428	0.74894	0.04679
28 A	0.20376	0.74790	0.04834
29 A	0.20371	0.74671	0.04958
30 A	0.20917	0.71411	0.07672
31 C	0.21154	0.70647	0.08199
32 A	0.21514	0.69977	0.08509
33 A	0.29074	0.62266	0.0866
34 T	0.30545	0.61449	0.08006
35 T	0.30638	0.61318	0.08045
36 A	0.29475	0.62662	0.07863
37 A	0.28255	0.64097	0.07648
38 A	0.34023	0.58235	0.07741
39 A	0.32973	0.57210	0.09817
40 A	0.33018	0.53788	0.13194
41 T	0.33216	0.49576	0.17207
42 A	0.33041	0.46711	0.20247
43 T	0.33433	0.37975	0.28592
44 G	0.32570	0.18555	0.48874
45 T	0.32439	0.18062	0.49498
46 G	0.32074	0.19051	0.48875
47 A	0.32052	0.22674	0.45273
48 A	0.32060	0.23501	0.44439
49 G	0.31826	0.24424	0.4375
50 G	0.31483	0.25813	0.42704
51 T	0.31495	0.26128	0.42377
52 C	0.31335	0.27329	0.41335
53 A	0.30995	0.35903	0.33102
54 A	0.30947	0.37015	0.32038
55 G	0.31116	0.37321	0.31563
56 A	0.31690	0.37086	0.31224
57 A	0.32763	0.36363	0.30874
58 G	0.33726	0.34266	0.32009
59 T	0.35597	0.30634	0.33769
60 T	0.36245	0.28637	0.35118
61 T	0.36610	0.27884	0.35506
62 T	0.37044	0.26900	0.36056
63 T	0.37079	0.28246	0.34675
64 G	0.37015	0.28518	0.34467
65 T	0.37028	0.29135	0.33837
66 T	0.36939	0.30448	0.32613
67 G	0.36607	0.32915	0.30478
68 A	0.36540	0.34834	0.28626
69 A	0.37438	0.35140	0.27423
70 A	0.40636	0.33022	0.26343
71 A	0.42173	0.32724	0.25103
72 A	0.44474	0.31616	0.23911
73 T	0.48442	0.27701	0.23857
74 T	0.49359	0.27634	0.23007
75 A	0.50137	0.26869	0.22993
76 T	0.54820	0.22051	0.23129
77 C	0.55279	0.21590	0.23131
78 T	0.55507	0.21834	0.22659
79 C	0.55223	0.22546	0.22231
80 T	0.54611	0.24141	0.21249
81 T	0.52682	0.27108	0.2021
82 G	0.48450	0.32040	0.1951
83 A	0.46489	0.34532	0.1898
84 A	0.44789	0.36492	0.18718
85 G	0.43847	0.37570	0.18583
86 T	0.45185	0.36356	0.18459
87 A	0.45192	0.36292	0.18517
88 G	0.45367	0.36191	0.18442
89 A	0.46256	0.35653	0.18091
90 T	0.48523	0.33509	0.17967
91 C	0.49079	0.33054	0.17867
92 A	0.48061	0.34877	0.17062
93 A	0.48000	0.34966	0.17034
94 A	0.48620	0.34337	0.17043
95 A	0.49646	0.33299	0.17056
96 A	0.50014	0.32904	0.17082
97 C	0.51298	0.31185	0.17516
98 A	0.51926	0.30342	0.17732
99 T	0.52700	0.29212	0.18088
100 G	0.53144	0.28473	0.18384
101 T	0.54245	0.27068	0.18687
102 T	0.54795	0.26060	0.19145
103 T	0.55514	0.23804	0.20682
104 T	0.55644	0.21464	0.22892
105 T	0.55417	0.18138	0.26445
106 G	0.54018	0.17858	0.28124
107 A	0.52979	0.17366	0.29655
108 T	0.51957	0.17133	0.3091
109 C	0.49514	0.19105	0.31381
110 A	0.48595	0.19801	0.31604
111 A	0.48721	0.19052	0.32227
112 G	0.49444	0.17795	0.3276
113 T	0.49949	0.17247	0.32804
114 T	0.50048	0.17175	0.32777
115 T	0.50245	0.15124	0.34631
116 T	0.49809	0.14667	0.35524
117 A	0.48588	0.15821	0.35591
118 G	0.47741	0.16852	0.35408
119 C	0.47243	0.17563	0.35193
120 T	0.46463	0.19509	0.34028
121 A	0.43874	0.24163	0.31963
122 T	0.41752	0.28486	0.29762
123 A	0.30551	0.42426	0.27023
124 G	0.24037	0.53369	0.22594
125 A	0.22825	0.58716	0.18459
126 A	0.22182	0.62111	0.15708
127 G	0.21953	0.62733	0.15315
128 A	0.21925	0.63180	0.14895
129 T	0.21988	0.62532	0.1548
130 A	0.21495	0.62797	0.15709
131 A	0.20874	0.62673	0.16453
132 T	0.20541	0.61021	0.18438
133 G	0.19770	0.62062	0.18168
134 A	0.18858	0.65106	0.16036
135 A	0.18148	0.69464	0.12388
136 A	0.18034	0.73149	0.08816
137 A	0.18180	0.73903	0.07918
138 A	0.18256	0.74464	0.07279
139 A	0.18453	0.74338	0.07209
140 A	0.19073	0.73075	0.07852
141 T	0.19914	0.71449	0.08637
142 A	0.20425	0.70556	0.09019
143 A	0.21530	0.68289	0.10182
144 A	0.23408	0.63675	0.12917
145 A	0.25699	0.58827	0.15474
146 G	0.28407	0.45238	0.26354
147 C	0.33104	0.34419	0.32477
148 G	0.37687	0.29138	0.33175
149 T	0.41545	0.25073	0.33383
150 T	0.42718	0.24094	0.33188
151 T	0.43100	0.23943	0.32957
152 T	0.43070	0.24272	0.32658
153 A	0.42546	0.25199	0.32255
154 G	0.42568	0.24461	0.32971
155 G	0.42853	0.23971	0.33176
156 A	0.43948	0.22155	0.33898
157 A	0.46168	0.18902	0.3493
158 C	0.50050	0.14250	0.35701
159 T	0.52205	0.11901	0.35895
160 C	0.50719	0.13409	0.35872
161 C	0.50362	0.14014	0.35623
162 A	0.50107	0.14634	0.35259
163 T	0.49819	0.15398	0.34782
164 T	0.47292	0.19037	0.33671
165 T	0.42205	0.29946	0.27849
166 G	0.38831	0.38165	0.23004
167 T	0.36981	0.41909	0.21109
168 A	0.33597	0.47675	0.18728
169 A	0.31301	0.52276	0.16423
170 A	0.30061	0.53862	0.16077
171 T	0.28870	0.55478	0.15652
172 G	0.28340	0.55945	0.15715
173 G	0.27759	0.56431	0.15809
174 C	0.27448	0.56659	0.15893
175 G	0.27483	0.56712	0.15806
176 C	0.28028	0.56097	0.15875
177 T	0.27832	0.56645	0.15522
178 A	0.27555	0.57244	0.15201
179 A	0.27323	0.57679	0.14997
180 A	0.27294	0.57732	0.14974
181 A	0.27301	0.57587	0.15112
182 T	0.27344	0.55214	0.17443
183 A	0.27413	0.52414	0.20173
184 G	0.27636	0.50793	0.21571
185 A	0.27933	0.49480	0.22587
186 A	0.28491	0.46756	0.24753
187 G	0.30144	0.39830	0.30027
188 C	0.37019	0.25316	0.37664
189 T	0.42448	0.18330	0.39222
190 C	0.43535	0.16776	0.39688
191 A	0.44661	0.16316	0.39023
192 A	0.46020	0.14811	0.39169
193 G	0.46364	0.14297	0.39339
194 T	0.46997	0.13331	0.39673
195 A	0.43228	0.21025	0.35746
196 A	0.42339	0.30540	0.27121
197 T	0.41199	0.45259	0.13543
198 T	0.36429	0.53204	0.10368
199 A	0.27355	0.64461	0.08185
200 A	0.15253	0.77559	0.07187
201 A	0.11639	0.82325	0.06036
202 C	0.09800	0.84449	0.05751
203 A	0.08306	0.86853	0.04841
204 A	0.07406	0.88404	0.0419
205 G	0.06879	0.89286	0.03834
206 G	0.06643	0.89745	0.03612
207 T	0.06540	0.89983	0.03477
208 A	0.06369	0.90117	0.03513
209 A	0.06307	0.90116	0.03578
210 A	0.06320	0.90017	0.03663
211 G	0.06441	0.89764	0.03795
212 C	0.06708	0.89389	0.03903
213 A	0.07124	0.88932	0.03943
214 A	0.08114	0.87915	0.0397
215 A	0.08827	0.87139	0.04034
216 A	0.09618	0.86251	0.04131
217 A	0.10916	0.84791	0.04293
218 A	0.15388	0.74958	0.09655
219 A	0.25512	0.63091	0.11397
220 A	0.40539	0.45147	0.14315
221 T	0.45921	0.33617	0.20462
222 T	0.47890	0.23389	0.28721
223 A	0.48310	0.11374	0.40316
224 T	0.49440	0.07886	0.42674
225 T	0.49497	0.07449	0.43054
226 G	0.49176	0.08921	0.41903
227 T	0.49438	0.08919	0.41644
228 T	0.48639	0.10779	0.40582
229 T	0.46953	0.14472	0.38575
230 T	0.38744	0.28075	0.33181
231 C	0.26010	0.46264	0.27726
232 A	0.12251	0.78873	0.08876
233 A	0.07725	0.85160	0.07114
234 A	0.06570	0.87128	0.06302
235 T	0.06073	0.88428	0.05499
236 A	0.05359	0.89836	0.04805
237 C	0.05002	0.90366	0.04631
238 A	0.04690	0.91120	0.0419
239 A	0.04129	0.91873	0.03998
240 A	0.03525	0.92616	0.03858
241 A	0.03311	0.92994	0.03696
242 A	0.03147	0.93319	0.03534
243 A	0.03127	0.93433	0.0344
244 A	0.03152	0.93475	0.03373
245 A	0.03240	0.93380	0.03381
246 A	0.03507	0.92886	0.03607
247 A	0.03826	0.92426	0.03747
248 A	0.04710	0.90818	0.04472
249 G	0.06869	0.87409	0.05722
250 A	0.08883	0.84502	0.06615
251 A	0.11905	0.78616	0.09479
252 A	0.16737	0.71104	0.12159
253 T	0.23190	0.56060	0.2075
254 A	0.27672	0.41079	0.31249
255 T	0.42222	0.14269	0.43509
256 C	0.43469	0.09836	0.46695
257 G	0.44023	0.16419	0.39558
258 T	0.44797	0.22666	0.32538
259 T	0.44857	0.28186	0.26957
260 T	0.43076	0.36749	0.20175
261 A	0.36634	0.44085	0.1928
262 A	0.34236	0.47130	0.18635
263 A	0.32231	0.49289	0.1848
264 A	0.30439	0.51787	0.17774
265 C	0.29772	0.52601	0.17627
266 A	0.29392	0.53649	0.16959
267 A	0.29119	0.54099	0.16781
268 G	0.29158	0.54325	0.16518
269 G	0.29235	0.54857	0.15908
270 T	0.29260	0.55023	0.15718
271 C	0.29101	0.55287	0.15612
272 A	0.28967	0.56262	0.14772
273 T	0.28976	0.56299	0.14725
274 A	0.28806	0.56522	0.14671
275 G	0.28633	0.56696	0.14671
276 A	0.28856	0.56571	0.14573
277 C	0.29757	0.55395	0.14848
278 A	0.30977	0.54204	0.14819
279 G	0.34422	0.50461	0.15118
280 T	0.44388	0.40330	0.15282
281 T	0.50356	0.34181	0.15463
282 A	0.53574	0.31187	0.15238
283 T	0.58522	0.23994	0.17484
284 A	0.59127	0.17964	0.22908
285 T	0.59155	0.15305	0.2554
286 A	0.56908	0.16454	0.26638
287 C	0.56252	0.16126	0.27622
288 T	0.55387	0.20661	0.23953
289 A	0.53906	0.24355	0.21739
290 A	0.53053	0.25946	0.21001
291 A	0.52627	0.26721	0.20652
292 T	0.53039	0.26518	0.20444
293 T	0.52675	0.27069	0.20256
294 G	0.52082	0.27568	0.20349
295 T	0.52245	0.27477	0.20279
296 T	0.52220	0.27483	0.20298
297 A	0.52105	0.27527	0.20368
298 A	0.52034	0.27424	0.20542
299 T	0.52164	0.27219	0.20617
300 T	0.52197	0.27143	0.20661
301 A	0.52288	0.27020	0.20692
302 C	0.52445	0.26826	0.20729
303 T	0.52614	0.26644	0.20742
304 A	0.52737	0.26504	0.20758
305 A	0.53149	0.26039	0.20811
306 A	0.53455	0.25641	0.20903
307 A	0.54206	0.24694	0.211
308 T	0.55913	0.21690	0.22397
309 T	0.57569	0.17238	0.25193
310 A	0.58547	0.14639	0.26815
311 T	0.61932	0.09683	0.28385
312 T	0.63558	0.06150	0.30292
313 T	0.64203	0.04425	0.31373
314 T	0.64540	0.03231	0.32229
315 T	0.64811	0.02447	0.32742
316 T	0.65035	0.01666	0.33299
317 A	0.65174	0.00882	0.33943
318 A	0.65451	0.00000	0.34549
