# lcl|CP097583.1_cds_USQ93438.1_1
# AA	inside	membr	outside
1 A	0.42571	0.00000	0.57428
2 T	0.42530	0.00042	0.57428
3 G	0.42496	0.00075	0.57428
4 T	0.42496	0.00537	0.56967
5 C	0.41957	0.02017	0.56025
6 A	0.41957	0.02735	0.55307
7 A	0.40836	0.03980	0.55183
8 G	0.40836	0.03983	0.5518
9 A	0.40570	0.04350	0.5508
10 A	0.40569	0.10700	0.48731
11 T	0.40539	0.10953	0.48508
12 T	0.40025	0.11666	0.48309
13 T	0.38513	0.14003	0.47484
14 T	0.38512	0.14004	0.47484
15 A	0.38512	0.34979	0.26508
16 A	0.38273	0.35219	0.26508
17 A	0.36966	0.36953	0.26081
18 T	0.36908	0.38436	0.24655
19 A	0.32080	0.45333	0.22586
20 A	0.18312	0.75571	0.06116
21 A	0.03548	0.90379	0.06073
22 A	0.03203	0.90826	0.05972
23 A	0.02953	0.91120	0.05926
24 A	0.02882	0.91186	0.05932
25 A	0.02906	0.90973	0.0612
26 C	0.02941	0.90842	0.06218
27 A	0.03329	0.90439	0.06232
28 A	0.04188	0.89371	0.06441
29 T	0.04889	0.88694	0.06416
30 A	0.05132	0.87971	0.06896
31 A	0.05239	0.87841	0.0692
32 A	0.05526	0.87076	0.07397
33 T	0.11012	0.81050	0.07938
34 C	0.11431	0.80475	0.08093
35 T	0.13136	0.78555	0.0831
36 A	0.13761	0.77594	0.08646
37 A	0.14281	0.77158	0.08562
38 A	0.28844	0.62569	0.08587
39 A	0.29474	0.61724	0.08803
40 A	0.31520	0.57224	0.11256
41 A	0.34875	0.51801	0.13324
42 T	0.39107	0.41492	0.19401
43 T	0.52797	0.15615	0.31587
44 T	0.53127	0.03603	0.4327
45 A	0.53349	0.02942	0.43709
46 T	0.53562	0.02362	0.44076
47 T	0.53701	0.02179	0.4412
48 A	0.53760	0.02127	0.44114
49 T	0.53872	0.01923	0.44205
50 T	0.53980	0.01816	0.44204
51 T	0.53999	0.01951	0.4405
52 T	0.53993	0.02046	0.43961
53 T	0.53890	0.02348	0.43763
54 A	0.53562	0.03023	0.43415
55 T	0.53431	0.03263	0.43306
56 C	0.53393	0.03461	0.43145
57 T	0.53089	0.04522	0.42389
58 A	0.52602	0.05527	0.41872
59 T	0.52628	0.05554	0.41819
60 T	0.52321	0.05975	0.41704
61 T	0.51835	0.07006	0.4116
62 T	0.51269	0.09115	0.39616
63 A	0.50337	0.13387	0.36276
64 T	0.50268	0.13532	0.362
65 T	0.50180	0.13711	0.36109
66 T	0.50109	0.13862	0.36028
67 A	0.49824	0.14232	0.35943
68 C	0.49676	0.14413	0.3591
69 T	0.49627	0.14552	0.35821
70 T	0.49503	0.14683	0.35813
71 T	0.49337	0.14853	0.3581
72 A	0.48983	0.15212	0.35805
73 A	0.48916	0.15263	0.3582
74 C	0.49042	0.15008	0.3595
75 G	0.49145	0.14837	0.36019
76 A	0.49446	0.14440	0.36113
77 T	0.50240	0.13395	0.36365
78 T	0.50563	0.12944	0.36493
79 T	0.50725	0.12790	0.36486
80 T	0.51069	0.11987	0.36944
81 A	0.51127	0.11402	0.3747
82 A	0.51162	0.11000	0.37838
83 G	0.51320	0.10020	0.3866
84 C	0.51847	0.08911	0.39242
85 G	0.53397	0.07024	0.39579
86 T	0.56662	0.03490	0.39849
87 T	0.56852	0.03409	0.39739
88 T	0.56930	0.03716	0.39355
89 T	0.56904	0.04435	0.38661
90 A	0.56552	0.05916	0.37531
91 T	0.56453	0.06964	0.36583
92 T	0.55311	0.10631	0.34058
93 T	0.54234	0.13790	0.31976
94 A	0.52702	0.18706	0.28592
95 T	0.51404	0.22133	0.26463
96 T	0.47651	0.28400	0.23949
97 A	0.42793	0.34159	0.23048
98 A	0.40979	0.36373	0.22648
99 A	0.39422	0.38311	0.22268
100 G	0.38416	0.39542	0.22042
101 C	0.37709	0.40636	0.21655
102 A	0.37235	0.42796	0.19969
103 A	0.36870	0.43575	0.19555
104 A	0.36684	0.43919	0.19398
105 T	0.36626	0.43979	0.19395
106 A	0.36517	0.44104	0.1938
107 C	0.36523	0.43999	0.19478
108 A	0.36602	0.43915	0.19483
109 C	0.36766	0.43719	0.19514
110 A	0.36962	0.43632	0.19405
111 A	0.37509	0.43134	0.19357
112 G	0.38359	0.42251	0.1939
113 G	0.40078	0.40113	0.19809
114 A	0.41918	0.37986	0.20096
115 T	0.45572	0.31097	0.23331
116 C	0.47837	0.26206	0.25957
117 T	0.50851	0.21622	0.27528
118 A	0.52010	0.21935	0.26054
119 A	0.53683	0.19250	0.27066
120 T	0.54205	0.18530	0.27266
121 G	0.54001	0.20106	0.25893
122 T	0.54258	0.21595	0.24147
123 A	0.54041	0.22184	0.23775
124 A	0.54296	0.21607	0.24098
125 A	0.55587	0.20131	0.24282
126 T	0.56013	0.19760	0.24228
127 C	0.56124	0.19487	0.24388
128 C	0.55411	0.20490	0.24099
129 T	0.55043	0.21225	0.23732
130 T	0.54769	0.21787	0.23444
131 C	0.53837	0.23195	0.22968
132 A	0.52745	0.25260	0.21995
133 C	0.52464	0.25660	0.21876
134 A	0.52159	0.26648	0.21193
135 A	0.51537	0.27663	0.208
136 T	0.51201	0.28465	0.20334
137 C	0.50237	0.29818	0.19945
138 A	0.48879	0.32521	0.18599
139 A	0.47972	0.33691	0.18337
140 A	0.47961	0.33841	0.18199
141 T	0.50852	0.30736	0.18412
142 A	0.51729	0.29804	0.18468
143 C	0.53214	0.27692	0.19094
144 A	0.52268	0.28333	0.19399
145 C	0.53084	0.27254	0.19663
146 A	0.52098	0.28153	0.19749
147 A	0.45582	0.34718	0.197
148 G	0.43838	0.36390	0.19773
149 C	0.42138	0.37816	0.20046
150 A	0.41258	0.38639	0.20104
151 G	0.40921	0.37621	0.21458
152 C	0.40694	0.37283	0.22023
153 A	0.38489	0.39744	0.21768
154 G	0.37611	0.40791	0.21599
155 C	0.33309	0.45699	0.20992
156 A	0.30321	0.48929	0.20749
157 G	0.29539	0.50097	0.20363
158 A	0.28972	0.50895	0.20133
159 A	0.28679	0.51275	0.20046
160 C	0.28747	0.50564	0.2069
161 A	0.29479	0.48859	0.21662
162 A	0.29360	0.48095	0.22545
163 A	0.29103	0.48167	0.2273
164 C	0.28880	0.48488	0.22632
165 A	0.28559	0.50656	0.20784
166 A	0.28323	0.50333	0.21344
167 A	0.28249	0.47838	0.23913
168 T	0.28267	0.46369	0.25364
169 A	0.28248	0.45076	0.26676
170 C	0.28351	0.36569	0.3508
171 A	0.28361	0.34512	0.37127
172 C	0.28412	0.31771	0.39817
173 A	0.28500	0.32238	0.39262
174 A	0.28575	0.32443	0.38982
175 G	0.28756	0.31928	0.39316
176 G	0.29283	0.29121	0.41596
177 A	0.29982	0.27350	0.42668
178 T	0.31692	0.19159	0.49148
179 C	0.32168	0.16246	0.51586
180 T	0.32689	0.16654	0.50657
181 A	0.32987	0.24959	0.42055
182 A	0.33316	0.27799	0.38884
183 T	0.33354	0.31110	0.35536
184 G	0.33314	0.37699	0.28986
185 T	0.33617	0.41288	0.25095
186 A	0.33708	0.41674	0.24617
187 A	0.34110	0.41298	0.24591
188 A	0.35697	0.39583	0.24721
189 T	0.36251	0.39021	0.24727
190 C	0.36495	0.38595	0.2491
191 C	0.36356	0.38910	0.24733
192 T	0.36347	0.39143	0.2451
193 T	0.36292	0.39409	0.243
194 C	0.35879	0.40044	0.24077
195 A	0.35395	0.41101	0.23504
196 C	0.35920	0.40616	0.23464
197 A	0.36304	0.40517	0.23179
198 A	0.36384	0.40675	0.22941
199 T	0.37249	0.40055	0.22696
200 C	0.37132	0.40428	0.22439
201 A	0.36765	0.41706	0.21529
202 A	0.37261	0.41390	0.21349
203 A	0.38926	0.39856	0.21218
204 T	0.48596	0.30054	0.21349
205 A	0.51130	0.27508	0.21362
206 C	0.54201	0.24156	0.21643
207 A	0.56563	0.21719	0.21717
208 C	0.57812	0.20375	0.21812
209 A	0.56185	0.22009	0.21805
210 A	0.45765	0.32475	0.2176
211 G	0.43235	0.34978	0.21787
212 C	0.41059	0.37026	0.21915
213 A	0.39732	0.38348	0.2192
214 G	0.39105	0.38379	0.22516
215 C	0.38387	0.38834	0.22779
216 A	0.34777	0.42611	0.22612
217 G	0.33436	0.44063	0.225
218 C	0.27570	0.50265	0.22165
219 A	0.23541	0.54459	0.22
220 G	0.22460	0.55769	0.21771
221 A	0.21903	0.56470	0.21628
222 A	0.21489	0.56940	0.21571
223 C	0.21450	0.56573	0.21977
224 A	0.21898	0.55512	0.2259
225 A	0.21766	0.55039	0.23195
226 A	0.21598	0.55019	0.23382
227 C	0.21408	0.55184	0.23408
228 A	0.21184	0.56508	0.22307
229 A	0.21021	0.56021	0.22957
230 A	0.20990	0.53336	0.25674
231 T	0.21002	0.51539	0.27459
232 A	0.20986	0.49917	0.29096
233 C	0.21046	0.37611	0.41343
234 A	0.21050	0.34885	0.44065
235 C	0.21083	0.31631	0.47286
236 A	0.21141	0.32208	0.46652
237 A	0.21187	0.32524	0.4629
238 G	0.21289	0.31865	0.46846
239 G	0.21606	0.27984	0.50409
240 A	0.22006	0.26279	0.51715
241 T	0.22965	0.17402	0.59633
242 C	0.23256	0.14208	0.62536
243 T	0.23560	0.15228	0.61212
244 A	0.23724	0.25167	0.51109
245 A	0.23916	0.29084	0.47
246 T	0.23924	0.33085	0.4299
247 G	0.23895	0.41990	0.34115
248 T	0.24073	0.46781	0.29146
249 A	0.24119	0.47427	0.28454
250 A	0.24362	0.47373	0.28266
251 A	0.25347	0.46404	0.28249
252 T	0.25731	0.46173	0.28096
253 C	0.25913	0.45892	0.28196
254 C	0.25864	0.46138	0.27998
255 T	0.25909	0.46358	0.27732
256 T	0.25910	0.46584	0.27505
257 C	0.25671	0.47029	0.273
258 A	0.25384	0.47855	0.26761
259 C	0.26161	0.47120	0.26719
260 A	0.26776	0.46784	0.2644
261 A	0.27044	0.46739	0.26216
262 T	0.28175	0.45822	0.26002
263 C	0.28358	0.45866	0.25776
264 A	0.28349	0.46740	0.24911
265 A	0.29410	0.45856	0.24734
266 A	0.31586	0.43813	0.24601
267 T	0.43063	0.32256	0.24682
268 A	0.46368	0.28957	0.24675
269 C	0.50381	0.24770	0.2485
270 A	0.54861	0.20301	0.24837
271 C	0.56942	0.18165	0.24893
272 A	0.55415	0.19718	0.24867
273 A	0.44502	0.30676	0.24822
274 G	0.41822	0.33343	0.24835
275 C	0.39630	0.35459	0.24911
276 A	0.38124	0.36985	0.24891
277 G	0.37426	0.37288	0.25286
278 C	0.36643	0.37901	0.25455
279 A	0.32642	0.42047	0.25311
280 G	0.31169	0.43647	0.25184
281 C	0.24569	0.50569	0.24861
282 A	0.19949	0.55358	0.24693
283 G	0.18757	0.56753	0.2449
284 A	0.18177	0.57469	0.24354
285 A	0.17735	0.57974	0.24291
286 C	0.17665	0.57767	0.24568
287 A	0.18079	0.56915	0.25006
288 A	0.17947	0.56571	0.25482
289 A	0.17777	0.56580	0.25643
290 C	0.17587	0.56731	0.25681
291 A	0.17382	0.57771	0.24848
292 A	0.17238	0.57337	0.25424
293 A	0.17214	0.54960	0.27826
294 T	0.17228	0.53216	0.29556
295 A	0.17212	0.51596	0.31192
296 C	0.17262	0.38714	0.44024
297 A	0.17266	0.35800	0.46934
298 C	0.17296	0.32401	0.50304
299 A	0.17347	0.32919	0.49735
300 A	0.17386	0.33195	0.49419
301 G	0.17469	0.32474	0.50057
302 G	0.17722	0.28215	0.54064
303 A	0.18049	0.26449	0.55502
304 T	0.18812	0.16985	0.64204
305 C	0.19056	0.13377	0.67566
306 T	0.19301	0.14433	0.66267
307 A	0.19419	0.24708	0.55872
308 A	0.19565	0.28965	0.5147
309 T	0.19564	0.33251	0.47184
310 G	0.19533	0.42598	0.37868
311 T	0.19664	0.47757	0.32579
312 A	0.19691	0.48460	0.31849
313 A	0.19869	0.48517	0.31614
314 A	0.20624	0.47820	0.31556
315 T	0.20933	0.47705	0.31362
316 C	0.21078	0.47479	0.31443
317 C	0.21052	0.47714	0.31234
318 T	0.21106	0.47948	0.30946
319 T	0.21123	0.48175	0.30702
320 C	0.20944	0.48561	0.30495
321 A	0.20729	0.49325	0.29946
322 C	0.21538	0.48560	0.29902
323 A	0.22192	0.48197	0.29612
324 A	0.22501	0.48118	0.2938
325 T	0.23661	0.47171	0.29168
326 C	0.23937	0.47124	0.28939
327 A	0.24063	0.47882	0.28055
328 A	0.25284	0.46842	0.27874
329 A	0.27580	0.44686	0.27734
330 T	0.39465	0.32737	0.27799
331 A	0.43037	0.29179	0.27785
332 C	0.47429	0.24648	0.27923
333 A	0.52500	0.19620	0.2788
334 C	0.54921	0.17158	0.27921
335 A	0.53510	0.18603	0.27887
336 A	0.42757	0.29403	0.27839
337 G	0.40123	0.32029	0.27848
338 C	0.37990	0.34106	0.27905
339 A	0.36494	0.35632	0.27875
340 G	0.35804	0.36003	0.28193
341 C	0.35046	0.36629	0.28324
342 A	0.31000	0.40817	0.28183
343 G	0.29514	0.42443	0.28042
344 C	0.22847	0.49445	0.27709
345 A	0.18150	0.54316	0.27534
346 G	0.16951	0.55713	0.27336
347 A	0.16385	0.56415	0.27199
348 A	0.15951	0.56920	0.27129
349 C	0.15887	0.56762	0.2735
350 A	0.16314	0.55982	0.27703
351 A	0.16190	0.55704	0.28106
352 A	0.16021	0.55733	0.28246
353 C	0.15829	0.55888	0.28283
354 A	0.15627	0.56809	0.27564
355 A	0.15488	0.56427	0.28085
356 A	0.15465	0.54263	0.30272
357 T	0.15481	0.52605	0.31914
358 A	0.15465	0.51046	0.33488
359 C	0.15513	0.38338	0.46149
360 A	0.15518	0.35444	0.49038
361 C	0.15547	0.32078	0.52375
362 A	0.15597	0.32562	0.51841
363 A	0.15635	0.32813	0.51553
364 G	0.15712	0.32085	0.52203
365 G	0.15947	0.27766	0.56287
366 A	0.16252	0.25995	0.57753
367 T	0.16953	0.16531	0.66516
368 C	0.17184	0.12856	0.6996
369 T	0.17409	0.13867	0.68724
370 A	0.17509	0.23939	0.58552
371 A	0.17639	0.28169	0.54192
372 T	0.17633	0.32420	0.49947
373 G	0.17599	0.41647	0.40754
374 T	0.17710	0.46797	0.35493
375 A	0.17727	0.47495	0.34778
376 A	0.17877	0.47574	0.34549
377 A	0.18530	0.46982	0.34487
378 T	0.18802	0.46901	0.34296
379 C	0.18928	0.46695	0.34377
380 C	0.18905	0.46927	0.34168
381 T	0.18958	0.47165	0.33877
382 T	0.18977	0.47393	0.3363
383 C	0.18819	0.47758	0.33424
384 A	0.18629	0.48504	0.32868
385 C	0.19423	0.47754	0.32823
386 A	0.20070	0.47405	0.32526
387 A	0.20380	0.47332	0.32288
388 T	0.21510	0.46420	0.32071
389 C	0.21807	0.46358	0.31834
390 A	0.21973	0.47101	0.30926
391 A	0.23215	0.46047	0.30738
392 A	0.25485	0.43921	0.30595
393 T	0.37151	0.32196	0.30653
394 A	0.40709	0.28655	0.30637
395 C	0.45100	0.24136	0.30764
396 A	0.50252	0.19039	0.30709
397 C	0.52747	0.16508	0.30745
398 A	0.51439	0.17854	0.30706
399 A	0.41125	0.28219	0.30657
400 G	0.38607	0.30730	0.30663
401 C	0.36585	0.32703	0.30713
402 A	0.35148	0.34174	0.30678
403 G	0.34494	0.34538	0.30969
404 C	0.33780	0.35134	0.31086
405 A	0.29855	0.39205	0.3094
406 G	0.28424	0.40787	0.30789
407 C	0.21972	0.47591	0.30437
408 A	0.17392	0.52353	0.30256
409 G	0.16235	0.53710	0.30054
410 A	0.15703	0.54385	0.29912
411 A	0.15292	0.54873	0.29834
412 C	0.15242	0.54729	0.30029
413 A	0.15689	0.53969	0.30342
414 A	0.15572	0.53724	0.30705
415 A	0.15403	0.53768	0.3083
416 C	0.15201	0.53937	0.30862
417 A	0.14995	0.54815	0.3019
418 A	0.14852	0.54480	0.30668
419 A	0.14829	0.52482	0.3269
420 T	0.14844	0.50908	0.34248
421 A	0.14828	0.49431	0.35742
422 C	0.14875	0.37225	0.47899
423 A	0.14880	0.34445	0.50675
424 C	0.14909	0.31221	0.5387
425 A	0.14960	0.31678	0.53362
426 A	0.14998	0.31914	0.53088
427 G	0.15075	0.31203	0.53722
428 G	0.15309	0.26985	0.57707
429 A	0.15612	0.25256	0.59133
430 T	0.16302	0.16071	0.67626
431 C	0.16532	0.12459	0.71009
432 T	0.16754	0.13394	0.69852
433 A	0.16846	0.22949	0.60205
434 A	0.16970	0.26986	0.56044
435 T	0.16958	0.31033	0.5201
436 G	0.16915	0.39853	0.43232
437 T	0.17018	0.44791	0.38191
438 A	0.17026	0.45449	0.37525
439 A	0.17160	0.45508	0.37332
440 A	0.17765	0.44947	0.37288
441 T	0.18019	0.44856	0.37125
442 C	0.18132	0.44656	0.37212
443 C	0.18098	0.44891	0.37012
444 T	0.18141	0.45131	0.36728
445 T	0.18157	0.45361	0.36481
446 C	0.17995	0.45729	0.36275
447 A	0.17800	0.46488	0.35712
448 C	0.18560	0.45773	0.35667
449 A	0.19183	0.45460	0.35357
450 A	0.19473	0.45421	0.35105
451 T	0.20542	0.44581	0.34876
452 C	0.20828	0.44547	0.34625
453 A	0.20985	0.45355	0.33659
454 A	0.22180	0.44361	0.33459
455 A	0.24354	0.42342	0.33304
456 T	0.35433	0.31202	0.33365
457 A	0.38840	0.27815	0.33346
458 C	0.43027	0.23497	0.33476
459 A	0.48032	0.18557	0.33411
460 C	0.50470	0.16082	0.33448
461 A	0.49275	0.17320	0.33404
462 A	0.39645	0.27005	0.3335
463 G	0.37310	0.29335	0.33356
464 C	0.35462	0.31133	0.33404
465 A	0.34127	0.32510	0.33364
466 G	0.33531	0.32811	0.33657
467 C	0.32888	0.33338	0.33773
468 A	0.29212	0.37175	0.33613
469 G	0.27886	0.38670	0.33443
470 C	0.21862	0.45087	0.33051
471 A	0.17525	0.49628	0.32847
472 G	0.16454	0.50918	0.32628
473 A	0.15981	0.51552	0.32467
474 A	0.15611	0.52016	0.32373
475 C	0.15586	0.51860	0.32554
476 A	0.16078	0.51076	0.32846
477 A	0.15967	0.50848	0.33184
478 A	0.15795	0.50908	0.33296
479 C	0.15572	0.51109	0.33319
480 A	0.15354	0.52000	0.32646
481 A	0.15198	0.51730	0.33072
482 A	0.15172	0.49916	0.34912
483 T	0.15188	0.48437	0.36375
484 A	0.15169	0.47067	0.37764
485 C	0.15219	0.35648	0.49133
486 A	0.15224	0.33063	0.51713
487 C	0.15256	0.30087	0.54657
488 A	0.15309	0.30532	0.54159
489 A	0.15349	0.30767	0.53884
490 G	0.15433	0.30085	0.54482
491 G	0.15683	0.26077	0.5824
492 A	0.16008	0.24412	0.59579
493 T	0.16743	0.15702	0.67555
494 C	0.16991	0.12215	0.70795
495 T	0.17226	0.13025	0.69749
496 A	0.17313	0.21680	0.61007
497 A	0.17441	0.25334	0.57225
498 T	0.17415	0.29007	0.53578
499 G	0.17349	0.37105	0.45546
500 T	0.17446	0.41608	0.40946
501 A	0.17438	0.42189	0.40373
502 A	0.17557	0.42177	0.40266
503 A	0.18150	0.41588	0.40262
504 T	0.18396	0.41445	0.40159
505 C	0.18494	0.41242	0.40264
506 C	0.18421	0.41498	0.40082
507 T	0.18440	0.41743	0.39817
508 T	0.18441	0.41983	0.39577
509 C	0.18238	0.42390	0.39372
510 A	0.17990	0.43216	0.38793
511 C	0.18701	0.42552	0.38747
512 A	0.19287	0.42298	0.38415
513 A	0.19529	0.42332	0.38139
514 T	0.20494	0.41621	0.37884
515 C	0.20733	0.41666	0.37601
516 A	0.20823	0.42674	0.36503
517 A	0.21895	0.41831	0.36274
518 A	0.23894	0.40010	0.36096
519 T	0.33930	0.29901	0.36169
520 A	0.37025	0.26829	0.36147
521 C	0.40813	0.22886	0.36302
522 A	0.45464	0.18310	0.36226
523 C	0.47714	0.16018	0.36268
524 A	0.46672	0.17111	0.36216
525 A	0.38150	0.25699	0.36151
526 G	0.36136	0.27707	0.36158
527 C	0.34573	0.29213	0.36214
528 A	0.33407	0.30432	0.36161
529 G	0.32919	0.30574	0.36507
530 C	0.32397	0.30962	0.36641
531 A	0.29211	0.34350	0.36439
532 G	0.28067	0.35711	0.36223
533 C	0.22749	0.41535	0.35717
534 A	0.18859	0.45690	0.3545
535 G	0.17952	0.46881	0.35166
536 A	0.17594	0.47461	0.34945
537 A	0.17310	0.47890	0.348
538 C	0.17337	0.47685	0.34978
539 A	0.17940	0.46785	0.35275
540 A	0.17853	0.46532	0.35614
541 A	0.17699	0.46589	0.35712
542 C	0.17456	0.46838	0.35706
543 A	0.17226	0.47856	0.34917
544 A	0.17061	0.47706	0.35232
545 A	0.17045	0.46138	0.36817
546 T	0.17069	0.44767	0.38164
547 A	0.17052	0.43551	0.39396
548 C	0.17114	0.33415	0.4947
549 A	0.17122	0.31197	0.5168
550 C	0.17163	0.28634	0.54203
551 A	0.17229	0.29138	0.53633
552 A	0.17280	0.29432	0.53289
553 G	0.17389	0.28804	0.53807
554 G	0.17700	0.25216	0.57084
555 A	0.18099	0.23629	0.58272
556 T	0.19007	0.15589	0.65404
557 C	0.19322	0.12339	0.68339
558 T	0.19618	0.12935	0.67448
559 A	0.19711	0.20138	0.60151
560 A	0.19872	0.23112	0.57016
561 T	0.19827	0.26053	0.5412
562 G	0.19701	0.32703	0.47597
563 T	0.19800	0.36236	0.43965
564 A	0.19754	0.36668	0.43578
565 A	0.19860	0.36518	0.43623
566 A	0.20520	0.35785	0.43695
567 T	0.20795	0.35501	0.43704
568 C	0.20870	0.35288	0.43842
569 C	0.20686	0.35610	0.43705
570 T	0.20639	0.35864	0.43497
571 T	0.20595	0.36117	0.43288
572 C	0.20245	0.36654	0.43101
573 A	0.19781	0.37676	0.42543
574 C	0.20438	0.37063	0.42499
575 A	0.20969	0.36871	0.42159
576 A	0.21071	0.37056	0.41873
577 T	0.21829	0.36581	0.4159
578 C	0.21882	0.36843	0.41275
579 A	0.21685	0.38305	0.4001
580 A	0.22431	0.37823	0.39746
581 A	0.24070	0.36390	0.39539
582 T	0.32394	0.27953	0.39653
583 A	0.34902	0.25469	0.3963
584 C	0.37818	0.22330	0.39852
585 A	0.41556	0.18657	0.39787
586 C	0.43142	0.16999	0.39859
587 A	0.42267	0.17924	0.39809
588 A	0.35365	0.24900	0.39735
589 G	0.33825	0.26427	0.39747
590 C	0.32772	0.27383	0.39845
591 A	0.31866	0.28351	0.39783
592 G	0.31555	0.28118	0.40328
593 C	0.31247	0.28212	0.40541
594 A	0.28976	0.30808	0.40216
595 G	0.28155	0.31944	0.39901
596 C	0.24272	0.36613	0.39115
597 A	0.21405	0.39906	0.38689
598 G	0.20868	0.40837	0.38295
599 A	0.20721	0.41347	0.37932
600 A	0.20636	0.41723	0.37641
601 C	0.20749	0.41363	0.37888
602 A	0.21524	0.40172	0.38304
603 A	0.21523	0.39760	0.38716
604 A	0.21476	0.39764	0.38761
605 C	0.21338	0.40064	0.38598
606 A	0.21155	0.41612	0.37233
607 A	0.21056	0.41693	0.37251
608 A	0.21108	0.40494	0.38397
609 T	0.21160	0.39138	0.39702
610 A	0.21182	0.38130	0.40688
611 C	0.21270	0.29936	0.48794
612 A	0.21293	0.28374	0.50333
613 C	0.21353	0.26685	0.51962
614 A	0.21454	0.27843	0.50703
615 A	0.21537	0.28736	0.49727
616 G	0.21724	0.28247	0.50029
617 G	0.22226	0.25584	0.5219
618 A	0.22819	0.24171	0.5301
619 T	0.24271	0.17433	0.58296
620 C	0.24790	0.15058	0.60152
621 T	0.25206	0.15771	0.59022
622 A	0.25481	0.19771	0.54747
623 A	0.25825	0.21299	0.52876
624 T	0.25881	0.22305	0.51813
625 G	0.25758	0.25227	0.49015
626 T	0.26033	0.26495	0.47471
627 A	0.26117	0.26537	0.47346
628 A	0.26364	0.26158	0.47478
629 A	0.27399	0.24967	0.47634
630 T	0.27938	0.24253	0.47809
631 C	0.28047	0.23982	0.47971
632 C	0.27863	0.24207	0.47929
633 T	0.27859	0.24331	0.4781
634 T	0.27850	0.24489	0.47661
635 C	0.27070	0.25383	0.47547
636 A	0.25565	0.27292	0.47142
637 C	0.26273	0.26626	0.47102
638 A	0.26781	0.26393	0.46827
639 A	0.26021	0.27343	0.46636
640 T	0.26323	0.27242	0.46435
641 C	0.26271	0.27460	0.4627
642 A	0.24842	0.29705	0.45453
643 A	0.24356	0.30409	0.45235
644 A	0.24883	0.29975	0.45142
645 T	0.28699	0.26080	0.4522
646 A	0.27421	0.27351	0.45228
647 C	0.26633	0.27830	0.45536
648 A	0.26112	0.28238	0.4565
649 C	0.26094	0.28100	0.45806
650 A	0.25108	0.29175	0.45717
651 A	0.22232	0.32126	0.45641
652 G	0.21905	0.32403	0.45692
653 C	0.21726	0.32339	0.45935
654 A	0.20732	0.33420	0.45848
655 G	0.20288	0.33180	0.46532
656 C	0.20200	0.32979	0.46822
657 A	0.19758	0.33551	0.46691
658 G	0.19539	0.33653	0.46808
659 C	0.19635	0.31964	0.48401
660 A	0.19298	0.32537	0.48165
661 G	0.19358	0.32866	0.47776
662 A	0.19114	0.34153	0.46733
663 C	0.18892	0.34889	0.46218
664 A	0.18882	0.35758	0.4536
665 A	0.19270	0.34488	0.46242
666 A	0.19307	0.33302	0.47392
667 G	0.19334	0.31691	0.48975
668 C	0.19344	0.31018	0.49638
669 A	0.19235	0.29952	0.50813
670 G	0.19265	0.27920	0.52816
671 C	0.19310	0.25937	0.54752
672 A	0.18860	0.28164	0.52976
673 G	0.18849	0.29588	0.51562
674 C	0.18916	0.30778	0.50306
675 A	0.18641	0.33858	0.47501
676 G	0.18398	0.36466	0.45136
677 A	0.18367	0.39117	0.42516
678 A	0.18282	0.41910	0.39809
679 C	0.18283	0.42008	0.39709
680 A	0.18440	0.42880	0.38681
681 A	0.18769	0.43582	0.37649
682 A	0.19003	0.43262	0.37735
683 C	0.19481	0.42709	0.3781
684 A	0.20122	0.42119	0.37759
685 A	0.22006	0.39624	0.3837
686 C	0.23465	0.37659	0.38875
687 A	0.24392	0.36681	0.38926
688 C	0.25517	0.35412	0.3907
689 C	0.26235	0.34584	0.39181
690 G	0.25784	0.35471	0.38744
691 A	0.25970	0.35432	0.38599
692 C	0.27025	0.34460	0.38515
693 A	0.26302	0.35797	0.37901
694 A	0.26664	0.36301	0.37034
695 C	0.28611	0.34232	0.37157
696 A	0.28517	0.34481	0.37002
697 G	0.29469	0.33799	0.36731
698 A	0.30716	0.32634	0.3665
699 A	0.31019	0.32500	0.36481
700 C	0.30792	0.32632	0.36577
701 A	0.29974	0.33577	0.36449
702 A	0.27540	0.36311	0.36149
703 G	0.24992	0.38841	0.36167
704 C	0.21371	0.42641	0.35989
705 A	0.17451	0.46621	0.35929
706 A	0.16253	0.47808	0.35939
707 C	0.15007	0.49019	0.35974
708 A	0.14041	0.50126	0.35833
709 C	0.13472	0.50670	0.35858
710 A	0.13050	0.51067	0.35883
711 A	0.12465	0.51611	0.35925
712 A	0.12058	0.51919	0.36023
713 C	0.12447	0.50803	0.3675
714 A	0.12574	0.50500	0.36926
715 A	0.12795	0.49211	0.37994
716 G	0.13423	0.47231	0.39345
717 T	0.14414	0.45527	0.40059
718 A	0.14633	0.45115	0.40252
719 A	0.14713	0.43031	0.42255
720 T	0.14878	0.40426	0.44696
721 A	0.14940	0.38893	0.46166
722 A	0.15129	0.36929	0.47942
723 T	0.15206	0.32991	0.51803
724 A	0.15317	0.29910	0.54773
725 A	0.15610	0.26878	0.57512
726 A	0.15729	0.22958	0.61313
727 T	0.16011	0.17316	0.66673
728 C	0.16067	0.12887	0.71046
729 A	0.16145	0.12339	0.71516
730 T	0.16296	0.11689	0.72014
731 T	0.16421	0.11809	0.7177
732 T	0.16408	0.12808	0.70784
733 T	0.16264	0.14121	0.69615
734 A	0.15922	0.17331	0.66746
735 T	0.15541	0.21032	0.63427
736 G	0.14620	0.27513	0.57867
737 A	0.13544	0.36352	0.50104
738 A	0.13108	0.40000	0.46893
739 A	0.12956	0.40338	0.46707
740 A	0.12928	0.40488	0.46583
741 A	0.13305	0.40104	0.4659
742 A	0.14066	0.39144	0.46791
743 C	0.14733	0.38228	0.47039
744 A	0.15284	0.37863	0.46852
745 T	0.16236	0.36820	0.46944
746 G	0.16697	0.36263	0.4704
747 G	0.16944	0.35904	0.47151
748 T	0.17236	0.35551	0.47213
749 T	0.17377	0.35276	0.47346
750 C	0.17366	0.35226	0.47408
751 T	0.17755	0.34841	0.47403
752 G	0.18086	0.34573	0.4734
753 G	0.18444	0.34423	0.47133
754 G	0.19423	0.33609	0.46967
755 T	0.21384	0.31794	0.46822
756 A	0.22789	0.30497	0.46714
757 A	0.26435	0.26702	0.46863
758 T	0.30772	0.22054	0.47173
759 A	0.35994	0.16150	0.47857
760 T	0.43000	0.08222	0.48778
761 T	0.45329	0.05604	0.49067
762 A	0.45134	0.05763	0.49104
763 A	0.44965	0.05846	0.49189
764 T	0.44989	0.05789	0.49223
765 A	0.43905	0.06869	0.49226
766 A	0.43657	0.07121	0.49222
767 T	0.43876	0.06918	0.49206
768 T	0.43221	0.07772	0.49008
769 T	0.42247	0.08792	0.48961
770 T	0.40538	0.10531	0.4893
771 A	0.32705	0.18474	0.4882
772 A	0.29926	0.21307	0.48767
773 C	0.28171	0.23080	0.48748
774 A	0.27019	0.24688	0.48294
775 A	0.26368	0.25474	0.48158
776 T	0.26132	0.25705	0.48164
777 T	0.25478	0.26397	0.48124
778 G	0.24569	0.27290	0.48142
779 G	0.24422	0.27291	0.48287
780 A	0.24451	0.27174	0.48376
781 T	0.24629	0.26840	0.48531
782 C	0.24731	0.26525	0.48744
783 T	0.24872	0.26330	0.48798
784 A	0.24905	0.26184	0.48912
785 T	0.24978	0.25788	0.49233
786 A	0.24975	0.25467	0.49558
787 T	0.24990	0.25200	0.4981
788 C	0.25002	0.23626	0.51372
789 A	0.25029	0.23014	0.51957
790 G	0.25084	0.22214	0.52702
791 G	0.25308	0.20576	0.54116
792 T	0.25426	0.19569	0.55005
793 G	0.25405	0.18555	0.5604
794 G	0.25510	0.11481	0.63008
795 A	0.25661	0.09025	0.65314
796 G	0.25840	0.06736	0.67424
797 T	0.26324	0.05075	0.68601
798 T	0.26543	0.04482	0.68975
799 T	0.26628	0.05086	0.68286
800 T	0.26600	0.07064	0.66335
801 T	0.26304	0.09244	0.64452
802 A	0.25935	0.13041	0.61024
803 T	0.25719	0.20391	0.5389
804 T	0.25470	0.24409	0.50121
805 T	0.25147	0.29770	0.45083
806 A	0.24673	0.31100	0.44227
807 T	0.24104	0.32031	0.43866
808 T	0.23284	0.34174	0.42542
809 A	0.22448	0.35562	0.4199
810 C	0.20830	0.37605	0.41565
811 A	0.18914	0.41460	0.39626
812 A	0.17437	0.44389	0.38175
813 A	0.16181	0.46004	0.37815
814 A	0.15845	0.46589	0.37565
815 A	0.15709	0.46946	0.37346
816 A	0.15725	0.46911	0.37364
817 C	0.15851	0.46791	0.37358
818 A	0.16007	0.46778	0.37216
819 T	0.16282	0.46641	0.37077
820 A	0.16508	0.46465	0.37027
821 A	0.17115	0.45884	0.37002
822 A	0.18550	0.44459	0.36991
823 A	0.21940	0.40886	0.37174
824 C	0.24797	0.37391	0.37813
825 A	0.28155	0.33609	0.38235
826 T	0.35253	0.26055	0.38692
827 C	0.38005	0.23170	0.38826
828 T	0.42016	0.19638	0.38346
829 A	0.42220	0.20223	0.37556
830 A	0.42163	0.20266	0.37572
831 T	0.41923	0.20308	0.37769
832 A	0.37465	0.24521	0.38014
833 A	0.34529	0.26501	0.3897
834 A	0.28602	0.31108	0.40289
835 A	0.23947	0.34482	0.41572
836 C	0.23955	0.33259	0.42786
837 A	0.23586	0.33622	0.42792
838 T	0.23345	0.33930	0.42724
839 C	0.23217	0.34093	0.4269
840 T	0.23125	0.34357	0.42518
841 A	0.23201	0.34280	0.42519
842 A	0.23317	0.34128	0.42554
843 T	0.23401	0.33969	0.4263
844 A	0.23446	0.33878	0.42676
845 A	0.23494	0.33570	0.42935
846 A	0.23544	0.33256	0.43199
847 A	0.23624	0.32888	0.43488
848 C	0.23809	0.32274	0.43917
849 A	0.24095	0.31823	0.44082
850 T	0.24620	0.30876	0.44505
851 C	0.25205	0.29906	0.44889
852 T	0.25949	0.28864	0.45186
853 A	0.26300	0.28312	0.45388
854 A	0.26726	0.26479	0.46795
855 A	0.26988	0.22095	0.50917
856 T	0.27754	0.18128	0.54118
857 A	0.28388	0.08593	0.63018
858 A	0.29138	0.00000	0.70863
