# lcl|CP097583.1_cds_USQ93617.1_1
# AA	inside	membr	outside
1 A	0.51621	0.00000	0.4838
2 T	0.51424	0.00197	0.4838
3 T	0.51291	0.00329	0.4838
4 A	0.51291	0.01744	0.46965
5 T	0.49086	0.04654	0.4626
6 G	0.49086	0.04789	0.46125
7 C	0.40493	0.13421	0.46086
8 G	0.40493	0.13423	0.46084
9 T	0.39978	0.13963	0.4606
10 G	0.39976	0.15597	0.44428
11 A	0.39856	0.15881	0.44264
12 T	0.38919	0.16904	0.44178
13 A	0.36590	0.20422	0.42989
14 A	0.36590	0.20422	0.42989
15 T	0.36590	0.33265	0.30146
16 A	0.36500	0.33354	0.30146
17 A	0.36459	0.33465	0.30077
18 T	0.36458	0.33613	0.29929
19 A	0.36315	0.33840	0.29845
20 G	0.35928	0.34865	0.29207
21 A	0.35527	0.35267	0.29206
22 A	0.35523	0.35304	0.29174
23 A	0.35576	0.35200	0.29225
24 A	0.35859	0.34848	0.29293
25 G	0.36156	0.33409	0.30436
26 T	0.36410	0.32376	0.31213
27 T	0.37427	0.29897	0.32676
28 T	0.38006	0.27313	0.34681
29 T	0.38213	0.26555	0.35233
30 T	0.38451	0.21244	0.40305
31 T	0.38446	0.20912	0.40641
32 C	0.38368	0.20369	0.41263
33 A	0.38870	0.19701	0.41429
34 G	0.38954	0.19387	0.41659
35 G	0.39227	0.18402	0.4237
36 C	0.40450	0.15643	0.43907
37 G	0.40988	0.15107	0.43904
38 T	0.52988	0.03058	0.43954
39 C	0.53100	0.03006	0.43894
40 G	0.53321	0.03059	0.43621
41 T	0.53516	0.03491	0.42993
42 T	0.53362	0.04943	0.41695
43 G	0.53604	0.04547	0.41849
44 T	0.53252	0.05885	0.40863
45 T	0.53126	0.06537	0.40336
46 T	0.52656	0.07480	0.39864
47 C	0.52009	0.08490	0.395
48 T	0.50248	0.11815	0.37937
49 G	0.44696	0.20076	0.35228
50 A	0.40367	0.25852	0.33781
51 T	0.39411	0.27835	0.32754
52 A	0.38141	0.30019	0.3184
53 A	0.36873	0.31922	0.31205
54 A	0.36073	0.32795	0.31132
55 A	0.35836	0.33029	0.31136
56 T	0.35730	0.33005	0.31266
57 G	0.35404	0.33444	0.31152
58 C	0.35175	0.33813	0.31012
59 A	0.35122	0.34172	0.30706
60 A	0.34906	0.34676	0.30418
61 A	0.34791	0.34833	0.30376
62 A	0.34966	0.34654	0.3038
63 A	0.35252	0.34355	0.30393
64 A	0.35934	0.33500	0.30566
65 C	0.37331	0.31590	0.31079
66 A	0.37685	0.31054	0.31261
67 G	0.39105	0.28981	0.31914
68 T	0.40379	0.27367	0.32254
69 T	0.41365	0.25764	0.32871
70 G	0.41755	0.24778	0.33467
71 T	0.43467	0.20719	0.35814
72 T	0.45289	0.13809	0.40902
73 G	0.45539	0.09850	0.4461
74 T	0.45972	0.08656	0.45372
75 A	0.46082	0.07706	0.46213
76 G	0.46174	0.06901	0.46926
77 C	0.46167	0.06307	0.47525
78 T	0.46278	0.06609	0.47113
79 G	0.46287	0.07303	0.46411
80 T	0.46527	0.07726	0.45747
81 T	0.46598	0.08685	0.44717
82 A	0.46667	0.08730	0.44603
83 A	0.46674	0.08495	0.44831
84 T	0.46437	0.08571	0.44992
85 T	0.45612	0.09350	0.45038
86 C	0.45022	0.10024	0.44954
87 T	0.44237	0.11274	0.4449
88 T	0.42893	0.12976	0.44131
89 A	0.41679	0.14858	0.43463
90 T	0.40690	0.16592	0.42717
91 A	0.34965	0.24062	0.40973
92 A	0.32010	0.28399	0.39591
93 T	0.30307	0.30169	0.39523
94 A	0.26964	0.33708	0.39328
95 A	0.25570	0.35137	0.39293
96 A	0.24851	0.35377	0.39773
97 C	0.24756	0.35005	0.40239
98 A	0.24901	0.34475	0.40624
99 T	0.25879	0.33079	0.41042
100 C	0.26196	0.32582	0.41222
101 C	0.26944	0.31821	0.41236
102 T	0.27506	0.31428	0.41066
103 T	0.27644	0.31663	0.40693
104 T	0.27306	0.32157	0.40537
105 A	0.24729	0.35244	0.40028
106 T	0.23762	0.36425	0.39813
107 A	0.21801	0.38077	0.40122
108 C	0.20238	0.38384	0.41378
109 A	0.19266	0.40132	0.40603
110 A	0.19200	0.40681	0.40119
111 A	0.18540	0.42867	0.38593
112 A	0.17991	0.47772	0.34238
113 A	0.17798	0.52666	0.29535
114 A	0.18788	0.48110	0.33101
115 A	0.19448	0.45960	0.34592
116 G	0.19358	0.45054	0.35588
117 A	0.19479	0.45407	0.35114
118 A	0.19523	0.47573	0.32903
119 T	0.19458	0.48191	0.32351
120 T	0.18880	0.50802	0.30318
121 A	0.17909	0.53467	0.28623
122 A	0.17464	0.54529	0.28006
123 A	0.17302	0.55453	0.27245
124 A	0.17207	0.55338	0.27455
125 A	0.17317	0.54852	0.27831
126 A	0.17671	0.53825	0.28505
127 A	0.17995	0.52455	0.2955
128 C	0.18712	0.48682	0.32606
129 T	0.19470	0.46910	0.33619
130 A	0.19813	0.45298	0.34889
131 G	0.20263	0.43897	0.3584
132 C	0.21650	0.42125	0.36225
133 A	0.22754	0.41967	0.35279
134 A	0.25115	0.39030	0.35855
135 A	0.31352	0.31956	0.36692
136 T	0.39151	0.23709	0.3714
137 T	0.42941	0.20622	0.36436
138 T	0.44907	0.19357	0.35736
139 T	0.45612	0.19870	0.34518
140 A	0.46137	0.20350	0.33513
141 T	0.47694	0.18643	0.33663
142 A	0.48134	0.18263	0.33604
143 T	0.50140	0.15568	0.34292
144 T	0.50992	0.13915	0.35092
145 C	0.50485	0.14102	0.35413
146 A	0.49641	0.14920	0.35439
147 C	0.43228	0.21337	0.35435
148 G	0.38122	0.26617	0.35261
149 A	0.33863	0.31151	0.34986
150 C	0.31768	0.33517	0.34715
151 G	0.30205	0.35812	0.33983
152 A	0.29412	0.37480	0.33109
153 A	0.29102	0.38630	0.32268
154 A	0.28558	0.39813	0.31629
155 A	0.28262	0.40413	0.31325
156 T	0.29269	0.39464	0.31267
157 G	0.29502	0.39536	0.30963
158 A	0.29900	0.39379	0.30721
159 A	0.30447	0.38912	0.30642
160 G	0.31827	0.37376	0.30797
161 T	0.33464	0.35531	0.31005
162 T	0.34904	0.33860	0.31236
163 G	0.35507	0.32944	0.31549
164 C	0.35564	0.32615	0.31821
165 T	0.35735	0.32275	0.3199
166 A	0.35645	0.32244	0.32111
167 A	0.35610	0.32002	0.32389
168 A	0.35604	0.31301	0.33095
169 A	0.35630	0.30390	0.33981
170 T	0.35793	0.23295	0.40911
171 A	0.35980	0.18047	0.45973
172 G	0.36308	0.13100	0.50593
173 G	0.36690	0.10562	0.52747
174 T	0.37491	0.08300	0.5421
175 G	0.38117	0.06988	0.54895
176 A	0.38907	0.05833	0.5526
177 T	0.39672	0.04248	0.56081
178 C	0.40034	0.03318	0.56649
179 T	0.40313	0.04456	0.55231
180 T	0.40647	0.05686	0.53667
181 G	0.40790	0.05862	0.53348
182 T	0.40878	0.05994	0.53128
183 T	0.40891	0.06272	0.52837
184 T	0.40897	0.06797	0.52306
185 C	0.40882	0.07249	0.5187
186 T	0.40831	0.08142	0.51026
187 T	0.40778	0.08848	0.50375
188 T	0.40667	0.09494	0.49839
189 T	0.40236	0.11307	0.48456
190 G	0.39283	0.13888	0.4683
191 A	0.38591	0.18078	0.4333
192 A	0.36469	0.23113	0.40419
193 G	0.35855	0.26042	0.38103
194 A	0.35576	0.27819	0.36605
195 A	0.35354	0.29052	0.35595
196 A	0.35211	0.30621	0.34168
197 G	0.35097	0.32164	0.32739
198 A	0.34804	0.33083	0.32113
199 A	0.34704	0.33343	0.31953
200 G	0.34733	0.33485	0.31782
201 A	0.34845	0.33495	0.3166
202 C	0.36255	0.32152	0.31594
203 C	0.37745	0.30916	0.31339
204 T	0.38333	0.31111	0.30556
205 G	0.38619	0.31009	0.30373
206 T	0.39164	0.30576	0.3026
207 A	0.39524	0.30322	0.30154
208 T	0.40080	0.29754	0.30166
209 C	0.39871	0.29803	0.30326
210 T	0.39782	0.30035	0.30183
211 A	0.39025	0.30772	0.30203
212 A	0.38721	0.30949	0.3033
213 A	0.38632	0.30562	0.30806
214 A	0.40202	0.28622	0.31177
215 C	0.42243	0.24500	0.33257
216 T	0.44310	0.22615	0.33076
217 A	0.44562	0.22897	0.32542
218 A	0.44573	0.23556	0.31872
219 A	0.45389	0.23068	0.31544
220 A	0.46478	0.21971	0.31551
221 A	0.47337	0.20583	0.3208
222 A	0.48177	0.19154	0.32669
223 T	0.49413	0.17403	0.33183
224 T	0.50158	0.16229	0.33612
225 T	0.50570	0.15468	0.33962
226 C	0.50962	0.14897	0.34141
227 G	0.51707	0.14089	0.34204
228 T	0.51988	0.13745	0.34267
229 T	0.52082	0.13638	0.3428
230 T	0.52134	0.13520	0.34346
231 A	0.52102	0.13579	0.34319
232 T	0.51976	0.12844	0.3518
233 T	0.51844	0.12177	0.35978
234 A	0.50696	0.12510	0.36794
235 A	0.50118	0.11985	0.37898
236 A	0.50146	0.10966	0.38888
237 T	0.50205	0.09806	0.39988
238 G	0.50169	0.09084	0.40746
239 T	0.50857	0.08137	0.41007
240 T	0.51282	0.07520	0.41198
241 A	0.51405	0.07858	0.40737
242 T	0.51097	0.08780	0.40123
243 T	0.50250	0.11462	0.38288
244 T	0.47998	0.16927	0.35074
245 T	0.42049	0.24125	0.33827
246 G	0.31664	0.35935	0.32402
247 A	0.20515	0.48944	0.30542
248 G	0.19168	0.50618	0.30214
249 C	0.18172	0.51880	0.29948
250 A	0.17274	0.53578	0.29148
251 A	0.17156	0.53909	0.28936
252 A	0.17157	0.53974	0.28869
253 A	0.17241	0.53873	0.28886
254 A	0.17364	0.53698	0.28938
255 T	0.17518	0.53268	0.29215
256 A	0.17581	0.52909	0.2951
257 A	0.17695	0.51720	0.30585
258 G	0.17819	0.50874	0.31307
259 G	0.17994	0.50438	0.31568
260 T	0.18219	0.50075	0.31706
261 A	0.18393	0.49744	0.31863
262 A	0.18651	0.49313	0.32036
263 A	0.19160	0.48466	0.32374
264 A	0.20106	0.46767	0.33127
265 G	0.20974	0.44597	0.34429
266 A	0.23103	0.40769	0.36128
267 A	0.26499	0.34038	0.39463
268 T	0.28529	0.24839	0.46632
269 A	0.30057	0.13556	0.56387
270 A	0.32413	0.00000	0.67587
