# lcl|CP097583.1_cds_USQ93159.1_1
# AA	inside	membr	outside
1 A	0.55367	0.00000	0.44633
2 T	0.55261	0.00106	0.44633
3 G	0.55173	0.00194	0.44633
4 A	0.55173	0.03297	0.41529
5 T	0.54151	0.09494	0.36355
6 A	0.54151	0.09959	0.3589
7 A	0.46515	0.17814	0.35671
8 T	0.46515	0.17820	0.35665
9 T	0.43808	0.20610	0.35581
10 C	0.43796	0.29010	0.27194
11 A	0.42842	0.31110	0.26047
12 T	0.36973	0.37327	0.257
13 G	0.21187	0.54669	0.24144
14 A	0.21184	0.54672	0.24144
15 A	0.21184	0.59045	0.19771
16 A	0.21137	0.59092	0.19771
17 A	0.21086	0.59159	0.19755
18 A	0.21085	0.59184	0.19731
19 A	0.21082	0.59195	0.19722
20 T	0.21070	0.59343	0.19586
21 T	0.20895	0.59506	0.196
22 T	0.20932	0.59542	0.19526
23 T	0.20807	0.59740	0.19454
24 A	0.20344	0.60398	0.19258
25 A	0.19898	0.60914	0.19188
26 A	0.19714	0.61067	0.19219
27 A	0.22035	0.58157	0.19809
28 A	0.26446	0.52726	0.20828
29 A	0.27267	0.51509	0.21224
30 A	0.28836	0.43368	0.27796
31 T	0.30064	0.40099	0.29837
32 A	0.30683	0.33292	0.36025
33 T	0.38370	0.19457	0.42172
34 C	0.39423	0.16445	0.44131
35 T	0.40952	0.12337	0.46712
36 T	0.41884	0.05855	0.52262
37 T	0.41969	0.05636	0.52395
38 C	0.43341	0.04225	0.52434
39 T	0.43084	0.05440	0.51475
40 C	0.42655	0.07567	0.49777
41 T	0.42365	0.13511	0.44124
42 A	0.41867	0.19397	0.38736
43 A	0.41274	0.21395	0.37331
44 A	0.40390	0.26093	0.33518
45 T	0.40289	0.28317	0.31395
46 G	0.39996	0.30259	0.29745
47 A	0.39745	0.31093	0.29161
48 T	0.39796	0.30883	0.2932
49 T	0.39672	0.31255	0.29073
50 A	0.38970	0.32517	0.28514
51 C	0.38776	0.32739	0.28486
52 A	0.38576	0.33164	0.2826
53 G	0.38299	0.33555	0.28147
54 T	0.38220	0.33826	0.27954
55 T	0.38104	0.34235	0.27661
56 T	0.38034	0.34371	0.27594
57 A	0.37642	0.34885	0.27473
58 A	0.37268	0.35357	0.27375
59 A	0.37147	0.35341	0.27511
60 C	0.37179	0.35126	0.27694
61 G	0.37062	0.35597	0.2734
62 A	0.38206	0.34724	0.2707
63 A	0.40903	0.31787	0.2731
64 T	0.48101	0.24320	0.27578
65 T	0.52505	0.19553	0.27943
66 A	0.53302	0.18042	0.28656
67 C	0.55831	0.14599	0.2957
68 A	0.57143	0.13161	0.29697
69 A	0.58790	0.11257	0.29952
70 T	0.60291	0.09316	0.30393
71 T	0.60842	0.08695	0.30463
72 T	0.61186	0.08456	0.30358
73 T	0.61238	0.08256	0.30506
74 T	0.60590	0.08824	0.30587
75 A	0.53951	0.15551	0.30499
76 A	0.49995	0.19473	0.30532
77 T	0.48326	0.21075	0.30599
78 C	0.46673	0.22969	0.30358
79 A	0.44520	0.26287	0.29192
80 A	0.43842	0.27279	0.28879
81 T	0.43531	0.27430	0.29039
82 A	0.42023	0.29014	0.28963
83 A	0.41010	0.30074	0.28917
84 T	0.40840	0.29878	0.29282
85 C	0.40655	0.29839	0.29505
86 A	0.40567	0.30054	0.29379
87 T	0.40607	0.30176	0.29216
88 A	0.40518	0.30243	0.2924
89 T	0.40551	0.30090	0.29358
90 T	0.40424	0.30286	0.2929
91 A	0.39525	0.30941	0.29533
92 C	0.38678	0.31598	0.29724
93 T	0.38054	0.32333	0.29614
94 G	0.37179	0.33246	0.29575
95 A	0.36543	0.34006	0.2945
96 A	0.36382	0.34064	0.29553
97 A	0.35931	0.34134	0.29936
98 T	0.35942	0.27380	0.36679
99 A	0.35822	0.24546	0.39632
100 G	0.35875	0.23213	0.40911
101 A	0.36302	0.23924	0.39774
102 T	0.37308	0.24323	0.38368
103 A	0.37483	0.27269	0.35249
104 A	0.37322	0.27196	0.35482
105 A	0.36648	0.26799	0.36552
106 T	0.35447	0.27295	0.37257
107 G	0.32132	0.30794	0.37074
108 C	0.30407	0.32644	0.36949
109 G	0.29710	0.34597	0.35693
110 A	0.29323	0.35968	0.34708
111 A	0.29117	0.36564	0.34319
112 A	0.29138	0.36725	0.34136
113 T	0.29354	0.36445	0.34201
114 A	0.29377	0.35539	0.35084
115 T	0.29549	0.34319	0.36132
116 T	0.29571	0.33569	0.3686
117 A	0.29283	0.33109	0.37607
118 G	0.29175	0.32457	0.38369
119 A	0.29279	0.31807	0.38915
120 A	0.29473	0.30985	0.39543
121 C	0.30304	0.29679	0.40017
122 C	0.32018	0.27686	0.40296
123 T	0.33951	0.25821	0.40229
124 A	0.35585	0.24461	0.39953
125 A	0.37799	0.22560	0.3964
126 T	0.40387	0.20278	0.39335
127 G	0.40494	0.20119	0.39387
128 A	0.41006	0.18671	0.40322
129 T	0.42700	0.15180	0.4212
130 T	0.43920	0.10470	0.4561
131 T	0.44411	0.08596	0.46993
132 T	0.44672	0.07915	0.47413
133 T	0.44215	0.08402	0.47383
134 T	0.42758	0.10208	0.47034
135 G	0.40650	0.12620	0.46731
136 A	0.39932	0.13680	0.46388
137 T	0.39653	0.14024	0.46324
138 T	0.39021	0.14818	0.46162
139 A	0.38271	0.15850	0.45878
140 T	0.37717	0.16487	0.45796
141 A	0.36124	0.18739	0.45137
142 G	0.34596	0.21668	0.43736
143 G	0.33619	0.25390	0.4099
144 A	0.33067	0.30626	0.36307
145 A	0.32817	0.32125	0.35058
146 A	0.32851	0.32360	0.34789
147 A	0.33147	0.32052	0.34801
148 A	0.33619	0.31439	0.34942
149 T	0.34244	0.30668	0.35088
150 T	0.34558	0.30114	0.35328
151 A	0.34721	0.29850	0.35429
152 T	0.34893	0.29411	0.35696
153 T	0.34918	0.29109	0.35973
154 G	0.34934	0.28924	0.36141
155 A	0.35119	0.28410	0.36471
156 A	0.35588	0.27126	0.37286
157 T	0.36250	0.24752	0.38998
158 T	0.36628	0.22962	0.4041
159 T	0.36345	0.24261	0.39395
160 A	0.35020	0.28658	0.36323
161 A	0.33659	0.32898	0.33444
162 A	0.33432	0.35320	0.31247
163 A	0.33645	0.35500	0.30855
164 A	0.34555	0.33745	0.31701
165 A	0.36347	0.30568	0.33085
166 G	0.39404	0.26574	0.34022
167 T	0.43998	0.21503	0.34499
168 T	0.44778	0.20512	0.3471
169 C	0.44580	0.20656	0.34765
170 C	0.44540	0.20765	0.34695
171 T	0.44498	0.21061	0.34441
172 A	0.44313	0.21304	0.34384
173 A	0.44180	0.21540	0.3428
174 T	0.44251	0.21577	0.34171
175 T	0.43955	0.22024	0.34021
176 C	0.43272	0.22702	0.34026
177 G	0.42617	0.23735	0.33648
178 G	0.42185	0.24741	0.33073
179 A	0.41940	0.25753	0.32306
180 A	0.41917	0.25882	0.32201
181 A	0.42629	0.25229	0.32142
182 A	0.44760	0.22409	0.32831
183 A	0.48181	0.17615	0.34204
184 C	0.51248	0.12973	0.3578
185 T	0.53722	0.10144	0.36134
186 T	0.54375	0.09420	0.36205
187 A	0.54595	0.09455	0.3595
188 A	0.54674	0.09353	0.35972
189 T	0.54766	0.09193	0.36041
190 T	0.54733	0.08955	0.36312
191 T	0.54635	0.08752	0.36613
192 C	0.54546	0.08689	0.36765
193 G	0.54471	0.08855	0.36674
194 T	0.54558	0.08739	0.36703
195 A	0.54497	0.08788	0.36715
196 A	0.54586	0.08716	0.36697
197 C	0.54778	0.08487	0.36735
198 T	0.55087	0.07874	0.37038
199 G	0.55185	0.07230	0.37585
200 T	0.55434	0.06726	0.3784
201 A	0.55364	0.07035	0.37602
202 G	0.55781	0.06911	0.37308
203 A	0.55793	0.07662	0.36546
204 T	0.55806	0.08520	0.35674
205 A	0.55645	0.09496	0.34859
206 T	0.55617	0.09996	0.34387
207 T	0.54877	0.11866	0.33257
208 A	0.53321	0.14439	0.3224
209 A	0.52853	0.15230	0.31917
210 A	0.52724	0.15320	0.31957
211 G	0.52628	0.15344	0.32028
212 A	0.52657	0.15257	0.32087
213 T	0.52803	0.14948	0.3225
214 C	0.52858	0.14717	0.32424
215 A	0.53085	0.14473	0.32442
216 T	0.53334	0.14196	0.3247
217 C	0.53408	0.14176	0.32415
218 A	0.53522	0.14161	0.32317
219 T	0.53798	0.13915	0.32287
220 T	0.53962	0.13690	0.32347
221 T	0.54165	0.13471	0.32363
222 A	0.54232	0.13392	0.32376
223 A	0.54562	0.12892	0.32545
224 C	0.55073	0.11928	0.32999
225 A	0.55625	0.11311	0.33064
226 A	0.56785	0.10057	0.33158
227 T	0.58243	0.08419	0.33339
228 T	0.59135	0.07318	0.33547
229 A	0.59580	0.06790	0.3363
230 T	0.60667	0.04752	0.34581
231 T	0.61342	0.02642	0.36015
232 T	0.61389	0.02203	0.36408
233 G	0.61012	0.02565	0.36422
234 T	0.60299	0.03772	0.35928
235 G	0.58619	0.05607	0.35775
236 G	0.57802	0.06488	0.3571
237 A	0.57210	0.07181	0.35609
238 G	0.56778	0.07578	0.35643
239 C	0.56331	0.08041	0.35628
240 T	0.55873	0.08761	0.35366
241 T	0.54865	0.10144	0.34991
242 C	0.52547	0.12915	0.34539
243 A	0.51554	0.14196	0.34251
244 A	0.51060	0.14904	0.34036
245 A	0.50732	0.15409	0.33858
246 T	0.50481	0.15725	0.33794
247 C	0.49920	0.16278	0.33802
248 T	0.49282	0.16911	0.33807
249 T	0.47755	0.18570	0.33675
250 G	0.44688	0.21777	0.33536
251 C	0.43562	0.22999	0.3344
252 A	0.42683	0.24244	0.33073
253 A	0.42325	0.24887	0.32789
254 A	0.42245	0.25050	0.32706
255 A	0.42302	0.24952	0.32746
256 G	0.42428	0.24571	0.33001
257 A	0.42863	0.23411	0.33726
258 T	0.42477	0.22324	0.35199
259 A	0.41617	0.22596	0.35787
260 A	0.41269	0.22502	0.36228
261 A	0.40863	0.22613	0.36523
262 A	0.40665	0.22349	0.36986
263 A	0.40486	0.21866	0.37649
264 A	0.40679	0.20685	0.38635
265 G	0.41069	0.18210	0.40721
266 T	0.41342	0.17392	0.41266
267 A	0.41423	0.17217	0.4136
268 G	0.41586	0.16801	0.41613
269 T	0.41701	0.16132	0.42167
270 A	0.41592	0.15411	0.42998
271 G	0.41617	0.14199	0.44184
272 T	0.41844	0.12385	0.45771
273 C	0.41926	0.09878	0.48196
274 G	0.41923	0.09332	0.48745
275 C	0.42135	0.08719	0.49145
276 T	0.42342	0.08679	0.48979
277 T	0.42379	0.08997	0.48624
278 T	0.42358	0.09530	0.48112
279 A	0.42269	0.10430	0.473
280 A	0.42300	0.10526	0.47174
281 T	0.42404	0.09770	0.47827
282 T	0.42413	0.09421	0.48165
283 G	0.42224	0.09249	0.48527
284 G	0.42126	0.09287	0.48587
285 A	0.42280	0.09460	0.4826
286 G	0.42409	0.09106	0.48484
287 C	0.42725	0.08744	0.48531
288 T	0.43234	0.08527	0.48238
289 T	0.43574	0.08610	0.47816
290 A	0.43813	0.09049	0.47138
291 T	0.44078	0.09671	0.4625
292 T	0.44083	0.10539	0.45379
293 T	0.44003	0.11333	0.44664
294 A	0.43783	0.12720	0.43496
295 A	0.43312	0.13429	0.43259
296 A	0.42907	0.13986	0.43107
297 A	0.42746	0.14235	0.4302
298 T	0.42338	0.14907	0.42756
299 C	0.40741	0.17234	0.42025
300 A	0.38780	0.23095	0.38124
301 A	0.37251	0.28092	0.34657
302 T	0.36244	0.31481	0.32274
303 A	0.34165	0.34212	0.31622
304 A	0.33098	0.35885	0.31017
305 A	0.33234	0.35889	0.30878
306 A	0.33048	0.35818	0.31134
307 C	0.33209	0.35305	0.31487
308 T	0.33836	0.34644	0.3152
309 T	0.33924	0.34554	0.31522
310 C	0.33755	0.34733	0.31512
311 A	0.33748	0.34743	0.31508
312 C	0.33969	0.34520	0.31511
313 A	0.34375	0.34111	0.31514
314 T	0.35272	0.33231	0.31497
315 C	0.35772	0.32792	0.31436
316 A	0.36079	0.32863	0.31058
317 A	0.36515	0.32418	0.31067
318 A	0.36560	0.32027	0.31414
319 G	0.36596	0.31683	0.31721
320 A	0.36120	0.32199	0.31681
321 A	0.36467	0.31099	0.32434
322 A	0.37612	0.28126	0.34262
323 A	0.41469	0.21827	0.36704
324 A	0.44968	0.16371	0.38661
325 G	0.47336	0.12138	0.40526
326 A	0.48243	0.09595	0.42163
327 T	0.49128	0.07761	0.43112
328 A	0.49398	0.07990	0.42612
329 T	0.49463	0.07604	0.42932
330 T	0.49316	0.07855	0.4283
331 T	0.48972	0.08394	0.42634
332 T	0.48395	0.09447	0.42157
333 C	0.47159	0.10710	0.42131
334 G	0.45953	0.12258	0.41788
335 G	0.45264	0.13317	0.41419
336 A	0.44870	0.14090	0.4104
337 C	0.44724	0.14410	0.40866
338 A	0.44733	0.14744	0.40524
339 T	0.45144	0.14324	0.40532
340 A	0.45199	0.14191	0.40611
341 A	0.45261	0.13970	0.40769
342 A	0.45374	0.13671	0.40955
343 T	0.45645	0.12377	0.41978
344 C	0.45810	0.11778	0.42412
345 T	0.45984	0.11473	0.42543
346 C	0.46055	0.11343	0.42601
347 G	0.46144	0.11290	0.42566
348 T	0.46343	0.11190	0.42467
349 G	0.46573	0.11096	0.4233
350 G	0.46794	0.11061	0.42144
351 A	0.47562	0.10464	0.41973
352 A	0.47875	0.10155	0.4197
353 T	0.48398	0.09365	0.42237
354 G	0.48863	0.08586	0.42551
355 A	0.49552	0.07688	0.4276
356 T	0.50202	0.06392	0.43406
357 T	0.50584	0.05942	0.43473
358 T	0.50820	0.05289	0.43891
359 G	0.50724	0.05256	0.44019
360 T	0.50707	0.05445	0.43849
361 T	0.50345	0.05951	0.43704
362 C	0.49107	0.07356	0.43537
363 T	0.48738	0.07806	0.43456
364 G	0.48246	0.08398	0.43357
365 C	0.47895	0.08858	0.43247
366 G	0.47595	0.09520	0.42885
367 C	0.47348	0.10771	0.41881
368 A	0.46900	0.12377	0.40723
369 A	0.45943	0.14311	0.39747
370 G	0.45607	0.15234	0.39158
371 A	0.45619	0.15531	0.38849
372 A	0.45720	0.15528	0.38753
373 T	0.45921	0.15183	0.38896
374 T	0.45999	0.14999	0.39001
375 A	0.45984	0.14981	0.39035
376 G	0.46224	0.14727	0.39049
377 G	0.46584	0.14335	0.39081
378 A	0.47025	0.13930	0.39045
379 T	0.47537	0.13398	0.39065
380 T	0.48218	0.12646	0.39136
381 A	0.48266	0.12511	0.39222
382 G	0.48333	0.11974	0.39693
383 A	0.48549	0.11516	0.39935
384 T	0.48829	0.10513	0.40659
385 C	0.48983	0.08997	0.4202
386 C	0.49118	0.08631	0.42251
387 T	0.49221	0.08582	0.42198
388 A	0.49074	0.09013	0.41912
389 A	0.49175	0.09128	0.41696
390 T	0.50399	0.08049	0.41551
391 A	0.50963	0.07563	0.41474
392 T	0.51578	0.06245	0.42178
393 T	0.51244	0.07298	0.41458
394 T	0.49811	0.11484	0.38705
395 T	0.46226	0.16142	0.37632
396 A	0.33382	0.31529	0.35089
397 A	0.26900	0.39058	0.34042
398 G	0.23041	0.43232	0.33727
399 C	0.20396	0.46270	0.33334
400 G	0.18298	0.49129	0.32573
401 A	0.16661	0.51785	0.31554
402 A	0.15358	0.53618	0.31024
403 G	0.14707	0.54495	0.30799
404 A	0.14339	0.55021	0.30641
405 A	0.14151	0.55237	0.30612
406 G	0.14063	0.55320	0.30617
407 A	0.13980	0.55426	0.30594
408 A	0.13962	0.55401	0.30637
409 A	0.13966	0.55361	0.30673
410 A	0.14109	0.55203	0.30689
411 A	0.14373	0.54782	0.30845
412 A	0.14630	0.54369	0.31002
413 A	0.14934	0.53760	0.31306
414 A	0.15454	0.52455	0.32092
415 G	0.15970	0.50825	0.33206
416 G	0.17166	0.48164	0.3467
417 A	0.19961	0.43526	0.36512
418 A	0.21582	0.37942	0.40476
419 T	0.24984	0.21961	0.53055
420 T	0.26433	0.14971	0.58596
421 T	0.26933	0.11451	0.61616
422 T	0.27152	0.09674	0.63174
423 A	0.27336	0.08916	0.63747
424 A	0.27722	0.07446	0.64832
425 T	0.28130	0.05967	0.65903
426 T	0.28263	0.05466	0.66271
427 T	0.28166	0.06316	0.65519
428 T	0.27700	0.08190	0.6411
429 A	0.26419	0.11654	0.61927
430 G	0.25460	0.14481	0.60059
431 A	0.24947	0.17413	0.57639
432 A	0.24608	0.20537	0.54855
433 A	0.24404	0.28335	0.47262
434 A	0.24390	0.30045	0.45565
435 T	0.24445	0.30802	0.44753
436 G	0.24381	0.31019	0.446
437 A	0.24421	0.31076	0.44503
438 T	0.24545	0.30942	0.44513
439 G	0.24605	0.30869	0.44526
440 C	0.24753	0.30712	0.44535
441 T	0.25111	0.30355	0.44535
442 C	0.25307	0.30165	0.44528
443 C	0.25568	0.29956	0.44476
444 T	0.25920	0.29726	0.44355
445 G	0.26168	0.29631	0.44201
446 T	0.26843	0.29047	0.44111
447 T	0.27149	0.28796	0.44055
448 G	0.27207	0.28737	0.44057
449 G	0.27548	0.28160	0.44292
450 T	0.28959	0.26437	0.44603
451 G	0.29942	0.25107	0.44951
452 A	0.31767	0.22444	0.45789
453 A	0.33719	0.19956	0.46325
454 A	0.35959	0.17300	0.46741
455 A	0.38854	0.14026	0.4712
456 T	0.46434	0.06113	0.47453
457 G	0.47798	0.04629	0.47573
458 C	0.48269	0.04209	0.47522
459 T	0.48237	0.05160	0.46603
460 T	0.47414	0.07592	0.44993
461 T	0.44296	0.13713	0.41991
462 A	0.37013	0.23070	0.39917
463 G	0.34989	0.26154	0.38856
464 A	0.33853	0.28290	0.37858
465 A	0.33443	0.29134	0.37423
466 T	0.33341	0.29415	0.37244
467 A	0.32807	0.30129	0.37063
468 T	0.32689	0.30246	0.37065
469 T	0.32517	0.30476	0.37006
470 T	0.32190	0.30947	0.36863
471 A	0.31416	0.31748	0.36836
472 A	0.30825	0.32355	0.3682
473 A	0.30360	0.32795	0.36845
474 T	0.30242	0.32633	0.37124
475 C	0.29923	0.32833	0.37244
476 T	0.29686	0.33266	0.37048
477 A	0.29268	0.34046	0.36686
478 A	0.28965	0.34579	0.36455
479 A	0.28871	0.34731	0.36398
480 A	0.28927	0.34648	0.36424
481 G	0.29265	0.33462	0.37273
482 G	0.30654	0.31121	0.38225
483 A	0.32767	0.27765	0.39468
484 T	0.36405	0.20586	0.43009
485 T	0.38279	0.12400	0.49321
486 T	0.39010	0.10120	0.50871
487 T	0.39448	0.08885	0.51667
488 T	0.39613	0.08473	0.51914
489 A	0.39646	0.08370	0.51985
490 T	0.39750	0.07777	0.52473
491 T	0.39784	0.07774	0.52442
492 A	0.39699	0.08419	0.51881
493 A	0.39740	0.09284	0.50976
494 A	0.39709	0.10412	0.49879
495 A	0.39731	0.10933	0.49336
496 T	0.39693	0.11425	0.48882
497 T	0.39706	0.12857	0.47437
498 A	0.39670	0.16588	0.43743
499 A	0.39822	0.22387	0.37792
500 A	0.40141	0.23625	0.36235
501 T	0.40378	0.24254	0.35368
502 A	0.40418	0.24323	0.35259
503 T	0.40517	0.24255	0.35228
504 T	0.40526	0.24369	0.35105
505 A	0.40509	0.24395	0.35095
506 C	0.40433	0.24468	0.35099
507 T	0.40415	0.24495	0.35089
508 T	0.40397	0.24530	0.35073
509 C	0.40324	0.24599	0.35077
510 G	0.40280	0.24652	0.35068
511 G	0.40279	0.24660	0.35061
512 A	0.40356	0.24565	0.35079
513 C	0.40471	0.24417	0.35112
514 A	0.40713	0.24181	0.35105
515 G	0.41401	0.23347	0.35252
516 A	0.42528	0.22128	0.35344
517 G	0.44371	0.20151	0.35479
518 G	0.46024	0.18407	0.35569
519 C	0.47741	0.16401	0.35858
520 G	0.49724	0.14337	0.35939
521 A	0.53528	0.10461	0.36011
522 T	0.59493	0.04452	0.36055
523 C	0.61185	0.02737	0.36077
524 T	0.62301	0.01631	0.36069
525 T	0.62564	0.01347	0.36089
526 T	0.62635	0.01254	0.3611
527 T	0.62638	0.01239	0.36123
528 A	0.62275	0.01614	0.36112
529 T	0.61959	0.01811	0.3623
530 C	0.61493	0.02197	0.3631
531 T	0.61147	0.02597	0.36256
532 T	0.60638	0.03136	0.36226
533 A	0.58920	0.04939	0.36142
534 T	0.57451	0.06453	0.36096
535 A	0.55350	0.08670	0.35981
536 T	0.53946	0.10012	0.36042
537 A	0.51807	0.12136	0.36058
538 G	0.50964	0.12968	0.36068
539 G	0.50529	0.13366	0.36104
540 C	0.50230	0.13643	0.36127
541 T	0.49966	0.13904	0.3613
542 T	0.49573	0.14296	0.3613
543 C	0.49024	0.14847	0.36129
544 G	0.48379	0.15516	0.36106
545 C	0.48250	0.15684	0.36066
546 T	0.48080	0.15998	0.35922
547 G	0.47804	0.16506	0.35691
548 A	0.47717	0.16793	0.35491
549 A	0.47629	0.17026	0.35345
550 G	0.47441	0.17233	0.35327
551 A	0.47355	0.16907	0.35739
552 T	0.47361	0.16338	0.363
553 T	0.47086	0.15857	0.37058
554 T	0.46418	0.16160	0.37423
555 A	0.45299	0.17134	0.37567
556 A	0.44513	0.17179	0.38308
557 A	0.44188	0.16858	0.38953
558 A	0.44103	0.15349	0.40549
559 A	0.44059	0.14174	0.41767
560 G	0.43962	0.12746	0.43293
561 T	0.43847	0.12932	0.43221
562 T	0.43081	0.14654	0.42266
563 T	0.42028	0.15712	0.4226
564 A	0.40590	0.17246	0.42163
565 A	0.39427	0.18403	0.42169
566 A	0.38460	0.18965	0.42576
567 C	0.38124	0.18692	0.43184
568 A	0.38063	0.19209	0.42727
569 G	0.38171	0.19323	0.42506
570 T	0.38390	0.19355	0.42255
571 A	0.38461	0.19565	0.41974
572 T	0.38539	0.19581	0.4188
573 T	0.38258	0.19571	0.42171
574 A	0.38050	0.19570	0.4238
575 A	0.37984	0.19225	0.42791
576 T	0.38052	0.18404	0.43545
577 C	0.38065	0.17489	0.44446
578 G	0.38214	0.16634	0.45152
579 A	0.38576	0.15838	0.45587
580 T	0.39428	0.14747	0.45825
581 T	0.39728	0.14323	0.45949
582 G	0.39883	0.14126	0.45991
583 G	0.40400	0.13364	0.46235
584 A	0.41332	0.12135	0.46533
585 T	0.42557	0.09840	0.47602
586 T	0.42753	0.08521	0.48726
587 A	0.42935	0.07198	0.49867
588 T	0.43251	0.05910	0.50839
589 C	0.43321	0.04812	0.51866
590 C	0.43440	0.04404	0.52155
591 T	0.44014	0.03970	0.52015
592 A	0.44335	0.03714	0.51951
593 T	0.44658	0.03429	0.51913
594 T	0.44453	0.03657	0.5189
595 T	0.43745	0.04337	0.51918
596 C	0.42328	0.05481	0.52191
597 T	0.41384	0.07270	0.51346
598 T	0.39343	0.09655	0.51002
599 T	0.36693	0.13540	0.49767
600 A	0.31597	0.21642	0.46761
601 A	0.27196	0.28938	0.43866
602 C	0.22837	0.35084	0.42079
603 A	0.14314	0.52001	0.33685
604 A	0.10642	0.65553	0.23805
605 A	0.09258	0.72025	0.18717
606 A	0.08810	0.75982	0.15208
607 A	0.08679	0.76651	0.1467
608 A	0.08599	0.76888	0.14513
609 T	0.08576	0.76909	0.14514
610 A	0.08538	0.76967	0.14495
611 C	0.08500	0.76949	0.14551
612 A	0.08430	0.77089	0.1448
613 A	0.08385	0.77232	0.14382
614 A	0.08423	0.77326	0.14252
615 A	0.08434	0.77450	0.14116
616 A	0.08448	0.77439	0.14112
617 A	0.08347	0.76719	0.14933
618 A	0.08399	0.75089	0.16512
619 G	0.08558	0.72809	0.18634
620 A	0.09276	0.71013	0.19712
621 A	0.09792	0.69252	0.20956
622 G	0.11511	0.66547	0.21943
623 A	0.15462	0.60447	0.24091
624 A	0.19002	0.53731	0.27267
625 A	0.21551	0.46815	0.31634
626 A	0.29220	0.30438	0.40341
627 T	0.38985	0.17359	0.43656
628 C	0.43380	0.11888	0.44732
629 C	0.46313	0.09035	0.44651
630 T	0.46793	0.08890	0.44318
631 T	0.46558	0.09808	0.43634
632 T	0.44820	0.12607	0.42573
633 T	0.39646	0.19796	0.40558
634 C	0.31773	0.31510	0.36717
635 A	0.24334	0.48907	0.26758
636 A	0.21446	0.52676	0.25877
637 A	0.19015	0.55689	0.25296
638 T	0.16848	0.58021	0.25131
639 A	0.13826	0.61199	0.24974
640 C	0.13222	0.61776	0.25002
641 A	0.13076	0.62905	0.24019
642 A	0.13286	0.63164	0.2355
643 A	0.13970	0.62807	0.23222
644 T	0.15592	0.61579	0.22829
645 T	0.16053	0.61537	0.2241
646 A	0.14926	0.63425	0.21649
647 T	0.14540	0.64040	0.2142
648 A	0.13147	0.65802	0.21051
649 A	0.11948	0.67504	0.20548
650 A	0.11026	0.68671	0.20302
651 T	0.11131	0.68686	0.20183
652 A	0.11078	0.68824	0.20097
653 A	0.11614	0.68014	0.20373
654 A	0.12540	0.66339	0.2112
655 A	0.14295	0.62292	0.23413
656 A	0.16691	0.54423	0.28885
657 T	0.21391	0.41177	0.37432
658 T	0.29096	0.26313	0.4459
659 G	0.29412	0.23091	0.47497
660 T	0.29611	0.21199	0.49191
661 T	0.29022	0.20379	0.50599
662 G	0.27352	0.20443	0.52206
663 G	0.26084	0.21402	0.52514
664 G	0.25061	0.23048	0.51891
665 A	0.25018	0.24826	0.50157
666 A	0.25168	0.27854	0.46978
667 T	0.25526	0.30954	0.43521
668 A	0.25175	0.32506	0.42319
669 T	0.24844	0.31287	0.43869
670 A	0.23607	0.32298	0.44095
671 A	0.23830	0.31072	0.45097
672 T	0.24300	0.29240	0.4646
673 C	0.24295	0.28216	0.47489
674 T	0.24194	0.28352	0.47455
675 A	0.23545	0.29374	0.47081
676 C	0.23304	0.29754	0.46942
677 T	0.23292	0.30086	0.46622
678 T	0.23083	0.30750	0.46166
679 T	0.22953	0.31445	0.45602
680 A	0.22799	0.32759	0.44441
681 T	0.22804	0.34476	0.42721
682 A	0.22608	0.37444	0.39948
683 T	0.22557	0.41112	0.36331
684 T	0.21893	0.43869	0.34237
685 A	0.21429	0.47207	0.31364
686 A	0.21455	0.49750	0.28796
687 A	0.22287	0.50724	0.2699
688 A	0.23902	0.50605	0.25493
689 A	0.27092	0.48151	0.24757
690 T	0.30943	0.44268	0.24788
691 A	0.32308	0.42771	0.2492
692 T	0.32561	0.41784	0.25655
693 A	0.31305	0.42167	0.26528
694 A	0.30703	0.43109	0.26188
695 A	0.30317	0.43882	0.25801
696 A	0.30227	0.43967	0.25805
697 G	0.30557	0.43106	0.26336
698 T	0.31422	0.41582	0.26996
699 T	0.31533	0.42084	0.26383
700 A	0.30954	0.44558	0.24487
701 A	0.30456	0.48473	0.21071
702 A	0.30420	0.52724	0.16856
703 A	0.31410	0.51849	0.16742
704 A	0.33608	0.49448	0.16944
705 A	0.38333	0.44273	0.17394
706 T	0.44757	0.37208	0.18035
707 C	0.47597	0.33350	0.19053
708 C	0.50473	0.30081	0.19446
709 C	0.53113	0.27365	0.19522
710 C	0.55962	0.24511	0.19527
711 T	0.58106	0.22387	0.19507
712 T	0.59129	0.21381	0.1949
713 T	0.59428	0.21103	0.19469
714 A	0.59540	0.21054	0.19406
715 T	0.59732	0.20767	0.19501
716 G	0.59793	0.19192	0.21015
717 G	0.60145	0.18065	0.2179
718 T	0.60698	0.17268	0.22035
719 T	0.61157	0.17021	0.21822
720 A	0.61123	0.17859	0.21018
721 A	0.61564	0.18583	0.19853
722 G	0.62516	0.17643	0.19841
723 A	0.64158	0.15360	0.20482
724 A	0.67458	0.11387	0.21156
725 T	0.71827	0.06482	0.21691
726 T	0.72137	0.06132	0.21731
727 C	0.72152	0.06154	0.21694
728 T	0.72130	0.06375	0.21494
729 T	0.72095	0.06668	0.21238
730 T	0.72050	0.07386	0.20564
731 T	0.71982	0.07851	0.20166
732 A	0.71927	0.08719	0.19355
733 T	0.71905	0.09201	0.18894
734 T	0.71863	0.09704	0.18433
735 A	0.71520	0.10231	0.18248
736 A	0.71162	0.10710	0.18128
737 A	0.71132	0.10662	0.18206
738 T	0.71188	0.10542	0.1827
739 C	0.70412	0.11328	0.1826
740 A	0.70221	0.11685	0.18094
741 T	0.70205	0.11872	0.17923
742 A	0.69981	0.12328	0.17692
743 A	0.70255	0.11973	0.17772
744 T	0.71198	0.11029	0.17773
745 A	0.71215	0.10942	0.17844
746 T	0.71280	0.10833	0.17887
747 A	0.71273	0.10826	0.17901
748 A	0.71387	0.10623	0.17991
749 T	0.71628	0.10275	0.18097
750 T	0.71782	0.10047	0.18171
751 C	0.71876	0.09879	0.18246
752 C	0.72111	0.09607	0.18282
753 T	0.72636	0.09070	0.18295
754 G	0.72800	0.08897	0.18303
755 T	0.73373	0.08342	0.18285
756 C	0.73519	0.08270	0.18211
757 A	0.73623	0.08685	0.17692
758 A	0.73743	0.08506	0.17751
759 T	0.73707	0.08347	0.17946
760 A	0.73329	0.08731	0.1794
761 A	0.73258	0.08784	0.17958
762 T	0.73408	0.07639	0.18953
763 A	0.73436	0.07101	0.19463
764 T	0.73578	0.06355	0.20066
765 T	0.73573	0.05809	0.20618
766 G	0.73353	0.05683	0.20965
767 T	0.73241	0.05695	0.21064
768 G	0.73003	0.05834	0.21164
769 G	0.72951	0.05885	0.21164
770 A	0.72932	0.05928	0.21141
771 T	0.72925	0.06069	0.21007
772 A	0.72869	0.06151	0.2098
773 T	0.72850	0.06111	0.2104
774 T	0.72803	0.06110	0.21088
775 A	0.72663	0.06288	0.21049
776 C	0.72620	0.06327	0.21054
777 A	0.72614	0.06550	0.20836
778 A	0.72657	0.06604	0.20739
779 A	0.72784	0.06356	0.2086
780 T	0.73391	0.05561	0.21047
781 T	0.73646	0.05295	0.21059
782 T	0.73776	0.04884	0.21339
783 A	0.73841	0.04380	0.21778
784 G	0.73908	0.04116	0.21976
785 T	0.74013	0.03882	0.22104
786 T	0.74111	0.03643	0.22245
787 T	0.74174	0.03521	0.22305
788 T	0.74215	0.03337	0.22448
789 A	0.74071	0.03412	0.22516
790 T	0.73940	0.03629	0.22431
791 T	0.73791	0.04294	0.21915
792 A	0.73538	0.06428	0.20034
793 G	0.73472	0.07241	0.19287
794 A	0.73586	0.07706	0.18708
795 A	0.73627	0.07864	0.18509
796 T	0.73679	0.07870	0.18451
797 A	0.73688	0.07909	0.18403
798 T	0.73797	0.07739	0.18464
799 G	0.73824	0.07766	0.1841
800 G	0.74066	0.07601	0.18333
801 T	0.74305	0.07392	0.18303
802 A	0.74373	0.07320	0.18307
803 T	0.74448	0.07229	0.18323
804 T	0.74503	0.07165	0.18332
805 C	0.74523	0.07135	0.18342
806 C	0.74566	0.07088	0.18347
807 T	0.74633	0.07040	0.18326
808 T	0.74659	0.07046	0.18295
809 T	0.74674	0.07034	0.18291
810 A	0.74553	0.07157	0.1829
811 G	0.74528	0.07151	0.18322
812 A	0.74639	0.06785	0.18577
813 C	0.74931	0.06222	0.18847
814 G	0.75797	0.05187	0.19016
815 T	0.78037	0.02735	0.19228
816 T	0.78834	0.01881	0.19285
817 T	0.79196	0.01516	0.19288
818 T	0.79172	0.01557	0.19271
819 T	0.78840	0.01868	0.19292
820 G	0.78273	0.02508	0.19219
821 A	0.77805	0.03281	0.18914
822 T	0.77492	0.03799	0.18709
823 G	0.76603	0.04712	0.18685
824 T	0.75966	0.05452	0.18582
825 T	0.73379	0.08166	0.18456
826 T	0.69527	0.12157	0.18317
827 C	0.67063	0.14771	0.18165
828 T	0.65948	0.16303	0.17749
829 A	0.64804	0.18011	0.17185
830 A	0.64401	0.18465	0.17134
831 T	0.64075	0.18833	0.17092
832 T	0.62682	0.20265	0.17053
833 T	0.60046	0.22857	0.17097
834 C	0.50635	0.32336	0.1703
835 A	0.42566	0.40789	0.16645
836 A	0.35036	0.48663	0.16302
837 A	0.29715	0.54461	0.15824
838 G	0.23445	0.61326	0.1523
839 A	0.20170	0.65101	0.14729
840 A	0.17702	0.67994	0.14304
841 A	0.16504	0.69393	0.14103
842 A	0.16062	0.69625	0.14313
843 A	0.15929	0.69294	0.14776
844 A	0.16199	0.68519	0.15283
845 A	0.16435	0.67583	0.15981
846 A	0.16487	0.66103	0.1741
847 A	0.16642	0.64368	0.18991
848 T	0.16834	0.60860	0.22305
849 C	0.16216	0.57889	0.25896
850 G	0.15225	0.58569	0.26207
851 A	0.14711	0.61129	0.24161
852 A	0.14754	0.63672	0.21573
853 A	0.14475	0.66485	0.1904
854 T	0.14205	0.68402	0.17392
855 A	0.13594	0.68437	0.1797
856 A	0.13246	0.66454	0.203
857 G	0.13241	0.58723	0.28036
858 A	0.13469	0.53594	0.32937
859 A	0.13750	0.46366	0.39884
860 A	0.14276	0.40808	0.44916
861 T	0.14951	0.33709	0.5134
862 G	0.15377	0.30100	0.54523
863 C	0.15870	0.27263	0.56866
864 T	0.16189	0.26449	0.57362
865 T	0.16262	0.26490	0.57248
866 C	0.16199	0.27432	0.56369
867 G	0.16138	0.30018	0.53844
868 G	0.16081	0.33276	0.50643
869 A	0.16044	0.36235	0.47722
870 A	0.16088	0.38096	0.45816
871 A	0.16326	0.39975	0.43699
872 A	0.16873	0.39551	0.43576
873 G	0.18191	0.37489	0.4432
874 G	0.20751	0.35202	0.44047
875 A	0.23819	0.34953	0.41228
876 A	0.27279	0.34875	0.37846
877 T	0.30732	0.34077	0.35191
878 T	0.32844	0.35841	0.31315
879 T	0.33350	0.36608	0.30042
880 A	0.32831	0.40155	0.27014
881 T	0.32523	0.43264	0.24213
882 T	0.29951	0.49985	0.20063
883 C	0.26271	0.56767	0.16961
884 A	0.23727	0.60199	0.16074
885 A	0.21596	0.62699	0.15705
886 A	0.20364	0.64130	0.15506
887 T	0.20712	0.63844	0.15444
888 C	0.20613	0.63972	0.15415
889 G	0.21657	0.62855	0.15487
890 A	0.23603	0.60861	0.15536
891 T	0.26407	0.58010	0.15584
892 T	0.27596	0.56807	0.15597
893 C	0.26975	0.57427	0.15598
894 A	0.26617	0.57874	0.15509
895 G	0.25325	0.59255	0.1542
896 A	0.24524	0.60208	0.15269
897 A	0.24551	0.60342	0.15107
898 A	0.26521	0.58630	0.1485
899 A	0.29320	0.56028	0.14652
900 A	0.32235	0.53241	0.14524
901 A	0.36692	0.48815	0.14493
902 A	0.39451	0.45693	0.14856
903 A	0.43802	0.40299	0.15899
904 A	0.48104	0.34541	0.17355
905 T	0.53005	0.26525	0.2047
906 T	0.55850	0.19966	0.24185
907 T	0.56396	0.17083	0.26521
908 T	0.56512	0.15122	0.28366
909 T	0.56437	0.14313	0.2925
910 T	0.56262	0.14197	0.2954
911 T	0.55955	0.14104	0.29942
912 A	0.55496	0.14734	0.2977
913 A	0.55357	0.14666	0.29978
914 G	0.55308	0.14553	0.30139
915 T	0.55214	0.14608	0.30177
916 G	0.54944	0.14585	0.3047
917 A	0.54821	0.14604	0.30575
918 A	0.54483	0.14058	0.31459
919 G	0.54421	0.14588	0.3099
920 A	0.54516	0.15017	0.30467
921 A	0.54772	0.14661	0.30566
922 G	0.54997	0.14243	0.30759
923 A	0.55184	0.14781	0.30034
924 T	0.55375	0.15260	0.29366
925 G	0.55391	0.17963	0.26647
926 T	0.55423	0.19768	0.2481
927 A	0.55341	0.23509	0.2115
928 G	0.55351	0.23843	0.20806
929 T	0.55418	0.23980	0.20602
930 T	0.55419	0.24102	0.20478
931 G	0.55338	0.24015	0.20647
932 C	0.55375	0.23783	0.20842
933 A	0.55449	0.23675	0.20875
934 G	0.55658	0.23313	0.21029
935 C	0.56223	0.22504	0.21273
936 T	0.56833	0.21989	0.21178
937 A	0.57114	0.21814	0.21071
938 G	0.57655	0.21192	0.21152
939 T	0.58544	0.20081	0.21374
940 G	0.59006	0.19460	0.21534
941 G	0.59612	0.18401	0.21987
942 T	0.61086	0.16736	0.22178
943 C	0.62066	0.15765	0.22169
944 A	0.62595	0.15690	0.21715
945 A	0.63308	0.15650	0.21042
946 A	0.64645	0.14632	0.20723
947 A	0.65930	0.13467	0.20604
948 T	0.69119	0.10400	0.20481
949 A	0.70866	0.08686	0.20449
950 T	0.74384	0.05054	0.20561
951 T	0.74844	0.04605	0.20551
952 T	0.75050	0.04362	0.20588
953 T	0.75127	0.04206	0.20668
954 A	0.75035	0.04245	0.2072
955 T	0.75024	0.04201	0.20775
956 C	0.74958	0.04204	0.20839
957 T	0.74962	0.04223	0.20815
958 A	0.74884	0.04378	0.20738
959 T	0.74981	0.04315	0.20703
960 T	0.74778	0.04534	0.20688
961 T	0.74457	0.04890	0.20653
962 T	0.73590	0.05809	0.20601
963 A	0.72463	0.07030	0.20507
964 G	0.71895	0.07774	0.20331
965 G	0.71662	0.08172	0.20166
966 A	0.70999	0.09052	0.1995
967 A	0.70823	0.09524	0.19653
968 T	0.71387	0.08891	0.19722
969 T	0.71245	0.09013	0.19742
970 G	0.70661	0.09596	0.19743
971 T	0.70639	0.09612	0.19748
972 C	0.70458	0.09804	0.19738
973 A	0.70305	0.09977	0.19719
974 A	0.70350	0.09910	0.19739
975 T	0.70382	0.09820	0.19798
976 T	0.70293	0.09854	0.19853
977 C	0.70009	0.10073	0.19918
978 T	0.69802	0.10364	0.19834
979 T	0.69257	0.10848	0.19894
980 A	0.67932	0.12139	0.19929
981 T	0.67032	0.12906	0.20062
982 T	0.66247	0.13640	0.20113
983 C	0.65283	0.14218	0.20499
984 A	0.64388	0.15357	0.20255
985 A	0.63630	0.16201	0.20169
986 A	0.63558	0.15836	0.20606
987 T	0.63624	0.15750	0.20626
988 A	0.61927	0.18556	0.19517
989 A	0.61083	0.19832	0.19086
990 T	0.60012	0.21276	0.18713
991 A	0.57456	0.24880	0.17664
992 T	0.56922	0.25697	0.17381
993 T	0.55973	0.27505	0.16522
994 A	0.54560	0.30094	0.15345
995 A	0.53958	0.31187	0.14855
996 T	0.53604	0.31886	0.14509
997 A	0.53146	0.32838	0.14016
998 A	0.52982	0.33517	0.13502
999 A	0.52869	0.34280	0.12851
1000 G	0.52872	0.34001	0.13127
1001 A	0.52984	0.33479	0.13537
1002 T	0.53061	0.32566	0.14373
1003 A	0.53102	0.30834	0.16064
1004 C	0.53187	0.29559	0.17254
1005 C	0.53286	0.29100	0.17614
1006 A	0.53425	0.29374	0.17202
1007 A	0.53934	0.28935	0.17131
1008 T	0.54881	0.27599	0.1752
1009 G	0.55225	0.27740	0.17035
1010 A	0.55779	0.27691	0.1653
1011 A	0.57103	0.24764	0.18133
1012 A	0.58666	0.21940	0.19394
1013 T	0.60416	0.17848	0.21736
1014 T	0.62049	0.13378	0.24573
1015 A	0.62734	0.13164	0.24101
1016 T	0.63917	0.13157	0.22926
1017 T	0.64651	0.18674	0.16675
1018 A	0.64954	0.21098	0.13948
1019 T	0.65373	0.21507	0.1312
1020 A	0.65734	0.22369	0.11897
1021 A	0.66212	0.21907	0.1188
1022 C	0.66917	0.21133	0.1195
1023 T	0.67097	0.21079	0.11823
1024 A	0.66984	0.21207	0.11809
1025 C	0.67080	0.21113	0.11808
1026 A	0.67246	0.21007	0.11746
1027 T	0.67458	0.20812	0.11731
1028 C	0.67620	0.20650	0.11729
1029 T	0.68273	0.20040	0.11686
1030 T	0.68575	0.19779	0.11646
1031 A	0.68748	0.19658	0.11594
1032 T	0.69347	0.19068	0.11585
1033 T	0.70007	0.18458	0.11534
1034 T	0.70228	0.18253	0.11519
1035 A	0.70031	0.18447	0.11522
1036 G	0.69897	0.18561	0.11542
1037 A	0.70171	0.18245	0.11584
1038 C	0.71254	0.17092	0.11654
1039 C	0.73195	0.15132	0.11673
1040 C	0.80238	0.08078	0.11685
1041 T	0.83843	0.04471	0.11686
1042 T	0.84944	0.03373	0.11682
1043 T	0.85737	0.02590	0.11673
1044 T	0.85613	0.02731	0.11656
1045 T	0.85309	0.03061	0.11631
1046 A	0.84683	0.03689	0.11628
1047 T	0.84162	0.04096	0.11742
1048 A	0.83354	0.04884	0.11762
1049 T	0.82425	0.05793	0.11781
1050 T	0.79523	0.08832	0.11644
1051 T	0.70502	0.18308	0.11191
1052 T	0.53922	0.35183	0.10896
1053 G	0.34585	0.54768	0.10647
1054 A	0.25184	0.64396	0.10421
1055 A	0.21048	0.68668	0.10284
1056 A	0.19634	0.70136	0.10229
1057 A	0.18451	0.71156	0.10393
1058 A	0.17757	0.71543	0.107
1059 T	0.17013	0.71994	0.10993
1060 T	0.15395	0.73582	0.11023
1061 C	0.13548	0.75456	0.10996
1062 T	0.12345	0.76889	0.10766
1063 A	0.10070	0.79490	0.1044
1064 A	0.08300	0.81455	0.10246
1065 A	0.07223	0.82674	0.10103
1066 A	0.06815	0.83287	0.09898
1067 A	0.06530	0.83612	0.09858
1068 A	0.06339	0.83584	0.10077
1069 A	0.06205	0.83075	0.1072
1070 T	0.06181	0.82079	0.1174
1071 A	0.06032	0.80934	0.13034
1072 A	0.06056	0.78231	0.15713
1073 A	0.06233	0.72698	0.21069
1074 T	0.06846	0.61035	0.32119
1075 T	0.07072	0.45482	0.47447
1076 T	0.07144	0.30882	0.61974
1077 A	0.07051	0.25398	0.67551
1078 G	0.07000	0.23468	0.69532
1079 A	0.06902	0.24478	0.6862
1080 A	0.06668	0.24958	0.68373
1081 A	0.06657	0.25174	0.68169
1082 A	0.06700	0.25600	0.677
1083 T	0.06820	0.25647	0.67533
1084 G	0.06760	0.28168	0.65072
1085 A	0.06779	0.36255	0.56966
1086 A	0.06586	0.43172	0.50241
1087 A	0.06498	0.50441	0.43061
1088 A	0.06409	0.59637	0.33954
1089 A	0.06342	0.71965	0.21693
1090 A	0.06531	0.78626	0.14844
1091 A	0.06719	0.81563	0.11718
1092 A	0.06855	0.81741	0.11404
1093 A	0.07047	0.81800	0.11153
1094 T	0.07501	0.81259	0.1124
1095 A	0.07788	0.81065	0.11147
1096 C	0.08238	0.80619	0.11143
1097 G	0.08629	0.80610	0.10761
1098 T	0.09379	0.80091	0.1053
1099 T	0.09775	0.79700	0.10525
1100 G	0.10064	0.79395	0.10541
1101 G	0.10464	0.78986	0.1055
1102 A	0.11473	0.77861	0.10666
1103 C	0.12470	0.76624	0.10906
1104 A	0.13490	0.75621	0.10888
1105 A	0.15659	0.73427	0.10914
1106 G	0.18240	0.70819	0.10941
1107 A	0.22351	0.66690	0.10959
1108 G	0.30718	0.58256	0.11026
1109 G	0.39679	0.48843	0.11479
1110 A	0.48496	0.39771	0.11733
1111 A	0.58472	0.29580	0.11948
1112 T	0.71503	0.16262	0.12235
1113 C	0.77831	0.09864	0.12305
1114 G	0.80811	0.06872	0.12317
1115 A	0.81691	0.05993	0.12316
1116 T	0.82697	0.04966	0.12337
1117 T	0.83043	0.04601	0.12356
1118 C	0.83144	0.04483	0.12374
1119 A	0.82690	0.04903	0.12408
1120 T	0.82455	0.05043	0.12502
1121 C	0.81520	0.05935	0.12544
1122 T	0.79105	0.08427	0.12468
1123 T	0.75729	0.12065	0.12206
1124 T	0.66248	0.21941	0.11811
1125 G	0.58567	0.29958	0.11475
1126 G	0.54538	0.34454	0.11008
1127 T	0.51502	0.37718	0.10779
1128 A	0.45176	0.44531	0.10293
1129 A	0.39004	0.51133	0.09863
1130 A	0.36290	0.54069	0.0964
1131 A	0.34600	0.55814	0.09587
1132 G	0.33880	0.56408	0.09712
1133 A	0.33748	0.56454	0.09798
1134 A	0.33775	0.56294	0.09931
1135 G	0.33841	0.56060	0.10099
1136 C	0.33922	0.55732	0.10346
1137 T	0.33979	0.55584	0.10437
1138 T	0.34016	0.55473	0.1051
1139 T	0.34015	0.55458	0.10527
1140 A	0.33975	0.55491	0.10535
1141 A	0.33934	0.55445	0.10621
1142 A	0.33899	0.54492	0.11609
1143 T	0.33910	0.52953	0.13137
1144 A	0.33930	0.51312	0.14757
1145 G	0.34071	0.47272	0.18657
1146 A	0.34478	0.42749	0.22773
1147 T	0.35211	0.31075	0.33714
1148 T	0.35728	0.23306	0.40965
1149 T	0.36178	0.19025	0.44796
1150 G	0.36375	0.16292	0.47333
1151 A	0.36776	0.11727	0.51498
1152 T	0.37180	0.05919	0.56901
1153 T	0.37428	0.03699	0.58872
1154 T	0.37557	0.02492	0.5995
1155 T	0.37555	0.02471	0.59974
1156 C	0.37337	0.04094	0.58569
1157 T	0.36871	0.10698	0.52431
1158 T	0.36068	0.15058	0.48875
1159 T	0.35008	0.22048	0.42944
1160 T	0.33593	0.30257	0.3615
1161 A	0.32146	0.44841	0.23013
1162 A	0.31340	0.47890	0.2077
1163 A	0.30751	0.49963	0.19286
1164 A	0.30494	0.50976	0.18531
1165 T	0.30433	0.51440	0.18127
1166 C	0.29911	0.52508	0.17582
1167 A	0.29474	0.54069	0.16458
1168 T	0.29329	0.54881	0.1579
1169 T	0.29111	0.55368	0.15521
1170 A	0.28495	0.56874	0.14631
1171 A	0.28015	0.58297	0.13687
1172 A	0.27795	0.58789	0.13417
1173 C	0.26556	0.60226	0.13219
1174 G	0.25679	0.61556	0.12765
1175 A	0.24864	0.62693	0.12443
1176 A	0.24711	0.63014	0.12276
1177 G	0.25015	0.62821	0.12164
1178 A	0.25951	0.62093	0.11955
1179 A	0.29194	0.58376	0.1243
1180 T	0.37414	0.48967	0.13619
1181 G	0.41644	0.43211	0.15144
1182 T	0.47105	0.36575	0.1632
1183 C	0.51388	0.31386	0.17227
1184 A	0.59804	0.24093	0.16103
1185 A	0.61951	0.22889	0.15159
1186 A	0.63425	0.21264	0.15311
1187 T	0.63765	0.20794	0.15441
1188 T	0.63401	0.21299	0.15299
1189 T	0.62993	0.21267	0.15739
1190 C	0.61164	0.22722	0.16114
1191 G	0.60057	0.24084	0.15859
1192 A	0.59616	0.24865	0.15519
1193 A	0.60936	0.23453	0.15611
1194 T	0.62559	0.21682	0.15759
1195 A	0.62871	0.21698	0.15431
1196 T	0.63365	0.19868	0.16767
1197 T	0.63656	0.18880	0.17464
1198 T	0.63697	0.18028	0.18276
1199 T	0.63548	0.17844	0.18608
1200 A	0.62869	0.18423	0.18707
1201 T	0.61986	0.19177	0.18838
1202 C	0.58365	0.22723	0.18913
1203 C	0.52928	0.28182	0.18889
1204 C	0.46281	0.35174	0.18545
1205 A	0.39969	0.43550	0.1648
1206 A	0.37430	0.47434	0.15136
1207 A	0.38172	0.47425	0.14403
1208 A	0.38975	0.47228	0.13796
1209 A	0.39209	0.46511	0.1428
1210 A	0.39454	0.43376	0.1717
1211 T	0.39527	0.42981	0.17491
1212 T	0.33188	0.51340	0.15472
1213 A	0.22212	0.67525	0.10264
1214 A	0.16960	0.73343	0.09697
1215 A	0.13008	0.77787	0.09205
1216 A	0.10444	0.80558	0.08998
1217 A	0.08864	0.82315	0.08821
1218 C	0.08523	0.82506	0.08971
1219 A	0.08080	0.83255	0.08665
1220 A	0.07683	0.83983	0.08333
1221 T	0.07320	0.84502	0.08178
1222 A	0.06775	0.85367	0.07858
1223 A	0.06507	0.85709	0.07783
1224 A	0.06375	0.84828	0.08796
1225 A	0.06376	0.82188	0.11436
1226 A	0.06443	0.77996	0.15561
1227 A	0.06862	0.72332	0.20806
1228 C	0.08816	0.64900	0.26284
1229 C	0.10043	0.62237	0.2772
1230 A	0.10658	0.61885	0.27457
1231 G	0.11312	0.61266	0.27422
1232 A	0.11970	0.60666	0.27364
1233 A	0.12990	0.59539	0.27471
1234 A	0.14390	0.56779	0.28831
1235 T	0.18137	0.40859	0.41004
1236 T	0.23654	0.22940	0.53406
1237 T	0.24779	0.16128	0.59092
1238 T	0.25304	0.11960	0.62737
1239 A	0.25500	0.09734	0.64767
1240 T	0.25718	0.07583	0.66699
1241 T	0.25793	0.07010	0.67197
1242 A	0.25913	0.06714	0.67372
1243 T	0.26230	0.05896	0.67874
1244 C	0.26234	0.06120	0.67645
1245 T	0.26310	0.12250	0.6144
1246 T	0.25726	0.18027	0.56247
1247 T	0.22528	0.29199	0.48272
1248 A	0.18864	0.41759	0.39378
1249 A	0.18137	0.57294	0.24568
1250 A	0.17898	0.64054	0.18048
1251 A	0.17914	0.66122	0.15964
1252 T	0.18211	0.66953	0.14836
1253 T	0.18643	0.66662	0.14695
1254 T	0.18707	0.66987	0.14305
1255 T	0.18524	0.67568	0.13907
1256 T	0.18291	0.68048	0.13661
1257 C	0.17598	0.68951	0.13451
1258 G	0.17157	0.69759	0.13084
1259 A	0.16919	0.70289	0.12792
1260 A	0.16830	0.70501	0.12669
1261 G	0.16909	0.70494	0.12597
1262 A	0.17235	0.70220	0.12545
1263 A	0.17376	0.70063	0.12562
1264 A	0.17677	0.69664	0.1266
1265 A	0.18186	0.69008	0.12806
1266 A	0.18857	0.68161	0.12982
1267 A	0.20420	0.66128	0.13452
1268 T	0.28568	0.57218	0.14213
1269 A	0.34363	0.50452	0.15186
1270 G	0.42843	0.38943	0.18214
1271 G	0.51529	0.27313	0.21158
1272 T	0.65710	0.12499	0.21791
1273 T	0.70563	0.07346	0.22092
1274 C	0.71946	0.05833	0.22221
1275 T	0.72852	0.04946	0.22201
1276 G	0.73072	0.04733	0.22195
1277 T	0.73680	0.04174	0.22146
1278 T	0.74098	0.03971	0.21931
1279 T	0.74054	0.04301	0.21645
1280 T	0.73842	0.04089	0.22069
1281 T	0.73663	0.03976	0.22362
1282 T	0.72909	0.04512	0.22579
1283 C	0.71732	0.05571	0.22697
1284 T	0.70555	0.06834	0.22612
1285 T	0.69632	0.07836	0.22532
1286 C	0.68052	0.09458	0.22489
1287 T	0.64153	0.13508	0.22338
1288 G	0.53559	0.24402	0.22039
1289 A	0.42737	0.36431	0.20831
1290 A	0.33442	0.47105	0.19453
1291 G	0.26646	0.54621	0.18732
1292 A	0.18142	0.64226	0.17632
1293 G	0.15934	0.66824	0.17242
1294 A	0.15014	0.68251	0.16735
1295 T	0.14496	0.69150	0.16354
1296 A	0.13891	0.70134	0.15975
1297 G	0.13274	0.71105	0.15621
1298 A	0.13146	0.71473	0.15382
1299 A	0.13148	0.71500	0.15352
1300 A	0.13228	0.71407	0.15365
1301 A	0.13638	0.70776	0.15587
1302 T	0.14143	0.69616	0.16241
1303 T	0.14370	0.68758	0.16871
1304 G	0.14389	0.68203	0.17408
1305 T	0.14414	0.67340	0.18246
1306 T	0.14374	0.66367	0.19259
1307 T	0.14145	0.65524	0.20332
1308 A	0.13560	0.65651	0.20789
1309 A	0.13141	0.65183	0.21676
1310 A	0.12843	0.61978	0.2518
1311 A	0.12850	0.53616	0.33535
1312 A	0.13842	0.42410	0.43747
1313 A	0.15081	0.33228	0.51691
1314 A	0.15983	0.26418	0.57599
1315 T	0.17246	0.16873	0.6588
1316 T	0.17671	0.14507	0.67823
1317 A	0.17894	0.14023	0.68082
1318 G	0.18138	0.13883	0.67979
1319 A	0.18243	0.14943	0.66814
1320 T	0.18443	0.16851	0.64706
1321 T	0.17813	0.23649	0.58538
1322 A	0.16637	0.29758	0.53605
1323 T	0.15870	0.35075	0.49055
1324 G	0.14029	0.46968	0.39002
1325 A	0.12916	0.56592	0.30492
1326 A	0.11954	0.63831	0.24215
1327 G	0.11512	0.67509	0.20978
1328 T	0.11509	0.69438	0.19053
