# lcl|CP097583.1_cds_USQ93183.1_1
# AA	inside	membr	outside
1 A	0.63063	0.00000	0.36937
2 T	0.63016	0.00046	0.36937
3 G	0.62999	0.00064	0.36937
4 A	0.62999	0.02532	0.34469
5 C	0.62615	0.03773	0.33612
6 A	0.62615	0.04097	0.33288
7 A	0.62056	0.04729	0.33215
8 A	0.62056	0.04731	0.33213
9 T	0.62005	0.04793	0.33202
10 T	0.62005	0.05369	0.32626
11 T	0.61890	0.05572	0.32538
12 T	0.57809	0.09740	0.32451
13 G	0.44625	0.23667	0.31708
14 A	0.44623	0.23669	0.31708
15 A	0.44623	0.35300	0.20077
16 A	0.44432	0.35491	0.20077
17 G	0.44263	0.35665	0.20072
18 T	0.44260	0.35678	0.20062
19 G	0.44121	0.35822	0.20057
20 A	0.43845	0.36189	0.19966
21 C	0.43678	0.36351	0.19972
22 G	0.43688	0.36338	0.19975
23 G	0.43721	0.36298	0.1998
24 A	0.43889	0.36131	0.19981
25 C	0.44087	0.35879	0.20035
26 A	0.44264	0.35746	0.1999
27 T	0.46613	0.33365	0.20023
28 T	0.47229	0.32532	0.2024
29 T	0.47414	0.32348	0.20237
30 G	0.47477	0.31948	0.20575
31 T	0.47521	0.31616	0.20863
32 T	0.47532	0.31390	0.21078
33 A	0.47089	0.31501	0.2141
34 A	0.47008	0.31052	0.2194
35 A	0.47335	0.26699	0.25966
36 A	0.48101	0.15329	0.3657
37 G	0.48444	0.14726	0.3683
38 T	0.59147	0.03773	0.3708
39 T	0.59240	0.03369	0.3739
40 T	0.59287	0.03252	0.37461
41 T	0.59282	0.03353	0.37365
42 C	0.59029	0.03821	0.37149
43 T	0.58843	0.05138	0.36019
44 A	0.57127	0.10442	0.32431
45 T	0.56960	0.16067	0.26972
46 G	0.56475	0.16750	0.26775
47 A	0.56269	0.17111	0.2662
48 A	0.56101	0.17413	0.26487
49 A	0.55963	0.17629	0.26408
50 C	0.55967	0.17768	0.26265
51 T	0.56139	0.17644	0.26217
52 A	0.56188	0.17752	0.2606
53 A	0.56304	0.17699	0.25996
54 T	0.56578	0.17477	0.25945
55 T	0.56716	0.17373	0.25911
56 T	0.56787	0.16550	0.26663
57 T	0.56814	0.16344	0.26843
58 T	0.56743	0.16344	0.26913
59 C	0.56690	0.16379	0.26931
60 T	0.56323	0.16803	0.26874
61 G	0.55834	0.17375	0.26791
62 A	0.55731	0.17578	0.26691
63 A	0.55938	0.17401	0.26661
64 G	0.56383	0.16938	0.26679
65 A	0.57531	0.15528	0.26941
66 T	0.59737	0.12882	0.2738
67 T	0.63259	0.07868	0.28873
68 T	0.66778	0.04352	0.2887
69 T	0.66839	0.04285	0.28875
70 A	0.66634	0.05655	0.27712
71 T	0.66589	0.05888	0.27523
72 T	0.66454	0.06063	0.27483
73 A	0.66285	0.06206	0.27509
74 A	0.66219	0.06267	0.27514
75 T	0.66356	0.06092	0.27552
76 T	0.66264	0.06168	0.27568
77 C	0.65956	0.06458	0.27586
78 T	0.65632	0.06896	0.27473
79 T	0.64906	0.07933	0.27161
80 A	0.64500	0.08707	0.26793
81 T	0.64373	0.09381	0.26246
82 A	0.64208	0.09531	0.2626
83 T	0.64187	0.09087	0.26726
84 T	0.64094	0.08764	0.27142
85 T	0.63462	0.09275	0.27263
86 C	0.62395	0.10326	0.2728
87 A	0.61311	0.11542	0.27146
88 G	0.60330	0.12772	0.26898
89 A	0.59985	0.13461	0.26554
90 T	0.59966	0.13724	0.2631
91 A	0.59567	0.14663	0.2577
92 A	0.59575	0.14975	0.2545
93 T	0.60543	0.14107	0.2535
94 T	0.60423	0.14304	0.25273
95 T	0.59790	0.15033	0.25177
96 T	0.58211	0.16906	0.24883
97 A	0.54272	0.21933	0.23795
98 A	0.52301	0.23939	0.23761
99 A	0.49850	0.26276	0.23873
100 A	0.48627	0.27169	0.24204
101 A	0.48073	0.27402	0.24525
102 C	0.48058	0.26790	0.25152
103 A	0.47978	0.27327	0.24695
104 T	0.48220	0.27565	0.24215
105 T	0.47673	0.28425	0.23902
106 G	0.47210	0.29501	0.23288
107 G	0.47015	0.30134	0.22851
108 T	0.46938	0.29908	0.23154
109 A	0.46791	0.29646	0.23563
110 A	0.46800	0.28962	0.24238
111 A	0.46895	0.28153	0.24953
112 A	0.47103	0.27631	0.25266
113 A	0.47254	0.27309	0.25437
114 A	0.47774	0.26289	0.25938
115 G	0.48278	0.25356	0.26367
116 T	0.48884	0.24277	0.26838
117 T	0.49177	0.23628	0.27196
118 A	0.49281	0.23226	0.27494
119 A	0.49528	0.21493	0.28978
120 T	0.50347	0.17382	0.32271
121 A	0.50377	0.16019	0.33604
122 G	0.50350	0.14138	0.35512
123 A	0.50463	0.13404	0.36133
124 G	0.50589	0.12627	0.36784
125 A	0.50822	0.12352	0.36826
126 A	0.51830	0.11132	0.37038
127 T	0.53061	0.09526	0.37413
128 C	0.53590	0.08453	0.37957
129 T	0.54364	0.08591	0.37045
130 T	0.54676	0.09948	0.35377
131 T	0.54796	0.11561	0.33644
132 T	0.54816	0.14128	0.31055
133 A	0.54198	0.17387	0.28415
134 A	0.53995	0.19086	0.26919
135 A	0.53939	0.19082	0.2698
136 G	0.54034	0.18897	0.2707
137 G	0.54303	0.18583	0.27114
138 T	0.54719	0.18180	0.27101
139 C	0.54680	0.18259	0.2706
140 A	0.54907	0.18130	0.26963
141 T	0.55394	0.17668	0.26939
142 G	0.55491	0.17612	0.26897
143 G	0.55608	0.17519	0.26873
144 T	0.55911	0.17212	0.26878
145 A	0.56028	0.16981	0.26992
146 A	0.56399	0.16512	0.27088
147 A	0.56575	0.16243	0.27181
148 G	0.56935	0.15797	0.27267
149 T	0.57458	0.15204	0.27338
150 C	0.57699	0.14928	0.27374
151 G	0.58062	0.14582	0.27356
152 A	0.59515	0.13133	0.27352
153 T	0.61824	0.10783	0.27394
154 G	0.63444	0.09137	0.27418
155 T	0.66047	0.06483	0.2747
156 T	0.68256	0.03660	0.28084
157 T	0.69361	0.02352	0.28287
158 T	0.69420	0.02210	0.2837
159 A	0.69417	0.02281	0.28302
160 A	0.69449	0.02189	0.28361
161 T	0.69551	0.02012	0.28437
162 T	0.69499	0.01860	0.28641
163 T	0.69305	0.02019	0.28676
164 C	0.68835	0.02499	0.28666
165 T	0.68393	0.03238	0.28369
166 T	0.67525	0.04290	0.28185
167 T	0.66275	0.05659	0.28066
168 A	0.64329	0.07782	0.27888
169 G	0.63421	0.08752	0.27828
170 A	0.63119	0.09125	0.27756
171 T	0.62888	0.09360	0.27752
172 G	0.62148	0.10174	0.27678
173 A	0.61745	0.10713	0.27542
174 T	0.61552	0.11099	0.2735
175 G	0.61401	0.11348	0.27251
176 A	0.61345	0.11461	0.27194
177 T	0.61373	0.11452	0.27176
178 T	0.61332	0.11549	0.27119
179 C	0.61194	0.11821	0.26985
180 G	0.60514	0.13082	0.26405
181 A	0.59929	0.15015	0.25055
182 A	0.59897	0.15541	0.24562
183 A	0.59817	0.15765	0.24418
184 T	0.59821	0.15854	0.24325
185 A	0.59822	0.15535	0.24642
186 T	0.59899	0.14789	0.25312
187 G	0.59887	0.14030	0.26083
188 T	0.60200	0.13129	0.2667
189 T	0.60265	0.12347	0.27387
190 A	0.60166	0.11665	0.28169
191 T	0.60135	0.10352	0.29513
192 T	0.59932	0.10004	0.30064
193 G	0.59458	0.10316	0.30226
194 A	0.59139	0.10640	0.30221
195 A	0.59106	0.10241	0.30653
196 A	0.59126	0.10018	0.30857
197 C	0.58940	0.10068	0.30993
198 T	0.58590	0.11128	0.30283
199 A	0.57376	0.14319	0.28305
200 A	0.56108	0.16783	0.27109
201 G	0.55525	0.17796	0.26679
202 A	0.55370	0.18230	0.264
203 A	0.55718	0.17376	0.26906
204 T	0.56986	0.15654	0.2736
205 T	0.57147	0.16073	0.26779
206 A	0.56513	0.18023	0.25464
207 T	0.56119	0.19120	0.24761
208 T	0.55110	0.20581	0.24309
209 A	0.53982	0.22144	0.23874
210 T	0.53455	0.22619	0.23926
211 A	0.52812	0.23224	0.23964
212 G	0.52419	0.23464	0.24117
213 T	0.52452	0.23188	0.24361
214 C	0.52198	0.23260	0.24541
215 A	0.52044	0.23299	0.24657
216 A	0.51881	0.23190	0.24929
217 C	0.51858	0.22976	0.25166
218 A	0.51922	0.22945	0.25133
219 A	0.52171	0.22667	0.25162
220 G	0.52533	0.21877	0.2559
221 A	0.53503	0.20551	0.25946
222 T	0.55737	0.17284	0.2698
223 T	0.56805	0.14867	0.28328
224 T	0.57015	0.14000	0.28986
225 A	0.56963	0.13804	0.29232
226 G	0.57095	0.13328	0.29577
227 A	0.57283	0.13005	0.29712
228 A	0.58108	0.11806	0.30085
229 T	0.59754	0.09162	0.31085
230 T	0.60587	0.07618	0.31795
231 T	0.60933	0.06419	0.32648
232 G	0.61061	0.06121	0.32817
233 T	0.60965	0.06923	0.32113
234 T	0.60502	0.08771	0.30727
235 T	0.59833	0.11263	0.28904
236 A	0.58933	0.14093	0.26974
237 T	0.58566	0.14590	0.26845
238 A	0.57629	0.15908	0.26463
239 A	0.57157	0.16322	0.2652
240 A	0.56969	0.16502	0.26529
241 C	0.56933	0.16698	0.26369
242 A	0.56760	0.17484	0.25756
243 A	0.56822	0.17887	0.25291
244 G	0.57000	0.18136	0.24864
245 T	0.57156	0.18256	0.24589
246 A	0.57228	0.18216	0.24557
247 T	0.57399	0.17841	0.2476
248 T	0.57480	0.17538	0.24983
249 A	0.57500	0.17430	0.2507
250 C	0.57585	0.17271	0.25144
251 A	0.57671	0.17189	0.25139
252 T	0.57840	0.17008	0.25153
253 A	0.57953	0.16910	0.25138
254 G	0.58352	0.16486	0.25163
255 A	0.59322	0.15455	0.25223
256 A	0.60947	0.13518	0.25535
257 T	0.62809	0.10912	0.26279
258 T	0.64674	0.08142	0.27184
259 C	0.65967	0.05934	0.28099
260 A	0.66285	0.05351	0.28363
261 T	0.66794	0.04155	0.29052
262 C	0.66802	0.03874	0.29324
263 A	0.66924	0.03679	0.29397
264 T	0.67131	0.03409	0.29459
265 C	0.67442	0.02877	0.29681
266 G	0.67721	0.02579	0.29699
267 T	0.68111	0.02183	0.29705
268 T	0.68230	0.02031	0.29738
269 T	0.68095	0.02145	0.2976
270 T	0.67938	0.02288	0.29774
271 C	0.67693	0.02441	0.29866
272 T	0.67550	0.02540	0.2991
273 T	0.67273	0.02796	0.2993
274 T	0.66870	0.03182	0.29948
275 A	0.66398	0.03642	0.2996
276 C	0.65985	0.04026	0.2999
277 G	0.65562	0.04410	0.30028
278 C	0.65381	0.04563	0.30056
279 T	0.65260	0.04683	0.30057
280 T	0.65147	0.04802	0.30051
281 C	0.64962	0.04995	0.30044
282 A	0.64815	0.05147	0.30038
283 A	0.64792	0.05160	0.30048
284 T	0.64789	0.05042	0.30169
285 T	0.64789	0.04872	0.30339
286 G	0.64789	0.04774	0.30436
287 T	0.64795	0.04498	0.30707
288 T	0.64782	0.04245	0.30972
289 T	0.64744	0.04246	0.3101
290 T	0.64309	0.04978	0.30713
291 G	0.63776	0.06074	0.30149
292 T	0.63450	0.07403	0.29148
293 T	0.62745	0.08908	0.28347
294 A	0.61012	0.11749	0.27239
295 G	0.59711	0.14071	0.26219
296 T	0.58864	0.16363	0.24773
297 G	0.56955	0.19106	0.2394
298 A	0.55928	0.21342	0.2273
299 A	0.55406	0.22220	0.22374
300 T	0.55173	0.22512	0.22316
301 G	0.54777	0.23330	0.21893
302 G	0.54459	0.24464	0.21077
303 A	0.54285	0.24931	0.20784
304 T	0.54141	0.25815	0.20044
305 T	0.53673	0.27496	0.18832
306 T	0.51370	0.31283	0.17347
307 C	0.48787	0.34978	0.16235
308 A	0.46261	0.39914	0.13824
309 A	0.44558	0.42839	0.12603
310 A	0.43604	0.44230	0.12165
311 A	0.43170	0.44845	0.11985
312 A	0.43095	0.44964	0.11941
313 G	0.43299	0.44114	0.12587
314 A	0.43916	0.43182	0.12902
315 T	0.45045	0.41847	0.13108
316 A	0.45418	0.41524	0.13059
317 A	0.46470	0.39662	0.13868
318 A	0.47739	0.37748	0.14513
319 T	0.49415	0.35180	0.15405
320 T	0.50161	0.33132	0.16707
321 T	0.50781	0.32191	0.17027
322 A	0.45896	0.37526	0.16577
323 A	0.41912	0.41717	0.16371
324 A	0.37300	0.46528	0.16172
325 A	0.33905	0.50227	0.15869
326 A	0.31796	0.52780	0.15424
327 A	0.32328	0.52110	0.15562
328 A	0.34327	0.49484	0.16188
329 T	0.36316	0.44824	0.1886
330 T	0.36575	0.42898	0.20527
331 T	0.36344	0.42108	0.21548
332 T	0.34500	0.44092	0.21408
333 A	0.25211	0.55051	0.19738
334 G	0.17409	0.64399	0.18192
335 A	0.14293	0.67617	0.1809
336 A	0.12594	0.69121	0.18284
337 A	0.12086	0.69287	0.18627
338 A	0.11880	0.69221	0.189
339 C	0.12214	0.68284	0.19503
340 A	0.12686	0.67955	0.19358
341 T	0.13201	0.67639	0.19159
342 T	0.12789	0.68636	0.18575
343 A	0.10375	0.72608	0.17017
344 A	0.09319	0.73734	0.16947
345 T	0.09363	0.68395	0.22242
346 A	0.08886	0.65167	0.25948
347 A	0.08914	0.60675	0.30411
348 A	0.09439	0.56569	0.33991
349 T	0.10243	0.53175	0.36582
350 G	0.10431	0.51901	0.37669
351 G	0.10825	0.50879	0.38296
352 A	0.11518	0.50411	0.38072
353 T	0.12967	0.48662	0.38371
354 T	0.13761	0.48789	0.37451
355 A	0.14421	0.48781	0.36798
356 A	0.15760	0.41020	0.43219
357 T	0.17179	0.34071	0.48749
358 T	0.17195	0.33994	0.48812
359 T	0.15642	0.37815	0.46543
360 A	0.14470	0.41973	0.43557
361 A	0.13829	0.45182	0.4099
362 A	0.13476	0.47581	0.38944
363 A	0.13466	0.48791	0.37743
364 A	0.13857	0.50010	0.36133
365 A	0.14339	0.51218	0.34443
366 T	0.15796	0.49480	0.34724
367 G	0.15302	0.50613	0.34085
368 G	0.14365	0.53737	0.31897
369 T	0.13553	0.58866	0.27581
370 A	0.11447	0.73074	0.1548
371 A	0.10124	0.81127	0.08749
372 A	0.09169	0.82614	0.08217
373 A	0.09155	0.82767	0.08078
374 A	0.09541	0.82213	0.08246
375 A	0.10564	0.81212	0.08223
376 C	0.12047	0.79849	0.08104
377 A	0.14440	0.78117	0.07443
378 A	0.16760	0.75860	0.07381
379 A	0.18911	0.73752	0.07337
380 A	0.21077	0.71353	0.0757
381 T	0.22631	0.69415	0.07954
382 C	0.21676	0.68700	0.09623
383 G	0.20012	0.70362	0.09626
384 A	0.19740	0.71054	0.09206
385 A	0.20161	0.71861	0.07978
386 A	0.20036	0.72616	0.07348
387 A	0.21608	0.71160	0.07232
388 A	0.24793	0.67436	0.07771
389 T	0.28827	0.62819	0.08353
390 A	0.31339	0.59438	0.09223
391 A	0.34036	0.55486	0.10478
392 A	0.38133	0.50016	0.11851
393 T	0.49097	0.36635	0.14267
394 T	0.54570	0.29674	0.15756
395 C	0.55276	0.27821	0.16903
396 T	0.55714	0.27153	0.17132
397 A	0.55865	0.26983	0.17151
398 A	0.56107	0.26619	0.17274
399 T	0.56493	0.25941	0.17567
400 G	0.57092	0.25179	0.17729
401 A	0.57427	0.24135	0.18438
402 T	0.58177	0.22697	0.19127
403 A	0.58575	0.21495	0.1993
404 A	0.59102	0.18626	0.22271
405 T	0.60541	0.13373	0.26086
406 T	0.61444	0.09201	0.29355
407 T	0.61968	0.07477	0.30554
408 T	0.62728	0.05458	0.31814
409 T	0.63052	0.03848	0.33101
410 T	0.63124	0.03262	0.33614
411 T	0.63095	0.03204	0.33701
412 C	0.62844	0.03648	0.33508
413 T	0.62157	0.05230	0.32613
414 T	0.57623	0.12164	0.30214
415 G	0.55565	0.18576	0.25859
416 T	0.54458	0.22209	0.23333
417 T	0.52348	0.27974	0.19678
418 A	0.50380	0.36571	0.1305
419 A	0.49199	0.41495	0.09307
420 A	0.47577	0.43499	0.08925
421 A	0.46512	0.44614	0.08875
422 T	0.46124	0.45000	0.08876
423 A	0.45118	0.46023	0.08858
424 C	0.44219	0.46972	0.08808
425 C	0.43922	0.47312	0.08766
426 A	0.43709	0.47556	0.08735
427 A	0.43727	0.47540	0.08733
428 A	0.43848	0.47419	0.08733
429 C	0.44141	0.47126	0.08733
430 C	0.44546	0.46719	0.08734
431 C	0.44575	0.46687	0.08738
432 T	0.44612	0.46659	0.08728
433 A	0.44496	0.46774	0.0873
434 A	0.44630	0.46632	0.08738
435 A	0.45126	0.46012	0.08863
436 A	0.46329	0.44017	0.09654
437 C	0.49519	0.34447	0.16035
438 T	0.54735	0.27057	0.18208
439 G	0.56668	0.23932	0.194
440 G	0.59604	0.19900	0.20497
441 T	0.65105	0.13523	0.21372
442 T	0.67549	0.10772	0.2168
443 A	0.67544	0.08917	0.23539
444 T	0.67414	0.07565	0.25021
445 G	0.67093	0.07276	0.25631
446 A	0.66960	0.06514	0.26527
447 C	0.66950	0.05503	0.27547
448 G	0.67018	0.05180	0.27802
449 T	0.67124	0.04964	0.27912
450 T	0.67137	0.05026	0.27837
451 T	0.67062	0.05804	0.27134
452 T	0.66894	0.06357	0.26749
453 A	0.66661	0.06768	0.26571
454 A	0.66590	0.06872	0.26537
455 T	0.66499	0.06988	0.26513
456 T	0.66241	0.07822	0.25937
457 A	0.65445	0.10024	0.24531
458 A	0.64936	0.11732	0.23332
459 T	0.64716	0.12119	0.23165
460 A	0.64211	0.12809	0.2298
461 T	0.64012	0.13002	0.22986
462 T	0.63745	0.13211	0.23043
463 G	0.63519	0.13507	0.22973
464 G	0.63608	0.13593	0.228
465 T	0.63871	0.13877	0.22252
466 T	0.63792	0.14222	0.21986
467 G	0.63631	0.14494	0.21875
468 T	0.63644	0.14314	0.22042
469 T	0.63567	0.14408	0.22025
470 A	0.63423	0.14621	0.21956
471 T	0.63495	0.14561	0.21944
472 C	0.63543	0.14650	0.21808
473 A	0.63667	0.14775	0.21558
474 T	0.64357	0.14161	0.21481
475 T	0.64645	0.13983	0.21373
476 T	0.64726	0.13946	0.21327
477 A	0.64673	0.14175	0.21153
478 G	0.64827	0.13963	0.2121
479 A	0.65596	0.13211	0.21193
480 A	0.66982	0.11234	0.21783
481 T	0.68305	0.09797	0.21898
482 T	0.68289	0.10576	0.21135
483 T	0.67476	0.13173	0.19351
484 A	0.64732	0.18912	0.16356
485 A	0.63905	0.20648	0.15447
486 T	0.63441	0.21814	0.14745
487 A	0.63114	0.23540	0.13345
488 T	0.63769	0.23512	0.12719
489 T	0.63555	0.23805	0.1264
490 A	0.62364	0.25309	0.12327
491 A	0.62015	0.25862	0.12122
492 T	0.61582	0.26437	0.11981
493 C	0.60874	0.27058	0.12069
494 A	0.60567	0.27411	0.12022
495 T	0.60493	0.27443	0.12063
496 G	0.57283	0.30748	0.11969
497 C	0.54176	0.34092	0.11732
498 T	0.48771	0.40630	0.106
499 A	0.33881	0.57887	0.08232
500 A	0.26182	0.66335	0.07483
501 A	0.22672	0.70220	0.07109
502 A	0.21495	0.71656	0.06849
503 A	0.21096	0.71915	0.06989
504 A	0.21295	0.71584	0.07121
505 A	0.22418	0.69899	0.07683
506 A	0.24632	0.66695	0.08674
507 T	0.27271	0.61116	0.11614
508 A	0.26492	0.60911	0.12596
509 C	0.26917	0.59502	0.13581
510 T	0.27802	0.58133	0.14064
511 G	0.27662	0.58093	0.14244
512 A	0.27569	0.57998	0.14433
513 C	0.27863	0.56979	0.15157
514 A	0.27706	0.57647	0.14646
515 T	0.27476	0.58029	0.14495
516 T	0.25855	0.61338	0.12806
517 A	0.23072	0.65148	0.11781
518 A	0.21650	0.67059	0.1129
519 A	0.21193	0.64444	0.14364
520 A	0.21210	0.60465	0.18326
521 A	0.22130	0.52808	0.25062
522 T	0.24363	0.35673	0.39964
523 T	0.24392	0.29607	0.46
524 C	0.23150	0.29200	0.47649
525 A	0.21044	0.36217	0.42739
526 A	0.19210	0.44407	0.36382
527 A	0.17208	0.47248	0.35544
528 A	0.15422	0.49988	0.3459
529 T	0.14550	0.52324	0.33126
530 A	0.12873	0.55056	0.32071
531 C	0.11823	0.56832	0.31345
532 G	0.11059	0.62333	0.26607
533 A	0.10531	0.67151	0.22318
534 A	0.10154	0.70845	0.19001
535 G	0.10241	0.75442	0.14317
536 A	0.10506	0.80422	0.09072
537 A	0.11252	0.80099	0.08649
538 A	0.12166	0.78759	0.09076
539 T	0.14557	0.74531	0.10911
540 T	0.15276	0.72018	0.12707
541 G	0.15199	0.71467	0.13334
542 A	0.15399	0.71226	0.13375
543 A	0.15377	0.71452	0.13172
544 A	0.15630	0.71543	0.12827
545 A	0.16534	0.70777	0.12689
546 T	0.19069	0.67702	0.13229
547 A	0.19877	0.66242	0.13881
548 A	0.23175	0.61828	0.14997
549 A	0.27733	0.56342	0.15926
550 A	0.29401	0.52289	0.1831
551 G	0.31495	0.48217	0.20288
552 T	0.35572	0.42934	0.21494
553 A	0.38562	0.38509	0.2293
554 C	0.42686	0.33365	0.2395
555 T	0.47622	0.28271	0.24107
556 A	0.50558	0.25671	0.2377
557 A	0.53072	0.23402	0.23526
558 T	0.58246	0.18590	0.23165
559 T	0.62286	0.14970	0.22744
560 T	0.62376	0.15603	0.22021
561 T	0.60533	0.18794	0.20674
562 A	0.56319	0.26006	0.17675
563 T	0.53372	0.30151	0.16478
564 T	0.45191	0.40252	0.14556
565 G	0.36265	0.49787	0.13947
566 A	0.32142	0.54140	0.13718
567 A	0.30349	0.55793	0.13859
568 T	0.30016	0.55733	0.14251
569 C	0.28428	0.57205	0.14367
570 G	0.28007	0.57597	0.14396
571 C	0.28332	0.57332	0.14336
572 T	0.28709	0.57217	0.14074
573 T	0.28180	0.58026	0.13794
574 A	0.27283	0.59222	0.13494
575 A	0.26653	0.60041	0.13306
576 T	0.26457	0.60331	0.13212
577 A	0.25562	0.61547	0.1289
578 A	0.25318	0.61880	0.12802
579 A	0.24568	0.62577	0.12855
580 A	0.24566	0.62351	0.13083
581 T	0.24772	0.61313	0.13915
582 A	0.22382	0.63263	0.14355
583 A	0.22091	0.62609	0.15301
584 A	0.23007	0.59370	0.17623
585 T	0.25786	0.51273	0.22941
586 A	0.26464	0.46427	0.27109
587 G	0.27769	0.35824	0.36407
588 T	0.28245	0.29085	0.42671
589 T	0.27745	0.29792	0.42463
590 T	0.26143	0.37263	0.36594
591 A	0.24247	0.44212	0.31541
592 G	0.23320	0.44652	0.32029
593 A	0.22792	0.45060	0.32148
594 T	0.22599	0.44899	0.32503
595 T	0.22009	0.45277	0.32714
596 C	0.21206	0.45910	0.32884
597 A	0.20100	0.48354	0.31547
598 G	0.19236	0.50387	0.30377
599 A	0.19011	0.52160	0.2883
600 T	0.19295	0.52611	0.28094
601 A	0.19174	0.56870	0.23955
602 A	0.19174	0.58793	0.22033
603 A	0.19158	0.59028	0.21814
604 A	0.18917	0.58868	0.22216
605 T	0.18850	0.56147	0.25003
606 A	0.17945	0.56545	0.2551
607 G	0.17019	0.57266	0.25715
608 A	0.16389	0.59049	0.24561
609 A	0.16418	0.60196	0.23386
610 G	0.16818	0.60480	0.22702
611 A	0.18432	0.60846	0.20723
612 A	0.21847	0.58525	0.19627
613 T	0.29442	0.51359	0.192
614 A	0.32944	0.51917	0.15138
615 T	0.34031	0.51839	0.1413
616 A	0.33883	0.53829	0.12287
617 T	0.34122	0.53269	0.12609
618 T	0.31850	0.55110	0.1304
619 A	0.26050	0.60467	0.13483
620 A	0.24773	0.60826	0.14401
621 C	0.25525	0.59264	0.15212
622 A	0.26471	0.58983	0.14546
623 A	0.27453	0.58991	0.13556
624 A	0.30918	0.56758	0.12324
625 T	0.33615	0.54577	0.11809
626 T	0.33709	0.54915	0.11376
627 A	0.32594	0.56552	0.10853
628 A	0.31783	0.57454	0.10763
629 A	0.31281	0.57466	0.11253
630 A	0.31361	0.56651	0.11988
631 G	0.32396	0.55042	0.12562
632 A	0.34400	0.52869	0.1273
633 A	0.36764	0.50308	0.12929
634 G	0.39961	0.46869	0.1317
635 A	0.42220	0.44419	0.1336
636 A	0.45041	0.41192	0.13767
637 T	0.50601	0.34354	0.15045
638 T	0.52485	0.31674	0.15841
639 T	0.53919	0.28885	0.17196
640 A	0.53771	0.28246	0.17982
641 T	0.53896	0.25409	0.20695
642 T	0.53615	0.21297	0.25088
643 G	0.52281	0.21698	0.2602
644 G	0.51712	0.22731	0.25557
645 A	0.52081	0.23383	0.24537
646 A	0.53025	0.23603	0.23372
647 T	0.54630	0.22144	0.23227
648 T	0.55118	0.21476	0.23406
649 A	0.54579	0.22042	0.23379
650 T	0.55187	0.21117	0.23695
651 A	0.55334	0.21787	0.22878
652 C	0.55716	0.20522	0.23763
653 A	0.56152	0.20859	0.2299
654 T	0.56853	0.20156	0.22991
655 T	0.56975	0.20899	0.22125
656 C	0.56673	0.22143	0.21184
657 T	0.56614	0.22905	0.20481
658 T	0.56537	0.23797	0.19665
659 G	0.56419	0.24485	0.19097
660 T	0.56475	0.24892	0.18633
661 T	0.56534	0.25231	0.18235
662 A	0.56579	0.25240	0.18182
663 T	0.56924	0.24590	0.18486
664 G	0.57117	0.24602	0.1828
665 A	0.57452	0.24507	0.18041
666 A	0.58120	0.23484	0.18396
667 T	0.59275	0.22297	0.18428
668 A	0.60141	0.21082	0.18777
669 T	0.61626	0.19293	0.19081
670 A	0.62074	0.18827	0.19099
671 A	0.62268	0.18338	0.19394
672 C	0.62502	0.17321	0.20177
673 G	0.62828	0.17815	0.19358
674 A	0.64249	0.17846	0.17905
675 A	0.64491	0.19789	0.15721
676 T	0.66151	0.19849	0.14
677 A	0.66635	0.20618	0.12747
678 T	0.68501	0.18609	0.1289
679 T	0.68144	0.18742	0.13114
680 A	0.65702	0.21404	0.12895
681 T	0.63474	0.24059	0.12466
682 C	0.55036	0.33608	0.11356
683 T	0.48147	0.42773	0.0908
684 A	0.32933	0.58348	0.08719
685 A	0.19220	0.72140	0.0864
686 A	0.17814	0.73544	0.08642
687 A	0.17366	0.73965	0.08669
688 C	0.17345	0.73853	0.08802
689 C	0.17849	0.73320	0.08831
690 T	0.18311	0.72861	0.08828
691 A	0.18387	0.72778	0.08834
692 A	0.18477	0.72681	0.08842
693 A	0.18646	0.72489	0.08864
694 A	0.18868	0.72170	0.08961
695 A	0.19169	0.71373	0.09458
696 C	0.20286	0.69472	0.10242
697 A	0.22014	0.67602	0.10384
698 A	0.24311	0.65162	0.10528
699 T	0.26190	0.63117	0.10693
700 A	0.27194	0.61893	0.10914
701 A	0.27575	0.61265	0.11161
702 T	0.28249	0.57657	0.14094
703 A	0.28824	0.53547	0.17628
704 A	0.29457	0.48136	0.22407
705 T	0.30835	0.36046	0.33118
706 T	0.32624	0.26088	0.41288
707 A	0.32879	0.13016	0.54104
708 G	0.33036	0.00000	0.66965
