# lcl|CP097583.1_cds_USQ93375.1_1
# AA	inside	membr	outside
1 A	0.31627	0.00000	0.68373
2 T	0.31431	0.00197	0.68373
3 G	0.31236	0.00391	0.68373
4 A	0.31236	0.13948	0.54815
5 A	0.26009	0.26805	0.47186
6 A	0.26009	0.28167	0.45824
7 A	0.15690	0.39001	0.45309
8 A	0.15690	0.39012	0.45299
9 A	0.14626	0.40341	0.45033
10 A	0.14625	0.65713	0.19662
11 A	0.14486	0.66441	0.19074
12 A	0.13680	0.67365	0.18956
13 A	0.13090	0.68025	0.18886
14 T	0.13090	0.68025	0.18886
15 A	0.13090	0.68502	0.18408
16 T	0.13076	0.68516	0.18408
17 C	0.13046	0.68550	0.18404
18 A	0.13046	0.68562	0.18393
19 A	0.13037	0.68574	0.18389
20 T	0.13018	0.68617	0.18365
21 T	0.12776	0.68855	0.1837
22 C	0.12877	0.68755	0.18367
23 A	0.13076	0.68536	0.18388
24 A	0.13835	0.67745	0.1842
25 A	0.14941	0.66230	0.18829
26 T	0.16719	0.64123	0.19159
27 T	0.28065	0.52364	0.19571
28 A	0.33074	0.42366	0.2456
29 G	0.34207	0.40499	0.25293
30 A	0.35400	0.30989	0.33611
31 G	0.35732	0.30394	0.33874
32 A	0.36717	0.28578	0.34705
33 T	0.60629	0.04699	0.34672
34 T	0.61295	0.03977	0.34729
35 T	0.61384	0.03432	0.35184
36 A	0.61281	0.03360	0.35359
37 A	0.61270	0.03653	0.35076
38 C	0.61572	0.03345	0.35084
39 T	0.61521	0.04301	0.34178
40 G	0.61536	0.04289	0.34175
41 T	0.61543	0.04290	0.34167
42 T	0.61519	0.04379	0.34101
43 G	0.61406	0.04487	0.34107
44 C	0.60967	0.04816	0.34217
45 T	0.60443	0.05358	0.34199
46 T	0.60131	0.05741	0.34128
47 A	0.59599	0.06483	0.33919
48 T	0.59488	0.06717	0.33795
49 A	0.59368	0.07715	0.32917
50 A	0.59338	0.07809	0.32852
51 T	0.59374	0.07755	0.32872
52 T	0.59131	0.07998	0.32871
53 T	0.57952	0.09247	0.32802
54 G	0.57670	0.09519	0.32811
55 A	0.57527	0.09662	0.3281
56 A	0.57701	0.09433	0.32866
57 A	0.57828	0.09159	0.33013
58 C	0.58073	0.08735	0.33192
59 C	0.58493	0.08118	0.33389
60 T	0.58868	0.07758	0.33373
61 G	0.58932	0.07776	0.33292
62 T	0.59569	0.07154	0.33277
63 T	0.59612	0.07214	0.33174
64 T	0.59620	0.07235	0.33145
65 T	0.59577	0.07199	0.33224
66 A	0.59451	0.07201	0.33348
67 T	0.59386	0.06785	0.33829
68 G	0.59188	0.06540	0.34272
69 G	0.59105	0.06455	0.3444
70 G	0.59149	0.06577	0.34274
71 A	0.59212	0.07828	0.3296
72 T	0.59895	0.08034	0.32071
73 A	0.59747	0.10313	0.2994
74 T	0.59709	0.10865	0.29425
75 A	0.59589	0.11227	0.29185
76 G	0.59624	0.10634	0.29742
77 A	0.59643	0.10430	0.29927
78 T	0.59667	0.10170	0.30164
79 A	0.59667	0.10104	0.30229
80 T	0.59683	0.10024	0.30293
81 C	0.59569	0.10158	0.30273
82 G	0.59557	0.10369	0.30074
83 A	0.59597	0.10651	0.29752
84 T	0.59728	0.10973	0.293
85 A	0.59794	0.11849	0.28357
86 T	0.59925	0.11960	0.28115
87 T	0.59990	0.12214	0.27797
88 T	0.60013	0.12382	0.27606
89 A	0.59991	0.12554	0.27455
90 T	0.59964	0.12689	0.27346
91 A	0.59842	0.12770	0.27388
92 A	0.59812	0.12748	0.27441
93 A	0.60307	0.12154	0.27539
94 A	0.61777	0.10553	0.2767
95 G	0.62954	0.09223	0.27822
96 T	0.65462	0.06520	0.28017
97 T	0.66018	0.05873	0.2811
98 C	0.66300	0.05475	0.28225
99 T	0.66553	0.05285	0.28162
100 T	0.66576	0.05289	0.28135
101 T	0.66520	0.05360	0.2812
102 A	0.65547	0.06355	0.28099
103 A	0.65154	0.06737	0.28109
104 C	0.64931	0.06823	0.28245
105 A	0.64921	0.06819	0.28259
106 G	0.65217	0.06507	0.28276
107 C	0.65785	0.05936	0.28279
108 T	0.66829	0.04953	0.28219
109 A	0.67090	0.04844	0.28067
110 T	0.67528	0.04548	0.27925
111 T	0.67639	0.04660	0.27701
112 T	0.67352	0.05316	0.27332
113 T	0.66462	0.06249	0.27289
114 A	0.64580	0.07997	0.27423
115 G	0.63984	0.08381	0.27634
116 G	0.63706	0.08554	0.2774
117 C	0.63447	0.08765	0.27788
118 C	0.63326	0.08908	0.27766
119 C	0.63292	0.08996	0.27712
120 T	0.63199	0.09186	0.27615
121 A	0.63028	0.09441	0.27532
122 A	0.62898	0.09657	0.27445
123 T	0.62486	0.10144	0.27369
124 G	0.61703	0.10861	0.27436
125 G	0.61190	0.10365	0.28444
126 A	0.60384	0.10747	0.28869
127 G	0.58862	0.11953	0.29185
128 C	0.57723	0.13005	0.29272
129 A	0.56010	0.15507	0.28484
130 G	0.55416	0.16745	0.27839
131 G	0.55195	0.17372	0.27433
132 A	0.55182	0.17675	0.27143
133 A	0.55298	0.17563	0.27138
134 A	0.55546	0.17020	0.27435
135 A	0.55859	0.16022	0.28119
136 T	0.55995	0.14710	0.29295
137 C	0.55929	0.13072	0.30999
138 T	0.55885	0.12761	0.31354
139 A	0.55799	0.12849	0.31353
140 C	0.55760	0.12889	0.31352
141 T	0.55750	0.13300	0.3095
142 T	0.55708	0.13510	0.30782
143 T	0.55631	0.13838	0.3053
144 A	0.55313	0.14743	0.29944
145 A	0.55204	0.15121	0.29675
146 T	0.55198	0.14822	0.29979
147 T	0.55125	0.14163	0.30713
148 A	0.55037	0.13719	0.31244
149 A	0.55058	0.12901	0.32042
150 A	0.55133	0.11224	0.33644
151 A	0.55298	0.09922	0.3478
152 C	0.56142	0.07302	0.36556
153 T	0.56728	0.06401	0.36871
154 T	0.56941	0.06144	0.36915
155 T	0.56961	0.06297	0.36742
156 G	0.56632	0.06863	0.36505
157 A	0.56529	0.07161	0.36309
158 T	0.56461	0.07301	0.36237
159 A	0.56335	0.07737	0.35928
160 G	0.56233	0.08328	0.35438
161 A	0.56182	0.10327	0.33491
162 A	0.56053	0.11675	0.32272
163 T	0.56040	0.12939	0.3102
164 T	0.56318	0.14962	0.2872
165 G	0.56095	0.16004	0.279
166 A	0.56256	0.15880	0.27865
167 T	0.56785	0.15048	0.28167
168 T	0.56835	0.14871	0.28295
169 C	0.56041	0.15612	0.28346
170 C	0.54363	0.17371	0.28266
171 T	0.52627	0.19289	0.28084
172 A	0.49870	0.22170	0.2796
173 A	0.48523	0.23522	0.27956
174 A	0.47898	0.24147	0.27954
175 A	0.47509	0.24501	0.27989
176 T	0.47440	0.24258	0.28302
177 C	0.46637	0.24824	0.28539
178 T	0.45879	0.25453	0.28668
179 C	0.45184	0.25957	0.28859
180 A	0.44612	0.26511	0.28876
181 G	0.44236	0.26860	0.28903
182 G	0.44290	0.26750	0.2896
183 A	0.44675	0.26253	0.29071
184 G	0.46337	0.24425	0.29238
185 A	0.47553	0.22728	0.29719
186 C	0.48931	0.20787	0.30282
187 G	0.51105	0.18379	0.30516
188 T	0.52120	0.17027	0.30853
189 T	0.52341	0.16598	0.31062
190 T	0.52345	0.16501	0.31153
191 T	0.52188	0.16605	0.31207
192 A	0.51666	0.16169	0.32166
193 T	0.50989	0.14887	0.34124
194 T	0.50242	0.14079	0.35678
195 T	0.47385	0.15219	0.37395
196 A	0.41472	0.20884	0.37643
197 A	0.38024	0.23806	0.3817
198 T	0.33707	0.27608	0.38685
199 A	0.26959	0.34145	0.38896
200 A	0.22760	0.37367	0.39874
201 C	0.19963	0.39220	0.40817
202 G	0.17608	0.42458	0.39934
203 A	0.16051	0.46528	0.37421
204 A	0.15132	0.50268	0.34599
205 A	0.14554	0.53537	0.31908
206 A	0.14199	0.56098	0.29703
207 A	0.13847	0.58963	0.2719
208 T	0.13661	0.60063	0.26276
209 A	0.13295	0.62673	0.24032
210 T	0.13142	0.63797	0.23061
211 A	0.12962	0.65163	0.21875
212 A	0.12905	0.65742	0.21352
213 A	0.12920	0.65749	0.21331
214 A	0.13086	0.65237	0.21677
215 A	0.13364	0.64127	0.22508
216 T	0.13797	0.61991	0.24212
217 A	0.13963	0.60496	0.2554
218 T	0.14343	0.56779	0.28877
219 A	0.14546	0.51786	0.33668
220 A	0.14590	0.48852	0.36558
221 G	0.14663	0.45141	0.40196
222 A	0.14879	0.40917	0.44204
223 A	0.15159	0.39304	0.45537
224 A	0.15596	0.38808	0.45596
225 A	0.17103	0.39699	0.43199
226 A	0.19977	0.39996	0.40027
227 A	0.22960	0.40816	0.36224
228 A	0.26071	0.42421	0.31507
229 A	0.28665	0.40555	0.3078
230 T	0.32190	0.37103	0.30707
231 A	0.33544	0.35746	0.30709
232 T	0.35871	0.33216	0.30913
233 C	0.36607	0.32495	0.30898
234 T	0.37501	0.32101	0.30398
235 T	0.37778	0.32411	0.29811
236 A	0.37826	0.33392	0.28782
237 T	0.37854	0.33560	0.28586
238 G	0.37584	0.33904	0.28513
239 T	0.37593	0.33904	0.28503
240 T	0.37549	0.33892	0.28559
241 C	0.37332	0.34082	0.28585
242 C	0.37297	0.34159	0.28544
243 A	0.37506	0.34147	0.28346
244 C	0.37946	0.33987	0.28067
245 A	0.39075	0.33343	0.27582
246 A	0.41445	0.31181	0.27373
247 A	0.43992	0.28722	0.27285
248 G	0.48657	0.24066	0.27277
249 A	0.53040	0.19711	0.27249
250 A	0.57581	0.15069	0.27351
251 A	0.62653	0.09894	0.27452
252 T	0.64770	0.07675	0.27555
253 T	0.65886	0.06499	0.27615
254 C	0.66371	0.05925	0.27703
255 T	0.66671	0.05653	0.27676
256 G	0.66779	0.05626	0.27595
257 T	0.67050	0.05402	0.27548
258 A	0.67285	0.05281	0.27434
259 G	0.68056	0.04513	0.2743
260 A	0.68279	0.04070	0.27651
261 T	0.68369	0.03506	0.28125
262 T	0.68225	0.03468	0.28307
263 G	0.67999	0.03569	0.28432
264 G	0.67973	0.03453	0.28575
265 G	0.68017	0.03375	0.28607
266 A	0.68217	0.03135	0.28648
267 T	0.68601	0.02681	0.28717
268 T	0.69042	0.02190	0.28769
269 T	0.69154	0.02054	0.28792
270 C	0.69108	0.02087	0.28804
271 C	0.69075	0.02118	0.28808
272 C	0.69083	0.02110	0.28808
273 T	0.69081	0.02112	0.28807
274 A	0.69071	0.02122	0.28807
275 C	0.69083	0.02110	0.28807
276 T	0.69112	0.02080	0.28807
277 A	0.69119	0.02070	0.28811
278 C	0.69190	0.01963	0.28847
279 T	0.69332	0.01799	0.28869
280 G	0.69393	0.01725	0.28881
281 T	0.69536	0.01518	0.28946
282 T	0.69622	0.01381	0.28997
283 T	0.69652	0.01312	0.29036
284 T	0.69662	0.01178	0.2916
285 T	0.69659	0.00972	0.29369
286 G	0.69609	0.00834	0.29557
287 A	0.69627	0.00764	0.29609
288 T	0.69705	0.00615	0.2968
289 G	0.69702	0.00600	0.29698
290 T	0.69700	0.00619	0.29681
291 T	0.69688	0.00649	0.29663
292 G	0.69667	0.00725	0.29608
293 T	0.69658	0.00747	0.29596
294 T	0.69644	0.00791	0.29565
295 T	0.69628	0.00866	0.29506
296 T	0.69472	0.01092	0.29436
297 G	0.69097	0.01551	0.29352
298 A	0.68913	0.01900	0.29187
299 T	0.68800	0.02244	0.28956
300 G	0.68507	0.02749	0.28744
301 G	0.68326	0.03192	0.28483
302 G	0.68238	0.03684	0.28078
303 T	0.68200	0.03948	0.27852
304 A	0.68152	0.04201	0.27646
305 G	0.68140	0.04314	0.27547
306 A	0.68136	0.04403	0.2746
307 T	0.68143	0.04440	0.27417
308 A	0.68137	0.04535	0.27329
309 T	0.68155	0.04487	0.27359
310 G	0.68148	0.04538	0.27314
311 G	0.68140	0.04643	0.27218
312 A	0.68158	0.04736	0.27106
313 C	0.68222	0.04739	0.27039
314 A	0.68280	0.04808	0.26912
315 T	0.68408	0.04762	0.2683
316 T	0.68499	0.04773	0.26728
317 T	0.68555	0.04799	0.26646
318 A	0.68578	0.04889	0.26532
319 G	0.68627	0.04659	0.26715
320 G	0.68704	0.04219	0.27077
321 A	0.68865	0.03921	0.27213
322 T	0.69178	0.03508	0.27313
323 G	0.69370	0.03112	0.27517
324 G	0.69660	0.02730	0.2761
325 T	0.70055	0.02381	0.27563
326 T	0.70120	0.02387	0.27493
327 T	0.69987	0.02680	0.27333
328 A	0.69326	0.03840	0.26834
329 A	0.68602	0.05156	0.26242
330 G	0.67684	0.06156	0.26159
331 A	0.66669	0.07195	0.26136
332 G	0.65971	0.07911	0.26119
333 A	0.65240	0.08684	0.26075
334 C	0.64706	0.09203	0.26091
335 C	0.63809	0.10116	0.26075
336 T	0.63435	0.10504	0.26061
337 A	0.62961	0.10992	0.26046
338 C	0.62879	0.11078	0.26043
339 T	0.62874	0.11096	0.26031
340 C	0.62722	0.11249	0.26028
341 T	0.62608	0.11373	0.26018
342 T	0.62189	0.11823	0.25989
343 T	0.60665	0.13420	0.25915
344 A	0.58319	0.15818	0.25863
345 T	0.56797	0.17373	0.2583
346 G	0.55130	0.19052	0.25818
347 A	0.54299	0.19881	0.25819
348 T	0.53979	0.20137	0.25885
349 A	0.53344	0.20681	0.25975
350 A	0.53052	0.20803	0.26145
351 A	0.52840	0.20477	0.26683
352 A	0.52942	0.19701	0.27357
353 A	0.52778	0.18974	0.28248
354 A	0.52589	0.18158	0.29253
355 A	0.52437	0.17595	0.29968
356 T	0.52398	0.16735	0.30867
357 A	0.52258	0.16168	0.31574
358 G	0.52231	0.15021	0.32747
359 T	0.52245	0.14545	0.3321
360 T	0.52196	0.14165	0.33639
361 T	0.52078	0.14203	0.33719
362 T	0.51879	0.14406	0.33715
363 A	0.51353	0.15262	0.33386
364 G	0.51148	0.14927	0.33925
365 A	0.51109	0.14319	0.34572
366 T	0.51171	0.12395	0.36434
367 T	0.51229	0.09961	0.3881
368 C	0.51201	0.08464	0.40335
369 T	0.51172	0.08358	0.40471
370 T	0.50964	0.09751	0.39286
371 T	0.50548	0.12301	0.37151
372 A	0.49832	0.15554	0.34614
373 G	0.49553	0.16834	0.33613
374 A	0.49379	0.17373	0.33248
375 A	0.49114	0.18078	0.32808
376 A	0.48970	0.18647	0.32382
377 A	0.48574	0.19413	0.32012
378 A	0.48321	0.20335	0.31344
379 G	0.47951	0.21812	0.30237
380 T	0.47815	0.23077	0.29108
381 A	0.47670	0.24988	0.27341
382 G	0.47643	0.26313	0.26044
383 G	0.47715	0.26929	0.25356
384 A	0.47848	0.27551	0.24601
385 A	0.48094	0.27329	0.24578
386 T	0.48702	0.26470	0.24829
387 G	0.48547	0.26796	0.24657
388 A	0.48528	0.27181	0.24291
389 C	0.48368	0.27547	0.24085
390 A	0.48314	0.27678	0.24009
391 G	0.48547	0.27399	0.24054
392 A	0.49427	0.26450	0.24123
393 A	0.51261	0.24400	0.2434
394 C	0.53809	0.21547	0.24645
395 T	0.56448	0.18976	0.24575
396 T	0.57294	0.18527	0.24178
397 A	0.57421	0.18802	0.23777
398 A	0.57779	0.18662	0.23559
399 A	0.58215	0.18132	0.23653
400 G	0.58801	0.17025	0.24175
401 A	0.59981	0.15465	0.24555
402 T	0.62022	0.12877	0.25101
403 C	0.63452	0.11146	0.25402
404 G	0.65258	0.09229	0.25514
405 T	0.66642	0.07810	0.25548
406 C	0.67117	0.07351	0.25532
407 A	0.67599	0.07112	0.25289
408 A	0.67836	0.07041	0.25123
409 A	0.68190	0.06671	0.2514
410 T	0.68705	0.05934	0.25361
411 T	0.69150	0.05400	0.2545
412 T	0.69372	0.04906	0.25722
413 C	0.69191	0.04974	0.25834
414 A	0.69088	0.05285	0.25627
415 G	0.69078	0.05479	0.25443
416 A	0.68991	0.06044	0.24965
417 A	0.69122	0.06233	0.24645
418 C	0.69975	0.05374	0.24652
419 T	0.70415	0.05138	0.24447
420 T	0.70306	0.05552	0.24142
421 T	0.69169	0.07093	0.23738
422 C	0.67961	0.08659	0.23381
423 T	0.67112	0.10285	0.22603
424 G	0.65080	0.13060	0.21859
425 G	0.64252	0.13987	0.2176
426 T	0.63838	0.14407	0.21754
427 G	0.63203	0.15046	0.21751
428 G	0.62847	0.15393	0.2176
429 C	0.62699	0.15528	0.21773
430 C	0.62763	0.15468	0.21768
431 A	0.62777	0.15470	0.21753
432 A	0.62800	0.15450	0.2175
433 C	0.62823	0.15430	0.21747
434 A	0.62864	0.15405	0.21731
435 A	0.62918	0.15354	0.21728
436 C	0.63030	0.15071	0.21899
437 A	0.63258	0.14799	0.21942
438 A	0.63513	0.14508	0.21979
439 A	0.64033	0.13755	0.22212
440 G	0.64436	0.13224	0.2234
441 A	0.64654	0.12934	0.22412
442 A	0.65499	0.11423	0.23078
443 T	0.66869	0.09108	0.24022
444 T	0.67647	0.06308	0.26045
445 T	0.67913	0.04825	0.27262
446 T	0.68113	0.03892	0.27995
447 T	0.68142	0.02689	0.29169
448 T	0.67849	0.02473	0.29679
449 T	0.64589	0.05602	0.29809
450 A	0.60214	0.10014	0.29772
451 G	0.57173	0.13357	0.2947
452 C	0.54504	0.16347	0.29148
453 T	0.51843	0.21025	0.27132
454 A	0.46475	0.27062	0.26462
455 G	0.44985	0.28768	0.26247
456 A	0.44299	0.30015	0.25685
457 G	0.44035	0.30505	0.2546
458 C	0.43879	0.30775	0.25346
459 T	0.43775	0.31190	0.25035
460 T	0.43619	0.31409	0.24972
461 T	0.43372	0.31712	0.24916
462 A	0.42900	0.32187	0.24913
463 G	0.42584	0.32502	0.24913
464 C	0.42418	0.32664	0.24919
465 A	0.42289	0.32810	0.24901
466 C	0.42216	0.32890	0.24894
467 A	0.42165	0.33012	0.24824
468 A	0.42129	0.33119	0.24752
469 G	0.42135	0.33187	0.24679
470 A	0.42299	0.32934	0.24767
471 A	0.42424	0.32437	0.25139
472 G	0.42703	0.27187	0.3011
473 G	0.43354	0.21898	0.34749
474 T	0.44168	0.18271	0.37561
475 G	0.44656	0.16580	0.38764
476 A	0.46424	0.13684	0.39893
477 T	0.47214	0.08969	0.43817
478 A	0.47465	0.08075	0.44461
479 T	0.48099	0.06976	0.44924
480 T	0.48299	0.06637	0.45064
481 T	0.48378	0.06908	0.44714
482 A	0.48428	0.07953	0.43619
483 T	0.48461	0.08869	0.4267
484 T	0.48448	0.10402	0.41151
485 T	0.47918	0.13345	0.38737
486 A	0.47075	0.21106	0.31818
487 A	0.46658	0.25320	0.28023
488 T	0.46547	0.27325	0.26127
489 G	0.46386	0.29392	0.24223
490 G	0.46349	0.31307	0.22345
491 A	0.46399	0.33082	0.2052
492 T	0.46484	0.33154	0.20362
493 G	0.46431	0.33223	0.20346
494 A	0.46489	0.33174	0.20337
495 A	0.46616	0.33045	0.20339
496 C	0.46921	0.32732	0.20347
497 C	0.47275	0.32382	0.20343
498 T	0.48758	0.30905	0.20338
499 T	0.49754	0.29916	0.2033
500 T	0.50004	0.29677	0.20318
501 T	0.49939	0.29758	0.20302
502 C	0.49471	0.30250	0.20279
503 A	0.48969	0.30874	0.20157
504 A	0.47871	0.32103	0.20025
505 G	0.47857	0.32303	0.1984
506 G	0.48371	0.31830	0.19799
507 A	0.49121	0.31131	0.19747
508 G	0.50788	0.28838	0.20375
509 T	0.56289	0.22654	0.21057
510 C	0.53819	0.25084	0.21097
511 G	0.52794	0.27053	0.20152
512 A	0.53160	0.28130	0.1871
513 T	0.53248	0.28582	0.1817
514 A	0.51388	0.30789	0.17822
515 T	0.47057	0.35289	0.17654
516 T	0.39015	0.43501	0.17485
517 C	0.30395	0.52233	0.17372
518 A	0.23347	0.59560	0.17093
519 A	0.17307	0.66035	0.16658
520 A	0.13883	0.69615	0.16503
521 C	0.11918	0.71641	0.16441
522 A	0.08936	0.74833	0.16231
523 G	0.07439	0.76390	0.16171
524 A	0.06785	0.77081	0.16135
525 A	0.06327	0.77438	0.16235
526 A	0.06263	0.77426	0.16312
527 A	0.06306	0.76155	0.1754
528 A	0.06504	0.74812	0.18684
529 A	0.06636	0.73620	0.19744
530 A	0.06825	0.72040	0.21135
531 A	0.07034	0.70155	0.22811
532 A	0.07367	0.67989	0.24644
533 T	0.07868	0.60666	0.31465
534 T	0.08733	0.56269	0.34998
535 A	0.09817	0.52809	0.37374
536 T	0.10540	0.48736	0.40725
537 A	0.10868	0.44286	0.44845
538 A	0.11049	0.37022	0.5193
539 C	0.11262	0.25527	0.63211
540 T	0.11477	0.18646	0.69876
541 G	0.11670	0.14270	0.7406
542 T	0.12264	0.11288	0.76448
543 T	0.12473	0.10325	0.77202
544 T	0.12524	0.10969	0.76507
545 T	0.12348	0.11133	0.76519
546 G	0.11509	0.15864	0.72627
547 A	0.10860	0.30946	0.58194
548 A	0.08497	0.48335	0.43168
549 A	0.07414	0.61818	0.30768
550 G	0.07217	0.71194	0.21589
551 A	0.07167	0.77207	0.15626
552 A	0.07085	0.78577	0.14338
553 T	0.07054	0.79389	0.13557
554 T	0.06893	0.80082	0.13025
555 A	0.05629	0.82090	0.12281
556 C	0.05120	0.82905	0.11976
557 A	0.04728	0.83791	0.11482
558 A	0.04410	0.84204	0.11387
559 A	0.04250	0.84421	0.11329
560 A	0.04120	0.84581	0.11299
561 A	0.04074	0.84630	0.11295
562 C	0.04126	0.84567	0.11307
563 A	0.04234	0.84463	0.11303
564 A	0.04609	0.84087	0.11304
565 C	0.05435	0.83251	0.11314
566 A	0.06642	0.82047	0.11312
567 A	0.08954	0.79729	0.11316
568 A	0.12339	0.76151	0.11509
569 A	0.18199	0.69752	0.12049
570 A	0.32735	0.54725	0.12541
571 A	0.47591	0.37219	0.1519
572 C	0.60505	0.22859	0.16637
573 T	0.70100	0.12959	0.16941
574 A	0.74255	0.08619	0.17125
575 T	0.75876	0.06750	0.17374
576 T	0.76562	0.05795	0.17643
577 G	0.76749	0.05447	0.17804
578 T	0.77231	0.03656	0.19112
579 T	0.77100	0.03391	0.19509
580 G	0.77085	0.03803	0.19112
581 T	0.77063	0.04072	0.18865
582 A	0.76802	0.04327	0.18871
583 G	0.76663	0.04365	0.18972
584 T	0.76625	0.04361	0.19013
585 T	0.76370	0.04612	0.19018
586 C	0.75862	0.05139	0.18999
587 A	0.75463	0.05668	0.18869
588 T	0.75294	0.05915	0.18791
589 C	0.74540	0.06899	0.1856
590 A	0.73584	0.09206	0.1721
591 T	0.73177	0.09997	0.16826
592 G	0.72557	0.11674	0.15768
593 A	0.71435	0.13545	0.1502
594 T	0.70885	0.14338	0.14777
595 T	0.70224	0.15128	0.14649
596 T	0.69322	0.16115	0.14563
597 A	0.67801	0.17892	0.14308
598 G	0.66565	0.19105	0.1433
599 A	0.66103	0.19512	0.14385
600 A	0.65951	0.19446	0.14604
601 A	0.66018	0.19279	0.14702
602 C	0.66270	0.18529	0.15201
603 T	0.66934	0.17875	0.15191
604 G	0.67215	0.17729	0.15056
605 T	0.67160	0.17924	0.14916
606 T	0.66883	0.18221	0.14895
607 A	0.66333	0.18831	0.14836
608 A	0.65993	0.18892	0.15115
609 A	0.65825	0.18509	0.15665
610 C	0.65859	0.17877	0.16264
611 A	0.65893	0.17709	0.16398
612 A	0.66286	0.16666	0.17048
613 T	0.67757	0.14408	0.17835
614 A	0.68135	0.13725	0.1814
615 T	0.69153	0.12208	0.18639
616 T	0.69775	0.10175	0.2005
617 T	0.69952	0.09096	0.20952
618 T	0.69909	0.08253	0.21837
619 G	0.69707	0.07663	0.2263
620 A	0.69793	0.06575	0.23632
621 T	0.69826	0.05546	0.24628
622 C	0.69843	0.05114	0.25043
623 A	0.69925	0.04993	0.25083
624 T	0.70194	0.04771	0.25035
625 G	0.70267	0.05018	0.24715
626 T	0.70374	0.05370	0.24256
627 T	0.70297	0.06105	0.23598
628 A	0.70236	0.06339	0.23425
629 T	0.70153	0.06435	0.23412
630 T	0.69937	0.06902	0.23161
631 T	0.69731	0.07365	0.22904
632 T	0.69275	0.08027	0.22698
633 A	0.68155	0.09741	0.22104
634 T	0.67596	0.10890	0.21515
635 T	0.66843	0.12155	0.21002
636 G	0.60847	0.18751	0.20401
637 A	0.59220	0.21367	0.19413
638 A	0.58585	0.22410	0.19005
639 T	0.58280	0.22714	0.19006
640 A	0.57056	0.24063	0.18881
641 T	0.55611	0.25549	0.18841
642 T	0.52975	0.28311	0.18714
643 C	0.50576	0.31351	0.18073
644 A	0.48144	0.34971	0.16884
645 A	0.46823	0.37115	0.16061
646 A	0.46125	0.38432	0.15443
647 A	0.45784	0.38988	0.15228
648 A	0.44899	0.40108	0.14993
649 A	0.43476	0.41464	0.1506
650 T	0.43480	0.41199	0.15322
651 A	0.39661	0.44796	0.15543
652 G	0.38316	0.45697	0.15988
653 C	0.38251	0.45179	0.1657
654 T	0.37431	0.45934	0.16634
655 A	0.36305	0.46933	0.16763
656 G	0.36042	0.46488	0.1747
657 T	0.36188	0.45977	0.17835
658 G	0.35253	0.46449	0.18298
659 G	0.34358	0.41694	0.23948
660 T	0.34449	0.40212	0.25339
661 G	0.34127	0.39871	0.26003
662 A	0.33842	0.39824	0.26334
663 A	0.33888	0.38412	0.277
664 A	0.34133	0.35881	0.29986
665 C	0.34621	0.32391	0.32988
666 T	0.35438	0.30283	0.34279
667 G	0.35833	0.29118	0.35049
668 A	0.36186	0.29166	0.34647
669 T	0.36206	0.29210	0.34584
670 A	0.35656	0.30188	0.34156
671 A	0.35198	0.29968	0.34834
672 A	0.34786	0.28733	0.3648
673 A	0.34675	0.29522	0.35803
674 T	0.34722	0.25433	0.39845
675 A	0.34150	0.25332	0.40518
676 T	0.33608	0.25793	0.406
677 T	0.32528	0.28309	0.39164
678 T	0.29660	0.38172	0.32167
679 A	0.27262	0.43045	0.29693
680 A	0.25915	0.45707	0.28378
681 T	0.25168	0.45717	0.29115
682 T	0.23793	0.46130	0.30078
683 C	0.21493	0.48225	0.30282
684 A	0.16753	0.54531	0.28716
685 G	0.14145	0.59244	0.26612
686 A	0.11942	0.69419	0.18639
687 A	0.10415	0.73249	0.16336
688 A	0.09635	0.78153	0.12212
689 A	0.09552	0.78931	0.11517
690 T	0.09963	0.78400	0.11636
691 A	0.10062	0.78715	0.11223
692 T	0.10426	0.78043	0.11531
693 A	0.10582	0.77659	0.11759
694 A	0.11068	0.76816	0.12116
695 A	0.11965	0.75619	0.12416
696 A	0.13862	0.73629	0.12509
697 A	0.14706	0.72390	0.12905
698 A	0.16096	0.70056	0.13848
699 A	0.17357	0.67405	0.15238
700 A	0.20759	0.62057	0.17185
701 C	0.28227	0.50673	0.211
702 T	0.32304	0.44903	0.22793
703 T	0.34705	0.41499	0.23796
704 A	0.34490	0.42104	0.23406
705 T	0.33886	0.42751	0.23363
706 A	0.30852	0.46973	0.22175
707 A	0.27691	0.48128	0.24181
708 A	0.27682	0.48532	0.23787
709 A	0.35740	0.41134	0.23126
710 A	0.37615	0.41146	0.21239
711 T	0.42052	0.36237	0.2171
712 T	0.41263	0.37950	0.20786
713 A	0.36736	0.44837	0.18427
714 T	0.30390	0.52045	0.17564
715 C	0.12959	0.72276	0.14766
716 A	0.11425	0.76406	0.1217
717 A	0.09697	0.79389	0.10914
718 A	0.08824	0.81195	0.0998
719 T	0.08781	0.81393	0.09826
720 A	0.08231	0.82122	0.09647
721 A	0.08256	0.81981	0.09764
722 A	0.08319	0.81843	0.09839
723 T	0.08424	0.81629	0.09947
724 A	0.08485	0.81483	0.10031
725 A	0.08666	0.81118	0.10216
726 A	0.09017	0.80377	0.10606
727 A	0.10136	0.78307	0.11558
728 A	0.11456	0.75961	0.12584
729 A	0.14058	0.70534	0.15408
730 A	0.16851	0.63736	0.19413
731 C	0.19923	0.58196	0.21881
732 T	0.23123	0.54290	0.22588
733 A	0.25833	0.51135	0.23032
734 A	0.27059	0.49390	0.23552
735 A	0.29263	0.45595	0.25142
736 T	0.33631	0.36825	0.29544
737 A	0.35684	0.25344	0.38972
738 A	0.40532	0.00000	0.59468
