# lcl|CP097583.1_cds_USQ93292.1_1
# AA	inside	membr	outside
1 A	0.83519	0.00000	0.16481
2 T	0.83416	0.00103	0.16481
3 G	0.83340	0.00179	0.16481
4 G	0.83340	0.00533	0.16127
5 C	0.83000	0.00939	0.16061
6 T	0.83000	0.00948	0.16051
7 G	0.74334	0.09616	0.1605
8 T	0.74333	0.09617	0.1605
9 C	0.71750	0.12202	0.16049
10 C	0.71748	0.12545	0.15707
11 C	0.71621	0.12713	0.15666
12 T	0.69844	0.14549	0.15607
13 T	0.66523	0.18184	0.15294
14 T	0.66521	0.18186	0.15293
15 T	0.66521	0.23406	0.10074
16 A	0.63692	0.26235	0.10074
17 G	0.60212	0.29796	0.09992
18 A	0.59817	0.30465	0.09718
19 A	0.54578	0.35736	0.09687
20 G	0.40580	0.50200	0.09219
21 A	0.15582	0.75198	0.0922
22 A	0.13995	0.76889	0.09115
23 C	0.13163	0.77763	0.09073
24 A	0.11588	0.79710	0.08702
25 G	0.11143	0.80321	0.08535
26 G	0.10804	0.81131	0.08065
27 T	0.10941	0.81582	0.07477
28 A	0.10708	0.81889	0.07403
29 A	0.10575	0.81719	0.07705
30 A	0.10492	0.74362	0.15145
31 A	0.10469	0.73544	0.15987
32 C	0.10441	0.69820	0.19738
33 T	0.11005	0.68684	0.20311
34 G	0.11063	0.69019	0.19919
35 C	0.11423	0.68154	0.20422
36 A	0.11563	0.68826	0.19611
37 A	0.11562	0.69573	0.18866
38 A	0.14658	0.66968	0.18374
39 A	0.13978	0.69675	0.16347
40 A	0.13651	0.68688	0.1766
41 G	0.13436	0.67407	0.19156
42 A	0.12860	0.64730	0.2241
43 A	0.13067	0.55445	0.31488
44 A	0.11764	0.43319	0.44917
45 A	0.11614	0.42218	0.46169
46 A	0.11701	0.42071	0.46227
47 G	0.12162	0.40329	0.47509
48 A	0.12563	0.42808	0.44628
49 C	0.13097	0.41828	0.45075
50 G	0.13649	0.42090	0.44262
51 T	0.13862	0.42018	0.4412
52 A	0.13902	0.43821	0.42278
53 C	0.13943	0.44844	0.41212
54 A	0.13943	0.46409	0.39649
55 C	0.13990	0.48341	0.3767
56 A	0.14228	0.58308	0.27465
57 T	0.14890	0.63764	0.21346
58 A	0.14878	0.73252	0.1187
59 A	0.16027	0.73550	0.10423
60 A	0.16849	0.73842	0.09309
61 A	0.18090	0.72903	0.09007
62 A	0.22594	0.67928	0.09477
63 A	0.25383	0.65094	0.09523
64 T	0.30238	0.59620	0.10141
65 T	0.32778	0.56620	0.10603
66 A	0.34226	0.55085	0.10689
67 A	0.37624	0.50703	0.11672
68 C	0.38763	0.49149	0.12088
69 T	0.40138	0.47713	0.12149
70 A	0.41444	0.46369	0.12187
71 A	0.44530	0.43250	0.1222
72 A	0.45035	0.42646	0.12318
73 C	0.46211	0.41248	0.1254
74 C	0.47132	0.40218	0.1265
75 T	0.49843	0.37472	0.12685
76 A	0.51473	0.35904	0.12623
77 A	0.53978	0.33376	0.12647
78 C	0.58608	0.28681	0.1271
79 T	0.69823	0.17457	0.12719
80 T	0.74857	0.12261	0.12882
81 G	0.80139	0.07438	0.12423
82 A	0.81137	0.07364	0.11498
83 T	0.82273	0.06685	0.11042
84 T	0.82741	0.06581	0.10679
85 A	0.82625	0.07051	0.10323
86 T	0.83015	0.06559	0.10426
87 T	0.82815	0.06697	0.10489
88 T	0.82724	0.06691	0.10585
89 G	0.82601	0.06725	0.10673
90 C	0.82530	0.06715	0.10755
91 C	0.82470	0.06744	0.10786
92 C	0.82456	0.06773	0.10772
93 T	0.82354	0.06936	0.1071
94 G	0.82299	0.07008	0.10693
95 A	0.82214	0.07141	0.10646
96 T	0.82201	0.07176	0.10624
97 A	0.82157	0.07249	0.10595
98 C	0.82136	0.07169	0.10695
99 T	0.82199	0.07144	0.10657
100 A	0.82091	0.07377	0.10532
101 A	0.81913	0.07622	0.10465
102 G	0.82028	0.07516	0.10456
103 A	0.82212	0.07368	0.10421
104 A	0.83059	0.06118	0.10823
105 T	0.84254	0.04498	0.11247
106 T	0.84747	0.03763	0.11489
107 T	0.85078	0.03220	0.11703
108 T	0.85236	0.02752	0.12012
109 A	0.85221	0.02689	0.12091
110 C	0.85214	0.02477	0.12309
111 T	0.85212	0.02589	0.12199
112 T	0.85196	0.02631	0.12173
113 T	0.85143	0.02745	0.12112
114 A	0.84549	0.03319	0.12131
115 T	0.84163	0.03706	0.12131
116 C	0.83920	0.03862	0.12217
117 A	0.83742	0.04008	0.1225
118 C	0.83715	0.03924	0.12362
119 A	0.83722	0.03920	0.12358
120 T	0.83796	0.03817	0.12388
121 C	0.83811	0.03802	0.12387
122 G	0.83889	0.03757	0.12354
123 T	0.84004	0.03596	0.12399
124 T	0.83998	0.03401	0.12601
125 T	0.83588	0.03814	0.12598
126 A	0.82342	0.05098	0.1256
127 A	0.80874	0.06544	0.12581
128 C	0.79317	0.08008	0.12675
129 T	0.77938	0.09350	0.12712
130 G	0.75402	0.11946	0.12651
131 C	0.74671	0.12791	0.12537
132 A	0.73866	0.14889	0.11244
133 A	0.72860	0.17516	0.09623
134 A	0.72310	0.18424	0.09266
135 T	0.72209	0.18604	0.09187
136 A	0.71211	0.19555	0.09235
137 G	0.70660	0.19426	0.09914
138 C	0.70133	0.19510	0.10358
139 T	0.69700	0.19746	0.10555
140 C	0.69311	0.20056	0.10633
141 T	0.68963	0.20432	0.10605
142 C	0.68327	0.21089	0.10584
143 A	0.67719	0.21765	0.10517
144 T	0.67251	0.22254	0.10496
145 T	0.66662	0.22854	0.10484
146 A	0.65828	0.23777	0.10395
147 T	0.65235	0.24400	0.10365
148 A	0.62961	0.26265	0.10773
149 A	0.60996	0.26976	0.12028
150 A	0.59740	0.26388	0.13872
151 G	0.58783	0.25335	0.15882
152 G	0.58500	0.24036	0.17465
153 C	0.58528	0.21952	0.19519
154 G	0.58595	0.21448	0.19957
155 A	0.59749	0.19756	0.20495
156 A	0.61318	0.17428	0.21254
157 T	0.61868	0.16221	0.21911
158 T	0.62006	0.15931	0.22063
159 T	0.62016	0.14757	0.23227
160 A	0.62002	0.14149	0.2385
161 T	0.61995	0.13354	0.24652
162 T	0.61970	0.12945	0.25084
163 T	0.61916	0.13007	0.25077
164 T	0.61744	0.13453	0.24803
165 A	0.60796	0.15116	0.24088
166 A	0.59762	0.16219	0.24019
167 T	0.55866	0.20738	0.23396
168 T	0.50026	0.27877	0.22098
169 A	0.36496	0.44176	0.19328
170 A	0.33192	0.49887	0.16921
171 A	0.31059	0.53102	0.15839
172 A	0.29788	0.53792	0.1642
173 A	0.28786	0.54805	0.16409
174 T	0.28221	0.55859	0.15921
175 A	0.22344	0.65282	0.12374
176 A	0.15107	0.75824	0.09069
177 A	0.10798	0.82015	0.07187
178 A	0.06938	0.87620	0.05442
179 A	0.06531	0.88253	0.05216
180 G	0.06344	0.88467	0.05189
181 A	0.06208	0.88641	0.05151
182 A	0.06261	0.88577	0.05161
183 A	0.06424	0.88380	0.05196
184 C	0.06592	0.88139	0.05269
185 A	0.06901	0.87786	0.05314
186 A	0.07315	0.87279	0.05407
187 A	0.07857	0.86538	0.05605
188 A	0.08809	0.84844	0.06346
189 A	0.09646	0.83106	0.07248
190 G	0.11283	0.76174	0.12543
191 A	0.13522	0.67919	0.18559
192 C	0.16945	0.51850	0.31205
193 G	0.19779	0.46521	0.337
194 T	0.22808	0.41936	0.35256
195 A	0.23965	0.39940	0.36095
196 G	0.25279	0.37719	0.37002
197 A	0.26858	0.35604	0.37538
198 A	0.30722	0.25267	0.44011
199 T	0.34324	0.13372	0.52305
200 A	0.36176	0.06657	0.57168
201 A	0.38023	0.00000	0.61977
