# lcl|CP097583.1_cds_USQ93185.1_1
# AA	inside	membr	outside
1 A	0.43174	0.00000	0.56826
2 T	0.43043	0.00131	0.56826
3 G	0.43003	0.00171	0.56826
4 A	0.43003	0.03969	0.53029
5 A	0.42812	0.06711	0.50477
6 T	0.42812	0.06911	0.50277
7 T	0.40761	0.09082	0.50157
8 A	0.40761	0.09088	0.50151
9 T	0.40534	0.09349	0.50117
10 A	0.40534	0.12854	0.46612
11 T	0.40497	0.13029	0.46474
12 A	0.39352	0.14264	0.46383
13 A	0.38321	0.15665	0.46015
14 A	0.38320	0.15665	0.46015
15 T	0.38320	0.18724	0.42956
16 A	0.38253	0.18792	0.42956
17 A	0.38162	0.18981	0.42858
18 A	0.38160	0.19054	0.42787
19 A	0.38120	0.19129	0.42751
20 T	0.37785	0.19503	0.42711
21 G	0.36585	0.20686	0.42729
22 T	0.36655	0.20589	0.42756
23 G	0.36693	0.20515	0.42792
24 C	0.36899	0.20291	0.4281
25 G	0.37063	0.20048	0.4289
26 A	0.37361	0.19759	0.4288
27 T	0.40677	0.16392	0.42931
28 T	0.42951	0.14015	0.43033
29 G	0.43120	0.13818	0.43061
30 G	0.43585	0.11320	0.45095
31 T	0.43729	0.10947	0.45325
32 C	0.43250	0.11226	0.45524
33 T	0.44716	0.10302	0.44983
34 A	0.43476	0.12901	0.43623
35 A	0.43101	0.13119	0.4378
36 A	0.43016	0.12774	0.4421
37 C	0.42854	0.12968	0.44178
38 A	0.45216	0.10703	0.4408
39 A	0.45266	0.10763	0.43971
40 T	0.45578	0.10389	0.44033
41 G	0.45643	0.10280	0.44076
42 T	0.45705	0.10170	0.44125
43 T	0.45731	0.09739	0.4453
44 A	0.45661	0.08763	0.45576
45 C	0.45602	0.08718	0.45681
46 A	0.45585	0.08697	0.45718
47 T	0.45581	0.08652	0.45767
48 T	0.45574	0.08624	0.45802
49 C	0.45482	0.08688	0.4583
50 G	0.45350	0.08835	0.45815
51 G	0.45096	0.09064	0.45841
52 A	0.44768	0.09389	0.45842
53 A	0.44551	0.09592	0.45857
54 G	0.44605	0.09327	0.46067
55 G	0.44848	0.08241	0.46911
56 G	0.45587	0.06663	0.47749
57 T	0.47134	0.04083	0.48782
58 T	0.47501	0.03306	0.49193
59 T	0.47602	0.02881	0.49516
60 T	0.47591	0.02768	0.49641
61 T	0.47246	0.03277	0.49477
62 C	0.46392	0.04401	0.49206
63 A	0.45694	0.06757	0.47549
64 T	0.45318	0.07378	0.47304
65 A	0.44681	0.08271	0.47048
66 T	0.43915	0.09216	0.46868
67 T	0.41072	0.12248	0.4668
68 C	0.34870	0.18732	0.46398
69 A	0.30899	0.23971	0.4513
70 G	0.29399	0.26202	0.44399
71 A	0.28559	0.27760	0.43681
72 T	0.28168	0.28340	0.43492
73 A	0.27306	0.29578	0.43115
74 A	0.27050	0.29634	0.43316
75 A	0.26989	0.29463	0.43548
76 G	0.26984	0.29319	0.43697
77 A	0.26990	0.29323	0.43687
78 C	0.27047	0.29243	0.4371
79 A	0.27099	0.29317	0.43584
80 T	0.27218	0.29284	0.43497
81 A	0.27160	0.29414	0.43425
82 A	0.27189	0.29431	0.4338
83 G	0.27344	0.29315	0.43341
84 A	0.27573	0.28809	0.43618
85 A	0.27929	0.27517	0.44555
86 A	0.29405	0.25199	0.45395
87 T	0.29677	0.24331	0.45992
88 A	0.29770	0.24806	0.45424
89 A	0.29937	0.24462	0.45602
90 A	0.30134	0.22477	0.4739
91 T	0.30788	0.15988	0.53224
92 T	0.31763	0.11513	0.56724
93 T	0.32246	0.09739	0.58015
94 G	0.31988	0.09352	0.58661
95 G	0.31975	0.09088	0.58936
96 C	0.32223	0.08275	0.59502
97 C	0.32254	0.08145	0.59601
98 A	0.32348	0.08113	0.59539
99 T	0.32564	0.07997	0.59439
100 T	0.32603	0.08023	0.59374
101 C	0.32493	0.08225	0.59283
102 A	0.32430	0.08553	0.59017
103 T	0.31976	0.09189	0.58835
104 C	0.30372	0.11386	0.58242
105 A	0.29206	0.15824	0.5497
106 A	0.28414	0.18827	0.5276
107 G	0.28300	0.19295	0.52404
108 A	0.28210	0.19842	0.51949
109 G	0.28340	0.20127	0.51534
110 A	0.28904	0.19923	0.51172
111 T	0.30278	0.18600	0.51122
112 A	0.30795	0.18146	0.51058
113 T	0.31381	0.17324	0.51294
114 T	0.31370	0.17251	0.51378
115 T	0.30888	0.17761	0.51351
116 A	0.29619	0.18967	0.51414
117 C	0.27996	0.20206	0.51798
118 G	0.26568	0.22065	0.51366
119 A	0.24824	0.24589	0.50587
120 C	0.23714	0.25983	0.50302
121 G	0.22315	0.28561	0.49124
122 A	0.21478	0.30330	0.48192
123 A	0.20910	0.31188	0.47902
124 G	0.20637	0.31563	0.478
125 A	0.20882	0.31384	0.47735
126 A	0.21222	0.30356	0.48422
127 G	0.21996	0.27795	0.50208
128 G	0.24885	0.23831	0.51284
129 T	0.27031	0.21113	0.51856
130 A	0.27334	0.20859	0.51808
131 A	0.27611	0.20816	0.51573
132 T	0.27784	0.20857	0.51359
133 A	0.27570	0.21384	0.51046
134 T	0.27369	0.21724	0.50907
135 A	0.26894	0.22733	0.50373
136 A	0.26661	0.23794	0.49546
137 A	0.26574	0.23864	0.49561
138 A	0.26768	0.23167	0.50065
139 A	0.26695	0.21993	0.51311
140 G	0.26911	0.20126	0.52963
141 A	0.27753	0.18183	0.54065
142 T	0.28908	0.15362	0.5573
143 A	0.29284	0.14178	0.56538
144 T	0.30294	0.11955	0.57751
145 T	0.30825	0.10764	0.58411
146 A	0.30895	0.10254	0.58851
147 T	0.30946	0.09933	0.59121
148 T	0.30452	0.10519	0.5903
149 A	0.29905	0.11187	0.58908
150 T	0.29630	0.11570	0.588
151 G	0.29008	0.12670	0.58323
152 A	0.28596	0.13068	0.58335
153 A	0.28385	0.13129	0.58486
154 A	0.28706	0.12558	0.58737
155 T	0.29186	0.11594	0.5922
156 C	0.29514	0.10667	0.59818
157 G	0.29684	0.10266	0.60049
158 G	0.30226	0.09427	0.60347
159 T	0.31149	0.08389	0.60462
160 T	0.31320	0.08140	0.6054
161 G	0.31326	0.08113	0.6056
162 G	0.31392	0.07802	0.60806
163 A	0.31494	0.07598	0.60908
164 T	0.31787	0.07216	0.60997
165 T	0.31959	0.07005	0.61037
166 A	0.32109	0.06843	0.61048
167 T	0.32266	0.06579	0.61154
168 T	0.32307	0.06421	0.61272
169 G	0.32253	0.06368	0.61379
170 A	0.32281	0.06238	0.61481
171 T	0.32517	0.05349	0.62134
172 G	0.32566	0.04927	0.62507
173 A	0.32622	0.04706	0.62673
174 T	0.33083	0.03729	0.63188
175 T	0.33034	0.03395	0.63571
176 G	0.32922	0.03117	0.6396
177 G	0.32844	0.03184	0.63972
178 T	0.32809	0.03383	0.63808
179 A	0.32695	0.03844	0.63461
180 T	0.32653	0.04113	0.63233
181 A	0.32558	0.05058	0.62384
182 T	0.32550	0.05384	0.62065
183 T	0.32437	0.06015	0.61547
184 G	0.32092	0.07281	0.60627
185 A	0.31959	0.08197	0.59843
186 T	0.31924	0.08560	0.59517
187 G	0.31638	0.09583	0.58778
188 G	0.31418	0.10431	0.58151
189 T	0.31251	0.11763	0.56987
190 A	0.30618	0.15459	0.53924
191 A	0.30332	0.16749	0.52919
192 G	0.30230	0.17147	0.52623
193 A	0.30259	0.17684	0.52057
194 A	0.30296	0.17828	0.51876
195 A	0.30438	0.17661	0.51901
196 T	0.30587	0.17388	0.52026
197 G	0.30631	0.17343	0.52026
198 T	0.30666	0.17345	0.51988
199 A	0.30600	0.17510	0.5189
200 A	0.30662	0.17422	0.51915
201 A	0.30841	0.17211	0.51949
202 G	0.31229	0.16729	0.52042
203 G	0.31603	0.16289	0.52108
204 T	0.32688	0.15088	0.52224
205 G	0.33119	0.14725	0.52156
206 A	0.33719	0.14166	0.52115
207 T	0.34848	0.12800	0.52352
208 T	0.35598	0.11983	0.52419
209 A	0.35891	0.11663	0.52447
210 T	0.36722	0.10566	0.52712
211 A	0.37241	0.09842	0.52917
212 A	0.38471	0.08355	0.53173
213 T	0.41732	0.04493	0.53774
214 T	0.42698	0.03261	0.54041
215 C	0.42937	0.02861	0.54202
216 T	0.43338	0.02466	0.54196
217 T	0.43460	0.02401	0.54138
218 T	0.43490	0.02449	0.54061
219 T	0.43381	0.02576	0.54043
220 A	0.43213	0.02784	0.54003
221 G	0.43163	0.02802	0.54035
222 T	0.43299	0.02629	0.54072
223 C	0.43281	0.02686	0.54034
224 A	0.43272	0.03030	0.53697
225 T	0.43382	0.03092	0.53525
226 T	0.43456	0.03320	0.53224
227 A	0.43472	0.03625	0.52902
228 T	0.43607	0.03661	0.52732
229 T	0.43627	0.03864	0.52509
230 A	0.43277	0.04564	0.52159
231 T	0.41646	0.06553	0.51802
232 G	0.34847	0.13499	0.51654
233 A	0.30626	0.17935	0.51438
234 T	0.29686	0.19068	0.51246
235 A	0.28477	0.20594	0.50929
236 C	0.27740	0.21434	0.50826
237 T	0.27343	0.22251	0.50406
238 A	0.26511	0.23862	0.49627
239 A	0.25214	0.26000	0.48787
240 A	0.22990	0.28429	0.48581
241 A	0.21060	0.30399	0.48541
242 A	0.19660	0.31670	0.4867
243 A	0.18892	0.32221	0.48887
244 C	0.18563	0.32333	0.49105
245 C	0.18327	0.32506	0.49167
246 A	0.18146	0.32677	0.49177
247 C	0.18226	0.32589	0.49185
248 C	0.18234	0.32614	0.49153
249 T	0.18381	0.32526	0.49094
250 G	0.18261	0.32691	0.49049
251 A	0.18083	0.33029	0.48888
252 A	0.18045	0.33091	0.48864
253 A	0.18077	0.32803	0.49119
254 A	0.18241	0.30408	0.51351
255 A	0.18269	0.23047	0.58683
256 C	0.18484	0.17704	0.63813
257 C	0.18694	0.16953	0.64353
258 T	0.18871	0.19572	0.61557
259 A	0.18663	0.25621	0.55716
260 A	0.18713	0.27318	0.53968
261 A	0.19143	0.27159	0.53698
262 G	0.19802	0.25542	0.54656
263 A	0.20041	0.23049	0.5691
264 A	0.20078	0.21199	0.58723
265 T	0.20178	0.19871	0.59951
266 T	0.20172	0.19920	0.59908
267 A	0.20112	0.20695	0.59192
268 G	0.20091	0.21890	0.58018
269 A	0.20137	0.21942	0.57921
270 T	0.20204	0.21637	0.5816
271 T	0.20263	0.21545	0.58192
272 T	0.20315	0.21511	0.58174
273 A	0.20343	0.21455	0.58202
274 A	0.20452	0.21094	0.58453
275 A	0.20499	0.20805	0.58695
276 A	0.20548	0.20471	0.5898
277 A	0.20717	0.20072	0.5921
278 T	0.21230	0.19298	0.59472
279 A	0.21555	0.18829	0.59616
280 A	0.22267	0.17908	0.59824
281 C	0.25453	0.14394	0.60153
282 T	0.30922	0.08704	0.60374
283 T	0.32423	0.07046	0.60531
284 T	0.32943	0.06448	0.60609
285 T	0.33146	0.06205	0.60649
286 A	0.33339	0.05987	0.60674
287 C	0.33833	0.05305	0.60863
288 C	0.34481	0.04602	0.60917
289 T	0.35670	0.03384	0.60946
290 A	0.36843	0.02175	0.60982
291 A	0.38978	0.00000	0.61022
