# lcl|CP097583.1_cds_USQ93181.1_1
# AA	inside	membr	outside
1 A	0.43250	0.00000	0.5675
2 T	0.43078	0.00172	0.5675
3 G	0.42995	0.00255	0.5675
4 A	0.42995	0.02965	0.5404
5 A	0.42493	0.05824	0.51682
6 C	0.42493	0.06066	0.51441
7 T	0.40858	0.08029	0.51113
8 T	0.40858	0.08050	0.51093
9 A	0.40007	0.09243	0.50751
10 A	0.40005	0.19715	0.40279
11 A	0.39911	0.20291	0.39797
12 T	0.36064	0.24366	0.3957
13 A	0.25880	0.35498	0.38622
14 A	0.25879	0.35500	0.38622
15 A	0.25879	0.39808	0.34313
16 A	0.25765	0.39922	0.34313
17 A	0.25653	0.40047	0.343
18 A	0.25648	0.40087	0.34265
19 A	0.25615	0.40124	0.34261
20 T	0.25558	0.40202	0.3424
21 A	0.25433	0.40314	0.34253
22 A	0.25573	0.40134	0.34293
23 C	0.25933	0.39667	0.34401
24 T	0.26910	0.38666	0.34423
25 T	0.27360	0.38035	0.34606
26 T	0.27616	0.37702	0.34682
27 A	0.28960	0.36253	0.34787
28 T	0.30859	0.34006	0.35135
29 C	0.31251	0.33148	0.35602
30 A	0.32809	0.30380	0.3681
31 T	0.33891	0.28979	0.3713
32 T	0.34970	0.27259	0.3777
33 T	0.41851	0.20145	0.38004
34 A	0.42235	0.19686	0.3808
35 T	0.43082	0.14665	0.42253
36 T	0.43784	0.05352	0.50863
37 A	0.43822	0.05144	0.51035
38 T	0.47145	0.01647	0.51208
39 T	0.47049	0.01582	0.51368
40 A	0.46991	0.01557	0.51452
41 C	0.47019	0.01455	0.51525
42 T	0.47053	0.01425	0.51522
43 T	0.47032	0.01424	0.51543
44 T	0.46913	0.01610	0.51477
45 T	0.46613	0.02402	0.50985
46 A	0.46431	0.02697	0.50872
47 T	0.46362	0.02775	0.50863
48 T	0.46113	0.03082	0.50805
49 A	0.45835	0.03832	0.50333
50 T	0.45608	0.04437	0.49956
51 T	0.45374	0.04691	0.49935
52 A	0.45010	0.05087	0.49904
53 T	0.44859	0.05231	0.49909
54 A	0.44809	0.05309	0.49882
55 T	0.44795	0.05350	0.49855
56 T	0.44771	0.05331	0.49897
57 T	0.44754	0.05300	0.49946
58 T	0.44657	0.05418	0.49925
59 T	0.44618	0.05454	0.49929
60 A	0.44527	0.05526	0.49947
61 A	0.44502	0.05522	0.49977
62 T	0.44517	0.05345	0.50138
63 T	0.44521	0.05245	0.50234
64 G	0.44531	0.05178	0.5029
65 T	0.44645	0.05003	0.50352
66 T	0.44689	0.04879	0.50431
67 A	0.44775	0.04700	0.50525
68 T	0.45206	0.04011	0.50782
69 T	0.45334	0.03723	0.50943
70 A	0.45365	0.03632	0.51003
71 G	0.45437	0.03341	0.51222
72 T	0.45893	0.02731	0.51376
73 T	0.46199	0.02334	0.51466
74 T	0.46220	0.02330	0.5145
75 T	0.46207	0.02112	0.51682
76 T	0.46133	0.02103	0.51764
77 A	0.45960	0.02277	0.51763
78 T	0.45921	0.02267	0.51812
79 C	0.45882	0.02364	0.51754
80 A	0.45870	0.03308	0.50822
81 T	0.45916	0.04071	0.50012
82 T	0.45908	0.04241	0.49852
83 T	0.45878	0.04524	0.49598
84 T	0.45785	0.04944	0.49271
85 T	0.45606	0.05622	0.48771
86 C	0.45157	0.06722	0.48121
87 T	0.44638	0.09165	0.46198
88 G	0.43607	0.12486	0.43907
89 A	0.42661	0.14780	0.42559
90 A	0.42294	0.16071	0.41635
91 T	0.42181	0.16679	0.4114
92 T	0.41890	0.17380	0.4073
93 A	0.41670	0.18048	0.40281
94 A	0.41657	0.18410	0.39933
95 A	0.41736	0.18670	0.39593
96 A	0.41769	0.18895	0.39336
97 T	0.41880	0.18800	0.3932
98 T	0.41818	0.18887	0.39295
99 A	0.41392	0.19406	0.39203
100 A	0.40938	0.19845	0.39217
101 C	0.40534	0.20327	0.39139
102 A	0.40457	0.20452	0.39092
103 G	0.41273	0.19660	0.39066
104 A	0.42024	0.18941	0.39035
105 A	0.42189	0.18698	0.39113
106 C	0.42612	0.18197	0.39192
107 T	0.43147	0.17609	0.39244
108 A	0.43757	0.16974	0.39269
109 A	0.44794	0.15569	0.39637
110 A	0.46845	0.12980	0.40174
111 T	0.48774	0.10065	0.41161
112 T	0.48198	0.09707	0.42096
113 C	0.46563	0.11181	0.42255
114 A	0.31580	0.27532	0.40888
115 G	0.19422	0.40624	0.39955
116 A	0.13585	0.46582	0.39833
117 A	0.09554	0.50685	0.39761
118 A	0.08134	0.52114	0.39751
119 A	0.07580	0.52473	0.39948
120 C	0.07239	0.52567	0.40195
121 A	0.06988	0.52709	0.40304
122 A	0.06936	0.52442	0.40621
123 A	0.06968	0.52040	0.40992
124 C	0.07070	0.51565	0.41365
125 C	0.07040	0.51505	0.41454
126 T	0.06977	0.51528	0.41496
127 T	0.06746	0.51708	0.41547
128 C	0.06176	0.52244	0.4158
129 A	0.05630	0.52818	0.41553
130 A	0.05138	0.53272	0.4159
131 C	0.05063	0.52945	0.41991
132 A	0.05012	0.52933	0.42055
133 A	0.05065	0.52792	0.42144
134 A	0.05269	0.51632	0.43098
135 T	0.05841	0.48945	0.45214
136 A	0.06176	0.46977	0.46847
137 T	0.07545	0.28915	0.6354
138 T	0.08149	0.15761	0.7609
139 G	0.08178	0.10177	0.81645
140 T	0.08051	0.10314	0.81635
141 T	0.07849	0.19957	0.72193
142 A	0.07597	0.29436	0.62967
143 A	0.07132	0.35067	0.578
144 A	0.06865	0.39447	0.53687
145 A	0.06710	0.40824	0.52466
146 A	0.06521	0.43489	0.49989
147 A	0.05933	0.45440	0.48627
148 A	0.05278	0.46749	0.47973
149 A	0.04670	0.48430	0.469
150 T	0.04471	0.48641	0.46887
151 G	0.04345	0.49750	0.45905
152 A	0.04278	0.50868	0.44854
153 T	0.04239	0.50669	0.45092
154 G	0.04159	0.50750	0.45091
155 A	0.04145	0.50880	0.44974
156 A	0.04174	0.50927	0.44898
157 C	0.04234	0.50886	0.44881
158 T	0.04337	0.50915	0.44748
159 A	0.04452	0.50835	0.44713
160 G	0.04675	0.50594	0.44731
161 A	0.05221	0.50019	0.4476
162 A	0.06113	0.49058	0.44829
163 C	0.09877	0.44828	0.45294
164 C	0.20434	0.34063	0.45502
165 A	0.29047	0.25361	0.45592
166 A	0.34317	0.19917	0.45766
167 T	0.38958	0.15140	0.45902
168 T	0.39706	0.14363	0.45932
169 G	0.39158	0.14745	0.46097
170 A	0.36801	0.16426	0.46773
171 A	0.35038	0.17431	0.47531
172 T	0.35417	0.16282	0.483
173 C	0.32732	0.18732	0.48536
174 G	0.32074	0.19337	0.48588
175 A	0.30786	0.20562	0.48652
176 T	0.28467	0.22813	0.4872
177 T	0.26592	0.24635	0.48773
178 C	0.24547	0.26659	0.48794
179 C	0.23630	0.27601	0.4877
180 A	0.23170	0.28372	0.48457
181 A	0.22849	0.29066	0.48086
182 T	0.21907	0.30364	0.47729
183 T	0.19657	0.32942	0.47401
184 A	0.11870	0.41597	0.46533
185 A	0.09551	0.44493	0.45956
186 A	0.07816	0.46779	0.45405
187 A	0.06896	0.47712	0.45393
188 A	0.06582	0.47824	0.45594
189 A	0.06396	0.47723	0.45881
190 G	0.06243	0.47496	0.4626
191 A	0.06184	0.47173	0.46643
192 A	0.06125	0.45845	0.4803
193 A	0.06097	0.43016	0.50887
194 A	0.06070	0.40691	0.53239
195 A	0.06065	0.38841	0.55093
196 G	0.06117	0.35155	0.58728
197 A	0.06164	0.32909	0.60927
198 A	0.06198	0.30200	0.63601
199 C	0.06245	0.27169	0.66586
200 T	0.06330	0.26538	0.67132
201 G	0.06349	0.26074	0.67577
202 G	0.06419	0.27016	0.66565
203 A	0.06669	0.26699	0.66633
204 A	0.07071	0.25987	0.66942
205 T	0.07567	0.23409	0.69024
206 A	0.07916	0.20279	0.71805
207 C	0.08711	0.11656	0.79633
208 A	0.09318	0.09699	0.80983
209 T	0.09990	0.07948	0.82062
210 A	0.10166	0.07409	0.82426
211 A	0.10370	0.07041	0.82588
212 C	0.10622	0.06691	0.82687
213 T	0.10944	0.06187	0.82868
214 T	0.11192	0.05834	0.82974
215 T	0.11288	0.05673	0.83039
216 A	0.11080	0.05895	0.83026
217 C	0.11188	0.05737	0.83076
218 C	0.11240	0.05648	0.83112
219 A	0.11341	0.05574	0.83085
220 A	0.11641	0.05288	0.83071
221 C	0.12190	0.04775	0.83035
222 T	0.12844	0.04184	0.82972
223 T	0.13548	0.03523	0.82929
224 G	0.13994	0.03090	0.82915
225 T	0.15020	0.02079	0.829
226 T	0.15039	0.02091	0.8287
227 T	0.14696	0.02419	0.82884
228 T	0.14103	0.03001	0.82896
229 G	0.12886	0.04200	0.82915
230 A	0.12614	0.04460	0.82927
231 C	0.12454	0.04607	0.8294
232 C	0.12361	0.04700	0.82938
233 C	0.12418	0.04658	0.82923
234 A	0.12492	0.04642	0.82865
235 T	0.12500	0.04647	0.82853
236 A	0.12154	0.04997	0.82849
237 T	0.11852	0.05298	0.8285
238 A	0.11678	0.05430	0.82893
239 C	0.11596	0.05182	0.83223
240 C	0.11522	0.05183	0.83295
241 T	0.11489	0.05213	0.83298
242 C	0.11421	0.05324	0.83255
243 A	0.11384	0.05621	0.82995
244 A	0.11392	0.05939	0.82669
245 T	0.11372	0.06106	0.82522
246 T	0.11257	0.06378	0.82365
247 T	0.10899	0.07114	0.81987
248 T	0.10682	0.07272	0.82046
249 A	0.10409	0.07350	0.82241
250 G	0.10185	0.07088	0.82728
251 A	0.10019	0.06736	0.83245
252 C	0.09963	0.05730	0.84307
253 T	0.09862	0.05909	0.84229
254 G	0.09654	0.06362	0.83985
255 G	0.09576	0.07147	0.83277
256 A	0.09539	0.07642	0.82819
257 A	0.09500	0.08051	0.82449
258 A	0.09470	0.08019	0.82511
259 A	0.09461	0.07690	0.8285
260 G	0.09428	0.07378	0.83194
261 A	0.09367	0.07443	0.83191
262 C	0.09326	0.07461	0.83213
263 A	0.09282	0.08339	0.82379
264 A	0.09191	0.09316	0.81493
265 A	0.09226	0.09812	0.80962
266 A	0.09425	0.09718	0.80858
267 T	0.09759	0.09379	0.80862
268 A	0.09889	0.09155	0.80956
269 A	0.10078	0.08771	0.8115
270 C	0.10464	0.07881	0.81655
271 T	0.10625	0.07598	0.81777
272 T	0.10633	0.07503	0.81864
273 A	0.10258	0.07787	0.81955
274 C	0.10169	0.07777	0.82054
275 T	0.10191	0.07776	0.82032
276 G	0.09981	0.07940	0.82079
277 C	0.10045	0.07728	0.82227
278 T	0.10489	0.07279	0.82232
279 A	0.10445	0.07343	0.82212
280 A	0.10234	0.07514	0.82252
281 C	0.09980	0.07741	0.8228
282 A	0.09558	0.08203	0.82239
283 A	0.09339	0.08383	0.82277
284 A	0.09215	0.08442	0.82344
285 A	0.09285	0.08319	0.82396
286 G	0.10023	0.07504	0.82472
287 C	0.10837	0.06483	0.82681
288 A	0.11312	0.05961	0.82727
289 T	0.11496	0.05707	0.82798
290 C	0.11327	0.05860	0.82812
291 A	0.11253	0.05998	0.82749
292 G	0.11094	0.06213	0.82692
293 A	0.11063	0.06220	0.82718
294 T	0.11114	0.06117	0.82769
295 T	0.11134	0.06037	0.82829
296 A	0.11094	0.05605	0.83302
297 C	0.11068	0.05300	0.83632
298 A	0.10595	0.05875	0.8353
299 T	0.10329	0.05900	0.83771
300 T	0.10001	0.06133	0.83866
301 T	0.09609	0.06523	0.83868
302 G	0.09062	0.07008	0.83929
303 G	0.08373	0.07358	0.84269
304 A	0.07952	0.07668	0.8438
305 A	0.07726	0.07652	0.84622
306 A	0.07551	0.07646	0.84802
307 G	0.07446	0.07432	0.85123
308 T	0.07368	0.07467	0.85165
309 A	0.07185	0.07729	0.85085
310 G	0.07143	0.07846	0.85011
311 A	0.07112	0.07866	0.85022
312 A	0.07109	0.07836	0.85055
313 A	0.07115	0.07675	0.8521
314 A	0.07179	0.07437	0.85384
315 C	0.07236	0.07117	0.85647
316 G	0.07247	0.07113	0.8564
317 A	0.07249	0.07141	0.8561
318 T	0.07331	0.07054	0.85615
319 A	0.07401	0.06979	0.8562
320 A	0.07510	0.06822	0.85668
321 T	0.07856	0.05740	0.86404
322 T	0.08006	0.05058	0.86936
323 T	0.08092	0.04563	0.87345
324 T	0.08180	0.04274	0.87546
325 A	0.08205	0.04125	0.8767
326 A	0.08256	0.03739	0.88005
327 T	0.08451	0.03329	0.8822
328 T	0.08635	0.02971	0.88394
329 T	0.08691	0.02920	0.8839
330 A	0.08345	0.03260	0.88394
331 A	0.08111	0.03474	0.88415
332 C	0.08115	0.03324	0.88561
333 A	0.08078	0.03417	0.88505
334 C	0.08136	0.03393	0.88471
335 A	0.08228	0.03651	0.8812
336 T	0.08383	0.03779	0.87837
337 A	0.08441	0.03952	0.87607
338 T	0.08510	0.03887	0.87602
339 T	0.08535	0.03864	0.87601
340 G	0.08311	0.04084	0.87605
341 T	0.08273	0.04151	0.87577
342 C	0.08218	0.04241	0.87541
343 G	0.08140	0.04397	0.87464
344 A	0.08098	0.04526	0.87376
345 A	0.08083	0.04652	0.87265
346 A	0.08042	0.04757	0.87201
347 C	0.07808	0.05039	0.87153
348 A	0.07542	0.05522	0.86936
349 G	0.07293	0.06011	0.86695
350 A	0.07258	0.06172	0.8657
351 A	0.07193	0.06305	0.86503
352 G	0.07240	0.06214	0.86546
353 A	0.07289	0.05756	0.86955
354 T	0.07346	0.05387	0.87267
355 A	0.07332	0.05278	0.87389
356 C	0.07404	0.05047	0.8755
357 C	0.07492	0.04948	0.8756
358 A	0.07773	0.04688	0.8754
359 T	0.08049	0.04408	0.87543
360 T	0.08232	0.04218	0.87549
361 T	0.08238	0.04209	0.87553
362 A	0.08230	0.04191	0.8758
363 C	0.08220	0.03900	0.87881
364 C	0.08215	0.03840	0.87945
365 A	0.08240	0.03788	0.87972
366 T	0.08334	0.03660	0.88007
367 A	0.08419	0.03559	0.88022
368 T	0.08559	0.03395	0.88046
369 A	0.08633	0.03254	0.88113
370 A	0.08725	0.02737	0.88538
371 A	0.08962	0.02038	0.89
372 T	0.09252	0.01296	0.89452
373 T	0.09349	0.00998	0.89653
374 G	0.09399	0.00874	0.89728
375 T	0.09417	0.00781	0.89802
376 T	0.09411	0.00714	0.89876
377 T	0.09379	0.00696	0.89925
378 T	0.09259	0.00772	0.89968
379 T	0.09171	0.00854	0.89975
380 C	0.09042	0.01006	0.89952
381 T	0.09007	0.01187	0.89807
382 G	0.08907	0.01522	0.89571
383 A	0.08844	0.01649	0.89507
384 T	0.08775	0.01718	0.89506
385 T	0.08642	0.01857	0.89502
386 A	0.07980	0.02511	0.89508
387 C	0.07380	0.03078	0.89541
388 C	0.06726	0.03774	0.895
389 A	0.05972	0.04858	0.89169
390 A	0.05311	0.05836	0.88852
391 G	0.04548	0.06979	0.88474
392 A	0.04140	0.07634	0.88227
393 A	0.04038	0.07899	0.88063
394 A	0.03994	0.08071	0.87935
395 A	0.03986	0.08192	0.87822
396 A	0.04006	0.08211	0.87784
397 T	0.04074	0.08123	0.87803
398 T	0.04063	0.08121	0.87816
399 A	0.04003	0.08147	0.87849
400 A	0.03953	0.08128	0.87919
401 C	0.03920	0.08007	0.88074
402 A	0.03896	0.07972	0.88132
403 C	0.03908	0.07867	0.88225
404 A	0.04013	0.07747	0.8824
405 A	0.04194	0.07521	0.88285
406 T	0.04250	0.07427	0.88323
407 G	0.04231	0.07347	0.88422
408 G	0.04238	0.07238	0.88524
409 A	0.04270	0.06587	0.89144
410 A	0.04290	0.06006	0.89704
411 A	0.04355	0.05275	0.9037
412 A	0.04694	0.04202	0.91104
413 A	0.05032	0.03182	0.91786
414 T	0.05457	0.01971	0.92572
415 C	0.05643	0.01407	0.9295
416 A	0.05766	0.01275	0.92959
417 A	0.05885	0.01174	0.92942
418 T	0.06000	0.01071	0.92929
419 G	0.06030	0.01052	0.92919
420 T	0.06049	0.01060	0.92891
421 T	0.06061	0.01086	0.92853
422 A	0.06061	0.01038	0.92901
423 T	0.06061	0.00995	0.92943
424 T	0.06053	0.01005	0.92943
425 T	0.05993	0.01057	0.9295
426 C	0.05902	0.01125	0.92972
427 A	0.05879	0.01144	0.92977
428 A	0.05866	0.01150	0.92984
429 A	0.05864	0.01141	0.92994
430 C	0.05866	0.01111	0.93024
431 C	0.05877	0.01093	0.9303
432 A	0.05903	0.01062	0.93036
433 G	0.05949	0.01012	0.93038
434 G	0.05963	0.01002	0.93035
435 T	0.05997	0.00978	0.93026
436 G	0.06018	0.00961	0.93021
437 A	0.06039	0.00935	0.93026
438 T	0.06088	0.00846	0.93066
439 G	0.06145	0.00753	0.93103
440 T	0.06207	0.00676	0.93118
441 T	0.06260	0.00612	0.93127
442 C	0.06286	0.00576	0.93138
443 G	0.06318	0.00545	0.93137
444 T	0.06416	0.00445	0.93139
445 A	0.06425	0.00432	0.93142
446 G	0.06446	0.00404	0.9315
447 T	0.06494	0.00347	0.93159
448 T	0.06522	0.00254	0.93225
449 C	0.06524	0.00163	0.93313
450 T	0.06526	0.00140	0.93334
451 T	0.06522	0.00135	0.93344
452 A	0.06510	0.00145	0.93345
453 T	0.06474	0.00177	0.93349
454 C	0.06425	0.00225	0.9335
455 G	0.06396	0.00251	0.93353
456 A	0.06379	0.00271	0.9335
457 A	0.06375	0.00275	0.93351
458 T	0.06384	0.00266	0.9335
459 T	0.06387	0.00262	0.93351
460 T	0.06384	0.00264	0.93352
461 C	0.06374	0.00280	0.93346
462 T	0.06366	0.00331	0.93303
463 G	0.06284	0.00521	0.93195
464 A	0.06229	0.00699	0.93071
465 T	0.06185	0.00887	0.92927
466 T	0.06090	0.01003	0.92907
467 A	0.05910	0.01215	0.92876
468 T	0.05792	0.01340	0.92867
469 A	0.05630	0.01510	0.9286
470 C	0.05573	0.01567	0.9286
471 A	0.05536	0.01611	0.92853
472 G	0.05499	0.01649	0.92851
473 A	0.05489	0.01661	0.9285
474 T	0.05478	0.01669	0.92853
475 A	0.05465	0.01678	0.92857
476 G	0.05461	0.01640	0.92899
477 T	0.05460	0.01596	0.92944
478 A	0.05452	0.01576	0.92972
479 G	0.05451	0.01557	0.92992
480 C	0.05441	0.01553	0.93006
481 G	0.05426	0.01585	0.92989
482 G	0.05417	0.01604	0.9298
483 A	0.05421	0.01613	0.92966
484 A	0.05435	0.01615	0.9295
485 A	0.05480	0.01585	0.92936
486 A	0.05587	0.01391	0.93022
487 A	0.05712	0.01172	0.93116
488 T	0.05854	0.00933	0.93212
489 G	0.05877	0.00783	0.9334
490 T	0.05908	0.00610	0.93482
491 T	0.05917	0.00532	0.93551
492 T	0.05915	0.00497	0.93588
493 T	0.05902	0.00487	0.93611
494 A	0.05879	0.00515	0.93606
495 T	0.05862	0.00530	0.93608
496 A	0.05826	0.00585	0.93588
497 C	0.05811	0.00595	0.93594
498 T	0.05796	0.00627	0.93576
499 G	0.05766	0.00680	0.93554
500 A	0.05755	0.00709	0.93536
501 T	0.05757	0.00702	0.93541
502 G	0.05757	0.00700	0.93543
503 A	0.05760	0.00684	0.93555
504 T	0.05782	0.00644	0.93574
505 C	0.05793	0.00622	0.93585
506 A	0.05808	0.00607	0.93585
507 A	0.05829	0.00586	0.93585
508 T	0.05852	0.00562	0.93586
509 T	0.05862	0.00557	0.93581
510 T	0.05868	0.00556	0.93577
511 A	0.05870	0.00563	0.93567
512 G	0.05879	0.00555	0.93566
513 T	0.05898	0.00540	0.93562
514 A	0.05922	0.00536	0.93543
515 T	0.05987	0.00483	0.9353
516 A	0.06007	0.00501	0.93492
517 A	0.06044	0.00503	0.93454
518 T	0.06095	0.00480	0.93425
519 T	0.06136	0.00441	0.93423
520 T	0.06142	0.00425	0.93433
521 T	0.06147	0.00410	0.93443
522 T	0.06148	0.00397	0.93455
523 T	0.06133	0.00412	0.93455
524 C	0.06112	0.00435	0.93453
525 T	0.06091	0.00465	0.93444
526 T	0.06056	0.00508	0.93436
527 A	0.05985	0.00585	0.93431
528 T	0.05956	0.00614	0.9343
529 G	0.05909	0.00661	0.9343
530 G	0.05887	0.00683	0.9343
531 A	0.05871	0.00699	0.93431
532 C	0.05865	0.00703	0.93431
533 A	0.05849	0.00719	0.93431
534 C	0.05813	0.00755	0.93433
535 G	0.05747	0.00821	0.93432
536 A	0.05681	0.00889	0.9343
537 C	0.05644	0.00927	0.93429
538 A	0.05607	0.00967	0.93426
539 A	0.05647	0.00928	0.93425
540 A	0.05699	0.00875	0.93425
541 T	0.05747	0.00826	0.93427
542 T	0.05762	0.00810	0.93429
543 T	0.05721	0.00842	0.93438
544 G	0.05678	0.00879	0.93442
545 T	0.05667	0.00884	0.93449
546 T	0.05617	0.00914	0.93469
547 T	0.05549	0.00957	0.93494
548 T	0.05398	0.01088	0.93515
549 T	0.05038	0.01424	0.93538
550 C	0.04681	0.01749	0.93571
551 C	0.04400	0.02028	0.93572
552 A	0.04206	0.02235	0.93559
553 A	0.04086	0.02364	0.9355
554 T	0.04030	0.02421	0.93548
555 A	0.03921	0.02533	0.93547
556 A	0.03872	0.02570	0.93557
557 A	0.03854	0.02537	0.93609
558 A	0.03847	0.02472	0.93681
559 A	0.03846	0.02381	0.93773
560 T	0.03847	0.02282	0.93871
561 G	0.03846	0.02178	0.93976
562 G	0.03846	0.02155	0.93999
563 A	0.03847	0.02142	0.94011
564 T	0.03848	0.02119	0.94033
565 A	0.03847	0.02098	0.94056
566 G	0.03853	0.01997	0.9415
567 T	0.03864	0.01910	0.94225
568 G	0.03871	0.01826	0.94303
569 G	0.03875	0.01714	0.94411
570 T	0.03882	0.01603	0.94514
571 A	0.03886	0.01476	0.94638
572 T	0.03896	0.01164	0.9494
573 T	0.03901	0.00989	0.9511
574 T	0.03901	0.01029	0.9507
575 A	0.03894	0.01461	0.94645
576 T	0.03896	0.01557	0.94548
577 T	0.03886	0.01667	0.94447
578 A	0.03781	0.01986	0.94233
579 T	0.03745	0.02143	0.94112
580 G	0.03638	0.02502	0.93861
581 T	0.03586	0.02879	0.93534
582 A	0.03511	0.03293	0.93195
583 A	0.03482	0.03488	0.9303
584 A	0.03457	0.03582	0.92961
585 A	0.03451	0.03592	0.92957
586 A	0.03452	0.03594	0.92954
587 T	0.03460	0.03591	0.92949
588 T	0.03461	0.03593	0.92947
589 C	0.03458	0.03602	0.9294
590 A	0.03458	0.03621	0.9292
591 A	0.03463	0.03619	0.92917
592 A	0.03473	0.03612	0.92915
593 A	0.03492	0.03594	0.92914
594 A	0.03552	0.03534	0.92913
595 C	0.03662	0.03421	0.92918
596 A	0.03819	0.03263	0.92919
597 A	0.04126	0.02948	0.92926
598 T	0.04800	0.02254	0.92946
599 T	0.05003	0.02040	0.92957
600 A	0.05095	0.01931	0.92973
601 C	0.05323	0.01545	0.93132
602 G	0.05498	0.01320	0.93182
603 T	0.05803	0.00919	0.93278
604 T	0.06103	0.00599	0.93299
605 T	0.06359	0.00318	0.93323
606 T	0.06454	0.00235	0.93311
607 T	0.06486	0.00179	0.93335
608 G	0.06484	0.00173	0.93343
609 G	0.06477	0.00176	0.93346
610 T	0.06478	0.00188	0.93334
611 C	0.06468	0.00212	0.93321
612 T	0.06460	0.00309	0.93232
613 A	0.06442	0.00336	0.93222
614 A	0.06430	0.00351	0.93219
615 T	0.06395	0.00393	0.93211
616 A	0.06320	0.00472	0.93208
617 C	0.06291	0.00500	0.93209
618 T	0.06270	0.00526	0.93204
619 T	0.06249	0.00548	0.93203
620 G	0.06227	0.00571	0.93202
621 T	0.06214	0.00589	0.93197
622 A	0.06187	0.00618	0.93195
623 C	0.06173	0.00630	0.93196
624 T	0.06158	0.00646	0.93196
625 A	0.06078	0.00727	0.93195
626 C	0.06020	0.00786	0.93194
627 C	0.05994	0.00818	0.93188
628 A	0.05968	0.00851	0.9318
629 T	0.05961	0.00864	0.93174
630 A	0.05922	0.00907	0.93171
631 T	0.05905	0.00924	0.93171
632 C	0.05861	0.00959	0.9318
633 A	0.05805	0.01019	0.93176
634 A	0.05778	0.01048	0.93174
635 T	0.05843	0.00976	0.93182
636 T	0.05817	0.00984	0.93198
637 A	0.05742	0.01058	0.932
638 T	0.05700	0.01048	0.93252
639 T	0.05598	0.01074	0.93329
640 G	0.05422	0.01214	0.93363
641 G	0.05325	0.01288	0.93386
642 C	0.05264	0.01335	0.93401
643 G	0.05219	0.01388	0.93393
644 A	0.05176	0.01446	0.93378
645 T	0.05146	0.01470	0.93384
646 A	0.05087	0.01531	0.93383
647 A	0.05047	0.01572	0.93381
648 A	0.05040	0.01508	0.93452
649 G	0.05039	0.01448	0.93512
650 A	0.05044	0.01418	0.93537
651 A	0.05053	0.01380	0.93567
652 T	0.05063	0.01347	0.9359
653 T	0.05068	0.01340	0.93592
654 A	0.05066	0.01344	0.9359
655 A	0.05063	0.01334	0.93604
656 A	0.05076	0.01277	0.93648
657 T	0.05093	0.01203	0.93705
658 T	0.05075	0.01197	0.93728
659 T	0.05032	0.01202	0.93767
660 A	0.04932	0.01231	0.93837
661 G	0.04879	0.01229	0.93892
662 A	0.04841	0.01186	0.93972
663 T	0.04829	0.01069	0.94102
664 A	0.04773	0.01061	0.94166
665 T	0.04723	0.01060	0.94216
666 A	0.04639	0.01110	0.94251
667 T	0.04590	0.01122	0.94289
668 G	0.04517	0.01165	0.94319
669 G	0.04481	0.01154	0.94366
670 C	0.04453	0.01152	0.94395
671 G	0.04437	0.01162	0.944
672 C	0.04435	0.01163	0.94402
673 G	0.04443	0.01156	0.94402
674 A	0.04460	0.01139	0.94402
675 C	0.04488	0.01110	0.94402
676 T	0.04534	0.01063	0.94403
677 G	0.04556	0.01038	0.94406
678 G	0.04597	0.00988	0.94415
679 T	0.04631	0.00951	0.94419
680 G	0.04641	0.00936	0.94423
681 T	0.04660	0.00877	0.94463
682 T	0.04677	0.00804	0.9452
683 T	0.04685	0.00726	0.94589
684 T	0.04686	0.00721	0.94593
685 A	0.04688	0.00751	0.94561
686 A	0.04693	0.00787	0.9452
687 A	0.04705	0.00754	0.94541
688 G	0.04718	0.00689	0.94593
689 G	0.04726	0.00635	0.9464
690 T	0.04740	0.00645	0.94615
691 T	0.04742	0.00688	0.94571
692 A	0.04743	0.00838	0.94418
693 T	0.04746	0.00922	0.94332
694 T	0.04746	0.01077	0.94177
695 T	0.04741	0.01406	0.93853
696 T	0.04706	0.02020	0.93275
697 A	0.04629	0.02331	0.93041
698 G	0.04352	0.02891	0.92758
699 T	0.04245	0.03382	0.92373
700 A	0.04141	0.03579	0.92279
701 C	0.04042	0.03769	0.92189
702 A	0.03968	0.04256	0.91776
703 A	0.03932	0.04667	0.91401
704 C	0.03903	0.04868	0.91229
705 A	0.03776	0.05216	0.91008
706 A	0.03765	0.05266	0.90968
707 A	0.03794	0.05253	0.90953
708 A	0.03848	0.05198	0.90954
709 C	0.03906	0.05137	0.90957
710 C	0.03951	0.05090	0.90959
711 A	0.03980	0.05061	0.90959
712 C	0.04027	0.05014	0.90959
713 C	0.04113	0.04933	0.90954
714 A	0.04196	0.04878	0.90925
715 C	0.04345	0.04746	0.90909
716 A	0.04439	0.04693	0.90869
717 A	0.04572	0.04568	0.90861
718 A	0.04815	0.04321	0.90863
719 A	0.05092	0.04001	0.90906
720 A	0.05184	0.03824	0.90992
721 C	0.05439	0.03183	0.91378
722 C	0.05790	0.02721	0.91489
723 A	0.05861	0.02640	0.91499
724 A	0.05956	0.02527	0.91517
725 G	0.06355	0.02085	0.9156
726 T	0.06734	0.01691	0.91575
727 A	0.06874	0.01522	0.91604
728 C	0.07111	0.01123	0.91766
729 T	0.07197	0.01004	0.91799
730 T	0.07226	0.00958	0.91815
731 T	0.07233	0.00941	0.91826
732 C	0.07235	0.00933	0.91833
733 A	0.07237	0.00928	0.91835
734 A	0.07241	0.00912	0.91847
735 C	0.07247	0.00889	0.91863
736 C	0.07266	0.00865	0.91869
737 T	0.07305	0.00824	0.91871
738 T	0.07324	0.00799	0.91877
739 A	0.07348	0.00769	0.91883
740 A	0.07355	0.00756	0.91889
741 A	0.07360	0.00716	0.91924
742 T	0.07370	0.00462	0.92169
743 C	0.07381	0.00270	0.92348
744 T	0.07396	0.00190	0.92414
745 T	0.07410	0.00133	0.92458
746 A	0.07434	0.00067	0.925
747 A	0.07453	0.00000	0.92548
