# lcl|CP097583.1_cds_USQ93217.1_1
# AA	inside	membr	outside
1 A	0.51575	0.00000	0.48425
2 T	0.51571	0.00005	0.48425
3 G	0.51559	0.00016	0.48425
4 T	0.51559	0.00082	0.48359
5 T	0.51099	0.00670	0.48231
6 A	0.51099	0.00722	0.48179
7 C	0.49936	0.01906	0.48158
8 A	0.49936	0.01908	0.48156
9 T	0.49895	0.01975	0.4813
10 T	0.49895	0.04300	0.45806
11 T	0.49879	0.04462	0.45659
12 A	0.49404	0.05056	0.4554
13 T	0.48566	0.06500	0.44933
14 T	0.48566	0.06501	0.44933
15 A	0.48566	0.09066	0.42368
16 A	0.47804	0.09828	0.42368
17 A	0.47172	0.10467	0.42361
18 A	0.47140	0.10510	0.4235
19 C	0.46952	0.10706	0.42342
20 C	0.46240	0.11973	0.41786
21 T	0.44759	0.13468	0.41773
22 G	0.44647	0.13787	0.41565
23 T	0.44571	0.14021	0.41408
24 T	0.43911	0.14895	0.41194
25 A	0.42158	0.16908	0.40933
26 A	0.40893	0.18171	0.40935
27 A	0.40479	0.18450	0.41071
28 G	0.40377	0.18090	0.41534
29 G	0.40352	0.18032	0.41616
30 C	0.40515	0.16924	0.42561
31 G	0.40551	0.16857	0.42592
32 C	0.40583	0.16768	0.42648
33 T	0.42134	0.15306	0.42559
34 A	0.41994	0.15643	0.42363
35 G	0.41969	0.15658	0.42373
36 A	0.42368	0.14983	0.42649
37 A	0.42380	0.14995	0.42625
38 A	0.44380	0.12839	0.42781
39 A	0.44414	0.11968	0.43618
40 A	0.44552	0.11152	0.44297
41 C	0.44640	0.10692	0.44668
42 A	0.44778	0.10539	0.44683
43 A	0.45420	0.09495	0.45086
44 T	0.45665	0.08245	0.4609
45 T	0.45912	0.07865	0.46223
46 A	0.45952	0.07754	0.46294
47 A	0.46009	0.06812	0.47178
48 A	0.45972	0.05019	0.4901
49 C	0.45851	0.03829	0.5032
50 G	0.45767	0.03659	0.50575
51 T	0.45777	0.03675	0.50548
52 T	0.45688	0.04115	0.50197
53 T	0.45357	0.05207	0.49435
54 A	0.44766	0.05913	0.49321
55 G	0.44327	0.06267	0.49407
56 G	0.44214	0.06233	0.49553
57 A	0.44265	0.06006	0.49729
58 C	0.44281	0.05837	0.49883
59 G	0.44375	0.05698	0.49927
60 C	0.44397	0.05624	0.49979
61 G	0.44381	0.05638	0.49981
62 G	0.44420	0.05591	0.49989
63 A	0.44438	0.05595	0.49966
64 C	0.44493	0.05522	0.49985
65 C	0.44616	0.05407	0.49978
66 T	0.44731	0.05318	0.49952
67 G	0.44781	0.05311	0.49908
68 G	0.44799	0.05352	0.49849
69 A	0.44827	0.05427	0.49746
70 A	0.44872	0.05425	0.49703
71 G	0.44952	0.05089	0.49959
72 T	0.45085	0.04798	0.50117
73 G	0.45081	0.04768	0.50151
74 G	0.45129	0.04891	0.4998
75 A	0.45373	0.04959	0.49668
76 A	0.45949	0.04833	0.49218
77 A	0.46087	0.04434	0.4948
78 T	0.46212	0.04024	0.49764
79 G	0.46211	0.04099	0.4969
80 G	0.46239	0.04274	0.49487
81 T	0.46259	0.04762	0.4898
82 A	0.46186	0.05004	0.48809
83 A	0.45993	0.05190	0.48817
84 A	0.45917	0.05239	0.48844
85 A	0.45899	0.05218	0.48883
86 C	0.45909	0.05153	0.48938
87 C	0.45931	0.05125	0.48943
88 T	0.45950	0.05128	0.48923
89 C	0.45962	0.05150	0.48888
90 G	0.45991	0.05189	0.4882
91 G	0.46036	0.05224	0.4874
92 G	0.46109	0.05266	0.48625
93 T	0.46229	0.05222	0.4855
94 A	0.46298	0.05230	0.48471
95 A	0.46457	0.05067	0.48476
96 A	0.46669	0.04731	0.486
97 G	0.46952	0.04331	0.48717
98 G	0.47327	0.03864	0.48809
99 T	0.48133	0.02985	0.48882
100 C	0.48389	0.02708	0.48902
101 A	0.48574	0.02535	0.48892
102 T	0.48775	0.02322	0.48904
103 A	0.48914	0.02190	0.48897
104 A	0.49258	0.01845	0.48897
105 A	0.49361	0.01679	0.48961
106 G	0.49371	0.01435	0.49195
107 G	0.49392	0.01312	0.49295
108 T	0.49429	0.01223	0.49349
109 C	0.49423	0.01217	0.49361
110 A	0.49431	0.01245	0.49324
111 G	0.49476	0.01215	0.49309
112 T	0.49566	0.01122	0.49313
113 T	0.49633	0.01052	0.49314
114 A	0.49691	0.00989	0.49321
115 G	0.49777	0.00863	0.49359
116 C	0.49845	0.00769	0.49386
117 T	0.49900	0.00700	0.49399
118 C	0.49899	0.00692	0.49409
119 G	0.49795	0.00798	0.49407
120 T	0.49753	0.00845	0.49402
121 A	0.49658	0.00946	0.49395
122 C	0.49572	0.01025	0.49403
123 T	0.49505	0.01091	0.49404
124 G	0.49384	0.01192	0.49424
125 G	0.49356	0.01209	0.49435
126 A	0.49347	0.01188	0.49466
127 G	0.49339	0.01169	0.49491
128 G	0.49334	0.01083	0.49583
129 T	0.49339	0.01034	0.49627
130 G	0.49331	0.01015	0.49653
131 G	0.49339	0.00988	0.49672
132 C	0.49357	0.00945	0.49699
133 A	0.49393	0.00900	0.49708
134 C	0.49415	0.00866	0.49719
135 T	0.49428	0.00855	0.49717
136 C	0.49433	0.00858	0.49709
137 G	0.49433	0.00922	0.49644
138 A	0.49433	0.01019	0.49548
139 T	0.49437	0.01064	0.49499
140 T	0.49433	0.01145	0.49422
141 A	0.49423	0.01249	0.49328
142 G	0.49424	0.01187	0.49389
143 G	0.49429	0.01196	0.49376
144 T	0.49436	0.01143	0.49421
145 T	0.49436	0.01154	0.4941
146 T	0.49418	0.01170	0.49412
147 T	0.49261	0.01303	0.49435
148 G	0.48976	0.01609	0.49414
149 A	0.48880	0.01719	0.49401
150 G	0.48842	0.01751	0.49407
151 G	0.48821	0.01794	0.49385
152 G	0.48807	0.01875	0.49318
153 T	0.48796	0.01914	0.49291
154 G	0.48761	0.02029	0.49211
155 G	0.48670	0.02268	0.49062
156 A	0.48590	0.02604	0.48806
157 C	0.48553	0.02657	0.48791
158 A	0.48531	0.02715	0.48754
159 A	0.48534	0.02714	0.48752
160 A	0.48602	0.02643	0.48755
161 C	0.48714	0.02524	0.48761
162 A	0.48778	0.02460	0.48762
163 C	0.48890	0.02336	0.48774
164 C	0.49035	0.02183	0.48781
165 T	0.49185	0.02044	0.48771
166 T	0.49271	0.01982	0.48748
167 T	0.49245	0.02052	0.48703
168 T	0.49132	0.02178	0.48689
169 T	0.48910	0.02404	0.48685
170 T	0.48151	0.03032	0.48817
171 T	0.46559	0.04421	0.4902
172 C	0.43484	0.07490	0.49026
173 A	0.40849	0.10375	0.48776
174 A	0.39886	0.11585	0.48529
175 A	0.39392	0.12291	0.48317
176 G	0.39225	0.12525	0.48251
177 A	0.39199	0.12552	0.4825
178 A	0.39292	0.12372	0.48337
179 T	0.39435	0.12147	0.48419
180 T	0.39327	0.12212	0.4846
181 C	0.39106	0.12414	0.4848
182 C	0.38941	0.12582	0.48477
183 T	0.38709	0.12848	0.48443
184 A	0.38025	0.13585	0.48389
185 A	0.37535	0.14109	0.48356
186 A	0.37024	0.14651	0.48325
187 A	0.36330	0.15386	0.48284
188 G	0.35502	0.16168	0.4833
189 A	0.34997	0.16601	0.48402
190 G	0.34799	0.16353	0.48848
191 G	0.34753	0.15868	0.49379
192 A	0.34783	0.15257	0.49961
193 T	0.34991	0.13804	0.51206
194 T	0.35042	0.11973	0.52985
195 T	0.34906	0.09637	0.55456
196 C	0.34332	0.08473	0.57195
197 A	0.33988	0.08924	0.57087
198 T	0.33907	0.08989	0.57103
199 A	0.33609	0.09811	0.5658
200 A	0.33494	0.10105	0.564
201 T	0.33351	0.10347	0.56303
202 T	0.33000	0.10701	0.56299
203 T	0.32360	0.11637	0.56003
204 T	0.31436	0.13451	0.55113
205 A	0.30158	0.15706	0.54136
206 A	0.29512	0.16415	0.54073
207 T	0.28981	0.16745	0.54274
208 A	0.27947	0.17972	0.54081
209 A	0.27587	0.18154	0.54259
210 A	0.27414	0.17876	0.54709
211 A	0.27322	0.17214	0.55463
212 T	0.27292	0.16772	0.55937
213 T	0.27188	0.16695	0.56117
214 A	0.26906	0.17071	0.56023
215 A	0.26766	0.17276	0.55958
216 A	0.26695	0.17398	0.55906
217 T	0.26766	0.17281	0.55953
218 A	0.26701	0.17422	0.55877
219 T	0.27000	0.16587	0.56413
220 T	0.27253	0.16058	0.56689
221 G	0.26793	0.16706	0.56501
222 T	0.27023	0.16607	0.5637
223 A	0.26827	0.17155	0.56018
224 T	0.26862	0.17373	0.55765
225 A	0.26796	0.18049	0.55155
226 G	0.27158	0.17412	0.5543
227 T	0.28273	0.16183	0.55544
228 T	0.29223	0.14882	0.55896
229 A	0.29346	0.14773	0.55881
230 A	0.29540	0.14361	0.56098
231 T	0.29974	0.13205	0.56822
232 T	0.29983	0.13053	0.56965
233 T	0.29559	0.13718	0.56723
234 A	0.28601	0.15464	0.55936
235 A	0.27946	0.17341	0.54714
236 A	0.27764	0.18414	0.53822
237 A	0.27794	0.19056	0.53149
238 G	0.27903	0.19561	0.52536
239 A	0.28132	0.19718	0.5215
240 A	0.28355	0.19689	0.51956
241 T	0.28865	0.19141	0.51995
242 T	0.29077	0.18958	0.51965
243 A	0.29239	0.18632	0.52129
244 G	0.29651	0.17548	0.52802
245 A	0.30109	0.16838	0.53053
246 A	0.30607	0.15902	0.53491
247 C	0.31370	0.14796	0.53833
248 T	0.32694	0.13281	0.54025
249 G	0.33273	0.12644	0.54084
250 T	0.34130	0.11875	0.53995
251 T	0.34423	0.11781	0.53797
252 T	0.34167	0.12456	0.53377
253 G	0.33368	0.14477	0.52156
254 A	0.32601	0.15683	0.51716
255 A	0.30983	0.17704	0.51313
256 G	0.28713	0.19949	0.51339
257 A	0.28422	0.19783	0.51794
258 C	0.29390	0.18398	0.52211
259 G	0.30108	0.17630	0.52262
260 G	0.30873	0.16955	0.52172
261 T	0.31794	0.16122	0.52085
262 T	0.32192	0.15777	0.52031
263 C	0.32076	0.15967	0.51957
264 T	0.31999	0.16166	0.51835
265 T	0.31848	0.16448	0.51703
266 T	0.31425	0.17087	0.51489
267 A	0.30434	0.18408	0.51159
268 A	0.29798	0.19064	0.51139
269 T	0.29278	0.19567	0.51154
270 A	0.27977	0.20933	0.5109
271 A	0.26924	0.22032	0.51045
272 C	0.26431	0.22444	0.51124
273 A	0.25954	0.23002	0.51044
274 A	0.25665	0.23291	0.51044
275 A	0.25902	0.22801	0.51297
276 A	0.27144	0.21059	0.51797
277 G	0.27791	0.19738	0.52472
278 A	0.28558	0.17138	0.54304
279 T	0.29261	0.13652	0.57087
280 T	0.29636	0.12093	0.58272
281 T	0.29754	0.11699	0.58547
282 A	0.29714	0.11707	0.58579
283 T	0.29815	0.11462	0.58723
284 T	0.29682	0.11633	0.58684
285 A	0.29047	0.12627	0.58326
286 T	0.28499	0.13466	0.58035
287 T	0.27161	0.15454	0.57385
288 G	0.22055	0.22574	0.55371
289 A	0.17035	0.29993	0.52972
290 A	0.14112	0.33201	0.52687
291 A	0.11553	0.36168	0.52279
292 A	0.09434	0.39414	0.51153
293 A	0.08181	0.41372	0.50447
294 G	0.07548	0.41715	0.50737
295 A	0.07296	0.42212	0.50492
296 A	0.07062	0.42810	0.50127
297 A	0.07053	0.42888	0.50059
298 A	0.07198	0.42770	0.50033
299 T	0.07386	0.42648	0.49966
300 A	0.07387	0.43006	0.49608
301 A	0.07453	0.42997	0.4955
302 T	0.07567	0.42902	0.49531
303 T	0.07580	0.43138	0.49283
304 A	0.07381	0.43808	0.48811
305 A	0.07300	0.44229	0.48472
306 A	0.07338	0.44490	0.48172
307 A	0.07539	0.44155	0.48307
308 A	0.08295	0.42403	0.49302
309 T	0.09569	0.39896	0.50535
310 A	0.10576	0.37349	0.52075
311 A	0.12771	0.30675	0.56554
312 T	0.15293	0.23456	0.61252
313 A	0.16047	0.19988	0.63964
314 A	0.16957	0.16649	0.66393
315 G	0.18810	0.12656	0.68534
316 T	0.20866	0.09401	0.69733
317 T	0.21550	0.08264	0.70186
318 A	0.21833	0.08037	0.7013
319 T	0.22491	0.07514	0.69995
320 T	0.22619	0.07826	0.69554
321 G	0.22394	0.09051	0.68556
322 G	0.22257	0.10299	0.67445
323 T	0.22527	0.10833	0.6664
324 T	0.22255	0.11805	0.6594
325 A	0.22054	0.13111	0.64835
326 A	0.22170	0.13637	0.64193
327 A	0.22585	0.13300	0.64114
328 G	0.23052	0.12795	0.64153
329 T	0.23557	0.12354	0.64089
330 T	0.23806	0.12411	0.63783
331 T	0.23846	0.12472	0.63681
332 T	0.23796	0.12653	0.63551
333 A	0.23334	0.13482	0.63185
334 G	0.22587	0.14607	0.62806
335 C	0.22045	0.15628	0.62326
336 T	0.21597	0.16800	0.61603
337 A	0.20905	0.18092	0.61003
338 A	0.20253	0.19214	0.60533
339 A	0.18943	0.20824	0.60233
340 G	0.18964	0.20946	0.60091
341 G	0.19331	0.20355	0.60314
342 T	0.20273	0.19537	0.6019
343 G	0.21024	0.18787	0.60189
344 A	0.22363	0.17415	0.60221
345 T	0.23809	0.15830	0.6036
346 T	0.24502	0.14985	0.60513
347 T	0.24766	0.14523	0.60712
348 A	0.24836	0.14637	0.60527
349 A	0.25068	0.14752	0.60181
350 C	0.25126	0.15087	0.59787
351 T	0.25206	0.15722	0.59072
352 A	0.25129	0.16830	0.58041
353 A	0.25297	0.17123	0.57579
354 G	0.25238	0.17547	0.57215
355 A	0.24924	0.18648	0.56427
356 A	0.25068	0.18956	0.55976
357 A	0.25521	0.18009	0.5647
358 T	0.26236	0.16707	0.57057
359 T	0.26717	0.15750	0.57532
360 A	0.26782	0.15163	0.58055
361 A	0.27035	0.14194	0.58772
362 C	0.27333	0.12358	0.60309
363 T	0.27553	0.11983	0.60465
364 G	0.27743	0.11730	0.60526
365 T	0.28139	0.11357	0.60503
366 T	0.28109	0.11425	0.60466
367 C	0.27546	0.11972	0.60481
368 A	0.26856	0.12632	0.60512
369 A	0.26708	0.12707	0.60585
370 G	0.26808	0.12450	0.60741
371 C	0.27236	0.11650	0.61115
372 C	0.27901	0.10966	0.61133
373 T	0.28705	0.10524	0.60772
374 G	0.29249	0.10798	0.59954
375 T	0.29936	0.11732	0.58333
376 A	0.29593	0.15511	0.54896
377 A	0.29758	0.16093	0.5415
378 A	0.30300	0.15811	0.53889
379 T	0.31235	0.14475	0.5429
380 T	0.31532	0.13844	0.54624
381 T	0.31133	0.14196	0.5467
382 T	0.30605	0.14704	0.5469
383 C	0.29781	0.15570	0.54649
384 T	0.28984	0.17058	0.53958
385 A	0.27058	0.19948	0.52994
386 A	0.25659	0.22375	0.51967
387 A	0.25219	0.23763	0.51018
388 A	0.24542	0.24605	0.50852
389 A	0.23603	0.25462	0.50935
390 A	0.22723	0.25739	0.51538
391 G	0.21858	0.25929	0.52213
392 C	0.20525	0.27181	0.52294
393 A	0.19774	0.28414	0.51813
394 A	0.19371	0.29408	0.51221
395 A	0.19452	0.29450	0.51099
396 A	0.20103	0.28828	0.51069
397 G	0.21008	0.27864	0.51128
398 A	0.22777	0.25882	0.51341
399 T	0.26109	0.21997	0.51895
400 A	0.26867	0.21354	0.51778
401 T	0.27651	0.20269	0.52081
402 T	0.27669	0.19999	0.52332
403 A	0.27425	0.19942	0.52633
404 T	0.27277	0.19138	0.53585
405 C	0.26394	0.19232	0.54374
406 G	0.25746	0.19437	0.54817
407 A	0.25212	0.19669	0.55119
408 A	0.24837	0.19330	0.55833
409 C	0.24817	0.18367	0.56816
410 A	0.24130	0.19260	0.5661
411 A	0.22691	0.20387	0.56922
412 A	0.22314	0.19980	0.57706
413 A	0.21929	0.19713	0.58357
414 T	0.21487	0.19500	0.59013
415 G	0.20283	0.19302	0.60415
416 G	0.19926	0.19515	0.60558
417 T	0.19981	0.19980	0.60039
418 G	0.18349	0.23922	0.57729
419 G	0.18203	0.24614	0.57183
420 T	0.18183	0.25196	0.56621
421 A	0.18046	0.26015	0.55939
422 A	0.18097	0.26114	0.55788
423 T	0.18368	0.25816	0.55816
424 A	0.18393	0.25718	0.55889
425 T	0.18443	0.25427	0.5613
426 A	0.18490	0.25074	0.56435
427 G	0.18544	0.24658	0.56797
428 A	0.18576	0.23815	0.57609
429 A	0.18646	0.22948	0.58406
430 A	0.18846	0.21667	0.59487
431 T	0.19282	0.20004	0.60715
432 A	0.19407	0.19007	0.61586
433 A	0.19739	0.17199	0.63062
434 T	0.20109	0.15139	0.64751
435 A	0.20276	0.14190	0.65534
436 A	0.20531	0.13186	0.66282
437 G	0.20974	0.11702	0.67324
438 G	0.21797	0.09385	0.68819
439 T	0.23283	0.06973	0.69743
440 A	0.24805	0.04849	0.70346
441 G	0.27920	0.00000	0.7208
