# lcl|CP097583.1_cds_USQ93279.1_1
# AA	inside	membr	outside
1 A	0.25675	0.00000	0.74325
2 T	0.25513	0.00162	0.74325
3 G	0.25443	0.00232	0.74325
4 G	0.25443	0.01993	0.72564
5 A	0.24822	0.05443	0.69736
6 A	0.24822	0.06014	0.69164
7 T	0.23331	0.07792	0.68877
8 G	0.23331	0.07799	0.6887
9 G	0.23055	0.08119	0.68826
10 A	0.23055	0.13471	0.63474
11 A	0.22974	0.13960	0.63066
12 A	0.22093	0.15056	0.62852
13 C	0.21150	0.17260	0.6159
14 A	0.21149	0.17261	0.6159
15 A	0.21149	0.56608	0.22243
16 T	0.21137	0.56621	0.22243
17 T	0.21110	0.56829	0.22061
18 T	0.21107	0.57513	0.21381
19 T	0.20947	0.58069	0.20985
20 T	0.19916	0.64991	0.15093
21 T	0.16901	0.68023	0.15077
22 G	0.16608	0.69149	0.14244
23 A	0.16301	0.70538	0.13161
24 T	0.16106	0.72770	0.11125
25 A	0.15552	0.75466	0.08982
26 A	0.15330	0.76851	0.07819
27 G	0.16292	0.77370	0.06337
28 A	0.17966	0.76684	0.05349
29 A	0.18412	0.76823	0.04765
30 T	0.19175	0.75448	0.05376
31 A	0.19194	0.75955	0.04851
32 A	0.19344	0.75832	0.04824
33 A	0.23324	0.72142	0.04534
34 A	0.23948	0.71596	0.04456
35 A	0.25494	0.69344	0.05163
36 A	0.27694	0.66401	0.05905
37 A	0.29486	0.64562	0.05952
38 T	0.66406	0.27530	0.06064
39 T	0.67503	0.26243	0.06254
40 A	0.68615	0.24931	0.06453
41 T	0.69865	0.23130	0.07004
42 T	0.70756	0.21922	0.07323
43 T	0.73967	0.17762	0.0827
44 T	0.74214	0.15614	0.10172
45 A	0.74868	0.14821	0.10311
46 A	0.75851	0.13560	0.10588
47 T	0.78168	0.10987	0.10846
48 T	0.80453	0.08301	0.11246
49 A	0.81568	0.07099	0.11334
50 T	0.83477	0.05145	0.11378
51 T	0.84747	0.03808	0.11446
52 T	0.85273	0.03284	0.11443
53 T	0.85544	0.03152	0.11304
54 T	0.85768	0.03073	0.11159
55 A	0.85735	0.03280	0.10985
56 T	0.85911	0.03207	0.10882
57 T	0.85773	0.03988	0.10239
58 A	0.85381	0.05172	0.09447
59 T	0.85440	0.05238	0.09322
60 T	0.85420	0.05682	0.08898
61 T	0.85387	0.05825	0.08788
62 T	0.85304	0.06131	0.08565
63 T	0.85210	0.06780	0.0801
64 A	0.85158	0.06948	0.07895
65 C	0.85129	0.07075	0.07796
66 A	0.85021	0.07402	0.07577
67 T	0.85075	0.07521	0.07403
68 C	0.85041	0.07720	0.0724
69 G	0.84785	0.08319	0.06896
70 A	0.84742	0.08644	0.06614
71 T	0.84888	0.08721	0.06391
72 A	0.84902	0.09011	0.06088
73 T	0.85078	0.08945	0.05977
74 T	0.85115	0.09002	0.05883
75 A	0.85006	0.09330	0.05664
76 A	0.85059	0.09303	0.05638
77 T	0.85263	0.08951	0.05786
78 G	0.85348	0.08722	0.05929
79 G	0.85489	0.08505	0.06005
80 T	0.86202	0.07595	0.06204
81 T	0.86779	0.06795	0.06427
82 G	0.86775	0.06764	0.06461
83 C	0.87060	0.06417	0.06524
84 A	0.87147	0.06342	0.06511
85 G	0.87332	0.06117	0.06551
86 C	0.87821	0.05599	0.0658
87 A	0.87987	0.05558	0.06455
88 T	0.88236	0.05389	0.06375
89 A	0.88443	0.05188	0.06369
90 T	0.88718	0.04867	0.06415
91 T	0.88873	0.04684	0.06442
92 T	0.89041	0.04283	0.06676
93 G	0.88818	0.04514	0.06668
94 A	0.88800	0.04702	0.06498
95 T	0.88985	0.04503	0.06512
96 T	0.87142	0.06450	0.06408
97 A	0.84184	0.09558	0.06259
98 T	0.82784	0.10958	0.06258
99 T	0.80469	0.13248	0.06283
100 G	0.74768	0.18974	0.06258
101 A	0.71732	0.22062	0.06206
102 T	0.69327	0.24509	0.06164
103 C	0.63174	0.30779	0.06048
104 A	0.54954	0.39641	0.05406
105 T	0.49886	0.44908	0.05206
106 A	0.41934	0.53125	0.04941
107 A	0.37001	0.58221	0.04778
108 T	0.33857	0.61467	0.04676
109 A	0.29100	0.66192	0.04708
110 A	0.25678	0.69578	0.04745
111 G	0.20853	0.74337	0.04811
112 A	0.17954	0.77233	0.04813
113 C	0.15665	0.79438	0.04897
114 A	0.12406	0.83178	0.04416
115 A	0.09080	0.86883	0.04037
116 A	0.06142	0.89918	0.0394
117 A	0.04459	0.91606	0.03935
118 A	0.03666	0.92441	0.03893
119 G	0.03159	0.90134	0.06707
120 A	0.02904	0.87662	0.09434
121 G	0.02658	0.86265	0.11076
122 A	0.02283	0.86031	0.11686
123 A	0.02080	0.83819	0.141
124 A	0.02160	0.81660	0.1618
125 A	0.02262	0.79138	0.18599
126 A	0.02463	0.72537	0.24999
127 T	0.03101	0.62926	0.33973
128 T	0.03243	0.57964	0.38794
129 A	0.03259	0.53385	0.43356
130 G	0.03239	0.52296	0.44465
131 A	0.03074	0.55113	0.41813
132 A	0.02989	0.56583	0.40428
133 A	0.02863	0.57966	0.39171
134 A	0.02826	0.57583	0.3959
135 A	0.02842	0.59601	0.37556
136 A	0.02901	0.61930	0.35169
137 A	0.03322	0.62747	0.33932
138 A	0.03718	0.62054	0.34228
139 G	0.03956	0.61144	0.34899
140 A	0.04235	0.64302	0.31463
141 A	0.04614	0.69171	0.26215
142 G	0.05019	0.73301	0.2168
143 A	0.05997	0.82660	0.11343
144 A	0.06640	0.83683	0.09677
145 A	0.08065	0.83812	0.08123
146 T	0.09436	0.83219	0.07346
147 A	0.08980	0.85556	0.05464
148 C	0.08810	0.86518	0.04671
149 A	0.07009	0.90556	0.02435
150 A	0.05847	0.92115	0.02038
151 A	0.05910	0.92405	0.01685
152 A	0.07262	0.91277	0.01461
153 G	0.09976	0.88634	0.0139
154 C	0.14789	0.83623	0.01589
155 A	0.19019	0.79490	0.01491
156 A	0.22657	0.75765	0.01578
157 A	0.26822	0.71547	0.01631
158 C	0.31131	0.67168	0.017
159 G	0.34366	0.63921	0.01713
160 C	0.37376	0.60861	0.01763
161 A	0.38763	0.59534	0.01704
162 A	0.40468	0.57846	0.01686
163 C	0.44005	0.54383	0.01612
164 A	0.47732	0.50718	0.0155
165 A	0.51180	0.47339	0.01481
166 A	0.60303	0.38077	0.0162
167 A	0.63009	0.35102	0.01889
168 T	0.65928	0.31959	0.02114
169 G	0.66012	0.30758	0.0323
170 T	0.67080	0.28562	0.04359
171 A	0.65632	0.29265	0.05103
172 A	0.64270	0.28233	0.07498
173 C	0.63605	0.27211	0.09184
174 G	0.62605	0.27730	0.09664
175 T	0.62536	0.27386	0.10078
176 C	0.60502	0.29366	0.10131
177 A	0.57102	0.33410	0.09488
178 T	0.54795	0.36802	0.08403
179 T	0.52104	0.40195	0.07701
180 G	0.49339	0.43583	0.07078
181 A	0.47816	0.47533	0.04651
182 A	0.47115	0.47895	0.04991
183 A	0.46704	0.47051	0.06246
184 T	0.46611	0.45119	0.0827
185 A	0.46332	0.44259	0.09409
186 T	0.46228	0.42705	0.11067
187 A	0.46048	0.41581	0.12371
188 T	0.46045	0.40261	0.13694
189 G	0.45933	0.39715	0.14352
190 A	0.45893	0.39368	0.14739
191 A	0.45899	0.38761	0.1534
192 T	0.45905	0.37183	0.16913
193 A	0.45902	0.36519	0.17579
194 A	0.45927	0.34901	0.19172
195 T	0.45964	0.32768	0.21268
196 A	0.45963	0.33229	0.20808
197 T	0.46062	0.31911	0.22027
198 A	0.46162	0.31541	0.22297
199 A	0.46448	0.29167	0.24385
200 G	0.47313	0.24374	0.28312
201 T	0.49230	0.19751	0.3102
202 T	0.50348	0.16071	0.33582
203 G	0.51208	0.13342	0.3545
204 T	0.53603	0.09894	0.36503
205 T	0.54393	0.08557	0.3705
206 T	0.54597	0.08009	0.37394
207 T	0.54763	0.07690	0.37548
208 T	0.54927	0.07457	0.37616
209 T	0.55015	0.07784	0.37202
210 T	0.55117	0.08705	0.36177
211 A	0.55130	0.09660	0.3521
212 T	0.55189	0.10263	0.34548
213 T	0.55116	0.11738	0.33146
214 G	0.54978	0.13978	0.31043
215 G	0.55028	0.14946	0.30027
216 A	0.55423	0.16408	0.28168
217 G	0.55844	0.16118	0.28038
218 A	0.56857	0.15189	0.27953
219 T	0.58912	0.13178	0.2791
220 T	0.59464	0.12670	0.27866
221 C	0.59735	0.12439	0.27827
222 T	0.59926	0.12447	0.27627
223 T	0.59884	0.12624	0.27492
224 T	0.59505	0.13211	0.27283
225 T	0.59265	0.13785	0.2695
226 T	0.58815	0.14389	0.26795
227 T	0.57089	0.16448	0.26463
228 A	0.52609	0.21664	0.25727
229 A	0.48856	0.26073	0.25071
230 C	0.42938	0.32221	0.24841
231 A	0.40742	0.34551	0.24707
232 G	0.40425	0.34869	0.24706
233 T	0.41656	0.33624	0.24719
234 A	0.41980	0.33282	0.24738
235 C	0.42649	0.32586	0.24765
236 C	0.44096	0.31036	0.24867
237 T	0.45794	0.29384	0.24822
238 A	0.46199	0.29064	0.24738
239 T	0.47458	0.27878	0.24664
240 T	0.47430	0.28019	0.24551
241 A	0.47247	0.28512	0.24241
242 T	0.47069	0.28963	0.23968
243 T	0.46632	0.29426	0.23941
244 A	0.45381	0.30806	0.23813
245 T	0.42785	0.33243	0.23971
246 A	0.40389	0.35221	0.2439
247 C	0.39089	0.35111	0.25801
248 A	0.38371	0.35668	0.25961
249 A	0.37845	0.35886	0.26268
250 G	0.37868	0.34561	0.27572
251 A	0.38455	0.30830	0.30715
252 T	0.38931	0.27095	0.33975
253 G	0.38554	0.21807	0.39639
254 T	0.38362	0.22634	0.39004
255 T	0.37417	0.30248	0.32336
256 A	0.35228	0.45314	0.19458
257 A	0.33698	0.50668	0.15635
258 T	0.32868	0.51658	0.15474
259 A	0.31610	0.53152	0.15238
260 T	0.31061	0.53507	0.15431
261 A	0.29973	0.54483	0.15544
262 C	0.29062	0.55240	0.15698
263 A	0.28347	0.57724	0.13929
264 A	0.27954	0.59372	0.12673
265 G	0.28177	0.59400	0.12422
266 A	0.28106	0.59461	0.12433
267 T	0.28084	0.58935	0.12981
268 G	0.27150	0.57632	0.15218
269 T	0.26664	0.57797	0.15539
270 T	0.25361	0.59546	0.15094
271 A	0.21705	0.67497	0.10799
272 A	0.19631	0.71555	0.08814
273 A	0.18521	0.73409	0.0807
274 A	0.18105	0.74066	0.07829
275 A	0.18175	0.73898	0.07927
276 A	0.19306	0.72232	0.08462
277 A	0.23055	0.68178	0.08767
278 A	0.31346	0.59020	0.09634
279 T	0.44117	0.43744	0.12139
280 T	0.47130	0.39048	0.13823
281 T	0.47316	0.37631	0.15053
282 T	0.46861	0.37263	0.15876
283 C	0.46464	0.37355	0.16181
284 A	0.46221	0.38068	0.15711
285 A	0.46216	0.38295	0.1549
286 A	0.48190	0.36280	0.1553
287 T	0.50044	0.34244	0.15712
288 T	0.50671	0.34085	0.15244
289 A	0.50809	0.34291	0.14901
290 A	0.51245	0.33786	0.14969
291 A	0.52772	0.31154	0.16073
292 T	0.55437	0.27951	0.16611
293 A	0.56555	0.26546	0.16898
294 T	0.60642	0.19841	0.19517
295 T	0.60864	0.19541	0.19595
296 T	0.58532	0.22787	0.18682
297 A	0.46520	0.37674	0.15806
298 G	0.29010	0.58074	0.12916
299 A	0.22718	0.67739	0.09543
300 A	0.18966	0.74382	0.06652
301 G	0.17883	0.76032	0.06085
302 A	0.17252	0.77049	0.05699
303 T	0.16875	0.77897	0.05228
304 A	0.15906	0.78787	0.05308
305 C	0.15099	0.78937	0.05964
306 G	0.14593	0.79228	0.06179
307 A	0.14781	0.78902	0.06318
308 C	0.15401	0.78069	0.0653
309 T	0.15961	0.77530	0.06509
310 C	0.15848	0.77705	0.06448
311 A	0.15682	0.78213	0.06106
312 A	0.15730	0.78505	0.05766
313 G	0.15555	0.79263	0.05183
314 A	0.14489	0.81427	0.04084
315 A	0.14154	0.82088	0.03758
316 A	0.14240	0.81233	0.04526
317 A	0.14162	0.79277	0.0656
318 T	0.15601	0.75021	0.09378
319 A	0.16305	0.71408	0.12287
320 A	0.18757	0.58768	0.22476
321 G	0.20835	0.41982	0.37184
322 A	0.23332	0.34985	0.41684
323 A	0.25523	0.31731	0.42746
324 T	0.25027	0.36196	0.38778
325 A	0.24478	0.42192	0.3333
326 G	0.24089	0.46183	0.29729
327 A	0.23595	0.46479	0.29925
328 T	0.23067	0.46167	0.30766
329 A	0.21756	0.47589	0.30655
330 T	0.20102	0.49356	0.30542
331 C	0.16978	0.52780	0.30242
332 A	0.14059	0.57014	0.28928
333 A	0.12133	0.59464	0.28403
334 G	0.10379	0.61685	0.27936
335 A	0.10137	0.62612	0.27251
336 A	0.10680	0.61963	0.27357
337 T	0.11923	0.59001	0.29076
338 A	0.12047	0.57836	0.30116
339 T	0.12531	0.55698	0.31771
340 T	0.12530	0.54532	0.32938
341 C	0.11928	0.54458	0.33614
342 G	0.11436	0.56328	0.32236
343 A	0.11588	0.56560	0.31852
344 T	0.12733	0.55834	0.31432
345 A	0.13043	0.55805	0.31152
346 A	0.15124	0.53728	0.31148
347 C	0.20229	0.46990	0.32781
348 A	0.25286	0.42190	0.32524
349 T	0.29410	0.37626	0.32963
350 A	0.30169	0.36815	0.33017
351 T	0.30534	0.36426	0.3304
352 G	0.30530	0.37024	0.32446
353 A	0.30789	0.37369	0.31843
354 T	0.29239	0.39664	0.31098
355 A	0.24918	0.46064	0.29019
356 A	0.22038	0.50276	0.27686
357 T	0.21145	0.51766	0.27089
358 A	0.16369	0.61042	0.22589
359 A	0.10576	0.70467	0.18957
360 A	0.08599	0.75794	0.15607
361 A	0.07519	0.82113	0.10368
362 A	0.07029	0.86919	0.06052
363 A	0.07256	0.88420	0.04325
364 A	0.07781	0.88389	0.0383
365 A	0.09355	0.87169	0.03476
366 A	0.10123	0.86233	0.03644
367 T	0.11400	0.84641	0.03959
368 T	0.12177	0.83405	0.04418
369 A	0.12420	0.82754	0.04826
370 A	0.12776	0.82127	0.05097
371 C	0.13942	0.80491	0.05567
372 T	0.14644	0.80134	0.05223
373 A	0.14973	0.80370	0.04657
374 A	0.15853	0.79396	0.04751
375 A	0.17574	0.77245	0.05181
376 A	0.20423	0.73785	0.05793
377 T	0.25311	0.65499	0.0919
378 T	0.30225	0.54410	0.15365
379 G	0.32124	0.47604	0.20272
380 A	0.33421	0.44664	0.21915
381 A	0.36666	0.37351	0.25983
382 C	0.39305	0.30242	0.30454
383 G	0.41170	0.28585	0.30245
384 A	0.46794	0.25183	0.28024
385 T	0.51577	0.23375	0.25048
386 T	0.52466	0.26304	0.21229
387 G	0.49793	0.34933	0.15274
388 T	0.46264	0.45013	0.08722
389 T	0.39779	0.52443	0.07778
390 A	0.28885	0.64505	0.06609
391 A	0.22470	0.72036	0.05493
392 A	0.19626	0.75119	0.05255
393 C	0.17035	0.77721	0.05244
394 A	0.15555	0.79395	0.05051
395 A	0.15112	0.79954	0.04934
396 T	0.14798	0.80398	0.04804
397 A	0.12215	0.83285	0.045
398 T	0.10668	0.84984	0.04347
399 A	0.07162	0.88760	0.04077
400 A	0.05036	0.90949	0.04015
401 A	0.03851	0.91810	0.0434
402 A	0.03183	0.91853	0.04964
403 A	0.02993	0.91187	0.05819
404 A	0.03165	0.90109	0.06727
405 A	0.03820	0.88542	0.07639
406 G	0.06375	0.84203	0.09422
407 A	0.10550	0.79252	0.10198
408 T	0.15126	0.73612	0.11262
409 A	0.18235	0.69009	0.12756
410 A	0.23099	0.59835	0.17066
411 T	0.29303	0.47649	0.23048
412 T	0.30437	0.39620	0.29943
413 T	0.30924	0.30987	0.38088
414 T	0.30631	0.27728	0.41641
415 A	0.29364	0.29879	0.40757
416 T	0.28463	0.29416	0.42121
417 T	0.24996	0.33313	0.41691
418 A	0.20331	0.39247	0.40422
419 A	0.18481	0.41205	0.40314
420 A	0.18218	0.38838	0.42944
421 A	0.18176	0.36849	0.44975
422 T	0.18473	0.32845	0.48682
423 T	0.18582	0.31059	0.50359
424 C	0.18517	0.31267	0.50215
425 T	0.18112	0.35075	0.46813
426 A	0.17117	0.40859	0.42024
427 T	0.16190	0.47283	0.36528
428 A	0.14233	0.54665	0.31102
429 T	0.12420	0.63957	0.23623
430 A	0.10253	0.73298	0.16449
431 A	0.08749	0.81359	0.09892
432 A	0.07986	0.86730	0.05284
433 G	0.07682	0.87933	0.04386
434 A	0.07688	0.88715	0.03597
435 A	0.07948	0.88679	0.03373
436 A	0.08575	0.87777	0.03648
437 G	0.10335	0.84802	0.04863
438 T	0.14213	0.79363	0.06425
439 A	0.15561	0.77121	0.07318
440 A	0.17064	0.72643	0.10292
441 T	0.18169	0.67708	0.14123
442 C	0.17720	0.66899	0.15381
443 A	0.16296	0.70145	0.13559
444 A	0.14750	0.74593	0.10657
445 G	0.13972	0.77877	0.08152
446 A	0.13941	0.79411	0.06648
447 A	0.15480	0.78909	0.05611
448 G	0.19214	0.74269	0.06516
449 A	0.23250	0.69663	0.07087
450 A	0.28194	0.64491	0.07314
451 A	0.33262	0.58413	0.08325
452 C	0.41927	0.49092	0.0898
453 A	0.48404	0.42412	0.09183
454 A	0.54476	0.35515	0.10009
455 T	0.58207	0.31357	0.10436
456 T	0.56865	0.32959	0.10175
457 C	0.53435	0.36764	0.09802
458 C	0.37946	0.53116	0.08938
459 A	0.27169	0.65572	0.07258
460 G	0.21251	0.72643	0.06106
461 A	0.16280	0.78683	0.05037
462 A	0.14422	0.80933	0.04645
463 A	0.13086	0.82498	0.04416
464 T	0.13637	0.81361	0.05002
465 A	0.13187	0.80857	0.05956
466 G	0.14018	0.78509	0.07473
467 A	0.16205	0.75058	0.08737
468 T	0.18206	0.72225	0.09569
469 C	0.18287	0.71767	0.09946
470 A	0.18416	0.72174	0.09409
471 A	0.18357	0.72062	0.09582
472 A	0.18895	0.71240	0.09865
473 T	0.20158	0.69497	0.10346
474 A	0.20605	0.68852	0.10544
475 C	0.21840	0.66487	0.11674
476 A	0.22625	0.65185	0.12191
477 A	0.22992	0.64246	0.12761
478 A	0.23702	0.62378	0.1392
479 T	0.25858	0.57345	0.16798
480 T	0.26842	0.53558	0.19601
481 T	0.27699	0.34827	0.37474
482 T	0.27728	0.25373	0.469
483 T	0.27240	0.20981	0.51779
484 G	0.25138	0.20929	0.53933
485 A	0.21694	0.25161	0.53145
486 T	0.18108	0.29789	0.52102
487 A	0.13166	0.38808	0.48026
488 A	0.11382	0.44124	0.44495
489 G	0.10902	0.46159	0.42939
490 A	0.10655	0.55407	0.33939
491 A	0.10558	0.59105	0.30338
492 T	0.10387	0.60999	0.28614
493 T	0.10227	0.62811	0.26961
494 T	0.09826	0.65829	0.24345
495 A	0.08883	0.76408	0.14708
496 A	0.08348	0.80661	0.10991
497 A	0.08004	0.83226	0.08771
498 A	0.07731	0.86156	0.06113
499 A	0.07520	0.87170	0.0531
500 A	0.07600	0.87505	0.04896
501 A	0.07767	0.87499	0.04735
502 A	0.08087	0.87212	0.04701
503 T	0.08945	0.85894	0.05161
504 T	0.09582	0.84428	0.0599
505 G	0.09738	0.82821	0.07441
506 A	0.10228	0.81497	0.08275
507 A	0.11456	0.78350	0.10194
508 A	0.13236	0.73189	0.13575
509 C	0.16118	0.66008	0.17875
510 A	0.21242	0.57025	0.21733
511 T	0.26908	0.50105	0.22986
512 A	0.29975	0.46692	0.23334
513 T	0.39713	0.36527	0.2376
514 G	0.43185	0.32796	0.24019
515 T	0.46509	0.28149	0.25342
516 C	0.47487	0.26343	0.2617
517 G	0.49764	0.25374	0.24861
518 T	0.57460	0.21409	0.2113
519 A	0.59309	0.26190	0.14502
520 A	0.61039	0.26892	0.12069
521 T	0.62532	0.26690	0.10777
522 T	0.60452	0.30951	0.08598
523 T	0.56497	0.36697	0.06806
524 A	0.49900	0.44760	0.05341
525 T	0.46568	0.48666	0.04766
526 A	0.43030	0.52827	0.04144
527 A	0.41712	0.54379	0.03909
528 T	0.41081	0.54887	0.04032
529 G	0.39602	0.56349	0.0405
530 A	0.38669	0.57296	0.04035
531 T	0.37552	0.58438	0.0401
532 C	0.34769	0.61320	0.03911
533 A	0.28938	0.67497	0.03565
534 A	0.26651	0.69877	0.03472
535 A	0.24647	0.72009	0.03344
536 A	0.23623	0.73086	0.03292
537 A	0.22429	0.74267	0.03304
538 C	0.21538	0.74437	0.04025
539 A	0.21660	0.73660	0.0468
540 A	0.23326	0.71639	0.05036
541 A	0.27780	0.67076	0.05144
542 T	0.35547	0.58396	0.06057
543 T	0.38317	0.55113	0.0657
544 A	0.39685	0.49636	0.10678
545 T	0.41797	0.42960	0.15243
546 T	0.42788	0.36879	0.20333
547 T	0.43383	0.30922	0.25695
548 C	0.43402	0.28402	0.28196
549 T	0.43698	0.27119	0.29184
550 A	0.43590	0.27934	0.28476
551 T	0.43543	0.28398	0.28059
552 T	0.42451	0.30866	0.26683
553 A	0.37866	0.41157	0.20978
554 A	0.36174	0.44737	0.19088
555 A	0.35087	0.46515	0.18398
556 A	0.34240	0.45870	0.1989
557 A	0.33971	0.44800	0.2123
558 T	0.34022	0.43106	0.22873
559 A	0.33951	0.43811	0.22239
560 A	0.33928	0.43928	0.22144
561 T	0.33963	0.42839	0.23198
562 G	0.33947	0.42816	0.23237
563 A	0.34039	0.43027	0.22934
564 T	0.34306	0.42886	0.22808
565 T	0.34437	0.42748	0.22816
566 T	0.34440	0.42834	0.22726
567 A	0.34357	0.43041	0.22602
568 T	0.34405	0.43103	0.22492
569 C	0.34345	0.43983	0.21671
570 T	0.33919	0.49862	0.16219
571 A	0.32641	0.53515	0.13844
572 A	0.32474	0.55844	0.11682
573 T	0.32909	0.56769	0.10321
574 A	0.32162	0.59150	0.08688
575 A	0.34023	0.56838	0.09139
576 T	0.40500	0.46758	0.12741
577 A	0.42513	0.43411	0.14076
578 A	0.45127	0.39652	0.15221
579 T	0.49159	0.34591	0.1625
580 T	0.49695	0.33985	0.1632
581 C	0.49073	0.34779	0.16148
582 A	0.48694	0.36337	0.14969
583 T	0.49361	0.35639	0.14999
584 A	0.48007	0.37093	0.14899
585 T	0.47045	0.38143	0.14812
586 T	0.45269	0.40010	0.14721
587 C	0.40245	0.45014	0.14741
588 A	0.34931	0.50571	0.14498
589 G	0.31634	0.54048	0.14318
590 A	0.29121	0.57122	0.13757
591 A	0.28727	0.57698	0.13575
592 A	0.29678	0.57425	0.12897
593 T	0.35060	0.51904	0.13036
594 A	0.35566	0.50565	0.13869
595 A	0.35417	0.50548	0.14035
596 T	0.36502	0.48681	0.14818
597 T	0.36674	0.47530	0.15796
598 A	0.35204	0.51031	0.13764
599 A	0.32569	0.54515	0.12916
600 T	0.31545	0.55269	0.13185
601 A	0.29743	0.57087	0.1317
602 T	0.29586	0.57016	0.13398
603 A	0.29237	0.57079	0.13684
604 A	0.29069	0.56064	0.14867
605 T	0.29807	0.53256	0.16937
606 T	0.29101	0.52584	0.18315
607 T	0.28059	0.51528	0.20413
608 A	0.26530	0.51739	0.21731
609 T	0.24720	0.51946	0.23334
610 G	0.22899	0.50408	0.26693
611 A	0.20818	0.49690	0.29492
612 T	0.19736	0.48130	0.32134
613 G	0.18578	0.47361	0.3406
614 A	0.18295	0.47879	0.33826
615 A	0.18765	0.47395	0.33841
616 A	0.19262	0.46744	0.33993
617 A	0.19568	0.44743	0.35689
618 T	0.20531	0.40781	0.38688
619 G	0.20384	0.40422	0.39195
620 G	0.20433	0.40345	0.39222
621 A	0.23002	0.38348	0.38651
622 T	0.24369	0.35047	0.40584
623 T	0.24815	0.34556	0.40628
624 G	0.24668	0.35988	0.39344
625 T	0.24570	0.39199	0.36231
626 T	0.23933	0.44857	0.3121
627 A	0.14529	0.62450	0.23021
628 A	0.10539	0.67096	0.22365
629 A	0.09017	0.68481	0.22501
630 A	0.07572	0.69101	0.23328
631 A	0.07685	0.67760	0.24556
632 C	0.08184	0.65216	0.26601
633 A	0.08587	0.64792	0.26622
634 G	0.09489	0.63773	0.26738
635 T	0.10091	0.65662	0.24247
636 T	0.09964	0.71101	0.18935
637 A	0.09503	0.77098	0.13398
638 A	0.08958	0.84248	0.06794
639 A	0.08737	0.86791	0.04472
640 A	0.08492	0.86817	0.0469
641 A	0.08437	0.86898	0.04666
642 A	0.08141	0.86793	0.05067
643 A	0.08405	0.86221	0.05375
644 C	0.10458	0.83754	0.05788
645 G	0.11092	0.83592	0.05317
646 A	0.12243	0.82812	0.04946
647 A	0.14881	0.80335	0.04784
648 A	0.17287	0.77978	0.04736
649 A	0.20167	0.74648	0.05185
650 G	0.24299	0.60616	0.15085
651 A	0.23413	0.58217	0.18369
652 A	0.22829	0.58468	0.18704
653 G	0.20264	0.64431	0.15305
654 A	0.18139	0.75754	0.06107
655 A	0.16273	0.78811	0.04916
656 A	0.14075	0.82102	0.03823
657 A	0.16488	0.79705	0.03807
658 A	0.20306	0.75492	0.04202
659 C	0.26217	0.68697	0.05086
660 A	0.30679	0.64030	0.05292
661 T	0.37094	0.57294	0.05613
662 T	0.36775	0.57428	0.05797
663 A	0.32642	0.61704	0.05654
664 A	0.29768	0.64622	0.05609
665 A	0.27218	0.66098	0.06684
666 C	0.24240	0.67831	0.07929
667 A	0.19321	0.72969	0.0771
668 T	0.19005	0.73359	0.07636
669 A	0.17149	0.76154	0.06696
670 G	0.14694	0.79111	0.06195
671 A	0.13236	0.80790	0.05974
672 A	0.11839	0.80789	0.07372
673 A	0.08882	0.80833	0.10284
674 G	0.08671	0.78604	0.12726
675 A	0.09636	0.76243	0.14121
676 G	0.14142	0.68549	0.17308
677 A	0.22261	0.58743	0.18996
678 A	0.23917	0.54779	0.21304
679 T	0.25788	0.49814	0.24398
680 T	0.26040	0.49707	0.24253
681 T	0.24452	0.52870	0.22678
682 A	0.20957	0.60588	0.18454
683 A	0.17138	0.65463	0.17399
684 A	0.15872	0.66828	0.173
685 A	0.13638	0.68538	0.17824
686 T	0.12912	0.65623	0.21465
687 G	0.11661	0.64285	0.24055
688 A	0.10066	0.64065	0.25868
689 A	0.09280	0.61514	0.29205
690 C	0.09634	0.55266	0.351
691 T	0.10384	0.54320	0.35296
692 A	0.11326	0.53247	0.35427
693 T	0.12080	0.52438	0.35482
694 A	0.12080	0.51659	0.3626
695 A	0.12023	0.51094	0.36883
696 T	0.11839	0.48205	0.39956
697 T	0.11139	0.47737	0.41124
698 C	0.09883	0.49192	0.40924
699 A	0.08939	0.54389	0.36672
700 A	0.08899	0.58016	0.33086
701 A	0.09116	0.61459	0.29425
702 T	0.10172	0.64392	0.25436
703 A	0.10436	0.69402	0.20161
704 A	0.11737	0.73108	0.15155
705 T	0.15584	0.68615	0.15801
706 A	0.16265	0.66488	0.17247
707 A	0.16768	0.65760	0.17473
708 A	0.18628	0.62424	0.18947
709 T	0.19604	0.60774	0.19623
710 T	0.19982	0.60691	0.19327
711 A	0.19555	0.62018	0.18427
712 A	0.19352	0.65206	0.15443
713 T	0.19438	0.66605	0.13957
714 A	0.18992	0.70434	0.10574
715 A	0.18033	0.74438	0.0753
716 A	0.17892	0.75389	0.0672
717 A	0.16792	0.76791	0.06417
718 A	0.17226	0.76335	0.06439
719 T	0.18300	0.74889	0.06811
720 A	0.16335	0.76776	0.0689
721 G	0.15327	0.77219	0.07454
722 A	0.17357	0.75032	0.0761
723 A	0.20164	0.72272	0.07564
724 G	0.24258	0.68041	0.07702
725 A	0.29623	0.62968	0.07409
726 A	0.36002	0.56429	0.07569
727 T	0.43961	0.47958	0.08081
728 T	0.46219	0.45379	0.08403
729 T	0.46487	0.44883	0.08631
730 A	0.42076	0.49414	0.0851
731 A	0.38874	0.52512	0.08613
732 C	0.37126	0.54037	0.08837
733 A	0.34870	0.56884	0.08246
734 A	0.35464	0.56003	0.08533
735 T	0.38482	0.53020	0.08497
736 A	0.36212	0.55806	0.07982
737 A	0.34367	0.57879	0.07755
738 T	0.34268	0.56421	0.09311
739 A	0.30027	0.59572	0.10401
740 T	0.28189	0.60178	0.11633
741 A	0.23635	0.64363	0.12002
742 A	0.21524	0.65864	0.12612
743 A	0.21007	0.63983	0.15011
744 T	0.21169	0.61761	0.1707
745 C	0.20594	0.61148	0.18258
746 T	0.20226	0.61449	0.18326
747 A	0.17691	0.64161	0.18148
748 A	0.16507	0.65480	0.18013
749 T	0.16315	0.65610	0.18074
750 T	0.15755	0.66130	0.18115
751 G	0.14783	0.66542	0.18675
752 A	0.14353	0.66761	0.18885
753 A	0.14321	0.62509	0.23171
754 T	0.14279	0.59607	0.26113
755 A	0.13813	0.58224	0.27963
756 T	0.14384	0.55076	0.3054
757 A	0.14214	0.55571	0.30215
758 A	0.14242	0.54504	0.31254
759 A	0.14736	0.49453	0.35811
760 T	0.15518	0.43122	0.41359
761 T	0.15796	0.40256	0.43947
762 A	0.15707	0.37355	0.46938
763 G	0.15964	0.34945	0.49091
764 A	0.16036	0.31316	0.52648
765 T	0.16184	0.29655	0.54161
766 T	0.16107	0.31437	0.52456
767 A	0.15832	0.38579	0.4559
768 T	0.15418	0.43752	0.4083
769 A	0.14608	0.47081	0.38311
770 A	0.14232	0.48189	0.37579
771 T	0.13996	0.49279	0.36725
772 G	0.13543	0.53307	0.33149
773 A	0.12804	0.63008	0.24188
774 A	0.12500	0.72382	0.15118
775 A	0.13103	0.74049	0.12849
776 A	0.13723	0.75417	0.10861
777 T	0.15127	0.74586	0.10287
778 G	0.15434	0.74719	0.09846
779 A	0.15915	0.75457	0.08628
780 A	0.17462	0.74602	0.07936
781 T	0.18808	0.72983	0.08209
782 T	0.19030	0.72745	0.08225
783 A	0.18307	0.73732	0.07961
784 A	0.18344	0.73814	0.07841
785 C	0.18782	0.73233	0.07985
786 A	0.19021	0.73075	0.07905
787 A	0.19775	0.72451	0.07774
788 A	0.21547	0.70686	0.07766
789 A	0.24677	0.67419	0.07904
790 C	0.32699	0.59003	0.08297
791 T	0.38589	0.52530	0.08881
792 A	0.40505	0.49793	0.09701
793 A	0.43440	0.46446	0.10114
794 C	0.46106	0.43420	0.10474
795 A	0.50249	0.39698	0.10052
796 G	0.59204	0.30050	0.10746
797 T	0.69323	0.19542	0.11135
798 G	0.70634	0.18321	0.11045
799 T	0.71727	0.18091	0.10183
800 T	0.69980	0.20430	0.0959
801 A	0.60952	0.30973	0.08075
802 G	0.50334	0.41772	0.07895
803 A	0.44729	0.47499	0.07772
804 T	0.43182	0.48862	0.07956
805 A	0.39793	0.52255	0.07952
806 C	0.38980	0.52368	0.08652
807 A	0.37934	0.53692	0.08375
808 A	0.36711	0.55165	0.08124
809 A	0.35639	0.56662	0.07699
810 T	0.35488	0.56851	0.07661
811 A	0.34944	0.57335	0.07721
812 A	0.34733	0.56935	0.08332
813 A	0.34491	0.56675	0.08835
814 C	0.34378	0.55803	0.09819
815 C	0.34376	0.55118	0.10506
816 G	0.34348	0.55217	0.10435
817 A	0.34626	0.55087	0.10287
818 T	0.35613	0.54316	0.1007
819 T	0.36008	0.54064	0.09928
820 A	0.36159	0.53986	0.09856
821 A	0.36611	0.51483	0.11906
822 T	0.37461	0.47744	0.14795
823 A	0.38001	0.44339	0.1766
824 A	0.39363	0.34560	0.26077
825 T	0.39996	0.22942	0.37062
826 T	0.40272	0.18423	0.41305
827 T	0.40190	0.19044	0.40766
828 T	0.39734	0.20471	0.39795
829 G	0.38774	0.26976	0.3425
830 A	0.38818	0.27760	0.33422
831 A	0.39065	0.27128	0.33807
832 A	0.39639	0.25776	0.34586
833 T	0.39944	0.25086	0.3497
834 T	0.40033	0.24615	0.35352
835 A	0.40069	0.24291	0.3564
836 A	0.40118	0.23930	0.35952
837 T	0.40206	0.23548	0.36247
838 A	0.40275	0.23308	0.36416
839 T	0.40491	0.22845	0.36665
840 A	0.40710	0.22478	0.36812
841 T	0.41074	0.21996	0.3693
842 C	0.41264	0.21690	0.37046
843 T	0.41638	0.21258	0.37104
844 A	0.41783	0.21083	0.37134
845 A	0.42069	0.20764	0.37167
846 T	0.42838	0.19928	0.37234
847 A	0.43655	0.19059	0.37286
848 C	0.45531	0.16712	0.37757
849 T	0.49454	0.12533	0.38014
850 T	0.52421	0.09254	0.38325
851 A	0.54768	0.06451	0.3878
852 A	0.60344	0.00000	0.39656
