# lcl|CP097583.1_cds_USQ93446.1_1
# AA	inside	membr	outside
1 A	0.33836	0.00000	0.66164
2 T	0.33737	0.00099	0.66164
3 G	0.33600	0.00236	0.66164
4 A	0.33600	0.22788	0.43613
5 A	0.27177	0.39182	0.33641
6 A	0.27177	0.39985	0.32839
7 A	0.20489	0.46859	0.32652
8 A	0.20489	0.46863	0.32649
9 A	0.19362	0.48033	0.32605
10 A	0.19362	0.50795	0.29844
11 T	0.19287	0.51158	0.29556
12 T	0.17140	0.53418	0.29443
13 A	0.11600	0.59279	0.29122
14 A	0.11599	0.59280	0.29122
15 A	0.11599	0.60208	0.28193
16 G	0.11431	0.60376	0.28193
17 G	0.11317	0.60491	0.28192
18 G	0.11314	0.60495	0.2819
19 A	0.11237	0.60574	0.28189
20 C	0.11002	0.60826	0.28172
21 T	0.10685	0.61136	0.2818
22 C	0.10938	0.60877	0.28185
23 A	0.11420	0.60400	0.28179
24 T	0.13178	0.58640	0.28183
25 G	0.13949	0.57804	0.28247
26 A	0.14904	0.56705	0.28392
27 T	0.35481	0.35720	0.288
28 T	0.42930	0.21967	0.35103
29 T	0.42529	0.21917	0.35554
30 A	0.41164	0.18216	0.4062
31 A	0.39949	0.19036	0.41015
32 C	0.39678	0.17306	0.43016
33 A	0.39606	0.17842	0.42552
34 T	0.39718	0.18369	0.41913
35 T	0.39854	0.17422	0.42724
36 T	0.39384	0.15477	0.4514
37 G	0.38554	0.18132	0.43314
38 A	0.37232	0.19723	0.43044
39 T	0.30487	0.27082	0.4243
40 G	0.28190	0.29626	0.42183
41 A	0.27771	0.30473	0.41756
42 A	0.27527	0.31894	0.40579
43 G	0.27252	0.32128	0.4062
44 T	0.26689	0.33799	0.39512
45 T	0.25392	0.36712	0.37897
46 A	0.21497	0.42631	0.35872
47 A	0.18070	0.47393	0.34537
48 A	0.17077	0.48859	0.34064
49 A	0.16563	0.50059	0.33378
50 A	0.16191	0.50834	0.32975
51 A	0.16001	0.50664	0.33335
52 T	0.16049	0.49377	0.34574
53 G	0.15928	0.47829	0.36243
54 G	0.16031	0.46579	0.3739
55 A	0.16556	0.45624	0.37821
56 C	0.17682	0.42155	0.40162
57 T	0.19308	0.40282	0.4041
58 A	0.19839	0.40112	0.40049
59 T	0.20783	0.39170	0.40047
60 T	0.21196	0.38856	0.39948
61 G	0.19575	0.40814	0.39611
62 T	0.18750	0.36865	0.44386
63 A	0.16620	0.38247	0.45133
64 G	0.15483	0.39331	0.45186
65 A	0.15335	0.40714	0.43951
66 A	0.14578	0.42063	0.43359
67 A	0.14881	0.41884	0.43234
68 A	0.15800	0.40249	0.43951
69 T	0.17149	0.36447	0.46404
70 A	0.16790	0.36978	0.46232
71 A	0.15990	0.41146	0.42864
72 A	0.15943	0.42507	0.41551
73 A	0.15909	0.44765	0.39326
74 T	0.15683	0.45595	0.38722
75 T	0.14501	0.47745	0.37754
76 A	0.12241	0.53165	0.34594
77 A	0.11067	0.55527	0.33406
78 A	0.10594	0.56658	0.32748
79 A	0.10183	0.57292	0.32525
80 A	0.10369	0.57027	0.32604
81 A	0.11410	0.55578	0.33012
82 T	0.12910	0.53429	0.33661
83 A	0.14051	0.51306	0.34642
84 T	0.15875	0.47465	0.36659
85 T	0.17105	0.45116	0.37779
86 T	0.17559	0.43116	0.39325
87 A	0.17382	0.42596	0.40022
88 A	0.17932	0.41121	0.40947
89 A	0.18524	0.39590	0.41886
90 T	0.19840	0.37428	0.42732
91 A	0.20623	0.36399	0.42978
92 A	0.21832	0.34925	0.43243
93 A	0.24388	0.31969	0.43642
94 T	0.28758	0.26627	0.44615
95 G	0.30408	0.25031	0.44561
96 T	0.33663	0.22306	0.44031
97 A	0.34600	0.22551	0.42849
98 A	0.35793	0.21289	0.42918
99 T	0.38754	0.17161	0.44085
100 T	0.39944	0.15692	0.44364
101 T	0.40222	0.15517	0.44261
102 T	0.38443	0.17598	0.43959
103 A	0.36101	0.20566	0.43333
104 A	0.34128	0.22818	0.43054
105 T	0.32363	0.24761	0.42876
106 G	0.29775	0.27687	0.42538
107 A	0.28009	0.30497	0.41494
108 A	0.27015	0.32347	0.40638
109 A	0.26273	0.33609	0.40117
110 T	0.25867	0.33934	0.40199
111 A	0.24158	0.35828	0.40014
112 A	0.23613	0.36244	0.40143
113 G	0.23495	0.36246	0.40259
114 A	0.23746	0.35762	0.40492
115 A	0.24278	0.35021	0.40701
116 C	0.25769	0.33309	0.40922
117 A	0.26611	0.32413	0.40976
118 C	0.27755	0.31157	0.41089
119 C	0.28956	0.29945	0.41099
120 T	0.30606	0.28316	0.41078
121 A	0.31521	0.27419	0.41061
122 T	0.32670	0.26220	0.4111
123 T	0.33480	0.25328	0.41192
124 T	0.33928	0.24502	0.41569
125 T	0.34198	0.21661	0.44141
126 G	0.34507	0.18758	0.46735
127 G	0.34716	0.16706	0.48578
128 A	0.34981	0.15188	0.49831
129 A	0.35478	0.12702	0.5182
130 T	0.36575	0.09954	0.5347
131 A	0.37426	0.08179	0.54395
132 T	0.38088	0.06594	0.55318
133 A	0.38304	0.05850	0.55846
134 G	0.38674	0.03920	0.57406
135 T	0.38824	0.03421	0.57754
136 G	0.38896	0.03574	0.57529
137 A	0.38932	0.04196	0.56871
138 A	0.38964	0.04535	0.56501
139 G	0.39012	0.05015	0.55973
140 T	0.39042	0.05330	0.55628
141 T	0.39037	0.05361	0.55603
142 T	0.39005	0.05441	0.55554
143 T	0.38933	0.05605	0.55463
144 T	0.38841	0.05707	0.55451
145 C	0.38604	0.05963	0.55434
146 A	0.38483	0.06147	0.5537
147 A	0.38221	0.06456	0.55323
148 C	0.38104	0.06561	0.55335
149 G	0.38000	0.06656	0.55343
150 T	0.38015	0.06639	0.55346
151 T	0.38106	0.06531	0.55363
152 C	0.38040	0.06587	0.55373
153 C	0.38044	0.06581	0.55375
154 G	0.38103	0.06517	0.55381
155 C	0.38196	0.06421	0.55384
156 T	0.38463	0.06154	0.55384
157 C	0.38390	0.06230	0.5538
158 A	0.38534	0.06104	0.55362
159 A	0.38994	0.05667	0.55339
160 T	0.39736	0.04924	0.5534
161 A	0.39921	0.04738	0.55342
162 T	0.40243	0.04407	0.55351
163 T	0.40075	0.04466	0.55458
164 C	0.39532	0.04921	0.55547
165 T	0.39005	0.05449	0.55546
166 G	0.38193	0.06280	0.55526
167 A	0.37802	0.06686	0.55512
168 T	0.37656	0.06717	0.55627
169 A	0.37456	0.06906	0.55639
170 T	0.37385	0.06697	0.55917
171 G	0.37266	0.06659	0.56074
172 G	0.37221	0.06526	0.56254
173 T	0.37165	0.06452	0.56383
174 T	0.37039	0.06476	0.56485
175 T	0.36869	0.06568	0.56563
176 T	0.36473	0.06961	0.56566
177 A	0.35540	0.07955	0.56505
178 A	0.34823	0.08732	0.56445
179 A	0.34421	0.09089	0.5649
180 G	0.34076	0.09143	0.56781
181 G	0.33872	0.09207	0.56921
182 A	0.33594	0.09470	0.56936
183 A	0.33419	0.09581	0.57
184 A	0.33371	0.09411	0.57218
185 T	0.33387	0.09005	0.57608
186 G	0.33347	0.08420	0.58233
187 T	0.33375	0.07783	0.58842
188 T	0.33325	0.07384	0.59291
189 T	0.33232	0.06949	0.59819
190 C	0.33083	0.07042	0.59875
191 A	0.32900	0.08016	0.59084
192 A	0.32703	0.08866	0.58431
193 T	0.32643	0.09618	0.57739
194 T	0.32262	0.11403	0.56335
195 T	0.30642	0.14734	0.54624
196 A	0.28064	0.18679	0.53256
197 T	0.27355	0.20037	0.52608
198 A	0.26324	0.22344	0.51332
199 G	0.25947	0.23275	0.50778
200 A	0.25914	0.23250	0.50836
201 T	0.25971	0.23104	0.50925
202 A	0.25789	0.23510	0.507
203 A	0.25591	0.23776	0.50633
204 A	0.24832	0.24556	0.50612
205 A	0.24374	0.24873	0.50754
206 A	0.23975	0.25249	0.50775
207 A	0.23939	0.25295	0.50766
208 G	0.23967	0.25235	0.50798
209 G	0.23969	0.25257	0.50774
210 A	0.24010	0.25384	0.50607
211 A	0.24075	0.25395	0.5053
212 G	0.24152	0.25416	0.50432
213 A	0.24260	0.25624	0.50115
214 A	0.25063	0.25231	0.49705
215 A	0.25919	0.24140	0.49941
216 A	0.26946	0.22810	0.50243
217 A	0.28746	0.20263	0.5099
218 T	0.30753	0.15991	0.53255
219 C	0.32046	0.12068	0.55886
220 G	0.32922	0.10904	0.56174
221 C	0.34309	0.09442	0.56249
222 T	0.35436	0.09162	0.55402
223 T	0.35847	0.09478	0.54674
224 T	0.36010	0.09727	0.54262
225 A	0.35422	0.10253	0.54325
226 A	0.35155	0.10357	0.54487
227 G	0.34988	0.09628	0.55384
228 A	0.34366	0.09687	0.55947
229 C	0.34083	0.09447	0.5647
230 C	0.33873	0.09569	0.56558
231 A	0.33528	0.09952	0.5652
232 G	0.33319	0.10219	0.56462
233 A	0.33257	0.10358	0.56386
234 A	0.33251	0.10398	0.56351
235 G	0.33419	0.10149	0.56432
236 G	0.33803	0.09511	0.56687
237 G	0.34360	0.08796	0.56843
238 A	0.34504	0.08531	0.56965
239 C	0.34682	0.08219	0.57099
240 G	0.34832	0.08045	0.57124
241 G	0.35025	0.07830	0.57146
242 C	0.35519	0.07295	0.57187
243 T	0.36197	0.06599	0.57205
244 T	0.36643	0.06139	0.57218
245 C	0.37131	0.05581	0.57288
246 T	0.37466	0.05246	0.57288
247 A	0.37580	0.05152	0.57268
248 T	0.37611	0.04375	0.58014
249 T	0.37572	0.04054	0.58374
250 G	0.37489	0.04048	0.58463
251 T	0.37385	0.03659	0.58955
252 T	0.37246	0.03879	0.58874
253 A	0.36977	0.04336	0.58688
254 G	0.36888	0.04269	0.58843
255 G	0.36922	0.04173	0.58905
256 A	0.36970	0.04303	0.58727
257 G	0.36983	0.04321	0.58696
258 T	0.37001	0.04417	0.58581
259 T	0.37004	0.04678	0.58318
260 A	0.36991	0.05098	0.57911
261 T	0.36981	0.05217	0.57802
262 G	0.36955	0.05427	0.57618
263 T	0.36918	0.05606	0.57476
264 T	0.36828	0.05858	0.57314
265 G	0.36509	0.06655	0.56835
266 A	0.36326	0.07191	0.56483
267 A	0.36223	0.07667	0.5611
268 A	0.36102	0.08187	0.55711
269 A	0.36062	0.08570	0.55369
270 T	0.36160	0.08470	0.55369
271 A	0.36169	0.08466	0.55365
272 A	0.36233	0.08338	0.55429
273 A	0.36437	0.08004	0.55559
274 C	0.36892	0.07365	0.55743
275 T	0.37571	0.06633	0.55796
276 T	0.38130	0.05943	0.55927
277 T	0.38276	0.05804	0.55919
278 A	0.38224	0.05991	0.55786
279 T	0.38423	0.05833	0.55743
280 C	0.38441	0.05827	0.55732
281 A	0.38542	0.05833	0.55625
282 T	0.38872	0.05542	0.55585
283 T	0.39213	0.05276	0.55511
284 T	0.39236	0.05298	0.55465
285 T	0.39143	0.05432	0.55425
286 A	0.38465	0.06143	0.55392
287 A	0.38150	0.06403	0.55447
288 T	0.38445	0.05826	0.55729
289 G	0.38368	0.05806	0.55826
290 A	0.38509	0.05662	0.55829
291 A	0.38730	0.05439	0.55831
292 T	0.38992	0.05265	0.55744
293 T	0.38975	0.05382	0.55644
294 A	0.38888	0.05582	0.5553
295 A	0.38882	0.05724	0.55394
296 A	0.38905	0.05749	0.55347
297 T	0.38957	0.05710	0.55333
298 A	0.39030	0.05652	0.55318
299 A	0.39102	0.05547	0.55351
300 A	0.39238	0.05312	0.5545
301 T	0.39518	0.04823	0.55659
302 T	0.39622	0.04617	0.5576
303 T	0.39733	0.04380	0.55887
304 T	0.39802	0.04208	0.55989
305 A	0.39825	0.04088	0.56087
306 T	0.39884	0.03801	0.56315
307 T	0.39922	0.03583	0.56496
308 A	0.39954	0.03356	0.5669
309 T	0.40046	0.02613	0.57342
310 T	0.40101	0.02195	0.57704
311 A	0.40121	0.02101	0.57778
312 T	0.40199	0.01716	0.58085
313 G	0.40277	0.01463	0.58259
314 G	0.40398	0.01140	0.58461
315 T	0.40610	0.00798	0.58593
316 C	0.40747	0.00614	0.58638
317 C	0.40875	0.00440	0.58686
318 T	0.41035	0.00280	0.58685
319 T	0.41101	0.00220	0.58679
320 T	0.41130	0.00213	0.58657
321 T	0.41148	0.00207	0.58645
322 T	0.41141	0.00235	0.58624
323 T	0.41077	0.00361	0.58562
324 T	0.40960	0.00547	0.58493
325 C	0.40690	0.00904	0.58406
326 G	0.40491	0.01529	0.57979
327 T	0.40401	0.02063	0.57535
328 T	0.40260	0.03385	0.56355
329 A	0.40037	0.04529	0.55433
330 T	0.39957	0.04676	0.55367
331 G	0.39786	0.04941	0.55273
332 A	0.39585	0.05206	0.55209
333 A	0.39549	0.05245	0.55206
334 C	0.39547	0.05239	0.55213
335 G	0.39542	0.05247	0.55212
336 T	0.39543	0.05245	0.55212
337 C	0.39535	0.05254	0.55211
338 C	0.39515	0.05283	0.55201
339 T	0.39497	0.05316	0.55187
340 C	0.39465	0.05363	0.55172
341 A	0.39376	0.05482	0.55142
342 A	0.39335	0.05537	0.55128
343 A	0.39315	0.05566	0.55119
344 A	0.39300	0.05576	0.55125
345 A	0.39327	0.05521	0.55151
346 G	0.39429	0.05283	0.55288
347 G	0.39550	0.04975	0.55475
348 A	0.39747	0.04489	0.55765
349 C	0.40242	0.03723	0.56035
350 G	0.40651	0.03242	0.56107
351 T	0.41728	0.02091	0.56181
352 T	0.42405	0.01349	0.56246
353 A	0.42404	0.01339	0.56257
354 T	0.42449	0.01181	0.5637
355 C	0.42411	0.01014	0.56575
356 G	0.42355	0.01047	0.56598
357 T	0.42304	0.01115	0.56582
358 C	0.41924	0.01561	0.56515
359 A	0.41515	0.02150	0.56335
360 A	0.41270	0.02456	0.56275
361 T	0.41042	0.02693	0.56265
362 T	0.40660	0.03074	0.56266
363 T	0.39777	0.03939	0.56283
364 C	0.38609	0.05013	0.56378
365 A	0.38143	0.05455	0.56402
366 T	0.37816	0.05763	0.56422
367 C	0.37228	0.06352	0.56421
368 A	0.36821	0.06806	0.56373
369 A	0.36425	0.07267	0.56309
370 A	0.36221	0.07480	0.563
371 T	0.36143	0.07542	0.56315
372 A	0.35990	0.07685	0.56325
373 G	0.35946	0.07658	0.56396
374 G	0.35927	0.07634	0.56438
375 C	0.35934	0.07556	0.5651
376 G	0.35935	0.07643	0.56422
377 T	0.35955	0.07673	0.56371
378 T	0.35946	0.07749	0.56304
379 G	0.35914	0.07842	0.56244
380 A	0.35913	0.07868	0.56219
381 A	0.35958	0.07426	0.56616
382 A	0.36105	0.06742	0.57153
383 T	0.36182	0.06275	0.57543
384 T	0.36219	0.05838	0.57943
385 A	0.36231	0.05330	0.58439
386 T	0.36241	0.04304	0.59455
387 T	0.36235	0.03169	0.60596
388 G	0.36222	0.02830	0.60947
389 G	0.36223	0.02671	0.61106
390 T	0.36215	0.02593	0.61192
391 A	0.36181	0.02607	0.61212
392 T	0.36161	0.02538	0.61302
393 T	0.36021	0.03035	0.60944
394 A	0.35595	0.04457	0.59948
395 A	0.35325	0.06231	0.58444
396 A	0.35273	0.08093	0.56634
397 A	0.35274	0.08573	0.56153
398 A	0.35327	0.08889	0.55783
399 T	0.35548	0.08835	0.55616
400 T	0.35636	0.08908	0.55456
401 T	0.35649	0.09065	0.55286
402 T	0.35615	0.09188	0.55197
403 T	0.35540	0.09263	0.55197
404 T	0.35400	0.09408	0.55192
405 A	0.35126	0.09686	0.55188
406 T	0.34947	0.09862	0.55191
407 C	0.34653	0.10151	0.55196
408 A	0.34205	0.10622	0.55172
409 G	0.34027	0.10815	0.55158
410 A	0.33907	0.10976	0.55116
411 A	0.33767	0.11162	0.5507
412 G	0.33751	0.11199	0.55049
413 T	0.34025	0.10885	0.5509
414 A	0.34153	0.10672	0.55174
415 G	0.34387	0.10339	0.55275
416 A	0.34876	0.09712	0.55412
417 A	0.35942	0.08283	0.55775
418 C	0.37553	0.06415	0.56032
419 T	0.39544	0.04388	0.56068
420 A	0.40018	0.03910	0.56072
421 T	0.40470	0.03448	0.56082
422 T	0.40666	0.03245	0.56089
423 T	0.40766	0.03136	0.56098
424 T	0.40823	0.02997	0.5618
425 T	0.40823	0.02891	0.56287
426 T	0.40713	0.03002	0.56285
427 T	0.40551	0.03092	0.56358
428 T	0.40298	0.03226	0.56476
429 G	0.39860	0.03626	0.56514
430 A	0.39626	0.03787	0.56587
431 T	0.39540	0.03620	0.5684
432 A	0.39333	0.03837	0.56831
433 A	0.39167	0.03961	0.56872
434 A	0.39166	0.03808	0.57027
435 T	0.39181	0.03632	0.57187
436 G	0.39170	0.03530	0.573
437 A	0.39163	0.03426	0.57411
438 T	0.39175	0.03342	0.57483
439 C	0.39176	0.03280	0.57544
440 T	0.39175	0.03287	0.57538
441 T	0.39152	0.03334	0.57514
442 T	0.39072	0.03473	0.57454
443 T	0.38952	0.03687	0.5736
444 G	0.38718	0.04127	0.57154
445 G	0.38650	0.04542	0.56808
446 A	0.38627	0.04730	0.56644
447 T	0.38675	0.04775	0.56549
448 A	0.38683	0.04963	0.56354
449 T	0.38856	0.04804	0.5634
450 G	0.38308	0.05725	0.55967
451 T	0.37989	0.06443	0.55569
452 T	0.37505	0.07190	0.55305
453 A	0.36452	0.08918	0.5463
454 A	0.36188	0.09518	0.54294
455 A	0.36024	0.09703	0.54273
456 T	0.35683	0.10053	0.54264
457 T	0.34973	0.10864	0.54163
458 T	0.33933	0.12013	0.54055
459 A	0.31350	0.14810	0.53841
460 A	0.29193	0.17199	0.53608
461 A	0.26742	0.19722	0.53536
462 A	0.25060	0.21443	0.53497
463 G	0.24345	0.22130	0.53525
464 A	0.24114	0.22325	0.53561
465 G	0.24037	0.22302	0.53662
466 G	0.24046	0.22183	0.53771
467 C	0.24226	0.21837	0.53937
468 T	0.24591	0.21478	0.53931
469 A	0.24725	0.21431	0.53845
470 A	0.24914	0.21387	0.53699
471 A	0.25257	0.21146	0.53597
472 A	0.25637	0.20835	0.53528
473 T	0.26473	0.19268	0.54259
474 T	0.27191	0.18042	0.54767
475 A	0.27590	0.17078	0.55332
476 T	0.28208	0.15317	0.56475
477 T	0.28497	0.14585	0.56918
478 A	0.28596	0.14106	0.57298
479 T	0.28833	0.12978	0.58189
480 T	0.28955	0.11959	0.59087
481 A	0.28983	0.11009	0.60008
482 A	0.29111	0.08977	0.61912
483 T	0.29320	0.06811	0.63869
484 A	0.29370	0.04629	0.66
485 G	0.29432	0.03134	0.67434
486 T	0.29472	0.02745	0.67783
487 T	0.29467	0.03442	0.67091
488 T	0.29032	0.05490	0.65478
489 A	0.28663	0.07783	0.63554
490 G	0.28470	0.10262	0.61268
491 G	0.28388	0.11958	0.59654
492 A	0.28433	0.13276	0.58291
493 G	0.28586	0.13905	0.57509
494 A	0.28717	0.14422	0.56861
495 T	0.28866	0.14502	0.56632
496 T	0.28860	0.14817	0.56322
497 T	0.28702	0.15584	0.55714
498 A	0.28317	0.17548	0.54135
499 G	0.27872	0.18372	0.53757
500 A	0.27779	0.18651	0.53571
501 A	0.27757	0.18674	0.53569
502 T	0.27725	0.18702	0.53573
503 C	0.27554	0.18848	0.53597
504 T	0.27280	0.19155	0.53564
505 C	0.26833	0.19652	0.53515
506 G	0.26488	0.20121	0.53391
507 A	0.26378	0.20262	0.5336
508 A	0.26497	0.20151	0.53351
509 A	0.26897	0.19729	0.53373
510 A	0.28005	0.18576	0.53419
511 C	0.30116	0.15930	0.53954
512 G	0.32534	0.13208	0.54258
513 T	0.35622	0.09966	0.54412
514 T	0.37057	0.08482	0.54461
515 T	0.37834	0.07691	0.54475
516 T	0.38164	0.07365	0.54471
517 T	0.38347	0.07112	0.54541
518 T	0.38364	0.07057	0.54579
519 A	0.38405	0.06968	0.54628
520 A	0.38840	0.06380	0.5478
521 A	0.40294	0.04541	0.55164
522 T	0.40802	0.03483	0.55714
523 G	0.40989	0.03141	0.5587
524 A	0.41116	0.02899	0.55984
525 T	0.41223	0.02577	0.562
526 T	0.41267	0.02314	0.56419
527 T	0.41305	0.01955	0.5674
528 T	0.41337	0.01592	0.57071
529 G	0.41355	0.01306	0.57339
530 T	0.41341	0.01209	0.5745
531 T	0.41255	0.01282	0.57463
532 C	0.40129	0.02457	0.57414
533 C	0.39471	0.03285	0.57244
534 T	0.39190	0.04147	0.56663
535 T	0.38749	0.05649	0.55602
536 A	0.37907	0.08177	0.53915
537 T	0.37477	0.09196	0.53326
538 A	0.36801	0.10350	0.5285
539 T	0.34250	0.13252	0.52497
540 T	0.29081	0.18687	0.52232
541 G	0.21162	0.27424	0.51414
542 A	0.16891	0.32601	0.50508
543 A	0.14214	0.36561	0.49225
544 A	0.11195	0.41228	0.47578
545 A	0.09951	0.42616	0.47433
546 A	0.09477	0.43128	0.47395
547 A	0.09192	0.43441	0.47367
548 A	0.09007	0.43641	0.47351
549 C	0.08904	0.43733	0.47363
550 A	0.08836	0.43843	0.4732
551 A	0.08829	0.43849	0.47322
552 A	0.08834	0.43793	0.47373
553 G	0.08876	0.43698	0.47426
554 A	0.08969	0.43525	0.47506
555 T	0.09251	0.41999	0.48751
556 C	0.09579	0.40890	0.49531
557 A	0.10203	0.40006	0.49792
558 A	0.11276	0.38561	0.50163
559 T	0.13004	0.35951	0.51045
560 T	0.13565	0.34810	0.51625
561 A	0.13903	0.33765	0.52332
562 T	0.14415	0.28356	0.57229
563 G	0.14753	0.22286	0.62962
564 T	0.15699	0.14305	0.69996
565 G	0.16420	0.10570	0.73011
566 A	0.17619	0.07693	0.74688
567 T	0.19142	0.03950	0.76908
568 T	0.19306	0.03320	0.77374
569 T	0.19297	0.04165	0.76538
570 A	0.19190	0.05363	0.75447
571 T	0.19130	0.07026	0.73844
572 G	0.18687	0.09238	0.72075
573 T	0.18411	0.13412	0.68178
574 T	0.17728	0.16574	0.65699
575 T	0.16562	0.19370	0.64068
576 A	0.13283	0.27381	0.59335
577 A	0.10862	0.32253	0.56885
578 A	0.07969	0.37030	0.55
579 A	0.05136	0.41061	0.53803
580 A	0.04560	0.42824	0.52617
581 G	0.04138	0.45025	0.50837
582 A	0.03792	0.48084	0.48124
583 A	0.03556	0.49518	0.46926
584 T	0.03437	0.49975	0.46587
585 A	0.03234	0.50233	0.46532
586 A	0.03146	0.50336	0.46518
587 A	0.03167	0.50309	0.46523
588 A	0.03316	0.50130	0.46553
589 C	0.03643	0.49766	0.46591
590 A	0.04197	0.49209	0.46595
591 A	0.05063	0.48324	0.46613
592 A	0.06642	0.46694	0.46665
593 A	0.08409	0.44801	0.46789
594 T	0.11247	0.41826	0.46926
595 G	0.13263	0.38984	0.47753
596 T	0.17789	0.33631	0.48581
597 T	0.19903	0.30363	0.49735
598 A	0.20849	0.28304	0.50846
599 T	0.23821	0.22758	0.53421
600 A	0.24942	0.20112	0.54945
601 A	0.26052	0.16722	0.57225
602 G	0.27088	0.13111	0.59802
603 A	0.28525	0.11170	0.60304
604 A	0.30641	0.08700	0.60658
605 T	0.33619	0.05359	0.61021
606 T	0.34771	0.03958	0.61271
607 T	0.35041	0.03564	0.61395
608 T	0.35083	0.03557	0.61359
609 T	0.35059	0.04043	0.60898
610 G	0.34924	0.05384	0.59692
611 A	0.34816	0.08239	0.56945
612 T	0.34577	0.10442	0.54981
613 T	0.34242	0.13221	0.52537
614 G	0.33617	0.15312	0.51072
615 T	0.33114	0.17224	0.49661
616 A	0.32288	0.19101	0.48611
617 A	0.31907	0.19706	0.48387
618 A	0.31847	0.19835	0.48318
619 G	0.31848	0.19803	0.4835
620 A	0.31899	0.19706	0.48396
621 A	0.32103	0.19281	0.48616
622 T	0.32414	0.18661	0.48925
623 G	0.32612	0.17974	0.49414
624 T	0.32820	0.17590	0.4959
625 T	0.32912	0.17406	0.49682
626 C	0.32978	0.17312	0.49709
627 T	0.33056	0.17287	0.49657
628 T	0.33112	0.17327	0.49561
629 C	0.33140	0.17381	0.49478
630 A	0.33207	0.17635	0.49159
631 A	0.33492	0.17638	0.4887
632 A	0.34135	0.17191	0.48674
633 A	0.35662	0.15724	0.48614
634 A	0.39037	0.12303	0.4866
635 T	0.42427	0.08395	0.49178
636 T	0.45046	0.05400	0.49553
637 T	0.45932	0.04166	0.49902
638 T	0.46336	0.03627	0.50037
639 T	0.46447	0.03111	0.50443
640 T	0.46167	0.03282	0.50552
641 T	0.45640	0.03863	0.50496
642 A	0.44885	0.04738	0.50377
643 C	0.44316	0.05435	0.50249
644 A	0.43918	0.05900	0.50182
645 A	0.43615	0.06236	0.50149
646 G	0.43359	0.06499	0.50142
647 A	0.43298	0.06563	0.50139
648 C	0.43292	0.06566	0.50142
649 G	0.43314	0.06537	0.50149
650 C	0.43428	0.06416	0.50156
651 T	0.43603	0.06239	0.50158
652 C	0.43724	0.06114	0.50162
653 C	0.44000	0.05836	0.50164
654 C	0.44250	0.05585	0.50165
655 G	0.44446	0.05392	0.50161
656 T	0.44702	0.05138	0.5016
657 T	0.44856	0.04986	0.50158
658 A	0.44951	0.04896	0.50153
659 T	0.45205	0.04623	0.50172
660 T	0.45525	0.04134	0.50342
661 T	0.45720	0.03720	0.5056
662 T	0.45766	0.03341	0.50893
663 T	0.45779	0.02928	0.51293
664 G	0.45711	0.02605	0.51684
665 A	0.45724	0.02437	0.5184
666 T	0.45666	0.02314	0.52021
667 T	0.45564	0.02381	0.52055
668 A	0.45332	0.02635	0.52033
669 T	0.45048	0.03017	0.51935
670 T	0.44327	0.03767	0.51905
671 T	0.42625	0.05580	0.51795
672 A	0.40695	0.07638	0.51668
673 A	0.39615	0.08797	0.51588
674 C	0.39181	0.09275	0.51544
675 T	0.38329	0.10327	0.51344
676 G	0.35965	0.12990	0.51045
677 A	0.34468	0.14985	0.50546
678 T	0.33232	0.16785	0.49983
679 G	0.31400	0.18747	0.49853
680 A	0.30038	0.20300	0.49663
681 A	0.29056	0.21451	0.49492
682 G	0.28590	0.21970	0.49439
683 C	0.28334	0.22272	0.49394
684 T	0.28167	0.22576	0.49257
685 A	0.27908	0.22963	0.49128
686 A	0.27844	0.23090	0.49066
687 A	0.27914	0.23017	0.49069
688 G	0.28145	0.22784	0.49071
689 T	0.28477	0.22223	0.49299
690 T	0.28679	0.21925	0.49396
691 A	0.28757	0.21704	0.4954
692 A	0.28952	0.21181	0.49867
693 A	0.29032	0.20264	0.50704
694 T	0.29181	0.18108	0.52711
695 T	0.29318	0.16331	0.5435
696 T	0.29384	0.15359	0.55256
697 A	0.29383	0.15087	0.5553
698 A	0.29507	0.14280	0.56214
699 A	0.29721	0.12140	0.5814
700 A	0.30147	0.10495	0.59358
701 T	0.30681	0.08874	0.60445
702 A	0.30810	0.07907	0.61283
703 A	0.31025	0.07141	0.61834
704 T	0.31294	0.06219	0.62488
705 T	0.31420	0.06047	0.62533
706 T	0.31492	0.06589	0.61919
707 T	0.31580	0.07611	0.60809
708 A	0.31535	0.10973	0.57491
709 G	0.31541	0.12625	0.55833
710 A	0.31539	0.13744	0.54717
711 T	0.31621	0.14530	0.5385
712 A	0.31593	0.16110	0.52296
713 T	0.31685	0.16668	0.51647
714 T	0.31680	0.17212	0.51108
715 T	0.31551	0.17902	0.50547
716 T	0.31340	0.18603	0.50057
717 A	0.31006	0.19530	0.49464
718 A	0.30751	0.20484	0.48764
719 A	0.30542	0.21297	0.48161
720 A	0.30312	0.21983	0.47704
721 G	0.30426	0.21915	0.47659
722 A	0.30718	0.21666	0.47616
723 A	0.31026	0.21347	0.47627
724 G	0.31363	0.21001	0.47636
725 C	0.32088	0.20262	0.4765
726 T	0.33074	0.19291	0.47635
727 C	0.33549	0.18835	0.47616
728 A	0.34199	0.18226	0.47575
729 A	0.35317	0.17128	0.47555
730 A	0.36735	0.15720	0.47545
731 T	0.40271	0.12094	0.47635
732 T	0.41988	0.10340	0.47672
733 A	0.42939	0.09301	0.47759
734 A	0.43864	0.08317	0.47819
735 T	0.45646	0.06384	0.47971
736 T	0.46215	0.05697	0.48088
737 T	0.46467	0.05289	0.48244
738 T	0.46596	0.05031	0.48373
739 G	0.46510	0.04951	0.48539
740 A	0.46670	0.04600	0.4873
741 A	0.47058	0.04013	0.4893
742 A	0.47521	0.03386	0.49093
743 C	0.48002	0.02609	0.49388
744 T	0.48162	0.02456	0.49383
745 G	0.48232	0.02439	0.49329
746 A	0.48286	0.02468	0.49246
747 T	0.48363	0.02392	0.49245
748 T	0.48383	0.02388	0.49229
749 T	0.48392	0.02373	0.49236
750 T	0.48389	0.02366	0.49245
751 C	0.48363	0.02409	0.49228
752 G	0.48348	0.02501	0.49151
753 A	0.48349	0.02541	0.49109
754 T	0.48356	0.02583	0.4906
755 T	0.48354	0.02614	0.49031
756 A	0.48338	0.02689	0.48973
757 G	0.48349	0.02694	0.48956
758 T	0.48371	0.02653	0.48977
759 T	0.48376	0.02597	0.49027
760 A	0.48371	0.02533	0.49096
761 G	0.48390	0.02358	0.49253
762 A	0.48388	0.02237	0.49375
763 G	0.48416	0.02075	0.49508
764 G	0.48465	0.01859	0.49676
765 T	0.48573	0.01670	0.49756
766 T	0.48628	0.01691	0.49681
767 T	0.48668	0.01736	0.49596
768 A	0.48696	0.01802	0.49502
769 G	0.48749	0.01781	0.4947
770 A	0.48768	0.01808	0.49425
771 T	0.48818	0.01796	0.49385
772 T	0.48856	0.01892	0.49252
773 A	0.48880	0.02294	0.48826
774 T	0.48934	0.02925	0.48141
775 T	0.48969	0.03027	0.48004
776 A	0.48965	0.03155	0.47881
777 T	0.49002	0.03162	0.47836
778 A	0.49017	0.03195	0.47788
779 C	0.49069	0.03138	0.47792
780 T	0.49143	0.03094	0.47763
781 G	0.49185	0.03079	0.47736
782 A	0.49269	0.03016	0.47716
783 T	0.49435	0.02851	0.47714
784 A	0.49483	0.02806	0.47711
785 T	0.49602	0.02669	0.47729
786 T	0.49664	0.02600	0.47736
787 G	0.49703	0.02558	0.47738
788 T	0.49806	0.02452	0.47743
789 T	0.49916	0.02336	0.47748
790 T	0.50003	0.02241	0.47756
791 T	0.50088	0.02152	0.4776
792 C	0.50127	0.02114	0.47759
793 G	0.50168	0.02083	0.47749
794 A	0.50227	0.02031	0.47741
795 A	0.50365	0.01897	0.47738
796 A	0.50807	0.01453	0.4774
797 T	0.51582	0.00675	0.47743
798 T	0.51796	0.00434	0.47771
799 T	0.51934	0.00261	0.47805
800 C	0.51979	0.00200	0.47821
801 T	0.52026	0.00155	0.47819
802 T	0.52041	0.00168	0.47791
803 T	0.52049	0.00251	0.477
804 T	0.52043	0.00433	0.47523
805 T	0.51998	0.00537	0.47465
806 T	0.51683	0.00889	0.47428
807 T	0.50961	0.01640	0.474
808 T	0.48777	0.03873	0.47349
809 C	0.46530	0.06126	0.47345
810 T	0.43471	0.09198	0.47331
811 G	0.38587	0.14099	0.47314
812 A	0.36325	0.16374	0.47302
813 C	0.35046	0.17658	0.47297
814 G	0.34457	0.18257	0.47286
815 T	0.34093	0.18629	0.47277
816 T	0.33598	0.19126	0.47276
817 A	0.32764	0.19965	0.47272
818 A	0.32386	0.20345	0.47269
819 T	0.32288	0.20442	0.4727
820 C	0.32099	0.20632	0.47269
821 A	0.31961	0.20772	0.47266
822 A	0.31844	0.20891	0.47265
823 C	0.31780	0.20956	0.47264
824 A	0.31758	0.20984	0.47258
825 A	0.31776	0.20970	0.47254
826 A	0.31869	0.20865	0.47266
827 A	0.32049	0.20640	0.4731
828 T	0.32135	0.20434	0.47431
829 T	0.32168	0.19615	0.48217
830 A	0.32175	0.18557	0.49267
831 T	0.32207	0.15748	0.52044
832 A	0.32207	0.13834	0.53959
833 T	0.32217	0.10726	0.57056
834 T	0.32224	0.06613	0.61163
835 T	0.32204	0.04540	0.63255
836 T	0.32179	0.03430	0.64391
837 A	0.32132	0.03248	0.64619
838 G	0.31995	0.03208	0.64798
839 G	0.31887	0.03099	0.65014
840 T	0.31857	0.02796	0.65347
841 G	0.31795	0.02868	0.65337
842 G	0.31773	0.03165	0.65062
843 T	0.31764	0.03774	0.64462
844 G	0.31749	0.04079	0.64172
845 G	0.31724	0.04750	0.63526
846 T	0.31704	0.05845	0.62452
847 G	0.31658	0.08371	0.59972
848 G	0.31625	0.12156	0.56219
849 A	0.31614	0.15686	0.527
850 A	0.31595	0.19152	0.49253
851 A	0.31588	0.19674	0.48738
852 T	0.31599	0.19872	0.48529
853 T	0.31586	0.20082	0.48332
854 A	0.31571	0.20235	0.48194
855 C	0.31566	0.20285	0.48148
856 A	0.31557	0.20444	0.47999
857 A	0.31610	0.20494	0.47896
858 T	0.31761	0.20330	0.47909
859 G	0.31882	0.20251	0.47867
860 A	0.32107	0.20040	0.47854
861 A	0.32438	0.19593	0.47969
862 C	0.32798	0.19135	0.48066
863 T	0.33365	0.18591	0.48044
864 T	0.33786	0.18196	0.48018
865 G	0.34097	0.18054	0.47849
866 T	0.34762	0.17777	0.47461
867 A	0.35037	0.18188	0.46775
868 A	0.35770	0.17770	0.46461
869 A	0.36827	0.16829	0.46344
870 A	0.39349	0.14384	0.46267
871 G	0.42576	0.11230	0.46194
872 A	0.45720	0.08151	0.46129
873 A	0.48945	0.05038	0.46017
874 T	0.49740	0.04403	0.45858
875 T	0.49935	0.04215	0.4585
876 T	0.49823	0.04334	0.45843
877 A	0.49383	0.04785	0.45832
878 G	0.49259	0.04898	0.45843
879 C	0.49282	0.04853	0.45865
880 G	0.49354	0.04808	0.45838
881 G	0.49411	0.04766	0.45823
882 T	0.49554	0.04620	0.45826
883 C	0.49564	0.04611	0.45826
884 A	0.49568	0.04611	0.45821
885 T	0.49646	0.04531	0.45823
886 C	0.49711	0.04465	0.45824
887 G	0.49778	0.04405	0.45817
888 A	0.49963	0.04236	0.458
889 A	0.50364	0.03818	0.45818
890 T	0.51081	0.03041	0.45878
891 T	0.51399	0.02704	0.45897
892 A	0.51461	0.02550	0.45988
893 A	0.51540	0.02385	0.46075
894 T	0.51638	0.02224	0.46139
895 A	0.51678	0.02132	0.4619
896 G	0.51798	0.01877	0.46324
897 T	0.51987	0.01527	0.46486
898 A	0.51895	0.01470	0.46635
899 T	0.51848	0.01244	0.46908
900 C	0.51822	0.00966	0.47212
901 G	0.51806	0.01047	0.47147
902 G	0.51802	0.01100	0.47097
903 T	0.51835	0.01147	0.47019
904 T	0.51843	0.01149	0.47008
905 T	0.51824	0.01165	0.47011
906 T	0.51758	0.01179	0.47064
907 G	0.51642	0.01258	0.471
908 C	0.51580	0.01303	0.47117
909 C	0.51487	0.01405	0.47108
910 A	0.51377	0.01551	0.47072
911 T	0.51333	0.01594	0.47073
912 C	0.51211	0.01719	0.47069
913 G	0.51089	0.01854	0.47057
914 G	0.51024	0.01928	0.47048
915 C	0.51002	0.01916	0.47081
916 A	0.50987	0.01945	0.47069
917 T	0.51000	0.01940	0.4706
918 G	0.50969	0.01954	0.47077
919 G	0.50919	0.02000	0.47081
920 A	0.50887	0.02043	0.47069
921 A	0.50893	0.01936	0.47171
922 C	0.50913	0.01858	0.47228
923 G	0.50954	0.02079	0.46967
924 T	0.51080	0.02532	0.46388
925 T	0.51085	0.03442	0.45473
926 T	0.51029	0.04189	0.44781
927 G	0.50814	0.04977	0.4421
928 A	0.50708	0.05588	0.43703
929 T	0.50655	0.05887	0.43458
930 G	0.50528	0.06128	0.43344
931 A	0.50487	0.06258	0.43255
932 A	0.50486	0.06243	0.43271
933 T	0.50518	0.06122	0.4336
934 G	0.50512	0.06078	0.43411
935 T	0.50520	0.05990	0.4349
936 T	0.50527	0.05910	0.43564
937 T	0.50528	0.05896	0.43576
938 T	0.50515	0.05972	0.43514
939 A	0.50485	0.06168	0.43347
940 G	0.50465	0.06397	0.43138
941 A	0.50380	0.06581	0.43039
942 A	0.50334	0.06645	0.43021
943 G	0.50312	0.06678	0.4301
944 A	0.50351	0.06666	0.42983
945 G	0.50463	0.06550	0.42987
946 A	0.50915	0.06109	0.42976
947 A	0.51812	0.05198	0.42989
948 T	0.53173	0.03783	0.43045
949 T	0.53864	0.03094	0.43042
950 T	0.54204	0.02731	0.43066
951 G	0.54309	0.02820	0.42871
952 T	0.54473	0.03184	0.42344
953 T	0.54470	0.03865	0.41665
954 T	0.54294	0.04139	0.41567
955 T	0.53844	0.04803	0.41354
956 T	0.52144	0.06671	0.41185
957 T	0.49932	0.09014	0.41053
958 C	0.45141	0.13947	0.40912
959 A	0.41527	0.18269	0.40205
960 A	0.39782	0.20627	0.39591
961 A	0.38397	0.22711	0.38892
962 A	0.38009	0.23497	0.38494
963 T	0.37972	0.23638	0.3839
964 T	0.37579	0.24053	0.38368
965 A	0.36417	0.25258	0.38325
966 T	0.35864	0.25825	0.38311
967 C	0.34662	0.27118	0.38221
968 A	0.33797	0.28197	0.38006
969 A	0.33288	0.28823	0.37889
970 A	0.32927	0.29248	0.37825
971 A	0.32702	0.29524	0.37774
972 A	0.32767	0.29476	0.37757
973 G	0.32942	0.29248	0.37811
974 A	0.33226	0.28836	0.37938
975 A	0.33829	0.27996	0.38175
976 T	0.34554	0.26481	0.38965
977 G	0.34728	0.25313	0.39959
978 T	0.35074	0.23591	0.41335
979 T	0.35324	0.20944	0.43733
980 T	0.35456	0.19077	0.45468
981 A	0.35531	0.15880	0.4859
982 G	0.36064	0.12647	0.5129
983 A	0.36588	0.10492	0.52919
984 T	0.37287	0.08118	0.54594
985 G	0.37663	0.07147	0.55189
986 T	0.37897	0.06595	0.55509
987 T	0.38044	0.06154	0.55802
988 T	0.38137	0.05423	0.56439
989 A	0.38153	0.05782	0.56064
990 T	0.38261	0.06037	0.55702
991 T	0.38385	0.06800	0.54815
992 T	0.38438	0.07762	0.538
993 A	0.38399	0.10406	0.51195
994 T	0.38393	0.10411	0.51197
995 T	0.38340	0.10646	0.51014
996 T	0.38254	0.10934	0.50813
997 T	0.38181	0.11120	0.50699
998 C	0.38017	0.11434	0.50549
999 T	0.37894	0.12187	0.49919
1000 T	0.37565	0.14594	0.47842
1001 T	0.37145	0.17186	0.45669
1002 A	0.36343	0.22544	0.41112
1003 G	0.36046	0.26420	0.37534
1004 A	0.35866	0.28915	0.35218
1005 T	0.35801	0.29835	0.34365
1006 G	0.35697	0.30871	0.33432
1007 A	0.35682	0.31910	0.32408
1008 A	0.35702	0.32354	0.31944
1009 G	0.35857	0.32464	0.31679
1010 A	0.36195	0.32314	0.3149
1011 A	0.37062	0.31522	0.31416
1012 A	0.38212	0.30384	0.31404
1013 T	0.40071	0.28515	0.31414
1014 T	0.41497	0.27077	0.31426
1015 A	0.42697	0.25853	0.3145
1016 T	0.45246	0.23228	0.31526
1017 T	0.45608	0.22814	0.31578
1018 T	0.45862	0.22519	0.31619
1019 T	0.46036	0.22379	0.31585
1020 A	0.46011	0.22540	0.3145
1021 G	0.46128	0.22256	0.31616
1022 A	0.46753	0.21468	0.31779
1023 T	0.49199	0.18643	0.32159
1024 A	0.51487	0.15913	0.326
1025 C	0.56630	0.10094	0.33276
1026 T	0.60934	0.05675	0.3339
1027 T	0.62871	0.03760	0.33368
1028 T	0.63219	0.03642	0.3314
1029 A	0.63480	0.03901	0.3262
1030 T	0.64001	0.03824	0.32175
1031 T	0.63929	0.04449	0.31622
1032 T	0.63303	0.05874	0.30823
1033 T	0.61644	0.07931	0.30425
1034 T	0.58844	0.11014	0.30142
1035 G	0.49604	0.20676	0.29721
1036 T	0.40299	0.30471	0.29231
1037 C	0.29529	0.41576	0.28896
1038 G	0.20182	0.52005	0.27814
1039 A	0.17167	0.55300	0.27533
1040 G	0.15431	0.57060	0.27509
1041 A	0.13923	0.58601	0.27476
1042 A	0.12967	0.59582	0.27452
1043 C	0.12219	0.60246	0.27536
1044 C	0.11521	0.61106	0.27373
1045 A	0.10865	0.62151	0.26984
1046 T	0.10472	0.62894	0.26634
1047 A	0.09869	0.64129	0.26002
1048 A	0.09282	0.65535	0.25182
1049 A	0.08628	0.66870	0.24503
1050 A	0.08043	0.68436	0.23521
1051 A	0.07767	0.69015	0.23218
1052 A	0.08026	0.69003	0.22972
1053 A	0.07952	0.69192	0.22856
1054 A	0.07990	0.69145	0.22865
1055 A	0.08448	0.67388	0.24165
1056 T	0.09019	0.64301	0.2668
1057 A	0.08811	0.61425	0.29765
1058 A	0.08983	0.51864	0.39153
1059 T	0.09311	0.41962	0.48727
1060 A	0.09047	0.35289	0.55664
1061 T	0.09180	0.32050	0.5877
1062 A	0.08490	0.40633	0.50876
1063 A	0.08134	0.44337	0.47529
1064 A	0.07215	0.48819	0.43967
1065 A	0.06622	0.50278	0.431
1066 G	0.06438	0.49959	0.43604
1067 T	0.06448	0.50024	0.43528
1068 G	0.06358	0.50789	0.42853
1069 G	0.06438	0.52122	0.4144
1070 A	0.06837	0.52856	0.40308
1071 A	0.07533	0.52021	0.40446
1072 A	0.08151	0.50960	0.40889
1073 T	0.09329	0.49099	0.41572
1074 G	0.09734	0.48385	0.4188
1075 A	0.10269	0.47824	0.41908
1076 A	0.11104	0.46562	0.42334
1077 T	0.12193	0.44771	0.43036
1078 T	0.12511	0.44209	0.4328
1079 A	0.12314	0.44420	0.43266
1080 T	0.12667	0.43499	0.43834
1081 C	0.12702	0.43066	0.44232
1082 A	0.12845	0.43582	0.43574
1083 A	0.14576	0.41799	0.43624
1084 G	0.19930	0.36263	0.43807
1085 T	0.30464	0.25317	0.4422
1086 G	0.34704	0.21042	0.44253
1087 T	0.39569	0.15478	0.44953
1088 T	0.41488	0.13579	0.44933
1089 T	0.42110	0.14341	0.43549
1090 A	0.42371	0.17644	0.39986
1091 A	0.42537	0.20742	0.36721
1092 T	0.43187	0.23671	0.33142
1093 T	0.42763	0.26418	0.30819
1094 T	0.40654	0.32764	0.26583
1095 T	0.35606	0.41136	0.23257
1096 A	0.25688	0.53897	0.20415
1097 A	0.17653	0.63789	0.18557
1098 A	0.15337	0.66331	0.18332
1099 A	0.13805	0.68066	0.18129
1100 A	0.13387	0.68538	0.18074
1101 A	0.13474	0.68378	0.18147
1102 C	0.13708	0.67704	0.18588
1103 A	0.13725	0.67732	0.18542
1104 A	0.13863	0.67483	0.18654
1105 T	0.14566	0.66636	0.18798
1106 T	0.14719	0.66555	0.18725
1107 A	0.14595	0.66988	0.18417
1108 C	0.14721	0.66841	0.18438
1109 G	0.14878	0.67015	0.18107
1110 A	0.15202	0.67421	0.17376
1111 A	0.15790	0.67855	0.16355
1112 A	0.17208	0.67632	0.1516
1113 A	0.20739	0.64587	0.14673
1114 A	0.25276	0.58654	0.1607
1115 T	0.30588	0.50256	0.19156
1116 A	0.31957	0.45193	0.2285
1117 T	0.34955	0.37413	0.27632
1118 T	0.35588	0.32401	0.32012
1119 A	0.33875	0.30652	0.35474
1120 G	0.33181	0.28571	0.38248
1121 A	0.32267	0.29984	0.37749
1122 T	0.32061	0.30143	0.37795
1123 T	0.31157	0.32445	0.36398
1124 T	0.29948	0.33781	0.36271
1125 A	0.27335	0.36376	0.3629
1126 A	0.26012	0.37541	0.36447
1127 A	0.25376	0.37945	0.36679
1128 C	0.25266	0.37715	0.37019
1129 C	0.25510	0.37361	0.37128
1130 C	0.26132	0.36705	0.37162
1131 T	0.26604	0.36406	0.3699
1132 A	0.26864	0.36368	0.36768
1133 A	0.27413	0.36001	0.36586
1134 A	0.28375	0.35135	0.3649
1135 T	0.29969	0.33159	0.36871
1136 T	0.30786	0.31329	0.37885
1137 T	0.31541	0.30113	0.38346
1138 A	0.32007	0.29249	0.38744
1139 T	0.33035	0.26852	0.40112
1140 T	0.33448	0.25487	0.41065
1141 A	0.34281	0.23774	0.41945
1142 T	0.36934	0.18799	0.44268
1143 T	0.39209	0.15077	0.45714
1144 T	0.40264	0.13004	0.46732
1145 T	0.40543	0.12737	0.46721
1146 T	0.40603	0.13671	0.45726
1147 A	0.36257	0.20458	0.43285
1148 T	0.33665	0.22737	0.43598
1149 A	0.26901	0.31354	0.41745
1150 G	0.20435	0.41615	0.37949
1151 G	0.17290	0.48538	0.34171
1152 A	0.13938	0.57428	0.28635
1153 A	0.10477	0.67673	0.21849
1154 A	0.06669	0.77092	0.16239
1155 A	0.05019	0.81156	0.13825
1156 A	0.04436	0.83476	0.12088
1157 A	0.04132	0.84584	0.11285
1158 A	0.03841	0.85443	0.10717
1159 G	0.03796	0.85915	0.10289
1160 A	0.03865	0.85863	0.10271
1161 A	0.03994	0.85716	0.1029
1162 A	0.04195	0.85473	0.10333
1163 T	0.04522	0.84958	0.1052
1164 C	0.04608	0.84660	0.10732
1165 A	0.04488	0.84936	0.10576
1166 A	0.04594	0.85022	0.10384
1167 A	0.04811	0.85159	0.1003
1168 A	0.05443	0.84917	0.09641
1169 A	0.07260	0.82871	0.0987
1170 T	0.10663	0.74911	0.14425
1171 A	0.11734	0.71316	0.1695
1172 A	0.14487	0.62514	0.22999
1173 T	0.19854	0.51730	0.28415
1174 A	0.23150	0.46623	0.30227
1175 A	0.27715	0.39353	0.32931
1176 A	0.34042	0.29903	0.36055
1177 T	0.39921	0.20082	0.39998
1178 T	0.42152	0.16179	0.41669
1179 T	0.43448	0.14644	0.41908
1180 A	0.43481	0.15039	0.41479
1181 A	0.43632	0.15507	0.40861
1182 T	0.43828	0.15746	0.40426
1183 A	0.43209	0.17145	0.39645
1184 T	0.41025	0.20964	0.38011
1185 T	0.35987	0.28313	0.357
1186 A	0.32823	0.35772	0.31405
1187 A	0.30642	0.42336	0.27021
1188 A	0.28998	0.45310	0.25692
1189 A	0.28400	0.47966	0.23634
1190 A	0.28747	0.48903	0.2235
1191 T	0.29470	0.49968	0.20562
1192 G	0.29613	0.50642	0.19746
1193 T	0.30354	0.50234	0.19412
1194 T	0.30575	0.50583	0.18843
1195 T	0.30167	0.51451	0.18382
1196 T	0.29109	0.53248	0.17643
1197 T	0.27982	0.54417	0.17601
1198 A	0.26036	0.56651	0.17313
1199 A	0.25118	0.57548	0.17333
1200 T	0.24401	0.58196	0.17403
1201 C	0.22180	0.60591	0.1723
1202 A	0.19764	0.64128	0.16109
1203 A	0.17525	0.67334	0.15141
1204 A	0.16378	0.68560	0.15062
1205 A	0.15303	0.69586	0.15111
1206 A	0.15458	0.68867	0.15675
1207 A	0.16822	0.63849	0.1933
1208 C	0.18494	0.56062	0.25443
1209 A	0.20426	0.53357	0.26218
1210 G	0.23949	0.49912	0.2614
1211 A	0.25473	0.51415	0.23112
1212 A	0.27987	0.52976	0.19037
1213 A	0.29877	0.52273	0.1785
1214 T	0.32757	0.49190	0.18053
1215 T	0.33464	0.48736	0.178
1216 A	0.30299	0.54016	0.15685
1217 T	0.29579	0.55499	0.14922
1218 A	0.27303	0.58145	0.14552
1219 G	0.25794	0.59020	0.15187
1220 A	0.24384	0.59799	0.15816
1221 T	0.23856	0.58845	0.17299
1222 A	0.22749	0.59451	0.17801
1223 A	0.22046	0.59413	0.1854
1224 A	0.21432	0.58347	0.20221
1225 A	0.21193	0.56484	0.22323
1226 A	0.20981	0.54588	0.24431
1227 A	0.20698	0.53459	0.25843
1228 G	0.20644	0.52737	0.26619
1229 A	0.20561	0.52205	0.27234
1230 A	0.20857	0.51724	0.27419
1231 A	0.21810	0.50201	0.27988
1232 T	0.24276	0.46560	0.29164
1233 C	0.25697	0.44882	0.29421
1234 A	0.28974	0.42657	0.28369
1235 T	0.33564	0.39331	0.27105
1236 T	0.34877	0.38804	0.26318
1237 A	0.35166	0.39633	0.252
1238 A	0.36150	0.38950	0.249
1239 T	0.38957	0.32160	0.28883
1240 T	0.40122	0.29563	0.30315
1241 T	0.40821	0.27552	0.31628
1242 T	0.41116	0.26848	0.32036
1243 T	0.40737	0.28505	0.30759
1244 T	0.40504	0.28724	0.30772
1245 A	0.40052	0.28967	0.30981
1246 A	0.39770	0.28924	0.31306
1247 A	0.39932	0.27995	0.32073
1248 A	0.40260	0.26654	0.33087
1249 G	0.40821	0.24962	0.34217
1250 A	0.41587	0.23543	0.34869
1251 A	0.42859	0.21769	0.35372
1252 G	0.43664	0.20398	0.35938
1253 G	0.44575	0.19176	0.36248
1254 A	0.45620	0.17965	0.36416
1255 T	0.47219	0.16178	0.36603
1256 T	0.48292	0.14916	0.36791
1257 A	0.49328	0.13744	0.36927
1258 T	0.50617	0.12291	0.37091
1259 G	0.51265	0.11440	0.37295
1260 T	0.52349	0.10085	0.37565
1261 T	0.53041	0.09206	0.37753
1262 C	0.53521	0.08552	0.37927
1263 A	0.54238	0.07694	0.38068
1264 T	0.56032	0.05539	0.38429
1265 A	0.57233	0.03833	0.38934
1266 A	0.60071	0.00000	0.39929
