# lcl|CP097583.1_cds_USQ93534.1_1
# AA	inside	membr	outside
1 T	0.71996	0.00000	0.28004
2 T	0.71432	0.00563	0.28004
3 G	0.71158	0.00837	0.28004
4 A	0.71158	0.09760	0.19081
5 A	0.68539	0.17484	0.13976
6 T	0.68539	0.17931	0.13529
7 C	0.56684	0.29963	0.13353
8 T	0.56683	0.29974	0.13342
9 A	0.54127	0.32706	0.13166
10 A	0.54124	0.38227	0.07649
11 A	0.53734	0.38912	0.07353
12 A	0.48092	0.44721	0.07187
13 A	0.42131	0.51802	0.06067
14 A	0.42130	0.51803	0.06066
15 A	0.42130	0.53044	0.04826
16 A	0.42072	0.53102	0.04826
17 T	0.42029	0.53148	0.04823
18 T	0.42026	0.53159	0.04815
19 C	0.41876	0.53313	0.04811
20 A	0.41329	0.54008	0.04663
21 T	0.40997	0.54338	0.04665
22 A	0.41016	0.54327	0.04657
23 A	0.41193	0.54137	0.0467
24 A	0.42011	0.53305	0.04685
25 T	0.43296	0.50514	0.0619
26 A	0.43731	0.49414	0.06856
27 T	0.51680	0.39181	0.09139
28 T	0.56117	0.32178	0.11706
29 T	0.56906	0.30348	0.12746
30 T	0.57851	0.21840	0.20309
31 T	0.58066	0.21527	0.20408
32 T	0.58201	0.20122	0.21678
33 A	0.60145	0.18863	0.20992
34 A	0.60283	0.18982	0.20735
35 A	0.60551	0.14211	0.25238
36 A	0.61759	0.07988	0.30253
37 T	0.61994	0.07465	0.3054
38 T	0.63189	0.06064	0.30747
39 T	0.63227	0.06121	0.30652
40 T	0.63273	0.06017	0.3071
41 T	0.63280	0.06064	0.30656
42 T	0.63273	0.06074	0.30654
43 G	0.63279	0.05852	0.30868
44 T	0.63270	0.06264	0.30467
45 T	0.63249	0.06485	0.30266
46 A	0.63187	0.06750	0.30063
47 T	0.63161	0.06831	0.30007
48 T	0.63090	0.06992	0.29918
49 A	0.63041	0.07854	0.29106
50 T	0.63081	0.08181	0.28737
51 T	0.63188	0.08201	0.2861
52 A	0.63207	0.08426	0.28368
53 T	0.63506	0.08164	0.2833
54 A	0.63858	0.07996	0.28147
55 T	0.64470	0.07565	0.27964
56 T	0.65269	0.06583	0.28148
57 T	0.65835	0.06307	0.27858
58 T	0.65859	0.06591	0.2755
59 T	0.65930	0.06751	0.27319
60 T	0.65876	0.07003	0.27122
61 A	0.65738	0.07314	0.26949
62 T	0.65981	0.07114	0.26905
63 T	0.66032	0.07134	0.26834
64 T	0.66125	0.07176	0.26698
65 A	0.66039	0.07588	0.26373
66 T	0.66117	0.07824	0.26059
67 T	0.66219	0.08041	0.25739
68 T	0.65917	0.08863	0.25219
69 T	0.65550	0.09547	0.24904
70 A	0.64931	0.10759	0.24311
71 A	0.64774	0.11048	0.24178
72 T	0.65400	0.10519	0.24081
73 T	0.65632	0.10439	0.2393
74 A	0.65658	0.10538	0.23803
75 T	0.65900	0.10354	0.23746
76 A	0.65927	0.10415	0.23657
77 A	0.66145	0.10198	0.23657
78 T	0.66509	0.09814	0.23678
79 A	0.66704	0.09618	0.23679
80 T	0.67193	0.09013	0.23794
81 T	0.67576	0.08496	0.23928
82 T	0.67783	0.08326	0.23891
83 T	0.67702	0.08522	0.23777
84 T	0.67218	0.09328	0.23454
85 A	0.66065	0.11779	0.22155
86 A	0.65396	0.13041	0.21562
87 A	0.65331	0.13734	0.20935
88 A	0.65512	0.14105	0.20383
89 T	0.65926	0.14124	0.1995
90 A	0.65990	0.14793	0.19217
91 T	0.66320	0.14224	0.19456
92 G	0.65318	0.14982	0.197
93 T	0.64848	0.15305	0.19846
94 G	0.63629	0.16643	0.19728
95 C	0.63241	0.17268	0.19491
96 T	0.62982	0.17634	0.19385
97 G	0.62408	0.18295	0.19298
98 T	0.62176	0.18597	0.19227
99 T	0.61796	0.19037	0.19166
100 C	0.61366	0.19607	0.19027
101 G	0.61000	0.20300	0.18699
102 T	0.60925	0.20678	0.18397
103 G	0.60712	0.21149	0.18139
104 A	0.60601	0.21446	0.17953
105 A	0.60416	0.21630	0.17955
106 A	0.60434	0.21408	0.18159
107 A	0.60774	0.20521	0.18704
108 T	0.62082	0.18108	0.19811
109 C	0.62583	0.16962	0.20454
110 A	0.63321	0.16091	0.20588
111 A	0.64153	0.15102	0.20744
112 A	0.64996	0.14141	0.20863
113 A	0.66119	0.12711	0.21169
114 T	0.66608	0.11900	0.21492
115 G	0.66935	0.10157	0.22907
116 T	0.67450	0.08433	0.24117
117 T	0.67785	0.06531	0.25684
118 T	0.68090	0.05470	0.2644
119 T	0.68222	0.04624	0.27153
120 T	0.68325	0.03911	0.27764
121 C	0.68324	0.03379	0.28297
122 C	0.68403	0.03050	0.28547
123 T	0.68573	0.02871	0.28556
124 T	0.68688	0.02943	0.28369
125 T	0.68646	0.03117	0.28237
126 T	0.68217	0.03712	0.28071
127 T	0.66660	0.05716	0.27624
128 T	0.64198	0.08265	0.27536
129 T	0.60849	0.12752	0.26399
130 G	0.53296	0.22758	0.23945
131 A	0.47449	0.32355	0.20195
132 A	0.41031	0.42631	0.16337
133 A	0.36901	0.52547	0.10552
134 A	0.34731	0.57288	0.0798
135 A	0.33058	0.60961	0.0598
136 A	0.32223	0.62652	0.05124
137 T	0.31858	0.63060	0.05082
138 A	0.31302	0.63655	0.05043
139 A	0.31049	0.63908	0.05043
140 A	0.30972	0.63954	0.05075
141 C	0.30931	0.63922	0.05147
142 G	0.30889	0.63940	0.0517
143 A	0.30900	0.63928	0.05172
144 T	0.30955	0.63857	0.05188
145 A	0.30937	0.63959	0.05103
146 A	0.30844	0.64149	0.05007
147 T	0.30984	0.63387	0.0563
148 G	0.30551	0.62927	0.06523
149 A	0.30497	0.61882	0.07622
150 T	0.31043	0.58785	0.10171
151 G	0.31200	0.56556	0.12244
152 A	0.32352	0.53201	0.14447
153 A	0.34924	0.45100	0.19976
154 A	0.38705	0.36488	0.24808
155 A	0.42664	0.26819	0.30518
156 T	0.48713	0.16867	0.3442
157 A	0.50864	0.13305	0.35831
158 T	0.52697	0.10596	0.36708
159 T	0.53213	0.09601	0.37186
160 T	0.53153	0.09861	0.36986
161 T	0.52955	0.10187	0.36859
162 T	0.52254	0.11483	0.36264
163 C	0.50855	0.14393	0.34751
164 A	0.49020	0.19819	0.31161
165 A	0.47684	0.23438	0.28877
166 A	0.46168	0.26741	0.2709
167 A	0.44984	0.30808	0.24208
168 A	0.44830	0.32817	0.22353
169 G	0.44995	0.33976	0.21028
170 A	0.45226	0.34621	0.20154
171 T	0.45610	0.34242	0.20148
172 T	0.45865	0.33805	0.20331
173 G	0.46008	0.33577	0.20415
174 T	0.46383	0.33072	0.20544
175 T	0.46644	0.32760	0.20596
176 C	0.46508	0.32865	0.20627
177 A	0.46501	0.33312	0.20188
178 T	0.46838	0.33580	0.19582
179 G	0.46830	0.34789	0.1838
180 G	0.46902	0.35606	0.17492
181 A	0.47271	0.36455	0.16275
182 A	0.47819	0.36308	0.15874
183 T	0.49040	0.35314	0.15646
184 T	0.49808	0.34889	0.15303
185 A	0.50295	0.34875	0.1483
186 T	0.51849	0.32089	0.16061
187 A	0.53771	0.28619	0.1761
188 A	0.55381	0.25892	0.18727
189 A	0.56995	0.22896	0.20109
190 C	0.59923	0.18760	0.21317
191 C	0.61816	0.16674	0.2151
192 T	0.63551	0.15100	0.21349
193 G	0.64434	0.14292	0.21275
194 T	0.65013	0.13772	0.21215
195 T	0.64852	0.14083	0.21065
196 T	0.63834	0.15282	0.20883
197 C	0.62110	0.17011	0.20879
198 A	0.60177	0.19978	0.19845
199 A	0.58982	0.22469	0.18549
200 G	0.58534	0.23980	0.17487
201 A	0.58971	0.25546	0.15483
202 T	0.60208	0.25573	0.14219
203 A	0.60527	0.25173	0.143
204 T	0.61244	0.24275	0.14481
205 A	0.60860	0.25182	0.13959
206 A	0.59316	0.27400	0.13284
207 C	0.58032	0.28538	0.1343
208 G	0.57773	0.29126	0.13101
209 A	0.57252	0.29973	0.12776
210 T	0.56574	0.30746	0.1268
211 C	0.55063	0.32633	0.12304
212 T	0.54124	0.34545	0.11332
213 A	0.52469	0.37442	0.10089
214 A	0.51034	0.40006	0.08961
215 A	0.50785	0.40686	0.08529
216 T	0.50503	0.41348	0.08148
217 G	0.49634	0.42506	0.07859
218 A	0.49185	0.43266	0.07548
219 T	0.49097	0.42296	0.08607
220 A	0.48590	0.41629	0.0978
221 G	0.48958	0.39628	0.11414
222 A	0.50167	0.37490	0.12344
223 C	0.51260	0.35576	0.13164
224 T	0.53058	0.33916	0.13026
225 A	0.53875	0.33133	0.12993
226 G	0.54178	0.32661	0.1316
227 A	0.54514	0.32194	0.13292
228 A	0.55331	0.30909	0.13761
229 A	0.56390	0.27658	0.15952
230 T	0.57654	0.23858	0.18488
231 T	0.58651	0.21324	0.20025
232 A	0.59194	0.20092	0.20714
233 G	0.59616	0.18726	0.21659
234 T	0.60042	0.17293	0.22666
235 T	0.60282	0.17220	0.22499
236 A	0.60313	0.17354	0.22333
237 T	0.60565	0.17177	0.22257
238 A	0.59562	0.19094	0.21345
239 A	0.58933	0.20362	0.20705
240 T	0.58672	0.20442	0.20886
241 T	0.57532	0.21407	0.21061
242 A	0.53860	0.25597	0.20543
243 T	0.51985	0.28568	0.19447
244 G	0.45220	0.38142	0.16638
245 A	0.43294	0.41808	0.14898
246 T	0.42418	0.42946	0.14635
247 T	0.38779	0.47110	0.14112
248 A	0.30677	0.56505	0.12818
249 T	0.25860	0.61741	0.124
250 C	0.18014	0.70578	0.11407
251 A	0.13018	0.77176	0.09806
252 A	0.10869	0.79956	0.09175
253 G	0.09507	0.81781	0.08712
254 G	0.09081	0.82661	0.08258
255 A	0.08912	0.83321	0.07768
256 A	0.09171	0.83102	0.07726
257 A	0.09783	0.82540	0.07677
258 A	0.11020	0.80986	0.07994
259 A	0.12477	0.78660	0.08863
260 T	0.13921	0.75997	0.10082
261 A	0.14755	0.73807	0.11438
262 A	0.15853	0.71446	0.127
263 T	0.16808	0.69332	0.1386
264 A	0.17168	0.67642	0.15189
265 A	0.17812	0.63938	0.1825
266 A	0.19254	0.60337	0.20409
267 T	0.22141	0.50939	0.2692
268 A	0.22545	0.49059	0.28395
269 A	0.22300	0.48495	0.29205
270 A	0.22462	0.44985	0.32553
271 T	0.24098	0.36159	0.39743
272 G	0.24379	0.31866	0.43755
273 T	0.25681	0.27754	0.46566
274 T	0.26673	0.32810	0.40517
275 A	0.26837	0.39629	0.33534
276 T	0.26878	0.49099	0.24023
277 A	0.26400	0.56290	0.1731
278 T	0.25223	0.59789	0.14987
279 A	0.22255	0.66139	0.11605
280 T	0.21205	0.67840	0.10956
281 A	0.20167	0.69416	0.10418
282 T	0.19793	0.70009	0.10198
283 A	0.18847	0.71384	0.09769
284 C	0.18611	0.71947	0.09442
285 A	0.18535	0.73110	0.08356
286 A	0.18655	0.74105	0.0724
287 A	0.18800	0.74380	0.0682
288 T	0.19333	0.73986	0.06681
289 A	0.19192	0.74087	0.06721
290 A	0.19642	0.73365	0.06993
291 A	0.20629	0.71262	0.08109
292 A	0.22104	0.68719	0.09177
293 C	0.25574	0.64257	0.1017
294 T	0.30588	0.58976	0.10435
295 C	0.33234	0.56155	0.10611
296 A	0.37635	0.51988	0.10377
297 T	0.47207	0.42572	0.10221
298 A	0.52942	0.37266	0.09792
299 T	0.62976	0.26986	0.10039
300 T	0.67870	0.21458	0.10672
301 T	0.69104	0.18147	0.12748
302 A	0.68819	0.16030	0.15151
303 T	0.67763	0.16312	0.15925
304 C	0.65069	0.19804	0.15128
305 A	0.55488	0.33231	0.1128
306 A	0.52157	0.39995	0.07848
307 T	0.50343	0.43080	0.06576
308 A	0.45074	0.48390	0.06537
309 T	0.41413	0.52049	0.06538
310 A	0.36210	0.57309	0.06481
311 A	0.33917	0.59468	0.06615
312 C	0.31868	0.61125	0.07007
313 G	0.30403	0.62617	0.0698
314 A	0.28992	0.64193	0.06815
315 C	0.25507	0.67820	0.06673
316 G	0.23601	0.70545	0.05853
317 A	0.22596	0.72061	0.05343
318 A	0.21990	0.72738	0.05273
319 A	0.21442	0.73310	0.05248
320 A	0.21356	0.73376	0.05268
321 T	0.21814	0.72238	0.05948
322 C	0.21967	0.71447	0.06586
323 A	0.22100	0.71121	0.06778
324 A	0.22550	0.70094	0.07356
325 A	0.24401	0.66745	0.08855
326 T	0.27219	0.61936	0.10845
327 T	0.29429	0.57139	0.13432
328 G	0.31943	0.43193	0.24864
329 T	0.34170	0.36855	0.28975
330 T	0.34819	0.32577	0.32605
331 T	0.34806	0.27184	0.38011
332 C	0.34683	0.22815	0.42501
333 A	0.34787	0.20062	0.4515
334 A	0.34781	0.19603	0.45616
335 T	0.34547	0.19032	0.46421
336 A	0.34096	0.18964	0.4694
337 T	0.34020	0.18447	0.47533
338 A	0.33462	0.15812	0.50725
339 T	0.33707	0.14420	0.51872
340 G	0.33216	0.14498	0.52286
341 A	0.32904	0.14986	0.52109
342 T	0.32779	0.16221	0.51
343 T	0.32289	0.18962	0.48749
344 T	0.30837	0.25572	0.43591
345 T	0.24805	0.40244	0.3495
346 G	0.19507	0.54694	0.25799
347 A	0.16327	0.74392	0.09281
348 A	0.14747	0.77165	0.08088
349 A	0.14009	0.78316	0.07674
350 A	0.13899	0.78571	0.07531
351 T	0.13771	0.78705	0.07524
352 C	0.13314	0.79228	0.07458
353 A	0.13029	0.80190	0.06781
354 T	0.13232	0.80158	0.0661
355 A	0.12978	0.80666	0.06356
356 A	0.13242	0.80461	0.06297
357 A	0.13785	0.79928	0.06287
358 T	0.14627	0.78522	0.06851
359 T	0.14804	0.77820	0.07376
360 A	0.14295	0.78199	0.07506
361 A	0.14641	0.77719	0.0764
362 T	0.15063	0.77022	0.07916
363 A	0.14909	0.76756	0.08334
364 A	0.15224	0.75864	0.08913
365 A	0.17158	0.73277	0.09565
366 A	0.20255	0.68789	0.10956
367 A	0.27416	0.59587	0.12997
368 C	0.36531	0.43841	0.19629
369 A	0.45147	0.31955	0.22897
370 T	0.58309	0.17081	0.2461
371 T	0.57432	0.19297	0.23272
372 T	0.54131	0.27521	0.18349
373 G	0.46079	0.39314	0.14607
374 A	0.41125	0.46213	0.12662
375 A	0.38131	0.50845	0.11024
376 T	0.34366	0.55081	0.10553
377 A	0.33019	0.57566	0.09415
378 T	0.30947	0.59856	0.09197
379 A	0.27416	0.63827	0.08757
380 A	0.25542	0.65758	0.08701
381 T	0.24041	0.66988	0.08971
382 G	0.22627	0.67873	0.095
383 A	0.22663	0.66753	0.10584
384 T	0.22971	0.65700	0.11328
385 C	0.22920	0.65456	0.11625
386 A	0.22870	0.66798	0.10332
387 A	0.21883	0.69339	0.08778
388 A	0.20672	0.71655	0.07673
389 A	0.19839	0.72921	0.07239
390 T	0.19816	0.73164	0.0702
391 A	0.19885	0.73105	0.07009
392 A	0.20650	0.71745	0.07606
393 A	0.21954	0.68852	0.09193
394 A	0.24976	0.62574	0.1245
395 T	0.31354	0.51854	0.16792
396 T	0.34924	0.41546	0.2353
397 A	0.36413	0.39693	0.23894
398 T	0.38235	0.36948	0.24818
399 T	0.38706	0.37031	0.24263
400 A	0.38432	0.37673	0.23895
401 T	0.37684	0.36714	0.25602
402 T	0.36927	0.35357	0.27716
403 T	0.35341	0.36196	0.28463
404 C	0.31451	0.39695	0.28854
405 G	0.29102	0.44287	0.26612
406 A	0.26557	0.49384	0.2406
407 G	0.25258	0.52284	0.22458
408 A	0.24907	0.53242	0.21851
409 A	0.26334	0.52227	0.21439
410 A	0.28013	0.50260	0.21727
411 T	0.29421	0.48294	0.22285
412 C	0.29526	0.48397	0.22076
413 A	0.29226	0.53249	0.17525
414 T	0.28353	0.56155	0.15493
415 A	0.24048	0.65040	0.10912
416 A	0.22412	0.68630	0.08959
417 A	0.21450	0.70665	0.07885
418 A	0.20797	0.72105	0.07099
419 A	0.21117	0.72674	0.06209
420 T	0.24520	0.69443	0.06037
421 A	0.24874	0.69903	0.05223
422 A	0.28061	0.66641	0.05298
423 A	0.30103	0.63090	0.06807
424 T	0.32602	0.57288	0.1011
425 T	0.34153	0.53923	0.11924
426 T	0.33203	0.53299	0.13498
427 C	0.31180	0.53106	0.15713
428 A	0.27701	0.56032	0.16266
429 A	0.24097	0.58630	0.17273
430 A	0.19777	0.62426	0.17796
431 C	0.15547	0.66558	0.17895
432 G	0.12985	0.70711	0.16305
433 A	0.12875	0.75044	0.12081
434 A	0.13427	0.75691	0.10883
435 A	0.14987	0.74660	0.10352
436 T	0.19667	0.70524	0.09809
437 A	0.21329	0.68600	0.10071
438 T	0.25436	0.60715	0.1385
439 A	0.26577	0.58485	0.14939
440 A	0.26800	0.57600	0.156
441 A	0.27096	0.57116	0.15788
442 T	0.27735	0.55671	0.16594
443 A	0.27460	0.55905	0.16634
444 T	0.27816	0.54791	0.17392
445 A	0.27460	0.55575	0.16965
446 A	0.27161	0.55790	0.17049
447 T	0.26872	0.56616	0.16512
448 A	0.25295	0.59613	0.15092
449 A	0.24579	0.59852	0.15568
450 A	0.22118	0.61908	0.15974
451 A	0.21581	0.60021	0.18398
452 A	0.20757	0.58539	0.20704
453 A	0.19543	0.54734	0.25722
454 G	0.18962	0.50763	0.30275
455 G	0.19511	0.49105	0.31384
456 T	0.23435	0.49367	0.27197
457 C	0.23596	0.52328	0.24076
458 A	0.23309	0.59603	0.17089
459 A	0.24063	0.62243	0.13694
460 T	0.25336	0.62541	0.12124
461 T	0.25704	0.63638	0.10658
462 A	0.25430	0.64718	0.09853
463 A	0.25932	0.63426	0.10641
464 T	0.27136	0.61398	0.11465
465 T	0.27521	0.60140	0.1234
466 G	0.27748	0.59267	0.12986
467 C	0.28356	0.58238	0.13405
468 T	0.29184	0.57536	0.13279
469 A	0.29506	0.57943	0.12551
470 A	0.30788	0.57069	0.12143
471 A	0.32824	0.54567	0.12608
472 A	0.34438	0.53196	0.12366
473 T	0.36281	0.49219	0.145
474 A	0.37215	0.47857	0.14927
475 A	0.39185	0.44654	0.16161
476 A	0.40091	0.41272	0.18638
477 A	0.41606	0.38215	0.20179
478 G	0.46252	0.31936	0.21811
479 T	0.56050	0.21484	0.22466
480 T	0.60803	0.15600	0.23598
481 T	0.65421	0.09683	0.24896
482 T	0.66635	0.08037	0.25328
483 T	0.66970	0.07581	0.25449
484 T	0.66988	0.07408	0.25604
485 C	0.66293	0.07673	0.26034
486 T	0.65089	0.08974	0.25937
487 G	0.60671	0.14285	0.25044
488 C	0.57998	0.17843	0.24159
489 T	0.53579	0.26333	0.20089
490 A	0.40015	0.47377	0.12608
491 G	0.32389	0.58035	0.09576
492 A	0.28363	0.64099	0.07538
493 A	0.26701	0.66356	0.06944
494 A	0.26691	0.66509	0.068
495 T	0.27217	0.65882	0.06902
496 C	0.27093	0.65965	0.06942
497 A	0.27205	0.65831	0.06965
498 T	0.27537	0.65472	0.06992
499 C	0.27493	0.65510	0.06997
500 C	0.27483	0.65540	0.06976
501 T	0.27466	0.65608	0.06927
502 T	0.27294	0.65878	0.06829
503 T	0.26223	0.67066	0.06711
504 A	0.24020	0.69440	0.06541
505 A	0.22820	0.70693	0.06487
506 A	0.22015	0.71340	0.06644
507 A	0.21656	0.71221	0.07123
508 A	0.21540	0.70302	0.08158
509 A	0.21911	0.68140	0.09949
510 A	0.23100	0.61844	0.15056
511 A	0.24343	0.57061	0.18596
512 G	0.28500	0.47675	0.23825
513 T	0.35669	0.28467	0.35864
514 A	0.38127	0.19181	0.42691
515 T	0.40236	0.12495	0.47269
516 T	0.40806	0.09833	0.49361
517 T	0.40974	0.09026	0.49999
518 T	0.40962	0.08602	0.50436
519 T	0.40927	0.08285	0.50787
520 C	0.40784	0.08328	0.50888
521 A	0.40651	0.09199	0.50151
522 T	0.40644	0.09860	0.49497
523 T	0.40576	0.10827	0.48597
524 A	0.40284	0.13387	0.46329
525 T	0.40206	0.15208	0.44587
526 G	0.40126	0.15779	0.44096
527 T	0.40121	0.19369	0.40509
528 T	0.39877	0.24779	0.35344
529 T	0.39373	0.29391	0.31237
530 A	0.38633	0.32709	0.28658
531 T	0.37789	0.36027	0.26184
532 A	0.34227	0.44374	0.21399
533 A	0.32420	0.46421	0.21159
534 T	0.31320	0.47765	0.20914
535 G	0.27459	0.52662	0.19879
536 A	0.25740	0.56850	0.17411
537 C	0.23431	0.61442	0.15127
538 G	0.21811	0.66528	0.11662
539 A	0.20907	0.69615	0.09477
540 A	0.20645	0.70227	0.09128
541 G	0.20543	0.70602	0.08856
542 G	0.20602	0.70681	0.08717
543 A	0.20828	0.70411	0.0876
544 C	0.21674	0.69504	0.08821
545 A	0.22420	0.69162	0.08418
546 A	0.23659	0.68186	0.08155
547 A	0.26409	0.65410	0.08181
548 T	0.29246	0.62498	0.08256
549 G	0.30954	0.60811	0.08234
550 A	0.36435	0.55446	0.08119
551 T	0.43282	0.48335	0.08383
552 T	0.47225	0.44024	0.08751
553 A	0.48070	0.42912	0.09018
554 A	0.49541	0.40837	0.09622
555 T	0.52930	0.34702	0.12368
556 A	0.52907	0.33467	0.13626
557 A	0.53242	0.31979	0.14779
558 A	0.54708	0.26444	0.18848
559 A	0.57936	0.21355	0.20709
560 T	0.61595	0.15238	0.23166
561 T	0.64982	0.10386	0.24631
562 C	0.66066	0.08486	0.25448
563 A	0.66036	0.08505	0.2546
564 T	0.66142	0.08820	0.25039
565 T	0.65730	0.09287	0.24983
566 A	0.64833	0.10351	0.24815
567 T	0.63795	0.11593	0.24612
568 G	0.61676	0.13964	0.2436
569 C	0.60198	0.15931	0.23872
570 T	0.53832	0.23560	0.22608
571 G	0.47111	0.31954	0.20936
572 A	0.43805	0.39956	0.16239
573 T	0.43230	0.42039	0.14732
574 A	0.41780	0.45741	0.12479
575 T	0.41389	0.46570	0.12041
576 T	0.41250	0.46602	0.12148
577 T	0.40448	0.47482	0.1207
578 T	0.38896	0.49204	0.11899
579 T	0.33855	0.54513	0.11632
580 A	0.22866	0.66391	0.10743
581 A	0.18081	0.71398	0.10522
582 A	0.15780	0.73758	0.10462
583 A	0.14570	0.74965	0.10465
584 G	0.14020	0.75400	0.1058
585 A	0.13684	0.75561	0.10755
586 A	0.13723	0.75248	0.11029
587 G	0.14174	0.74428	0.11397
588 A	0.14339	0.73576	0.12084
589 A	0.14681	0.72375	0.12944
590 A	0.15212	0.70604	0.14185
591 T	0.16173	0.67108	0.16719
592 A	0.16901	0.64355	0.18744
593 A	0.18097	0.55876	0.26026
594 A	0.19931	0.47792	0.32277
595 T	0.25044	0.38890	0.36067
596 T	0.26637	0.35808	0.37555
597 T	0.28549	0.31460	0.39992
598 T	0.29087	0.27922	0.42991
599 T	0.29406	0.26122	0.44472
600 T	0.29493	0.24633	0.45874
601 A	0.29428	0.23488	0.47084
602 G	0.29614	0.18836	0.5155
603 T	0.30386	0.09649	0.59965
604 T	0.30472	0.07182	0.62345
605 T	0.29925	0.10145	0.59931
606 T	0.28548	0.19789	0.51663
607 A	0.24167	0.44780	0.31053
608 T	0.23119	0.54403	0.22477
609 A	0.21028	0.60849	0.18123
610 T	0.20069	0.63569	0.16362
611 A	0.18661	0.66836	0.14503
612 T	0.18013	0.68916	0.13072
613 G	0.16941	0.70791	0.12268
614 G	0.16407	0.71843	0.1175
615 A	0.16135	0.72617	0.11248
616 T	0.16072	0.73012	0.10917
617 T	0.15864	0.73727	0.1041
618 T	0.15618	0.74284	0.10097
619 A	0.15174	0.75195	0.0963
620 A	0.15029	0.75764	0.09206
621 A	0.14915	0.76499	0.08586
622 A	0.14890	0.76909	0.082
623 A	0.14982	0.76876	0.08142
624 A	0.15218	0.76495	0.08288
625 A	0.15519	0.76017	0.08464
626 G	0.16457	0.74822	0.08721
627 A	0.18828	0.72112	0.09061
628 A	0.23582	0.66527	0.09891
629 A	0.34315	0.54212	0.11473
630 T	0.57037	0.27168	0.15795
631 T	0.65558	0.17282	0.17159
632 T	0.68257	0.12698	0.19045
633 T	0.68931	0.11293	0.19776
634 G	0.68959	0.10731	0.20309
635 T	0.69620	0.09779	0.20601
636 T	0.69546	0.09557	0.20897
637 T	0.69102	0.10415	0.20483
638 T	0.68177	0.11335	0.20488
639 A	0.65027	0.14902	0.20071
640 T	0.62666	0.17078	0.20256
641 A	0.54044	0.25664	0.20292
642 C	0.50881	0.28504	0.20614
643 A	0.50444	0.29210	0.20346
644 C	0.50867	0.28887	0.20246
645 T	0.51174	0.28801	0.20025
646 T	0.51062	0.29374	0.19564
647 A	0.50391	0.30856	0.18753
648 T	0.49012	0.33028	0.1796
649 A	0.44454	0.39696	0.1585
650 A	0.33049	0.52283	0.14668
651 A	0.29097	0.57356	0.13547
652 T	0.27898	0.58850	0.13253
653 A	0.26775	0.60271	0.12954
654 T	0.26048	0.61120	0.12833
655 A	0.24179	0.63334	0.12488
656 A	0.23770	0.63784	0.12446
657 T	0.23904	0.63274	0.12823
658 A	0.23040	0.64921	0.12039
659 A	0.22788	0.65416	0.11796
660 T	0.22964	0.65502	0.11534
661 G	0.22363	0.64555	0.13082
662 A	0.22332	0.61467	0.16201
663 A	0.22144	0.59075	0.18781
664 T	0.22294	0.51210	0.26496
665 C	0.22075	0.48495	0.2943
666 T	0.22233	0.47970	0.29796
667 C	0.21805	0.48593	0.29602
668 A	0.21361	0.50186	0.28453
669 A	0.21487	0.50459	0.28055
670 A	0.22194	0.49708	0.28098
671 G	0.22942	0.47661	0.29397
672 A	0.24912	0.42569	0.3252
673 A	0.26169	0.30456	0.43375
674 T	0.27167	0.26233	0.466
675 T	0.26694	0.28195	0.45111
676 A	0.24172	0.42489	0.33338
677 A	0.22528	0.50427	0.27045
678 A	0.20595	0.58207	0.21198
679 A	0.20152	0.61828	0.18021
680 A	0.20225	0.62704	0.17071
681 A	0.21163	0.62572	0.16265
682 A	0.22199	0.63230	0.14571
683 T	0.23684	0.61863	0.14453
684 T	0.23742	0.61209	0.15049
685 A	0.23540	0.61255	0.15205
686 A	0.23527	0.60940	0.15533
687 T	0.23682	0.60410	0.15908
688 C	0.23794	0.59835	0.16371
689 A	0.23962	0.59536	0.16502
690 T	0.24609	0.58508	0.16884
691 C	0.25350	0.57490	0.17159
692 T	0.25626	0.57402	0.16973
693 G	0.25177	0.58202	0.16621
694 A	0.24929	0.58824	0.16248
695 A	0.25160	0.59250	0.1559
696 A	0.26796	0.57834	0.1537
697 A	0.28874	0.55559	0.15567
698 G	0.33402	0.49970	0.16628
699 T	0.46511	0.34204	0.19285
700 A	0.52546	0.26734	0.20721
701 G	0.59139	0.18209	0.22651
702 T	0.63310	0.13751	0.22938
703 A	0.64722	0.12966	0.22312
704 T	0.66593	0.11591	0.21816
705 T	0.68412	0.10128	0.2146
706 T	0.68877	0.09669	0.21454
707 A	0.68878	0.09683	0.21438
708 T	0.69034	0.09345	0.21621
709 T	0.69021	0.09317	0.21663
710 C	0.68836	0.09530	0.21634
711 A	0.68731	0.09954	0.21315
712 T	0.68801	0.10276	0.20923
713 A	0.68672	0.11810	0.19519
714 T	0.68526	0.12970	0.18503
715 A	0.68241	0.14462	0.17296
716 A	0.67649	0.14880	0.17471
717 A	0.67568	0.14726	0.17706
718 T	0.67674	0.14522	0.17804
719 A	0.66936	0.15276	0.17789
720 T	0.67034	0.15096	0.17871
721 T	0.66039	0.16178	0.17783
722 A	0.65838	0.16355	0.17806
723 T	0.66023	0.16092	0.17885
724 G	0.66029	0.16056	0.17915
725 A	0.66373	0.15683	0.17944
726 C	0.67238	0.14741	0.18021
727 T	0.68130	0.13824	0.18046
728 T	0.68657	0.13264	0.18078
729 T	0.68820	0.13070	0.1811
730 T	0.68936	0.12901	0.18163
731 C	0.69000	0.12798	0.18202
732 T	0.69084	0.12620	0.18297
733 C	0.69193	0.12353	0.18454
734 A	0.69494	0.11998	0.18509
735 A	0.69984	0.11465	0.18551
736 A	0.71427	0.09906	0.18667
737 T	0.72705	0.08233	0.19061
738 T	0.73895	0.06599	0.19507
739 T	0.74309	0.05034	0.20657
740 A	0.74460	0.04279	0.21261
741 T	0.74639	0.03153	0.22209
742 T	0.74732	0.01949	0.23319
743 A	0.74787	0.01378	0.23835
744 A	0.74921	0.00000	0.25079
