# lcl|CP097583.1_cds_USQ93155.1_1
# AA	inside	membr	outside
1 A	0.75308	0.00000	0.24692
2 T	0.75261	0.00047	0.24692
3 G	0.75227	0.00081	0.24692
4 C	0.75227	0.00092	0.24681
5 T	0.74736	0.00636	0.24628
6 T	0.74736	0.00640	0.24624
7 T	0.66765	0.08614	0.24621
8 C	0.66764	0.08615	0.24621
9 T	0.62509	0.12881	0.2461
10 C	0.62491	0.14346	0.23164
11 G	0.60655	0.16215	0.2313
12 A	0.39438	0.37437	0.23125
13 A	0.14277	0.62602	0.23121
14 T	0.14271	0.62608	0.23121
15 C	0.14271	0.62638	0.23091
16 C	0.12892	0.64017	0.23091
17 C	0.11545	0.65366	0.23089
18 A	0.11497	0.65422	0.23081
19 A	0.10453	0.66470	0.23077
20 A	0.07782	0.69182	0.23036
21 T	0.04244	0.72720	0.23036
22 A	0.03458	0.73519	0.23024
23 A	0.02738	0.74251	0.23011
24 A	0.02268	0.74718	0.23013
25 A	0.02009	0.74799	0.23191
26 A	0.01859	0.74789	0.23352
27 A	0.01784	0.74149	0.24066
28 G	0.01777	0.73429	0.24793
29 A	0.01760	0.72936	0.25304
30 A	0.01795	0.66636	0.31569
31 A	0.01810	0.65600	0.32589
32 A	0.01860	0.60191	0.37949
33 T	0.03133	0.56401	0.40466
34 A	0.03155	0.53703	0.43143
35 A	0.03169	0.36009	0.60822
36 A	0.03185	0.15047	0.81768
37 T	0.03195	0.13705	0.831
38 T	0.03225	0.12882	0.83893
39 T	0.03226	0.11410	0.85364
40 T	0.03233	0.10284	0.86483
41 A	0.03230	0.09946	0.86825
42 T	0.03228	0.08841	0.8793
43 A	0.03239	0.06857	0.89904
44 A	0.03223	0.04079	0.92698
45 A	0.03222	0.03243	0.93535
46 T	0.03248	0.02343	0.94409
47 T	0.03257	0.01822	0.94921
48 T	0.03258	0.01595	0.95147
49 T	0.03254	0.01598	0.95148
50 T	0.03249	0.01657	0.95094
51 A	0.03245	0.01675	0.9508
52 T	0.03245	0.01670	0.95085
53 A	0.03237	0.01684	0.95079
54 T	0.03255	0.01652	0.95093
55 T	0.03266	0.01629	0.95105
56 T	0.03281	0.01608	0.95111
57 G	0.03293	0.01588	0.95119
58 C	0.03325	0.01553	0.95122
59 C	0.03378	0.01501	0.95122
60 T	0.03455	0.01429	0.95116
61 T	0.03547	0.01341	0.95113
62 A	0.03711	0.01180	0.95109
63 T	0.03932	0.00962	0.95106
64 T	0.04052	0.00838	0.95109
65 T	0.04099	0.00782	0.95119
66 T	0.04134	0.00737	0.95128
67 A	0.04195	0.00663	0.95143
68 T	0.04274	0.00570	0.95156
69 T	0.04305	0.00538	0.95157
70 A	0.04332	0.00510	0.95157
71 T	0.04408	0.00428	0.95164
72 T	0.04515	0.00315	0.9517
73 C	0.04593	0.00233	0.95174
74 T	0.04639	0.00195	0.95167
75 T	0.04663	0.00193	0.95143
76 A	0.04679	0.00202	0.95119
77 T	0.04687	0.00208	0.95106
78 T	0.04685	0.00225	0.9509
79 T	0.04680	0.00237	0.95083
80 T	0.04674	0.00248	0.95078
81 A	0.04651	0.00290	0.9506
82 T	0.04643	0.00305	0.95052
83 T	0.04634	0.00321	0.95045
84 T	0.04617	0.00367	0.95015
85 A	0.04603	0.00411	0.94986
86 T	0.04599	0.00427	0.94974
87 T	0.04588	0.00451	0.94961
88 T	0.04574	0.00474	0.94951
89 T	0.04563	0.00493	0.94944
90 A	0.04549	0.00506	0.94945
91 A	0.04544	0.00509	0.94948
92 T	0.04543	0.00504	0.94953
93 T	0.04542	0.00499	0.9496
94 C	0.04539	0.00499	0.94962
95 C	0.04542	0.00495	0.94964
96 T	0.04551	0.00486	0.94963
97 A	0.04559	0.00478	0.94963
98 T	0.04590	0.00447	0.94963
99 T	0.04623	0.00414	0.94963
100 T	0.04640	0.00394	0.94965
101 T	0.04656	0.00369	0.94975
102 T	0.04666	0.00349	0.94985
103 A	0.04670	0.00335	0.94994
104 T	0.04691	0.00290	0.95019
105 T	0.04701	0.00268	0.95031
106 A	0.04705	0.00255	0.9504
107 T	0.04729	0.00214	0.95057
108 T	0.04741	0.00193	0.95066
109 T	0.04734	0.00205	0.95062
110 T	0.04705	0.00231	0.95064
111 T	0.04650	0.00288	0.95062
112 T	0.04543	0.00408	0.95048
113 T	0.04443	0.00517	0.9504
114 A	0.04246	0.00740	0.95014
115 T	0.04122	0.00869	0.9501
116 A	0.03927	0.01077	0.94996
117 T	0.03746	0.01270	0.94983
118 T	0.03443	0.01613	0.94944
119 C	0.03107	0.01977	0.94915
120 T	0.02820	0.02287	0.94893
121 A	0.02462	0.02684	0.94855
122 T	0.02359	0.02814	0.94827
123 T	0.02227	0.02980	0.94793
124 C	0.02059	0.03185	0.94756
125 A	0.01951	0.03375	0.94674
126 A	0.01912	0.03446	0.94641
127 G	0.01866	0.03506	0.94628
128 A	0.01809	0.03574	0.94617
129 A	0.01769	0.03619	0.94612
130 A	0.01731	0.03649	0.9462
131 G	0.01736	0.03620	0.94644
132 T	0.01753	0.03603	0.94644
133 A	0.01751	0.03609	0.9464
134 A	0.01758	0.03545	0.94697
135 T	0.01771	0.03436	0.94793
136 A	0.01770	0.03375	0.94855
137 A	0.01784	0.03202	0.95014
138 A	0.01790	0.03065	0.95145
139 A	0.01809	0.02832	0.9536
140 A	0.01831	0.02589	0.9558
141 T	0.01879	0.02169	0.95953
142 A	0.01903	0.01786	0.96311
143 G	0.01929	0.01351	0.96719
144 C	0.01974	0.00931	0.97095
145 C	0.02018	0.00804	0.97178
146 T	0.02069	0.00724	0.97207
147 T	0.02113	0.00646	0.97241
148 T	0.02173	0.00568	0.9726
149 T	0.02176	0.00557	0.97268
150 T	0.02152	0.00547	0.97301
151 A	0.02090	0.00548	0.97362
152 A	0.02070	0.00516	0.97414
153 C	0.02075	0.00457	0.97468
154 A	0.02081	0.00442	0.97477
155 T	0.02127	0.00388	0.97485
156 T	0.02179	0.00327	0.97494
157 T	0.02193	0.00310	0.97498
158 C	0.02186	0.00317	0.97498
159 T	0.02189	0.00312	0.97498
160 T	0.02166	0.00336	0.97498
161 T	0.02137	0.00364	0.97498
162 T	0.02110	0.00392	0.97498
163 A	0.02073	0.00430	0.97497
164 C	0.02047	0.00450	0.97503
165 T	0.02026	0.00471	0.97503
166 T	0.01979	0.00518	0.97503
167 T	0.01899	0.00600	0.97502
168 G	0.01786	0.00713	0.97501
169 A	0.01757	0.00746	0.97497
170 A	0.01749	0.00751	0.975
171 A	0.01751	0.00741	0.97508
172 T	0.01755	0.00718	0.97527
173 A	0.01756	0.00691	0.97553
174 T	0.01756	0.00635	0.97609
175 T	0.01742	0.00648	0.9761
176 A	0.01707	0.00724	0.97569
177 T	0.01636	0.00844	0.9752
178 A	0.01531	0.00994	0.97475
179 A	0.01469	0.01061	0.97469
180 A	0.01442	0.01079	0.97478
181 G	0.01434	0.01061	0.97505
182 A	0.01437	0.01042	0.97521
183 T	0.01442	0.01003	0.97555
184 T	0.01441	0.00971	0.97589
185 T	0.01438	0.00946	0.97616
186 T	0.01431	0.00922	0.97647
187 T	0.01414	0.00910	0.97677
188 A	0.01396	0.00903	0.977
189 T	0.01386	0.00867	0.97747
190 A	0.01369	0.00818	0.97813
191 C	0.01360	0.00732	0.97908
192 T	0.01353	0.00723	0.97924
193 A	0.01336	0.00734	0.9793
194 C	0.01324	0.00742	0.97933
195 A	0.01319	0.00748	0.97934
196 A	0.01320	0.00745	0.97936
197 A	0.01326	0.00730	0.97943
198 A	0.01352	0.00685	0.97963
199 G	0.01407	0.00595	0.97998
200 T	0.01478	0.00434	0.98088
201 T	0.01527	0.00283	0.98191
202 T	0.01537	0.00214	0.98248
203 T	0.01541	0.00186	0.98273
204 T	0.01543	0.00174	0.98283
205 A	0.01544	0.00167	0.98288
206 T	0.01546	0.00158	0.98295
207 T	0.01547	0.00150	0.98304
208 T	0.01547	0.00141	0.98312
209 A	0.01545	0.00134	0.98321
210 T	0.01543	0.00118	0.98339
211 G	0.01540	0.00104	0.98356
212 T	0.01537	0.00094	0.98369
213 T	0.01534	0.00083	0.98383
214 T	0.01533	0.00078	0.9839
215 T	0.01531	0.00079	0.9839
216 A	0.01528	0.00072	0.984
217 T	0.01526	0.00063	0.9841
218 T	0.01522	0.00061	0.98417
219 T	0.01496	0.00086	0.98417
220 C	0.01460	0.00121	0.98418
221 G	0.01437	0.00145	0.98417
222 G	0.01422	0.00161	0.98417
223 T	0.01420	0.00165	0.98415
224 C	0.01415	0.00172	0.98413
225 T	0.01413	0.00188	0.98398
226 A	0.01412	0.00205	0.98383
227 T	0.01412	0.00213	0.98375
228 A	0.01410	0.00222	0.98368
229 T	0.01410	0.00226	0.98365
230 T	0.01409	0.00227	0.98363
231 A	0.01403	0.00234	0.98363
232 A	0.01400	0.00234	0.98366
233 T	0.01398	0.00232	0.9837
234 A	0.01390	0.00235	0.98374
235 G	0.01388	0.00233	0.98378
236 C	0.01390	0.00228	0.98382
237 A	0.01393	0.00224	0.98382
238 A	0.01398	0.00217	0.98384
239 T	0.01401	0.00211	0.98388
240 T	0.01401	0.00208	0.98391
241 A	0.01402	0.00205	0.98394
242 T	0.01403	0.00174	0.98423
243 A	0.01403	0.00140	0.98457
244 T	0.01404	0.00115	0.98482
245 C	0.01404	0.00100	0.98495
246 G	0.01405	0.00097	0.98498
247 A	0.01409	0.00092	0.985
248 C	0.01425	0.00073	0.98502
249 T	0.01442	0.00056	0.98502
250 T	0.01450	0.00048	0.98502
251 T	0.01455	0.00041	0.98504
252 T	0.01458	0.00038	0.98504
253 T	0.01459	0.00037	0.98503
254 T	0.01460	0.00030	0.98511
255 T	0.01460	0.00025	0.98515
256 A	0.01459	0.00022	0.98519
257 T	0.01459	0.00016	0.98525
258 C	0.01458	0.00014	0.98528
259 C	0.01457	0.00014	0.98528
260 T	0.01457	0.00015	0.98528
261 T	0.01455	0.00017	0.98528
262 C	0.01444	0.00028	0.98527
263 T	0.01436	0.00037	0.98527
264 A	0.01383	0.00092	0.98526
265 A	0.01360	0.00114	0.98526
266 T	0.01348	0.00126	0.98526
267 A	0.01326	0.00148	0.98526
268 A	0.01313	0.00160	0.98527
269 C	0.01308	0.00163	0.98529
270 T	0.01306	0.00165	0.98529
271 T	0.01304	0.00167	0.98529
272 A	0.01302	0.00169	0.98529
273 T	0.01301	0.00169	0.98529
274 C	0.01301	0.00170	0.98529
275 C	0.01301	0.00169	0.9853
276 T	0.01300	0.00170	0.9853
277 C	0.01298	0.00172	0.9853
278 T	0.01296	0.00174	0.9853
279 C	0.01293	0.00177	0.98531
280 G	0.01290	0.00179	0.98531
281 C	0.01289	0.00179	0.98532
282 T	0.01289	0.00179	0.98532
283 T	0.01288	0.00179	0.98533
284 A	0.01288	0.00179	0.98534
285 T	0.01288	0.00167	0.98546
286 A	0.01288	0.00159	0.98553
287 T	0.01289	0.00103	0.98608
288 A	0.01288	0.00084	0.98627
289 G	0.01288	0.00071	0.98641
290 T	0.01288	0.00051	0.98661
291 T	0.01286	0.00044	0.98669
292 T	0.01280	0.00051	0.98668
293 C	0.01266	0.00073	0.98661
294 T	0.01258	0.00113	0.98628
295 A	0.01250	0.00166	0.98584
296 A	0.01242	0.00217	0.98542
297 A	0.01233	0.00251	0.98516
298 T	0.01231	0.00265	0.98504
299 A	0.01229	0.00291	0.98481
300 T	0.01224	0.00302	0.98474
301 A	0.01218	0.00309	0.98473
302 T	0.01214	0.00312	0.98474
303 T	0.01206	0.00318	0.98476
304 A	0.01160	0.00363	0.98477
305 C	0.01136	0.00386	0.98478
306 A	0.01115	0.00407	0.98478
307 C	0.01105	0.00416	0.98479
308 C	0.01093	0.00429	0.98478
309 A	0.01086	0.00436	0.98478
310 A	0.01082	0.00440	0.98478
311 T	0.01084	0.00437	0.98479
312 A	0.01083	0.00438	0.98479
313 C	0.01084	0.00435	0.98481
314 A	0.01092	0.00424	0.98483
315 A	0.01103	0.00405	0.98491
316 T	0.01121	0.00372	0.98507
317 C	0.01155	0.00331	0.98515
318 T	0.01199	0.00283	0.98518
319 A	0.01229	0.00245	0.98526
320 T	0.01253	0.00213	0.98534
321 C	0.01258	0.00204	0.98538
322 T	0.01280	0.00181	0.98539
323 T	0.01285	0.00171	0.98544
324 A	0.01283	0.00168	0.98548
325 A	0.01284	0.00163	0.98552
326 T	0.01285	0.00155	0.9856
327 T	0.01281	0.00110	0.98609
328 T	0.01272	0.00094	0.98633
329 T	0.01253	0.00094	0.98653
330 A	0.01216	0.00124	0.9866
331 T	0.01204	0.00125	0.98671
332 T	0.01190	0.00131	0.98678
333 C	0.01154	0.00165	0.98681
334 A	0.01086	0.00236	0.98678
335 T	0.01069	0.00253	0.98677
336 T	0.01028	0.00300	0.98672
337 A	0.00956	0.00377	0.98667
338 A	0.00926	0.00409	0.98665
339 T	0.00898	0.00439	0.98664
340 G	0.00869	0.00466	0.98665
341 G	0.00859	0.00476	0.98665
342 T	0.00854	0.00480	0.98667
343 A	0.00849	0.00483	0.98668
344 C	0.00847	0.00483	0.9867
345 G	0.00845	0.00485	0.9867
346 A	0.00844	0.00487	0.98669
347 T	0.00844	0.00487	0.98669
348 A	0.00842	0.00495	0.98662
349 T	0.00842	0.00497	0.98661
350 G	0.00841	0.00492	0.98668
351 G	0.00840	0.00481	0.98678
352 A	0.00840	0.00458	0.98702
353 T	0.00842	0.00422	0.98736
354 T	0.00843	0.00410	0.98747
355 A	0.00843	0.00405	0.98752
356 A	0.00844	0.00372	0.98784
357 T	0.00848	0.00281	0.98871
358 A	0.00849	0.00260	0.98892
359 T	0.00854	0.00218	0.98929
360 G	0.00855	0.00175	0.9897
361 A	0.00857	0.00154	0.98989
362 T	0.00858	0.00127	0.99014
363 T	0.00858	0.00114	0.99028
364 T	0.00855	0.00142	0.99004
365 T	0.00847	0.00220	0.98933
366 A	0.00829	0.00418	0.98752
367 A	0.00819	0.00495	0.98686
368 A	0.00804	0.00544	0.98651
369 A	0.00801	0.00550	0.98649
370 A	0.00802	0.00550	0.98648
371 T	0.00808	0.00541	0.9865
372 T	0.00808	0.00540	0.98652
373 C	0.00805	0.00541	0.98653
374 A	0.00806	0.00541	0.98654
375 A	0.00808	0.00538	0.98654
376 T	0.00811	0.00534	0.98654
377 C	0.00813	0.00532	0.98656
378 T	0.00819	0.00525	0.98656
379 T	0.00823	0.00520	0.98656
380 T	0.00823	0.00519	0.98657
381 G	0.00820	0.00522	0.98658
382 A	0.00819	0.00523	0.98658
383 T	0.00822	0.00516	0.98662
384 G	0.00820	0.00516	0.98665
385 C	0.00823	0.00509	0.98668
386 A	0.00835	0.00499	0.98666
387 A	0.00872	0.00463	0.98665
388 A	0.00952	0.00379	0.98669
389 T	0.01136	0.00181	0.98683
390 T	0.01195	0.00115	0.98691
391 T	0.01218	0.00073	0.98708
392 T	0.01219	0.00067	0.98714
393 T	0.01218	0.00066	0.98716
394 T	0.01216	0.00071	0.98713
395 T	0.01209	0.00081	0.98711
396 T	0.01197	0.00100	0.98704
397 T	0.01180	0.00124	0.98696
398 T	0.01139	0.00178	0.98683
399 A	0.01009	0.00327	0.98664
400 A	0.00865	0.00501	0.98635
401 T	0.00779	0.00595	0.98626
402 A	0.00702	0.00679	0.9862
403 A	0.00669	0.00715	0.98616
404 G	0.00650	0.00733	0.98618
405 A	0.00639	0.00744	0.98617
406 A	0.00635	0.00747	0.98618
407 A	0.00633	0.00744	0.98624
408 A	0.00632	0.00741	0.98627
409 A	0.00636	0.00734	0.98631
410 T	0.00641	0.00727	0.98633
411 T	0.00642	0.00725	0.98633
412 T	0.00642	0.00726	0.98631
413 T	0.00642	0.00727	0.98631
414 A	0.00640	0.00730	0.9863
415 G	0.00640	0.00728	0.98632
416 G	0.00641	0.00723	0.98637
417 T	0.00647	0.00710	0.98643
418 A	0.00653	0.00696	0.98651
419 T	0.00666	0.00663	0.9867
420 A	0.00672	0.00638	0.9869
421 A	0.00683	0.00586	0.98731
422 A	0.00698	0.00451	0.98851
423 T	0.00733	0.00281	0.98987
424 T	0.00741	0.00201	0.99059
425 T	0.00745	0.00162	0.99093
426 A	0.00738	0.00178	0.99084
427 T	0.00731	0.00184	0.99085
428 T	0.00709	0.00214	0.99077
429 A	0.00630	0.00317	0.99053
430 G	0.00599	0.00347	0.99054
431 A	0.00586	0.00364	0.9905
432 A	0.00578	0.00377	0.99045
433 A	0.00574	0.00385	0.99041
434 C	0.00573	0.00388	0.99039
435 T	0.00574	0.00398	0.99028
436 A	0.00573	0.00407	0.9902
437 A	0.00575	0.00408	0.99017
438 T	0.00576	0.00407	0.99016
439 T	0.00577	0.00406	0.99017
440 C	0.00577	0.00404	0.99019
441 A	0.00577	0.00403	0.99019
442 G	0.00579	0.00401	0.9902
443 C	0.00583	0.00396	0.99021
444 A	0.00592	0.00387	0.99021
445 A	0.00605	0.00374	0.99021
446 T	0.00623	0.00356	0.99022
447 G	0.00633	0.00344	0.99023
448 T	0.00659	0.00315	0.99025
449 T	0.00682	0.00276	0.99041
450 A	0.00691	0.00256	0.99052
451 A	0.00701	0.00221	0.99078
452 T	0.00724	0.00126	0.99149
453 T	0.00727	0.00095	0.99178
454 G	0.00731	0.00079	0.9919
455 G	0.00737	0.00067	0.99196
456 A	0.00742	0.00059	0.99199
457 T	0.00749	0.00050	0.99202
458 A	0.00759	0.00039	0.99202
459 T	0.00768	0.00028	0.99204
460 G	0.00772	0.00023	0.99205
461 T	0.00775	0.00023	0.99203
462 T	0.00775	0.00024	0.99201
463 T	0.00775	0.00025	0.992
464 A	0.00775	0.00026	0.99199
465 T	0.00776	0.00026	0.99199
466 T	0.00776	0.00027	0.99197
467 T	0.00776	0.00028	0.99197
468 A	0.00775	0.00028	0.99197
469 T	0.00776	0.00028	0.99196
470 T	0.00776	0.00027	0.99196
471 C	0.00776	0.00027	0.99196
472 C	0.00776	0.00027	0.99196
473 T	0.00777	0.00026	0.99196
474 T	0.00777	0.00026	0.99196
475 C	0.00776	0.00027	0.99196
476 C	0.00777	0.00027	0.99196
477 T	0.00777	0.00026	0.99196
478 T	0.00778	0.00025	0.99196
479 A	0.00779	0.00025	0.99196
480 T	0.00780	0.00023	0.99196
481 A	0.00781	0.00023	0.99196
482 T	0.00782	0.00021	0.99196
483 G	0.00784	0.00020	0.99196
484 T	0.00789	0.00015	0.99196
485 T	0.00791	0.00013	0.99196
486 T	0.00793	0.00011	0.99196
487 T	0.00794	0.00010	0.99196
488 T	0.00794	0.00009	0.99196
489 A	0.00795	0.00008	0.99198
490 C	0.00795	0.00007	0.99198
491 C	0.00795	0.00007	0.99198
492 T	0.00795	0.00008	0.99196
493 A	0.00795	0.00010	0.99196
494 T	0.00794	0.00011	0.99195
495 T	0.00793	0.00012	0.99194
496 T	0.00792	0.00014	0.99193
497 T	0.00791	0.00015	0.99194
498 T	0.00790	0.00016	0.99194
499 C	0.00788	0.00019	0.99192
500 T	0.00786	0.00023	0.99191
501 T	0.00783	0.00031	0.99186
502 A	0.00776	0.00051	0.99172
503 G	0.00765	0.00069	0.99166
504 T	0.00760	0.00079	0.99161
505 A	0.00755	0.00085	0.99159
506 T	0.00752	0.00089	0.99159
507 T	0.00746	0.00095	0.99158
508 T	0.00735	0.00108	0.99158
509 C	0.00717	0.00126	0.99157
510 T	0.00695	0.00154	0.99151
511 A	0.00661	0.00197	0.99142
512 A	0.00643	0.00219	0.99138
513 A	0.00630	0.00233	0.99137
514 A	0.00623	0.00242	0.99135
515 T	0.00621	0.00245	0.99134
516 A	0.00617	0.00249	0.99133
517 G	0.00616	0.00249	0.99134
518 A	0.00616	0.00249	0.99135
519 T	0.00616	0.00247	0.99137
520 C	0.00613	0.00250	0.99137
521 A	0.00611	0.00254	0.99134
522 T	0.00610	0.00259	0.99132
523 A	0.00598	0.00278	0.99124
524 A	0.00595	0.00281	0.99123
525 T	0.00604	0.00269	0.99127
526 T	0.00605	0.00256	0.99139
527 T	0.00600	0.00257	0.99144
528 A	0.00578	0.00274	0.99148
529 A	0.00568	0.00281	0.99151
530 T	0.00563	0.00278	0.99159
531 T	0.00556	0.00278	0.99166
532 A	0.00550	0.00269	0.99181
533 A	0.00551	0.00249	0.992
534 T	0.00555	0.00214	0.99231
535 T	0.00554	0.00200	0.99246
536 C	0.00550	0.00193	0.99257
537 A	0.00542	0.00199	0.99259
538 G	0.00538	0.00204	0.99258
539 C	0.00532	0.00211	0.99256
540 T	0.00528	0.00237	0.99235
541 A	0.00521	0.00266	0.99213
542 A	0.00517	0.00290	0.99193
543 A	0.00518	0.00306	0.99177
544 G	0.00521	0.00315	0.99164
545 A	0.00525	0.00329	0.99146
546 T	0.00534	0.00329	0.99137
547 T	0.00537	0.00340	0.99123
548 T	0.00533	0.00362	0.99105
549 A	0.00522	0.00388	0.99089
550 G	0.00516	0.00387	0.99097
551 G	0.00513	0.00373	0.99113
552 A	0.00510	0.00369	0.99121
553 G	0.00509	0.00365	0.99126
554 C	0.00512	0.00361	0.99126
555 A	0.00509	0.00415	0.99076
556 A	0.00507	0.00497	0.98997
557 A	0.00505	0.00583	0.98913
558 T	0.00503	0.00668	0.9883
559 G	0.00500	0.00744	0.98756
560 A	0.00501	0.00807	0.98693
561 A	0.00504	0.00809	0.98687
562 G	0.00510	0.00801	0.98688
563 T	0.00534	0.00777	0.9869
564 A	0.00553	0.00757	0.9869
565 C	0.00574	0.00735	0.98691
566 A	0.00592	0.00722	0.98685
567 A	0.00611	0.00707	0.98682
568 A	0.00639	0.00682	0.98678
569 T	0.00679	0.00643	0.98678
570 T	0.00699	0.00623	0.98677
571 T	0.00715	0.00602	0.98682
572 T	0.00723	0.00586	0.9869
573 T	0.00723	0.00581	0.98696
574 A	0.00723	0.00582	0.98695
575 A	0.00724	0.00579	0.98698
576 A	0.00728	0.00574	0.98699
577 A	0.00738	0.00561	0.987
578 A	0.00794	0.00502	0.98704
579 A	0.00887	0.00404	0.98709
580 A	0.00991	0.00297	0.98713
581 T	0.01094	0.00191	0.98715
582 T	0.01163	0.00119	0.98718
583 A	0.01210	0.00072	0.98718
584 T	0.01226	0.00056	0.98718
585 T	0.01231	0.00049	0.9872
586 T	0.01236	0.00044	0.9872
587 T	0.01238	0.00041	0.98721
588 T	0.01239	0.00039	0.98721
589 C	0.01241	0.00037	0.98721
590 C	0.01244	0.00035	0.98721
591 T	0.01247	0.00033	0.9872
592 T	0.01249	0.00031	0.98719
593 T	0.01250	0.00031	0.98718
594 A	0.01249	0.00033	0.98718
595 T	0.01251	0.00032	0.98718
596 C	0.01251	0.00031	0.98718
597 T	0.01249	0.00032	0.98718
598 C	0.01243	0.00038	0.98719
599 T	0.01237	0.00044	0.98719
600 T	0.01215	0.00067	0.98718
601 C	0.01176	0.00105	0.98718
602 C	0.01155	0.00128	0.98717
603 A	0.01147	0.00138	0.98714
604 G	0.01145	0.00141	0.98713
605 G	0.01144	0.00144	0.98712
606 A	0.01145	0.00146	0.98709
607 T	0.01147	0.00145	0.98709
608 T	0.01146	0.00145	0.98708
609 A	0.01146	0.00145	0.98708
610 A	0.01146	0.00145	0.9871
611 C	0.01146	0.00142	0.98712
612 T	0.01146	0.00142	0.98712
613 A	0.01146	0.00141	0.98714
614 C	0.01147	0.00139	0.98714
615 A	0.01147	0.00139	0.98714
616 G	0.01148	0.00137	0.98715
617 G	0.01149	0.00135	0.98716
618 A	0.01149	0.00134	0.98716
619 G	0.01150	0.00132	0.98717
620 T	0.01151	0.00122	0.98726
621 T	0.01152	0.00110	0.98738
622 A	0.01152	0.00099	0.98748
623 T	0.01154	0.00077	0.9877
624 T	0.01155	0.00050	0.98795
625 T	0.01156	0.00044	0.98801
626 T	0.01157	0.00044	0.988
627 A	0.01157	0.00059	0.98785
628 G	0.01158	0.00060	0.98782
629 T	0.01160	0.00060	0.9878
630 T	0.01160	0.00063	0.98778
631 T	0.01159	0.00067	0.98775
632 C	0.01158	0.00070	0.98772
633 T	0.01157	0.00074	0.98769
634 T	0.01156	0.00077	0.98766
635 T	0.01148	0.00089	0.98763
636 A	0.01133	0.00111	0.98756
637 C	0.01127	0.00123	0.9875
638 A	0.01124	0.00138	0.98738
639 A	0.01123	0.00148	0.98729
640 A	0.01123	0.00149	0.98728
641 T	0.01125	0.00147	0.98728
642 T	0.01126	0.00147	0.98727
643 G	0.01126	0.00147	0.98727
644 C	0.01127	0.00147	0.98726
645 A	0.01128	0.00147	0.98725
646 A	0.01129	0.00146	0.98724
647 C	0.01136	0.00140	0.98724
648 T	0.01147	0.00129	0.98724
649 A	0.01152	0.00124	0.98724
650 A	0.01166	0.00110	0.98724
651 T	0.01171	0.00104	0.98725
652 C	0.01174	0.00101	0.98724
653 T	0.01177	0.00098	0.98725
654 T	0.01181	0.00095	0.98725
655 G	0.01183	0.00095	0.98723
656 T	0.01185	0.00097	0.98718
657 A	0.01187	0.00096	0.98717
658 G	0.01192	0.00083	0.98725
659 T	0.01200	0.00061	0.9874
660 T	0.01206	0.00051	0.98744
661 C	0.01213	0.00044	0.98743
662 C	0.01219	0.00048	0.98733
663 T	0.01218	0.00114	0.98667
664 A	0.01215	0.00160	0.98624
665 A	0.01214	0.00180	0.98606
666 A	0.01210	0.00198	0.98593
667 T	0.01210	0.00211	0.9858
668 A	0.01209	0.00222	0.98569
669 T	0.01209	0.00229	0.98563
670 T	0.01207	0.00236	0.98557
671 T	0.01205	0.00242	0.98553
672 A	0.01198	0.00251	0.98551
673 G	0.01193	0.00255	0.98551
674 G	0.01191	0.00257	0.98551
675 T	0.01190	0.00258	0.98551
676 C	0.01189	0.00260	0.98551
677 C	0.01190	0.00259	0.98551
678 G	0.01192	0.00258	0.9855
679 A	0.01196	0.00255	0.98549
680 C	0.01197	0.00255	0.98548
681 A	0.01198	0.00255	0.98547
682 A	0.01201	0.00253	0.98546
683 C	0.01209	0.00244	0.98546
684 T	0.01224	0.00231	0.98545
685 A	0.01241	0.00214	0.98545
686 T	0.01311	0.00142	0.98547
687 T	0.01341	0.00109	0.9855
688 A	0.01350	0.00100	0.98551
689 C	0.01357	0.00087	0.98555
690 T	0.01369	0.00082	0.98549
691 G	0.01374	0.00107	0.9852
692 T	0.01379	0.00126	0.98495
693 T	0.01376	0.00178	0.98446
694 A	0.01355	0.00295	0.98349
695 T	0.01339	0.00324	0.98337
696 T	0.01277	0.00416	0.98307
697 A	0.01168	0.00562	0.98271
698 G	0.01097	0.00647	0.98257
699 C	0.01070	0.00686	0.98245
700 G	0.01057	0.00740	0.98203
701 A	0.01051	0.00778	0.9817
702 A	0.01047	0.00795	0.98158
703 T	0.01047	0.00800	0.98154
704 T	0.01045	0.00806	0.98148
705 A	0.01039	0.00822	0.98139
706 A	0.01035	0.00831	0.98134
707 T	0.01035	0.00834	0.98131
708 T	0.01033	0.00842	0.98125
709 G	0.01027	0.00859	0.98113
710 A	0.01025	0.00870	0.98105
711 A	0.01025	0.00878	0.98097
712 A	0.01027	0.00885	0.98088
713 A	0.01039	0.00874	0.98087
714 T	0.01081	0.00829	0.98089
715 A	0.01105	0.00804	0.9809
716 A	0.01153	0.00747	0.981
717 A	0.01238	0.00635	0.98127
718 A	0.01269	0.00575	0.98156
719 T	0.01331	0.00443	0.98226
720 T	0.01399	0.00278	0.98323
721 T	0.01424	0.00201	0.98375
722 T	0.01433	0.00178	0.98389
723 T	0.01446	0.00177	0.98378
724 T	0.01451	0.00196	0.98353
725 T	0.01453	0.00207	0.9834
726 A	0.01454	0.00219	0.98327
727 A	0.01457	0.00223	0.98319
728 T	0.01467	0.00216	0.98317
729 T	0.01473	0.00223	0.98305
730 G	0.01476	0.00247	0.98277
731 G	0.01483	0.00264	0.98252
732 T	0.01495	0.00292	0.98213
733 G	0.01501	0.00340	0.98159
734 A	0.01508	0.00382	0.9811
735 T	0.01518	0.00413	0.98069
736 A	0.01520	0.00465	0.98016
737 T	0.01522	0.00484	0.97995
738 T	0.01523	0.00527	0.97949
739 A	0.01521	0.00571	0.97907
740 A	0.01521	0.00575	0.97904
741 A	0.01518	0.00581	0.97901
742 A	0.01516	0.00583	0.979
743 G	0.01518	0.00581	0.979
744 C	0.01527	0.00572	0.97901
745 G	0.01539	0.00561	0.979
746 C	0.01565	0.00535	0.979
747 T	0.01600	0.00501	0.97899
748 T	0.01614	0.00487	0.97898
749 G	0.01620	0.00482	0.97899
750 C	0.01628	0.00473	0.97899
751 G	0.01637	0.00466	0.97897
752 C	0.01660	0.00443	0.97896
753 T	0.01704	0.00403	0.97893
754 A	0.01738	0.00369	0.97893
755 T	0.01788	0.00320	0.97892
756 T	0.01835	0.00273	0.97893
757 G	0.01862	0.00247	0.97891
758 C	0.01898	0.00215	0.97886
759 T	0.01952	0.00203	0.97846
760 A	0.01966	0.00217	0.97817
761 T	0.02005	0.00196	0.978
762 T	0.02033	0.00184	0.97783
763 A	0.02033	0.00212	0.97754
764 A	0.02033	0.00224	0.97743
765 T	0.02031	0.00241	0.97727
766 T	0.02026	0.00248	0.97725
767 T	0.02014	0.00263	0.97723
768 A	0.01997	0.00283	0.9772
769 A	0.01992	0.00290	0.97718
770 C	0.01991	0.00292	0.97717
771 A	0.01990	0.00302	0.97708
772 T	0.01992	0.00308	0.977
773 T	0.01993	0.00319	0.97688
774 T	0.01993	0.00333	0.97674
775 T	0.01993	0.00344	0.97663
776 T	0.01992	0.00351	0.97656
777 A	0.01987	0.00357	0.97657
778 A	0.01984	0.00359	0.97657
779 T	0.01986	0.00353	0.97661
780 G	0.01987	0.00346	0.97666
781 C	0.01997	0.00335	0.97667
782 T	0.02051	0.00304	0.97646
783 T	0.02083	0.00301	0.97616
784 T	0.02096	0.00344	0.9756
785 A	0.02103	0.00425	0.97472
786 T	0.02120	0.00475	0.97406
787 A	0.02126	0.00596	0.97278
788 T	0.02138	0.00666	0.97196
789 T	0.02137	0.00755	0.97107
790 T	0.02131	0.00778	0.97092
791 T	0.02106	0.00824	0.97069
792 A	0.02082	0.00867	0.97052
793 A	0.02076	0.00883	0.97041
794 C	0.02081	0.00882	0.97037
795 T	0.02091	0.00889	0.9702
796 T	0.02103	0.00898	0.96999
797 T	0.02111	0.00917	0.96971
798 T	0.02103	0.00979	0.96918
799 T	0.02072	0.01127	0.96801
800 A	0.01980	0.01443	0.96577
801 T	0.01930	0.01541	0.9653
802 A	0.01783	0.01798	0.96419
803 A	0.01655	0.02037	0.96307
804 A	0.01539	0.02267	0.96194
805 C	0.01440	0.02533	0.96027
806 A	0.01402	0.02888	0.9571
807 A	0.01402	0.02954	0.95645
808 A	0.01435	0.02994	0.95571
809 A	0.01461	0.03064	0.95475
810 T	0.01575	0.02993	0.95433
811 C	0.01647	0.02981	0.95372
812 A	0.01717	0.03086	0.95196
813 A	0.01741	0.03200	0.95059
814 T	0.01777	0.03294	0.94928
815 T	0.01769	0.03437	0.94795
816 T	0.01573	0.03999	0.94429
817 G	0.01250	0.04687	0.94064
818 A	0.01010	0.05219	0.93771
819 A	0.00854	0.05530	0.93616
820 A	0.00682	0.05849	0.93468
821 A	0.00694	0.05854	0.93452
822 A	0.00775	0.05756	0.93469
823 A	0.00948	0.05512	0.9354
824 A	0.01008	0.05406	0.93586
825 A	0.01131	0.05157	0.93712
826 A	0.01280	0.04890	0.9383
827 A	0.01418	0.04639	0.93944
828 T	0.01631	0.04301	0.94068
829 A	0.01845	0.04022	0.94133
830 A	0.01921	0.03876	0.94203
831 A	0.02021	0.03710	0.94269
832 T	0.02203	0.03460	0.94337
833 C	0.02278	0.03353	0.94368
834 T	0.02401	0.03216	0.94383
835 A	0.02540	0.03065	0.94396
836 A	0.02705	0.02878	0.94417
837 T	0.02919	0.02630	0.94451
838 G	0.03120	0.02393	0.94488
839 T	0.03557	0.01691	0.94752
840 T	0.03922	0.00993	0.95085
841 T	0.04138	0.00538	0.95324
842 A	0.04219	0.00314	0.95467
843 A	0.04350	0.00000	0.9565
