# lcl|CP097583.1_cds_USQ93280.1_1
# AA	inside	membr	outside
1 A	0.21764	0.00000	0.78236
2 T	0.21701	0.00063	0.78236
3 G	0.21681	0.00083	0.78236
4 A	0.21681	0.01323	0.76996
5 A	0.21509	0.02322	0.76169
6 A	0.21509	0.02411	0.7608
7 A	0.21371	0.02563	0.76066
8 T	0.21371	0.02564	0.76065
9 A	0.21305	0.02636	0.76058
10 T	0.21305	0.02742	0.75953
11 T	0.21286	0.02770	0.75944
12 A	0.20479	0.03586	0.75935
13 T	0.19253	0.04867	0.7588
14 C	0.19252	0.04868	0.7588
15 T	0.19252	0.05067	0.75681
16 A	0.19169	0.05149	0.75681
17 A	0.19110	0.05212	0.75678
18 T	0.19109	0.05217	0.75674
19 C	0.19088	0.05241	0.75671
20 T	0.19018	0.05418	0.75564
21 T	0.18886	0.05549	0.75565
22 T	0.18904	0.05531	0.75565
23 T	0.18879	0.05555	0.75566
24 A	0.18840	0.05598	0.75563
25 C	0.18847	0.05486	0.75666
26 A	0.18882	0.05448	0.7567
27 T	0.19970	0.04353	0.75677
28 T	0.20580	0.03656	0.75764
29 T	0.20591	0.03649	0.7576
30 T	0.20391	0.03801	0.75808
31 A	0.20038	0.04143	0.75819
32 A	0.19780	0.04287	0.75933
33 T	0.19787	0.04186	0.76028
34 A	0.19691	0.04268	0.76041
35 A	0.19655	0.03658	0.76687
36 A	0.19689	0.02604	0.77708
37 T	0.19708	0.02535	0.77757
38 T	0.19747	0.02469	0.77784
39 G	0.19582	0.02580	0.77838
40 C	0.19562	0.02557	0.7788
41 T	0.19553	0.02585	0.77862
42 T	0.19518	0.02646	0.77835
43 T	0.19457	0.02719	0.77824
44 T	0.19292	0.02926	0.77782
45 A	0.19117	0.03293	0.7759
46 A	0.19036	0.03404	0.7756
47 A	0.18994	0.03398	0.77609
48 T	0.18995	0.03348	0.77657
49 A	0.18999	0.03349	0.77652
50 T	0.19002	0.03308	0.77691
51 T	0.18683	0.03529	0.77788
52 A	0.18180	0.03944	0.77876
53 T	0.17744	0.04171	0.78086
54 A	0.16893	0.04743	0.78364
55 C	0.16415	0.04976	0.78609
56 A	0.16041	0.05303	0.78656
57 A	0.15844	0.05426	0.7873
58 A	0.15792	0.05432	0.78777
59 G	0.15772	0.05422	0.78805
60 T	0.15795	0.05392	0.78813
61 G	0.15785	0.05285	0.7893
62 T	0.15855	0.05055	0.7909
63 T	0.15893	0.04945	0.79161
64 T	0.15905	0.04882	0.79213
65 A	0.15889	0.04826	0.79285
66 T	0.15894	0.04671	0.79436
67 C	0.15905	0.04490	0.79605
68 C	0.16040	0.04256	0.79703
69 T	0.16110	0.04164	0.79725
70 G	0.16104	0.04159	0.79738
71 T	0.16099	0.04163	0.79739
72 T	0.16059	0.04204	0.79737
73 A	0.16000	0.04251	0.79749
74 T	0.15991	0.03776	0.80234
75 A	0.15969	0.03272	0.80759
76 T	0.15957	0.02758	0.81285
77 T	0.15940	0.01986	0.82074
78 T	0.15896	0.01604	0.825
79 G	0.15831	0.01354	0.82815
80 G	0.15808	0.01223	0.82969
81 A	0.15801	0.01217	0.82982
82 T	0.15815	0.01189	0.82996
83 T	0.15824	0.01191	0.82984
84 T	0.15826	0.01250	0.82924
85 T	0.15824	0.01437	0.82739
86 A	0.15804	0.01823	0.82373
87 T	0.15760	0.02182	0.82058
88 A	0.15674	0.02837	0.8149
89 T	0.15624	0.03376	0.81
90 T	0.15514	0.03879	0.80606
91 A	0.15320	0.04766	0.79914
92 T	0.15213	0.05339	0.79449
93 A	0.14612	0.06771	0.78618
94 A	0.14219	0.07855	0.77927
95 A	0.14056	0.08350	0.77593
96 T	0.13558	0.09198	0.77244
97 A	0.12725	0.10774	0.765
98 A	0.12018	0.12160	0.75822
99 T	0.11771	0.12982	0.75247
100 A	0.11308	0.13558	0.75133
101 T	0.11071	0.13764	0.75166
102 A	0.10743	0.14058	0.75198
103 A	0.10498	0.14294	0.75208
104 C	0.10255	0.14537	0.75208
105 C	0.09980	0.14875	0.75145
106 A	0.09878	0.15024	0.75097
107 A	0.09943	0.14977	0.75081
108 A	0.10132	0.14802	0.75065
109 A	0.10418	0.14511	0.75071
110 C	0.10768	0.14101	0.75132
111 A	0.11289	0.13448	0.75263
112 T	0.11868	0.12780	0.75351
113 C	0.12212	0.12331	0.75457
114 A	0.12728	0.11801	0.7547
115 A	0.13148	0.11377	0.75475
116 A	0.13925	0.10127	0.75948
117 T	0.14614	0.09102	0.76284
118 A	0.14948	0.08626	0.76427
119 A	0.15383	0.07504	0.77113
120 A	0.16099	0.05864	0.78037
121 C	0.16804	0.04265	0.78931
122 T	0.17389	0.03406	0.79205
123 T	0.17561	0.02817	0.79623
124 A	0.17586	0.02539	0.79875
125 A	0.17627	0.02282	0.80091
126 C	0.17677	0.01990	0.80333
127 T	0.17729	0.01638	0.80633
128 C	0.17796	0.01273	0.80931
129 T	0.17849	0.01157	0.80994
130 A	0.17830	0.01191	0.80979
131 A	0.17822	0.01202	0.80976
132 T	0.17820	0.01112	0.81068
133 C	0.17791	0.01091	0.81117
134 C	0.17636	0.01302	0.81062
135 T	0.17565	0.01741	0.80694
136 T	0.17515	0.02169	0.80316
137 T	0.17397	0.03150	0.79453
138 A	0.17325	0.04253	0.78423
139 G	0.17308	0.04348	0.78344
140 T	0.17295	0.04394	0.78312
141 T	0.17246	0.04477	0.78277
142 T	0.17184	0.04532	0.78284
143 C	0.16968	0.04727	0.78305
144 A	0.16656	0.05044	0.783
145 T	0.16541	0.05164	0.78295
146 C	0.16323	0.05386	0.78291
147 C	0.16168	0.05542	0.78289
148 A	0.16070	0.05651	0.78279
149 A	0.16022	0.05706	0.78272
150 A	0.15929	0.05805	0.78266
151 C	0.15866	0.05873	0.78261
152 A	0.15778	0.06016	0.78206
153 A	0.15767	0.06061	0.78171
154 A	0.15627	0.06195	0.78178
155 A	0.15566	0.06240	0.78194
156 A	0.15619	0.06145	0.78236
157 T	0.15934	0.05549	0.78518
158 C	0.16241	0.05073	0.78686
159 A	0.16564	0.04687	0.78749
160 C	0.17390	0.03756	0.78854
161 T	0.18377	0.02744	0.7888
162 T	0.18471	0.02657	0.78872
163 T	0.18522	0.02600	0.78878
164 T	0.18557	0.02506	0.78937
165 T	0.18479	0.02531	0.7899
166 A	0.18303	0.02468	0.79229
167 C	0.18259	0.02147	0.79594
168 T	0.18233	0.02075	0.79693
169 T	0.18144	0.02037	0.79818
170 T	0.17937	0.02185	0.79877
171 C	0.17545	0.02568	0.79888
172 A	0.16521	0.03669	0.7981
173 A	0.16084	0.04081	0.79836
174 A	0.15931	0.04180	0.79889
175 G	0.15889	0.04117	0.79994
176 A	0.15891	0.04111	0.79998
177 T	0.15853	0.03913	0.80233
178 G	0.15709	0.03888	0.80402
179 T	0.15617	0.03887	0.80495
180 T	0.15435	0.04004	0.80561
181 G	0.14974	0.04432	0.80594
182 C	0.14750	0.04644	0.80606
183 T	0.14560	0.04902	0.80539
184 G	0.14021	0.05556	0.80424
185 G	0.13542	0.06076	0.80382
186 T	0.12605	0.07106	0.80289
187 A	0.11093	0.08682	0.80226
188 A	0.10313	0.09412	0.80274
189 C	0.09259	0.10260	0.8048
190 G	0.08146	0.11418	0.80436
191 A	0.06993	0.12790	0.80217
192 A	0.05963	0.14072	0.79966
193 G	0.05100	0.15296	0.79604
194 A	0.04351	0.16649	0.79
195 A	0.03796	0.16628	0.79576
196 G	0.03318	0.16914	0.79769
197 A	0.02791	0.17720	0.79489
198 A	0.02406	0.18640	0.78955
199 A	0.02198	0.19170	0.78631
200 A	0.02055	0.19378	0.78567
201 A	0.01924	0.19427	0.78649
202 G	0.01806	0.19487	0.78707
203 A	0.01734	0.19435	0.78831
204 A	0.01700	0.19103	0.79197
205 G	0.01694	0.18857	0.79449
206 A	0.01744	0.18597	0.79659
207 A	0.01836	0.17981	0.80183
208 A	0.01898	0.17328	0.80774
209 T	0.02011	0.15983	0.82006
210 G	0.02065	0.14588	0.83348
211 A	0.02123	0.13909	0.83969
212 A	0.02178	0.13012	0.84809
213 A	0.02299	0.12009	0.85692
214 G	0.02540	0.10617	0.86843
215 A	0.02896	0.09463	0.87642
216 A	0.03556	0.08117	0.88327
217 T	0.04575	0.06373	0.89052
218 T	0.05015	0.05469	0.89516
219 A	0.05242	0.04984	0.89773
220 A	0.05600	0.04187	0.90213
221 T	0.06101	0.03535	0.90364
222 T	0.06365	0.03648	0.89987
223 G	0.06400	0.05297	0.88303
224 A	0.06354	0.05964	0.87681
225 T	0.06439	0.05964	0.87597
226 T	0.06329	0.06361	0.8731
227 T	0.06000	0.06994	0.87006
228 C	0.04957	0.08392	0.86651
229 T	0.04461	0.10211	0.85328
230 T	0.04017	0.11538	0.84446
231 A	0.03354	0.12838	0.83809
232 A	0.03053	0.13461	0.83487
233 A	0.02864	0.13746	0.8339
234 A	0.02710	0.13890	0.834
235 A	0.02679	0.13895	0.83426
236 G	0.02788	0.13758	0.83454
237 A	0.02838	0.13697	0.83465
238 C	0.03093	0.13428	0.83479
239 C	0.03298	0.13220	0.83482
240 T	0.03431	0.13090	0.83479
241 C	0.03471	0.13054	0.83475
242 A	0.03539	0.12993	0.83468
243 A	0.03653	0.12886	0.83461
244 A	0.03954	0.12589	0.83456
245 A	0.04566	0.11963	0.8347
246 A	0.06366	0.10111	0.83522
247 T	0.07380	0.08768	0.83852
248 A	0.07631	0.08325	0.84044
249 T	0.08240	0.07312	0.84448
250 A	0.08660	0.06410	0.8493
251 C	0.09158	0.04602	0.8624
252 T	0.10395	0.02930	0.86675
253 T	0.10984	0.01984	0.87031
254 C	0.11118	0.01592	0.87291
255 T	0.10690	0.02207	0.87103
256 A	0.09381	0.03931	0.86687
257 T	0.08075	0.05210	0.86716
258 A	0.05190	0.08220	0.86591
259 G	0.04091	0.09283	0.86626
260 G	0.03708	0.09548	0.86744
261 A	0.03449	0.09754	0.86797
262 G	0.03341	0.09797	0.86861
263 C	0.03237	0.09865	0.86898
264 T	0.03156	0.09938	0.86905
265 A	0.03061	0.10034	0.86906
266 A	0.03002	0.10087	0.8691
267 A	0.02989	0.10087	0.86924
268 A	0.02986	0.10076	0.86938
269 T	0.02985	0.09998	0.87017
270 A	0.02974	0.09957	0.87068
271 C	0.02966	0.09871	0.87163
272 C	0.02962	0.09856	0.87182
273 T	0.02961	0.09849	0.8719
274 A	0.02957	0.09847	0.87196
275 A	0.02965	0.09825	0.8721
276 A	0.02990	0.09773	0.87237
277 G	0.03068	0.09454	0.87478
278 G	0.03363	0.07865	0.88772
279 T	0.03845	0.05672	0.90483
280 G	0.03953	0.04118	0.91929
281 T	0.04114	0.01904	0.93982
282 T	0.04139	0.01141	0.94721
283 T	0.04157	0.00862	0.94981
284 T	0.04160	0.00702	0.95138
285 A	0.04147	0.00737	0.95115
286 T	0.04147	0.00708	0.95145
287 T	0.04133	0.00943	0.94924
288 A	0.04026	0.01635	0.94339
289 G	0.03844	0.02337	0.93819
290 A	0.03614	0.02800	0.93586
291 A	0.03452	0.03075	0.93472
292 G	0.03422	0.03114	0.93463
293 G	0.03411	0.03128	0.93461
294 C	0.03410	0.03120	0.9347
295 T	0.03411	0.03117	0.93472
296 C	0.03411	0.03115	0.93474
297 T	0.03411	0.03115	0.93474
298 C	0.03409	0.03118	0.93473
299 C	0.03401	0.03127	0.93472
300 T	0.03395	0.03139	0.93466
301 G	0.03391	0.03144	0.93465
302 G	0.03386	0.03151	0.93463
303 G	0.03382	0.03157	0.9346
304 A	0.03382	0.03162	0.93455
305 C	0.03395	0.03144	0.9346
306 A	0.03408	0.03147	0.93445
307 G	0.03477	0.03089	0.93434
308 G	0.03604	0.02962	0.93434
309 A	0.03714	0.02860	0.93426
310 A	0.03988	0.02574	0.93438
311 A	0.04593	0.01845	0.93562
312 A	0.05136	0.01119	0.93745
313 A	0.05389	0.00635	0.93976
314 C	0.05527	0.00337	0.94136
315 T	0.05564	0.00276	0.94161
316 C	0.05579	0.00251	0.9417
317 T	0.05584	0.00245	0.94171
318 T	0.05570	0.00259	0.94171
319 C	0.05529	0.00299	0.94172
320 T	0.05485	0.00343	0.94172
321 T	0.05416	0.00412	0.94172
322 G	0.05307	0.00517	0.94176
323 C	0.05199	0.00629	0.94172
324 G	0.05099	0.00750	0.94151
325 A	0.05051	0.00809	0.9414
326 A	0.05038	0.00823	0.94139
327 A	0.05024	0.00839	0.94137
328 G	0.05025	0.00833	0.94142
329 C	0.05042	0.00780	0.94178
330 T	0.05057	0.00768	0.94175
331 T	0.05061	0.00762	0.94176
332 T	0.05062	0.00760	0.94177
333 A	0.05057	0.00765	0.94178
334 G	0.05055	0.00765	0.9418
335 C	0.05051	0.00760	0.9419
336 T	0.05040	0.00770	0.9419
337 G	0.05012	0.00798	0.9419
338 G	0.04993	0.00818	0.94189
339 A	0.04975	0.00836	0.94188
340 G	0.04970	0.00836	0.94193
341 A	0.04968	0.00804	0.94228
342 A	0.04967	0.00718	0.94315
343 G	0.04969	0.00621	0.9441
344 C	0.04972	0.00529	0.94499
345 A	0.04976	0.00472	0.94552
346 A	0.04987	0.00398	0.94616
347 A	0.05010	0.00309	0.94682
348 T	0.05028	0.00248	0.94724
349 G	0.05036	0.00224	0.9474
350 T	0.05048	0.00179	0.94774
351 G	0.05052	0.00158	0.94789
352 C	0.05055	0.00142	0.94803
353 C	0.05065	0.00129	0.94806
354 T	0.05071	0.00121	0.94807
355 T	0.05074	0.00118	0.94809
356 T	0.05076	0.00116	0.94808
357 T	0.05075	0.00117	0.94807
358 T	0.05072	0.00115	0.94812
359 A	0.05069	0.00105	0.94827
360 T	0.05067	0.00076	0.94856
361 G	0.05063	0.00060	0.94876
362 C	0.05060	0.00047	0.94893
363 T	0.05058	0.00047	0.94896
364 G	0.05053	0.00051	0.94897
365 T	0.05051	0.00052	0.94897
366 A	0.05045	0.00058	0.94897
367 T	0.05044	0.00059	0.94897
368 C	0.05043	0.00059	0.94898
369 T	0.05043	0.00059	0.94898
370 G	0.05041	0.00061	0.94898
371 G	0.05040	0.00062	0.94898
372 T	0.05038	0.00064	0.94898
373 T	0.05033	0.00069	0.94898
374 C	0.05029	0.00072	0.94898
375 T	0.05026	0.00076	0.94898
376 G	0.05023	0.00081	0.94896
377 A	0.05022	0.00083	0.94895
378 A	0.05022	0.00084	0.94895
379 T	0.05023	0.00082	0.94894
380 T	0.05023	0.00080	0.94897
381 T	0.05020	0.00079	0.94901
382 G	0.05010	0.00085	0.94905
383 A	0.05006	0.00087	0.94907
384 T	0.05004	0.00084	0.94912
385 G	0.05002	0.00082	0.94916
386 A	0.05001	0.00079	0.94919
387 T	0.05001	0.00074	0.94924
388 A	0.05001	0.00072	0.94927
389 C	0.05001	0.00066	0.94933
390 G	0.05001	0.00065	0.94934
391 T	0.05001	0.00064	0.94936
392 A	0.05001	0.00063	0.94936
393 T	0.05001	0.00061	0.94938
394 G	0.05001	0.00060	0.94939
395 T	0.05000	0.00056	0.94943
396 C	0.04997	0.00052	0.9495
397 G	0.04996	0.00051	0.94953
398 G	0.04995	0.00050	0.94955
399 T	0.04996	0.00047	0.94956
400 G	0.04996	0.00048	0.94956
401 T	0.04996	0.00049	0.94955
402 T	0.04995	0.00048	0.94957
403 G	0.04993	0.00048	0.9496
404 G	0.04991	0.00045	0.94963
405 T	0.04992	0.00037	0.94971
406 G	0.04991	0.00033	0.94975
407 C	0.04992	0.00030	0.94978
408 T	0.04992	0.00029	0.94979
409 T	0.04992	0.00029	0.94979
410 C	0.04991	0.00029	0.9498
411 T	0.04989	0.00031	0.9498
412 C	0.04980	0.00040	0.94979
413 G	0.04974	0.00050	0.94977
414 T	0.04966	0.00063	0.94971
415 G	0.04955	0.00081	0.94965
416 T	0.04948	0.00091	0.94961
417 T	0.04926	0.00118	0.94956
418 A	0.04875	0.00180	0.94944
419 G	0.04842	0.00220	0.94937
420 A	0.04810	0.00269	0.94921
421 G	0.04787	0.00327	0.94887
422 A	0.04775	0.00367	0.94858
423 G	0.04767	0.00404	0.94829
424 T	0.04761	0.00457	0.94782
425 T	0.04751	0.00472	0.94778
426 A	0.04724	0.00507	0.94769
427 T	0.04716	0.00521	0.94763
428 T	0.04705	0.00538	0.94757
429 C	0.04689	0.00560	0.94751
430 A	0.04678	0.00600	0.94722
431 A	0.04672	0.00618	0.9471
432 A	0.04667	0.00631	0.94703
433 G	0.04664	0.00634	0.94701
434 A	0.04662	0.00638	0.947
435 A	0.04658	0.00633	0.94709
436 A	0.04659	0.00621	0.9472
437 C	0.04664	0.00597	0.9474
438 T	0.04671	0.00585	0.94744
439 A	0.04671	0.00585	0.94744
440 A	0.04673	0.00574	0.94753
441 A	0.04682	0.00532	0.94786
442 G	0.04693	0.00499	0.94808
443 A	0.04712	0.00447	0.9484
444 T	0.04756	0.00378	0.94866
445 A	0.04780	0.00339	0.9488
446 A	0.04807	0.00297	0.94896
447 T	0.04847	0.00242	0.94912
448 G	0.04850	0.00217	0.94934
449 C	0.04862	0.00173	0.94965
450 T	0.04874	0.00151	0.94975
451 C	0.04879	0.00139	0.94982
452 C	0.04884	0.00130	0.94985
453 T	0.04906	0.00108	0.94986
454 T	0.04908	0.00106	0.94987
455 G	0.04887	0.00124	0.94989
456 C	0.04874	0.00135	0.94991
457 G	0.04863	0.00145	0.94992
458 T	0.04862	0.00140	0.94997
459 G	0.04855	0.00144	0.95001
460 C	0.04857	0.00141	0.95002
461 T	0.04863	0.00135	0.95002
462 T	0.04866	0.00130	0.95004
463 T	0.04866	0.00129	0.95006
464 T	0.04861	0.00133	0.95006
465 T	0.04850	0.00144	0.95006
466 A	0.04819	0.00175	0.95007
467 T	0.04792	0.00199	0.95009
468 T	0.04726	0.00262	0.95013
469 G	0.04615	0.00372	0.95013
470 A	0.04542	0.00445	0.95014
471 C	0.04461	0.00525	0.95015
472 G	0.04410	0.00579	0.95011
473 A	0.04352	0.00645	0.95003
474 A	0.04299	0.00707	0.94994
475 A	0.04167	0.00849	0.94983
476 T	0.04055	0.00971	0.94974
477 A	0.03949	0.01086	0.94964
478 G	0.03896	0.01130	0.94974
479 A	0.03877	0.01144	0.94979
480 T	0.03867	0.01149	0.94984
481 G	0.03849	0.01176	0.94975
482 T	0.03843	0.01185	0.94972
483 T	0.03825	0.01208	0.94967
484 T	0.03786	0.01249	0.94964
485 T	0.03718	0.01317	0.94965
486 A	0.03572	0.01462	0.94966
487 G	0.03533	0.01491	0.94977
488 G	0.03513	0.01491	0.94996
489 A	0.03498	0.01472	0.95029
490 G	0.03492	0.01437	0.95072
491 G	0.03488	0.01379	0.95133
492 C	0.03480	0.01315	0.95205
493 A	0.03471	0.01312	0.95217
494 A	0.03462	0.01284	0.95255
495 A	0.03459	0.01262	0.95279
496 A	0.03464	0.01214	0.95322
497 G	0.03474	0.01160	0.95366
498 A	0.03486	0.00988	0.95525
499 G	0.03500	0.00799	0.95701
500 G	0.03521	0.00683	0.95795
501 T	0.03545	0.00606	0.95849
502 G	0.03556	0.00583	0.95862
503 G	0.03568	0.00572	0.9586
504 T	0.03585	0.00553	0.95862
505 T	0.03592	0.00543	0.95864
506 T	0.03588	0.00551	0.95861
507 T	0.03571	0.00588	0.95841
508 T	0.03519	0.00674	0.95807
509 C	0.03422	0.00738	0.9584
510 A	0.03350	0.00993	0.95657
511 G	0.03275	0.01254	0.95471
512 G	0.03218	0.01641	0.9514
513 A	0.03178	0.02142	0.9468
514 G	0.03170	0.02228	0.94601
515 A	0.03169	0.02274	0.94557
516 A	0.03185	0.02252	0.94562
517 T	0.03202	0.02227	0.9457
518 C	0.03204	0.02223	0.94573
519 T	0.03192	0.02253	0.94555
520 C	0.03142	0.02349	0.94509
521 A	0.03097	0.02503	0.944
522 A	0.03076	0.02618	0.94306
523 A	0.03055	0.02748	0.94196
524 A	0.03043	0.02832	0.94125
525 A	0.03045	0.02877	0.94079
526 A	0.03067	0.02878	0.94055
527 A	0.03100	0.02866	0.94035
528 A	0.03122	0.02829	0.94048
529 G	0.03176	0.02744	0.9408
530 A	0.03269	0.02605	0.94126
531 T	0.03405	0.02400	0.94195
532 C	0.03482	0.02236	0.94282
533 A	0.03638	0.02049	0.94314
534 A	0.03810	0.01835	0.94355
535 A	0.04102	0.01505	0.94393
536 C	0.04497	0.01078	0.94425
537 T	0.04570	0.01030	0.944
538 T	0.04585	0.01042	0.94374
539 T	0.04546	0.01149	0.94305
540 A	0.04478	0.01246	0.94276
541 A	0.04419	0.01339	0.94243
542 A	0.04394	0.01348	0.94257
543 T	0.04447	0.01237	0.94316
544 C	0.04527	0.01112	0.94361
545 A	0.04602	0.01041	0.94357
546 A	0.04705	0.00934	0.94362
547 C	0.04774	0.00858	0.94369
548 T	0.04818	0.00823	0.94359
549 A	0.04838	0.00809	0.94354
550 T	0.04862	0.00772	0.94366
551 T	0.04866	0.00763	0.94371
552 A	0.04866	0.00761	0.94374
553 A	0.04867	0.00740	0.94393
554 C	0.04870	0.00714	0.94416
555 T	0.04871	0.00703	0.94426
556 G	0.04872	0.00697	0.94431
557 A	0.04876	0.00695	0.94429
558 A	0.04882	0.00688	0.9443
559 A	0.04893	0.00673	0.94434
560 T	0.04929	0.00572	0.94499
561 G	0.04957	0.00495	0.94548
562 G	0.05015	0.00404	0.94581
563 A	0.05042	0.00377	0.94582
564 T	0.05078	0.00342	0.9458
565 G	0.05087	0.00349	0.94564
566 G	0.05095	0.00336	0.94569
567 T	0.05108	0.00323	0.94569
568 T	0.05124	0.00300	0.94575
569 T	0.05129	0.00293	0.94578
570 C	0.05128	0.00293	0.94579
571 T	0.05133	0.00287	0.9458
572 C	0.05130	0.00290	0.9458
573 T	0.05127	0.00295	0.94578
574 T	0.05120	0.00302	0.94578
575 C	0.05114	0.00307	0.94578
576 A	0.05109	0.00313	0.94577
577 T	0.05107	0.00317	0.94576
578 C	0.05098	0.00326	0.94576
579 T	0.05095	0.00337	0.94568
580 A	0.05091	0.00350	0.9456
581 A	0.05089	0.00353	0.94557
582 A	0.05089	0.00355	0.94556
583 G	0.05094	0.00352	0.94554
584 G	0.05104	0.00338	0.94558
585 A	0.05137	0.00304	0.94559
586 A	0.05182	0.00260	0.94559
587 T	0.05244	0.00196	0.94561
588 T	0.05286	0.00154	0.9456
589 A	0.05289	0.00160	0.94551
590 T	0.05294	0.00164	0.94541
591 T	0.05293	0.00185	0.94522
592 A	0.05290	0.00207	0.94503
593 T	0.05289	0.00209	0.94502
594 T	0.05286	0.00220	0.94495
595 G	0.05273	0.00244	0.94483
596 T	0.05264	0.00258	0.94478
597 T	0.05234	0.00301	0.94464
598 G	0.05197	0.00337	0.94466
599 G	0.05188	0.00344	0.94468
600 A	0.05184	0.00347	0.94468
601 G	0.05185	0.00337	0.94478
602 C	0.05193	0.00324	0.94484
603 T	0.05202	0.00314	0.94484
604 A	0.05199	0.00321	0.9448
605 C	0.05200	0.00322	0.94478
606 T	0.05200	0.00340	0.94461
607 A	0.05198	0.00364	0.94438
608 A	0.05199	0.00382	0.9442
609 T	0.05203	0.00391	0.94406
610 A	0.05203	0.00416	0.94381
611 G	0.05208	0.00419	0.94374
612 A	0.05219	0.00411	0.9437
613 G	0.05234	0.00397	0.94368
614 T	0.05263	0.00368	0.94368
615 T	0.05286	0.00343	0.94371
616 G	0.05292	0.00337	0.94372
617 A	0.05301	0.00323	0.94376
618 T	0.05316	0.00292	0.94391
619 A	0.05322	0.00275	0.94404
620 T	0.05336	0.00232	0.94432
621 C	0.05338	0.00203	0.94459
622 T	0.05339	0.00206	0.94455
623 T	0.05338	0.00219	0.94443
624 A	0.05333	0.00249	0.94418
625 G	0.05331	0.00255	0.94413
626 A	0.05330	0.00265	0.94404
627 T	0.05318	0.00278	0.94404
628 G	0.05291	0.00303	0.94406
629 C	0.05288	0.00307	0.94405
630 A	0.05294	0.00310	0.94397
631 G	0.05308	0.00298	0.94394
632 C	0.05320	0.00290	0.94389
633 T	0.05348	0.00279	0.94372
634 T	0.05355	0.00304	0.94342
635 T	0.05355	0.00332	0.94313
636 A	0.05339	0.00393	0.94268
637 T	0.05329	0.00455	0.94217
638 T	0.05302	0.00549	0.94149
639 A	0.05203	0.00671	0.94127
640 A	0.05152	0.00723	0.94125
641 G	0.05132	0.00743	0.94125
642 A	0.05115	0.00759	0.94125
643 C	0.05106	0.00766	0.94128
644 C	0.05102	0.00770	0.94128
645 A	0.05103	0.00775	0.94121
646 G	0.05093	0.00791	0.94116
647 G	0.05093	0.00800	0.94106
648 A	0.05094	0.00829	0.94078
649 A	0.05101	0.00833	0.94066
650 G	0.05109	0.00810	0.94081
651 A	0.05114	0.00791	0.94094
652 T	0.05126	0.00774	0.94099
653 T	0.05139	0.00761	0.94101
654 T	0.05143	0.00772	0.94086
655 G	0.05143	0.00789	0.94068
656 A	0.05153	0.00800	0.94047
657 T	0.05181	0.00779	0.9404
658 A	0.05202	0.00764	0.94033
659 G	0.05242	0.00705	0.94054
660 A	0.05291	0.00647	0.94062
661 A	0.05353	0.00562	0.94085
662 T	0.05380	0.00443	0.94177
663 C	0.05382	0.00395	0.94223
664 T	0.05384	0.00391	0.94225
665 T	0.05381	0.00395	0.94224
666 T	0.05360	0.00425	0.94215
667 A	0.05308	0.00489	0.94204
668 A	0.05276	0.00526	0.94198
669 A	0.05258	0.00526	0.94215
670 G	0.05244	0.00531	0.94225
671 T	0.05249	0.00552	0.94198
672 A	0.05240	0.00600	0.9416
673 G	0.05247	0.00639	0.94113
674 G	0.05264	0.00663	0.94073
675 T	0.05293	0.00646	0.9406
676 T	0.05306	0.00638	0.94056
677 T	0.05276	0.00676	0.94048
678 A	0.05241	0.00719	0.9404
679 C	0.05241	0.00728	0.94031
680 C	0.05233	0.00754	0.94013
681 A	0.05219	0.00850	0.93932
682 G	0.05214	0.00893	0.93893
683 A	0.05222	0.00912	0.93866
684 T	0.05234	0.00915	0.93852
685 G	0.05230	0.00927	0.93842
686 T	0.05232	0.00930	0.93838
687 T	0.05213	0.00958	0.93829
688 A	0.05171	0.01028	0.93801
689 A	0.05129	0.01092	0.93778
690 A	0.05086	0.01094	0.9382
691 G	0.05067	0.01083	0.9385
692 G	0.05065	0.01068	0.93867
693 A	0.05075	0.01039	0.93887
694 C	0.05105	0.00983	0.93912
695 G	0.05141	0.00939	0.93921
696 T	0.05190	0.00903	0.93907
697 G	0.05223	0.00874	0.93903
698 A	0.05236	0.00864	0.939
699 A	0.05247	0.00852	0.93902
700 G	0.05265	0.00770	0.93965
701 C	0.05295	0.00698	0.94008
702 T	0.05335	0.00668	0.93998
703 A	0.05358	0.00681	0.93961
704 T	0.05432	0.00616	0.93952
705 T	0.05461	0.00630	0.9391
706 T	0.05468	0.00717	0.93815
707 T	0.05455	0.00911	0.93634
708 A	0.05391	0.01230	0.93378
709 A	0.05356	0.01710	0.92934
710 A	0.05345	0.01849	0.92806
711 A	0.05351	0.01824	0.92825
712 G	0.05379	0.01767	0.92854
713 T	0.05392	0.01710	0.92898
714 T	0.05390	0.01701	0.92909
715 C	0.05386	0.01697	0.92916
716 A	0.05384	0.01716	0.929
717 T	0.05389	0.01711	0.92901
718 G	0.05394	0.01705	0.929
719 C	0.05407	0.01695	0.92897
720 T	0.05413	0.01722	0.92865
721 C	0.05412	0.01770	0.92818
722 G	0.05413	0.01862	0.92725
723 T	0.05410	0.02034	0.92557
724 A	0.05396	0.02265	0.92339
725 A	0.05407	0.02350	0.92243
726 T	0.05449	0.02413	0.92138
727 A	0.05454	0.02772	0.91775
728 A	0.05502	0.02863	0.91635
729 A	0.05600	0.02809	0.91591
730 A	0.05792	0.02645	0.91563
731 A	0.06043	0.02354	0.91603
732 T	0.06513	0.01862	0.91625
733 A	0.06636	0.01723	0.9164
734 T	0.06672	0.01659	0.91669
735 T	0.06688	0.01629	0.91683
736 T	0.06696	0.01614	0.9169
737 C	0.06700	0.01604	0.91695
738 A	0.06703	0.01600	0.91696
739 T	0.06721	0.01579	0.91701
740 C	0.06720	0.01580	0.91699
741 T	0.06728	0.01583	0.91689
742 G	0.06750	0.01573	0.91677
743 A	0.06816	0.01530	0.91655
744 T	0.06907	0.01461	0.91632
745 A	0.06997	0.01432	0.91571
746 T	0.07174	0.01283	0.91544
747 T	0.07375	0.01110	0.91516
748 A	0.07437	0.01128	0.91435
749 A	0.07514	0.01116	0.9137
750 T	0.07902	0.00720	0.91378
751 T	0.08033	0.00606	0.9136
752 T	0.08058	0.00594	0.91347
753 T	0.08068	0.00586	0.91346
754 C	0.08057	0.00601	0.91343
755 A	0.08043	0.00632	0.91325
756 T	0.08031	0.00657	0.91311
757 C	0.07998	0.00716	0.91286
758 A	0.07905	0.00926	0.91168
759 A	0.07546	0.01415	0.91039
760 T	0.07407	0.01565	0.91029
761 T	0.07123	0.01864	0.91013
762 A	0.05959	0.03053	0.90988
763 G	0.05596	0.03432	0.90973
764 C	0.05424	0.03623	0.90953
765 G	0.05288	0.03791	0.90921
766 A	0.05219	0.03914	0.90867
767 A	0.05186	0.03990	0.90824
768 A	0.05214	0.04001	0.90786
769 C	0.05248	0.03974	0.90778
770 A	0.05283	0.03950	0.90767
771 A	0.05355	0.03875	0.90771
772 A	0.05423	0.03801	0.90776
773 C	0.05449	0.03771	0.90781
774 T	0.05472	0.03745	0.90783
775 C	0.05483	0.03711	0.90806
776 C	0.05467	0.03722	0.90811
777 A	0.05453	0.03751	0.90797
778 G	0.05459	0.03759	0.90781
779 G	0.05467	0.03778	0.90755
780 A	0.05491	0.03844	0.90665
781 A	0.05593	0.03737	0.9067
782 T	0.05714	0.03121	0.91165
783 G	0.05725	0.02940	0.91335
784 A	0.05742	0.02701	0.91556
785 G	0.05767	0.01642	0.92591
786 T	0.05792	0.01392	0.92816
787 G	0.05803	0.01251	0.92946
788 G	0.05831	0.01155	0.93014
789 A	0.05880	0.01050	0.9307
790 G	0.05916	0.00958	0.93126
791 C	0.05944	0.00901	0.93154
792 T	0.05952	0.00958	0.93089
793 C	0.05949	0.01211	0.9284
794 A	0.05936	0.02734	0.9133
795 A	0.05931	0.03370	0.90699
796 T	0.05930	0.04071	0.89999
797 T	0.05927	0.04526	0.89547
798 A	0.05920	0.04842	0.89238
799 G	0.05922	0.04910	0.89168
800 G	0.05941	0.04903	0.89157
801 A	0.05958	0.04906	0.89136
802 G	0.06003	0.04867	0.8913
803 C	0.06127	0.04747	0.89126
804 T	0.06250	0.04654	0.89096
805 G	0.06287	0.04636	0.89076
806 T	0.06362	0.04576	0.89062
807 T	0.06436	0.04523	0.89041
808 T	0.06507	0.04475	0.89018
809 T	0.06553	0.04457	0.8899
810 A	0.06556	0.04502	0.88943
811 A	0.06567	0.04503	0.8893
812 A	0.06579	0.04503	0.88918
813 T	0.06595	0.04495	0.8891
814 G	0.06620	0.04468	0.88913
815 A	0.06736	0.04356	0.88908
816 A	0.07153	0.03938	0.88909
817 G	0.08665	0.02411	0.88925
818 C	0.09321	0.01747	0.88933
819 T	0.10036	0.01036	0.88928
820 T	0.10397	0.00683	0.8892
821 C	0.10567	0.00525	0.88908
822 T	0.10660	0.00493	0.88846
823 A	0.10671	0.00613	0.88716
824 T	0.10673	0.00749	0.88578
825 T	0.10565	0.01045	0.88389
826 T	0.10222	0.01490	0.88288
827 T	0.09271	0.02672	0.88057
828 A	0.05917	0.06313	0.8777
829 A	0.04116	0.08229	0.87655
830 C	0.03180	0.09248	0.87572
831 A	0.02167	0.10621	0.87213
832 G	0.01667	0.11360	0.86974
833 T	0.01491	0.11730	0.86779
834 A	0.01033	0.12442	0.86526
835 A	0.00872	0.12746	0.86382
836 G	0.00798	0.12834	0.86367
837 A	0.00742	0.12893	0.86366
838 A	0.00720	0.12914	0.86367
839 A	0.00704	0.12928	0.86368
840 C	0.00681	0.12950	0.86369
841 C	0.00654	0.12992	0.86355
842 A	0.00625	0.13075	0.863
843 A	0.00611	0.13153	0.86236
844 A	0.00600	0.13224	0.86176
845 A	0.00621	0.13249	0.8613
846 A	0.00728	0.13149	0.86122
847 A	0.00857	0.12901	0.86241
848 A	0.01009	0.12440	0.86551
849 A	0.01146	0.11624	0.87229
850 A	0.01456	0.10058	0.88485
851 T	0.01891	0.06474	0.91635
852 G	0.01993	0.04905	0.93101
853 A	0.02075	0.04083	0.93842
854 T	0.02326	0.02991	0.94682
855 T	0.02465	0.02637	0.94898
856 A	0.02500	0.02650	0.94849
857 C	0.02541	0.02429	0.9503
858 G	0.02460	0.03396	0.94145
859 A	0.02384	0.04584	0.93031
860 T	0.02307	0.05741	0.91952
861 A	0.01907	0.07093	0.91
862 G	0.01365	0.08369	0.90265
863 A	0.01106	0.09323	0.89571
864 A	0.01075	0.09858	0.89067
865 G	0.01090	0.11221	0.87689
866 A	0.01129	0.11805	0.87065
867 A	0.01182	0.12001	0.86817
868 T	0.01224	0.12140	0.86635
869 T	0.01224	0.12244	0.86531
870 A	0.01205	0.12377	0.86418
871 G	0.01196	0.12426	0.86378
872 A	0.01187	0.12470	0.86344
873 A	0.01187	0.12489	0.86324
874 G	0.01215	0.12446	0.86339
875 A	0.01321	0.12306	0.86374
876 A	0.01395	0.12180	0.86424
877 G	0.01583	0.11930	0.86487
878 C	0.01963	0.11460	0.86578
879 A	0.02350	0.11022	0.86628
880 A	0.02742	0.10500	0.86759
881 T	0.04103	0.08972	0.86925
882 T	0.05323	0.07672	0.87005
883 G	0.06136	0.06795	0.87069
884 A	0.06829	0.05696	0.87475
885 T	0.07677	0.04273	0.8805
886 C	0.08235	0.03476	0.88289
887 G	0.08727	0.02979	0.88295
888 T	0.10088	0.01658	0.88254
889 G	0.10513	0.01366	0.88121
890 T	0.10732	0.01476	0.87792
891 T	0.10757	0.01619	0.87625
892 T	0.10608	0.01970	0.87422
893 T	0.10040	0.02999	0.86962
894 A	0.08603	0.05156	0.8624
895 A	0.08110	0.05879	0.86011
896 T	0.07937	0.06125	0.85939
897 A	0.06866	0.07216	0.85919
898 G	0.06336	0.07746	0.85918
899 G	0.05763	0.08322	0.85914
900 T	0.05202	0.08886	0.85912
901 C	0.04102	0.09985	0.85913
902 C	0.03652	0.10437	0.85911
903 A	0.03273	0.10823	0.85904
904 G	0.03157	0.10944	0.85899
905 C	0.03105	0.11001	0.85894
906 T	0.03066	0.11056	0.85879
907 A	0.02985	0.11166	0.8585
908 A	0.02917	0.11257	0.85825
909 A	0.02874	0.11321	0.85805
910 A	0.02858	0.11321	0.85822
911 A	0.02894	0.11158	0.85947
912 A	0.03072	0.10676	0.86251
913 T	0.03576	0.09888	0.86536
914 C	0.03742	0.09312	0.86946
915 A	0.03893	0.09046	0.87061
916 A	0.04214	0.08385	0.874
917 T	0.04769	0.06875	0.88356
918 T	0.04802	0.06691	0.88507
919 A	0.04419	0.07422	0.88158
920 A	0.04172	0.07450	0.88379
921 A	0.03870	0.08164	0.87967
922 T	0.03719	0.07741	0.8854
923 A	0.03458	0.07739	0.88803
924 T	0.03328	0.07112	0.8956
925 A	0.03116	0.07146	0.89738
926 C	0.03068	0.07013	0.89919
927 T	0.03024	0.07794	0.89182
928 G	0.02933	0.08650	0.88416
929 A	0.02898	0.09740	0.87361
930 A	0.02905	0.10064	0.8703
931 G	0.02907	0.10389	0.86704
932 A	0.02923	0.10567	0.86511
933 A	0.02926	0.10687	0.86387
934 G	0.02930	0.10830	0.8624
935 A	0.02944	0.10940	0.86117
936 A	0.02960	0.11014	0.86026
937 A	0.02979	0.11012	0.86009
938 G	0.03083	0.10883	0.86035
939 A	0.03260	0.10737	0.86003
940 A	0.03448	0.10556	0.85996
941 A	0.03688	0.10255	0.86056
942 A	0.04140	0.09458	0.86402
943 A	0.05020	0.08305	0.86675
944 T	0.05997	0.06952	0.87051
945 G	0.06087	0.06664	0.87248
946 G	0.06470	0.06057	0.87473
947 T	0.07024	0.05383	0.87593
948 C	0.07332	0.04926	0.87741
949 G	0.07588	0.04741	0.87671
950 C	0.08405	0.03942	0.87653
951 T	0.09167	0.03201	0.87632
952 T	0.09852	0.02531	0.87617
953 A	0.09964	0.02450	0.87586
954 C	0.09835	0.02598	0.87567
955 C	0.09451	0.03061	0.87488
956 A	0.09022	0.03643	0.87335
957 T	0.08912	0.03908	0.87181
958 G	0.07558	0.05308	0.87134
959 A	0.07110	0.05778	0.87112
960 A	0.06799	0.06096	0.87105
961 G	0.06535	0.06334	0.87131
962 C	0.06304	0.06559	0.87137
963 A	0.06011	0.06853	0.87137
964 G	0.05856	0.07007	0.87137
965 G	0.05765	0.07094	0.87141
966 A	0.05702	0.07157	0.87141
967 C	0.05668	0.07187	0.87145
968 A	0.05643	0.07194	0.87162
969 C	0.05624	0.07187	0.87189
970 G	0.05615	0.07182	0.87203
971 C	0.05635	0.07151	0.87215
972 A	0.05731	0.07052	0.87218
973 G	0.05794	0.06952	0.87254
974 T	0.05870	0.06850	0.8728
975 C	0.05910	0.06553	0.87538
976 A	0.05957	0.06437	0.87606
977 T	0.06038	0.05845	0.88117
978 T	0.06118	0.05196	0.88685
979 G	0.06200	0.04575	0.89225
980 G	0.06320	0.04202	0.89479
981 T	0.06370	0.02675	0.90955
982 T	0.06375	0.02512	0.91113
983 T	0.06170	0.02859	0.9097
984 A	0.05794	0.04437	0.89768
985 A	0.05668	0.05013	0.89319
986 A	0.05555	0.05552	0.88893
987 A	0.05528	0.05818	0.88654
988 T	0.05512	0.06030	0.88458
989 T	0.05474	0.06571	0.87955
990 A	0.05389	0.07061	0.8755
991 G	0.05304	0.07509	0.87186
992 A	0.05128	0.08374	0.86498
993 A	0.04980	0.09176	0.85843
994 C	0.04916	0.09285	0.85799
995 A	0.04870	0.09737	0.85392
996 T	0.04846	0.09808	0.85346
997 G	0.04816	0.09886	0.85299
998 C	0.04801	0.09933	0.85267
999 T	0.04794	0.10076	0.8513
1000 C	0.04774	0.10249	0.84977
1001 A	0.04767	0.10550	0.84683
1002 A	0.04745	0.10739	0.84516
1003 A	0.04774	0.10782	0.84443
1004 A	0.04883	0.10695	0.84422
1005 A	0.05328	0.10240	0.84432
1006 G	0.05908	0.09411	0.84681
1007 T	0.07321	0.07634	0.85045
1008 A	0.07785	0.07050	0.85166
1009 C	0.08339	0.06418	0.85243
1010 A	0.08573	0.06436	0.8499
1011 A	0.08356	0.06866	0.84779
1012 A	0.08605	0.06780	0.84615
1013 A	0.08740	0.06643	0.84616
1014 A	0.09036	0.06313	0.84651
1015 A	0.09775	0.05389	0.84837
1016 T	0.10536	0.04462	0.85002
1017 A	0.10589	0.04335	0.85076
1018 A	0.10980	0.03899	0.85122
1019 C	0.11134	0.03706	0.8516
1020 T	0.11229	0.03614	0.85157
1021 A	0.11242	0.03628	0.8513
1022 T	0.11396	0.03472	0.85132
1023 C	0.11328	0.03527	0.85144
1024 A	0.11380	0.03476	0.85143
1025 T	0.11418	0.03397	0.85186
1026 T	0.11284	0.03511	0.85205
1027 C	0.10843	0.03942	0.85215
1028 C	0.10472	0.04317	0.85211
1029 A	0.10103	0.04708	0.85189
1030 A	0.09769	0.05060	0.85171
1031 G	0.09734	0.05097	0.85168
1032 A	0.09778	0.05054	0.85168
1033 G	0.10022	0.04711	0.85267
1034 G	0.10229	0.03889	0.85883
1035 T	0.10417	0.03431	0.86152
1036 T	0.10456	0.03076	0.86468
1037 C	0.10457	0.02947	0.86596
1038 A	0.10453	0.02919	0.86628
1039 G	0.10450	0.02887	0.86664
1040 C	0.10453	0.02804	0.86744
1041 A	0.10467	0.02762	0.86771
1042 G	0.10477	0.02728	0.86795
1043 G	0.10508	0.02621	0.86871
1044 T	0.10553	0.02507	0.8694
1045 G	0.10566	0.02467	0.86967
1046 G	0.10577	0.02174	0.87249
1047 T	0.10587	0.02028	0.87385
1048 T	0.10587	0.02333	0.8708
1049 A	0.10578	0.02279	0.87143
1050 T	0.10575	0.02015	0.8741
1051 A	0.10565	0.01854	0.87581
1052 A	0.10547	0.01644	0.87808
1053 C	0.10517	0.01531	0.87952
1054 T	0.10514	0.02190	0.87296
1055 T	0.10498	0.03462	0.8604
1056 G	0.10469	0.04299	0.85232
1057 A	0.10456	0.04850	0.84695
1058 T	0.10453	0.05205	0.84341
1059 G	0.10446	0.05278	0.84275
1060 T	0.10436	0.05291	0.84273
1061 T	0.10431	0.05299	0.84271
1062 A	0.10410	0.05320	0.8427
1063 C	0.10380	0.05349	0.84272
1064 C	0.10359	0.05379	0.84262
1065 T	0.10347	0.05409	0.84245
1066 G	0.10337	0.05444	0.84219
1067 A	0.10335	0.05470	0.84195
1068 A	0.10338	0.05481	0.84181
1069 A	0.10361	0.05473	0.84167
1070 A	0.10441	0.05404	0.84155
1071 A	0.10799	0.05063	0.84138
1072 G	0.10886	0.04967	0.84147
1073 A	0.10980	0.04864	0.84156
1074 A	0.11159	0.04671	0.8417
1075 A	0.11397	0.04383	0.84221
1076 C	0.11746	0.03959	0.84294
1077 C	0.12618	0.03069	0.84313
1078 T	0.14056	0.01622	0.84323
1079 T	0.14711	0.00963	0.84326
1080 C	0.14997	0.00675	0.84328
1081 T	0.15175	0.00497	0.84328
1082 T	0.15204	0.00463	0.84332
1083 T	0.15197	0.00454	0.84349
1084 T	0.15195	0.00445	0.84361
1085 C	0.15186	0.00437	0.84377
1086 T	0.15174	0.00431	0.84395
1087 T	0.15114	0.00511	0.84374
1088 C	0.14984	0.00679	0.84337
1089 T	0.14327	0.01605	0.84068
1090 A	0.13108	0.03095	0.83797
1091 A	0.12729	0.03691	0.8358
1092 A	0.12546	0.04096	0.83358
1093 A	0.12467	0.04271	0.83262
1094 A	0.12445	0.04315	0.83239
1095 A	0.12430	0.04340	0.8323
1096 A	0.12415	0.04362	0.83223
1097 G	0.12406	0.04370	0.83224
1098 A	0.12407	0.04370	0.83222
1099 A	0.12410	0.04368	0.83222
1100 T	0.12416	0.04356	0.83228
1101 G	0.12416	0.04352	0.83233
1102 T	0.12421	0.04340	0.83239
1103 T	0.12418	0.04334	0.83248
1104 A	0.12406	0.04340	0.83255
1105 G	0.12399	0.04327	0.83274
1106 C	0.12400	0.04300	0.833
1107 G	0.12402	0.04285	0.83313
1108 A	0.12416	0.04256	0.83328
1109 A	0.12471	0.04161	0.83368
1110 T	0.12590	0.03932	0.83478
1111 A	0.12669	0.03726	0.83604
1112 T	0.12956	0.02638	0.84406
1113 C	0.13163	0.01245	0.85591
1114 G	0.13352	0.00734	0.85914
1115 T	0.13563	0.00384	0.86053
1116 T	0.13656	0.00242	0.86102
1117 T	0.13683	0.00201	0.86116
1118 C	0.13693	0.00180	0.86127
1119 T	0.13708	0.00161	0.86132
1120 T	0.13710	0.00170	0.8612
1121 A	0.13706	0.00330	0.85964
1122 T	0.13697	0.00587	0.85716
1123 T	0.13658	0.00866	0.85477
1124 T	0.13538	0.01298	0.85164
1125 A	0.13301	0.01741	0.84958
1126 G	0.13170	0.02103	0.84727
1127 G	0.13077	0.02566	0.84357
1128 T	0.13033	0.02753	0.84215
1129 G	0.12947	0.02925	0.84129
1130 G	0.12898	0.03032	0.84071
1131 T	0.12874	0.03152	0.83974
1132 A	0.12834	0.03287	0.8388
1133 G	0.12814	0.03328	0.83858
1134 A	0.12806	0.03360	0.83833
1135 G	0.12803	0.03367	0.83829
1136 T	0.12803	0.03370	0.83827
1137 A	0.12801	0.03377	0.83822
1138 G	0.12800	0.03384	0.83815
1139 C	0.12811	0.03377	0.83813
1140 T	0.12823	0.03376	0.83802
1141 G	0.12820	0.03391	0.83789
1142 A	0.12833	0.03384	0.83782
1143 A	0.12865	0.03354	0.83781
1144 G	0.13018	0.03196	0.83786
1145 A	0.13292	0.02892	0.83816
1146 A	0.13671	0.02452	0.83877
1147 T	0.14144	0.01832	0.84025
1148 T	0.14361	0.01408	0.84231
1149 A	0.14523	0.01140	0.84337
1150 G	0.14756	0.00815	0.8443
1151 T	0.14915	0.00610	0.84474
1152 T	0.15005	0.00459	0.84537
1153 T	0.15045	0.00398	0.84557
1154 T	0.15095	0.00339	0.84566
1155 T	0.15122	0.00296	0.84582
1156 G	0.15103	0.00330	0.84567
1157 A	0.15105	0.00346	0.84548
1158 T	0.15088	0.00377	0.84536
1159 G	0.15045	0.00458	0.84496
1160 A	0.15040	0.00496	0.84465
1161 T	0.15051	0.00511	0.84438
1162 G	0.15047	0.00526	0.84427
1163 T	0.15055	0.00515	0.8443
1164 T	0.15061	0.00503	0.84437
1165 T	0.15058	0.00502	0.84439
1166 C	0.15053	0.00507	0.84441
1167 C	0.15048	0.00513	0.84439
1168 A	0.15044	0.00523	0.84433
1169 G	0.15044	0.00530	0.84426
1170 T	0.15048	0.00536	0.84417
1171 G	0.15049	0.00539	0.84412
1172 G	0.15055	0.00540	0.84404
1173 T	0.15071	0.00532	0.84397
1174 G	0.15079	0.00533	0.84387
1175 C	0.15093	0.00520	0.84387
1176 T	0.15120	0.00537	0.84342
1177 T	0.15138	0.00606	0.84256
1178 A	0.15145	0.00682	0.84172
1179 T	0.15169	0.00714	0.84117
1180 G	0.15165	0.00889	0.83946
1181 A	0.15167	0.01164	0.83668
1182 T	0.15157	0.01413	0.8343
1183 G	0.15090	0.01718	0.83192
1184 A	0.15056	0.02184	0.8276
1185 T	0.15019	0.02623	0.82358
1186 T	0.14963	0.03401	0.81637
1187 T	0.14864	0.03942	0.81193
1188 T	0.14768	0.04179	0.81053
1189 A	0.14618	0.04558	0.80824
1190 A	0.14541	0.04721	0.80738
1191 A	0.14434	0.04862	0.80705
1192 C	0.14377	0.04919	0.80704
1193 A	0.14217	0.05094	0.80688
1194 A	0.13940	0.05381	0.80679
1195 G	0.13785	0.05536	0.80679
1196 C	0.13769	0.05555	0.80677
1197 T	0.13768	0.05571	0.8066
1198 A	0.13731	0.05620	0.80649
1199 C	0.13751	0.05604	0.80645
1200 T	0.13795	0.05584	0.8062
1201 A	0.13820	0.05587	0.80593
1202 A	0.13856	0.05559	0.80586
1203 A	0.14034	0.05383	0.80584
1204 A	0.14356	0.05049	0.80594
1205 T	0.14711	0.04618	0.8067
1206 A	0.14882	0.04329	0.80789
1207 G	0.15168	0.03906	0.80927
1208 C	0.15559	0.03391	0.8105
1209 T	0.16241	0.02638	0.81121
1210 C	0.16447	0.02366	0.81187
1211 G	0.16488	0.02329	0.81183
1212 T	0.16599	0.02232	0.81168
1213 T	0.16546	0.02315	0.8114
1214 T	0.16387	0.02482	0.8113
1215 A	0.15588	0.03369	0.81043
1216 A	0.15320	0.03609	0.81071
1217 T	0.15228	0.03453	0.81319
1218 G	0.14987	0.03622	0.81391
1219 G	0.14819	0.03800	0.81381
1220 T	0.14784	0.03864	0.81352
1221 T	0.14707	0.03959	0.81333
1222 A	0.14571	0.04117	0.81311
1223 C	0.14514	0.04157	0.81328
1224 T	0.14489	0.04288	0.81223
1225 A	0.14439	0.04591	0.8097
1226 A	0.14417	0.05042	0.80542
1227 A	0.14388	0.05752	0.7986
1228 T	0.14373	0.06053	0.79574
1229 A	0.14329	0.06159	0.79512
1230 T	0.14284	0.06137	0.79578
1231 G	0.14255	0.06253	0.79492
1232 G	0.14244	0.06335	0.79421
1233 A	0.14251	0.06415	0.79334
1234 A	0.14306	0.06452	0.79242
1235 T	0.14400	0.06274	0.79326
1236 G	0.14457	0.06294	0.79249
1237 A	0.14533	0.06525	0.78942
1238 G	0.14623	0.06031	0.79346
1239 T	0.14779	0.05863	0.79358
1240 G	0.14823	0.05982	0.79196
1241 A	0.14936	0.06161	0.78902
1242 T	0.15047	0.06259	0.78694
1243 T	0.15122	0.06725	0.78153
1244 T	0.15130	0.08364	0.76507
1245 A	0.14837	0.09832	0.7533
1246 G	0.14750	0.10405	0.74845
1247 G	0.14788	0.11232	0.73981
1248 A	0.14971	0.11583	0.73446
1249 A	0.15402	0.11183	0.73415
1250 T	0.16252	0.10328	0.7342
1251 T	0.16611	0.09954	0.73435
1252 A	0.16698	0.09844	0.73457
1253 C	0.16767	0.09736	0.73497
1254 T	0.16731	0.09778	0.73491
1255 C	0.16417	0.10157	0.73426
1256 A	0.15967	0.10923	0.7311
1257 A	0.15829	0.11361	0.7281
1258 G	0.15392	0.11865	0.72743
1259 A	0.15195	0.12146	0.7266
1260 T	0.15224	0.12181	0.72595
1261 T	0.14525	0.12900	0.72576
1262 C	0.13227	0.14302	0.72471
1263 A	0.11840	0.16027	0.72133
1264 G	0.11739	0.16328	0.71933
1265 A	0.12062	0.16058	0.71881
1266 A	0.12759	0.15431	0.7181
1267 T	0.14937	0.13215	0.71848
1268 T	0.16172	0.11667	0.72161
1269 C	0.16393	0.11340	0.72267
1270 T	0.16550	0.11175	0.72275
1271 C	0.16070	0.11696	0.72233
1272 T	0.15575	0.12450	0.71976
1273 G	0.13858	0.14841	0.71301
1274 A	0.12625	0.16921	0.70453
1275 T	0.11821	0.18470	0.69709
1276 A	0.10531	0.20291	0.69178
1277 A	0.09712	0.21243	0.69046
1278 A	0.08853	0.22038	0.69109
1279 A	0.08367	0.22183	0.6945
1280 A	0.08086	0.22251	0.69663
1281 A	0.07912	0.21897	0.7019
1282 A	0.07887	0.21790	0.70322
1283 T	0.07930	0.21054	0.71016
1284 G	0.07510	0.20545	0.71945
1285 A	0.07317	0.19685	0.72997
1286 T	0.07356	0.18231	0.74412
1287 C	0.07106	0.18244	0.74651
1288 G	0.06939	0.18750	0.74311
1289 A	0.06810	0.19641	0.73549
1290 T	0.06663	0.20876	0.72461
1291 A	0.06068	0.23216	0.70716
1292 T	0.05916	0.24428	0.69656
1293 A	0.05686	0.26864	0.6745
1294 G	0.05656	0.28316	0.66028
1295 A	0.05808	0.31721	0.62471
1296 A	0.06491	0.31364	0.62146
1297 A	0.07067	0.31390	0.61543
1298 T	0.07779	0.31106	0.61115
1299 T	0.07912	0.31360	0.60727
1300 A	0.07168	0.33673	0.5916
1301 A	0.06680	0.34317	0.59003
1302 A	0.06406	0.34467	0.59127
1303 A	0.06362	0.34526	0.59112
1304 A	0.06483	0.34822	0.58694
1305 A	0.07027	0.34970	0.58003
1306 A	0.07148	0.35486	0.57367
1307 T	0.07067	0.35757	0.57176
1308 A	0.06431	0.36547	0.57022
1309 G	0.06235	0.36775	0.5699
1310 T	0.06351	0.36421	0.57228
1311 A	0.06459	0.36175	0.57366
1312 G	0.07082	0.35321	0.57596
1313 A	0.08428	0.33829	0.57743
1314 C	0.10472	0.31208	0.5832
1315 G	0.11788	0.30215	0.57997
1316 A	0.14454	0.28509	0.57038
1317 A	0.16636	0.27119	0.56246
1318 T	0.21082	0.22934	0.55984
1319 G	0.22791	0.21456	0.55753
1320 T	0.24769	0.18964	0.56268
1321 T	0.25716	0.17814	0.5647
1322 A	0.25274	0.17997	0.56729
1323 T	0.25690	0.16913	0.57397
1324 C	0.22103	0.20040	0.57857
1325 A	0.19257	0.22960	0.57784
1326 A	0.18062	0.24611	0.57327
1327 G	0.17238	0.26170	0.56592
1328 A	0.16931	0.27939	0.5513
1329 A	0.16820	0.28281	0.54898
