# lcl|CP097583.1_cds_USQ93417.1_1
# AA	inside	membr	outside
1 A	0.25802	0.00000	0.74197
2 T	0.25432	0.00371	0.74197
3 G	0.25270	0.00533	0.74197
4 A	0.25270	0.00942	0.73787
5 A	0.23661	0.02754	0.73585
6 A	0.23661	0.02795	0.73544
7 T	0.21757	0.04711	0.73531
8 C	0.21757	0.04712	0.73531
9 T	0.21357	0.05120	0.73523
10 A	0.21355	0.05585	0.7306
11 A	0.21129	0.05829	0.73041
12 A	0.19387	0.07578	0.73035
13 A	0.16894	0.10116	0.7299
14 G	0.16893	0.10117	0.7299
15 G	0.16893	0.10919	0.72187
16 G	0.16872	0.10941	0.72187
17 A	0.16856	0.10961	0.72183
18 T	0.16856	0.10967	0.72178
19 T	0.16849	0.10977	0.72174
20 A	0.16809	0.11095	0.72096
21 T	0.16768	0.11115	0.72117
22 T	0.16777	0.11076	0.72146
23 A	0.16776	0.11053	0.72171
24 T	0.16765	0.11026	0.72209
25 G	0.16605	0.10780	0.72615
26 A	0.16527	0.10709	0.72764
27 T	0.16839	0.10082	0.73079
28 G	0.16986	0.08528	0.74486
29 T	0.17060	0.08254	0.74687
30 T	0.17233	0.06728	0.76039
31 T	0.17208	0.06634	0.76158
32 T	0.17150	0.06364	0.76485
33 A	0.16865	0.06517	0.76618
34 G	0.16577	0.06681	0.76742
35 A	0.16486	0.05647	0.77868
36 A	0.16436	0.03894	0.7967
37 G	0.16440	0.03831	0.79729
38 T	0.17192	0.03038	0.7977
39 T	0.17139	0.03165	0.79695
40 T	0.17044	0.03388	0.79568
41 C	0.16825	0.03852	0.79323
42 G	0.15997	0.06148	0.77855
43 A	0.15736	0.06966	0.77298
44 A	0.15489	0.08161	0.7635
45 A	0.15307	0.09013	0.7568
46 A	0.15186	0.09183	0.7563
47 A	0.15128	0.09214	0.75657
48 T	0.15073	0.09104	0.75824
49 G	0.14692	0.09651	0.75657
50 C	0.14432	0.10403	0.75165
51 T	0.14343	0.10677	0.7498
52 A	0.14201	0.11097	0.74702
53 G	0.14140	0.11253	0.74608
54 T	0.14195	0.11305	0.745
55 G	0.14139	0.11366	0.74494
56 A	0.14197	0.10998	0.74805
57 T	0.14339	0.10588	0.75073
58 A	0.14191	0.10665	0.75144
59 C	0.14155	0.10584	0.75261
60 A	0.14003	0.10864	0.75133
61 G	0.13969	0.11087	0.74944
62 A	0.14004	0.11417	0.74579
63 A	0.14200	0.11412	0.74388
64 A	0.14646	0.10930	0.74424
65 T	0.16199	0.08613	0.75188
66 T	0.16676	0.07954	0.7537
67 A	0.17167	0.07346	0.75487
68 A	0.17498	0.06947	0.75555
69 A	0.17488	0.06915	0.75597
70 A	0.17519	0.06777	0.75704
71 A	0.17575	0.06568	0.75857
72 A	0.17993	0.05739	0.76268
73 T	0.18672	0.04723	0.76605
74 C	0.18830	0.04535	0.76635
75 T	0.19007	0.04274	0.76718
76 T	0.18894	0.04396	0.7671
77 A	0.18623	0.04671	0.76706
78 T	0.18584	0.04648	0.76767
79 C	0.18368	0.04872	0.76761
80 A	0.18262	0.04977	0.76761
81 T	0.18295	0.04750	0.76955
82 A	0.18304	0.04674	0.77022
83 G	0.18422	0.04407	0.77172
84 G	0.18639	0.04137	0.77224
85 C	0.19060	0.03582	0.77358
86 T	0.19369	0.03317	0.77314
87 T	0.19411	0.03397	0.77193
88 G	0.19322	0.03619	0.77059
89 T	0.19260	0.03817	0.76923
90 T	0.19050	0.04158	0.76793
91 A	0.18762	0.04588	0.7665
92 A	0.18624	0.04752	0.76625
93 A	0.18530	0.04847	0.76623
94 A	0.18467	0.04894	0.76639
95 A	0.18433	0.04958	0.76609
96 A	0.18379	0.04952	0.76669
97 T	0.18499	0.04701	0.768
98 A	0.18235	0.04910	0.76855
99 T	0.18174	0.04747	0.77079
100 C	0.17970	0.04645	0.77385
101 A	0.17852	0.04690	0.77458
102 T	0.17788	0.04567	0.77645
103 C	0.17248	0.05022	0.7773
104 C	0.16943	0.05327	0.7773
105 T	0.16776	0.05553	0.77672
106 G	0.16615	0.05800	0.77585
107 A	0.16541	0.05919	0.7754
108 T	0.16572	0.05962	0.77466
109 G	0.16628	0.05905	0.77467
110 T	0.16802	0.05567	0.7763
111 A	0.16934	0.05212	0.77854
112 T	0.17096	0.04766	0.78139
113 C	0.17163	0.04468	0.78369
114 T	0.17181	0.04539	0.78279
115 A	0.16827	0.05292	0.77881
116 A	0.16449	0.06030	0.77522
117 A	0.15312	0.07281	0.77407
118 G	0.14735	0.07875	0.7739
119 A	0.14557	0.07994	0.77449
120 A	0.14331	0.08131	0.77538
121 G	0.14214	0.07879	0.77907
122 A	0.14141	0.07849	0.78011
123 T	0.14132	0.07674	0.78195
124 A	0.13994	0.07711	0.78295
125 A	0.13915	0.07681	0.78404
126 T	0.13886	0.07045	0.79069
127 G	0.13807	0.06751	0.79443
128 C	0.13832	0.06533	0.79634
129 T	0.13902	0.06415	0.79684
130 G	0.13878	0.06404	0.79718
131 C	0.13880	0.06386	0.79734
132 T	0.13829	0.06473	0.79698
133 A	0.13619	0.06827	0.79555
134 C	0.12813	0.07728	0.79459
135 A	0.12297	0.09308	0.78395
136 A	0.12271	0.09935	0.77793
137 A	0.12455	0.09859	0.77685
138 A	0.12899	0.09141	0.7796
139 T	0.13294	0.08421	0.78285
140 T	0.13410	0.07140	0.79449
141 T	0.13320	0.06752	0.79928
142 A	0.12891	0.07340	0.7977
143 A	0.12479	0.08105	0.79416
144 A	0.12183	0.08773	0.79044
145 G	0.12090	0.08898	0.79012
146 A	0.11947	0.09228	0.78826
147 A	0.11954	0.09087	0.78959
148 G	0.11984	0.08939	0.79077
149 T	0.12004	0.08864	0.79132
150 T	0.11926	0.08862	0.79211
151 C	0.11807	0.08956	0.79238
152 A	0.11768	0.09057	0.79174
153 A	0.11737	0.09109	0.79154
154 G	0.11716	0.09084	0.792
155 A	0.11775	0.08969	0.79257
156 A	0.11960	0.08628	0.79412
157 G	0.12183	0.07495	0.80322
158 C	0.13257	0.05841	0.80902
159 T	0.13924	0.05096	0.8098
160 T	0.14196	0.04782	0.81021
161 A	0.14266	0.04691	0.81043
162 T	0.14348	0.04544	0.81109
163 C	0.14348	0.04484	0.81168
164 A	0.13823	0.04990	0.81187
165 A	0.13737	0.04797	0.81466
166 G	0.14156	0.04252	0.81593
167 T	0.14503	0.03955	0.81542
168 A	0.13900	0.04920	0.81181
169 T	0.13573	0.05611	0.80816
170 T	0.12954	0.06670	0.80376
171 A	0.11958	0.08595	0.79448
172 A	0.11246	0.10125	0.78629
173 G	0.10884	0.10468	0.78647
174 T	0.10732	0.10596	0.78672
175 A	0.10412	0.10899	0.7869
176 A	0.10299	0.10982	0.7872
177 C	0.10171	0.11071	0.78758
178 G	0.09941	0.11302	0.78757
179 C	0.09839	0.11406	0.78754
180 T	0.09816	0.11446	0.78738
181 C	0.09766	0.11526	0.78709
182 A	0.09736	0.11602	0.78662
183 A	0.09731	0.11633	0.78636
184 A	0.09734	0.11636	0.7863
185 A	0.09735	0.11606	0.78658
186 A	0.09764	0.11521	0.78715
187 A	0.09909	0.10732	0.79359
188 G	0.10086	0.10094	0.7982
189 A	0.10433	0.09543	0.80024
190 A	0.10820	0.08851	0.80329
191 G	0.11415	0.07234	0.81351
192 T	0.12195	0.05774	0.82031
193 G	0.12617	0.04829	0.82554
194 A	0.13346	0.03493	0.83162
195 T	0.14064	0.02245	0.83692
196 T	0.14136	0.02111	0.83752
197 A	0.14133	0.02223	0.83644
198 T	0.14134	0.01931	0.83934
199 G	0.14053	0.01889	0.84059
200 A	0.14001	0.01840	0.84158
201 T	0.13984	0.01635	0.84381
202 C	0.13957	0.01633	0.8441
203 G	0.13947	0.01794	0.84259
204 T	0.13951	0.02052	0.83997
205 T	0.13883	0.02859	0.83259
206 T	0.13711	0.03439	0.8285
207 T	0.13498	0.03711	0.82792
208 G	0.13267	0.03998	0.82734
209 G	0.13131	0.04134	0.82734
210 G	0.12991	0.04270	0.82739
211 C	0.12862	0.04397	0.82741
212 A	0.12768	0.04495	0.82737
213 C	0.12684	0.04581	0.82734
214 C	0.12520	0.04764	0.82716
215 A	0.12468	0.04842	0.8269
216 A	0.12475	0.04853	0.82672
217 G	0.12547	0.04802	0.82651
218 A	0.12628	0.04731	0.8264
219 T	0.12938	0.04418	0.82644
220 T	0.13186	0.04124	0.8269
221 A	0.13203	0.04084	0.82714
222 T	0.13257	0.03947	0.82796
223 A	0.13280	0.03883	0.82838
224 G	0.13330	0.03793	0.82877
225 T	0.13483	0.03601	0.82917
226 A	0.13664	0.03387	0.82949
227 A	0.13937	0.03045	0.83018
228 T	0.14699	0.02133	0.83168
229 T	0.15037	0.01667	0.83295
230 T	0.15059	0.01540	0.83401
231 T	0.15056	0.01438	0.83506
232 A	0.15008	0.01446	0.83546
233 A	0.14989	0.01379	0.83632
234 T	0.14966	0.01301	0.83733
235 A	0.14897	0.01316	0.83787
236 A	0.14890	0.01254	0.83856
237 T	0.14909	0.01085	0.84006
238 A	0.14909	0.01093	0.83998
239 G	0.14905	0.01135	0.8396
240 T	0.14921	0.01204	0.83876
241 G	0.14912	0.01407	0.83681
242 G	0.14896	0.01607	0.83497
243 G	0.14903	0.01619	0.83478
244 T	0.14922	0.01613	0.83465
245 T	0.14925	0.01620	0.83456
246 T	0.14910	0.01639	0.83451
247 C	0.14849	0.01719	0.83432
248 A	0.14802	0.01820	0.83378
249 A	0.14782	0.01896	0.83322
250 G	0.14790	0.01945	0.83265
251 G	0.14817	0.01952	0.83232
252 A	0.14892	0.01894	0.83214
253 T	0.14998	0.01779	0.83222
254 T	0.15048	0.01694	0.83258
255 T	0.15085	0.01610	0.83305
256 A	0.15099	0.01578	0.83323
257 A	0.15118	0.01531	0.83351
258 C	0.15145	0.01430	0.83424
259 C	0.15163	0.01401	0.83436
260 A	0.15187	0.01376	0.83437
261 A	0.15263	0.01292	0.83446
262 G	0.15357	0.01188	0.83455
263 G	0.15470	0.01073	0.83457
264 T	0.15702	0.00830	0.83467
265 T	0.15874	0.00634	0.83492
266 T	0.15901	0.00597	0.83502
267 T	0.15908	0.00592	0.835
268 A	0.15843	0.00654	0.83502
269 G	0.15818	0.00656	0.83526
270 T	0.15826	0.00609	0.83565
271 A	0.15828	0.00572	0.836
272 G	0.15867	0.00501	0.83633
273 T	0.15913	0.00445	0.83643
274 T	0.15858	0.00497	0.83645
275 C	0.15750	0.00601	0.83648
276 C	0.15648	0.00707	0.83645
277 G	0.15598	0.00771	0.83631
278 A	0.15572	0.00798	0.8363
279 T	0.15560	0.00809	0.8363
280 T	0.15518	0.00851	0.8363
281 T	0.15454	0.00912	0.83634
282 C	0.15335	0.01014	0.83651
283 G	0.15151	0.01195	0.83654
284 G	0.15087	0.01259	0.83654
285 C	0.15044	0.01306	0.83649
286 A	0.15025	0.01369	0.83606
287 A	0.15027	0.01386	0.83586
288 T	0.15040	0.01373	0.83586
289 T	0.15038	0.01376	0.83585
290 T	0.15034	0.01378	0.83588
291 T	0.15014	0.01328	0.83658
292 G	0.14983	0.01323	0.83694
293 A	0.14973	0.01311	0.83716
294 T	0.14966	0.01271	0.83764
295 G	0.14953	0.01252	0.83795
296 A	0.14948	0.01238	0.83814
297 T	0.14952	0.01167	0.83882
298 A	0.14949	0.01088	0.83964
299 T	0.14950	0.00993	0.84057
300 T	0.14955	0.00953	0.84092
301 T	0.14946	0.00947	0.84107
302 T	0.14930	0.00968	0.84102
303 T	0.14902	0.00976	0.84122
304 G	0.14837	0.01022	0.84141
305 G	0.14808	0.01038	0.84154
306 A	0.14797	0.00986	0.84218
307 A	0.14797	0.01005	0.84199
308 G	0.14805	0.00975	0.84221
309 T	0.14855	0.00933	0.84212
310 T	0.14875	0.00942	0.84184
311 T	0.14879	0.00951	0.8417
312 T	0.14865	0.00997	0.84138
313 T	0.14813	0.01108	0.8408
314 T	0.14705	0.01289	0.84005
315 T	0.14544	0.01532	0.83923
316 G	0.14024	0.02222	0.83754
317 G	0.13603	0.03033	0.83363
318 A	0.13183	0.03971	0.82846
319 G	0.12640	0.04990	0.82371
320 A	0.11352	0.07078	0.81571
321 A	0.10440	0.08127	0.81433
322 A	0.09813	0.08877	0.8131
323 A	0.09487	0.09251	0.81261
324 T	0.09284	0.09488	0.81228
325 C	0.09105	0.09657	0.81238
326 G	0.08989	0.09814	0.81197
327 A	0.08848	0.10008	0.81145
328 A	0.08742	0.10204	0.81054
329 C	0.08729	0.10257	0.81014
330 T	0.08311	0.10849	0.8084
331 A	0.06700	0.12780	0.80521
332 A	0.05691	0.13904	0.80405
333 T	0.05337	0.14276	0.80388
334 A	0.04615	0.15011	0.80374
335 A	0.04262	0.15301	0.80437
336 A	0.04033	0.15351	0.80616
337 C	0.03815	0.15323	0.80862
338 A	0.03527	0.15542	0.80932
339 A	0.03502	0.15375	0.81123
340 A	0.03701	0.15190	0.81109
341 A	0.04046	0.14673	0.81281
342 A	0.04368	0.14155	0.81477
343 A	0.04947	0.12222	0.82831
344 A	0.05010	0.11148	0.83842
345 T	0.05093	0.10330	0.84577
346 A	0.04849	0.10236	0.84915
347 C	0.04797	0.10003	0.852
348 A	0.04740	0.10120	0.85141
349 A	0.04727	0.10077	0.85196
350 A	0.04819	0.09958	0.85222
351 T	0.04984	0.09769	0.85247
352 A	0.04904	0.10391	0.84705
353 A	0.04905	0.10063	0.85031
354 T	0.05078	0.08128	0.86794
355 G	0.04902	0.07412	0.87686
356 T	0.04819	0.07454	0.87727
357 T	0.04635	0.08380	0.86985
358 A	0.04342	0.09989	0.85669
359 A	0.04188	0.10580	0.85232
360 A	0.04018	0.10940	0.85042
361 G	0.03943	0.10829	0.85228
362 A	0.03971	0.10883	0.85146
363 T	0.04147	0.10941	0.84911
364 A	0.04137	0.11669	0.84194
365 A	0.04163	0.11573	0.84265
366 A	0.04166	0.11460	0.84373
367 T	0.04203	0.11276	0.84522
368 A	0.04198	0.11166	0.84636
369 C	0.04248	0.10796	0.84956
370 G	0.04287	0.10679	0.85034
371 T	0.04474	0.10443	0.85082
372 A	0.04553	0.10335	0.85111
373 G	0.04734	0.10146	0.85121
374 A	0.04973	0.09942	0.85085
375 A	0.05719	0.09074	0.85207
376 T	0.06312	0.08299	0.85389
377 G	0.06657	0.07822	0.85521
378 T	0.07224	0.07025	0.85751
379 G	0.07566	0.06583	0.8585
380 T	0.08655	0.05381	0.85965
381 T	0.09872	0.03990	0.86138
382 A	0.10443	0.03329	0.86227
383 T	0.10946	0.02673	0.86381
384 T	0.11158	0.02367	0.86474
385 G	0.11301	0.02164	0.86535
386 A	0.11620	0.01815	0.86565
387 T	0.12357	0.01024	0.86619
388 T	0.12395	0.00956	0.86649
389 T	0.12406	0.00942	0.86653
390 T	0.12365	0.01006	0.86629
391 T	0.12203	0.01212	0.86585
392 T	0.11570	0.01967	0.86462
393 A	0.09836	0.03845	0.86318
394 G	0.09011	0.04686	0.86303
395 A	0.08171	0.05553	0.86276
396 A	0.07832	0.05895	0.86273
397 G	0.07551	0.06190	0.8626
398 C	0.07322	0.06440	0.86239
399 G	0.07145	0.06746	0.86109
400 T	0.07146	0.06841	0.86013
401 G	0.07079	0.06990	0.85931
402 T	0.07047	0.07142	0.85811
403 T	0.06887	0.07438	0.85675
404 T	0.06646	0.07839	0.85515
405 A	0.05903	0.08919	0.85178
406 G	0.05378	0.09616	0.85006
407 G	0.05086	0.10023	0.84892
408 T	0.04879	0.10387	0.84734
409 G	0.04195	0.11386	0.84418
410 A	0.03719	0.12055	0.84226
411 A	0.03500	0.12356	0.84144
412 A	0.03348	0.12519	0.84134
413 A	0.03321	0.12476	0.84203
414 A	0.03352	0.12270	0.84378
415 A	0.03453	0.11567	0.84981
416 A	0.03567	0.09908	0.86525
417 A	0.03585	0.09148	0.87266
418 G	0.03590	0.08447	0.87962
419 A	0.03598	0.08419	0.87984
420 A	0.03622	0.08406	0.87973
421 A	0.03653	0.08305	0.88042
422 T	0.03810	0.07973	0.88217
423 T	0.03893	0.07873	0.88234
424 A	0.03923	0.07947	0.8813
425 A	0.04015	0.07831	0.88154
426 G	0.04125	0.07464	0.88411
427 A	0.04280	0.07112	0.88608
428 T	0.04708	0.06110	0.89183
429 T	0.04955	0.05685	0.8936
430 G	0.05057	0.06436	0.88506
431 A	0.05175	0.06447	0.88378
432 T	0.05412	0.05675	0.88913
433 T	0.05472	0.05323	0.89205
434 T	0.05302	0.05401	0.89296
435 C	0.05167	0.05538	0.89295
436 G	0.04987	0.06239	0.88774
437 A	0.04876	0.06810	0.88314
438 A	0.04797	0.07102	0.881
439 G	0.04778	0.07267	0.87956
440 A	0.04764	0.07525	0.87711
441 A	0.04845	0.07658	0.87497
442 G	0.05121	0.07704	0.87174
443 A	0.05456	0.07671	0.86873
444 T	0.05792	0.07497	0.86711
445 T	0.05965	0.07521	0.86514
446 G	0.06040	0.07892	0.86069
447 T	0.06180	0.07868	0.85951
448 A	0.06175	0.07977	0.85849
449 A	0.06182	0.08028	0.8579
450 A	0.06338	0.07888	0.85775
451 C	0.06567	0.07661	0.85773
452 A	0.06887	0.07433	0.8568
453 A	0.07939	0.06366	0.85695
454 T	0.08366	0.05904	0.8573
455 G	0.08335	0.05909	0.85756
456 T	0.08345	0.05858	0.85797
457 C	0.07936	0.06027	0.86037
458 A	0.07384	0.06539	0.86076
459 T	0.07239	0.06577	0.86184
460 G	0.07124	0.06643	0.86234
461 G	0.06876	0.06898	0.86225
462 A	0.06628	0.07257	0.86115
463 A	0.06542	0.07405	0.86053
464 C	0.06517	0.07424	0.86058
465 A	0.05965	0.08193	0.85841
466 G	0.05897	0.08288	0.85815
467 G	0.05857	0.08346	0.85798
468 A	0.05872	0.08329	0.85798
469 G	0.06005	0.08186	0.8581
470 C	0.05801	0.08323	0.85876
471 A	0.04999	0.09217	0.85785
472 C	0.04439	0.09812	0.85748
473 A	0.04145	0.10279	0.85576
474 A	0.03977	0.10513	0.85509
475 A	0.03863	0.10692	0.85445
476 A	0.03778	0.10783	0.8544
477 T	0.03700	0.10860	0.8544
478 A	0.03522	0.10806	0.85671
479 A	0.03427	0.10642	0.85931
480 A	0.03342	0.10091	0.86566
481 G	0.03263	0.09374	0.87362
482 C	0.03277	0.08701	0.88021
483 A	0.03289	0.08434	0.88277
484 G	0.03364	0.08076	0.88559
485 A	0.03522	0.07672	0.88806
486 T	0.03693	0.07261	0.89046
487 G	0.03737	0.07040	0.89224
488 T	0.03919	0.05922	0.9016
489 T	0.03928	0.05507	0.90564
490 A	0.03918	0.05420	0.90662
491 A	0.03924	0.05334	0.90742
492 A	0.03953	0.05151	0.90895
493 A	0.04009	0.04726	0.91265
494 T	0.04179	0.03527	0.92294
495 T	0.04276	0.02796	0.92928
496 T	0.04405	0.02524	0.93071
497 G	0.04430	0.02737	0.92832
498 T	0.04473	0.02967	0.92559
499 A	0.04490	0.03372	0.92139
500 A	0.04524	0.03433	0.92043
501 T	0.04542	0.03367	0.92091
502 T	0.04546	0.03444	0.9201
503 A	0.04532	0.03485	0.91984
504 T	0.04524	0.03423	0.92053
505 T	0.04515	0.03481	0.92004
506 G	0.04481	0.03678	0.91841
507 T	0.04462	0.04113	0.91425
508 A	0.04344	0.05303	0.90353
509 A	0.04267	0.06133	0.89601
510 T	0.04136	0.06513	0.89352
511 G	0.03667	0.07037	0.89296
512 G	0.03331	0.07414	0.89255
513 A	0.03394	0.07422	0.89185
514 A	0.03354	0.07530	0.89117
515 C	0.03366	0.07607	0.89026
516 A	0.03318	0.07744	0.88938
517 G	0.03312	0.07848	0.88841
518 G	0.03270	0.08031	0.88699
519 A	0.03189	0.08309	0.88501
520 C	0.03567	0.08107	0.88326
521 A	0.03963	0.07948	0.88089
522 T	0.04467	0.07561	0.87972
523 A	0.04588	0.07455	0.87957
524 T	0.04679	0.07368	0.87954
525 T	0.04527	0.07520	0.87953
526 A	0.04074	0.07950	0.87976
527 C	0.03830	0.08163	0.88008
528 A	0.03731	0.08253	0.88017
529 A	0.03841	0.08122	0.88037
530 A	0.04165	0.07775	0.8806
531 A	0.05133	0.06721	0.88146
532 T	0.05849	0.05935	0.88216
533 A	0.06011	0.05580	0.88409
534 T	0.06045	0.05029	0.88926
535 C	0.06019	0.04656	0.89325
536 A	0.06048	0.04579	0.89373
537 A	0.06093	0.04424	0.89482
538 A	0.06204	0.04225	0.89571
539 G	0.06352	0.03955	0.89693
540 A	0.06566	0.03664	0.8977
541 A	0.06816	0.03210	0.89975
542 C	0.07101	0.02529	0.9037
543 T	0.07357	0.02199	0.90444
544 T	0.07531	0.01971	0.90498
545 T	0.07611	0.01864	0.90525
546 T	0.07618	0.01826	0.90556
547 T	0.07605	0.01900	0.90494
548 T	0.07395	0.02178	0.90426
549 A	0.06905	0.02896	0.902
550 G	0.06510	0.03308	0.90182
551 G	0.05270	0.05207	0.89523
552 A	0.04742	0.06286	0.88971
553 A	0.04535	0.07081	0.88385
554 A	0.04415	0.07217	0.88368
555 T	0.04367	0.07249	0.88385
556 A	0.04314	0.07283	0.88403
557 T	0.04306	0.07252	0.88442
558 C	0.04287	0.07225	0.88488
559 A	0.04277	0.07227	0.88496
560 G	0.04278	0.07209	0.88512
561 T	0.04264	0.07215	0.8852
562 A	0.04226	0.07250	0.88523
563 C	0.04209	0.07265	0.88525
564 C	0.04191	0.07282	0.88528
565 C	0.04179	0.07293	0.88528
566 A	0.04173	0.07299	0.88527
567 A	0.04184	0.07288	0.88528
568 C	0.04227	0.07245	0.88528
569 A	0.04287	0.07185	0.88528
570 A	0.04433	0.07016	0.88551
571 G	0.04952	0.06218	0.88829
572 T	0.05803	0.04898	0.89298
573 A	0.06138	0.04267	0.89595
574 T	0.06904	0.02176	0.9092
575 G	0.07283	0.01280	0.91437
576 T	0.07762	0.00570	0.91668
577 T	0.07797	0.00422	0.91781
578 C	0.07809	0.00374	0.91817
579 T	0.07822	0.00403	0.91775
580 T	0.07819	0.00469	0.91712
581 A	0.07764	0.00658	0.91577
582 T	0.07659	0.00848	0.91492
583 T	0.07447	0.01275	0.91278
584 G	0.07017	0.01811	0.91172
585 T	0.06834	0.02132	0.91034
586 A	0.06540	0.02650	0.9081
587 G	0.06387	0.02854	0.90759
588 A	0.06303	0.03265	0.90432
589 G	0.06266	0.03329	0.90404
590 G	0.06227	0.03411	0.90362
591 A	0.06071	0.03667	0.90261
592 A	0.05911	0.03935	0.90154
593 C	0.05825	0.04266	0.89909
594 A	0.05744	0.04391	0.89865
595 G	0.05693	0.04468	0.89839
596 G	0.05675	0.04506	0.89819
597 T	0.05676	0.04519	0.89804
598 C	0.05673	0.04539	0.89787
599 G	0.05675	0.04613	0.89712
600 A	0.05693	0.04637	0.8967
601 A	0.05741	0.04604	0.89655
602 T	0.05833	0.04516	0.89652
603 A	0.05910	0.04437	0.89653
604 A	0.06076	0.04155	0.89769
605 T	0.06235	0.03794	0.89971
606 T	0.06414	0.03311	0.90276
607 G	0.06457	0.02849	0.90693
608 C	0.06565	0.02603	0.90833
609 T	0.06696	0.02424	0.90879
610 A	0.06674	0.02523	0.90803
611 A	0.06844	0.02368	0.90788
612 A	0.06871	0.02329	0.908
613 A	0.06927	0.02260	0.90814
614 A	0.07047	0.01976	0.90977
615 A	0.07199	0.01654	0.91146
616 T	0.07509	0.01219	0.91272
617 G	0.07561	0.01068	0.91371
618 T	0.07616	0.00956	0.91427
619 T	0.07624	0.00962	0.91414
620 C	0.07581	0.01057	0.91362
621 A	0.07563	0.01306	0.91131
622 T	0.07612	0.01307	0.91081
623 T	0.07616	0.01368	0.91016
624 T	0.07595	0.01451	0.90954
625 T	0.07541	0.01552	0.90908
626 G	0.07395	0.01737	0.90868
627 T	0.07328	0.01844	0.90828
628 A	0.07141	0.02051	0.90808
629 A	0.07097	0.02091	0.90812
630 A	0.07103	0.02051	0.90846
631 T	0.07153	0.01947	0.90899
632 C	0.07196	0.01856	0.90948
633 T	0.07289	0.01723	0.90987
634 T	0.07281	0.01712	0.91007
635 C	0.07201	0.01791	0.91009
636 T	0.07107	0.01926	0.90967
637 A	0.06990	0.02104	0.90907
638 A	0.06893	0.02241	0.90865
639 A	0.06792	0.02383	0.90825
640 A	0.06761	0.02426	0.90813
641 G	0.06760	0.02415	0.90825
642 A	0.06756	0.02424	0.90821
643 G	0.06830	0.02324	0.90846
644 T	0.07093	0.02049	0.90858
645 T	0.07134	0.02055	0.9081
646 T	0.07132	0.02125	0.90743
647 T	0.07085	0.02211	0.90704
648 A	0.06956	0.02385	0.90659
649 A	0.06873	0.02448	0.90679
650 A	0.06836	0.02456	0.90708
651 T	0.06816	0.02343	0.90841
652 G	0.06685	0.02469	0.90846
653 T	0.06618	0.02545	0.90837
654 T	0.06502	0.02695	0.90803
655 A	0.06363	0.02836	0.90801
656 A	0.06289	0.02893	0.90819
657 A	0.06269	0.02867	0.90864
658 A	0.06274	0.02768	0.90959
659 C	0.06313	0.02608	0.91079
660 A	0.06361	0.02495	0.91144
661 A	0.06397	0.02391	0.91212
662 T	0.06437	0.02279	0.91284
663 A	0.06372	0.02331	0.91297
664 A	0.06369	0.02318	0.91313
665 G	0.06417	0.02172	0.91412
666 T	0.06505	0.02023	0.91472
667 A	0.06542	0.01956	0.91502
668 T	0.06656	0.01782	0.91561
669 T	0.06732	0.01656	0.91612
670 G	0.06713	0.01644	0.91642
671 A	0.06740	0.01548	0.91712
672 T	0.06830	0.01357	0.91813
673 A	0.06846	0.01258	0.91897
674 T	0.06878	0.01121	0.92002
675 T	0.06885	0.00917	0.92198
676 C	0.06848	0.00841	0.92312
677 C	0.06848	0.00771	0.92381
678 T	0.06831	0.00754	0.92415
679 G	0.06808	0.00763	0.92429
680 C	0.06794	0.00775	0.92431
681 T	0.06778	0.00821	0.92402
682 G	0.06761	0.00856	0.92383
683 G	0.06763	0.00889	0.92347
684 A	0.06748	0.01008	0.92244
685 G	0.06736	0.01096	0.92168
686 T	0.06732	0.01113	0.92154
687 T	0.06722	0.01252	0.92026
688 G	0.06693	0.01407	0.919
689 A	0.06687	0.01636	0.91677
690 A	0.06687	0.01751	0.91562
691 G	0.06688	0.01835	0.91477
692 A	0.06693	0.01913	0.91395
693 T	0.06735	0.01890	0.91376
694 G	0.06732	0.02002	0.91266
695 G	0.06706	0.02190	0.91104
696 A	0.06693	0.02361	0.90946
697 A	0.06686	0.02390	0.90924
698 T	0.06663	0.02430	0.90907
699 G	0.06592	0.02508	0.909
700 A	0.06557	0.02664	0.90779
701 C	0.06420	0.02880	0.907
702 A	0.06363	0.03214	0.90423
703 A	0.06330	0.03431	0.90239
704 T	0.06335	0.03493	0.90172
705 G	0.06290	0.03547	0.90163
706 A	0.06309	0.03548	0.90143
707 A	0.06362	0.03469	0.90168
708 A	0.06429	0.03376	0.90195
709 C	0.06545	0.03235	0.9022
710 T	0.06696	0.03110	0.90194
711 C	0.06764	0.03033	0.90203
712 G	0.06890	0.02951	0.90159
713 A	0.06973	0.02928	0.90098
714 T	0.07072	0.02831	0.90097
715 C	0.07134	0.02766	0.901
716 A	0.07156	0.02759	0.90085
717 A	0.07214	0.02694	0.90092
718 C	0.07005	0.02879	0.90116
719 A	0.06881	0.03017	0.90103
720 A	0.06817	0.03077	0.90106
721 G	0.06858	0.03004	0.90139
722 G	0.06931	0.02868	0.90201
723 A	0.07076	0.02691	0.90234
724 C	0.07199	0.02374	0.90426
725 A	0.07402	0.02160	0.90438
726 T	0.07438	0.02159	0.90402
727 G	0.07047	0.02701	0.90252
728 G	0.06745	0.03119	0.90136
729 A	0.06369	0.03536	0.90094
730 G	0.06110	0.03764	0.90125
731 G	0.05964	0.03857	0.90178
732 A	0.05919	0.03884	0.90197
733 C	0.05936	0.03828	0.90236
734 A	0.05935	0.03866	0.90198
735 C	0.05973	0.03818	0.90209
736 T	0.06020	0.03877	0.90103
737 T	0.06009	0.04068	0.89924
738 A	0.05991	0.04233	0.89776
739 A	0.05954	0.04254	0.89791
740 A	0.05939	0.04227	0.89835
741 T	0.05917	0.03844	0.9024
742 T	0.05849	0.03688	0.90464
743 C	0.05634	0.03843	0.90524
744 A	0.05320	0.04417	0.90264
745 A	0.05205	0.04831	0.89964
746 A	0.05158	0.04956	0.89886
747 A	0.05141	0.04981	0.89878
748 A	0.05184	0.04918	0.89898
749 A	0.05266	0.04646	0.90088
750 T	0.05437	0.03991	0.90572
751 A	0.05515	0.03596	0.90889
752 G	0.05540	0.03175	0.91285
753 T	0.05573	0.02928	0.91499
754 G	0.05547	0.02848	0.91605
755 A	0.05537	0.02822	0.91641
756 C	0.05566	0.02759	0.91675
757 T	0.05653	0.02694	0.91653
758 T	0.05679	0.02726	0.91595
759 A	0.05739	0.02852	0.91408
760 T	0.05886	0.02901	0.91213
761 A	0.05948	0.03081	0.90971
762 T	0.05967	0.03141	0.90893
763 A	0.05966	0.03140	0.90894
764 T	0.06003	0.03056	0.90941
765 A	0.05984	0.03016	0.91
766 A	0.06017	0.02829	0.91153
767 C	0.06200	0.02418	0.91383
768 T	0.06410	0.02288	0.91302
769 T	0.06307	0.02536	0.91158
770 T	0.06007	0.02956	0.91037
771 T	0.05592	0.03498	0.90909
772 A	0.05174	0.04000	0.90826
773 A	0.05029	0.04159	0.90812
774 A	0.04966	0.04177	0.90857
775 A	0.04934	0.04174	0.90891
776 T	0.04944	0.04136	0.9092
777 T	0.04932	0.04114	0.90954
778 A	0.04877	0.04140	0.90983
779 G	0.04845	0.04131	0.91024
780 A	0.04859	0.04094	0.91048
781 C	0.04916	0.03984	0.911
782 C	0.05082	0.03797	0.91121
783 T	0.05296	0.03586	0.91119
784 C	0.05489	0.03403	0.91109
785 A	0.05580	0.03394	0.91026
786 T	0.05618	0.03432	0.9095
787 G	0.05590	0.03582	0.90828
788 A	0.05588	0.03817	0.90595
789 A	0.05653	0.03959	0.90388
790 A	0.05805	0.03850	0.90345
791 T	0.06057	0.03427	0.90516
792 T	0.06242	0.03068	0.9069
793 T	0.06259	0.02950	0.90791
794 T	0.06167	0.02952	0.90881
795 T	0.05830	0.03601	0.90569
796 G	0.05208	0.04635	0.90158
797 A	0.04824	0.05397	0.89778
798 A	0.04548	0.05819	0.89634
799 A	0.04454	0.06022	0.89524
800 G	0.04408	0.06107	0.89486
801 A	0.04373	0.06294	0.89333
802 G	0.04358	0.06503	0.89138
803 A	0.04350	0.06739	0.88911
804 A	0.04345	0.06798	0.88856
805 A	0.04334	0.06829	0.88837
806 A	0.04347	0.06812	0.88841
807 A	0.04367	0.06757	0.88876
808 C	0.04448	0.06629	0.88923
809 A	0.04526	0.06582	0.88892
810 A	0.04655	0.06471	0.88874
811 A	0.04939	0.06189	0.88872
812 A	0.05226	0.05901	0.88874
813 T	0.05571	0.05556	0.88874
814 A	0.05769	0.05310	0.88921
815 T	0.06170	0.04811	0.89019
816 T	0.06500	0.04346	0.89155
817 A	0.06655	0.04022	0.89323
818 T	0.07028	0.03272	0.897
819 T	0.07377	0.02401	0.90222
820 T	0.07623	0.01834	0.90542
821 C	0.07704	0.01527	0.90768
822 C	0.07799	0.01373	0.90828
823 A	0.07866	0.01295	0.90839
824 C	0.08053	0.01093	0.90854
825 T	0.08293	0.00857	0.90851
826 G	0.08488	0.00669	0.90843
827 T	0.08563	0.00597	0.9084
828 T	0.08594	0.00563	0.90842
829 T	0.08606	0.00567	0.90827
830 G	0.08609	0.00560	0.90831
831 G	0.08616	0.00550	0.90834
832 A	0.08658	0.00517	0.90825
833 T	0.08721	0.00454	0.90825
834 T	0.08756	0.00436	0.90808
835 A	0.08759	0.00459	0.90782
836 A	0.08766	0.00467	0.90767
837 T	0.08781	0.00464	0.90755
838 T	0.08769	0.00524	0.90706
839 T	0.08744	0.00616	0.9064
840 T	0.08697	0.00765	0.90538
841 T	0.08553	0.01071	0.90376
842 A	0.08267	0.01602	0.90132
843 T	0.08115	0.01823	0.90062
844 G	0.07877	0.02057	0.90066
845 A	0.07726	0.02216	0.90058
846 T	0.07638	0.02304	0.90058
847 G	0.07530	0.02433	0.90038
848 C	0.07499	0.02464	0.90038
849 T	0.07483	0.02513	0.90004
850 A	0.07459	0.02563	0.89979
851 T	0.07464	0.02565	0.8997
852 C	0.07462	0.02579	0.89959
853 T	0.07462	0.02627	0.89911
854 T	0.07442	0.02675	0.89883
855 A	0.07375	0.02792	0.89833
856 G	0.07345	0.02871	0.89785
857 G	0.07320	0.02942	0.89738
858 A	0.07084	0.03235	0.89681
859 A	0.06921	0.03438	0.89641
860 A	0.06872	0.03490	0.89637
861 A	0.06821	0.03516	0.89664
862 G	0.06805	0.03467	0.89728
863 A	0.06812	0.03389	0.89799
864 A	0.06932	0.03081	0.89988
865 T	0.07153	0.02588	0.90259
866 T	0.07183	0.02442	0.90376
867 A	0.07103	0.02388	0.90508
868 A	0.07020	0.02370	0.9061
869 G	0.06969	0.02360	0.9067
870 T	0.06972	0.02265	0.90763
871 A	0.06950	0.02253	0.90797
872 T	0.06996	0.02166	0.90837
873 T	0.07007	0.02112	0.90881
874 C	0.06976	0.02108	0.90917
875 C	0.06964	0.02099	0.90937
876 T	0.07000	0.02065	0.90936
877 A	0.06995	0.02069	0.90936
878 C	0.07034	0.02009	0.90956
879 T	0.07079	0.01988	0.90933
880 A	0.07095	0.01979	0.90926
881 T	0.07149	0.01688	0.91163
882 T	0.07138	0.01596	0.91266
883 T	0.07041	0.01690	0.91269
884 A	0.06792	0.01892	0.91316
885 T	0.06718	0.01871	0.91411
886 G	0.06657	0.01820	0.91523
887 G	0.06621	0.01830	0.91549
888 T	0.06626	0.01891	0.91483
889 G	0.06614	0.02070	0.91315
890 A	0.06610	0.02092	0.91297
891 A	0.06576	0.02091	0.91332
892 G	0.06575	0.02060	0.91365
893 T	0.06548	0.02143	0.91309
894 C	0.06436	0.02397	0.91166
895 G	0.06415	0.03035	0.9055
896 A	0.06396	0.04031	0.89572
897 A	0.06387	0.04555	0.89057
898 T	0.06384	0.05069	0.88547
899 T	0.06349	0.06082	0.87569
900 A	0.05925	0.08346	0.85729
901 A	0.05842	0.09645	0.84513
902 A	0.05736	0.10361	0.83903
903 A	0.05697	0.10456	0.83847
904 A	0.05699	0.10446	0.83854
905 T	0.05758	0.10314	0.83928
906 A	0.05505	0.10451	0.84045
907 C	0.05478	0.10211	0.8431
908 C	0.05333	0.10342	0.84326
909 A	0.05110	0.10782	0.84108
910 G	0.04906	0.11284	0.83809
911 A	0.04747	0.11934	0.83319
912 A	0.04544	0.12333	0.83123
913 G	0.04452	0.12427	0.83121
914 G	0.04436	0.12399	0.83165
915 A	0.04449	0.12362	0.83189
916 A	0.04542	0.12235	0.83223
917 C	0.04742	0.11907	0.83351
918 A	0.05269	0.11388	0.83342
919 C	0.06196	0.10436	0.83368
920 A	0.06668	0.09973	0.8336
921 A	0.07199	0.09431	0.8337
922 A	0.08130	0.08457	0.83413
923 C	0.09869	0.06270	0.83861
924 T	0.10876	0.05211	0.83912
925 C	0.11009	0.04950	0.84041
926 A	0.10973	0.04962	0.84064
927 T	0.10907	0.04987	0.84106
928 A	0.10476	0.05426	0.84097
929 C	0.09801	0.05794	0.84404
930 T	0.09482	0.06243	0.84275
931 A	0.09177	0.06938	0.83885
932 A	0.09278	0.07083	0.8364
933 A	0.09470	0.07038	0.83493
934 T	0.09849	0.06648	0.83503
935 T	0.09838	0.06467	0.83695
936 T	0.09751	0.06720	0.8353
937 A	0.09697	0.07312	0.82991
938 A	0.09668	0.07626	0.82706
939 A	0.09661	0.07739	0.826
940 T	0.09670	0.07815	0.82515
941 T	0.09667	0.07885	0.82447
942 A	0.09496	0.08149	0.82355
943 A	0.09390	0.08312	0.82298
944 A	0.09319	0.08485	0.82196
945 A	0.09302	0.08538	0.82159
946 A	0.09295	0.08577	0.82129
947 A	0.09313	0.08466	0.82222
948 T	0.09332	0.08047	0.8262
949 A	0.09350	0.07926	0.82724
950 A	0.09379	0.07782	0.82839
951 A	0.09444	0.07334	0.83222
952 G	0.09534	0.06574	0.83892
953 G	0.09765	0.06004	0.84231
954 T	0.10469	0.04998	0.84533
955 A	0.10967	0.04377	0.84656
956 T	0.11564	0.03609	0.84827
957 T	0.11840	0.03184	0.84976
958 C	0.11998	0.02878	0.85124
959 C	0.12231	0.02592	0.85177
960 T	0.12778	0.02053	0.85168
961 T	0.13039	0.01859	0.85101
962 A	0.13105	0.01997	0.84898
963 T	0.13236	0.01896	0.84869
964 T	0.13262	0.01905	0.84833
965 T	0.13078	0.02042	0.8488
966 A	0.12764	0.02544	0.84692
967 C	0.12625	0.02658	0.84717
968 A	0.12527	0.02759	0.84714
969 T	0.12596	0.02688	0.84716
970 T	0.12499	0.02817	0.84684
971 C	0.12331	0.03003	0.84667
972 C	0.12265	0.03096	0.84639
973 A	0.12239	0.03184	0.84577
974 A	0.12172	0.03292	0.84536
975 T	0.12203	0.03264	0.84533
976 T	0.12207	0.03262	0.8453
977 T	0.12175	0.03294	0.84531
978 T	0.12089	0.03376	0.84536
979 C	0.11852	0.03616	0.84531
980 G	0.11689	0.03788	0.84523
981 T	0.11632	0.03859	0.84509
982 A	0.11554	0.03949	0.84496
983 A	0.11537	0.03977	0.84486
984 A	0.11576	0.03943	0.84481
985 G	0.11754	0.03662	0.84584
986 G	0.11806	0.03510	0.84685
987 A	0.11889	0.03329	0.84782
988 G	0.12015	0.02943	0.85042
989 A	0.12275	0.02406	0.85319
990 T	0.12346	0.02060	0.85594
991 C	0.12371	0.01814	0.85815
992 A	0.12399	0.01757	0.85844
993 T	0.12481	0.01580	0.85939
994 T	0.12516	0.01526	0.85958
995 T	0.12533	0.01525	0.85941
996 T	0.12552	0.01591	0.85857
997 G	0.12559	0.01657	0.85784
998 T	0.12561	0.01806	0.85634
999 T	0.12555	0.02115	0.8533
1000 A	0.12551	0.02617	0.84832
1001 T	0.12553	0.02565	0.84882
1002 T	0.12517	0.02495	0.84988
1003 G	0.12415	0.02681	0.84905
1004 T	0.12338	0.03106	0.84556
1005 C	0.11772	0.04132	0.84096
1006 A	0.11517	0.05616	0.82867
1007 A	0.11403	0.06810	0.81788
1008 A	0.11262	0.07396	0.81341
1009 A	0.11238	0.07688	0.81073
1010 T	0.11237	0.07837	0.80925
1011 T	0.11204	0.08204	0.80592
1012 A	0.11164	0.08335	0.80501
1013 A	0.11156	0.08382	0.80461
1014 A	0.11153	0.08388	0.80459
1015 A	0.11188	0.08347	0.80465
1016 C	0.11259	0.08266	0.80475
1017 T	0.11417	0.08104	0.80479
1018 C	0.11524	0.07996	0.8048
1019 C	0.11662	0.07859	0.80479
1020 T	0.11918	0.07613	0.8047
1021 A	0.12063	0.07488	0.80449
1022 C	0.12250	0.07312	0.80437
1023 T	0.12568	0.07073	0.8036
1024 A	0.12341	0.07473	0.80186
1025 G	0.12228	0.07689	0.80083
1026 A	0.12520	0.07484	0.79997
1027 T	0.13076	0.06855	0.80069
1028 T	0.13669	0.05692	0.8064
1029 A	0.14652	0.04486	0.80861
1030 T	0.15586	0.03439	0.80976
1031 C	0.15752	0.03143	0.81105
1032 T	0.15831	0.03048	0.81121
1033 A	0.15570	0.03330	0.811
1034 G	0.15615	0.03287	0.81098
1035 T	0.15622	0.03262	0.81116
1036 C	0.15393	0.03499	0.81109
1037 A	0.15095	0.04000	0.80905
1038 T	0.14787	0.04537	0.80676
1039 C	0.14205	0.05314	0.80481
1040 A	0.11995	0.07971	0.80034
1041 A	0.10103	0.10149	0.79749
1042 A	0.08762	0.11901	0.79337
1043 A	0.07670	0.13228	0.79102
1044 A	0.07192	0.13726	0.79082
1045 A	0.06547	0.14293	0.7916
1046 A	0.06256	0.14519	0.79224
1047 A	0.06198	0.14352	0.7945
1048 C	0.06268	0.14023	0.79709
1049 T	0.06402	0.14015	0.79583
1050 T	0.06299	0.14378	0.79323
1051 A	0.06081	0.15065	0.78854
1052 T	0.05932	0.15451	0.78618
1053 T	0.05570	0.15879	0.7855
1054 G	0.05243	0.16174	0.78584
1055 A	0.04948	0.16543	0.78509
1056 A	0.04851	0.16435	0.78714
1057 C	0.04825	0.16271	0.78904
1058 A	0.04802	0.16335	0.78864
1059 A	0.04749	0.16289	0.78963
1060 A	0.04960	0.15915	0.79125
1061 T	0.05355	0.15274	0.79371
1062 T	0.05601	0.14719	0.7968
1063 A	0.05868	0.12457	0.81676
1064 A	0.06026	0.10642	0.83332
1065 A	0.06277	0.09365	0.84358
1066 G	0.06403	0.08439	0.85157
1067 A	0.06437	0.08144	0.85418
1068 A	0.06533	0.07461	0.86005
1069 T	0.06855	0.06759	0.86386
1070 T	0.07073	0.06336	0.86591
1071 G	0.07132	0.06249	0.86619
1072 G	0.07272	0.06045	0.86683
1073 A	0.07473	0.05834	0.86693
1074 T	0.07871	0.05351	0.86778
1075 A	0.08083	0.05364	0.86554
1076 C	0.08215	0.05221	0.86564
1077 A	0.08338	0.07376	0.84286
1078 T	0.08492	0.09217	0.82292
1079 T	0.08426	0.09585	0.81989
1080 T	0.07897	0.10597	0.81506
1081 A	0.06597	0.12592	0.80811
1082 A	0.05383	0.14576	0.80041
1083 C	0.04286	0.15978	0.79736
1084 G	0.03662	0.18066	0.78273
1085 A	0.03424	0.19752	0.76825
1086 A	0.03468	0.20284	0.76248
1087 A	0.03653	0.20715	0.75632
1088 A	0.03906	0.20587	0.75507
1089 T	0.04228	0.20278	0.75495
1090 A	0.04289	0.20249	0.75462
1091 T	0.04379	0.20172	0.75449
1092 C	0.04201	0.20373	0.75426
1093 A	0.03991	0.20657	0.75352
1094 A	0.03887	0.20791	0.75322
1095 A	0.03811	0.20875	0.75314
1096 A	0.03867	0.20823	0.7531
1097 A	0.04126	0.20560	0.75313
1098 A	0.04691	0.19932	0.75376
1099 A	0.05280	0.19274	0.75446
1100 A	0.07590	0.16832	0.75578
1101 T	0.09685	0.14503	0.75812
1102 A	0.10061	0.13894	0.76044
1103 A	0.10638	0.12698	0.76664
1104 A	0.11524	0.10506	0.7797
1105 T	0.12801	0.07902	0.79296
1106 C	0.13313	0.06210	0.80477
1107 T	0.14830	0.04232	0.80938
1108 T	0.15937	0.02920	0.81143
1109 G	0.16320	0.02426	0.81253
1110 G	0.16763	0.01936	0.81301
1111 T	0.16974	0.01687	0.81339
1112 T	0.17074	0.01433	0.81493
1113 T	0.17160	0.01152	0.81688
1114 T	0.17215	0.00967	0.81818
1115 T	0.17246	0.00708	0.82047
1116 T	0.17277	0.00440	0.82283
1117 T	0.17295	0.00259	0.82445
1118 A	0.17304	0.00124	0.82572
1119 A	0.17318	0.00000	0.82682
