# sp|P60823|PLSY_ONYPE
# AA	inside	membr	outside
1 M	0.05347	0.00000	0.94654
2 E	0.05320	0.00027	0.94654
3 N	0.05068	0.00278	0.94654
4 L	0.05068	0.78494	0.16438
5 S	0.04172	0.86471	0.09357
6 F	0.04172	0.91972	0.03856
7 L	0.00026	0.97851	0.02123
8 F	0.00026	0.97858	0.02116
9 L	0.00002	0.97930	0.02068
10 F	0.00002	0.99965	0.00033
11 L	0.00002	0.99990	8e-05
12 F	0.00001	0.99996	3e-05
13 F	0.00001	0.99997	2e-05
14 Y	0.00001	0.99997	2e-05
15 I	0.00001	0.99997	2e-05
16 L	0.00001	0.99997	2e-05
17 G	0.00001	0.99997	2e-05
18 S	0.00001	0.99997	2e-05
19 I	0.00002	0.99997	2e-05
20 P	0.00003	0.99994	3e-05
21 T	0.00004	0.99992	4e-05
22 G	0.00014	0.99980	6e-05
23 L	0.00049	0.99929	0.00022
24 V	0.00266	0.99685	0.00049
25 I	0.00758	0.98715	0.00527
26 G	0.04884	0.93759	0.01357
27 K	0.84404	0.12644	0.02952
28 L	0.87646	0.09237	0.03117
29 V	0.91204	0.05624	0.03172
30 Q	0.94564	0.00123	0.05313
31 Q	0.94640	0.00026	0.05334
32 K	0.94650	0.00003	0.05347
33 D	0.94652	0.00001	0.05347
34 L	0.94652	0.00003	0.05345
35 R	0.94652	0.00004	0.05344
36 N	0.94652	0.00004	0.05344
37 T	0.94650	0.00006	0.05344
38 G	0.94639	0.00017	0.05344
39 S	0.94615	0.00042	0.05343
40 G	0.94610	0.00047	0.05342
41 N	0.94610	0.00048	0.05342
42 I	0.94605	0.00053	0.05341
43 G	0.94604	0.00054	0.05341
44 A	0.94604	0.00054	0.05341
45 T	0.94600	0.00059	0.05341
46 N	0.94589	0.00070	0.05341
47 A	0.94549	0.00111	0.0534
48 L	0.94542	0.00118	0.0534
49 R	0.94531	0.00129	0.05339
50 V	0.94297	0.00364	0.05339
51 L	0.93579	0.01082	0.05338
52 G	0.93505	0.01157	0.05338
53 K	0.93440	0.01222	0.05338
54 K	0.91400	0.03289	0.05311
55 W	0.25875	0.71762	0.02364
56 G	0.12533	0.86376	0.01091
57 I	0.06647	0.92493	0.00861
58 L	0.03409	0.95825	0.00766
59 V	0.02358	0.96962	0.0068
60 F	0.02150	0.97259	0.00591
61 L	0.02125	0.97281	0.00595
62 L	0.02112	0.97270	0.00618
63 D	0.02111	0.97258	0.00631
64 F	0.02082	0.97287	0.00631
65 C	0.02079	0.97274	0.00647
66 K	0.02078	0.97269	0.00653
67 G	0.02066	0.97282	0.00652
68 F	0.02065	0.97284	0.00652
69 V	0.02065	0.97281	0.00654
70 P	0.02065	0.97261	0.00674
71 L	0.02066	0.97237	0.00697
72 T	0.02068	0.97129	0.00802
73 I	0.02074	0.96126	0.01799
74 C	0.02097	0.91172	0.06731
75 L	0.02139	0.86918	0.10943
76 H	0.02289	0.82726	0.14984
77 F	0.02379	0.77756	0.19865
78 S	0.05316	0.16598	0.78087
79 K	0.06574	0.06442	0.86983
80 F	0.06635	0.03674	0.89692
81 W	0.06681	0.01750	0.91569
82 L	0.06726	0.00654	0.9262
83 T	0.06819	0.00161	0.9302
84 E	0.06831	0.00062	0.93107
85 P	0.06832	0.00010	0.93157
86 S	0.06831	0.00008	0.93161
87 T	0.06829	0.00011	0.93159
88 K	0.06828	0.00023	0.93148
89 T	0.06738	0.00398	0.92864
90 F	0.05629	0.02750	0.91621
91 L	0.05442	0.03322	0.91236
92 Q	0.05438	0.11974	0.82588
93 P	0.05406	0.19137	0.75457
94 N	0.05280	0.22382	0.72338
95 P	0.05129	0.27707	0.67165
96 T	0.04583	0.38477	0.56939
97 I	0.03188	0.76822	0.19991
98 K	0.02871	0.78227	0.18901
99 I	0.02417	0.89854	0.07729
100 S	0.02406	0.90265	0.07329
101 L	0.02395	0.90649	0.06956
102 L	0.02395	0.90702	0.06903
103 A	0.02395	0.90710	0.06895
104 I	0.02395	0.90712	0.06893
105 S	0.02395	0.90711	0.06893
106 P	0.02396	0.90710	0.06894
107 I	0.02399	0.90707	0.06894
108 L	0.02416	0.90683	0.06901
109 G	0.02473	0.90415	0.07112
110 H	0.02564	0.90049	0.07386
111 M	0.02671	0.89913	0.07416
112 F	0.02965	0.89578	0.07456
113 S	0.04370	0.87526	0.08104
114 L	0.05336	0.85887	0.08778
115 F	0.27888	0.62089	0.10023
116 N	0.52283	0.36837	0.1088
117 K	0.82579	0.06319	0.11102
118 F	0.83179	0.05715	0.11106
119 K	0.87559	0.01129	0.11313
120 G	0.88126	0.00598	0.11276
121 G	0.87871	0.00908	0.11221
122 K	0.87613	0.01241	0.11145
123 A	0.69179	0.23440	0.07381
124 I	0.67049	0.28796	0.04154
125 A	0.62768	0.34022	0.0321
126 T	0.53683	0.43283	0.03034
127 S	0.24874	0.72644	0.02483
128 V	0.03837	0.95571	0.00592
129 G	0.01704	0.97873	0.00423
130 I	0.01288	0.98518	0.00193
131 I	0.00732	0.99172	0.00096
132 T	0.00689	0.99231	0.00079
133 A	0.00542	0.99395	0.00063
134 F	0.00483	0.99457	0.0006
135 N	0.00461	0.99480	0.00059
136 P	0.00372	0.99578	0.0005
137 L	0.00111	0.99854	0.00034
138 I	0.00097	0.99873	0.00029
139 G	0.00091	0.99862	0.00047
140 I	0.00078	0.99864	0.00058
141 S	0.00099	0.99769	0.00132
142 G	0.00123	0.99732	0.00145
143 I	0.00202	0.99513	0.00285
144 I	0.00299	0.98722	0.00979
145 F	0.00441	0.95988	0.03571
146 F	0.04074	0.76020	0.19907
147 A	0.06665	0.71799	0.21535
148 I	0.05755	0.69005	0.2524
149 F	0.04899	0.69705	0.25395
150 L	0.05310	0.42813	0.51877
151 R	0.07133	0.26036	0.6683
152 L	0.01666	0.49443	0.4889
153 F	0.00694	0.71782	0.27524
154 G	0.00492	0.89170	0.10339
155 Y	0.00496	0.90161	0.09342
156 A	0.00532	0.90041	0.09427
157 S	0.00528	0.90016	0.09457
158 L	0.00529	0.90000	0.09471
159 A	0.00534	0.89937	0.09529
160 S	0.00541	0.89750	0.09708
161 I	0.00543	0.89740	0.09717
162 I	0.00546	0.89715	0.09738
163 A	0.00553	0.89655	0.09793
164 S	0.00558	0.89607	0.09836
165 T	0.00565	0.89571	0.09865
166 L	0.00569	0.89534	0.09897
167 V	0.00612	0.89401	0.09987
168 N	0.00778	0.88888	0.10334
169 V	0.00926	0.88671	0.10403
170 F	0.01982	0.86757	0.1126
171 Y	0.17805	0.67936	0.14259
172 G	0.79303	0.00000	0.20697
