# sp|Q6YRJ5|Y019_ONYPE
# AA	inside	membr	outside
1 M	0.04076	0.00000	0.95924
2 S	0.04076	0.00000	0.95924
3 K	0.04076	0.00000	0.95924
4 D	0.04076	0.00000	0.95924
5 D	0.04075	0.00002	0.95922
6 S	0.04075	0.00007	0.95917
7 I	0.04068	0.00019	0.95913
8 K	0.04068	0.00019	0.95913
9 K	0.04033	0.00070	0.95897
10 T	0.04033	0.28807	0.6716
11 V	0.03835	0.47547	0.48618
12 T	0.03102	0.49840	0.47058
13 I	0.00051	0.73357	0.26592
14 G	0.00051	0.73358	0.26592
15 L	0.00051	0.99634	0.00315
16 S	0.00048	0.99637	0.00315
17 A	0.00042	0.99761	0.00196
18 A	0.00042	0.99889	0.00069
19 I	0.00039	0.99913	0.00048
20 F	0.00035	0.99965	0
21 F	0.00034	0.99965	0
22 V	0.00034	0.99965	0
23 L	0.00034	0.99965	0
24 S	0.00034	0.99965	0
25 C	0.00036	0.99964	0
26 F	0.00037	0.99963	0
27 A	0.00047	0.99952	2e-05
28 S	0.01547	0.98451	2e-05
29 I	0.02407	0.97590	3e-05
30 P	0.05565	0.94412	0.00024
31 V	0.06053	0.93673	0.00274
32 G	0.07529	0.91468	0.01003
33 F	0.23557	0.75191	0.01252
34 N	0.48252	0.50205	0.01543
35 V	0.52685	0.45515	0.018
36 S	0.74286	0.21792	0.03921
37 I	0.75561	0.20502	0.03936
38 E	0.94851	0.01147	0.04001
39 T	0.88575	0.07802	0.03623
40 S	0.45669	0.52475	0.01856
41 V	0.32057	0.67292	0.00651
42 A	0.16723	0.82894	0.00383
43 F	0.13608	0.86232	0.0016
44 L	0.00479	0.99443	0.00078
45 A	0.00164	0.99817	0.00019
46 F	0.00045	0.99941	0.00013
47 I	0.00018	0.99970	0.00012
48 A	0.00010	0.99978	0.00012
49 V	0.00001	0.99987	0.00012
50 A	0.00000	0.99987	0.00012
51 F	0.00000	0.99986	0.00014
52 G	0.00000	0.99984	0.00015
53 P	0.00000	0.99983	0.00016
54 A	0.00000	0.99981	0.00018
55 V	0.00000	0.99967	0.00033
56 G	0.00000	0.99887	0.00113
57 F	0.00000	0.99841	0.00158
58 Y	0.00004	0.99633	0.00362
59 V	0.00015	0.99326	0.00659
60 G	0.00062	0.96193	0.03745
61 L	0.00108	0.86445	0.13446
62 I	0.00525	0.80896	0.18579
63 G	0.02612	0.33628	0.63759
64 N	0.03751	0.23589	0.7266
65 T	0.03923	0.15223	0.80854
66 I	0.03983	0.11764	0.84253
67 K	0.04023	0.00434	0.95543
68 D	0.04009	0.02740	0.93251
69 F	0.03338	0.13110	0.83552
70 I	0.02794	0.30567	0.66638
71 L	0.02755	0.33702	0.63543
72 F	0.02696	0.35886	0.61418
73 G	0.02686	0.37652	0.59662
74 N	0.02648	0.39369	0.57983
75 V	0.01918	0.77010	0.21071
76 S	0.01888	0.81092	0.1702
77 W	0.01869	0.96742	0.01389
78 N	0.01868	0.97381	0.0075
79 W	0.01868	0.98036	0.00096
80 V	0.01867	0.98111	0.00022
81 L	0.01867	0.98123	0.0001
82 C	0.01867	0.98129	3e-05
83 S	0.01868	0.98131	2e-05
84 A	0.01868	0.98131	1e-05
85 L	0.01868	0.98132	1e-05
86 I	0.01868	0.98131	0
87 G	0.01876	0.98123	1e-05
88 F	0.01899	0.98098	3e-05
89 I	0.03389	0.96605	6e-05
90 Y	0.06411	0.93371	0.00218
91 G	0.10615	0.89089	0.00296
92 L	0.17767	0.81402	0.00831
93 P	0.42142	0.56575	0.01282
94 H	0.46652	0.52034	0.01314
95 K	0.48141	0.49879	0.01979
96 I	0.48179	0.49841	0.0198
97 I	0.59146	0.38861	0.01992
98 D	0.96404	0.01440	0.02155
99 L	0.96948	0.00895	0.02157
100 K	0.97826	0.00013	0.0216
101 Y	0.97829	0.00011	0.0216
102 Q	0.97831	0.00009	0.0216
103 V	0.97831	0.00008	0.0216
104 F	0.97829	0.00010	0.0216
105 T	0.97828	0.00012	0.0216
106 K	0.97808	0.00032	0.0216
107 K	0.97729	0.00119	0.02151
108 K	0.97233	0.00628	0.02138
109 I	0.25298	0.73868	0.00834
110 V	0.11881	0.87430	0.00689
111 Y	0.02027	0.97529	0.00444
112 F	0.00261	0.99652	0.00087
113 W	0.00038	0.99908	0.00054
114 L	0.00014	0.99945	0.0004
115 Y	0.00011	0.99955	0.00034
116 Q	0.00010	0.99957	0.00033
117 V	0.00002	0.99969	0.0003
118 A	0.00000	0.99971	0.00029
119 F	0.00000	0.99971	0.00029
120 N	0.00000	0.99971	0.00029
121 F	0.00000	0.99971	0.00029
122 I	0.00000	0.99971	0.00029
123 I	0.00000	0.99971	0.00029
124 W	0.00000	0.99963	0.00037
125 G	0.00001	0.99941	0.00058
126 F	0.00001	0.99918	0.0008
127 F	0.00038	0.99355	0.00607
128 A	0.00201	0.88468	0.1133
129 P	0.01369	0.08881	0.89751
130 Q	0.01845	0.04334	0.93821
131 S	0.01900	0.03196	0.94903
132 D	0.01994	0.01105	0.96901
133 L	0.01994	0.00911	0.97096
134 L	0.01996	0.00506	0.97499
135 I	0.02061	0.00156	0.97783
136 Y	0.02099	0.00069	0.97832
137 G	0.02118	0.00036	0.97847
138 Q	0.02129	0.00032	0.97839
139 P	0.02125	0.00047	0.97828
140 P	0.02038	0.00186	0.97776
141 K	0.01211	0.01698	0.97092
142 L	0.00737	0.12988	0.86275
143 V	0.00645	0.86456	0.12899
144 Y	0.00563	0.90466	0.08972
145 L	0.00548	0.91311	0.08141
146 Q	0.00544	0.92279	0.07177
147 S	0.00357	0.93428	0.06215
148 F	0.00090	0.98948	0.00962
149 L	0.00022	0.99591	0.00387
150 I	0.00012	0.99815	0.00173
151 V	0.00010	0.99958	0.00033
152 I	0.00009	0.99969	0.00021
153 S	0.00009	0.99970	0.00021
154 N	0.00009	0.99975	0.00016
155 I	0.00009	0.99982	9e-05
156 L	0.00010	0.99982	8e-05
157 A	0.00013	0.99979	9e-05
158 Y	0.00020	0.99970	0.0001
159 S	0.00064	0.99917	0.00019
160 V	0.00220	0.99743	0.00037
161 V	0.01516	0.98390	0.00093
162 G	0.06266	0.93464	0.0027
163 I	0.16694	0.82882	0.00424
164 K	0.26828	0.71764	0.01409
165 L	0.29862	0.68637	0.01501
166 M	0.86223	0.12219	0.01558
167 S	0.89987	0.08383	0.0163
168 M	0.92094	0.06245	0.01661
169 Y	0.93153	0.05160	0.01687
170 S	0.94097	0.04016	0.01887
171 C	0.96731	0.01184	0.02085
172 H	0.97349	0.00527	0.02124
173 Y	0.97522	0.00350	0.02128
174 N	0.97823	0.00046	0.0213
175 K	0.97868	0.00001	0.02131
176 Q	0.97869	0.00000	0.02131
177 A	0.97869	0.00000	0.02131
178 T	0.97869	0.00000	0.02131
179 L	0.97869	0.00000	0.02131
180 I	0.97869	0.00000	0.02131
181 K	0.97869	0.00000	0.02131
182 I	0.97869	0.00000	0.02131
183 N	0.97869	0.00000	0.02131
184 N	0.97869	0.00000	0.02131
185 S	0.97869	0.00000	0.02131
