# tr|B9A0T3|B9A0T3_ONYPE
# AA	inside	membr	outside
1 M	0.92021	0.00000	0.07979
2 Q	0.92015	0.00006	0.07979
3 I	0.91881	0.00140	0.07979
4 F	0.91881	0.00146	0.07973
5 N	0.91829	0.00199	0.07972
6 Y	0.91829	0.00200	0.07971
7 N	0.91585	0.00443	0.07971
8 I	0.91585	0.00444	0.07971
9 S	0.91576	0.00453	0.07971
10 A	0.91576	0.00461	0.07963
11 F	0.91572	0.00465	0.07963
12 I	0.91510	0.00528	0.07962
13 D	0.91443	0.00595	0.07961
14 K	0.91435	0.00603	0.07961
15 I	0.91434	0.02454	0.06111
16 N	0.90911	0.02977	0.06111
17 D	0.81914	0.12040	0.06046
18 Y	0.77862	0.16512	0.05626
19 A	0.32928	0.61586	0.05486
20 I	0.05773	0.89640	0.04587
21 Y	0.01180	0.94233	0.04587
22 I	0.01024	0.94394	0.04582
23 I	0.00997	0.94411	0.04592
24 T	0.00988	0.94409	0.04603
25 F	0.00985	0.94367	0.04648
26 L	0.00985	0.94195	0.04819
27 K	0.00991	0.94039	0.0497
28 T	0.00986	0.94036	0.04978
29 T	0.00980	0.94039	0.04981
30 F	0.00970	0.94022	0.05008
31 N	0.00972	0.94014	0.05014
32 N	0.00966	0.94012	0.05022
33 I	0.00906	0.94072	0.05021
34 I	0.00853	0.94117	0.0503
35 A	0.01531	0.93276	0.05192
36 I	0.01821	0.91943	0.06236
37 R	0.02382	0.50392	0.47226
38 N	0.03171	0.26512	0.70316
39 V	0.03252	0.23624	0.73125
40 D	0.04014	0.14258	0.81728
41 F	0.03815	0.13729	0.82457
42 S	0.03851	0.02939	0.93209
43 L	0.03861	0.01224	0.94915
44 V	0.03857	0.00611	0.95531
45 N	0.03860	0.00566	0.95574
46 I	0.03833	0.00719	0.95448
47 P	0.03820	0.00732	0.95448
48 N	0.03782	0.00795	0.95424
49 S	0.03591	0.01786	0.94622
50 F	0.02719	0.05850	0.91431
51 G	0.01955	0.55498	0.42547
52 I	0.01399	0.84277	0.14324
53 I	0.01340	0.85813	0.12848
54 W	0.01093	0.87874	0.11033
55 H	0.00748	0.88419	0.10833
56 F	0.00493	0.92774	0.06734
57 I	0.00151	0.96445	0.03405
58 L	0.00029	0.99056	0.00915
59 S	0.00024	0.99369	0.00606
60 I	0.00007	0.99623	0.00371
61 L	0.00004	0.99748	0.00248
62 Y	0.00000	0.99923	0.00077
63 I	0.00000	0.99996	4e-05
64 L	0.00000	0.99997	3e-05
65 I	0.00000	0.99998	2e-05
66 F	0.00001	0.99997	3e-05
67 I	0.00002	0.99996	2e-05
68 T	0.00004	0.99992	3e-05
69 I	0.00009	0.99978	0.00013
70 L	0.00020	0.99957	0.00023
71 V	0.00228	0.99731	0.00041
72 F	0.01210	0.98552	0.00238
73 M	0.04892	0.94032	0.01076
74 G	0.45574	0.52534	0.01893
75 S	0.69752	0.27923	0.02325
76 I	0.70949	0.26703	0.02348
77 F	0.72575	0.24797	0.02629
78 S	0.73408	0.23511	0.03081
79 I	0.76631	0.20090	0.0328
80 F	0.83208	0.13064	0.03728
81 K	0.94427	0.01705	0.03869
82 Q	0.95647	0.00653	0.03701
83 I	0.94580	0.02137	0.03283
84 I	0.94165	0.02690	0.03145
85 K	0.93966	0.02880	0.03155
86 W	0.78215	0.18953	0.02832
87 T	0.74263	0.23484	0.02253
88 I	0.73030	0.25323	0.01647
89 Y	0.71902	0.26528	0.0157
90 K	0.71538	0.26903	0.01559
91 P	0.66997	0.31662	0.01341
92 I	0.52279	0.46896	0.00825
93 K	0.46006	0.53219	0.00775
94 L	0.04039	0.95838	0.00123
95 F	0.00663	0.99299	0.00038
96 V	0.00574	0.99394	0.00032
97 L	0.00539	0.99430	0.0003
98 G	0.00535	0.99435	0.0003
99 L	0.00534	0.99436	0.0003
100 Y	0.00534	0.99436	0.0003
101 Y	0.00534	0.99431	0.00035
102 F	0.00536	0.99415	0.0005
103 I	0.00540	0.99346	0.00113
104 L	0.00573	0.97385	0.02042
105 L	0.00848	0.93501	0.05651
106 L	0.01408	0.85276	0.13316
107 K	0.01805	0.79760	0.18436
108 Y	0.01819	0.79561	0.18619
109 L	0.01980	0.76266	0.21754
110 F	0.02400	0.72109	0.25491
111 T	0.03352	0.60930	0.35718
112 P	0.04188	0.20573	0.7524
113 K	0.04356	0.02309	0.93335
114 S	0.04369	0.01327	0.94305
115 E	0.04381	0.00784	0.94836
116 L	0.04381	0.00738	0.94881
117 T	0.04400	0.00114	0.95486
118 Q	0.04404	0.00018	0.95579
119 P	0.04404	0.00005	0.95591
120 V	0.04404	0.00002	0.95593
121 Q	0.04404	0.00001	0.95596
122 T	0.04404	0.00000	0.95596
123 N	0.04404	0.00000	0.95596
124 N	0.04404	0.00000	0.95596
125 S	0.04404	0.00000	0.95596
126 N	0.04404	0.00000	0.95596
127 L	0.04404	0.00000	0.95596
128 D	0.04404	0.00000	0.95596
129 E	0.04404	0.00000	0.95596
130 L	0.04404	0.00000	0.95596
131 K	0.04404	0.00000	0.95596
132 Q	0.04404	0.00000	0.95596
133 L	0.04404	0.00000	0.95596
134 N	0.04404	0.00000	0.95596
135 K	0.04404	0.00000	0.95596
136 K	0.04404	0.00000	0.95596
137 I	0.04404	0.00000	0.95596
138 S	0.04404	0.00000	0.95596
139 D	0.04404	0.00000	0.95596
140 L	0.04404	0.00000	0.95596
141 E	0.04404	0.00000	0.95596
142 Y	0.04404	0.00000	0.95596
143 R	0.04404	0.00000	0.95596
144 L	0.04404	0.00000	0.95596
145 N	0.04404	0.00000	0.95596
146 L	0.04404	0.00000	0.95596
147 Q	0.04404	0.00000	0.95596
148 K	0.04404	0.00000	0.95596
149 R	0.04404	0.00000	0.95596
150 Q	0.04404	0.00000	0.95596
151 N	0.04404	0.00000	0.95596
152 V	0.04404	0.00000	0.95596
153 I	0.04404	0.00000	0.95596
154 K	0.04404	0.00000	0.95596
155 K	0.04404	0.00000	0.95596
156 D	0.04404	0.00000	0.95596
157 Y	0.04404	0.00000	0.95596
158 K	0.04404	0.00000	0.95596
159 K	0.04404	0.00000	0.95596
160 N	0.04404	0.00000	0.95596
161 P	0.04404	0.00000	0.95596
