# tr|Q6YPK6|Q6YPK6_ONYPE
# AA	inside	membr	outside
1 M	0.45701	0.00000	0.54299
2 K	0.45267	0.00435	0.54299
3 I	0.42357	0.03344	0.54299
4 L	0.42357	0.05205	0.52438
5 F	0.35762	0.13037	0.51201
6 L	0.35762	0.13220	0.51018
7 S	0.10068	0.39162	0.5077
8 L	0.10057	0.39236	0.50707
9 N	0.08607	0.40782	0.50612
10 I	0.08591	0.85068	0.06341
11 Y	0.07251	0.87603	0.05146
12 Y	0.03018	0.91978	0.05005
13 F	0.00486	0.94829	0.04685
14 Y	0.00486	0.94829	0.04685
15 F	0.00486	0.94855	0.0466
16 L	0.00486	0.94855	0.0466
17 I	0.00486	0.94852	0.04663
18 F	0.00486	0.94797	0.04718
19 K	0.00590	0.94469	0.04941
20 E	0.00595	0.94416	0.0499
21 M	0.00596	0.94392	0.05013
22 I	0.00610	0.94333	0.05057
23 C	0.00689	0.93370	0.05941
24 L	0.00950	0.92879	0.06171
25 F	0.01483	0.89436	0.09081
26 E	0.02108	0.85899	0.11994
27 P	0.03056	0.84654	0.1229
28 Y	0.03755	0.82491	0.13754
29 L	0.04921	0.80117	0.14961
30 I	0.28032	0.31899	0.40069
31 K	0.46019	0.04658	0.49322
32 Q	0.47273	0.02967	0.4976
33 K	0.50084	0.00135	0.49781
34 Y	0.49941	0.00526	0.49533
35 E	0.49866	0.00646	0.49487
36 F	0.48981	0.01583	0.49436
37 F	0.48982	0.01583	0.49436
38 Y	0.48985	0.01579	0.49436
39 K	0.48985	0.01578	0.49437
40 I	0.48985	0.01578	0.49437
41 T	0.48985	0.01578	0.49437
42 T	0.48985	0.01578	0.49437
43 G	0.48985	0.01578	0.49437
44 V	0.48985	0.01578	0.49437
45 M	0.48985	0.01578	0.49437
46 Y	0.48985	0.01578	0.49437
47 V	0.48985	0.01578	0.49437
48 S	0.48986	0.01577	0.49437
49 F	0.48990	0.01566	0.49444
50 V	0.49023	0.01482	0.49495
51 G	0.49425	0.00000	0.50576
