# tr|Q6YQM0|Q6YQM0_ONYPE
# AA	inside	membr	outside
1 M	0.36840	0.00000	0.6316
2 R	0.36025	0.00815	0.6316
3 N	0.33586	0.03254	0.6316
4 L	0.33586	0.05341	0.61073
5 L	0.09302	0.29933	0.60765
6 M	0.09302	0.29961	0.60738
7 I	0.05510	0.33753	0.60737
8 L	0.05510	0.33753	0.60737
9 K	0.05498	0.33765	0.60737
10 M	0.05498	0.33774	0.60729
11 I	0.05458	0.33815	0.60728
12 F	0.05368	0.33904	0.60728
13 S	0.05331	0.33942	0.60728
14 F	0.05331	0.33942	0.60728
15 N	0.05331	0.33956	0.60714
16 F	0.05323	0.33963	0.60714
17 L	0.05316	0.33967	0.60717
18 K	0.05316	0.33923	0.60762
19 Y	0.04813	0.34479	0.60708
20 L	0.04603	0.34961	0.60436
21 I	0.04559	0.34713	0.60728
22 S	0.05457	0.32956	0.61587
23 F	0.05795	0.24859	0.69346
24 D	0.06950	0.08965	0.84085
25 F	0.06952	0.05716	0.87332
26 K	0.06954	0.01882	0.91163
27 D	0.06863	0.04732	0.88405
28 F	0.02115	0.43001	0.54884
29 F	0.01015	0.60398	0.38587
30 Y	0.00391	0.73970	0.25638
31 L	0.00253	0.77629	0.22118
32 L	0.00148	0.90627	0.09225
33 Y	0.00132	0.95850	0.04018
34 S	0.00097	0.97028	0.02875
35 I	0.00063	0.99255	0.00682
36 F	0.00047	0.99525	0.00427
37 Y	0.00047	0.99745	0.00208
38 S	0.00069	0.99782	0.00149
39 I	0.00072	0.99847	0.00081
40 F	0.00096	0.99809	0.00095
41 F	0.00131	0.99747	0.00123
42 T	0.00293	0.99015	0.00692
43 K	0.00518	0.98622	0.0086
44 S	0.00519	0.98618	0.00863
45 S	0.00528	0.98636	0.00837
46 F	0.00558	0.98657	0.00785
47 L	0.00772	0.98363	0.00866
48 F	0.03003	0.96003	0.00995
49 G	0.06165	0.92202	0.01633
50 F	0.11483	0.86428	0.0209
51 N	0.41517	0.52532	0.05951
52 V	0.53309	0.40138	0.06553
53 G	0.67021	0.25995	0.06983
54 W	0.70193	0.23019	0.06787
55 N	0.83847	0.09321	0.06831
56 I	0.82222	0.11184	0.06594
57 N	0.71211	0.22233	0.06555
58 F	0.61588	0.32441	0.05971
59 I	0.38925	0.55506	0.05569
60 N	0.34210	0.61602	0.04188
61 I	0.15341	0.82201	0.02458
62 Y	0.09260	0.88357	0.02383
63 N	0.06606	0.91108	0.02286
64 I	0.04719	0.93226	0.02056
65 I	0.04415	0.94077	0.01508
66 K	0.04373	0.94117	0.0151
67 T	0.02990	0.95856	0.01154
68 I	0.01200	0.98043	0.00756
69 F	0.00811	0.98485	0.00705
70 V	0.00491	0.99117	0.00393
71 F	0.00247	0.99421	0.00331
72 I	0.00207	0.99487	0.00306
73 W	0.00275	0.99198	0.00527
74 E	0.00810	0.98037	0.01153
75 Q	0.00807	0.97708	0.01485
76 L	0.00751	0.97716	0.01532
77 I	0.00782	0.97462	0.01756
78 I	0.00848	0.89373	0.09778
79 L	0.00951	0.82153	0.16896
80 I	0.01118	0.68500	0.30381
81 Y	0.01809	0.61080	0.37111
82 P	0.02311	0.39449	0.5824
83 L	0.03660	0.29591	0.66749
84 K	0.05430	0.08317	0.86252
85 L	0.05170	0.07876	0.86954
86 F	0.04774	0.07979	0.87247
87 S	0.04900	0.07330	0.87769
88 S	0.04932	0.08609	0.86459
89 L	0.03308	0.17138	0.79554
90 F	0.03568	0.17341	0.7909
91 D	0.04027	0.19003	0.76969
92 F	0.03380	0.44887	0.51733
93 L	0.03331	0.66176	0.30493
94 M	0.03207	0.71294	0.25499
95 Q	0.03109	0.72485	0.24407
96 I	0.01682	0.81911	0.16407
97 L	0.01547	0.82312	0.16142
98 K	0.01487	0.83346	0.15167
99 I	0.00873	0.86532	0.12596
100 F	0.00775	0.87137	0.12088
101 I	0.00740	0.87469	0.1179
102 D	0.00735	0.87466	0.11799
103 V	0.00484	0.87866	0.1165
104 F	0.00479	0.87867	0.11654
105 G	0.00490	0.87810	0.117
106 S	0.00504	0.87772	0.11723
107 I	0.00525	0.87740	0.11735
108 I	0.00917	0.87144	0.11939
109 G	0.01745	0.85796	0.12459
110 Y	0.03458	0.83916	0.12627
111 I	0.08463	0.78406	0.13132
112 K	0.31635	0.52925	0.1544
113 S	0.34514	0.49979	0.15507
114 S	0.37524	0.46906	0.1557
115 I	0.50586	0.33699	0.15715
116 T	0.68651	0.15211	0.16137
117 N	0.73780	0.09772	0.16447
118 L	0.74535	0.08778	0.16687
119 T	0.78592	0.03839	0.17569
120 G	0.79450	0.02904	0.17645
121 Q	0.81053	0.00744	0.18204
122 K	0.81436	0.00060	0.18505
123 L	0.81437	0.00041	0.18522
124 M	0.81445	0.00031	0.18524
125 D	0.81450	0.00024	0.18526
126 P	0.81451	0.00000	0.18549
127 S	0.81451	0.00000	0.18549
128 E	0.81451	0.00000	0.18549
129 S	0.81449	0.00004	0.18547
130 M	0.81442	0.00015	0.18544
131 W	0.81298	0.00168	0.18534
132 E	0.81223	0.00263	0.18514
133 K	0.81176	0.00334	0.1849
134 I	0.80572	0.01210	0.18218
135 K	0.80101	0.01752	0.18146
136 E	0.75015	0.07529	0.17457
137 I	0.62948	0.23156	0.13896
138 A	0.58767	0.27490	0.13743
139 K	0.56844	0.29466	0.1369
140 L	0.14314	0.84293	0.01392
141 I	0.12601	0.86792	0.00607
142 F	0.12244	0.87218	0.00538
143 S	0.11869	0.87663	0.00468
144 V	0.11659	0.87993	0.00349
145 A	0.11643	0.88034	0.00323
146 V	0.11636	0.88046	0.00318
147 G	0.11633	0.88052	0.00315
148 G	0.11631	0.88056	0.00313
149 S	0.11629	0.88060	0.00311
150 V	0.11628	0.88061	0.00311
151 I	0.11628	0.88059	0.00312
152 Y	0.11641	0.87939	0.0042
153 F	0.11656	0.87695	0.00649
154 L	0.11839	0.84447	0.03714
155 K	0.16156	0.67915	0.1593
156 E	0.16420	0.62228	0.21352
157 I	0.16441	0.60970	0.22589
158 N	0.16454	0.56299	0.27247
159 N	0.16664	0.55402	0.27934
160 F	0.16118	0.55531	0.28351
161 L	0.15935	0.49801	0.34264
162 L	0.15955	0.47411	0.36634
163 N	0.28107	0.02918	0.68975
164 S	0.28609	0.02157	0.69234
165 F	0.28446	0.02270	0.69284
166 I	0.28461	0.01863	0.69676
167 K	0.28557	0.01542	0.69901
168 I	0.28507	0.02987	0.68505
169 G	0.28470	0.06231	0.65298
170 D	0.28372	0.06915	0.64713
171 L	0.21466	0.18050	0.60483
172 L	0.20298	0.32076	0.47626
173 F	0.20207	0.32734	0.47059
174 K	0.19344	0.37672	0.42984
175 I	0.01358	0.85266	0.13376
176 I	0.00356	0.88010	0.11635
177 L	0.00244	0.91417	0.08338
178 R	0.00267	0.91387	0.08346
179 I	0.00263	0.91422	0.08314
180 L	0.00265	0.91405	0.0833
181 D	0.00278	0.91367	0.08355
182 I	0.00271	0.91524	0.08205
183 I	0.00265	0.90779	0.08955
184 S	0.00262	0.90606	0.09133
185 I	0.00258	0.90613	0.09129
186 V	0.00269	0.90596	0.09135
187 L	0.00369	0.90485	0.09146
188 K	0.00465	0.90101	0.09434
189 F	0.00456	0.90146	0.09399
190 F	0.00470	0.90211	0.09318
191 L	0.02305	0.88409	0.09286
192 F	0.07477	0.83253	0.09269
193 L	0.20159	0.68477	0.11364
194 F	0.33360	0.43300	0.2334
195 K	0.61110	0.01574	0.37316
196 K	0.59836	0.03127	0.37037
197 V	0.38894	0.38450	0.22655
198 I	0.22368	0.75666	0.01966
199 I	0.02828	0.97063	0.00109
200 I	0.00887	0.99108	5e-05
201 L	0.00023	0.99974	3e-05
202 S	0.00019	0.99979	2e-05
203 F	0.00004	0.99995	0
204 I	0.00004	0.99996	0
205 L	0.00008	0.99989	3e-05
206 S	0.00010	0.99984	7e-05
207 F	0.00010	0.99982	7e-05
208 F	0.00011	0.99979	0.0001
209 I	0.00013	0.99975	0.00012
210 N	0.00017	0.99966	0.00017
211 F	0.00018	0.99963	0.00018
212 L	0.00040	0.99926	0.00034
213 Y	0.00114	0.99837	0.00049
214 L	0.00190	0.99713	0.00096
215 W	0.00996	0.98223	0.00781
216 V	0.02370	0.94259	0.03371
217 F	0.09547	0.70618	0.19835
218 E	0.32967	0.13836	0.53198
219 N	0.33969	0.08167	0.57864
220 A	0.36642	0.02445	0.60914
221 K	0.37898	0.00116	0.61986
222 K	0.37914	0.00001	0.62085
223 T	0.37915	0.00001	0.62085
224 L	0.37915	0.00000	0.62086
