# tr|Q6YQD7|Q6YQD7_ONYPE
# AA	inside	membr	outside
1 M	0.34975	0.00000	0.65025
2 Y	0.34974	0.00000	0.65025
3 C	0.34974	0.00000	0.65025
4 G	0.34974	0.00000	0.65025
5 N	0.34974	0.00000	0.65025
6 F	0.34974	0.00000	0.65025
7 G	0.34974	0.00000	0.65025
8 T	0.34974	0.00000	0.65025
9 L	0.34974	0.00000	0.65025
10 G	0.34974	0.00001	0.65025
11 P	0.34974	0.00001	0.65024
12 I	0.34967	0.00010	0.65023
13 K	0.34963	0.00018	0.65019
14 N	0.34963	0.00018	0.65019
15 Q	0.34963	0.00542	0.64495
16 I	0.34933	0.00572	0.64495
17 P	0.34924	0.00590	0.64486
18 K	0.34923	0.00627	0.6445
19 T	0.34453	0.02348	0.63198
20 E	0.29795	0.46900	0.23305
21 L	0.04377	0.72766	0.22857
22 F	0.03436	0.80550	0.16014
23 Y	0.01927	0.87592	0.1048
24 F	0.01750	0.90137	0.08113
25 S	0.01720	0.91201	0.07079
26 I	0.01706	0.91853	0.06441
27 N	0.01703	0.91995	0.06302
28 F	0.01695	0.92474	0.05831
29 A	0.01695	0.92540	0.05765
30 T	0.01695	0.92561	0.05744
31 L	0.01695	0.92566	0.0574
32 I	0.01695	0.92566	0.05739
33 I	0.01701	0.92560	0.05739
34 I	0.01729	0.92529	0.05742
35 A	0.02083	0.92052	0.05865
36 K	0.02625	0.88933	0.08441
37 H	0.02714	0.88667	0.0862
38 Y	0.03053	0.87972	0.08975
39 S	0.04318	0.80446	0.15236
40 N	0.08319	0.73509	0.18172
41 I	0.09508	0.70503	0.19989
42 L	0.14011	0.62356	0.23633
43 R	0.49963	0.19829	0.30209
44 L	0.50247	0.14229	0.35524
45 I	0.53751	0.09869	0.3638
46 N	0.57519	0.03828	0.38654
47 G	0.59585	0.01460	0.38955
48 T	0.60868	0.00121	0.39012
49 E	0.60972	0.00011	0.39017
50 N	0.60976	0.00006	0.39018
51 K	0.60981	0.00000	0.39018
52 F	0.60981	0.00000	0.39018
53 N	0.60982	0.00000	0.39018
54 F	0.60982	0.00000	0.39018
55 K	0.60982	0.00000	0.39018
56 K	0.60982	0.00000	0.39018
57 E	0.60982	0.00000	0.39018
58 K	0.60982	0.00000	0.39018
