# tr|Q6YQB4|Q6YQB4_ONYPE
# AA	inside	membr	outside
1 M	0.91182	0.00000	0.08817
2 M	0.91182	0.00000	0.08817
3 D	0.91182	0.00000	0.08817
4 I	0.91182	0.00029	0.08788
5 Q	0.91182	0.00038	0.08779
6 Q	0.91182	0.00043	0.08774
7 T	0.90456	0.00775	0.08768
8 I	0.90456	0.00776	0.08768
9 I	0.89902	0.01335	0.08763
10 N	0.89901	0.01742	0.08357
11 I	0.88414	0.03473	0.08113
12 V	0.72867	0.19096	0.08037
13 E	0.58368	0.33781	0.07851
14 S	0.58331	0.33818	0.07851
15 K	0.58331	0.40095	0.01573
16 V	0.15308	0.83120	0.01572
17 F	0.01158	0.98222	0.0062
18 I	0.01071	0.98713	0.00216
19 S	0.00465	0.99360	0.00176
20 F	0.00078	0.99913	9e-05
21 T	0.00010	0.99981	9e-05
22 S	0.00006	0.99988	6e-05
23 F	0.00006	0.99988	6e-05
24 I	0.00006	0.99989	6e-05
25 F	0.00006	0.99988	6e-05
26 G	0.00006	0.99987	7e-05
27 I	0.00006	0.99985	9e-05
28 F	0.00007	0.99981	0.00012
29 I	0.00007	0.99973	0.00019
30 Y	0.00010	0.99558	0.00432
31 W	0.00012	0.99488	0.005
32 L	0.00019	0.98770	0.01212
33 Y	0.00518	0.97673	0.01808
34 L	0.01016	0.92203	0.06781
35 Y	0.04561	0.67197	0.28242
36 I	0.06118	0.23921	0.69962
37 K	0.08039	0.02370	0.89591
38 E	0.08793	0.00828	0.90379
39 L	0.08795	0.00414	0.90791
40 K	0.08816	0.00004	0.9118
41 S	0.08817	0.00002	0.91181
42 K	0.08817	0.00000	0.91182
43 Y	0.08818	0.00000	0.91182
44 D	0.08818	0.00000	0.91182
45 F	0.08818	0.00000	0.91182
46 S	0.08818	0.00000	0.91182
47 D	0.08818	0.00000	0.91182
48 E	0.08818	0.00000	0.91182
49 L	0.08818	0.00000	0.91182
50 R	0.08818	0.00000	0.91182
51 D	0.08818	0.00001	0.91182
52 I	0.08817	0.00002	0.91181
53 V	0.08817	0.00003	0.9118
54 N	0.08817	0.00004	0.91179
55 H	0.08817	0.00004	0.91178
56 Y	0.08817	0.00005	0.91178
57 L	0.08817	0.00006	0.91177
58 K	0.08817	0.00006	0.91177
59 K	0.08816	0.00009	0.91174
60 G	0.08812	0.00095	0.91094
61 K	0.08806	0.00612	0.90582
62 I	0.08596	0.16557	0.74847
63 N	0.08559	0.18345	0.73096
64 I	0.08488	0.28823	0.62689
65 S	0.08470	0.30697	0.60833
66 E	0.08453	0.32658	0.58889
67 Y	0.08384	0.36915	0.54701
68 G	0.08289	0.39194	0.52517
69 A	0.08275	0.40006	0.5172
70 L	0.08273	0.40177	0.5155
71 V	0.08273	0.40199	0.51527
72 R	0.08274	0.40199	0.51526
73 L	0.08274	0.40201	0.51524
74 M	0.08274	0.40201	0.51524
75 A	0.08275	0.40201	0.51524
76 N	0.08277	0.40198	0.51525
77 M	0.08291	0.40183	0.51526
78 G	0.08293	0.40181	0.51526
79 N	0.08298	0.40175	0.51527
80 Y	0.08318	0.40154	0.51527
81 L	0.08386	0.40085	0.51528
82 G	0.08972	0.39484	0.51544
83 I	0.10035	0.38409	0.51557
84 Y	0.23193	0.25165	0.51642
85 R	0.45658	0.02385	0.51957
86 K	0.47304	0.00649	0.52048
87 H	0.47484	0.00463	0.52053
88 V	0.47566	0.00376	0.52058
89 E	0.47898	0.00036	0.52067
90 T	0.47927	0.00005	0.52068
91 M	0.47930	0.00002	0.52068
92 I	0.47931	0.00001	0.52068
93 K	0.47931	0.00000	0.52069
94 E	0.47931	0.00000	0.52069
95 F	0.47931	0.00000	0.52069
