# tr|Q6YQB1|Q6YQB1_ONYPE
# AA	inside	membr	outside
1 M	0.45976	0.00000	0.54024
2 A	0.43823	0.02153	0.54024
3 I	0.43366	0.02611	0.54024
4 D	0.43366	0.06016	0.50619
5 G	0.06098	0.85874	0.08029
6 L	0.06097	0.87791	0.06112
7 F	0.01131	0.93095	0.05775
8 L	0.01131	0.93097	0.05772
9 G	0.01122	0.93110	0.05768
10 F	0.01122	0.93428	0.05451
11 L	0.01122	0.93435	0.05443
12 L	0.01121	0.93436	0.05443
13 V	0.01121	0.93437	0.05443
14 I	0.01121	0.93437	0.05443
15 L	0.01121	0.93437	0.05443
16 C	0.01121	0.93437	0.05443
17 T	0.01121	0.93433	0.05446
18 L	0.01121	0.93426	0.05453
19 M	0.01478	0.93003	0.05519
20 K	0.04403	0.87632	0.07966
21 N	0.04513	0.87408	0.08078
22 A	0.05423	0.86289	0.08287
23 Q	0.39445	0.25675	0.34881
24 S	0.42837	0.18030	0.39133
25 N	0.47721	0.07822	0.44457
26 N	0.48197	0.06940	0.44862
27 P	0.48377	0.06599	0.45024
28 Y	0.48769	0.02791	0.4844
29 I	0.48923	0.02636	0.48441
30 L	0.49360	0.00482	0.50158
31 K	0.49468	0.00350	0.50182
32 I	0.49423	0.00409	0.50169
33 S	0.49453	0.00372	0.50175
34 K	0.48205	0.01634	0.5016
35 G	0.24770	0.25203	0.50027
36 I	0.19377	0.30855	0.49768
37 N	0.17695	0.35174	0.4713
38 W	0.16271	0.41390	0.42339
39 I	0.13054	0.50240	0.36706
40 F	0.12362	0.51500	0.36138
41 D	0.12163	0.52328	0.35509
42 I	0.02281	0.96289	0.01429
43 L	0.00520	0.98513	0.00966
44 F	0.00151	0.99363	0.00486
45 F	0.00119	0.99479	0.00401
46 I	0.00119	0.99498	0.00383
47 L	0.00126	0.99482	0.00392
48 K	0.00198	0.99352	0.0045
49 T	0.00201	0.99353	0.00446
50 M	0.00208	0.99344	0.00448
51 P	0.00222	0.99305	0.00472
52 T	0.00238	0.99157	0.00605
53 A	0.00247	0.98780	0.00973
54 A	0.00253	0.98462	0.01285
55 Q	0.00285	0.97677	0.02038
56 A	0.00290	0.97106	0.02603
57 M	0.00300	0.93689	0.0601
58 L	0.00332	0.73681	0.25986
59 V	0.00640	0.68810	0.3055
60 Y	0.03533	0.63958	0.32509
61 Y	0.07922	0.57965	0.34113
62 G	0.13170	0.46213	0.40617
63 I	0.14391	0.43383	0.42226
64 G	0.17175	0.39452	0.43372
65 K	0.49821	0.00498	0.49682
66 L	0.49819	0.00364	0.49816
67 C	0.49890	0.00233	0.49877
68 N	0.49840	0.00343	0.49818
69 K	0.49785	0.00619	0.49596
70 G	0.48523	0.05507	0.4597
71 V	0.24315	0.44359	0.31326
72 I	0.18818	0.71359	0.09823
73 T	0.13617	0.79744	0.06639
74 S	0.10619	0.85693	0.03688
75 L	0.08821	0.88338	0.02842
76 N	0.04864	0.92742	0.02393
77 A	0.00480	0.98515	0.01005
78 G	0.00383	0.98908	0.00709
79 L	0.00325	0.99520	0.00154
80 L	0.00311	0.99538	0.0015
81 V	0.00297	0.99554	0.00149
82 L	0.00296	0.99555	0.00149
83 I	0.00296	0.99555	0.00149
84 L	0.00298	0.99550	0.00151
85 N	0.00304	0.99537	0.0016
86 S	0.00308	0.99521	0.00172
87 L	0.00315	0.99506	0.00178
88 A	0.00469	0.99310	0.00221
89 N	0.00871	0.98531	0.00598
90 I	0.01594	0.97692	0.00714
91 N	0.02474	0.95576	0.0195
92 V	0.02908	0.94914	0.02177
93 I	0.05546	0.90856	0.03598
94 L	0.22448	0.51400	0.26152
95 M	0.44310	0.20957	0.34732
96 Q	0.49044	0.07547	0.4341
97 N	0.49485	0.03721	0.46794
98 I	0.49535	0.03188	0.47278
99 K	0.49714	0.00627	0.49658
100 F	0.49732	0.00396	0.49872
101 L	0.49768	0.00328	0.49904
102 D	0.50079	0.00003	0.49918
103 K	0.50078	0.00009	0.49913
104 G	0.50074	0.00049	0.49877
105 Q	0.50071	0.00069	0.4986
106 I	0.49995	0.00183	0.49823
107 E	0.49977	0.00204	0.4982
108 A	0.49951	0.00333	0.49716
109 A	0.49949	0.00343	0.49709
110 L	0.49949	0.00344	0.49708
111 S	0.49949	0.00344	0.49708
112 L	0.49949	0.00344	0.49708
113 G	0.49949	0.00344	0.49708
114 M	0.49949	0.00344	0.49708
115 S	0.49949	0.00344	0.49708
116 Q	0.49949	0.00344	0.49708
117 R	0.49949	0.00344	0.49708
118 Q	0.49949	0.00344	0.49708
119 V	0.49949	0.00344	0.49708
120 F	0.49949	0.00343	0.49708
121 S	0.49949	0.00339	0.49712
122 L	0.49949	0.00337	0.49714
123 L	0.49950	0.00336	0.49714
124 F	0.49952	0.00330	0.49718
125 F	0.49964	0.00306	0.49731
126 P	0.50092	0.00097	0.49812
127 K	0.50154	0.00008	0.49838
128 L	0.50161	0.00000	0.49839
