# tr|Q6YQF8|Q6YQF8_ONYPE
# AA	inside	membr	outside
1 M	0.37945	0.00000	0.62056
2 F	0.37779	0.00165	0.62056
3 D	0.37762	0.00182	0.62056
4 F	0.37762	0.14773	0.47465
5 L	0.35245	0.23234	0.41522
6 M	0.35245	0.23628	0.41128
7 Q	0.27758	0.31155	0.41088
8 I	0.27754	0.31163	0.41084
9 L	0.25715	0.33221	0.41064
10 K	0.25708	0.34573	0.39719
11 I	0.22425	0.38511	0.39065
12 F	0.13421	0.47570	0.3901
13 I	0.07413	0.53691	0.38897
14 D	0.07413	0.53691	0.38897
15 V	0.07413	0.54376	0.38211
16 F	0.07378	0.54411	0.38211
17 G	0.07373	0.54416	0.38211
18 S	0.07373	0.54417	0.38211
19 I	0.07371	0.54419	0.38211
20 I	0.07371	0.54416	0.38213
21 G	0.07396	0.54378	0.38226
22 Y	0.07919	0.53816	0.38266
23 I	0.08909	0.52517	0.38575
24 K	0.16155	0.44286	0.39559
25 S	0.16782	0.43325	0.39893
26 S	0.17118	0.42882	0.4
27 I	0.23792	0.35849	0.40359
28 T	0.28067	0.29933	0.42001
29 S	0.28631	0.28366	0.43004
30 L	0.28766	0.20243	0.5099
31 T	0.28998	0.18218	0.52784
32 G	0.29220	0.16035	0.54745
33 Q	0.31036	0.03514	0.65449
34 K	0.31173	0.01151	0.67675
35 L	0.31175	0.00156	0.6867
36 M	0.31184	0.00056	0.6876
37 D	0.31201	0.00026	0.68773
38 P	0.31210	0.00002	0.68789
39 S	0.31210	0.00001	0.6879
40 E	0.31210	0.00000	0.6879
41 S	0.31209	0.00004	0.68786
42 M	0.31207	0.00013	0.6878
43 W	0.31173	0.00057	0.6877
44 E	0.31149	0.00138	0.68712
45 K	0.31134	0.00188	0.68678
46 I	0.30946	0.01338	0.67715
47 K	0.30784	0.01710	0.67507
48 E	0.29563	0.04689	0.65747
49 I	0.26073	0.19716	0.54211
50 A	0.24995	0.21119	0.53885
51 K	0.24463	0.21850	0.53687
52 L	0.04977	0.88835	0.06187
53 I	0.04143	0.92873	0.02984
54 F	0.03988	0.93364	0.02648
55 S	0.03831	0.93938	0.0223
56 F	0.03733	0.94632	0.01635
57 A	0.03727	0.94765	0.01508
58 V	0.03724	0.94793	0.01482
59 G	0.03723	0.94805	0.01472
60 G	0.03722	0.94813	0.01465
61 S	0.03722	0.94823	0.01455
62 V	0.03721	0.94826	0.01453
63 I	0.03723	0.94825	0.01453
64 Y	0.03761	0.94756	0.01482
65 F	0.03802	0.94651	0.01548
66 L	0.04308	0.93361	0.02331
67 K	0.18183	0.75622	0.06195
68 E	0.18947	0.73364	0.07689
69 I	0.19037	0.72909	0.08054
70 N	0.19103	0.70891	0.10006
71 N	0.19757	0.69974	0.10269
72 F	0.20049	0.69515	0.10436
73 L	0.19867	0.67613	0.1252
74 L	0.19991	0.66616	0.13394
75 N	0.67275	0.04334	0.2839
76 S	0.69444	0.01997	0.28559
77 F	0.69503	0.01907	0.2859
78 I	0.69606	0.01642	0.28752
79 K	0.70059	0.01081	0.28859
80 I	0.70023	0.01553	0.28424
81 G	0.69940	0.02560	0.275
82 D	0.69830	0.02886	0.27285
83 L	0.58868	0.15375	0.25757
84 L	0.57872	0.21409	0.20719
85 F	0.57748	0.21719	0.20533
86 K	0.55280	0.25369	0.19352
87 I	0.01422	0.90390	0.08187
88 V	0.00320	0.92076	0.07603
89 L	0.00240	0.94572	0.05188
90 R	0.00247	0.94561	0.05191
91 I	0.00239	0.94587	0.05175
92 L	0.00239	0.94577	0.05183
93 D	0.00244	0.94548	0.05208
94 I	0.00229	0.94680	0.05091
95 I	0.00209	0.94256	0.05536
96 S	0.00205	0.94013	0.05781
97 I	0.00202	0.94020	0.05777
98 V	0.00204	0.94012	0.05784
99 L	0.00231	0.93973	0.05797
100 K	0.00261	0.93692	0.06047
101 F	0.00253	0.93713	0.06034
102 F	0.00255	0.93761	0.05984
103 L	0.00851	0.93175	0.05974
104 F	0.02510	0.91448	0.06042
105 L	0.07197	0.80885	0.11918
106 F	0.12023	0.50928	0.37049
107 K	0.23557	0.00907	0.75536
108 K	0.23066	0.01700	0.75233
109 V	0.14928	0.32600	0.52472
110 I	0.09206	0.86030	0.04764
111 I	0.01304	0.98482	0.00214
112 I	0.00452	0.99538	0.0001
113 L	0.00012	0.99981	8e-05
114 S	0.00010	0.99984	6e-05
115 F	0.00002	0.99996	2e-05
116 V	0.00002	0.99996	2e-05
117 L	0.00007	0.99986	7e-05
118 S	0.00008	0.99977	0.00015
119 F	0.00008	0.99976	0.00016
120 F	0.00009	0.99973	0.00018
121 I	0.00011	0.99969	0.0002
122 N	0.00014	0.99961	0.00025
123 F	0.00015	0.99959	0.00026
124 L	0.00030	0.99935	0.00036
125 Y	0.00085	0.99871	0.00044
126 L	0.00151	0.99783	0.00065
127 W	0.01349	0.98317	0.00334
128 V	0.03982	0.94701	0.01317
129 F	0.16648	0.75548	0.07804
130 E	0.66764	0.12761	0.20475
131 N	0.68695	0.08935	0.22369
132 A	0.73060	0.03369	0.23571
133 K	0.75943	0.00082	0.23975
134 K	0.75983	0.00002	0.24015
135 I	0.75983	0.00002	0.24015
136 L	0.75984	0.00000	0.24016
