# tr|Q6YR58|Q6YR58_ONYPE
# AA	inside	membr	outside
1 M	0.87614	0.00000	0.12386
2 I	0.87614	0.00000	0.12386
3 V	0.87614	0.00000	0.12386
4 K	0.87614	0.00000	0.12386
5 W	0.87614	0.00000	0.12386
6 A	0.87614	0.00000	0.12386
7 T	0.87614	0.00000	0.12386
8 K	0.87614	0.00000	0.12386
9 P	0.87614	0.00000	0.12386
10 S	0.87614	0.00000	0.12386
11 D	0.87614	0.00000	0.12386
12 K	0.87614	0.00000	0.12386
13 Q	0.87595	0.00020	0.12385
14 T	0.87595	0.00020	0.12385
15 L	0.87595	0.00189	0.12217
16 G	0.87527	0.00256	0.12217
17 E	0.87196	0.00612	0.12193
18 E	0.87161	0.00989	0.1185
19 I	0.74076	0.15611	0.10313
20 A	0.63835	0.28415	0.0775
21 N	0.09953	0.82324	0.07723
22 A	0.05422	0.89459	0.05119
23 I	0.03503	0.94371	0.02127
24 S	0.02834	0.95283	0.01882
25 H	0.02231	0.96108	0.01662
26 G	0.01422	0.97698	0.0088
27 L	0.00727	0.98693	0.0058
28 M	0.00555	0.99069	0.00376
29 I	0.00236	0.99421	0.00343
30 P	0.00158	0.99504	0.00339
31 L	0.00094	0.99570	0.00336
32 G	0.00087	0.99577	0.00335
33 V	0.00086	0.99579	0.00335
34 F	0.00086	0.99578	0.00336
35 I	0.00086	0.99574	0.0034
36 L	0.00087	0.99550	0.00363
37 V	0.00091	0.99290	0.0062
38 C	0.00241	0.97681	0.02077
39 F	0.00371	0.89145	0.10483
40 C	0.02700	0.73291	0.24009
41 L	0.03924	0.68666	0.2741
42 K	0.06591	0.53163	0.40246
43 A	0.06879	0.52154	0.40966
44 S	0.07001	0.12699	0.803
45 V	0.07792	0.10093	0.82115
46 M	0.11655	0.04432	0.83913
47 S	0.11880	0.02832	0.85288
48 N	0.11766	0.02140	0.86094
49 P	0.11622	0.02629	0.8575
50 N	0.11136	0.04144	0.8472
51 G	0.09406	0.14127	0.76467
52 Y	0.02150	0.25362	0.72488
53 I	0.00862	0.76234	0.22904
54 V	0.00040	0.97080	0.02879
55 L	0.00008	0.98762	0.0123
56 V	0.00004	0.99654	0.00341
57 F	0.00002	0.99800	0.00198
58 S	0.00002	0.99930	0.00068
59 I	0.00002	0.99983	0.00015
60 S	0.00002	0.99988	0.0001
61 M	0.00002	0.99997	1e-05
62 I	0.00002	0.99998	0
63 I	0.00002	0.99998	0
64 L	0.00002	0.99998	0
65 Y	0.00003	0.99996	1e-05
66 L	0.00006	0.99986	7e-05
67 M	0.00050	0.99919	0.00031
68 S	0.00742	0.99151	0.00106
69 T	0.03922	0.95739	0.00339
70 L	0.04946	0.94079	0.00974
71 Y	0.06709	0.92000	0.01291
72 H	0.08404	0.89768	0.01828
73 S	0.09776	0.88062	0.02162
74 L	0.11400	0.84688	0.03913
75 S	0.13692	0.75237	0.11071
76 F	0.61786	0.26546	0.11668
77 T	0.86445	0.01431	0.12124
78 K	0.87825	0.00042	0.12133
79 A	0.87845	0.00021	0.12134
80 H	0.87848	0.00018	0.12134
81 N	0.87842	0.00023	0.12134
82 F	0.87806	0.00060	0.12134
83 F	0.87807	0.00060	0.12132
84 Q	0.87814	0.00084	0.12102
85 K	0.87762	0.00162	0.12075
86 T	0.87388	0.00769	0.11843
87 D	0.85657	0.02797	0.11546
88 H	0.26196	0.64691	0.09113
89 I	0.05756	0.93430	0.00814
90 S	0.02237	0.97352	0.00411
91 I	0.01170	0.98563	0.00267
92 Y	0.00157	0.99633	0.0021
93 L	0.00034	0.99763	0.00203
94 L	0.00025	0.99773	0.00202
95 I	0.00021	0.99779	0.00201
96 W	0.00020	0.99779	0.00201
97 G	0.00020	0.99779	0.00201
98 T	0.00020	0.99779	0.00201
99 F	0.00020	0.99779	0.00201
100 A	0.00020	0.99779	0.00201
101 P	0.00020	0.99778	0.00202
102 I	0.00020	0.99778	0.00202
103 L	0.00020	0.99769	0.0021
104 L	0.00023	0.99693	0.00284
105 L	0.00036	0.98993	0.00971
106 L	0.00246	0.92190	0.07564
107 P	0.08000	0.73331	0.18668
108 E	0.11121	0.14809	0.7407
109 L	0.11448	0.13000	0.75551
110 Q	0.11770	0.05895	0.82336
111 K	0.11863	0.00937	0.872
112 P	0.11898	0.00472	0.8763
113 L	0.11901	0.00273	0.87826
114 F	0.11913	0.00246	0.87841
115 P	0.11948	0.00051	0.88001
116 Q	0.11952	0.00187	0.87861
117 S	0.11948	0.00828	0.87224
118 N	0.11838	0.02010	0.86152
119 L	0.10004	0.08504	0.81492
120 L	0.09978	0.10226	0.79796
121 I	0.09970	0.11370	0.7866
122 S	0.09967	0.11502	0.7853
123 K	0.09965	0.11622	0.78413
124 G	0.09776	0.16056	0.74167
125 K	0.09680	0.19644	0.70675
126 C	0.08591	0.28448	0.62961
127 F	0.03123	0.95204	0.01674
128 F	0.02830	0.96630	0.0054
129 V	0.02803	0.96987	0.00209
130 C	0.02801	0.97028	0.00171
131 Q	0.02801	0.97035	0.00164
132 C	0.02800	0.97049	0.00151
133 I	0.02799	0.97054	0.00147
134 L	0.02798	0.97055	0.00147
135 A	0.02800	0.97053	0.00147
136 F	0.02802	0.97050	0.00148
137 S	0.02833	0.97009	0.00159
138 G	0.02919	0.96918	0.00164
139 I	0.03321	0.96506	0.00174
140 I	0.04539	0.95266	0.00195
141 C	0.06853	0.92780	0.00367
142 K	0.11666	0.86165	0.02169
143 V	0.11970	0.85859	0.02171
144 F	0.12585	0.85242	0.02173
145 W	0.23394	0.74399	0.02207
146 M	0.41766	0.55812	0.02421
147 N	0.86363	0.05208	0.08429
148 K	0.89945	0.00817	0.09239
149 G	0.88524	0.02274	0.09201
150 K	0.83239	0.08043	0.08717
151 I	0.56622	0.42691	0.00686
152 I	0.41451	0.58287	0.00263
153 H	0.09028	0.90751	0.00221
154 L	0.01425	0.98391	0.00185
155 I	0.00071	0.99763	0.00166
156 F	0.00034	0.99804	0.00163
157 Y	0.00023	0.99813	0.00164
158 A	0.00007	0.99829	0.00164
159 L	0.00005	0.99830	0.00164
160 L	0.00005	0.99830	0.00164
161 G	0.00005	0.99831	0.00163
162 W	0.00005	0.99828	0.00166
163 S	0.00005	0.99828	0.00166
164 G	0.00005	0.99828	0.00167
165 L	0.00005	0.99827	0.00167
166 L	0.00008	0.99805	0.00186
167 L	0.00017	0.99330	0.00653
168 V	0.00145	0.99134	0.00721
169 P	0.02996	0.95296	0.01708
170 A	0.05827	0.91243	0.0293
171 M	0.08016	0.81208	0.10777
172 W	0.08495	0.60638	0.30867
173 K	0.08870	0.01917	0.89213
174 A	0.08473	0.05766	0.85761
175 N	0.04990	0.12816	0.82193
176 I	0.01936	0.90059	0.08005
177 F	0.00166	0.98216	0.01618
178 H	0.00069	0.99710	0.00221
179 F	0.00011	0.99931	0.00058
180 V	0.00006	0.99972	0.00023
181 L	0.00005	0.99983	0.00012
182 L	0.00005	0.99983	0.00012
183 G	0.00005	0.99982	0.00013
184 G	0.00006	0.99981	0.00013
185 V	0.00006	0.99981	0.00013
186 F	0.00006	0.99981	0.00013
187 Y	0.00006	0.99981	0.00013
188 S	0.00006	0.99980	0.00013
189 L	0.00007	0.99979	0.00014
190 G	0.00011	0.99973	0.00016
191 I	0.00030	0.99951	0.00018
192 Y	0.00244	0.99712	0.00043
193 F	0.00501	0.99284	0.00215
194 Y	0.03054	0.95197	0.01748
195 V	0.09947	0.84779	0.05274
196 K	0.86998	0.04009	0.08994
197 D	0.90694	0.00188	0.09118
198 N	0.90782	0.00077	0.09142
199 K	0.90831	0.00022	0.09148
200 K	0.88261	0.02665	0.09075
201 Y	0.82069	0.09022	0.08909
202 F	0.17119	0.74240	0.0864
203 H	0.13182	0.79758	0.0706
204 F	0.02828	0.93556	0.03616
205 I	0.01635	0.98117	0.00248
206 W	0.01075	0.98766	0.00159
207 H	0.00825	0.99033	0.00142
208 L	0.00242	0.99690	0.00068
209 F	0.00239	0.99712	0.00049
210 V	0.00239	0.99724	0.00037
211 M	0.00239	0.99724	0.00037
212 A	0.00239	0.99724	0.00037
213 G	0.00239	0.99724	0.00037
214 T	0.00239	0.99724	0.00037
215 C	0.00239	0.99724	0.00037
216 F	0.00239	0.99724	0.00038
217 H	0.00239	0.99718	0.00043
218 A	0.00239	0.99711	0.0005
219 W	0.00242	0.99656	0.00102
220 G	0.00261	0.98633	0.01106
221 I	0.00362	0.94316	0.05321
222 Y	0.01358	0.51358	0.47285
223 R	0.02813	0.35964	0.61223
224 L	0.03194	0.29391	0.67415
225 L	0.03740	0.12134	0.84126
226 E	0.06116	0.06119	0.87765
227 I	0.07450	0.03148	0.89401
228 L	0.09289	0.00370	0.90342
229 P	0.09335	0.00142	0.90523
230 N	0.09345	0.00051	0.90604
231 N	0.09353	0.00000	0.90647
