# tr|Q6YQ45|Q6YQ45_ONYPE
# AA	inside	membr	outside
1 M	0.03064	0.00000	0.96936
2 M	0.02738	0.00326	0.96936
3 I	0.02715	0.00349	0.96936
4 L	0.02715	0.00350	0.96936
5 K	0.02706	0.00359	0.96935
6 M	0.02706	0.00361	0.96933
7 I	0.02373	0.00696	0.96932
8 F	0.02373	0.00696	0.96932
9 S	0.02370	0.00698	0.96932
10 F	0.02370	0.00711	0.96919
11 N	0.02367	0.00717	0.96916
12 F	0.02314	0.00774	0.96913
13 L	0.02256	0.00844	0.96899
14 K	0.02256	0.00844	0.96899
15 Y	0.02256	0.11802	0.85942
16 L	0.02239	0.11819	0.85942
17 I	0.02236	0.11836	0.85929
18 S	0.02236	0.11842	0.85923
19 F	0.02233	0.11854	0.85913
20 D	0.02231	0.11688	0.86081
21 F	0.02182	0.11728	0.8609
22 K	0.02180	0.11683	0.86136
23 D	0.02155	0.16207	0.81638
24 F	0.00449	0.55586	0.43966
25 F	0.00250	0.77410	0.22341
26 Y	0.00174	0.88391	0.11434
27 L	0.00123	0.91907	0.0797
28 L	0.00098	0.97025	0.02877
29 Y	0.00093	0.98576	0.0133
30 S	0.00088	0.98981	0.00932
31 I	0.00083	0.99709	0.00209
32 F	0.00080	0.99790	0.00129
33 Y	0.00103	0.99811	0.00086
34 S	0.00163	0.99748	0.00089
35 I	0.00258	0.99643	0.00099
36 F	0.00329	0.99528	0.00142
37 F	0.00580	0.99267	0.00152
38 T	0.11181	0.88639	0.0018
39 K	0.11282	0.88483	0.00235
40 S	0.11290	0.88479	0.00232
41 S	0.11327	0.88445	0.00227
42 F	0.11005	0.88791	0.00203
43 L	0.11400	0.88391	0.00209
44 F	0.14438	0.85308	0.00255
45 G	0.18470	0.81167	0.00364
46 F	0.24618	0.74947	0.00435
47 N	0.55974	0.42077	0.01949
48 V	0.67232	0.30780	0.01987
49 G	0.72963	0.24997	0.02041
50 W	0.67514	0.30640	0.01846
51 N	0.63893	0.34267	0.0184
52 I	0.55961	0.42244	0.01795
53 N	0.44123	0.54077	0.018
54 F	0.30826	0.67393	0.0178
55 I	0.17255	0.80973	0.01771
56 N	0.13974	0.84299	0.01728
57 I	0.06784	0.91551	0.01665
58 Y	0.03537	0.94796	0.01667
59 N	0.02235	0.96093	0.01673
60 V	0.01385	0.96942	0.01673
61 I	0.01242	0.97126	0.01632
62 K	0.01249	0.96884	0.01867
63 T	0.00834	0.97318	0.01848
64 I	0.00590	0.97641	0.01769
65 F	0.00512	0.97628	0.0186
66 I	0.00449	0.97651	0.01901
67 F	0.00415	0.96631	0.02954
68 M	0.00432	0.95981	0.03586
69 W	0.00474	0.89037	0.10489
70 E	0.00740	0.74514	0.24746
71 Q	0.00759	0.67239	0.32003
72 L	0.00748	0.65995	0.33257
73 T	0.00821	0.60683	0.38496
74 T	0.00827	0.38333	0.60839
75 L	0.00804	0.34836	0.6436
76 I	0.00795	0.26529	0.72676
77 Y	0.00811	0.23089	0.761
78 P	0.00820	0.13769	0.85411
79 L	0.00864	0.09216	0.89919
80 K	0.00933	0.02309	0.96759
81 L	0.00830	0.02332	0.96837
82 F	0.00683	0.03085	0.96232
83 S	0.00695	0.03633	0.95672
84 S	0.00723	0.10347	0.8893
85 L	0.00514	0.22943	0.76543
86 F	0.00536	0.24518	0.74946
87 D	0.00632	0.29552	0.69817
88 F	0.00567	0.69787	0.29646
89 L	0.00587	0.85519	0.13894
90 M	0.00578	0.87943	0.11479
91 Q	0.00578	0.88506	0.10917
92 I	0.00502	0.91233	0.08264
93 L	0.00475	0.91372	0.08152
94 K	0.00479	0.91726	0.07795
95 I	0.00331	0.96390	0.03279
96 F	0.00317	0.96708	0.02975
97 I	0.00332	0.96991	0.02677
98 D	0.00376	0.96940	0.02685
99 V	0.00349	0.97117	0.02534
100 F	0.00348	0.97132	0.0252
101 G	0.00365	0.97100	0.02535
102 S	0.00394	0.97063	0.02542
103 I	0.00429	0.97026	0.02545
104 I	0.01084	0.96301	0.02615
105 G	0.02583	0.94661	0.02756
106 Y	0.05939	0.91285	0.02776
107 I	0.19056	0.78119	0.02825
108 K	0.58202	0.38673	0.03125
109 S	0.61479	0.35388	0.03133
110 S	0.65536	0.31325	0.03138
111 I	0.79310	0.17544	0.03146
112 T	0.89140	0.07695	0.03165
113 T	0.90411	0.06406	0.03182
114 S	0.90638	0.06158	0.03203
115 Y	0.91125	0.05617	0.03258
116 W	0.91274	0.05435	0.03291
117 S	0.92010	0.04646	0.03344
118 K	0.96132	0.00396	0.03473
119 I	0.96271	0.00254	0.03475
120 N	0.96480	0.00040	0.03479
121 G	0.96492	0.00028	0.0348
122 P	0.96519	0.00000	0.03481
