# tr|Q6YRD5|Q6YRD5_ONYPE
# AA	inside	membr	outside
1 M	0.34811	0.00000	0.6519
2 Q	0.34811	0.00000	0.6519
3 Y	0.34811	0.00000	0.6519
4 Y	0.34811	0.00000	0.6519
5 N	0.34811	0.00000	0.6519
6 E	0.34811	0.00000	0.6519
7 E	0.34811	0.00000	0.6519
8 M	0.34811	0.00000	0.6519
9 I	0.34811	0.00000	0.6519
10 L	0.34811	0.00000	0.6519
11 N	0.34811	0.00000	0.6519
12 R	0.34811	0.00000	0.6519
13 Q	0.34811	0.00000	0.6519
14 F	0.34811	0.00000	0.6519
15 L	0.34811	0.00000	0.6519
16 N	0.34811	0.00000	0.6519
17 L	0.34811	0.00000	0.6519
18 A	0.34811	0.00000	0.6519
19 K	0.34811	0.00000	0.6519
20 N	0.34810	0.00000	0.6519
21 M	0.34805	0.00005	0.6519
22 K	0.34805	0.00006	0.6519
23 A	0.34803	0.00009	0.65188
24 T	0.34803	0.00011	0.65185
25 R	0.34803	0.00012	0.65185
26 P	0.34800	0.00021	0.65179
27 H	0.34792	0.00035	0.65173
28 Q	0.34760	0.00096	0.65143
29 I	0.34682	0.00184	0.65134
30 L	0.34671	0.00197	0.65133
31 C	0.34668	0.00201	0.6513
32 G	0.34668	0.00203	0.65129
33 G	0.34667	0.00204	0.65129
34 I	0.34667	0.00205	0.65129
35 T	0.34667	0.00205	0.65129
36 E	0.34667	0.00205	0.65128
37 V	0.34666	0.00207	0.65127
38 Y	0.34666	0.00207	0.65127
39 Y	0.34666	0.00205	0.65128
40 H	0.34666	0.00204	0.65131
41 D	0.34668	0.00198	0.65134
42 K	0.34665	0.00200	0.65134
43 V	0.34605	0.00268	0.65128
44 L	0.34598	0.00275	0.65127
45 Y	0.34596	0.00277	0.65127
46 V	0.34595	0.00277	0.65128
47 S	0.34599	0.00270	0.6513
48 V	0.34600	0.00267	0.65134
49 V	0.34605	0.00244	0.6515
50 L	0.34613	0.00214	0.65173
51 D	0.34651	0.00127	0.65222
52 T	0.34636	0.00113	0.6525
53 Y	0.34597	0.00153	0.65249
54 S	0.34591	0.00158	0.65251
55 R	0.34586	0.00163	0.65251
56 K	0.34483	0.00274	0.65244
57 I	0.32152	0.02865	0.64984
58 L	0.31317	0.03766	0.64918
59 A	0.31267	0.03820	0.64913
60 Y	0.31238	0.03850	0.64912
61 H	0.31208	0.03880	0.64912
62 V	0.31184	0.03905	0.64911
63 S	0.31181	0.03899	0.6492
64 Y	0.31181	0.03895	0.64924
65 Y	0.31182	0.03887	0.64931
66 E	0.31187	0.03837	0.64975
67 G	0.31187	0.03836	0.64976
68 A	0.31188	0.03836	0.64976
69 S	0.31188	0.03835	0.64977
70 L	0.31188	0.03835	0.64977
71 I	0.31188	0.03835	0.64977
72 I	0.31189	0.03831	0.64981
73 G	0.31192	0.03797	0.6501
74 T	0.31203	0.03727	0.6507
75 V	0.31265	0.02992	0.65743
76 D	0.31455	0.00760	0.67785
77 K	0.31481	0.00267	0.68252
78 L	0.31482	0.00251	0.68267
79 N	0.31486	0.00207	0.68307
80 V	0.31518	0.00116	0.68366
81 F	0.31546	0.00000	0.68453
