# tr|Q6YR82|Q6YR82_ONYPE
# AA	inside	membr	outside
1 M	0.02889	0.00000	0.97111
2 E	0.02888	0.00001	0.97111
3 N	0.02888	0.00001	0.97111
4 N	0.02888	0.00002	0.9711
5 I	0.02778	0.00118	0.97103
6 F	0.02778	0.00119	0.97103
7 I	0.02744	0.00152	0.97103
8 R	0.02744	0.00152	0.97103
9 L	0.02743	0.00154	0.97103
10 W	0.02743	0.00154	0.97103
11 N	0.02743	0.00154	0.97103
12 V	0.02743	0.00154	0.97103
13 L	0.02743	0.00154	0.97103
14 A	0.02743	0.00154	0.97103
15 K	0.02743	0.00154	0.97103
16 N	0.02743	0.00154	0.97103
17 Q	0.02743	0.00154	0.97103
18 L	0.02743	0.00154	0.97103
19 V	0.02743	0.00154	0.97103
20 W	0.02742	0.00131	0.97126
21 N	0.02742	0.00127	0.97131
22 G	0.02742	0.00122	0.97136
23 F	0.02748	0.00102	0.9715
24 K	0.02749	0.00055	0.97196
25 E	0.02749	0.00064	0.97187
26 T	0.02743	0.02835	0.94422
27 L	0.02711	0.05788	0.91501
28 K	0.02687	0.07192	0.90121
29 I	0.00377	0.93072	0.06551
30 T	0.00320	0.94330	0.05351
31 L	0.00097	0.99005	0.00898
32 I	0.00021	0.99721	0.00259
33 G	0.00011	0.99808	0.00181
34 C	0.00001	0.99905	0.00095
35 F	0.00000	0.99963	0.00037
36 I	0.00000	0.99998	1e-05
37 A	0.00000	1.00000	0
38 F	0.00000	1.00000	0
39 F	0.00000	1.00000	0
40 L	0.00000	1.00000	0
41 G	0.00000	1.00000	0
42 L	0.00000	1.00000	0
43 I	0.00000	1.00000	0
44 L	0.00000	1.00000	0
45 G	0.00001	0.99999	0
46 V	0.00005	0.99994	0
47 L	0.00038	0.99958	4e-05
48 L	0.00284	0.99710	6e-05
49 Y	0.07943	0.92041	0.00016
50 L	0.12533	0.87415	0.00052
51 F	0.15631	0.84192	0.00177
52 K	0.91560	0.05768	0.02672
53 I	0.92225	0.05098	0.02677
54 Q	0.97110	0.00149	0.02741
55 K	0.97248	0.00002	0.0275
56 N	0.97243	0.00007	0.0275
57 Y	0.97233	0.00016	0.0275
58 K	0.96934	0.00316	0.0275
59 R	0.96753	0.00500	0.02747
60 Y	0.55733	0.41584	0.02683
61 W	0.46795	0.51310	0.01895
62 I	0.43802	0.54310	0.01888
63 L	0.37627	0.60490	0.01883
64 N	0.17644	0.80483	0.01873
65 S	0.16945	0.81245	0.0181
66 L	0.14086	0.85777	0.00136
67 M	0.12264	0.87604	0.00132
68 N	0.05393	0.94501	0.00106
69 F	0.02626	0.97332	0.00042
70 F	0.01606	0.98366	0.00028
71 I	0.00562	0.99436	2e-05
72 S	0.00072	0.99926	2e-05
73 T	0.00053	0.99946	1e-05
74 P	0.00013	0.99987	1e-05
75 F	0.00002	0.99997	0
76 L	0.00001	0.99998	1e-05
77 I	0.00000	0.99996	4e-05
78 L	0.00000	0.99956	0.00044
79 I	0.00001	0.99784	0.00216
80 V	0.00001	0.98685	0.01314
81 L	0.00004	0.96803	0.03193
82 L	0.00014	0.89876	0.10111
83 L	0.00095	0.56786	0.4312
84 K	0.00899	0.39357	0.59745
85 L	0.00904	0.38888	0.60208
86 I	0.00916	0.42078	0.57006
87 L	0.00949	0.30171	0.68879
88 I	0.01069	0.30199	0.68733
89 P	0.02622	0.24272	0.73106
90 Y	0.02054	0.27983	0.69963
91 F	0.01984	0.38890	0.59125
92 R	0.02007	0.48217	0.49776
93 M	0.01397	0.70371	0.28232
94 G	0.01124	0.79740	0.19135
95 Y	0.00125	0.91076	0.08799
96 G	0.00041	0.96004	0.03955
97 F	0.00030	0.99603	0.00367
98 G	0.00028	0.99872	0.001
99 T	0.00027	0.99931	0.00041
100 A	0.00024	0.99959	0.00017
101 L	0.00022	0.99968	0.0001
102 F	0.00022	0.99970	8e-05
103 F	0.00022	0.99970	8e-05
104 L	0.00023	0.99969	8e-05
105 V	0.00044	0.99949	8e-05
106 L	0.00237	0.99755	8e-05
107 A	0.00615	0.99377	8e-05
108 I	0.01079	0.98909	0.00012
109 A	0.06533	0.93449	0.00018
110 P	0.09041	0.90924	0.00035
111 L	0.10711	0.89190	0.00099
112 F	0.13033	0.86811	0.00156
113 A	0.34838	0.63865	0.01297
114 R	0.75001	0.22806	0.02194
115 H	0.88445	0.09114	0.02442
116 C	0.94957	0.02373	0.0267
117 E	0.96991	0.00306	0.02703
118 Q	0.97190	0.00084	0.02725
119 V	0.97211	0.00068	0.02721
120 F	0.97224	0.00061	0.02714
121 L	0.97232	0.00054	0.02714
122 T	0.97248	0.00039	0.02713
123 T	0.97256	0.00031	0.02713
124 N	0.97258	0.00031	0.02711
125 P	0.97257	0.00156	0.02587
126 E	0.97255	0.00208	0.02537
127 L	0.97253	0.00858	0.01888
128 Y	0.97253	0.01349	0.01398
129 Q	0.97253	0.01412	0.01335
130 T	0.97252	0.01502	0.01246
131 S	0.97252	0.01514	0.01234
132 F	0.97251	0.01531	0.01217
133 S	0.97251	0.01534	0.01215
134 L	0.97251	0.01535	0.01214
135 G	0.97251	0.01535	0.01214
136 A	0.97252	0.01533	0.01214
137 T	0.97254	0.01531	0.01215
138 K	0.97257	0.01527	0.01216
139 F	0.97257	0.01527	0.01216
140 Q	0.97257	0.01526	0.01216
141 F	0.97256	0.01527	0.01216
142 V	0.97265	0.01518	0.01217
143 T	0.97325	0.01455	0.0122
144 K	0.97331	0.01448	0.01222
145 F	0.97320	0.01459	0.01222
146 L	0.97345	0.01434	0.01222
147 L	0.97519	0.01259	0.01222
148 T	0.98442	0.00335	0.01223
149 E	0.98626	0.00149	0.01225
150 T	0.98711	0.00066	0.01224
151 R	0.98706	0.00070	0.01224
152 S	0.98439	0.00339	0.01222
153 D	0.96825	0.01959	0.01217
154 I	0.48035	0.50812	0.01153
155 I	0.43274	0.55586	0.0114
156 L	0.42531	0.56329	0.01139
157 K	0.42192	0.56669	0.01139
158 L	0.22681	0.76186	0.01133
159 A	0.15324	0.83547	0.01129
160 S	0.09657	0.89216	0.01127
161 L	0.06350	0.92546	0.01104
162 F	0.04128	0.94783	0.01089
163 I	0.02658	0.96275	0.01067
164 T	0.02413	0.96519	0.01068
165 S	0.01912	0.97020	0.01068
166 L	0.00945	0.97992	0.01063
167 A	0.00583	0.98354	0.01063
168 Y	0.00508	0.98416	0.01075
169 S	0.00495	0.98392	0.01113
170 S	0.00478	0.98368	0.01155
171 V	0.00465	0.98346	0.01189
172 L	0.00464	0.97496	0.0204
173 Q	0.00477	0.96070	0.03454
174 I	0.00475	0.95291	0.04235
175 V	0.00476	0.93684	0.05841
176 G	0.00483	0.88561	0.10956
177 H	0.00534	0.44848	0.54618
178 Q	0.00547	0.38724	0.60728
179 G	0.00547	0.38379	0.61074
180 I	0.00547	0.37963	0.6149
181 A	0.00550	0.23493	0.75957
182 A	0.00554	0.15686	0.8376
183 V	0.00555	0.09933	0.89513
184 A	0.00578	0.08375	0.91048
185 I	0.00593	0.05275	0.94132
186 D	0.00624	0.00832	0.98544
187 N	0.00625	0.00549	0.98826
188 G	0.00625	0.00406	0.98969
189 Y	0.00625	0.00366	0.99009
190 N	0.00626	0.00036	0.99338
191 G	0.00626	0.00018	0.99357
192 H	0.00629	0.00009	0.99363
193 Y	0.00629	0.00009	0.99362
194 D	0.00630	0.00008	0.99362
195 F	0.00630	0.00034	0.99336
196 E	0.00630	0.00060	0.9931
197 P	0.00600	0.00467	0.98933
198 F	0.00512	0.01970	0.97518
199 F	0.00476	0.05511	0.94013
200 T	0.00471	0.13477	0.86052
201 R	0.00461	0.25900	0.73639
202 F	0.00404	0.49302	0.50294
203 D	0.00395	0.51652	0.47953
204 L	0.00158	0.84406	0.15436
205 I	0.00084	0.96666	0.0325
206 I	0.00042	0.99318	0.0064
207 V	0.00011	0.99801	0.00188
208 S	0.00007	0.99883	0.0011
209 V	0.00004	0.99970	0.00026
210 L	0.00003	0.99985	0.00012
211 L	0.00003	0.99990	8e-05
212 T	0.00003	0.99990	6e-05
213 F	0.00003	0.99991	6e-05
214 I	0.00005	0.99990	6e-05
215 L	0.00028	0.99966	6e-05
216 T	0.00309	0.99682	8e-05
217 Q	0.00504	0.99483	0.00012
218 T	0.00559	0.99427	0.00015
219 V	0.00577	0.99407	0.00016
220 Y	0.00747	0.99209	0.00043
221 F	0.01258	0.98615	0.00127
222 L	0.05250	0.94508	0.00243
223 G	0.17578	0.82130	0.00292
224 N	0.56210	0.43392	0.00398
225 R	0.82611	0.16949	0.0044
226 I	0.83267	0.16291	0.00442
227 A	0.91019	0.08474	0.00506
228 F	0.95540	0.03910	0.0055
229 A	0.98557	0.00850	0.00593
230 L	0.99261	0.00111	0.00628
231 D	0.99363	0.00005	0.00633
232 K	0.99367	0.00000	0.00633
233 R	0.99367	0.00000	0.00633
