# tr|Q6YRF8|Q6YRF8_ONYPE
# AA	inside	membr	outside
1 M	0.93298	0.00000	0.06702
2 I	0.93298	0.00000	0.06702
3 N	0.93298	0.00000	0.06702
4 M	0.93298	0.00000	0.06702
5 K	0.93298	0.00000	0.06702
6 F	0.93298	0.00000	0.06702
7 L	0.93298	0.00000	0.06702
8 D	0.93298	0.00000	0.06702
9 F	0.93298	0.00000	0.06702
10 I	0.93298	0.00000	0.06702
11 F	0.93298	0.00000	0.06702
12 D	0.93298	0.00000	0.06702
13 N	0.93298	0.00000	0.06702
14 P	0.93298	0.00000	0.06702
15 E	0.93298	0.00000	0.06702
16 Y	0.93298	0.00000	0.06702
17 F	0.93298	0.00000	0.06702
18 N	0.93298	0.00000	0.06702
19 K	0.93298	0.00000	0.06702
20 L	0.93298	0.00000	0.06702
21 L	0.93298	0.00000	0.06702
22 K	0.93298	0.00000	0.06702
23 K	0.93298	0.00000	0.06702
24 S	0.93298	0.00000	0.06702
25 H	0.93298	0.00000	0.06702
26 N	0.93298	0.00000	0.06702
27 H	0.93298	0.00000	0.06702
28 K	0.93298	0.00000	0.06702
29 N	0.93298	0.00000	0.06702
30 Q	0.93298	0.00000	0.06702
31 K	0.93298	0.00000	0.06702
32 I	0.93298	0.00000	0.06702
33 N	0.93298	0.00000	0.06702
34 K	0.93298	0.00000	0.06702
35 L	0.93298	0.00000	0.06702
36 M	0.93298	0.00000	0.06702
37 Q	0.93298	0.00000	0.06702
38 K	0.93298	0.00000	0.06702
39 H	0.93298	0.00000	0.06702
40 V	0.93298	0.00000	0.06702
41 S	0.93298	0.00000	0.06702
42 N	0.93298	0.00000	0.06702
43 K	0.93298	0.00000	0.06702
44 T	0.93298	0.00000	0.06702
45 D	0.93298	0.00000	0.06702
46 K	0.93287	0.00012	0.06701
47 I	0.92918	0.00399	0.06683
48 V	0.92761	0.00566	0.06672
49 S	0.92685	0.00651	0.06664
50 Y	0.92409	0.00955	0.06636
51 K	0.92308	0.01063	0.06629
52 M	0.83101	0.10616	0.06283
53 I	0.35750	0.62019	0.02231
54 F	0.13115	0.85583	0.01302
55 I	0.12108	0.86674	0.01218
56 K	0.11808	0.87011	0.0118
57 F	0.02274	0.97409	0.00318
58 F	0.00847	0.99063	0.0009
59 I	0.00081	0.99910	0.0001
60 L	0.00017	0.99975	8e-05
61 N	0.00010	0.99985	5e-05
62 L	0.00002	0.99995	2e-05
63 F	0.00002	0.99997	2e-05
64 C	0.00001	0.99998	1e-05
65 L	0.00001	0.99998	1e-05
66 L	0.00001	0.99997	2e-05
67 S	0.00002	0.99994	4e-05
68 G	0.00002	0.99993	5e-05
69 L	0.00002	0.99992	6e-05
70 I	0.00015	0.99861	0.00125
71 I	0.00029	0.99624	0.00346
72 Y	0.00082	0.98666	0.01252
73 Q	0.00164	0.96101	0.03734
74 L	0.00172	0.95266	0.04561
75 L	0.00369	0.86549	0.13082
76 S	0.04790	0.37504	0.57705
77 H	0.06472	0.03364	0.90164
78 Y	0.06554	0.01835	0.91611
79 H	0.06589	0.01584	0.91827
80 S	0.06670	0.00710	0.9262
81 T	0.06689	0.00528	0.92784
82 L	0.06690	0.00084	0.93227
83 Y	0.06691	0.00032	0.93277
84 S	0.06696	0.00019	0.93285
85 F	0.06699	0.00027	0.93274
86 L	0.06700	0.00027	0.93273
87 Q	0.06702	0.00020	0.93278
88 T	0.06702	0.00028	0.9327
89 K	0.06702	0.00064	0.93234
90 I	0.06701	0.02136	0.91164
91 T	0.06699	0.02559	0.90743
92 N	0.06672	0.03004	0.90324
93 I	0.06668	0.03281	0.90052
94 K	0.06665	0.03649	0.89685
95 E	0.06345	0.27697	0.65958
96 L	0.01118	0.71967	0.26915
97 I	0.00132	0.86623	0.13245
98 L	0.00061	0.90941	0.08997
99 F	0.00011	0.98984	0.01005
100 L	0.00002	0.99549	0.0045
101 I	0.00001	0.99784	0.00215
102 G	0.00000	0.99851	0.00149
103 F	0.00000	0.99880	0.0012
104 K	0.00001	0.99889	0.0011
105 L	0.00001	0.99965	0.00035
106 I	0.00001	0.99991	8e-05
107 I	0.00002	0.99991	7e-05
108 I	0.00019	0.99973	7e-05
109 L	0.00036	0.99957	7e-05
110 I	0.00115	0.99877	8e-05
111 C	0.00211	0.99776	0.00013
112 C	0.00479	0.99505	0.00016
113 F	0.02469	0.97509	0.00022
114 Y	0.06011	0.93849	0.00139
115 K	0.19482	0.79738	0.00779
116 L	0.21299	0.77903	0.00798
117 S	0.26252	0.72890	0.00858
118 L	0.38537	0.60270	0.01193
119 Y	0.65251	0.29356	0.05393
120 Y	0.72317	0.21273	0.0641
121 W	0.71874	0.21606	0.0652
122 N	0.78775	0.14713	0.06511
123 C	0.71363	0.22313	0.06324
124 F	0.60778	0.33374	0.05848
125 L	0.49658	0.44736	0.05605
126 P	0.47136	0.47315	0.05548
127 I	0.31325	0.63428	0.05247
128 A	0.14497	0.83043	0.0246
129 L	0.09255	0.90296	0.00449
130 H	0.08252	0.91340	0.00407
131 L	0.00762	0.98973	0.00266
132 M	0.00358	0.99452	0.0019
133 V	0.00040	0.99948	0.00012
134 I	0.00002	0.99998	0
135 L	0.00000	0.99999	0
136 V	0.00000	0.99999	1e-05
137 G	0.00000	0.99996	4e-05
138 F	0.00000	0.99989	0.0001
139 L	0.00000	0.99962	0.00039
140 Y	0.00000	0.99872	0.00127
141 A	0.00003	0.99042	0.00955
142 A	0.00004	0.96979	0.03017
143 L	0.00008	0.94969	0.05023
144 F	0.00093	0.90833	0.09074
145 C	0.00402	0.82095	0.17502
146 F	0.00543	0.74662	0.24794
147 Y	0.01009	0.63596	0.35396
148 R	0.01757	0.55532	0.42711
149 F	0.01790	0.54428	0.43781
150 Y	0.01875	0.42363	0.55763
151 G	0.03998	0.08843	0.87159
152 K	0.06684	0.00151	0.93165
153 Q	0.06709	0.00020	0.9327
154 Y	0.06708	0.00015	0.93277
155 L	0.06708	0.00012	0.9328
156 D	0.06708	0.00008	0.93284
157 F	0.06688	0.00049	0.93262
158 S	0.06685	0.00105	0.93211
159 P	0.06653	0.00863	0.92484
160 F	0.06549	0.04804	0.88647
161 I	0.06515	0.18898	0.74587
162 Q	0.06388	0.21647	0.71964
163 H	0.04374	0.27609	0.68017
164 L	0.01141	0.53913	0.44947
165 I	0.00935	0.92801	0.06264
166 P	0.00892	0.94431	0.04677
167 L	0.00128	0.99102	0.00769
168 I	0.00084	0.99563	0.00352
169 P	0.00077	0.99651	0.00272
170 L	0.00006	0.99970	0.00023
171 I	0.00000	0.99994	5e-05
172 S	0.00000	0.99997	3e-05
173 L	0.00000	1.00000	0
174 L	0.00000	1.00000	0
175 I	0.00000	1.00000	0
176 T	0.00000	1.00000	0
177 I	0.00000	1.00000	0
178 L	0.00000	1.00000	0
179 I	0.00001	0.99998	0
180 L	0.00005	0.99990	5e-05
181 V	0.00029	0.99963	8e-05
182 F	0.00526	0.99441	0.00033
183 I	0.03602	0.96268	0.00129
184 T	0.21178	0.78599	0.00222
185 V	0.24823	0.74656	0.00522
186 L	0.29603	0.68168	0.0223
187 Y	0.51186	0.43188	0.05626
188 K	0.89178	0.04820	0.06003
189 I	0.89883	0.04102	0.06015
190 N	0.92967	0.00334	0.06699
191 K	0.93162	0.00130	0.06708
192 I	0.92962	0.00332	0.06706
193 K	0.92469	0.00824	0.06707
194 V	0.80113	0.13217	0.0667
195 Y	0.78291	0.15460	0.06249
196 P	0.77468	0.16392	0.0614
197 G	0.76146	0.17927	0.05926
198 F	0.66931	0.27358	0.05711
199 I	0.47025	0.47376	0.05599
200 K	0.42780	0.52002	0.05218
201 V	0.40128	0.57498	0.02374
202 L	0.38214	0.59656	0.02129
203 K	0.37448	0.60462	0.0209
204 I	0.04563	0.94771	0.00666
205 F	0.01653	0.98276	0.0007
206 F	0.00901	0.99089	9e-05
207 L	0.00289	0.99709	2e-05
208 I	0.00230	0.99769	1e-05
209 S	0.00225	0.99773	1e-05
210 F	0.00224	0.99773	3e-05
211 I	0.00224	0.99765	0.0001
212 G	0.00225	0.99451	0.00324
213 E	0.00228	0.99276	0.00496
214 I	0.00229	0.99240	0.00531
215 I	0.00232	0.98811	0.00957
216 C	0.00236	0.96160	0.03604
217 F	0.00282	0.85266	0.14452
218 S	0.00720	0.81154	0.18125
219 L	0.00841	0.80544	0.18615
220 Y	0.01120	0.78645	0.20235
221 C	0.01536	0.69864	0.28599
222 Y	0.01941	0.47591	0.50468
223 H	0.03840	0.38527	0.57633
224 N	0.05920	0.34601	0.59479
225 Y	0.05967	0.34679	0.59354
226 F	0.05706	0.35694	0.586
227 S	0.06281	0.04798	0.88922
228 N	0.05759	0.03676	0.90565
229 F	0.03221	0.09731	0.87048
230 F	0.01080	0.34388	0.64532
231 F	0.00120	0.83626	0.16254
232 L	0.00051	0.97999	0.01951
233 I	0.00012	0.99719	0.00269
234 I	0.00004	0.99848	0.00148
235 L	0.00001	0.99921	0.00078
236 I	0.00000	0.99997	3e-05
237 F	0.00000	1.00000	0
238 L	0.00000	1.00000	0
239 S	0.00000	1.00000	0
240 L	0.00000	1.00000	0
241 I	0.00000	1.00000	0
242 T	0.00000	1.00000	0
243 F	0.00001	0.99999	0
244 I	0.00002	0.99998	0
245 I	0.00008	0.99990	2e-05
246 G	0.00024	0.99963	0.00013
247 I	0.00057	0.99908	0.00036
248 L	0.00579	0.99156	0.00265
249 R	0.02006	0.97291	0.00702
250 W	0.02134	0.97085	0.00781
251 V	0.02566	0.96119	0.01315
252 Y	0.05258	0.91246	0.03496
253 V	0.26162	0.68264	0.05574
254 L	0.74115	0.19069	0.06816
255 H	0.91449	0.01639	0.06913
256 Q	0.92996	0.00075	0.06929
257 L	0.93025	0.00044	0.06931
258 D	0.93064	0.00003	0.06933
259 N	0.93065	0.00002	0.06934
260 F	0.93066	0.00001	0.06934
261 A	0.93066	0.00000	0.06934
262 K	0.93066	0.00000	0.06934
263 N	0.93066	0.00000	0.06934
264 A	0.93066	0.00001	0.06934
265 K	0.93065	0.00002	0.06934
266 N	0.93055	0.00011	0.06934
267 K	0.93054	0.00013	0.06934
268 V	0.93044	0.00022	0.06933
269 L	0.93042	0.00025	0.06933
270 A	0.93041	0.00025	0.06933
271 K	0.93040	0.00027	0.06933
272 E	0.92960	0.00109	0.06931
273 C	0.90594	0.02488	0.06919
274 E	0.87541	0.05559	0.069
275 W	0.46833	0.46746	0.06421
276 I	0.37906	0.55896	0.06197
277 L	0.33954	0.59961	0.06085
278 V	0.27899	0.66537	0.05564
279 N	0.25523	0.69049	0.05428
280 F	0.09391	0.86312	0.04297
281 L	0.03328	0.93272	0.034
282 W	0.02723	0.94453	0.02824
283 L	0.02504	0.95069	0.02427
284 S	0.02344	0.96258	0.01398
285 S	0.02225	0.96885	0.00889
286 M	0.02150	0.97079	0.00771
287 E	0.01975	0.97435	0.00591
288 V	0.01468	0.98308	0.00224
289 F	0.01236	0.98729	0.00036
290 C	0.01229	0.98742	0.00029
291 S	0.01227	0.98741	0.00032
292 I	0.01224	0.98744	0.00032
293 F	0.01225	0.98669	0.00107
294 E	0.01228	0.98449	0.00323
295 L	0.01229	0.98400	0.00371
296 F	0.01232	0.97642	0.01126
297 I	0.01242	0.96176	0.02582
298 Y	0.01491	0.64790	0.33719
299 V	0.01654	0.56359	0.41987
300 I	0.01813	0.51814	0.46373
301 T	0.02475	0.41094	0.56431
302 Y	0.02651	0.37373	0.59976
303 L	0.03753	0.19493	0.76753
304 G	0.04711	0.11366	0.83923
305 N	0.05534	0.06899	0.87568
306 I	0.06010	0.05676	0.88314
307 K	0.08030	0.00223	0.91746
308 N	0.08145	0.00040	0.91815
309 D	0.08168	0.00003	0.91829
310 K	0.08169	0.00000	0.9183
311 R	0.08170	0.00000	0.9183
