# tr|Q6YR28|Q6YR28_ONYPE
# AA	inside	membr	outside
1 M	0.99074	0.00000	0.00925
2 I	0.99054	0.00020	0.00925
3 K	0.99042	0.00032	0.00925
4 Y	0.99042	0.00045	0.00913
5 I	0.91468	0.07627	0.00905
6 F	0.91468	0.07627	0.00905
7 K	0.89414	0.09681	0.00905
8 K	0.89412	0.09683	0.00905
9 S	0.36014	0.63088	0.00897
10 L	0.35923	0.64047	0.0003
11 Y	0.34475	0.65501	0.00024
12 T	0.26065	0.73913	0.00023
13 I	0.00019	0.99965	0.00015
14 T	0.00019	0.99966	0.00015
15 L	0.00019	0.99970	0.00012
16 F	0.00009	0.99980	0.00012
17 I	0.00005	0.99983	0.00012
18 T	0.00005	0.99983	0.00012
19 V	0.00005	0.99983	0.00012
20 I	0.00005	0.99984	0.00012
21 F	0.00004	0.99984	0.00012
22 I	0.00005	0.99982	0.00014
23 S	0.00005	0.99901	0.00095
24 F	0.00006	0.99850	0.00145
25 F	0.00012	0.99338	0.0065
26 T	0.00043	0.98494	0.01462
27 M	0.00071	0.89993	0.09936
28 K	0.00292	0.74447	0.25261
29 M	0.00310	0.72518	0.27172
30 I	0.00340	0.69515	0.30145
31 P	0.00356	0.54681	0.44963
32 G	0.00386	0.17624	0.81991
33 D	0.00917	0.07634	0.91449
34 P	0.00917	0.06954	0.92129
35 V	0.00917	0.06084	0.92998
36 D	0.00918	0.00020	0.99061
37 A	0.00918	0.00016	0.99066
38 M	0.00918	0.00008	0.99074
39 F	0.00918	0.00004	0.99078
40 E	0.00918	0.00000	0.99082
41 K	0.00918	0.00000	0.99082
42 G	0.00918	0.00000	0.99082
43 L	0.00918	0.00000	0.99082
44 T	0.00918	0.00000	0.99082
45 P	0.00918	0.00000	0.99082
46 E	0.00918	0.00000	0.99082
47 L	0.00918	0.00000	0.99082
48 R	0.00918	0.00000	0.99082
49 K	0.00918	0.00000	0.99082
50 L	0.00918	0.00000	0.99082
51 K	0.00918	0.00000	0.99082
52 E	0.00918	0.00000	0.99082
53 K	0.00918	0.00000	0.99082
54 E	0.00918	0.00000	0.99082
55 L	0.00918	0.00000	0.99082
56 G	0.00918	0.00000	0.99082
57 L	0.00918	0.00000	0.99082
58 D	0.00918	0.00000	0.99082
59 K	0.00918	0.00000	0.99082
60 P	0.00918	0.00002	0.99081
61 L	0.00918	0.00004	0.99079
62 K	0.00918	0.00004	0.99078
63 T	0.00917	0.00014	0.99068
64 Q	0.00916	0.00029	0.99054
65 F	0.00899	0.00075	0.99026
66 I	0.00897	0.00080	0.99022
67 N	0.00896	0.00082	0.99022
68 Y	0.00895	0.00083	0.99022
69 F	0.00895	0.00083	0.99022
70 K	0.00895	0.00084	0.99022
71 N	0.00894	0.00085	0.99021
72 I	0.00894	0.00087	0.99019
73 F	0.00894	0.00088	0.99019
74 I	0.00894	0.00088	0.99019
75 G	0.00894	0.00088	0.99019
76 D	0.00894	0.00088	0.99019
77 F	0.00894	0.00088	0.99019
78 G	0.00894	0.00087	0.99019
79 K	0.00894	0.00087	0.99019
80 S	0.00894	0.00087	0.99019
81 Y	0.00894	0.00087	0.99019
82 Y	0.00900	0.00081	0.99019
83 G	0.00927	0.00039	0.99034
84 T	0.00949	0.00015	0.99036
85 K	0.00953	0.00006	0.99041
86 E	0.00953	0.00006	0.99041
87 P	0.00953	0.00006	0.99041
88 V	0.00953	0.00007	0.9904
89 F	0.00953	0.00009	0.99038
90 N	0.00954	0.00008	0.99038
91 L	0.00954	0.00013	0.99033
92 F	0.00955	0.00015	0.9903
93 T	0.00955	0.00015	0.9903
94 K	0.00956	0.00016	0.99028
95 A	0.00954	0.00127	0.98918
96 F	0.00953	0.00295	0.98751
97 T	0.00953	0.00403	0.98644
98 N	0.00937	0.00594	0.9847
99 T	0.00925	0.01071	0.98004
100 F	0.00883	0.02203	0.96915
101 K	0.00783	0.03749	0.95468
102 L	0.00187	0.97823	0.0199
103 A	0.00098	0.98795	0.01107
104 F	0.00009	0.99509	0.00482
105 L	0.00002	0.99821	0.00176
106 S	0.00001	0.99887	0.00112
107 C	0.00001	0.99966	0.00033
108 F	0.00000	0.99993	7e-05
109 F	0.00000	0.99999	1e-05
110 G	0.00000	0.99999	0
111 S	0.00001	0.99999	0
112 L	0.00001	0.99999	0
113 L	0.00001	0.99999	0
114 G	0.00001	0.99999	0
115 I	0.00002	0.99998	0
116 F	0.00004	0.99995	0
117 L	0.00009	0.99990	1e-05
118 G	0.00082	0.99914	3e-05
119 A	0.00314	0.99678	8e-05
120 L	0.00679	0.99308	0.00013
121 S	0.01195	0.98727	0.00078
122 A	0.01563	0.98335	0.00102
123 F	0.02809	0.97043	0.00149
124 Y	0.06579	0.92910	0.00512
125 E	0.98319	0.00794	0.00887
126 G	0.98723	0.00339	0.00938
127 S	0.98995	0.00050	0.00955
128 K	0.99040	0.00004	0.00956
129 K	0.98894	0.00151	0.00955
130 S	0.98438	0.00716	0.00846
131 F	0.34860	0.64325	0.00815
132 I	0.33960	0.65261	0.00778
133 L	0.32383	0.66850	0.00767
134 D	0.32229	0.67060	0.00711
135 F	0.27144	0.72260	0.00597
136 Y	0.06920	0.92500	0.0058
137 S	0.00472	0.98977	0.00551
138 I	0.00202	0.99623	0.00176
139 I	0.00165	0.99823	0.00012
140 I	0.00131	0.99861	8e-05
141 I	0.00067	0.99926	7e-05
142 S	0.00066	0.99928	7e-05
143 S	0.00060	0.99934	6e-05
144 P	0.00035	0.99960	4e-05
145 S	0.00005	0.99991	4e-05
146 F	0.00002	0.99994	4e-05
147 I	0.00002	0.99994	4e-05
148 I	0.00002	0.99993	5e-05
149 G	0.00002	0.99904	0.00094
150 I	0.00002	0.99847	0.00151
151 L	0.00003	0.98854	0.01143
152 L	0.00011	0.98143	0.01847
153 Q	0.00165	0.96890	0.02945
154 L	0.00189	0.35654	0.64156
155 T	0.00232	0.32922	0.66846
156 L	0.00239	0.30440	0.69321
157 G	0.00292	0.28472	0.71236
158 H	0.00370	0.24590	0.7504
159 Y	0.00383	0.06189	0.93429
160 L	0.00401	0.01603	0.97996
161 R	0.00848	0.00482	0.98669
162 L	0.00938	0.00358	0.98704
163 F	0.00946	0.00313	0.98742
164 P	0.00951	0.00080	0.9897
165 V	0.00951	0.00118	0.98931
166 A	0.00952	0.00123	0.98925
167 D	0.00953	0.00158	0.98889
168 F	0.00950	0.02290	0.9676
169 D	0.00950	0.02397	0.96653
170 T	0.00939	0.03593	0.95467
171 P	0.00930	0.04913	0.94157
172 K	0.00898	0.07704	0.91398
173 H	0.00375	0.87309	0.12316
174 V	0.00315	0.94536	0.05149
175 V	0.00308	0.95545	0.04147
176 L	0.00307	0.95747	0.03947
177 P	0.00307	0.95759	0.03935
178 I	0.00307	0.95764	0.0393
179 L	0.00307	0.95765	0.03929
180 T	0.00307	0.95765	0.03929
181 L	0.00307	0.95765	0.03929
182 S	0.00307	0.95764	0.03929
183 L	0.00307	0.95764	0.03929
184 L	0.00307	0.95764	0.03929
185 I	0.00313	0.95758	0.0393
186 S	0.00399	0.95671	0.0393
187 G	0.00436	0.95634	0.03931
188 S	0.01246	0.94815	0.03939
189 V	0.01788	0.94266	0.03945
190 F	0.04132	0.91890	0.03978
191 K	0.85338	0.10223	0.04438
192 T	0.89880	0.05655	0.04465
193 T	0.93665	0.01812	0.04523
194 K	0.95195	0.00247	0.04557
195 T	0.95238	0.00203	0.04559
196 S	0.95361	0.00067	0.04571
197 M	0.95396	0.00029	0.04575
198 E	0.95421	0.00003	0.04577
199 E	0.95423	0.00001	0.04577
200 C	0.95423	0.00001	0.04577
201 L	0.95423	0.00000	0.04577
202 S	0.95423	0.00000	0.04577
203 Q	0.95423	0.00000	0.04577
204 P	0.95423	0.00000	0.04577
205 Y	0.95423	0.00000	0.04577
206 I	0.95423	0.00000	0.04577
207 K	0.95423	0.00000	0.04577
208 T	0.95423	0.00000	0.04577
209 A	0.95423	0.00000	0.04577
210 Y	0.95423	0.00000	0.04577
211 S	0.95423	0.00000	0.04577
212 K	0.95423	0.00000	0.04577
213 G	0.95423	0.00000	0.04577
214 L	0.95423	0.00000	0.04577
215 S	0.95423	0.00000	0.04577
216 K	0.95423	0.00000	0.04577
217 K	0.95422	0.00002	0.04577
218 N	0.95404	0.00019	0.04577
219 I	0.95343	0.00082	0.04575
220 I	0.95314	0.00112	0.04574
221 F	0.95303	0.00123	0.04574
222 K	0.95269	0.00158	0.04573
223 H	0.94617	0.00816	0.04567
224 A	0.93002	0.02448	0.04551
225 L	0.91373	0.04085	0.04541
226 K	0.90125	0.05340	0.04534
227 N	0.56108	0.40040	0.03852
228 A	0.20150	0.78470	0.0138
229 L	0.09804	0.89126	0.0107
230 I	0.07911	0.91200	0.00889
231 P	0.06311	0.93025	0.00665
232 V	0.01490	0.98396	0.00114
233 V	0.01287	0.98651	0.00062
234 A	0.01052	0.98922	0.00026
235 H	0.00997	0.98984	0.00019
236 I	0.00894	0.99095	0.00011
237 G	0.00860	0.99128	0.00012
238 L	0.00850	0.99136	0.00015
239 L	0.00844	0.99130	0.00026
240 L	0.00841	0.99123	0.00035
241 S	0.00837	0.99110	0.00054
242 F	0.00837	0.99090	0.00073
243 L	0.00837	0.99046	0.00117
244 I	0.00839	0.98958	0.00202
245 G	0.00850	0.98003	0.01147
246 G	0.00876	0.96727	0.02398
247 S	0.00924	0.94736	0.04341
248 I	0.00999	0.93581	0.0542
249 I	0.01114	0.90551	0.08335
250 T	0.02094	0.51883	0.46023
251 E	0.04601	0.13789	0.81609
252 N	0.04759	0.06424	0.88818
253 I	0.04782	0.05738	0.8948
254 F	0.04865	0.04888	0.90246
255 E	0.05333	0.00759	0.93908
256 I	0.05354	0.00658	0.93988
257 K	0.05395	0.00182	0.94423
258 G	0.05396	0.00162	0.94441
259 V	0.05400	0.00136	0.94464
260 G	0.05402	0.00123	0.94475
261 V	0.05402	0.00119	0.94478
262 L	0.05406	0.00109	0.94485
263 I	0.05409	0.00091	0.94499
264 K	0.05414	0.00037	0.94548
265 H	0.05417	0.00034	0.94548
266 A	0.05422	0.00032	0.94546
267 F	0.05424	0.00032	0.94544
268 D	0.05445	0.00012	0.94542
269 N	0.05425	0.00386	0.94189
270 R	0.05232	0.03494	0.91274
271 N	0.02895	0.21824	0.75281
272 Y	0.02595	0.53914	0.43491
273 P	0.02452	0.58131	0.39418
274 V	0.01859	0.66061	0.32079
275 I	0.01736	0.68835	0.29429
276 Q	0.01708	0.69403	0.28889
277 C	0.01273	0.73745	0.24982
278 C	0.00320	0.93074	0.06606
279 I	0.00071	0.98570	0.01359
280 I	0.00013	0.99505	0.00483
281 L	0.00002	0.99898	0.001
282 L	0.00000	0.99964	0.00036
283 A	0.00000	0.99986	0.00013
284 L	0.00000	0.99987	0.00012
285 F	0.00000	0.99988	0.00012
286 I	0.00000	0.99988	0.00012
287 A	0.00002	0.99987	0.00012
288 I	0.00007	0.99980	0.00012
289 W	0.00056	0.99919	0.00025
290 N	0.00897	0.98990	0.00113
291 L	0.01136	0.98714	0.0015
292 F	0.03819	0.95919	0.00262
293 L	0.09951	0.89450	0.00599
294 D	0.50168	0.46598	0.03234
295 L	0.54508	0.42197	0.03294
296 V	0.55728	0.40922	0.03349
297 Y	0.59131	0.37255	0.03614
298 A	0.62484	0.33769	0.03747
299 W	0.63762	0.32372	0.03866
300 L	0.69457	0.26205	0.04338
301 D	0.92765	0.01887	0.05347
302 P	0.94446	0.00102	0.05453
303 K	0.94533	0.00005	0.05461
304 I	0.94537	0.00002	0.05462
305 K	0.94539	0.00000	0.05462
306 Q	0.94539	0.00000	0.05462
307 K	0.94539	0.00000	0.05462
308 G	0.94539	0.00000	0.05462
