# tr|Q6YQ46|Q6YQ46_ONYPE
# AA	inside	membr	outside
1 M	0.38196	0.00000	0.61803
2 D	0.38196	0.00000	0.61803
3 P	0.38196	0.00000	0.61803
4 S	0.38196	0.00000	0.61803
5 E	0.38196	0.00001	0.61802
6 S	0.38196	0.00004	0.61799
7 M	0.38183	0.00020	0.61796
8 W	0.38183	0.00020	0.61796
9 E	0.38173	0.00043	0.61784
10 K	0.38173	0.00711	0.61116
11 I	0.38075	0.01699	0.60226
12 K	0.37084	0.02879	0.60037
13 E	0.18714	0.30695	0.50591
14 I	0.18693	0.30724	0.50583
15 A	0.18693	0.47095	0.34212
16 K	0.18406	0.47382	0.34212
17 L	0.06840	0.78747	0.14413
18 I	0.06798	0.83627	0.09575
19 F	0.06561	0.84227	0.09211
20 S	0.05867	0.89845	0.04288
21 V	0.04525	0.91243	0.04232
22 A	0.04519	0.91593	0.03888
23 V	0.04516	0.91666	0.03817
24 G	0.04515	0.91697	0.03788
25 G	0.04514	0.91723	0.03762
26 S	0.04514	0.91756	0.0373
27 V	0.04514	0.91766	0.0372
28 I	0.04521	0.91759	0.0372
29 Y	0.04564	0.91653	0.03783
30 F	0.04698	0.91299	0.04004
31 L	0.06298	0.82565	0.11137
32 K	0.20384	0.62119	0.17497
33 E	0.27258	0.50062	0.2268
34 I	0.27470	0.49606	0.22925
35 N	0.27764	0.47897	0.24339
36 N	0.29482	0.45514	0.25004
37 F	0.28777	0.46164	0.25059
38 L	0.30463	0.43646	0.25892
39 L	0.30549	0.42950	0.26501
40 N	0.56139	0.08309	0.35552
41 S	0.59437	0.05000	0.35563
42 F	0.59420	0.04988	0.35592
43 I	0.60353	0.03541	0.36106
44 K	0.60581	0.02185	0.37234
45 I	0.60454	0.04647	0.34899
46 G	0.60433	0.06200	0.33366
47 D	0.60204	0.06956	0.3284
48 L	0.50406	0.19521	0.30072
49 L	0.46948	0.26733	0.26319
50 F	0.46704	0.27581	0.25715
51 K	0.44730	0.31422	0.23848
52 I	0.03267	0.87439	0.09294
53 V	0.00511	0.91342	0.08147
54 L	0.00317	0.93315	0.06368
55 R	0.00340	0.93280	0.06379
56 I	0.00334	0.93323	0.06344
57 L	0.00337	0.93299	0.06364
58 D	0.00350	0.93254	0.06395
59 I	0.00338	0.93352	0.0631
60 I	0.00326	0.92225	0.0745
61 S	0.00321	0.91964	0.07715
62 I	0.00314	0.91969	0.07716
63 V	0.00325	0.91948	0.07727
64 L	0.00382	0.91869	0.07749
65 K	0.00491	0.91261	0.08248
66 F	0.00476	0.91297	0.08228
67 F	0.00478	0.91355	0.08167
68 L	0.02813	0.89031	0.08156
69 F	0.05090	0.86714	0.08196
70 L	0.11533	0.75489	0.12978
71 F	0.18814	0.46122	0.35064
72 K	0.30724	0.01185	0.68091
73 K	0.30274	0.01931	0.67794
74 V	0.18920	0.35069	0.46011
75 I	0.10644	0.85136	0.0422
76 I	0.02037	0.97714	0.00248
77 I	0.00551	0.99437	0.00012
78 L	0.00015	0.99977	8e-05
79 S	0.00012	0.99982	7e-05
80 F	0.00002	0.99996	2e-05
81 F	0.00002	0.99996	2e-05
82 L	0.00006	0.99988	6e-05
83 S	0.00008	0.99979	0.00013
84 F	0.00008	0.99977	0.00015
85 F	0.00009	0.99972	0.00019
86 I	0.00011	0.99966	0.00022
87 N	0.00014	0.99956	0.00029
88 F	0.00015	0.99954	0.0003
89 L	0.00033	0.99920	0.00047
90 Y	0.00094	0.99845	0.0006
91 L	0.00164	0.99747	0.00089
92 W	0.01326	0.98199	0.00475
93 V	0.03715	0.94475	0.0181
94 F	0.15479	0.74412	0.10109
95 E	0.60130	0.12943	0.26927
96 N	0.61889	0.08956	0.29155
97 A	0.66034	0.03158	0.30808
98 K	0.68563	0.00080	0.31357
99 K	0.68599	0.00001	0.314
100 T	0.68599	0.00000	0.314
101 L	0.68599	0.00000	0.31401
