# tr|Q6YQ88|Q6YQ88_ONYPE
# AA	inside	membr	outside
1 M	0.00268	0.00000	0.99731
2 K	0.00265	0.00003	0.99731
3 N	0.00261	0.00007	0.99731
4 C	0.00261	0.00007	0.99731
5 Y	0.00225	0.00043	0.99731
6 N	0.00225	0.00043	0.99731
7 L	0.00106	0.00163	0.9973
8 F	0.00106	0.00163	0.9973
9 I	0.00106	0.00166	0.99728
10 N	0.00106	0.00213	0.99681
11 N	0.00106	0.00251	0.99643
12 L	0.00092	0.00816	0.99091
13 P	0.00072	0.01942	0.97985
14 S	0.00072	0.01943	0.97985
15 Y	0.00072	0.44208	0.55719
16 W	0.00070	0.44210	0.55719
17 N	0.00069	0.44274	0.55657
18 V	0.00068	0.46264	0.53667
19 I	0.00066	0.48552	0.51382
20 C	0.00059	0.68917	0.31023
21 T	0.00009	0.70525	0.29466
22 T	0.00009	0.79368	0.20623
23 I	0.00006	0.92451	0.07543
24 S	0.00002	0.97192	0.02806
25 L	0.00001	0.98995	0.01004
26 A	0.00000	0.99658	0.00342
27 F	0.00000	0.99849	0.0015
28 L	0.00000	0.99887	0.00113
29 G	0.00000	0.99942	0.00058
30 T	0.00000	0.99965	0.00034
31 L	0.00000	0.99989	0.00011
32 G	0.00000	0.99997	3e-05
33 A	0.00000	0.99998	1e-05
34 F	0.00001	0.99998	2e-05
35 F	0.00004	0.99988	7e-05
36 L	0.00012	0.99966	0.00021
37 S	0.00043	0.99934	0.00023
38 L	0.01355	0.98622	0.00024
39 W	0.01521	0.98454	0.00025
40 L	0.01882	0.98091	0.00027
41 L	0.03721	0.96250	0.00029
42 Y	0.08095	0.91872	0.00033
43 I	0.30127	0.69831	0.00042
44 K	0.58450	0.41447	0.00103
45 G	0.68755	0.31143	0.00103
46 I	0.82301	0.17595	0.00104
47 R	0.99616	0.00277	0.00107
48 K	0.99886	0.00007	0.00107
49 K	0.99893	0.00000	0.00107
50 K	0.99893	0.00000	0.00107
51 R	0.99893	0.00000	0.00107
52 I	0.99891	0.00002	0.00107
53 R	0.99890	0.00003	0.00107
54 F	0.99840	0.00053	0.00107
55 Y	0.99800	0.00093	0.00107
56 E	0.99789	0.00104	0.00107
57 R	0.99650	0.00244	0.00107
58 Y	0.98638	0.01257	0.00105
59 F	0.98047	0.01848	0.00105
60 Y	0.98000	0.01895	0.00105
61 K	0.97951	0.01944	0.00105
62 T	0.96406	0.03490	0.00104
63 I	0.89620	0.10282	0.00097
64 D	0.81605	0.18299	0.00097
65 I	0.46364	0.53573	0.00064
66 I	0.11913	0.88047	0.0004
67 L	0.01578	0.98398	0.00024
68 Y	0.00290	0.99706	3e-05
69 F	0.00056	0.99944	0
70 Y	0.00025	0.99975	0
71 I	0.00003	0.99997	0
72 F	0.00001	0.99997	2e-05
73 F	0.00000	0.99990	9e-05
74 V	0.00000	0.99969	0.00031
75 K	0.00001	0.99844	0.00155
76 S	0.00001	0.99833	0.00166
77 V	0.00001	0.99811	0.00189
78 P	0.00002	0.99747	0.00251
79 M	0.00002	0.99717	0.00281
80 M	0.00002	0.99597	0.00401
81 L	0.00002	0.98711	0.01287
82 Q	0.00002	0.97439	0.02559
83 A	0.00003	0.96803	0.03194
84 M	0.00003	0.95773	0.04224
85 L	0.00003	0.93016	0.06982
86 F	0.00008	0.86356	0.13636
87 F	0.00010	0.72326	0.27663
88 Y	0.00038	0.41946	0.58016
89 G	0.00059	0.10596	0.89345
90 L	0.00078	0.02410	0.97512
91 R	0.00105	0.00269	0.99626
92 R	0.00107	0.00045	0.99847
93 T	0.00107	0.00185	0.99707
94 G	0.00106	0.00393	0.995
95 C	0.00105	0.00782	0.99112
96 F	0.00102	0.03007	0.96891
97 E	0.00102	0.03870	0.96028
98 W	0.00095	0.15840	0.84065
99 L	0.00086	0.22019	0.77895
100 E	0.00073	0.29171	0.70756
101 P	0.00062	0.44823	0.55116
102 F	0.00041	0.73102	0.26857
103 Q	0.00030	0.90820	0.0915
104 A	0.00025	0.96463	0.03513
105 A	0.00020	0.99114	0.00866
106 L	0.00019	0.99689	0.00292
107 F	0.00019	0.99785	0.00196
108 I	0.00019	0.99829	0.00153
109 L	0.00019	0.99834	0.00148
110 I	0.00019	0.99834	0.00148
111 F	0.00020	0.99833	0.00148
112 N	0.00045	0.99807	0.00148
113 S	0.00068	0.99785	0.00148
114 C	0.00159	0.99693	0.00148
115 A	0.00314	0.99539	0.00148
116 M	0.02944	0.96909	0.00148
117 L	0.04518	0.95336	0.00147
118 A	0.09277	0.90576	0.00148
119 E	0.20541	0.79307	0.00152
120 F	0.23999	0.75848	0.00154
121 M	0.40869	0.58967	0.00164
122 I	0.55875	0.43942	0.00183
123 K	0.90435	0.09337	0.00228
124 N	0.95117	0.04653	0.0023
125 M	0.97630	0.02141	0.0023
126 S	0.98183	0.01588	0.0023
127 F	0.98565	0.01206	0.0023
128 F	0.99221	0.00549	0.0023
129 D	0.99754	0.00016	0.00231
130 P	0.99760	0.00010	0.0023
131 G	0.99761	0.00009	0.0023
132 Q	0.99762	0.00008	0.0023
133 I	0.99762	0.00008	0.0023
134 E	0.99762	0.00008	0.0023
135 A	0.99762	0.00008	0.0023
136 S	0.99762	0.00008	0.0023
137 L	0.99762	0.00008	0.0023
138 A	0.99762	0.00008	0.0023
139 L	0.99763	0.00007	0.0023
140 G	0.99765	0.00005	0.0023
141 M	0.99766	0.00004	0.0023
142 T	0.99767	0.00003	0.0023
143 R	0.99768	0.00001	0.00231
144 K	0.99769	0.00001	0.00231
145 Q	0.99768	0.00002	0.00231
146 A	0.99766	0.00003	0.00231
147 F	0.99765	0.00005	0.00231
148 K	0.99765	0.00004	0.00231
149 R	0.99764	0.00005	0.00231
150 V	0.99757	0.00012	0.00231
151 I	0.99756	0.00014	0.00231
152 C	0.99755	0.00014	0.00231
153 P	0.99755	0.00015	0.00231
154 Q	0.99755	0.00015	0.00231
155 V	0.99752	0.00017	0.00231
156 I	0.99751	0.00018	0.00231
157 H	0.99751	0.00019	0.00231
158 Q	0.99688	0.00082	0.0023
159 S	0.99200	0.00571	0.00229
160 L	0.98970	0.00802	0.00228
161 L	0.96726	0.03047	0.00227
162 R	0.96615	0.03158	0.00227
163 I	0.94680	0.05107	0.00213
164 I	0.91644	0.08155	0.00201
165 N	0.91204	0.08593	0.00203
166 E	0.66850	0.32958	0.00193
167 F	0.27940	0.71972	0.00088
168 I	0.19636	0.80284	0.0008
169 L	0.15779	0.84147	0.00074
170 N	0.15357	0.84565	0.00078
171 I	0.14511	0.85411	0.00077
172 K	0.14454	0.85466	0.00079
173 D	0.14352	0.85569	0.00079
174 I	0.10874	0.89058	0.00067
175 C	0.10742	0.89192	0.00066
176 V	0.10725	0.89209	0.00065
177 F	0.10724	0.89211	0.00066
178 Y	0.10724	0.89211	0.00066
179 V	0.10724	0.89207	0.0007
180 I	0.10724	0.89203	0.00074
181 T	0.10725	0.89100	0.00175
182 V	0.10726	0.88644	0.0063
183 V	0.10727	0.88350	0.00923
184 D	0.10729	0.83862	0.05409
185 I	0.10729	0.83507	0.05764
186 F	0.10743	0.81406	0.07852
187 T	0.10784	0.71822	0.17395
188 F	0.10788	0.69485	0.19727
189 S	0.10807	0.22842	0.66352
190 K	0.10888	0.00524	0.88589
191 N	0.10889	0.00333	0.88778
192 N	0.10894	0.00189	0.88917
193 Y	0.10887	0.00208	0.88906
194 R	0.10883	0.00108	0.89008
195 T	0.10785	0.00227	0.88988
196 S	0.10313	0.00806	0.88882
197 N	0.09138	0.02509	0.88354
198 N	0.03305	0.55982	0.40713
199 F	0.01700	0.81433	0.16866
200 G	0.00641	0.84705	0.14654
201 F	0.00075	0.96798	0.03127
202 L	0.00014	0.98201	0.01785
203 I	0.00001	0.99943	0.00056
204 N	0.00000	0.99981	0.00019
205 A	0.00000	0.99992	8e-05
206 S	0.00000	0.99998	1e-05
207 L	0.00000	0.99999	0
208 I	0.00000	1.00000	0
209 Y	0.00000	1.00000	0
210 I	0.00000	1.00000	0
211 I	0.00000	1.00000	0
212 L	0.00000	0.99999	0
213 I	0.00001	0.99998	1e-05
214 F	0.00003	0.99987	0.0001
215 I	0.00011	0.99961	0.00029
216 S	0.00139	0.99661	0.002
217 S	0.00649	0.98964	0.00388
218 Y	0.01012	0.98366	0.00621
219 L	0.02464	0.95972	0.01564
220 L	0.05414	0.91088	0.03498
221 K	0.78050	0.11436	0.10513
222 K	0.88642	0.00472	0.10887
223 L	0.88753	0.00350	0.10897
224 E	0.89080	0.00018	0.10902
225 T	0.89092	0.00006	0.10902
226 K	0.89098	0.00000	0.10902
227 L	0.89098	0.00000	0.10902
228 G	0.89098	0.00000	0.10902
229 N	0.89098	0.00000	0.10902
230 K	0.89098	0.00000	0.10902
231 N	0.89098	0.00000	0.10902
232 A	0.89098	0.00000	0.10902
