# tr|Q6YQ85|Q6YQ85_ONYPE
# AA	inside	membr	outside
1 M	0.01254	0.00000	0.98745
2 S	0.01243	0.00011	0.98745
3 N	0.01225	0.00029	0.98745
4 I	0.01225	0.00033	0.98742
5 F	0.00919	0.00340	0.98741
6 N	0.00919	0.00340	0.98741
7 W	0.00889	0.00369	0.98741
8 F	0.00889	0.00369	0.98741
9 N	0.00889	0.00370	0.98741
10 L	0.00889	0.00370	0.98741
11 L	0.00889	0.00370	0.98741
12 K	0.00889	0.00370	0.98741
13 R	0.00888	0.00371	0.98741
14 L	0.00888	0.00371	0.98741
15 L	0.00888	0.00371	0.98741
16 K	0.00888	0.00371	0.98741
17 I	0.00888	0.00371	0.98741
18 Y	0.00888	0.00371	0.98741
19 Y	0.00888	0.00371	0.98742
20 P	0.00888	0.00361	0.98751
21 L	0.00887	0.00359	0.98753
22 Y	0.00889	0.00348	0.98763
23 K	0.00891	0.00014	0.99094
24 E	0.00891	0.00015	0.99094
25 G	0.00891	0.00098	0.99011
26 F	0.00891	0.00286	0.98822
27 D	0.00891	0.00368	0.98741
28 T	0.00888	0.03209	0.95904
29 T	0.00886	0.03938	0.95176
30 F	0.00881	0.04957	0.94162
31 K	0.00869	0.05900	0.93231
32 I	0.00268	0.32353	0.67379
33 A	0.00175	0.58684	0.41141
34 L	0.00046	0.88226	0.11729
35 F	0.00012	0.96628	0.0336
36 G	0.00010	0.97857	0.02132
37 T	0.00007	0.99134	0.00859
38 I	0.00002	0.99853	0.00145
39 G	0.00001	0.99959	0.0004
40 A	0.00001	0.99997	3e-05
41 F	0.00001	0.99999	0
42 I	0.00001	0.99999	0
43 V	0.00001	0.99999	0
44 S	0.00001	0.99999	0
45 L	0.00001	0.99998	0
46 C	0.00004	0.99995	0
47 V	0.00007	0.99992	0
48 L	0.00046	0.99954	0
49 Y	0.00296	0.99703	1e-05
50 I	0.00820	0.99178	2e-05
51 K	0.04465	0.95524	0.00011
52 G	0.05202	0.94782	0.00015
53 I	0.06358	0.93621	0.00022
54 I	0.08130	0.91825	0.00046
55 T	0.24684	0.74731	0.00585
56 L	0.53375	0.45951	0.00674
57 N	0.90217	0.08941	0.00842
58 K	0.98924	0.00185	0.00891
59 H	0.99063	0.00046	0.00891
60 T	0.99094	0.00015	0.00891
61 K	0.99109	0.00000	0.00891
62 M	0.99109	0.00000	0.00891
63 S	0.99109	0.00000	0.00891
64 L	0.99109	0.00000	0.00891
65 K	0.99109	0.00000	0.00891
66 K	0.99108	0.00001	0.00891
67 Q	0.99058	0.00051	0.00891
68 Y	0.98973	0.00137	0.00891
69 F	0.98889	0.00221	0.0089
70 F	0.98877	0.00233	0.0089
71 K	0.98843	0.00267	0.0089
72 I	0.98711	0.00399	0.0089
73 L	0.98628	0.00483	0.0089
74 D	0.98362	0.00750	0.00889
75 K	0.95815	0.03298	0.00888
76 S	0.39688	0.59643	0.00669
77 I	0.07429	0.92264	0.00307
78 N	0.01908	0.97936	0.00156
79 V	0.00455	0.99510	0.00035
80 Y	0.00266	0.99722	0.00012
81 I	0.00065	0.99931	5e-05
82 F	0.00050	0.99946	4e-05
83 I	0.00047	0.99949	4e-05
84 I	0.00047	0.99949	4e-05
85 K	0.00047	0.99934	0.00018
86 S	0.00047	0.99933	0.00019
87 I	0.00047	0.99933	0.0002
88 P	0.00047	0.99930	0.00023
89 M	0.00047	0.99922	0.00031
90 M	0.00047	0.99882	0.00071
91 L	0.00047	0.99786	0.00166
92 Q	0.00048	0.99652	0.003
93 A	0.00048	0.99598	0.00354
94 M	0.00049	0.97414	0.02538
95 F	0.00049	0.94194	0.05757
96 F	0.00060	0.85699	0.14241
97 H	0.00100	0.72719	0.27181
98 F	0.00109	0.71121	0.2877
99 G	0.00337	0.25589	0.74074
100 L	0.00687	0.05567	0.93746
101 K	0.00871	0.00157	0.98971
102 G	0.00926	0.00179	0.98896
103 T	0.00927	0.00728	0.98346
104 G	0.00890	0.02398	0.96712
105 Y	0.00689	0.05046	0.94265
106 F	0.00519	0.08291	0.9119
107 K	0.00509	0.08465	0.91026
108 W	0.00392	0.48270	0.51338
109 L	0.00344	0.70440	0.29217
110 T	0.00286	0.79254	0.2046
111 P	0.00224	0.86311	0.13465
112 L	0.00108	0.87617	0.12275
113 Q	0.00063	0.92019	0.07918
114 S	0.00039	0.93673	0.06288
115 G	0.00014	0.95147	0.04839
116 L	0.00011	0.95397	0.04593
117 F	0.00010	0.95409	0.04582
118 V	0.00010	0.95425	0.04566
119 I	0.00010	0.95427	0.04564
120 I	0.00011	0.95426	0.04564
121 F	0.00013	0.95423	0.04564
122 N	0.00068	0.95365	0.04567
123 S	0.00103	0.95329	0.04568
124 A	0.00184	0.95247	0.04569
125 A	0.00452	0.94975	0.04573
126 Y	0.03906	0.91507	0.04587
127 L	0.09829	0.85546	0.04625
128 A	0.26095	0.69074	0.0483
129 E	0.47836	0.47111	0.05052
130 V	0.49575	0.45352	0.05073
131 M	0.77574	0.17236	0.0519
132 I	0.82728	0.12004	0.05269
133 K	0.93118	0.01412	0.0547
134 N	0.94060	0.00459	0.05481
135 M	0.94195	0.00320	0.05484
136 E	0.94333	0.00181	0.05485
137 F	0.94336	0.00179	0.05485
138 F	0.94406	0.00108	0.05486
139 D	0.94486	0.00026	0.05487
140 S	0.94479	0.00034	0.05487
141 G	0.94478	0.00034	0.05487
142 Q	0.94478	0.00034	0.05487
143 I	0.94475	0.00037	0.05487
144 E	0.94475	0.00037	0.05487
145 A	0.94472	0.00040	0.05487
146 S	0.94472	0.00040	0.05487
147 L	0.94472	0.00040	0.05487
148 S	0.94472	0.00040	0.05487
149 L	0.94472	0.00040	0.05487
150 G	0.94472	0.00040	0.05487
151 M	0.94472	0.00040	0.05488
152 T	0.94472	0.00039	0.05489
153 Q	0.94472	0.00038	0.0549
154 T	0.94472	0.00037	0.05491
155 Q	0.94472	0.00029	0.05499
156 T	0.94472	0.00026	0.05502
157 F	0.94472	0.00021	0.05508
158 K	0.94472	0.00005	0.05523
159 K	0.94472	0.00005	0.05524
160 V	0.94470	0.00006	0.05524
161 V	0.94470	0.00007	0.05524
162 C	0.94470	0.00007	0.05524
163 P	0.94470	0.00006	0.05524
164 Q	0.94469	0.00007	0.05524
165 V	0.94468	0.00008	0.05524
166 V	0.94468	0.00008	0.05525
167 R	0.94468	0.00007	0.05525
168 K	0.94444	0.00029	0.05528
169 S	0.94174	0.00299	0.05528
170 L	0.93337	0.01135	0.05528
171 L	0.92804	0.01668	0.05528
172 R	0.92753	0.01719	0.05528
173 I	0.91741	0.02731	0.05528
174 S	0.91168	0.03304	0.05528
175 N	0.90761	0.03711	0.05528
176 E	0.84798	0.09674	0.05528
177 F	0.72350	0.22123	0.05527
178 I	0.69948	0.24526	0.05527
179 V	0.69639	0.24834	0.05527
180 N	0.69543	0.24928	0.05529
181 I	0.69298	0.25173	0.05529
182 K	0.69269	0.25201	0.0553
183 D	0.69022	0.25448	0.0553
184 S	0.64657	0.29819	0.05523
185 S	0.51062	0.43420	0.05518
186 V	0.40422	0.54064	0.05515
187 F	0.34958	0.59529	0.05513
188 G	0.34601	0.59881	0.05518
189 V	0.33967	0.60512	0.05521
190 I	0.33702	0.60768	0.0553
191 G	0.33665	0.60710	0.05625
192 I	0.33620	0.60391	0.0599
193 N	0.33617	0.58434	0.07949
194 E	0.33612	0.56600	0.09788
195 L	0.33604	0.56370	0.10027
196 Y	0.33603	0.55396	0.11001
197 N	0.33603	0.51199	0.15198
198 A	0.33603	0.50107	0.1629
199 G	0.33602	0.41182	0.25216
200 S	0.33602	0.36830	0.29568
201 T	0.33600	0.35556	0.30844
202 V	0.33588	0.35194	0.31217
203 N	0.33582	0.32647	0.3377
204 A	0.33560	0.30100	0.36339
205 S	0.33508	0.29191	0.37301
206 V	0.33308	0.28758	0.37934
207 A	0.33238	0.26478	0.40284
208 S	0.32903	0.15369	0.51728
209 A	0.32622	0.06832	0.60545
210 N	0.31941	0.02434	0.65625
211 A	0.28586	0.12600	0.58814
212 K	0.23130	0.31194	0.45676
213 I	0.05883	0.81367	0.1275
214 L	0.02000	0.91191	0.06809
215 A	0.00720	0.96349	0.02931
216 L	0.00196	0.98345	0.01459
217 I	0.00021	0.99948	0.00031
218 V	0.00013	0.99977	0.00011
219 P	0.00011	0.99985	5e-05
220 V	0.00007	0.99993	0
221 F	0.00007	0.99993	0
222 V	0.00007	0.99993	0
223 Y	0.00007	0.99993	0
224 L	0.00007	0.99991	2e-05
225 V	0.00007	0.99986	7e-05
226 L	0.00007	0.99975	0.00018
227 V	0.00009	0.99947	0.00044
228 L	0.00013	0.99867	0.0012
229 L	0.00034	0.99678	0.00289
230 V	0.00078	0.99484	0.00439
231 S	0.00413	0.97560	0.02026
232 L	0.00654	0.96438	0.02907
233 L	0.02822	0.90209	0.06969
234 L	0.14767	0.70959	0.14274
235 K	0.52482	0.18902	0.28617
236 K	0.65960	0.00555	0.33485
237 I	0.66158	0.00303	0.33539
238 E	0.66361	0.00031	0.33608
239 K	0.66382	0.00002	0.33617
240 I	0.66383	0.00001	0.33617
241 N	0.66383	0.00000	0.33617
242 D	0.66383	0.00000	0.33617
243 R	0.66383	0.00000	0.33617
244 K	0.66383	0.00000	0.33617
