# tr|Q6YQU1|Q6YQU1_ONYPE
# AA	inside	membr	outside
1 M	0.99814	0.00000	0.00186
2 P	0.99814	0.00000	0.00186
3 H	0.99814	0.00000	0.00186
4 P	0.99814	0.00000	0.00186
5 S	0.99814	0.00000	0.00186
6 K	0.99814	0.00000	0.00186
7 P	0.99814	0.00000	0.00186
8 A	0.99814	0.00000	0.00186
9 N	0.99814	0.00000	0.00186
10 Q	0.99814	0.00000	0.00186
11 T	0.99814	0.00000	0.00186
12 P	0.99814	0.00001	0.00186
13 K	0.99725	0.00090	0.00186
14 S	0.99724	0.00091	0.00186
15 F	0.99724	0.00104	0.00173
16 K	0.99699	0.00129	0.00173
17 R	0.98550	0.01284	0.00167
18 P	0.97845	0.02023	0.00132
19 I	0.36045	0.63884	0.00071
20 W	0.09550	0.90437	0.00014
21 I	0.00425	0.99561	0.00013
22 N	0.00303	0.99684	0.00013
23 L	0.00111	0.99877	0.00013
24 I	0.00068	0.99920	0.00012
25 I	0.00042	0.99947	0.00012
26 L	0.00007	0.99982	0.00012
27 T	0.00004	0.99985	0.00012
28 F	0.00003	0.99985	0.00012
29 P	0.00002	0.99986	0.00012
30 I	0.00001	0.99988	0.00012
31 A	0.00000	0.99988	0.00012
32 I	0.00000	0.99988	0.00012
33 Y	0.00000	0.99986	0.00014
34 L	0.00000	0.99969	0.00031
35 L	0.00001	0.99885	0.00115
36 F	0.00007	0.99267	0.00726
37 Q	0.00080	0.81389	0.18531
38 Q	0.00116	0.70361	0.29522
39 L	0.00117	0.66728	0.33155
40 S	0.00123	0.57236	0.42641
41 V	0.00128	0.52834	0.47038
42 S	0.00149	0.12829	0.87022
43 I	0.00170	0.05584	0.94245
44 D	0.00172	0.01075	0.98753
45 F	0.00172	0.01043	0.98786
46 Y	0.00172	0.00960	0.98867
47 I	0.00173	0.00914	0.98913
48 I	0.00173	0.00833	0.98994
49 G	0.00173	0.00361	0.99466
50 N	0.00174	0.00107	0.99719
51 Q	0.00174	0.00066	0.9976
52 P	0.00174	0.00005	0.99821
53 N	0.00174	0.00001	0.99825
54 S	0.00174	0.00001	0.99825
55 S	0.00174	0.00000	0.99825
56 T	0.00174	0.00000	0.99825
57 N	0.00174	0.00000	0.99826
58 L	0.00174	0.00000	0.99826
59 D	0.00174	0.00000	0.99826
60 K	0.00174	0.00001	0.99825
61 T	0.00174	0.00435	0.99391
62 I	0.00174	0.00959	0.98867
63 S	0.00174	0.01894	0.97932
64 Y	0.00174	0.04270	0.95555
65 M	0.00174	0.06932	0.92894
66 A	0.00174	0.09548	0.90278
67 Q	0.00174	0.09859	0.89966
68 I	0.00174	0.10352	0.89474
69 K	0.00174	0.10962	0.88864
70 K	0.00174	0.16207	0.83619
71 I	0.00174	0.88249	0.11577
72 L	0.00174	0.95062	0.04764
73 Q	0.00174	0.96330	0.03496
74 S	0.00174	0.99342	0.00484
75 V	0.00174	0.99796	0.0003
76 A	0.00174	0.99818	8e-05
77 I	0.00174	0.99826	0
78 A	0.00174	0.99826	0
79 L	0.00174	0.99826	0
80 G	0.00174	0.99826	0
81 G	0.00175	0.99825	0
82 A	0.00177	0.99823	0
83 G	0.00183	0.99817	0
84 V	0.00521	0.99479	0
85 I	0.01082	0.98918	0
86 L	0.02171	0.97829	0
87 V	0.04879	0.95121	0
88 A	0.11238	0.88762	0
89 R	0.75875	0.24125	0
90 E	0.82950	0.17050	0
91 Y	0.84878	0.15122	0
92 K	0.98042	0.01957	0
93 K	0.99685	0.00315	0
94 K	0.99999	0.00000	0
95 N	0.99999	0.00000	0
96 F	0.99999	0.00000	0
97 T	0.99999	0.00000	0
98 K	0.99999	0.00001	0
99 A	0.99980	0.00020	0
100 K	0.99923	0.00077	0
101 Q	0.97409	0.02591	0
102 Y	0.93331	0.06668	0
103 A	0.91654	0.08346	0
104 T	0.63576	0.36424	0
105 L	0.40710	0.59289	0
106 A	0.38766	0.61234	0
107 F	0.30400	0.69600	0
108 L	0.26716	0.73284	0
109 L	0.00385	0.99615	0
110 A	0.00128	0.99872	0
111 I	0.00077	0.99923	0
112 I	0.00034	0.99966	0
113 S	0.00031	0.99969	0
114 S	0.00004	0.99996	0
115 L	0.00001	0.99999	0
116 F	0.00001	0.99999	0
117 F	0.00000	1.00000	0
118 L	0.00000	1.00000	0
119 V	0.00000	0.99997	3e-05
120 V	0.00000	0.99987	0.00013
121 L	0.00000	0.99936	0.00064
122 G	0.00000	0.99756	0.00244
123 L	0.00000	0.99597	0.00403
124 G	0.00000	0.97882	0.02118
125 V	0.00000	0.96015	0.03986
126 L	0.00000	0.94826	0.05174
127 L	0.00000	0.58174	0.41826
128 P	0.00000	0.39471	0.60529
129 A	0.00000	0.37765	0.62235
130 P	0.00000	0.33162	0.66837
131 F	0.00000	0.31593	0.68406
132 G	0.00000	0.01422	0.98578
133 D	0.00000	0.00969	0.9903
134 I	0.00000	0.00930	0.99069
135 F	0.00000	0.00875	0.99125
136 L	0.00000	0.00809	0.9919
137 N	0.00000	0.00010	0.9999
138 K	0.00000	0.00000	0.99999
139 S	0.00000	0.00002	0.99997
140 Y	0.00000	0.00007	0.99993
141 H	0.00000	0.00011	0.99988
142 S	0.00000	0.00239	0.99761
143 Q	0.00000	0.00500	0.99499
144 N	0.00000	0.02925	0.97074
145 G	0.00000	0.05980	0.9402
146 L	0.00000	0.84998	0.15003
147 T	0.00000	0.95580	0.0442
148 Y	0.00000	0.97033	0.02967
149 Y	0.00000	0.99569	0.00432
150 Y	0.00000	0.99813	0.00187
151 L	0.00000	0.99992	8e-05
152 I	0.00000	0.99999	1e-05
153 L	0.00000	1.00000	0
154 I	0.00000	1.00000	0
155 T	0.00000	1.00000	0
156 F	0.00000	1.00000	0
157 V	0.00000	1.00000	0
158 A	0.00001	0.99999	0
159 I	0.00001	0.99999	0
160 T	0.00002	0.99998	0
161 M	0.00004	0.99996	0
162 N	0.00007	0.99993	0
163 A	0.00008	0.99992	0
164 V	0.00016	0.99984	0
165 F	0.01406	0.98594	0
166 I	0.09252	0.90748	0
167 G	0.17153	0.82847	0
168 L	0.18596	0.81404	0
169 E	0.97752	0.02248	0
170 R	0.99205	0.00795	0
171 A	0.99876	0.00124	0
172 K	0.99993	0.00007	0
173 E	0.99971	0.00029	0
174 K	0.99803	0.00197	0
175 T	0.91496	0.08504	0
176 R	0.90422	0.09578	0
177 F	0.09908	0.90092	0
178 V	0.04306	0.95694	0
179 L	0.01945	0.98055	0
180 I	0.00288	0.99712	0
181 L	0.00012	0.99988	0
182 N	0.00005	0.99995	0
183 I	0.00005	0.99995	0
184 C	0.00005	0.99995	0
185 L	0.00004	0.99996	0
186 I	0.00004	0.99996	0
187 I	0.00004	0.99996	0
188 T	0.00004	0.99996	0
189 R	0.00004	0.99996	0
190 I	0.00004	0.99991	5e-05
191 S	0.00004	0.99978	0.00017
192 I	0.00004	0.99944	0.00052
193 S	0.00004	0.97625	0.02371
194 F	0.00004	0.97011	0.02984
195 A	0.00004	0.89613	0.10383
196 F	0.00004	0.86785	0.13211
197 K	0.00004	0.68954	0.31042
198 A	0.00004	0.67589	0.32407
199 I	0.00004	0.66687	0.33309
200 K	0.00004	0.00392	0.99603
201 Q	0.00004	0.00052	0.99944
202 N	0.00004	0.00016	0.99979
203 Q	0.00004	0.00061	0.99935
204 V	0.00004	0.01791	0.98206
205 N	0.00003	0.02102	0.97895
206 L	0.00003	0.05828	0.94169
207 I	0.00002	0.08751	0.91246
208 D	0.00002	0.09422	0.90576
209 L	0.00002	0.71541	0.28457
210 A	0.00002	0.74486	0.25513
211 L	0.00002	0.80359	0.19639
212 A	0.00002	0.82337	0.17661
213 D	0.00002	0.83213	0.16785
214 L	0.00002	0.98455	0.01544
215 I	0.00002	0.99113	0.00885
216 A	0.00002	0.99732	0.00266
217 N	0.00002	0.99770	0.00228
218 L	0.00002	0.99968	0.0003
219 L	0.00002	0.99993	5e-05
220 L	0.00002	0.99995	3e-05
221 T	0.00003	0.99995	2e-05
222 L	0.00004	0.99994	1e-05
223 V	0.00009	0.99989	1e-05
224 T	0.00082	0.99917	1e-05
225 F	0.00105	0.99894	1e-05
226 Y	0.00312	0.99686	1e-05
227 C	0.03961	0.96036	2e-05
228 M	0.05413	0.94584	2e-05
229 F	0.09831	0.90166	3e-05
230 S	0.18544	0.81453	3e-05
231 S	0.31106	0.68890	3e-05
232 K	0.83631	0.16365	4e-05
233 N	0.84260	0.15737	4e-05
234 I	0.84890	0.15106	4e-05
235 F	0.89438	0.10558	4e-05
236 K	0.98503	0.01493	4e-05
237 L	0.99944	0.00052	4e-05
238 Q	0.99978	0.00018	4e-05
239 F	0.99983	0.00013	4e-05
240 K	0.99991	0.00005	4e-05
241 N	0.99989	0.00007	4e-05
242 L	0.99976	0.00021	4e-05
243 V	0.99912	0.00084	4e-05
244 F	0.99906	0.00090	4e-05
245 S	0.99907	0.00090	4e-05
246 K	0.99906	0.00091	4e-05
247 R	0.99896	0.00100	4e-05
248 T	0.99869	0.00127	4e-05
249 V	0.99744	0.00252	4e-05
250 K	0.99635	0.00361	4e-05
251 T	0.91059	0.08937	4e-05
252 I	0.75614	0.24382	3e-05
253 L	0.74369	0.25627	3e-05
254 K	0.73659	0.26338	3e-05
255 L	0.05492	0.94505	3e-05
256 A	0.01704	0.98292	3e-05
257 V	0.01042	0.98955	3e-05
258 T	0.00926	0.99071	3e-05
259 L	0.00541	0.99456	3e-05
260 I	0.00413	0.99584	3e-05
261 I	0.00411	0.99583	7e-05
262 A	0.00410	0.99563	0.00027
263 K	0.00409	0.99509	0.00082
264 S	0.00399	0.99517	0.00083
265 T	0.00395	0.99518	0.00086
266 Y	0.00394	0.99512	0.00095
267 E	0.00393	0.99480	0.00127
268 I	0.00392	0.99467	0.00141
269 G	0.00392	0.98836	0.00773
270 K	0.00392	0.98322	0.01286
271 L	0.00392	0.98306	0.01303
272 I	0.00392	0.98241	0.01368
273 I	0.00392	0.97984	0.01624
274 L	0.00392	0.89493	0.10115
275 A	0.00392	0.78179	0.2143
276 M	0.00392	0.76553	0.23056
277 I	0.00392	0.73878	0.25731
278 D	0.00392	0.03025	0.96583
279 S	0.00392	0.00626	0.98981
280 Y	0.00392	0.00488	0.9912
281 F	0.00392	0.00455	0.99153
282 T	0.00392	0.00131	0.99477
283 K	0.00392	0.00004	0.99603
284 D	0.00392	0.00064	0.99544
285 Q	0.00391	0.00132	0.99478
286 E	0.00383	0.00379	0.99238
287 N	0.00347	0.53014	0.46639
288 L	0.00304	0.70915	0.28781
289 V	0.00297	0.80650	0.19053
290 D	0.00295	0.82961	0.16744
291 I	0.00284	0.86058	0.13658
292 F	0.00282	0.99540	0.00178
293 G	0.00282	0.99615	0.00103
294 F	0.00282	0.99650	0.00068
295 V	0.00282	0.99654	0.00064
296 M	0.00282	0.99655	0.00063
297 A	0.00282	0.99655	0.00063
298 V	0.00282	0.99655	0.00063
299 N	0.00282	0.99655	0.00063
300 G	0.00282	0.99655	0.00063
301 I	0.00282	0.99656	0.00063
302 F	0.00286	0.99652	0.00063
303 Y	0.00319	0.99618	0.00063
304 A	0.00500	0.99437	0.00063
305 I	0.01270	0.98664	0.00065
306 S	0.05526	0.94383	0.00091
307 N	0.25370	0.74505	0.00125
308 S	0.31564	0.68300	0.00136
309 F	0.33878	0.65981	0.00141
310 E	0.90195	0.09639	0.00165
311 D	0.98388	0.01440	0.00172
312 S	0.99691	0.00137	0.00172
313 Q	0.99797	0.00030	0.00172
314 S	0.99805	0.00022	0.00172
315 A	0.99823	0.00005	0.00172
316 M	0.99824	0.00003	0.00172
317 V	0.99826	0.00002	0.00172
318 S	0.99826	0.00001	0.00172
319 Q	0.99826	0.00001	0.00172
320 S	0.99827	0.00001	0.00172
321 V	0.99827	0.00001	0.00172
322 T	0.99827	0.00001	0.00172
323 F	0.99827	0.00001	0.00172
324 Q	0.99827	0.00000	0.00172
325 S	0.99826	0.00001	0.00172
326 N	0.99821	0.00006	0.00172
327 S	0.99765	0.00062	0.00172
328 K	0.99568	0.00260	0.00172
329 T	0.96458	0.03386	0.00156
330 F	0.81570	0.18276	0.00153
331 K	0.75431	0.24419	0.0015
332 I	0.36915	0.62990	0.00095
333 F	0.27808	0.72107	0.00086
334 K	0.26668	0.73248	0.00085
335 N	0.18599	0.81329	0.00073
336 V	0.05669	0.94315	0.00016
337 V	0.00616	0.99381	3e-05
338 V	0.00081	0.99918	1e-05
339 I	0.00030	0.99969	1e-05
340 T	0.00018	0.99981	1e-05
341 L	0.00010	0.99989	1e-05
342 I	0.00009	0.99990	1e-05
343 I	0.00009	0.99990	1e-05
344 G	0.00009	0.99990	1e-05
345 I	0.00009	0.99990	1e-05
346 I	0.00009	0.99988	2e-05
347 G	0.00009	0.99963	0.00028
348 V	0.00009	0.99847	0.00143
349 F	0.00010	0.99420	0.00571
350 I	0.00011	0.94808	0.05181
351 N	0.00028	0.79882	0.20091
352 Q	0.00060	0.70590	0.29349
353 F	0.00062	0.60327	0.3961
354 C	0.00095	0.43222	0.56683
355 G	0.00137	0.16448	0.83415
356 E	0.00170	0.06346	0.93484
357 Q	0.00171	0.05706	0.94123
358 L	0.00171	0.05464	0.94365
359 L	0.00174	0.04481	0.95345
360 R	0.00181	0.00386	0.99433
361 A	0.00181	0.00089	0.9973
362 L	0.00181	0.00015	0.99804
363 K	0.00181	0.00001	0.99818
364 P	0.00181	0.00000	0.99818
365 E	0.00181	0.00000	0.99818
366 K	0.00181	0.00000	0.99818
367 V	0.00181	0.00000	0.99818
368 F	0.00181	0.00000	0.99818
369 T	0.00181	0.00001	0.99818
370 T	0.00181	0.00001	0.99818
371 Q	0.00181	0.00001	0.99817
372 K	0.00181	0.00001	0.99817
373 I	0.00181	0.00008	0.9981
374 T	0.00181	0.00011	0.99808
375 S	0.00181	0.00012	0.99807
376 F	0.00181	0.00014	0.99805
377 K	0.00181	0.00015	0.99804
378 E	0.00181	0.00318	0.99501
379 I	0.00180	0.06312	0.93508
380 L	0.00179	0.10609	0.89212
381 N	0.00179	0.18881	0.80941
382 W	0.00179	0.24016	0.75805
383 E	0.00179	0.25230	0.74591
384 Q	0.00179	0.48926	0.50895
385 T	0.00179	0.71653	0.28168
386 S	0.00179	0.96562	0.03259
387 L	0.00179	0.98290	0.01531
388 F	0.00179	0.99403	0.00419
389 F	0.00179	0.99789	0.00033
390 S	0.00179	0.99790	0.00031
391 V	0.00179	0.99792	0.00029
392 W	0.00179	0.99792	0.00028
393 T	0.00180	0.99792	0.00028
394 T	0.00182	0.99790	0.00028
395 L	0.00184	0.99788	0.00028
396 M	0.00204	0.99769	0.00028
397 M	0.00262	0.99710	0.00028
398 G	0.00299	0.99673	0.00028
399 Y	0.00402	0.99571	0.00028
400 V	0.00678	0.99294	0.00028
401 A	0.01823	0.98149	0.00028
402 S	0.11514	0.88456	0.0003
403 Y	0.23834	0.76136	0.0003
404 K	0.99103	0.00866	0.0003
405 K	0.99747	0.00223	0.0003
406 N	0.97677	0.02297	0.00027
407 A	0.94435	0.05543	0.00022
408 N	0.84378	0.15600	0.00022
409 L	0.74737	0.25243	0.0002
410 I	0.03526	0.96455	0.00019
411 F	0.02911	0.97070	0.00019
412 V	0.02774	0.97207	0.00019
413 I	0.01797	0.98184	0.00019
414 N	0.01511	0.98470	0.00019
415 L	0.00110	0.99872	0.00019
416 L	0.00026	0.99955	0.00019
417 R	0.00021	0.99960	0.00019
418 V	0.00007	0.99974	0.00019
419 V	0.00006	0.99975	0.00019
420 L	0.00006	0.99975	0.00019
421 R	0.00006	0.99974	0.0002
422 I	0.00006	0.99974	0.0002
423 T	0.00006	0.99973	0.00021
424 I	0.00006	0.99967	0.00027
425 L	0.00006	0.99873	0.00121
426 W	0.00006	0.99053	0.0094
427 F	0.00007	0.98688	0.01305
428 L	0.00007	0.81587	0.18406
429 H	0.00013	0.70208	0.29778
430 D	0.00017	0.63649	0.36333
431 I	0.00017	0.62226	0.37756
432 L	0.00018	0.60562	0.39421
433 P	0.00018	0.00798	0.99184
434 Q	0.00018	0.00212	0.9977
435 L	0.00018	0.00143	0.99839
436 K	0.00018	0.00007	0.99975
437 D	0.00018	0.00004	0.99978
438 V	0.00018	0.00013	0.99969
439 S	0.00018	0.00016	0.99966
440 I	0.00018	0.00021	0.99961
441 P	0.00018	0.00024	0.99958
442 D	0.00018	0.00034	0.99948
443 A	0.00018	0.00465	0.99517
444 T	0.00018	0.01549	0.98433
445 Q	0.00017	0.02045	0.97937
446 C	0.00015	0.03393	0.96592
447 G	0.00011	0.82781	0.17208
448 L	0.00007	0.90920	0.09073
449 S	0.00006	0.92936	0.07058
450 T	0.00003	0.96342	0.03655
451 F	0.00002	0.98401	0.01598
452 G	0.00002	0.99675	0.00323
453 S	0.00001	0.99754	0.00244
454 N	0.00001	0.99821	0.00178
455 I	0.00001	0.99979	0.00019
456 I	0.00001	0.99984	0.00014
457 V	0.00001	0.99985	0.00013
458 F	0.00001	0.99985	0.00013
459 L	0.00002	0.99985	0.00013
460 T	0.00002	0.99985	0.00013
461 T	0.00005	0.99982	0.00013
462 T	0.00006	0.99980	0.00013
463 Y	0.00007	0.99979	0.00013
464 L	0.00010	0.99976	0.00013
465 F	0.00031	0.99956	0.00013
466 V	0.00481	0.99505	0.00014
467 S	0.02997	0.96987	0.00015
468 F	0.05156	0.94827	0.00016
469 L	0.07882	0.92099	0.00019
470 R	0.93914	0.06061	0.00026
471 Q	0.98998	0.00974	0.00029
472 N	0.99514	0.00457	0.00029
473 K	0.99913	0.00058	0.0003
474 T	0.99940	0.00030	0.0003
475 N	0.99969	0.00001	0.0003
476 Q	0.99970	0.00000	0.0003
477 T	0.99970	0.00000	0.0003
478 P	0.99970	0.00000	0.0003
479 R	0.99970	0.00000	0.0003
480 F	0.99970	0.00000	0.0003
481 K	0.99970	0.00000	0.0003
482 K	0.99970	0.00000	0.0003
483 N	0.99970	0.00000	0.0003
484 K	0.99970	0.00000	0.0003
485 N	0.99970	0.00000	0.0003
486 N	0.99970	0.00000	0.0003
487 A	0.99970	0.00000	0.0003
488 L	0.99970	0.00000	0.0003
489 Q	0.99970	0.00000	0.0003
490 T	0.99970	0.00000	0.0003
491 K	0.99970	0.00000	0.0003
492 I	0.99970	0.00000	0.0003
493 I	0.99970	0.00000	0.0003
494 K	0.99970	0.00000	0.0003
