# tr|Q6YPJ1|Q6YPJ1_ONYPE
# AA	inside	membr	outside
1 M	0.96087	0.00000	0.03913
2 F	0.96087	0.00000	0.03913
3 D	0.96087	0.00000	0.03913
4 P	0.96087	0.00081	0.03831
5 T	0.96087	0.00195	0.03718
6 Q	0.96087	0.00221	0.03692
7 T	0.96086	0.00244	0.0367
8 L	0.96086	0.00245	0.0367
9 D	0.96086	0.00247	0.03667
10 G	0.96086	0.00537	0.03378
11 G	0.96086	0.00543	0.03372
12 F	0.96086	0.00544	0.03371
13 F	0.96086	0.00544	0.03371
14 V	0.96086	0.00544	0.03371
15 V	0.96086	0.00544	0.03371
16 K	0.96086	0.00544	0.03371
17 T	0.96086	0.00544	0.03371
18 K	0.96086	0.00544	0.03371
19 A	0.96086	0.00544	0.03371
20 T	0.96086	0.00543	0.03371
21 T	0.96087	0.00543	0.03371
22 Q	0.96089	0.00541	0.03371
23 I	0.96090	0.00540	0.03371
24 L	0.96090	0.00539	0.03371
25 I	0.96114	0.00515	0.03371
26 N	0.96225	0.00403	0.03372
27 E	0.96427	0.00200	0.03372
28 K	0.96624	0.00004	0.03372
29 R	0.96626	0.00002	0.03372
30 N	0.96625	0.00003	0.03372
31 R	0.96617	0.00011	0.03372
32 K	0.96465	0.00164	0.0337
33 F	0.86885	0.09909	0.03206
34 L	0.62788	0.34437	0.02776
35 L	0.58949	0.38309	0.02742
36 E	0.57905	0.39390	0.02704
37 G	0.33467	0.64241	0.02291
38 N	0.13974	0.84053	0.01973
39 L	0.01411	0.97287	0.01302
40 W	0.00775	0.98017	0.01208
41 K	0.00636	0.98215	0.01149
42 V	0.00044	0.99372	0.00583
43 I	0.00021	0.99587	0.00392
44 F	0.00017	0.99623	0.0036
45 Y	0.00016	0.99660	0.00324
46 F	0.00015	0.99882	0.00104
47 T	0.00014	0.99897	0.00089
48 F	0.00014	0.99903	0.00082
49 P	0.00014	0.99917	0.00069
50 I	0.00014	0.99947	0.00039
51 I	0.00014	0.99951	0.00035
52 I	0.00014	0.99935	0.0005
53 Y	0.00016	0.99803	0.00181
54 W	0.00020	0.99654	0.00326
55 I	0.00040	0.99003	0.00957
56 F	0.00268	0.85835	0.13897
57 Q	0.01841	0.26293	0.71866
58 N	0.02033	0.10468	0.87498
59 A	0.02087	0.08169	0.89743
60 S	0.02278	0.03873	0.93849
61 D	0.02696	0.00958	0.96345
62 A	0.02734	0.00727	0.96539
63 I	0.02763	0.00682	0.96555
64 D	0.02872	0.00546	0.96582
65 L	0.02904	0.00464	0.96633
66 F	0.02924	0.00438	0.96638
67 I	0.02938	0.00423	0.9664
68 L	0.02976	0.00382	0.96642
69 K	0.03336	0.00018	0.96646
70 R	0.03352	0.00001	0.96647
71 N	0.03353	0.00001	0.96647
72 Q	0.03353	0.00000	0.96647
73 I	0.03353	0.00000	0.96647
74 S	0.03353	0.00000	0.96647
75 D	0.03353	0.00000	0.96647
76 N	0.03353	0.00004	0.96643
77 Q	0.03353	0.00011	0.96637
78 L	0.03351	0.00023	0.96626
79 T	0.03345	0.00066	0.9659
80 F	0.03328	0.00126	0.96545
81 V	0.03317	0.00275	0.96409
82 S	0.03315	0.00388	0.96297
83 R	0.03305	0.03196	0.93499
84 V	0.02610	0.51016	0.46374
85 H	0.02460	0.66953	0.30587
86 I	0.02356	0.72392	0.25252
87 F	0.02301	0.74010	0.23689
88 K	0.02241	0.74773	0.22986
89 G	0.00395	0.90660	0.08945
90 I	0.00076	0.99234	0.0069
91 L	0.00030	0.99732	0.00238
92 V	0.00013	0.99896	0.00091
93 P	0.00008	0.99936	0.00056
94 F	0.00006	0.99970	0.00025
95 G	0.00006	0.99974	0.0002
96 I	0.00006	0.99976	0.00018
97 S	0.00006	0.99976	0.00018
98 I	0.00006	0.99976	0.00018
99 A	0.00007	0.99975	0.00019
100 T	0.00010	0.99971	0.0002
101 G	0.00012	0.99967	0.00021
102 G	0.00019	0.99957	0.00024
103 V	0.00024	0.99945	0.00031
104 I	0.00055	0.99908	0.00037
105 L	0.00160	0.99797	0.00044
106 V	0.05310	0.94601	0.0009
107 G	0.60079	0.39028	0.00893
108 R	0.85170	0.13722	0.01108
109 A	0.87102	0.11759	0.01139
110 Y	0.88857	0.09984	0.01159
111 G	0.90416	0.08252	0.01332
112 Q	0.95442	0.01393	0.03166
113 N	0.96541	0.00094	0.03364
114 N	0.96609	0.00025	0.03365
115 V	0.96627	0.00008	0.03365
116 N	0.96632	0.00002	0.03365
117 K	0.96631	0.00004	0.03365
118 M	0.96365	0.00271	0.03364
119 H	0.95141	0.01498	0.03362
120 L	0.88322	0.08325	0.03353
121 Y	0.87757	0.08934	0.03309
122 L	0.86487	0.10368	0.03145
123 A	0.86209	0.10653	0.03139
124 K	0.85859	0.11005	0.03135
125 T	0.83773	0.13364	0.02863
126 F	0.40965	0.58740	0.00295
127 V	0.06437	0.93486	0.00077
128 L	0.02626	0.97309	0.00065
129 S	0.02443	0.97497	0.0006
130 I	0.02041	0.97916	0.00043
131 L	0.00193	0.99803	4e-05
132 T	0.00105	0.99892	3e-05
133 G	0.00054	0.99944	1e-05
134 F	0.00003	0.99997	0
135 I	0.00001	0.99999	0
136 L	0.00000	0.99999	1e-05
137 V	0.00000	0.99997	3e-05
138 F	0.00000	0.99966	0.00034
139 L	0.00000	0.99907	0.00093
140 C	0.00000	0.99729	0.00271
141 I	0.00001	0.99610	0.00389
142 F	0.00002	0.98771	0.01227
143 V	0.00008	0.93971	0.0602
144 F	0.00047	0.92681	0.07272
145 K	0.00409	0.87879	0.11712
146 S	0.00464	0.86936	0.126
147 F	0.00477	0.86288	0.13235
148 I	0.00726	0.85289	0.13985
149 A	0.03091	0.42408	0.54501
150 T	0.03295	0.09302	0.87402
151 N	0.03301	0.04799	0.919
152 I	0.03303	0.04147	0.92551
153 L	0.03312	0.03727	0.92961
154 K	0.03359	0.00211	0.9643
155 I	0.03359	0.00159	0.96482
156 S	0.03364	0.00072	0.96565
157 Q	0.03365	0.00017	0.96618
158 N	0.03365	0.00012	0.96623
159 A	0.03365	0.00010	0.96625
160 I	0.03365	0.00007	0.96628
161 E	0.03365	0.00003	0.96632
162 N	0.03365	0.00006	0.96629
163 N	0.03365	0.00413	0.96222
164 E	0.03357	0.09614	0.87029
165 G	0.02922	0.14746	0.82332
166 I	0.02764	0.20707	0.7653
167 K	0.02734	0.21923	0.75343
168 Y	0.00979	0.68149	0.30871
169 Y	0.00111	0.92603	0.07285
170 N	0.00051	0.93854	0.06095
171 L	0.00018	0.98745	0.01236
172 I	0.00016	0.99925	0.0006
173 I	0.00016	0.99981	3e-05
174 L	0.00016	0.99983	2e-05
175 S	0.00016	0.99983	1e-05
176 L	0.00016	0.99983	1e-05
177 V	0.00016	0.99983	1e-05
178 C	0.00016	0.99983	1e-05
179 I	0.00016	0.99983	1e-05
180 I	0.00016	0.99983	1e-05
181 I	0.00016	0.99982	1e-05
182 N	0.00022	0.99977	1e-05
183 T	0.00027	0.99970	3e-05
184 V	0.00029	0.99964	7e-05
185 F	0.00198	0.99782	0.0002
186 L	0.11323	0.88572	0.00105
187 S	0.57833	0.41803	0.00364
188 L	0.66785	0.30902	0.02313
189 E	0.86288	0.10474	0.03238
190 R	0.88726	0.08010	0.03264
191 A	0.92173	0.04532	0.03295
192 K	0.96547	0.00104	0.03349
193 G	0.96377	0.00273	0.0335
194 N	0.96316	0.00333	0.03351
195 N	0.95387	0.01269	0.03345
196 K	0.95208	0.01505	0.03288
197 I	0.80439	0.18385	0.01176
198 A	0.30955	0.68793	0.00253
199 L	0.09816	0.89997	0.00187
200 F	0.04484	0.95366	0.0015
201 L	0.00227	0.99651	0.00122
202 N	0.00150	0.99735	0.00116
203 I	0.00027	0.99883	0.00091
204 L	0.00018	0.99892	0.00091
205 N	0.00016	0.99894	0.00091
206 A	0.00014	0.99896	0.0009
207 S	0.00014	0.99896	0.0009
208 A	0.00013	0.99897	0.0009
209 K	0.00013	0.99897	0.0009
210 I	0.00013	0.99897	0.0009
211 I	0.00013	0.99896	0.00091
212 F	0.00013	0.99892	0.00095
213 S	0.00013	0.99880	0.00108
214 F	0.00013	0.99873	0.00114
215 V	0.00017	0.99701	0.00282
216 L	0.00022	0.98447	0.01531
217 F	0.00104	0.92284	0.07612
218 H	0.00299	0.87820	0.11881
219 Y	0.00480	0.86182	0.13338
220 W	0.02386	0.72831	0.24783
221 N	0.03212	0.18588	0.782
222 S	0.03251	0.02581	0.94168
223 S	0.03210	0.01078	0.95712
224 M	0.02921	0.16352	0.80727
225 V	0.02119	0.59337	0.38544
226 S	0.00289	0.86517	0.13194
227 L	0.00065	0.91991	0.07945
228 A	0.00044	0.93313	0.06643
229 L	0.00018	0.97124	0.02858
230 A	0.00016	0.99342	0.00643
231 T	0.00005	0.99904	0.00091
232 L	0.00001	0.99978	0.00022
233 I	0.00000	0.99987	0.00013
234 S	0.00000	0.99988	0.00011
235 N	0.00000	0.99993	7e-05
236 G	0.00000	0.99997	2e-05
237 I	0.00000	0.99999	1e-05
238 V	0.00000	0.99999	1e-05
239 T	0.00000	0.99999	1e-05
240 L	0.00000	0.99999	1e-05
241 F	0.00000	0.99999	1e-05
242 A	0.00003	0.99996	1e-05
243 L	0.00009	0.99988	3e-05
244 W	0.00031	0.99959	9e-05
245 F	0.00152	0.99797	0.00051
246 L	0.01306	0.98531	0.00163
247 F	0.15064	0.84434	0.00501
248 F	0.58962	0.39750	0.01289
249 D	0.95730	0.01043	0.03227
250 S	0.96411	0.00319	0.0327
251 K	0.96646	0.00080	0.03274
252 N	0.96664	0.00062	0.03274
253 P	0.96671	0.00055	0.03274
254 F	0.96683	0.00043	0.03274
255 R	0.96721	0.00005	0.03274
256 I	0.96721	0.00005	0.03274
257 I	0.96721	0.00005	0.03274
258 L	0.96722	0.00004	0.03274
259 S	0.96725	0.00001	0.03274
260 K	0.96725	0.00000	0.03275
261 I	0.96725	0.00000	0.03275
262 S	0.96725	0.00000	0.03275
263 F	0.96725	0.00000	0.03275
264 D	0.96726	0.00000	0.03275
265 K	0.96725	0.00000	0.03275
266 E	0.96724	0.00001	0.03274
267 F	0.96707	0.00019	0.03274
268 L	0.96700	0.00026	0.03274
269 K	0.96694	0.00032	0.03274
270 K	0.96667	0.00060	0.03273
271 L	0.96403	0.00340	0.03258
272 S	0.96246	0.00508	0.03246
273 K	0.95133	0.01680	0.03187
274 L	0.06718	0.93149	0.00133
275 A	0.04830	0.95077	0.00093
276 I	0.04237	0.95684	0.00079
277 P	0.03482	0.96448	0.0007
278 V	0.02863	0.97072	0.00065
279 C	0.02542	0.97395	0.00063
280 A	0.02530	0.97408	0.00062
281 S	0.02523	0.97415	0.00062
282 I	0.02509	0.97430	0.00062
283 S	0.02506	0.97432	0.00062
284 I	0.02505	0.97433	0.00062
285 Y	0.02505	0.97432	0.00063
286 S	0.02505	0.97430	0.00064
287 V	0.02505	0.97427	0.00067
288 G	0.02506	0.97421	0.00073
289 K	0.02509	0.97404	0.00087
290 L	0.02509	0.97401	0.0009
291 I	0.02511	0.97396	0.00094
292 V	0.02526	0.97325	0.00149
293 S	0.02561	0.97222	0.00217
294 I	0.02610	0.97047	0.00344
295 I	0.02645	0.96682	0.00673
296 V	0.02750	0.93734	0.03515
297 K	0.05700	0.00536	0.93764
298 E	0.05714	0.00259	0.94028
299 W	0.05714	0.00246	0.9404
300 Y	0.05715	0.00240	0.94046
301 G	0.05717	0.00126	0.94157
302 D	0.05718	0.00032	0.9425
303 P	0.05718	0.00084	0.94198
304 Q	0.05718	0.00223	0.94059
305 G	0.05718	0.00753	0.9353
306 I	0.05718	0.20393	0.73889
307 S	0.05718	0.21320	0.72962
308 S	0.05718	0.21838	0.72444
309 S	0.05717	0.24096	0.70186
310 Q	0.05717	0.26419	0.67864
311 I	0.05717	0.93571	0.00711
312 G	0.05717	0.93667	0.00616
313 A	0.05717	0.93736	0.00547
314 N	0.05717	0.93791	0.00492
315 L	0.05717	0.93925	0.00358
316 A	0.05717	0.94256	0.00028
317 L	0.05717	0.94257	0.00026
318 A	0.05718	0.94259	0.00023
319 V	0.05720	0.94257	0.00023
320 T	0.05724	0.94253	0.00023
321 I	0.05731	0.94246	0.00023
322 N	0.05760	0.94217	0.00023
323 N	0.05799	0.94179	0.00022
324 V	0.05964	0.94015	0.00021
325 F	0.06281	0.93698	0.00021
326 Y	0.11566	0.88413	0.00021
327 N	0.18114	0.81864	0.00021
328 A	0.20353	0.79626	0.00022
329 L	0.32928	0.67050	0.00022
330 N	0.45192	0.54786	0.00022
331 S	0.58748	0.41230	0.00022
332 F	0.60367	0.39611	0.00022
333 S	0.63811	0.36167	0.00022
334 D	0.99910	0.00068	0.00022
335 S	0.99947	0.00031	0.00022
336 Q	0.99959	0.00019	0.00022
337 N	0.99959	0.00019	0.00022
338 A	0.99960	0.00019	0.00022
339 I	0.99970	0.00008	0.00022
340 I	0.99972	0.00006	0.00022
341 S	0.99976	0.00002	0.00022
342 Q	0.99976	0.00002	0.00022
343 N	0.99976	0.00002	0.00022
344 L	0.99976	0.00002	0.00022
345 G	0.99977	0.00002	0.00022
346 H	0.99977	0.00002	0.00022
347 N	0.99977	0.00001	0.00022
348 N	0.99975	0.00003	0.00022
349 L	0.99968	0.00010	0.00022
350 N	0.99963	0.00015	0.00022
351 R	0.99940	0.00038	0.00022
352 V	0.99848	0.00131	0.00022
353 F	0.99326	0.00653	0.00022
354 E	0.98420	0.01558	0.00021
355 A	0.96763	0.03216	0.00021
356 F	0.93892	0.06088	0.0002
357 K	0.93705	0.06275	0.0002
358 K	0.90929	0.09051	0.0002
359 I	0.36173	0.63822	5e-05
360 I	0.10922	0.89076	2e-05
361 F	0.08102	0.91896	2e-05
362 C	0.07109	0.92889	2e-05
363 M	0.04079	0.95919	1e-05
364 C	0.01710	0.98289	1e-05
365 V	0.00558	0.99441	1e-05
366 L	0.00125	0.99874	1e-05
367 A	0.00036	0.99964	1e-05
368 L	0.00002	0.99997	1e-05
369 I	0.00001	0.99998	1e-05
370 G	0.00001	0.99995	4e-05
371 S	0.00001	0.99988	0.00011
372 L	0.00001	0.99981	0.00018
373 I	0.00001	0.99966	0.00034
374 N	0.00001	0.99871	0.00128
375 I	0.00001	0.99800	0.00198
376 F	0.00001	0.99085	0.00913
377 G	0.00003	0.94900	0.05097
378 Y	0.00004	0.88907	0.11089
379 K	0.00011	0.66261	0.33727
380 L	0.00012	0.65854	0.34135
381 I	0.00012	0.63887	0.36101
382 L	0.00016	0.34162	0.65823
383 P	0.00019	0.11196	0.88785
384 L	0.00020	0.09761	0.90219
385 F	0.00021	0.07399	0.9258
386 H	0.00022	0.02440	0.97539
387 D	0.00022	0.00171	0.99807
388 S	0.00022	0.00072	0.99906
389 P	0.00022	0.00057	0.99922
390 W	0.00022	0.00038	0.9994
391 E	0.00022	0.00000	0.99978
392 K	0.00022	0.00000	0.99978
393 I	0.00022	0.00000	0.99978
394 P	0.00022	0.00000	0.99978
395 T	0.00022	0.00000	0.99978
396 L	0.00022	0.00001	0.99977
397 E	0.00022	0.00001	0.99977
398 Q	0.00022	0.00015	0.99963
399 D	0.00022	0.00030	0.99948
400 V	0.00020	0.01043	0.98936
401 F	0.00020	0.01517	0.98463
402 R	0.00020	0.02018	0.97963
403 T	0.00015	0.04167	0.95818
404 L	0.00008	0.28485	0.71506
405 L	0.00005	0.55300	0.44695
406 F	0.00005	0.69717	0.30278
407 F	0.00005	0.70617	0.29378
408 E	0.00005	0.71138	0.28857
409 T	0.00004	0.87641	0.12355
410 T	0.00003	0.94697	0.053
411 S	0.00002	0.99718	0.0028
412 L	0.00001	0.99863	0.00135
413 W	0.00001	0.99899	0.001
414 L	0.00001	0.99906	0.00093
415 S	0.00002	0.99906	0.00092
416 C	0.00002	0.99906	0.00091
417 G	0.00002	0.99908	0.00089
418 S	0.00005	0.99914	0.00081
419 I	0.00008	0.99914	0.00078
420 I	0.00021	0.99901	0.00077
421 M	0.00045	0.99878	0.00077
422 F	0.00105	0.99817	0.00077
423 N	0.01292	0.98629	0.00079
424 F	0.01562	0.98358	0.00079
425 L	0.02296	0.97624	0.0008
426 L	0.04592	0.95324	0.00084
427 A	0.30649	0.69261	0.0009
428 F	0.65313	0.34594	0.00093
429 K	0.98719	0.01185	0.00096
430 R	0.98995	0.00918	0.00087
431 V	0.88657	0.11293	0.00051
432 G	0.86160	0.13793	0.00046
433 P	0.78356	0.21600	0.00043
434 S	0.46196	0.53767	0.00037
435 V	0.10628	0.89348	0.00025
436 Y	0.09595	0.90382	0.00023
437 L	0.06738	0.93242	0.00021
438 N	0.05863	0.94118	0.00019
439 F	0.02155	0.97827	0.00018
440 L	0.01759	0.98225	0.00017
441 R	0.01369	0.98615	0.00016
442 T	0.01200	0.98785	0.00015
443 L	0.00803	0.99182	0.00015
444 I	0.00704	0.99281	0.00015
445 R	0.00678	0.99307	0.00015
446 I	0.00466	0.99519	0.00016
447 F	0.00376	0.99607	0.00017
448 F	0.00370	0.99608	0.00022
449 I	0.00369	0.99485	0.00146
450 V	0.00370	0.98274	0.01356
451 L	0.00371	0.97166	0.02463
452 F	0.00374	0.81115	0.18511
453 S	0.00394	0.56558	0.43049
454 K	0.00434	0.23962	0.75604
455 H	0.00434	0.22830	0.76736
456 F	0.00432	0.22354	0.77214
457 L	0.00434	0.13225	0.86341
458 N	0.00444	0.04292	0.95265
459 Q	0.00445	0.03303	0.96252
460 G	0.00404	0.03526	0.9607
461 V	0.00336	0.10976	0.88688
462 M	0.00317	0.27952	0.7173
463 G	0.00269	0.33068	0.66663
464 V	0.00143	0.37062	0.62795
465 G	0.00092	0.41638	0.5827
466 L	0.00024	0.69007	0.30969
467 S	0.00021	0.76309	0.2367
468 I	0.00006	0.99065	0.00929
469 F	0.00001	0.99736	0.00263
470 L	0.00000	0.99830	0.0017
471 S	0.00000	0.99858	0.00142
472 N	0.00000	0.99898	0.00102
473 F	0.00000	0.99995	4e-05
474 I	0.00000	0.99999	0
475 C	0.00000	1.00000	0
476 F	0.00000	1.00000	0
477 I	0.00000	0.99999	0
478 I	0.00001	0.99999	0
479 T	0.00004	0.99995	0
480 L	0.00008	0.99991	0
481 L	0.00031	0.99967	2e-05
482 I	0.00152	0.99843	5e-05
483 F	0.01037	0.98915	0.00047
484 S	0.08741	0.91134	0.00125
485 T	0.26509	0.73346	0.00145
486 F	0.30757	0.69058	0.00186
487 Y	0.36675	0.63021	0.00305
488 L	0.45547	0.54086	0.00367
489 K	0.80228	0.19325	0.00447
490 L	0.82494	0.17058	0.00447
491 K	0.99465	0.00082	0.00453
492 R	0.99544	0.00003	0.00454
493 D	0.99547	0.00000	0.00454
494 K	0.99547	0.00000	0.00454
495 T	0.99547	0.00000	0.00454
496 F	0.99547	0.00000	0.00454
497 E	0.99547	0.00000	0.00454
498 Q	0.99547	0.00000	0.00454
499 D	0.99547	0.00000	0.00454
