# tr|Q6YQ20|Q6YQ20_ONYPE
# AA	inside	membr	outside
1 M	0.74157	0.00000	0.25842
2 D	0.74157	0.00000	0.25842
3 K	0.74157	0.00000	0.25842
4 Q	0.74157	0.00000	0.25842
5 Q	0.74157	0.00000	0.25842
6 K	0.74157	0.00000	0.25842
7 L	0.74157	0.00000	0.25842
8 K	0.74157	0.00000	0.25842
9 K	0.74157	0.00000	0.25842
10 E	0.74157	0.00001	0.25842
11 F	0.74154	0.00004	0.25842
12 Y	0.74147	0.00011	0.25842
13 E	0.74141	0.00017	0.25842
14 H	0.74141	0.00017	0.25842
15 C	0.74141	0.00019	0.2584
16 Q	0.74135	0.00024	0.2584
17 C	0.74081	0.00079	0.2584
18 C	0.74078	0.00083	0.25839
19 G	0.74003	0.00164	0.25833
20 S	0.73839	0.00375	0.25785
21 D	0.72739	0.01477	0.25784
22 L	0.69549	0.05286	0.25166
23 G	0.69129	0.05764	0.25107
24 I	0.68733	0.06262	0.25005
25 N	0.68567	0.06468	0.24965
26 I	0.68273	0.06807	0.2492
27 N	0.68165	0.06928	0.24907
28 A	0.67016	0.08257	0.24727
29 A	0.64308	0.11235	0.24458
30 C	0.47346	0.28492	0.24161
31 L	0.41115	0.35052	0.23833
32 N	0.38818	0.37500	0.23682
33 L	0.28414	0.48652	0.22934
34 F	0.19942	0.58222	0.21836
35 G	0.09766	0.68986	0.21248
36 F	0.05680	0.74871	0.19449
37 I	0.04251	0.92462	0.03287
38 M	0.04049	0.93147	0.02805
39 G	0.03367	0.94110	0.02522
40 L	0.01109	0.97067	0.01824
41 I	0.00646	0.99000	0.00354
42 S	0.00646	0.98806	0.00548
43 F	0.00612	0.98861	0.00527
44 I	0.00631	0.97863	0.01506
45 S	0.01160	0.94246	0.04593
46 C	0.00615	0.94811	0.04574
47 G	0.00580	0.95277	0.04143
48 I	0.00412	0.98943	0.00644
49 L	0.00077	0.99702	0.00221
50 L	0.00050	0.99791	0.00159
51 L	0.00012	0.99585	0.00402
52 Y	0.00270	0.96869	0.02862
53 S	0.00658	0.75718	0.23623
54 S	0.00832	0.72231	0.26937
55 L	0.00853	0.71693	0.27454
56 I	0.01154	0.69581	0.29265
57 F	0.01494	0.62409	0.36097
58 L	0.01562	0.48013	0.50426
59 L	0.02861	0.42235	0.54903
60 R	0.22345	0.20184	0.57472
61 Y	0.22827	0.19839	0.57334
62 F	0.22962	0.19462	0.57576
63 F	0.23059	0.14262	0.62678
64 T	0.24762	0.11166	0.64072
65 V	0.24443	0.12660	0.62897
66 I	0.25506	0.13133	0.61361
67 I	0.25662	0.15034	0.59304
68 F	0.27780	0.12090	0.60129
69 N	0.28278	0.10085	0.61637
70 E	0.28671	0.09985	0.61344
71 E	0.27060	0.20141	0.528
72 F	0.01624	0.88717	0.09658
73 F	0.00619	0.97574	0.01808
74 L	0.00374	0.99103	0.00522
75 T	0.00270	0.99408	0.00322
76 I	0.00046	0.99860	0.00095
77 G	0.00009	0.99964	0.00027
78 L	0.00002	0.99991	7e-05
79 I	0.00003	0.99992	5e-05
80 S	0.00004	0.99990	6e-05
81 F	0.00005	0.99989	6e-05
82 I	0.00006	0.99987	7e-05
83 S	0.00018	0.99972	0.0001
84 L	0.00047	0.99934	0.00018
85 F	0.00285	0.99664	0.0005
86 L	0.00430	0.99488	0.00082
87 F	0.00757	0.99127	0.00116
88 C	0.02585	0.96858	0.00557
89 L	0.04099	0.95206	0.00696
90 I	0.09355	0.89610	0.01035
91 S	0.17807	0.80431	0.01762
92 R	0.35319	0.61825	0.02856
93 F	0.36325	0.60706	0.02969
94 M	0.44824	0.49500	0.05676
95 P	0.66608	0.04340	0.29051
96 K	0.69695	0.00227	0.30079
97 L	0.69766	0.00124	0.30111
98 L	0.69774	0.00112	0.30115
99 F	0.69795	0.00079	0.30125
100 E	0.69860	0.00008	0.30132
101 K	0.69867	0.00000	0.30132
102 L	0.69868	0.00000	0.30132
103 D	0.69868	0.00000	0.30132
104 Y	0.69868	0.00000	0.30132
105 E	0.69868	0.00000	0.30132
106 K	0.69868	0.00000	0.30132
107 V	0.69868	0.00000	0.30132
108 E	0.69868	0.00000	0.30132
109 K	0.69868	0.00000	0.30132
110 E	0.69868	0.00000	0.30132
