# tr|Q6YQT7|Q6YQT7_ONYPE
# AA	inside	membr	outside
1 M	0.03373	0.00000	0.96627
2 L	0.03084	0.00290	0.96627
3 C	0.03076	0.00298	0.96627
4 I	0.03076	0.00298	0.96626
5 F	0.03057	0.00317	0.96626
6 V	0.03057	0.00317	0.96626
7 P	0.03056	0.00318	0.96626
8 S	0.03056	0.00318	0.96626
9 Y	0.03056	0.00318	0.96626
10 L	0.03056	0.00318	0.96626
11 V	0.03056	0.00318	0.96626
12 Y	0.03056	0.00318	0.96626
13 K	0.03056	0.00318	0.96626
14 G	0.03056	0.00318	0.96626
15 W	0.03056	0.00318	0.96626
16 I	0.03056	0.00318	0.96626
17 P	0.03056	0.00283	0.96661
18 Q	0.03056	0.00272	0.96672
19 D	0.03056	0.00252	0.96692
20 L	0.03056	0.00217	0.96727
21 A	0.03056	0.00205	0.96738
22 N	0.03056	0.00023	0.96921
23 K	0.03057	0.00001	0.96942
24 C	0.03057	0.00001	0.96943
25 N	0.03057	0.00000	0.96943
26 E	0.03057	0.00000	0.96943
27 N	0.03057	0.00000	0.96943
28 F	0.03057	0.00000	0.96943
29 F	0.03057	0.00000	0.96943
30 S	0.03057	0.00000	0.96943
31 T	0.03057	0.00000	0.96943
32 K	0.03057	0.00000	0.96943
33 T	0.03026	0.00045	0.9693
34 P	0.03009	0.00090	0.96901
35 N	0.02978	0.00948	0.96074
36 N	0.02861	0.09946	0.87193
37 H	0.02776	0.20487	0.76737
38 L	0.02531	0.47907	0.49562
39 G	0.02500	0.62947	0.34552
40 S	0.02476	0.67843	0.29681
41 D	0.02431	0.80644	0.16925
42 F	0.02258	0.92343	0.05398
43 A	0.02245	0.94345	0.03411
44 N	0.02243	0.96217	0.0154
45 F	0.02241	0.96604	0.01154
46 F	0.02241	0.96781	0.00979
47 I	0.02241	0.96784	0.00975
48 T	0.02241	0.96785	0.00975
49 C	0.02241	0.96785	0.00975
50 V	0.02241	0.96785	0.00975
51 I	0.02241	0.96785	0.00975
52 A	0.02241	0.96785	0.00975
53 G	0.02243	0.96783	0.00975
54 S	0.02250	0.96775	0.00975
55 I	0.02281	0.96744	0.00975
56 L	0.02401	0.96433	0.01167
57 S	0.03454	0.95284	0.01262
58 V	0.26097	0.72523	0.0138
59 D	0.85529	0.12883	0.01589
60 R	0.87612	0.10749	0.01639
61 N	0.88083	0.10162	0.01756
62 L	0.88361	0.09876	0.01764
63 L	0.88537	0.09693	0.01771
64 K	0.97749	0.00463	0.01789
65 R	0.98169	0.00041	0.01791
66 S	0.98042	0.00168	0.0179
67 L	0.97665	0.00546	0.01789
68 S	0.97292	0.00924	0.01784
69 K	0.95916	0.02319	0.01766
70 F	0.10890	0.88487	0.00623
71 L	0.02306	0.97308	0.00386
72 P	0.01346	0.98434	0.00221
73 L	0.00477	0.99512	0.00011
74 T	0.00423	0.99572	5e-05
75 L	0.00091	0.99908	1e-05
76 I	0.00018	0.99982	0
77 V	0.00003	0.99997	0
78 C	0.00000	0.99999	0
79 L	0.00000	1.00000	0
80 V	0.00000	1.00000	0
81 A	0.00000	1.00000	0
82 I	0.00000	1.00000	0
83 L	0.00000	1.00000	0
84 S	0.00000	0.99999	1e-05
85 V	0.00000	0.99997	3e-05
86 G	0.00000	0.99992	8e-05
87 F	0.00000	0.99982	0.00018
88 V	0.00001	0.99820	0.00179
89 G	0.00004	0.99469	0.00527
90 F	0.00011	0.98318	0.01671
91 L	0.00037	0.95330	0.04632
92 F	0.00131	0.91636	0.08233
93 N	0.01384	0.08494	0.90123
94 Y	0.01580	0.03429	0.94991
95 Q	0.01752	0.01200	0.97048
96 K	0.01790	0.00014	0.98196
97 P	0.01790	0.00009	0.98202
98 E	0.01789	0.00004	0.98207
99 G	0.01761	0.00048	0.98191
100 F	0.01758	0.00057	0.98186
101 S	0.01757	0.00062	0.98182
102 T	0.01756	0.00221	0.98023
103 Q	0.01755	0.00277	0.97969
104 G	0.01545	0.00865	0.9759
105 S	0.01443	0.02026	0.96531
106 F	0.01397	0.03244	0.95359
107 L	0.01364	0.51622	0.47014
108 D	0.01335	0.55335	0.43331
109 S	0.01241	0.59948	0.38811
110 I	0.01192	0.72067	0.26741
111 F	0.01011	0.76123	0.22866
112 Y	0.00686	0.93547	0.05767
113 V	0.00620	0.93909	0.05471
114 A	0.00619	0.94041	0.05341
115 V	0.00613	0.94123	0.05264
116 P	0.00613	0.94144	0.05243
117 L	0.00614	0.94154	0.05232
118 T	0.00618	0.94148	0.05234
119 N	0.00621	0.94138	0.05242
120 G	0.00627	0.94131	0.05242
121 G	0.00635	0.94123	0.05243
122 T	0.00685	0.94056	0.05259
123 N	0.00697	0.94032	0.05271
124 L	0.00711	0.94015	0.05274
125 G	0.00851	0.93865	0.05283
126 I	0.01046	0.93661	0.05292
127 N	0.02316	0.92166	0.05518
128 G	0.03776	0.90654	0.0557
129 F	0.05827	0.88567	0.05606
130 A	0.64869	0.29470	0.0566
131 N	0.75299	0.18826	0.05875
132 G	0.78833	0.15264	0.05903
133 I	0.80025	0.14061	0.05914
134 Y	0.82967	0.11010	0.06022
135 K	0.93510	0.00120	0.06369
136 D	0.93566	0.00033	0.064
137 A	0.93570	0.00029	0.064
138 F	0.93582	0.00017	0.064
139 P	0.93598	0.00001	0.064
140 Q	0.93599	0.00000	0.064
141 L	0.93599	0.00000	0.064
142 D	0.93599	0.00000	0.064
143 Q	0.93599	0.00001	0.064
144 K	0.93596	0.00007	0.06397
145 T	0.93498	0.00301	0.06202
146 I	0.92748	0.01171	0.0608
147 R	0.92281	0.01670	0.0605
148 T	0.91055	0.03490	0.05456
149 A	0.75649	0.20437	0.03914
150 I	0.05912	0.93825	0.00263
151 I	0.03927	0.95919	0.00154
152 V	0.03679	0.96182	0.00138
153 P	0.03538	0.96339	0.00123
154 L	0.00594	0.99396	0.0001
155 I	0.00015	0.99984	0
156 M	0.00013	0.99987	0
157 A	0.00011	0.99989	0
158 R	0.00011	0.99989	0
159 C	0.00011	0.99989	0
160 L	0.00011	0.99989	0
161 S	0.00011	0.99989	0
162 I	0.00011	0.99989	0
163 L	0.00011	0.99988	0
164 F	0.00011	0.99988	1e-05
165 A	0.00014	0.99980	6e-05
166 G	0.00019	0.99956	0.00025
167 L	0.00029	0.99923	0.00048
168 M	0.00242	0.99530	0.00229
169 Y	0.00330	0.98715	0.00955
170 V	0.00358	0.98015	0.01627
171 I	0.00890	0.95972	0.03138
172 F	0.02328	0.77606	0.20066
173 D	0.06346	0.01631	0.92023
174 K	0.06411	0.00021	0.93569
175 T	0.06411	0.00013	0.93576
176 K	0.06411	0.00005	0.93584
177 F	0.06411	0.00002	0.93587
178 S	0.06411	0.00000	0.93588
179 G	0.06411	0.00000	0.93588
180 K	0.06411	0.00000	0.93589
181 G	0.06411	0.00000	0.93589
182 K	0.06411	0.00000	0.93589
183 L	0.06411	0.00000	0.93589
184 E	0.06411	0.00000	0.93589
185 Y	0.06411	0.00000	0.93589
186 K	0.06411	0.00000	0.93589
187 N	0.06411	0.00000	0.93589
188 N	0.06411	0.00000	0.93589
189 K	0.06411	0.00000	0.93589
190 L	0.06411	0.00000	0.93589
191 T	0.06411	0.00000	0.93589
192 P	0.06411	0.00000	0.93589
193 K	0.06411	0.00000	0.93589
194 P	0.06411	0.00000	0.93589
195 T	0.06411	0.00000	0.93589
196 E	0.06411	0.00000	0.93588
197 K	0.06411	0.00001	0.93587
198 K	0.06411	0.00034	0.93555
199 T	0.06388	0.01161	0.92451
200 P	0.06277	0.02626	0.91096
201 L	0.05076	0.06882	0.88042
202 E	0.05019	0.07647	0.87334
203 Y	0.04470	0.10368	0.85162
204 K	0.04364	0.11659	0.83978
205 N	0.02770	0.32194	0.65036
206 I	0.00269	0.82857	0.16873
207 G	0.00075	0.88023	0.11902
208 M	0.00047	0.89661	0.10291
209 G	0.00038	0.90693	0.09269
210 L	0.00035	0.91164	0.08801
211 T	0.00033	0.91297	0.0867
212 M	0.00030	0.91385	0.08584
213 I	0.00022	0.91503	0.08476
214 F	0.00020	0.91521	0.08459
215 V	0.00020	0.91529	0.08451
216 L	0.00020	0.91534	0.08446
217 F	0.00022	0.91533	0.08444
218 S	0.00054	0.91485	0.0846
219 L	0.00117	0.91402	0.08481
220 S	0.01290	0.90205	0.08505
221 G	0.02808	0.88667	0.08525
222 L	0.04840	0.86616	0.08544
223 L	0.14439	0.75879	0.09682
224 N	0.50855	0.35399	0.13746
225 K	0.64702	0.21111	0.14187
226 L	0.45857	0.43717	0.10427
227 L	0.34592	0.61266	0.04143
228 W	0.21665	0.76670	0.01665
229 G	0.29861	0.68795	0.01344
230 Y	0.14677	0.84104	0.01219
231 L	0.13403	0.85400	0.01196
232 E	0.13272	0.85644	0.01084
233 S	0.05249	0.94380	0.00371
234 L	0.02298	0.97675	0.00027
235 V	0.00532	0.99457	0.00011
236 Y	0.00481	0.99510	9e-05
237 F	0.00472	0.99519	9e-05
238 I	0.00475	0.99516	9e-05
239 L	0.00481	0.99511	9e-05
240 F	0.00491	0.99500	9e-05
241 L	0.00513	0.99476	0.00011
242 I	0.00534	0.99452	0.00014
243 L	0.00576	0.99377	0.00047
244 I	0.00825	0.98550	0.00625
245 R	0.01644	0.94397	0.0396
246 V	0.01793	0.92682	0.05525
247 F	0.02055	0.89015	0.08931
248 N	0.03325	0.66934	0.29742
249 L	0.06141	0.50350	0.43509
250 L	0.12437	0.23076	0.64487
251 S	0.14492	0.11593	0.73915
252 Q	0.15535	0.05567	0.78898
253 E	0.15625	0.00580	0.83796
254 N	0.15627	0.00251	0.84122
255 Q	0.15626	0.00157	0.84217
256 S	0.15586	0.00164	0.8425
257 H	0.15567	0.00955	0.83478
258 I	0.15522	0.02061	0.82417
259 S	0.15508	0.04207	0.80285
260 Q	0.15493	0.04968	0.79539
261 A	0.15176	0.06834	0.7799
262 G	0.14976	0.08690	0.76335
263 Q	0.14916	0.09157	0.75928
264 V	0.14274	0.11477	0.74249
265 I	0.14145	0.11698	0.74156
266 S	0.14134	0.11720	0.74145
267 K	0.14131	0.11737	0.74132
268 N	0.13998	0.12044	0.73958
269 F	0.13774	0.12766	0.7346
270 T	0.13718	0.12857	0.73424
271 T	0.13703	0.12908	0.73388
272 P	0.13700	0.12925	0.73375
273 I	0.13694	0.12947	0.73358
274 L	0.13694	0.12948	0.73358
275 A	0.13697	0.12945	0.73358
276 G	0.13705	0.12933	0.73362
277 L	0.13726	0.12911	0.73363
278 G	0.13836	0.12781	0.73382
279 M	0.14138	0.12409	0.73453
280 T	0.15883	0.10595	0.73522
281 V	0.17596	0.08679	0.73724
282 K	0.22031	0.03759	0.7421
283 W	0.22317	0.03432	0.7425
284 Q	0.23635	0.01799	0.74566
285 Q	0.23710	0.01729	0.7456
286 L	0.23731	0.01828	0.74441
287 M	0.24188	0.01682	0.7413
288 G	0.24067	0.01838	0.74096
289 G	0.23871	0.02971	0.73157
290 I	0.23633	0.06022	0.70345
291 K	0.23681	0.07180	0.69139
292 Q	0.14578	0.44879	0.40542
293 I	0.07730	0.65850	0.2642
294 P	0.06030	0.71590	0.22381
295 V	0.02190	0.87201	0.10609
296 L	0.01514	0.92881	0.05605
297 T	0.01312	0.96571	0.02117
298 M	0.00881	0.98379	0.0074
299 V	0.00439	0.99240	0.00322
300 L	0.00131	0.99771	0.00099
301 T	0.00089	0.99867	0.00044
302 A	0.00028	0.99955	0.00017
303 L	0.00004	0.99990	6e-05
304 L	0.00002	0.99995	3e-05
305 V	0.00002	0.99995	3e-05
306 V	0.00004	0.99993	4e-05
307 V	0.00009	0.99986	5e-05
308 L	0.00038	0.99948	0.00014
309 V	0.00138	0.99828	0.00034
310 S	0.01102	0.98648	0.0025
311 F	0.01376	0.98151	0.00473
312 V	0.03463	0.95477	0.0106
313 L	0.12834	0.84180	0.02986
314 A	0.24746	0.70594	0.0466
315 K	0.60041	0.19687	0.20271
316 A	0.54957	0.23575	0.21469
317 L	0.54198	0.24137	0.21666
318 G	0.57542	0.20118	0.2234
319 F	0.54854	0.23009	0.22137
320 Y	0.57178	0.20499	0.22322
321 P	0.48768	0.28441	0.2279
322 F	0.47442	0.30148	0.2241
323 E	0.47452	0.30117	0.2243
324 T	0.41589	0.48798	0.09613
325 S	0.26021	0.66451	0.07529
326 L	0.09089	0.84773	0.06137
327 T	0.05968	0.89444	0.04588
328 A	0.05192	0.90929	0.03879
329 G	0.04755	0.92141	0.03104
330 L	0.04404	0.92550	0.03045
331 G	0.04394	0.92562	0.03044
332 A	0.04391	0.92566	0.03042
333 L	0.04391	0.92562	0.03047
334 S	0.04392	0.92385	0.03223
335 V	0.04393	0.92349	0.03258
336 G	0.04399	0.92042	0.03559
337 G	0.04414	0.91733	0.03853
338 T	0.04433	0.90717	0.0485
339 G	0.04511	0.82329	0.1316
340 H	0.04854	0.81318	0.13828
341 L	0.05031	0.80520	0.14448
342 G	0.05586	0.76608	0.17806
343 I	0.05694	0.74279	0.20027
344 M	0.07466	0.50962	0.41573
345 S	0.09631	0.43996	0.46374
346 I	0.11445	0.40688	0.47868
347 S	0.24011	0.19949	0.5604
348 K	0.25950	0.01664	0.72385
349 R	0.26050	0.00049	0.73902
350 D	0.25978	0.00098	0.73923
351 N	0.22187	0.04475	0.73338
352 L	0.14748	0.17887	0.67365
353 L	0.02682	0.56867	0.40451
354 P	0.02478	0.59002	0.3852
355 F	0.02005	0.61861	0.36134
356 I	0.01842	0.71294	0.26864
357 M	0.01472	0.88923	0.09605
358 I	0.00170	0.98033	0.01797
359 A	0.00089	0.98585	0.01326
360 T	0.00070	0.98715	0.01214
361 R	0.00061	0.99131	0.00808
362 I	0.00019	0.99941	0.0004
363 I	0.00004	0.99989	7e-05
364 G	0.00003	0.99991	6e-05
365 P	0.00002	0.99992	6e-05
366 I	0.00002	0.99992	5e-05
367 I	0.00002	0.99992	5e-05
368 Y	0.00002	0.99991	6e-05
369 T	0.00003	0.99971	0.00026
370 L	0.00004	0.99931	0.00065
371 A	0.00033	0.99753	0.00214
372 Y	0.00089	0.99414	0.00497
373 F	0.00266	0.98565	0.01169
374 L	0.00918	0.94340	0.04741
375 F	0.08026	0.80065	0.11908
376 K	0.40528	0.35224	0.24248
377 F	0.41738	0.33931	0.2433
378 F	0.43602	0.31895	0.24503
379 Y	0.50933	0.24431	0.24636
380 M	0.67771	0.07220	0.25009
381 S	0.73937	0.00000	0.26063
