# tr|Q6YR02|Q6YR02_ONYPE
# AA	inside	membr	outside
1 M	0.93712	0.00000	0.06287
2 K	0.93712	0.00000	0.06287
3 R	0.93712	0.00000	0.06287
4 Q	0.93712	0.00000	0.06287
5 L	0.93710	0.00002	0.06287
6 K	0.93710	0.00002	0.06287
7 L	0.93511	0.00201	0.06287
8 V	0.93511	0.00202	0.06287
9 L	0.93417	0.00295	0.06287
10 G	0.93417	0.00296	0.06287
11 N	0.93411	0.00302	0.06287
12 R	0.90218	0.03495	0.06287
13 K	0.68892	0.24827	0.06281
14 L	0.68723	0.24996	0.0628
15 M	0.68722	0.30923	0.00354
16 F	0.42327	0.57318	0.00354
17 Q	0.32670	0.67026	0.00304
18 I	0.31205	0.68695	0.001
19 F	0.13173	0.86741	0.00086
20 F	0.02262	0.97731	7e-05
21 T	0.00235	0.99758	7e-05
22 L	0.00006	0.99992	2e-05
23 F	0.00001	0.99998	0
24 I	0.00001	0.99999	0
25 I	0.00001	0.99998	1e-05
26 S	0.00001	0.99997	2e-05
27 I	0.00001	0.99995	4e-05
28 V	0.00001	0.99990	9e-05
29 C	0.00001	0.99967	0.00033
30 L	0.00001	0.99809	0.0019
31 G	0.00003	0.99634	0.00363
32 T	0.00006	0.99481	0.00513
33 S	0.00046	0.99063	0.00891
34 W	0.00058	0.98898	0.01044
35 P	0.00127	0.91082	0.08791
36 L	0.00137	0.73352	0.26511
37 P	0.00748	0.68834	0.30418
38 F	0.05766	0.60688	0.33545
39 I	0.05860	0.30066	0.64073
40 N	0.06057	0.10995	0.82948
41 T	0.06268	0.08896	0.84835
42 K	0.06275	0.00357	0.93368
43 S	0.06285	0.00055	0.93661
44 L	0.06278	0.00052	0.9367
45 D	0.06280	0.00047	0.93673
46 L	0.06241	0.00160	0.93599
47 S	0.06221	0.00233	0.93546
48 K	0.06200	0.00656	0.93144
49 L	0.01704	0.22583	0.75714
50 F	0.00601	0.33279	0.66121
51 G	0.00536	0.35099	0.64365
52 V	0.00265	0.37897	0.61838
53 F	0.00154	0.60863	0.38983
54 S	0.00142	0.63793	0.36065
55 I	0.00129	0.70519	0.29352
56 N	0.00116	0.81562	0.18322
57 A	0.00056	0.87871	0.12073
58 G	0.00035	0.92158	0.07807
59 T	0.00032	0.97664	0.02304
60 L	0.00027	0.99100	0.00873
61 F	0.00026	0.99723	0.0025
62 G	0.00026	0.99816	0.00158
63 L	0.00027	0.99901	0.00072
64 G	0.00031	0.99917	0.00052
65 I	0.00042	0.99921	0.00037
66 T	0.00109	0.99852	0.00039
67 P	0.00294	0.99645	0.0006
68 Y	0.00413	0.99513	0.00073
69 I	0.00789	0.99036	0.00175
70 T	0.01919	0.97687	0.00394
71 A	0.03083	0.96327	0.0059
72 S	0.16082	0.79222	0.04697
73 I	0.22282	0.72304	0.05414
74 V	0.23468	0.70984	0.05548
75 V	0.26436	0.67670	0.05894
76 Q	0.49373	0.44560	0.06067
77 F	0.51619	0.42291	0.06089
78 L	0.57812	0.36066	0.06122
79 Q	0.83400	0.10394	0.06206
80 K	0.90541	0.03184	0.06274
81 L	0.91530	0.02189	0.06281
82 L	0.92767	0.00949	0.06283
83 P	0.93404	0.00311	0.06285
84 I	0.93486	0.00229	0.06285
85 C	0.93632	0.00082	0.06285
86 R	0.93699	0.00015	0.06285
87 E	0.93707	0.00007	0.06285
88 W	0.93709	0.00005	0.06285
89 K	0.93714	0.00000	0.06285
90 D	0.93714	0.00000	0.06285
91 Q	0.93714	0.00000	0.06285
92 G	0.93714	0.00000	0.06285
93 Q	0.93714	0.00000	0.06285
94 M	0.93707	0.00007	0.06285
95 G	0.93691	0.00023	0.06285
96 K	0.93577	0.00138	0.06285
97 R	0.93035	0.00680	0.06285
98 K	0.89568	0.04150	0.06281
99 L	0.58717	0.35097	0.06187
100 N	0.40045	0.54997	0.04958
101 L	0.10400	0.87180	0.0242
102 L	0.05496	0.92408	0.02096
103 T	0.04903	0.93246	0.01851
104 R	0.04072	0.94309	0.01619
105 S	0.02487	0.96390	0.01122
106 L	0.00630	0.98865	0.00505
107 A	0.00456	0.99105	0.00439
108 L	0.00240	0.99381	0.00379
109 L	0.00229	0.99406	0.00364
110 F	0.00227	0.99419	0.00355
111 A	0.00226	0.99422	0.00352
112 F	0.00226	0.99423	0.00351
113 G	0.00226	0.99420	0.00354
114 Q	0.00226	0.99393	0.00381
115 S	0.00226	0.99342	0.00433
116 F	0.00226	0.99172	0.00603
117 A	0.00227	0.95389	0.04385
118 F	0.00230	0.93214	0.06556
119 L	0.00286	0.69755	0.29959
120 N	0.00415	0.44310	0.55275
121 S	0.00579	0.31990	0.67431
122 Y	0.00808	0.17738	0.81455
123 S	0.02848	0.11153	0.86
124 K	0.05331	0.03611	0.91058
125 L	0.05330	0.03573	0.91096
126 F	0.05327	0.03469	0.91204
127 V	0.05409	0.03037	0.91554
128 T	0.05647	0.02560	0.91794
129 S	0.05896	0.02529	0.91575
130 I	0.05549	0.07885	0.86566
131 S	0.05512	0.27761	0.66727
132 T	0.05438	0.32322	0.6224
133 S	0.05147	0.50916	0.43937
134 Q	0.04233	0.76950	0.18818
135 L	0.00687	0.91329	0.07985
136 F	0.00024	0.99270	0.00705
137 L	0.00005	0.99668	0.00327
138 L	0.00001	0.99971	0.00028
139 A	0.00000	0.99994	6e-05
140 L	0.00000	0.99996	4e-05
141 I	0.00000	0.99997	3e-05
142 A	0.00000	0.99997	3e-05
143 T	0.00000	0.99997	3e-05
144 A	0.00000	0.99997	3e-05
145 G	0.00001	0.99996	3e-05
146 V	0.00001	0.99995	5e-05
147 A	0.00001	0.99992	6e-05
148 V	0.00066	0.99915	0.00019
149 L	0.00214	0.99759	0.00027
150 I	0.00404	0.99558	0.00037
151 W	0.00846	0.99031	0.00123
152 F	0.02781	0.96832	0.00387
153 A	0.09694	0.88790	0.01516
154 D	0.79259	0.18393	0.02348
155 L	0.79663	0.17635	0.02703
156 I	0.90943	0.05423	0.03634
157 N	0.92339	0.02579	0.05081
158 S	0.93221	0.00674	0.06104
159 K	0.93020	0.00867	0.06114
160 G	0.20043	0.75572	0.04385
161 I	0.18464	0.78426	0.03109
162 G	0.12384	0.85257	0.02358
163 N	0.11319	0.86734	0.01947
164 G	0.08968	0.89406	0.01625
165 T	0.03693	0.95076	0.01231
166 S	0.02217	0.96752	0.0103
167 I	0.01278	0.98358	0.00364
168 L	0.01196	0.98475	0.00328
169 I	0.01192	0.98481	0.00326
170 V	0.01191	0.98483	0.00326
171 V	0.01191	0.98483	0.00325
172 S	0.01191	0.98483	0.00325
173 M	0.01191	0.98481	0.00329
174 S	0.01191	0.98475	0.00335
175 H	0.01191	0.98457	0.00352
176 S	0.01191	0.98444	0.00365
177 L	0.01191	0.98427	0.00381
178 I	0.01193	0.98003	0.00805
179 N	0.01262	0.97035	0.01703
180 L	0.01348	0.94379	0.04274
181 F	0.01475	0.93855	0.0467
182 V	0.01900	0.92637	0.05462
183 N	0.04314	0.16541	0.79145
184 L	0.05474	0.14670	0.79856
185 K	0.06642	0.00776	0.92582
186 E	0.06692	0.00568	0.9274
187 S	0.06724	0.00512	0.92764
188 Y	0.06763	0.00398	0.92838
189 L	0.06788	0.00360	0.92853
190 S	0.07013	0.00038	0.92949
191 Q	0.07027	0.00004	0.92968
192 N	0.07026	0.00035	0.92939
193 N	0.07015	0.00172	0.92812
194 F	0.06912	0.00547	0.9254
195 L	0.06847	0.00795	0.92358
196 T	0.06806	0.01028	0.92166
197 L	0.06358	0.19328	0.74314
198 K	0.06342	0.19520	0.74139
199 T	0.05563	0.36216	0.5822
200 F	0.04088	0.39287	0.56625
201 N	0.03730	0.40094	0.56177
202 F	0.00842	0.96853	0.02305
203 A	0.00512	0.97534	0.01953
204 C	0.00260	0.98424	0.01315
205 I	0.00028	0.99527	0.00444
206 V	0.00006	0.99904	0.0009
207 L	0.00002	0.99969	0.00029
208 L	0.00000	0.99988	0.00011
209 L	0.00000	0.99997	3e-05
210 L	0.00000	0.99999	1e-05
211 L	0.00000	1.00000	0
212 F	0.00000	0.99999	0
213 L	0.00002	0.99998	0
214 I	0.00007	0.99991	1e-05
215 F	0.00036	0.99958	6e-05
216 T	0.00213	0.99762	0.00025
217 V	0.00438	0.99457	0.00106
218 V	0.00620	0.99205	0.00174
219 V	0.01868	0.97872	0.00259
220 Q	0.24222	0.74904	0.00874
221 I	0.24749	0.74275	0.00976
222 T	0.39287	0.58505	0.02208
223 S	0.41155	0.55041	0.03804
224 L	0.42050	0.53659	0.0429
225 K	0.91199	0.01877	0.06924
226 I	0.91328	0.01734	0.06938
227 P	0.91817	0.01199	0.06984
228 I	0.92263	0.00737	0.07
229 N	0.92812	0.00169	0.07019
230 Y	0.92886	0.00091	0.07024
231 A	0.92928	0.00045	0.07027
232 R	0.92962	0.00010	0.07028
233 N	0.92967	0.00005	0.07028
234 Q	0.92962	0.00010	0.07028
235 V	0.92954	0.00018	0.07028
236 Q	0.92915	0.00057	0.07028
237 G	0.92039	0.00935	0.07026
238 K	0.91821	0.01156	0.07024
239 S	0.86680	0.06360	0.0696
240 Y	0.71067	0.21978	0.06955
241 I	0.64937	0.28130	0.06933
242 P	0.60804	0.32265	0.06931
243 L	0.56294	0.36778	0.06928
244 K	0.54514	0.38563	0.06924
245 I	0.20350	0.72749	0.06902
246 N	0.18730	0.74378	0.06891
247 S	0.17145	0.76071	0.06784
248 A	0.12029	0.82416	0.05555
249 G	0.06393	0.91093	0.02515
250 V	0.04569	0.94157	0.01274
251 M	0.04360	0.94540	0.011
252 P	0.04052	0.94986	0.00962
253 V	0.03047	0.96196	0.00758
254 I	0.02710	0.96593	0.00697
255 L	0.02692	0.96606	0.00703
256 A	0.02689	0.96559	0.00751
257 S	0.02686	0.96159	0.01155
258 A	0.02687	0.95740	0.01573
259 L	0.02690	0.94611	0.02699
260 L	0.02698	0.89186	0.08116
261 Q	0.02735	0.83890	0.13376
262 P	0.02762	0.78191	0.19048
263 F	0.02763	0.69342	0.27895
264 Q	0.02778	0.62577	0.34645
265 M	0.02780	0.56846	0.40374
266 L	0.02782	0.49996	0.47222
267 A	0.02795	0.46429	0.50776
268 G	0.02826	0.23137	0.74036
269 V	0.02841	0.21639	0.7552
270 I	0.02928	0.20497	0.76576
271 G	0.04071	0.14564	0.81364
272 N	0.07615	0.03972	0.88414
273 T	0.08831	0.00701	0.90468
274 K	0.08986	0.00374	0.90639
275 F	0.08990	0.00346	0.90664
276 T	0.09011	0.00204	0.90784
277 E	0.09013	0.00062	0.90924
278 V	0.09013	0.00056	0.90931
279 V	0.09014	0.00054	0.90932
280 D	0.09020	0.00033	0.90946
281 F	0.09020	0.00033	0.90947
282 F	0.09022	0.00029	0.90948
283 A	0.09032	0.00018	0.9095
284 K	0.09040	0.00009	0.9095
285 T	0.09040	0.00027	0.90932
286 N	0.09044	0.00030	0.90926
287 F	0.09043	0.00444	0.90513
288 P	0.09046	0.00603	0.9035
289 E	0.09043	0.01042	0.89915
290 N	0.08921	0.05939	0.8514
291 Q	0.08044	0.38893	0.53063
292 I	0.01611	0.75324	0.23064
293 N	0.01175	0.77966	0.20859
294 F	0.00110	0.93626	0.06264
295 F	0.00022	0.98714	0.01264
296 A	0.00009	0.99727	0.00264
297 I	0.00003	0.99960	0.00037
298 G	0.00002	0.99982	0.00017
299 F	0.00000	0.99996	4e-05
300 L	0.00000	0.99999	1e-05
301 V	0.00000	1.00000	0
302 L	0.00000	1.00000	0
303 L	0.00000	1.00000	0
304 V	0.00000	1.00000	0
305 I	0.00002	0.99998	0
306 V	0.00005	0.99995	0
307 F	0.00034	0.99966	1e-05
308 S	0.00259	0.99736	5e-05
309 F	0.00502	0.99484	0.00014
310 F	0.02015	0.97890	0.00094
311 S	0.07916	0.91711	0.00374
312 A	0.14384	0.84969	0.00647
313 F	0.21232	0.77801	0.00968
314 M	0.55608	0.42282	0.0211
315 N	0.77142	0.14992	0.07866
316 V	0.78438	0.13417	0.08145
317 N	0.86837	0.04165	0.08998
318 P	0.90371	0.00586	0.09042
319 E	0.90915	0.00037	0.09047
320 D	0.90951	0.00001	0.09048
321 I	0.90951	0.00001	0.09048
322 S	0.90952	0.00000	0.09048
323 E	0.90952	0.00000	0.09048
324 H	0.90952	0.00000	0.09048
325 L	0.90952	0.00000	0.09048
326 S	0.90952	0.00000	0.09048
327 K	0.90952	0.00000	0.09048
328 Q	0.90952	0.00000	0.09048
329 D	0.90952	0.00000	0.09048
330 A	0.90952	0.00000	0.09048
331 Y	0.90952	0.00000	0.09048
332 I	0.90952	0.00000	0.09048
333 A	0.90952	0.00000	0.09048
334 G	0.90952	0.00000	0.09048
335 L	0.90952	0.00000	0.09048
336 R	0.90952	0.00000	0.09048
337 P	0.90952	0.00000	0.09048
338 G	0.90952	0.00000	0.09048
339 E	0.90952	0.00000	0.09048
340 Q	0.90951	0.00002	0.09047
341 T	0.90935	0.00022	0.09042
342 T	0.90875	0.00089	0.09036
343 R	0.90227	0.00766	0.09007
344 Y	0.78918	0.12179	0.08903
345 L	0.76739	0.14414	0.08847
346 A	0.73763	0.17485	0.08752
347 N	0.69272	0.22147	0.08582
348 T	0.48744	0.43126	0.08131
349 L	0.31701	0.60319	0.07979
350 F	0.27902	0.64222	0.07876
351 K	0.26527	0.65653	0.0782
352 I	0.06141	0.90415	0.03444
353 T	0.03446	0.93995	0.02559
354 V	0.00289	0.99457	0.00254
355 L	0.00111	0.99749	0.0014
356 G	0.00070	0.99823	0.00108
357 T	0.00036	0.99920	0.00044
358 V	0.00015	0.99965	0.0002
359 F	0.00010	0.99979	0.00011
360 I	0.00010	0.99979	0.00011
361 A	0.00010	0.99978	0.00012
362 A	0.00011	0.99957	0.00033
363 L	0.00012	0.99935	0.00053
364 V	0.00019	0.99824	0.00157
365 V	0.00032	0.99437	0.00531
366 T	0.00080	0.98168	0.01752
367 P	0.00155	0.85003	0.14842
368 I	0.00191	0.83747	0.16062
369 L	0.00324	0.78733	0.20943
370 M	0.00940	0.67408	0.31652
371 E	0.01581	0.40390	0.58029
372 H	0.01712	0.25986	0.72302
373 F	0.01738	0.25415	0.72847
374 L	0.01822	0.24755	0.73423
375 G	0.05690	0.10167	0.84143
376 L	0.06564	0.07487	0.85949
377 K	0.09021	0.02115	0.88864
378 D	0.09026	0.03129	0.87845
379 M	0.08953	0.11156	0.79891
380 K	0.08911	0.21403	0.69686
381 L	0.05862	0.55033	0.39105
382 G	0.05680	0.56920	0.374
383 G	0.05395	0.60028	0.34577
384 T	0.05392	0.61690	0.32919
385 S	0.05384	0.62985	0.31632
386 L	0.05373	0.63299	0.31328
387 L	0.05371	0.63313	0.31316
388 I	0.05371	0.63315	0.31313
389 I	0.05371	0.63316	0.31313
390 V	0.05372	0.63316	0.31313
391 S	0.05374	0.63313	0.31313
392 V	0.05381	0.63306	0.31313
393 A	0.05411	0.63275	0.31315
394 L	0.05610	0.63074	0.31316
395 E	0.07593	0.61084	0.31322
396 T	0.08914	0.59751	0.31336
397 I	0.11187	0.57456	0.31357
398 Q	0.31019	0.37421	0.31559
399 R	0.42956	0.24708	0.32336
400 I	0.44374	0.23010	0.32616
401 K	0.53782	0.11674	0.34545
402 A	0.55337	0.10078	0.34586
403 T	0.58931	0.06375	0.34695
404 A	0.64594	0.00440	0.34966
405 N	0.64835	0.00183	0.34982
406 K	0.65004	0.00008	0.34988
407 K	0.65011	0.00001	0.34988
408 E	0.65011	0.00000	0.34988
409 Y	0.65011	0.00000	0.34988
410 Q	0.65011	0.00000	0.34988
411 K	0.65011	0.00000	0.34988
412 L	0.65011	0.00000	0.34988
413 F	0.65011	0.00000	0.34988
