# tr|Q6YPW2|Q6YPW2_ONYPE
# AA	inside	membr	outside
1 M	0.53718	0.00000	0.46282
2 F	0.53338	0.00380	0.46282
3 L	0.53238	0.00480	0.46282
4 G	0.53238	0.03676	0.43086
5 F	0.48724	0.19666	0.3161
6 Y	0.48724	0.20628	0.30648
7 N	0.46518	0.23275	0.30207
8 Y	0.46518	0.23309	0.30174
9 T	0.46368	0.23627	0.30005
10 T	0.46367	0.45954	0.07679
11 Y	0.45893	0.47495	0.06613
12 L	0.38869	0.54716	0.06415
13 T	0.35158	0.58657	0.06186
14 Y	0.35156	0.58659	0.06185
15 L	0.35156	0.59482	0.05362
16 N	0.35074	0.59565	0.05362
17 L	0.34392	0.60296	0.05312
18 M	0.34381	0.60333	0.05286
19 S	0.32624	0.62112	0.05264
20 G	0.26486	0.69207	0.04307
21 F	0.01774	0.93921	0.04305
22 C	0.01003	0.95209	0.03788
23 G	0.00523	0.98294	0.01182
24 I	0.00527	0.98666	0.00807
25 G	0.00720	0.98139	0.01142
26 F	0.00899	0.97884	0.01216
27 G	0.03937	0.94662	0.01401
28 A	0.19664	0.74487	0.05849
29 C	0.24312	0.69093	0.06595
30 G	0.36573	0.54261	0.09166
31 K	0.37978	0.51808	0.10214
32 Y	0.34284	0.56977	0.0874
33 T	0.32265	0.59830	0.07905
34 S	0.16904	0.75316	0.07781
35 A	0.11317	0.79770	0.08913
36 L	0.02483	0.87946	0.09571
37 I	0.02344	0.88004	0.09653
38 C	0.02545	0.87506	0.09949
39 L	0.02536	0.87348	0.10115
40 L	0.02600	0.86573	0.10827
41 I	0.02673	0.85958	0.11369
42 S	0.02807	0.82560	0.14633
43 G	0.03369	0.77139	0.19492
44 V	0.03445	0.52653	0.43902
45 C	0.04641	0.46382	0.48977
46 D	0.07920	0.41404	0.50676
47 M	0.08066	0.41124	0.5081
48 F	0.08077	0.41047	0.50876
49 D	0.08116	0.40561	0.51323
50 G	0.08127	0.40471	0.51401
51 V	0.08146	0.39808	0.52046
52 V	0.08355	0.38170	0.53475
53 S	0.09477	0.30654	0.59869
54 R	0.10196	0.03543	0.86261
55 T	0.10975	0.01784	0.87241
56 K	0.11139	0.00064	0.88797
57 K	0.11143	0.00012	0.88845
58 N	0.11143	0.00005	0.88851
59 R	0.11143	0.00000	0.88857
60 I	0.11143	0.00000	0.88856
61 H	0.11143	0.00001	0.88856
62 T	0.11141	0.00002	0.88856
63 E	0.11126	0.00019	0.88855
64 K	0.10978	0.00172	0.8885
65 S	0.09567	0.01868	0.88565
66 Y	0.05431	0.06800	0.87768
67 G	0.05236	0.08786	0.85978
68 I	0.05052	0.40874	0.54074
69 Q	0.05034	0.43386	0.51581
70 I	0.04938	0.49325	0.45737
71 D	0.04920	0.50674	0.44407
72 S	0.04615	0.64282	0.31102
73 L	0.04096	0.87234	0.08669
74 A	0.04058	0.92162	0.03779
75 D	0.04039	0.93598	0.02362
76 I	0.03974	0.95688	0.00338
77 I	0.03950	0.95849	0.00201
78 S	0.03949	0.95858	0.00194
79 F	0.03948	0.95867	0.00186
80 G	0.03947	0.95868	0.00184
81 V	0.03947	0.95870	0.00183
82 L	0.03947	0.95870	0.00183
83 P	0.03965	0.95842	0.00193
84 I	0.03977	0.95813	0.0021
85 F	0.04020	0.95690	0.0029
86 I	0.04144	0.95218	0.00638
87 N	0.04500	0.94353	0.01147
88 Y	0.04711	0.93180	0.02109
89 S	0.05105	0.89017	0.05879
90 L	0.05942	0.87972	0.06086
91 S	0.51556	0.41676	0.06768
92 F	0.70523	0.22598	0.06879
93 K	0.91149	0.01597	0.07254
94 G	0.91505	0.01220	0.07276
95 E	0.92223	0.00460	0.07317
96 T	0.92283	0.00388	0.07329
97 S	0.92399	0.00273	0.07328
98 I	0.92402	0.00274	0.07324
99 I	0.92588	0.00064	0.07348
100 K	0.92604	0.00027	0.0737
101 E	0.92501	0.00156	0.07344
102 E	0.90445	0.02731	0.06824
103 F	0.25411	0.71144	0.03445
104 W	0.14689	0.82204	0.03107
105 L	0.01067	0.97214	0.01719
106 F	0.00606	0.98045	0.01349
107 A	0.00445	0.98517	0.01038
108 L	0.00164	0.99428	0.00408
109 V	0.00046	0.99859	0.00096
110 W	0.00014	0.99946	0.00039
111 L	0.00004	0.99973	0.00023
112 F	0.00001	0.99994	5e-05
113 W	0.00000	0.99999	1e-05
114 G	0.00000	1.00000	0
115 F	0.00000	1.00000	0
116 Y	0.00000	1.00000	0
117 L	0.00000	0.99999	0
118 L	0.00000	0.99996	4e-05
119 A	0.00002	0.99990	8e-05
120 A	0.00027	0.99937	0.00036
121 L	0.00137	0.99171	0.00691
122 I	0.00316	0.98572	0.01112
123 R	0.01914	0.92247	0.05839
124 L	0.02000	0.90770	0.0723
125 A	0.02457	0.87233	0.10309
126 Y	0.03530	0.28407	0.68063
127 Y	0.03864	0.19388	0.76748
128 N	0.06179	0.01914	0.91906
129 V	0.06288	0.01545	0.92167
130 L	0.06454	0.01231	0.92315
131 A	0.07062	0.00399	0.92539
132 E	0.07374	0.00017	0.92609
133 T	0.07378	0.00007	0.92615
134 Q	0.07378	0.00001	0.9262
135 K	0.07379	0.00000	0.92621
136 Y	0.07378	0.00001	0.9262
137 D	0.07378	0.00006	0.92616
138 S	0.07331	0.00118	0.9255
139 Q	0.07024	0.01693	0.91283
140 S	0.04769	0.56243	0.38989
141 P	0.04568	0.62881	0.3255
142 S	0.03439	0.79744	0.16817
143 Y	0.01382	0.87545	0.11072
144 F	0.00365	0.93298	0.06337
145 T	0.00240	0.98174	0.01586
146 G	0.00067	0.98960	0.00973
147 L	0.00018	0.99786	0.00196
148 P	0.00014	0.99836	0.0015
149 V	0.00008	0.99950	0.00041
150 T	0.00008	0.99969	0.00023
151 A	0.00007	0.99977	0.00015
152 A	0.00007	0.99983	0.0001
153 A	0.00007	0.99984	9e-05
154 I	0.00007	0.99986	7e-05
155 L	0.00007	0.99986	7e-05
156 F	0.00007	0.99986	8e-05
157 P	0.00007	0.99984	8e-05
158 F	0.00008	0.99980	0.00012
159 L	0.00018	0.99963	0.00018
160 F	0.00150	0.99779	0.00071
161 L	0.01243	0.98507	0.00251
162 A	0.12658	0.85273	0.02069
163 K	0.82632	0.12104	0.05264
164 F	0.84628	0.09975	0.05397
165 I	0.88416	0.06039	0.05545
166 C	0.89894	0.03773	0.06333
167 K	0.91948	0.00763	0.07289
168 T	0.92080	0.00618	0.07301
169 W	0.92154	0.00477	0.07369
170 D	0.92560	0.00065	0.07374
171 L	0.92569	0.00056	0.07374
172 K	0.92617	0.00003	0.07379
173 S	0.92613	0.00008	0.07379
174 L	0.92576	0.00045	0.07379
175 G	0.92399	0.00226	0.07374
176 F	0.92216	0.00453	0.07331
177 I	0.92036	0.00999	0.06965
178 E	0.92024	0.01026	0.0695
179 Q	0.91981	0.01096	0.06922
180 R	0.91756	0.01678	0.06565
181 T	0.85584	0.10528	0.03888
182 T	0.54490	0.44250	0.0126
183 F	0.02280	0.97505	0.00215
184 F	0.00257	0.99681	0.00062
185 W	0.00040	0.99956	5e-05
186 F	0.00010	0.99987	3e-05
187 H	0.00007	0.99990	3e-05
188 F	0.00004	0.99993	3e-05
189 A	0.00004	0.99993	3e-05
190 C	0.00004	0.99993	3e-05
191 M	0.00004	0.99993	3e-05
192 L	0.00004	0.99993	3e-05
193 L	0.00004	0.99993	3e-05
194 L	0.00004	0.99992	4e-05
195 T	0.00004	0.99992	4e-05
196 F	0.00005	0.99987	8e-05
197 L	0.00008	0.99946	0.00046
198 F	0.00020	0.97543	0.02437
199 L	0.00108	0.94885	0.05007
200 C	0.02208	0.55433	0.42358
201 K	0.06543	0.15625	0.77832
202 K	0.06869	0.12806	0.80325
203 I	0.06887	0.12204	0.80909
204 H	0.07095	0.11726	0.81178
205 F	0.07183	0.11380	0.81437
206 P	0.07361	0.01355	0.91284
207 K	0.07379	0.00041	0.9258
208 P	0.07374	0.00015	0.92611
209 K	0.07373	0.00023	0.92603
210 A	0.07352	0.00992	0.91655
211 K	0.07286	0.01410	0.91304
212 T	0.03565	0.34260	0.62175
213 T	0.01814	0.43570	0.54616
214 I	0.01544	0.64474	0.33981
215 T	0.01445	0.93739	0.04816
216 I	0.00633	0.98806	0.0056
217 I	0.00476	0.99264	0.0026
218 L	0.00394	0.99414	0.00192
219 L	0.00284	0.99596	0.00119
220 L	0.00054	0.99941	5e-05
221 A	0.00002	0.99997	2e-05
222 L	0.00001	0.99998	1e-05
223 N	0.00001	0.99998	1e-05
224 F	0.00000	0.99999	0
225 I	0.00000	0.99999	0
226 L	0.00000	0.99999	0
227 F	0.00002	0.99997	0
228 M	0.00063	0.99934	3e-05
229 L	0.00076	0.99913	0.00011
230 L	0.00215	0.99668	0.00118
231 K	0.01329	0.97453	0.01218
232 I	0.01495	0.97221	0.01284
233 L	0.02611	0.95798	0.01591
234 L	0.09503	0.88571	0.01926
235 K	0.58755	0.35687	0.05558
236 Y	0.61849	0.32332	0.0582
237 L	0.68824	0.25224	0.05952
238 L	0.85120	0.08822	0.06058
239 P	0.91564	0.01651	0.06785
240 M	0.92421	0.00673	0.06906
241 T	0.92534	0.00465	0.07
242 I	0.92550	0.00376	0.07074
243 T	0.92608	0.00082	0.0731
244 K	0.92620	0.00000	0.07381
