# tr|Q6YQW9|Q6YQW9_ONYPE
# AA	inside	membr	outside
1 M	0.59868	0.00000	0.40132
2 G	0.59868	0.00000	0.40132
3 I	0.59868	0.00000	0.40132
4 K	0.59868	0.00000	0.40132
5 I	0.59868	0.00000	0.40132
6 V	0.59868	0.00000	0.40132
7 S	0.59868	0.00000	0.40132
8 E	0.59868	0.00000	0.40132
9 N	0.59868	0.00000	0.40132
10 K	0.59868	0.00000	0.40132
11 P	0.59868	0.00000	0.40132
12 N	0.59868	0.00000	0.40132
13 Q	0.59868	0.00000	0.40132
14 L	0.59868	0.00000	0.40132
15 L	0.59868	0.00001	0.40131
16 E	0.59867	0.00001	0.40131
17 V	0.59848	0.00024	0.40127
18 I	0.59848	0.00039	0.40113
19 K	0.59847	0.00048	0.40105
20 R	0.59528	0.02360	0.38111
21 E	0.53994	0.07942	0.38064
22 Y	0.14392	0.71820	0.13788
23 S	0.10369	0.80661	0.08969
24 W	0.06518	0.92230	0.01251
25 L	0.04861	0.94454	0.00686
26 N	0.04607	0.94821	0.00571
27 I	0.04110	0.95782	0.00108
28 L	0.04080	0.95847	0.00073
29 L	0.04076	0.95856	0.00068
30 I	0.04076	0.95856	0.00068
31 T	0.04076	0.95856	0.00068
32 T	0.04076	0.95856	0.00068
33 S	0.04076	0.95856	0.00068
34 I	0.04076	0.95856	0.00068
35 L	0.04076	0.95856	0.00068
36 S	0.04076	0.95855	0.00069
37 L	0.04076	0.95852	0.00072
38 A	0.04098	0.95812	0.0009
39 L	0.04118	0.95302	0.0058
40 C	0.05076	0.89983	0.04941
41 G	0.07326	0.87187	0.05487
42 Q	0.31151	0.61895	0.06954
43 L	0.32729	0.59875	0.07396
44 W	0.33705	0.53803	0.12492
45 Q	0.42182	0.07369	0.50449
46 Q	0.43763	0.02474	0.53763
47 K	0.44124	0.00045	0.55831
48 Q	0.44137	0.00018	0.55844
49 F	0.44076	0.00124	0.55799
50 E	0.44061	0.00242	0.55697
51 T	0.42415	0.04188	0.53397
52 M	0.40392	0.07221	0.52387
53 H	0.30398	0.23143	0.46459
54 W	0.05088	0.87134	0.07778
55 A	0.04463	0.90105	0.05432
56 L	0.02067	0.93030	0.04903
57 P	0.00694	0.94569	0.04737
58 C	0.00502	0.95055	0.04443
59 A	0.00349	0.99294	0.00356
60 L	0.00278	0.99585	0.00136
61 V	0.00180	0.99726	0.00093
62 L	0.00026	0.99887	0.00086
63 L	0.00023	0.99894	0.00082
64 S	0.00011	0.99940	0.00049
65 V	0.00001	0.99976	0.00023
66 F	0.00000	0.99994	6e-05
67 I	0.00000	0.99995	5e-05
68 F	0.00001	0.99994	5e-05
69 A	0.00007	0.99981	0.00011
70 I	0.00015	0.99959	0.00026
71 G	0.00069	0.99583	0.00348
72 S	0.00144	0.99070	0.00786
73 F	0.00358	0.98622	0.0102
74 A	0.03130	0.94080	0.0279
75 F	0.04563	0.90235	0.05201
76 F	0.11265	0.72013	0.16723
77 K	0.51442	0.05356	0.43201
78 D	0.52905	0.03708	0.43387
79 A	0.52941	0.03562	0.43497
80 F	0.52955	0.03390	0.43655
81 L	0.53085	0.03236	0.4368
82 Q	0.55656	0.00602	0.43743
83 I	0.55665	0.00570	0.43765
84 F	0.55678	0.00458	0.43865
85 N	0.55687	0.00213	0.441
86 I	0.55694	0.00209	0.44097
87 S	0.55738	0.00136	0.44126
88 W	0.55637	0.00237	0.44126
89 P	0.55505	0.00374	0.44121
90 S	0.55490	0.00549	0.43961
91 L	0.55480	0.00886	0.43633
92 K	0.55449	0.00924	0.43628
93 Q	0.48338	0.09094	0.42569
94 I	0.43221	0.14839	0.41941
95 L	0.38954	0.19409	0.41637
96 F	0.33370	0.26577	0.40052
97 K	0.31838	0.28166	0.39996
98 T	0.26120	0.42977	0.30904
99 L	0.18928	0.72053	0.09019
100 Q	0.17803	0.74809	0.07388
101 V	0.05149	0.92612	0.02239
102 I	0.00796	0.98916	0.00288
103 F	0.00275	0.99601	0.00124
104 F	0.00169	0.99792	0.00038
105 T	0.00159	0.99813	0.00028
106 L	0.00096	0.99887	0.00017
107 F	0.00091	0.99893	0.00017
108 L	0.00091	0.99891	0.00018
109 I	0.00093	0.99886	0.00021
110 L	0.00094	0.99873	0.00033
111 F	0.00111	0.99736	0.00153
112 V	0.00160	0.99389	0.00451
113 H	0.00630	0.98088	0.01282
114 A	0.01054	0.96733	0.02213
115 I	0.01335	0.94580	0.04085
116 D	0.04453	0.76624	0.18924
117 S	0.04699	0.72847	0.22455
118 Y	0.04893	0.70798	0.24308
119 V	0.05214	0.69142	0.25644
120 I	0.05839	0.66265	0.27896
121 G	0.15982	0.40624	0.43394
122 K	0.41001	0.06416	0.52583
123 L	0.41718	0.05391	0.52892
124 T	0.43835	0.01611	0.54555
125 Q	0.44170	0.00341	0.55489
126 F	0.44181	0.00237	0.55582
127 C	0.44212	0.00117	0.5567
128 V	0.44220	0.00092	0.55688
129 K	0.44237	0.00007	0.55755
130 I	0.44238	0.00005	0.55756
131 K	0.44240	0.00002	0.55758
132 N	0.44240	0.00002	0.55758
133 L	0.44240	0.00002	0.55758
134 L	0.44241	0.00002	0.55758
135 S	0.44241	0.00001	0.55758
136 K	0.44243	0.00000	0.55758
