# tr|Q6YQ18|Q6YQ18_ONYPE
# AA	inside	membr	outside
1 M	0.23452	0.00000	0.76548
2 W	0.16101	0.07352	0.76548
3 N	0.15276	0.08176	0.76548
4 L	0.15276	0.14547	0.70177
5 L	0.06546	0.24076	0.69378
6 M	0.06546	0.24159	0.69295
7 I	0.05146	0.25562	0.69293
8 L	0.05146	0.25562	0.69293
9 K	0.05141	0.25566	0.69293
10 M	0.05141	0.25629	0.6923
11 I	0.05123	0.25653	0.69224
12 F	0.05067	0.25709	0.69224
13 S	0.05029	0.25749	0.69222
14 F	0.05029	0.25749	0.69222
15 N	0.05029	0.25844	0.69128
16 F	0.05019	0.25854	0.69128
17 L	0.05007	0.25837	0.69155
18 K	0.05007	0.25716	0.69278
19 Y	0.04270	0.26850	0.68881
20 L	0.03872	0.29290	0.66839
21 I	0.03811	0.28974	0.67214
22 S	0.06761	0.23899	0.69339
23 F	0.07444	0.20622	0.71933
24 D	0.10989	0.09133	0.79878
25 F	0.10998	0.06240	0.82762
26 K	0.11015	0.04954	0.84031
27 D	0.10961	0.08680	0.8036
28 F	0.02916	0.52591	0.44492
29 F	0.01857	0.72670	0.25473
30 Y	0.00499	0.83693	0.15808
31 L	0.00367	0.88030	0.11602
32 L	0.00272	0.94840	0.04888
33 Y	0.00286	0.97322	0.02392
34 S	0.00241	0.98141	0.01619
35 I	0.00188	0.99211	0.00601
36 F	0.00151	0.99503	0.00346
37 Y	0.00152	0.99597	0.00251
38 S	0.00309	0.99456	0.00236
39 I	0.00333	0.99469	0.00198
40 F	0.00514	0.99261	0.00225
41 F	0.00705	0.99022	0.00273
42 T	0.01832	0.97063	0.01105
43 K	0.03329	0.95178	0.01493
44 S	0.03321	0.95193	0.01485
45 S	0.03352	0.95211	0.01436
46 F	0.03392	0.95371	0.01238
47 L	0.03640	0.95063	0.01296
48 F	0.07730	0.90667	0.01603
49 G	0.11243	0.86504	0.02253
50 F	0.17640	0.79670	0.02691
51 N	0.47190	0.43517	0.09293
52 V	0.57490	0.33066	0.09444
53 G	0.64996	0.24644	0.1036
54 W	0.63959	0.27817	0.08224
55 N	0.63417	0.28601	0.07982
56 I	0.57338	0.35358	0.07303
57 N	0.47577	0.45112	0.07311
58 F	0.35782	0.57093	0.07125
59 I	0.21267	0.71696	0.07038
60 N	0.17978	0.75424	0.06598
61 I	0.09111	0.85246	0.05643
62 Y	0.05562	0.88824	0.05614
63 N	0.04100	0.90313	0.05586
64 V	0.03120	0.91435	0.05445
65 I	0.03020	0.92146	0.04833
66 K	0.03184	0.91930	0.04886
67 T	0.02667	0.93043	0.0429
68 I	0.02073	0.94296	0.03631
69 F	0.01965	0.94481	0.03553
70 I	0.01877	0.95031	0.03093
71 F	0.01803	0.94993	0.03205
72 M	0.01964	0.94362	0.03674
73 W	0.02290	0.90314	0.07396
74 E	0.05223	0.77103	0.17675
75 Q	0.05436	0.71427	0.23137
76 L	0.05419	0.70559	0.24021
77 T	0.06085	0.65876	0.2804
78 T	0.06176	0.46671	0.47152
79 L	0.06024	0.43459	0.50516
80 I	0.05959	0.36688	0.57353
81 Y	0.06115	0.32643	0.61242
82 P	0.06214	0.20890	0.72896
83 L	0.06621	0.15998	0.77381
84 K	0.07712	0.06117	0.86171
85 L	0.06751	0.06828	0.86421
86 F	0.04989	0.08812	0.86199
87 S	0.05152	0.08749	0.86099
88 S	0.05480	0.11522	0.82998
89 L	0.03949	0.21570	0.74481
90 F	0.04520	0.21839	0.73641
91 D	0.05265	0.23708	0.71027
92 F	0.04743	0.56472	0.38786
93 L	0.04823	0.71882	0.23295
94 M	0.04685	0.75201	0.20115
95 Q	0.04588	0.76125	0.19287
96 I	0.02950	0.83508	0.13542
97 L	0.02711	0.84084	0.13204
98 K	0.02592	0.84785	0.12623
99 I	0.01421	0.88168	0.10411
100 F	0.01227	0.88779	0.09993
101 I	0.01179	0.89046	0.09775
102 D	0.01239	0.88832	0.09928
103 V	0.00743	0.89410	0.09847
104 F	0.00731	0.89392	0.09877
105 G	0.00749	0.89213	0.10037
106 S	0.00784	0.89090	0.10126
107 I	0.00822	0.89020	0.10158
108 I	0.01238	0.87956	0.10806
109 G	0.02286	0.85175	0.12539
110 Y	0.04366	0.82915	0.1272
111 I	0.10515	0.76366	0.1312
112 K	0.36680	0.48001	0.15318
113 S	0.39089	0.45544	0.15367
114 S	0.41595	0.42991	0.15414
115 I	0.57106	0.27364	0.1553
116 T	0.69846	0.14301	0.15853
117 S	0.73140	0.10718	0.16142
118 L	0.73871	0.09605	0.16523
119 T	0.77559	0.04601	0.17839
120 G	0.78439	0.03550	0.18011
121 Q	0.79764	0.01119	0.19116
122 K	0.80144	0.00128	0.19727
123 L	0.80147	0.00086	0.19767
124 M	0.80161	0.00069	0.1977
125 D	0.80171	0.00053	0.19776
126 P	0.80172	0.00000	0.19827
127 S	0.80172	0.00000	0.19827
128 E	0.80172	0.00000	0.19827
129 S	0.80170	0.00004	0.19826
130 M	0.80163	0.00015	0.19823
131 W	0.80010	0.00176	0.19814
132 E	0.79927	0.00280	0.19793
133 K	0.79886	0.00349	0.19766
134 I	0.79303	0.01235	0.19462
135 K	0.78854	0.01760	0.19385
136 E	0.75095	0.06333	0.18572
137 I	0.64088	0.21070	0.14841
138 A	0.60287	0.25052	0.14661
139 K	0.58481	0.26914	0.14605
140 L	0.15625	0.82884	0.01491
141 I	0.13990	0.85443	0.00567
142 F	0.13639	0.85861	0.005
143 S	0.13284	0.86290	0.00426
144 V	0.13063	0.86628	0.00308
145 A	0.13047	0.86672	0.00282
146 V	0.13039	0.86684	0.00276
147 G	0.13036	0.86690	0.00274
148 G	0.13034	0.86694	0.00272
149 S	0.13032	0.86698	0.0027
150 V	0.13031	0.86700	0.00269
151 I	0.13031	0.86698	0.00271
152 Y	0.13044	0.86590	0.00366
153 F	0.13060	0.86372	0.00568
154 L	0.13254	0.83694	0.03052
155 K	0.17904	0.67596	0.145
156 E	0.18203	0.62804	0.18992
157 I	0.18227	0.61692	0.20081
158 N	0.18241	0.57096	0.24664
159 N	0.18442	0.56254	0.25305
160 F	0.17900	0.56390	0.25711
161 L	0.17735	0.51280	0.30985
162 L	0.17758	0.49028	0.33214
163 N	0.30767	0.03017	0.66216
164 S	0.31369	0.02099	0.66532
165 F	0.31206	0.02197	0.66597
166 I	0.31223	0.01816	0.6696
167 K	0.31316	0.01485	0.672
168 I	0.31267	0.02675	0.66058
169 G	0.31234	0.05389	0.63377
170 D	0.31139	0.05988	0.62874
171 L	0.24599	0.16231	0.59169
172 L	0.23190	0.28974	0.47836
173 F	0.23081	0.29545	0.47373
174 K	0.22097	0.33842	0.44061
175 I	0.01652	0.79881	0.18466
176 V	0.00444	0.82555	0.17001
177 L	0.00315	0.88084	0.11601
178 R	0.00338	0.88067	0.11595
179 I	0.00334	0.88123	0.11544
180 L	0.00336	0.88110	0.11554
181 D	0.00348	0.88075	0.11576
182 I	0.00341	0.88347	0.11313
183 I	0.00334	0.87627	0.12039
184 S	0.00330	0.87466	0.12205
185 I	0.00325	0.87480	0.12194
186 V	0.00334	0.87469	0.12197
187 L	0.00416	0.87377	0.12207
188 K	0.00495	0.87018	0.12487
189 F	0.00485	0.87080	0.12435
190 F	0.00496	0.87178	0.12326
191 L	0.02027	0.85695	0.12278
192 F	0.06428	0.81327	0.12245
193 L	0.17452	0.67966	0.14582
194 F	0.28903	0.44123	0.26974
195 K	0.55238	0.01827	0.42935
196 K	0.54092	0.03338	0.4257
197 V	0.35084	0.38992	0.25925
198 I	0.20780	0.76930	0.0229
199 I	0.02534	0.97336	0.00129
200 I	0.00844	0.99151	5e-05
201 L	0.00023	0.99973	3e-05
202 S	0.00020	0.99977	3e-05
203 F	0.00006	0.99994	0
204 I	0.00006	0.99994	0
205 L	0.00014	0.99983	4e-05
206 S	0.00016	0.99977	8e-05
207 F	0.00016	0.99975	9e-05
208 L	0.00018	0.99970	0.00012
209 I	0.00020	0.99966	0.00014
210 N	0.00026	0.99954	0.0002
211 F	0.00028	0.99952	0.00021
212 L	0.00059	0.99906	0.00035
213 Y	0.00159	0.99792	0.00049
214 L	0.00266	0.99639	0.00094
215 W	0.01229	0.98056	0.00714
216 V	0.02836	0.94116	0.03048
217 F	0.11181	0.70630	0.18189
218 E	0.38081	0.13857	0.48062
219 N	0.39254	0.08376	0.5237
220 A	0.42346	0.02503	0.55151
221 K	0.43781	0.00114	0.56105
222 K	0.43801	0.00003	0.56196
223 I	0.43801	0.00003	0.56196
224 L	0.43801	0.00000	0.56199
