# tr|Q6YPK7|Q6YPK7_ONYPE
# AA	inside	membr	outside
1 M	0.93180	0.00000	0.0682
2 F	0.60899	0.32281	0.0682
3 P	0.58163	0.35018	0.0682
4 L	0.58163	0.40527	0.0131
5 L	0.17461	0.82050	0.00489
6 A	0.17461	0.82091	0.00448
7 N	0.05787	0.93776	0.00437
8 L	0.05787	0.93777	0.00436
9 I	0.00285	0.99330	0.00385
10 T	0.00284	0.99500	0.00216
11 V	0.00218	0.99569	0.00212
12 F	0.00026	0.99762	0.00212
13 R	0.00003	0.99785	0.00212
14 I	0.00003	0.99785	0.00212
15 V	0.00003	0.99785	0.00212
16 L	0.00003	0.99785	0.00212
17 V	0.00003	0.99784	0.00213
18 F	0.00003	0.99781	0.00216
19 V	0.00003	0.99779	0.00218
20 L	0.00003	0.99523	0.00473
21 L	0.00008	0.99203	0.00789
22 P	0.00190	0.94795	0.05015
23 L	0.00239	0.92588	0.07172
24 M	0.00497	0.89832	0.09671
25 C	0.00595	0.46354	0.53051
26 V	0.00634	0.43354	0.56012
27 S	0.05905	0.20665	0.7343
28 E	0.06545	0.01124	0.92331
29 S	0.06586	0.00821	0.92593
30 E	0.06600	0.00334	0.93065
31 P	0.06505	0.00499	0.92996
32 E	0.06344	0.00698	0.92959
33 F	0.01326	0.07267	0.91407
34 A	0.00856	0.37992	0.61152
35 N	0.00418	0.42278	0.57303
36 V	0.00262	0.64546	0.35192
37 L	0.00247	0.87658	0.12095
38 T	0.00218	0.89713	0.10069
39 F	0.00159	0.99184	0.00658
40 Q	0.00153	0.99593	0.00254
41 I	0.00153	0.99773	0.00075
42 I	0.00152	0.99805	0.00043
43 F	0.00152	0.99805	0.00043
44 I	0.00152	0.99805	0.00043
45 V	0.00152	0.99805	0.00043
46 A	0.00152	0.99805	0.00043
47 A	0.00153	0.99805	0.00043
48 I	0.00155	0.99794	0.00051
49 T	0.00204	0.99663	0.00133
50 D	0.00299	0.99258	0.00443
51 Y	0.00317	0.98766	0.00917
52 L	0.00477	0.98148	0.01375
53 D	0.01498	0.94393	0.04109
54 G	0.01686	0.94112	0.04202
55 Y	0.02158	0.93442	0.044
56 I	0.05303	0.89195	0.05502
57 A	0.68468	0.25665	0.05867
58 K	0.90325	0.03206	0.0647
59 K	0.93435	0.00064	0.06501
60 Y	0.93473	0.00027	0.06501
61 Q	0.93494	0.00006	0.06501
62 Q	0.93499	0.00006	0.06496
63 Q	0.93496	0.00015	0.06489
64 T	0.93304	0.00251	0.06445
65 V	0.93089	0.00830	0.06081
66 F	0.93073	0.00920	0.06006
67 G	0.93052	0.01120	0.05828
68 K	0.93045	0.01142	0.05813
69 F	0.92932	0.01567	0.05501
70 F	0.92918	0.02016	0.05066
71 D	0.92918	0.02099	0.04984
72 P	0.92548	0.03368	0.04084
73 I	0.92451	0.03518	0.04031
74 A	0.92430	0.03555	0.04014
75 D	0.92333	0.03661	0.04006
76 K	0.90680	0.05345	0.03975
77 L	0.02458	0.94059	0.03484
78 L	0.00992	0.96504	0.02505
79 V	0.00843	0.96933	0.02224
80 I	0.00824	0.97017	0.0216
81 I	0.00818	0.97030	0.02151
82 T	0.00817	0.97033	0.0215
83 L	0.00815	0.97034	0.02152
84 F	0.00815	0.97032	0.02154
85 Y	0.00823	0.97013	0.02164
86 I	0.00838	0.96987	0.02175
87 C	0.00954	0.96603	0.02443
88 Q	0.01593	0.95778	0.02629
89 C	0.02027	0.95317	0.02656
90 R	0.03047	0.94244	0.02709
91 L	0.03061	0.94227	0.02712
92 S	0.03112	0.94154	0.02734
93 A	0.03215	0.94027	0.02758
94 T	0.03299	0.93884	0.02818
95 Q	0.03414	0.64559	0.32027
96 G	0.03416	0.64295	0.32289
97 T	0.03513	0.63503	0.32983
98 F	0.03531	0.63355	0.33113
99 L	0.03553	0.62607	0.3384
100 F	0.03797	0.02517	0.93686
101 A	0.04812	0.00515	0.94674
102 D	0.05092	0.00086	0.94822
103 T	0.05162	0.00013	0.94825
104 Q	0.05163	0.00014	0.94822
105 M	0.05157	0.00026	0.94816
106 P	0.05145	0.00038	0.94816
107 K	0.05047	0.00145	0.94807
108 K	0.04562	0.01237	0.94202
109 F	0.01195	0.94583	0.04221
110 F	0.00524	0.97507	0.01969
111 T	0.00464	0.98233	0.01304
112 A	0.00218	0.99164	0.00618
113 V	0.00132	0.99411	0.00457
114 I	0.00122	0.99694	0.00185
115 M	0.00121	0.99696	0.00183
116 I	0.00120	0.99699	0.0018
117 I	0.00119	0.99701	0.0018
118 V	0.00119	0.99701	0.0018
119 I	0.00119	0.99701	0.0018
120 R	0.00119	0.99699	0.00181
121 E	0.00120	0.99699	0.00181
122 F	0.00116	0.99703	0.00181
123 L	0.00117	0.99702	0.00181
124 V	0.00175	0.99637	0.00188
125 T	0.00667	0.99105	0.00228
126 G	0.00692	0.99066	0.00242
127 I	0.01329	0.98395	0.00276
128 R	0.02340	0.97209	0.00452
129 L	0.02997	0.96504	0.00499
130 V	0.04955	0.93913	0.01132
131 A	0.15439	0.82822	0.01739
132 S	0.92850	0.02396	0.04754
133 N	0.94708	0.00080	0.05212
134 K	0.94758	0.00026	0.05216
135 E	0.94761	0.00016	0.05223
136 G	0.94508	0.00274	0.05217
137 V	0.94443	0.00343	0.05213
138 V	0.93764	0.01024	0.05212
139 I	0.93725	0.01064	0.05211
140 S	0.93620	0.01171	0.05209
141 A	0.93464	0.01462	0.05074
142 S	0.90235	0.04731	0.05034
143 F	0.72352	0.22702	0.04947
144 W	0.66996	0.28101	0.04903
145 G	0.66904	0.28201	0.04894
146 K	0.66892	0.28256	0.04851
147 A	0.63182	0.32180	0.04638
148 K	0.61910	0.33476	0.04615
149 T	0.59150	0.38919	0.01931
150 V	0.29159	0.69561	0.0128
151 F	0.06038	0.93802	0.0016
152 T	0.00608	0.99344	0.00047
153 F	0.00034	0.99963	3e-05
154 V	0.00011	0.99988	1e-05
155 A	0.00008	0.99991	1e-05
156 I	0.00005	0.99992	2e-05
157 I	0.00005	0.99990	5e-05
158 C	0.00005	0.99966	0.00028
159 L	0.00007	0.99901	0.00092
160 F	0.00009	0.99857	0.00134
161 F	0.00012	0.99451	0.00537
162 G	0.00016	0.99376	0.00608
163 L	0.00021	0.99248	0.00731
164 Y	0.00141	0.97287	0.02572
165 T	0.00207	0.90006	0.09786
166 S	0.00410	0.72908	0.26681
167 S	0.00719	0.70190	0.2909
168 T	0.01005	0.68949	0.30047
169 F	0.01178	0.64520	0.34302
170 A	0.01432	0.28633	0.69935
171 C	0.01767	0.12903	0.8533
172 D	0.04805	0.05899	0.89296
173 A	0.04866	0.04919	0.90215
174 N	0.05214	0.00733	0.94053
175 L	0.05217	0.00113	0.9467
176 K	0.05232	0.00007	0.94761
177 K	0.05092	0.00233	0.94675
178 W	0.01879	0.08066	0.90055
179 F	0.01494	0.11686	0.8682
180 G	0.00706	0.30980	0.68313
181 Y	0.00602	0.32873	0.66525
182 L	0.00456	0.34042	0.65501
183 S	0.00359	0.39106	0.60535
184 N	0.00097	0.84205	0.15698
185 I	0.00082	0.94319	0.056
186 G	0.00078	0.95022	0.049
187 D	0.00073	0.95600	0.04326
188 I	0.00028	0.98935	0.01037
189 C	0.00011	0.99624	0.00365
190 L	0.00006	0.99941	0.00053
191 L	0.00005	0.99967	0.00028
192 V	0.00005	0.99971	0.00024
193 S	0.00005	0.99971	0.00023
194 V	0.00005	0.99972	0.00023
195 V	0.00005	0.99971	0.00023
196 L	0.00009	0.99965	0.00027
197 T	0.00024	0.99939	0.00037
198 I	0.00056	0.99865	0.00079
199 V	0.00137	0.99708	0.00155
200 S	0.00831	0.98529	0.0064
201 G	0.05055	0.91441	0.03504
202 F	0.08081	0.88012	0.03907
203 D	0.28645	0.66678	0.04677
204 Y	0.29561	0.65722	0.04717
205 F	0.31286	0.63913	0.048
206 F	0.37920	0.57176	0.04904
207 K	0.90389	0.04371	0.0524
208 N	0.94158	0.00593	0.05249
209 Y	0.94440	0.00310	0.0525
210 K	0.94624	0.00126	0.0525
211 I	0.94657	0.00093	0.05251
212 I	0.94679	0.00071	0.05251
213 R	0.94747	0.00001	0.05252
214 K	0.94748	0.00000	0.05252
215 N	0.94748	0.00000	0.05252
216 F	0.94748	0.00000	0.05252
217 A	0.94748	0.00000	0.05252
218 P	0.94748	0.00000	0.05252
219 E	0.94748	0.00000	0.05252
