# tr|Q6YRF4|Q6YRF4_ONYPE
# AA	inside	membr	outside
1 M	0.52027	0.00000	0.47973
2 L	0.52027	0.00000	0.47973
3 N	0.52027	0.00000	0.47973
4 P	0.52027	0.00000	0.47973
5 K	0.52027	0.00000	0.47973
6 D	0.52027	0.00000	0.47973
7 S	0.52027	0.00000	0.47973
8 F	0.52027	0.00000	0.47973
9 L	0.52027	0.00000	0.47973
10 N	0.52027	0.00000	0.47973
11 R	0.52027	0.00000	0.47973
12 L	0.52026	0.00001	0.47973
13 A	0.52024	0.00003	0.47973
14 N	0.52024	0.00003	0.47973
15 V	0.52024	0.00007	0.47968
16 R	0.52024	0.00007	0.47968
17 Y	0.52021	0.00010	0.47968
18 T	0.52021	0.00011	0.47967
19 A	0.51982	0.00051	0.47966
20 N	0.51814	0.00240	0.47945
21 K	0.51161	0.00894	0.47945
22 S	0.50145	0.02242	0.47614
23 N	0.38014	0.14816	0.4717
24 T	0.27469	0.28602	0.43928
25 C	0.21331	0.36254	0.42415
26 F	0.07463	0.65448	0.27089
27 S	0.05737	0.71320	0.22943
28 L	0.00816	0.84583	0.14601
29 C	0.00380	0.89599	0.10021
30 A	0.00156	0.94393	0.05451
31 F	0.00034	0.98448	0.01517
32 L	0.00011	0.99541	0.00448
33 T	0.00007	0.99781	0.00212
34 F	0.00003	0.99922	0.00075
35 A	0.00002	0.99953	0.00045
36 L	0.00002	0.99989	0.0001
37 I	0.00002	0.99994	5e-05
38 S	0.00002	0.99992	6e-05
39 S	0.00002	0.99989	9e-05
40 Y	0.00003	0.99984	0.00013
41 L	0.00007	0.99953	0.0004
42 F	0.00033	0.99844	0.00122
43 V	0.00097	0.99472	0.00431
44 Y	0.00436	0.98229	0.01336
45 I	0.01014	0.95012	0.03975
46 C	0.01571	0.69684	0.28745
47 N	0.04128	0.57454	0.38418
48 F	0.06364	0.53186	0.4045
49 Y	0.24050	0.30993	0.44957
50 F	0.29202	0.24549	0.46249
51 N	0.38484	0.10352	0.51164
52 P	0.43447	0.04752	0.51801
53 C	0.45068	0.02990	0.51942
54 I	0.47147	0.00884	0.51968
55 S	0.47819	0.00175	0.52006
56 H	0.47959	0.00021	0.52019
57 D	0.47960	0.00019	0.52021
58 R	0.47749	0.00385	0.51865
59 P	0.43951	0.05993	0.50055
60 F	0.28408	0.47807	0.23785
61 F	0.13994	0.72395	0.13611
62 L	0.07386	0.81001	0.11613
63 G	0.03753	0.88542	0.07705
64 F	0.00603	0.94414	0.04983
65 V	0.00256	0.98271	0.01473
66 F	0.00139	0.98828	0.01033
67 A	0.00118	0.98938	0.00945
68 L	0.00099	0.99195	0.00707
69 A	0.00078	0.99358	0.00564
70 I	0.00042	0.99667	0.00292
71 A	0.00016	0.99865	0.00118
72 S	0.00004	0.99964	0.00033
73 L	0.00001	0.99985	0.00013
74 I	0.00001	0.99996	3e-05
75 A	0.00001	0.99997	1e-05
76 V	0.00002	0.99996	2e-05
77 V	0.00003	0.99980	0.00017
78 S	0.00026	0.99878	0.00097
79 F	0.00039	0.99797	0.00165
80 S	0.00182	0.99396	0.00421
81 F	0.00283	0.99146	0.00572
82 V	0.00978	0.95991	0.0303
83 V	0.09044	0.76605	0.14352
84 G	0.14219	0.58364	0.27417
85 A	0.15450	0.51999	0.32551
86 L	0.17685	0.46302	0.36013
87 S	0.20268	0.39993	0.3974
88 T	0.23075	0.36553	0.40372
89 H	0.23427	0.35790	0.40783
90 L	0.23525	0.35524	0.40951
91 F	0.23893	0.34832	0.41275
92 L	0.25099	0.32613	0.42288
93 L	0.27666	0.28607	0.43727
94 I	0.38476	0.15589	0.45934
95 K	0.51801	0.00265	0.47934
96 H	0.51993	0.00039	0.47968
97 K	0.52022	0.00003	0.47975
98 G	0.52023	0.00002	0.47975
99 S	0.52024	0.00001	0.47975
100 Y	0.52024	0.00000	0.47975
