# tr|Q6YR33|Q6YR33_ONYPE
# AA	inside	membr	outside
1 M	0.99876	0.00000	0.00124
2 K	0.99876	0.00000	0.00124
3 N	0.99876	0.00000	0.00124
4 G	0.99876	0.00000	0.00124
5 M	0.99876	0.00000	0.00124
6 K	0.99876	0.00000	0.00124
7 N	0.99876	0.00000	0.00124
8 I	0.99876	0.00000	0.00124
9 E	0.99876	0.00000	0.00124
10 K	0.99876	0.00000	0.00124
11 F	0.99876	0.00000	0.00124
12 P	0.99876	0.00000	0.00124
13 P	0.99876	0.00000	0.00124
14 I	0.99876	0.00000	0.00124
15 K	0.99876	0.00000	0.00124
16 K	0.99876	0.00000	0.00124
17 K	0.99876	0.00000	0.00124
18 I	0.99876	0.00000	0.00124
19 Q	0.99875	0.00001	0.00124
20 Y	0.99777	0.00100	0.00123
21 V	0.99250	0.00627	0.00123
22 Q	0.99209	0.00668	0.00123
23 E	0.97561	0.02317	0.00122
24 F	0.91683	0.08196	0.00122
25 K	0.90602	0.09277	0.00121
26 K	0.76383	0.23506	0.00111
27 I	0.11243	0.88737	0.00021
28 L	0.00756	0.99240	4e-05
29 I	0.00118	0.99879	3e-05
30 L	0.00014	0.99982	3e-05
31 S	0.00006	0.99990	3e-05
32 L	0.00004	0.99993	3e-05
33 S	0.00003	0.99993	3e-05
34 L	0.00002	0.99994	3e-05
35 I	0.00002	0.99995	3e-05
36 V	0.00002	0.99995	3e-05
37 Y	0.00002	0.99995	3e-05
38 V	0.00002	0.99994	4e-05
39 L	0.00002	0.99992	6e-05
40 V	0.00002	0.99986	0.00012
41 S	0.00002	0.99951	0.00046
42 V	0.00002	0.99872	0.00126
43 W	0.00003	0.99678	0.00319
44 A	0.00004	0.97353	0.02643
45 F	0.00032	0.79139	0.20828
46 D	0.00117	0.23626	0.76258
47 C	0.00121	0.09490	0.90388
48 T	0.00122	0.05966	0.93912
49 R	0.00123	0.03324	0.96554
50 D	0.00122	0.00077	0.99801
51 G	0.00118	0.00034	0.99848
52 G	0.00109	0.00037	0.99854
53 Y	0.00109	0.00023	0.99868
54 K	0.00109	0.00020	0.99872
55 T	0.00108	0.00160	0.99731
56 D	0.00107	0.00180	0.99712
57 L	0.00061	0.00297	0.99641
58 F	0.00060	0.00314	0.99626
59 P	0.00060	0.00318	0.99622
60 T	0.00060	0.00335	0.99605
61 G	0.00060	0.00335	0.99605
62 V	0.00060	0.00335	0.99605
63 I	0.00060	0.00335	0.99605
64 G	0.00060	0.00335	0.99605
65 L	0.00060	0.00335	0.99605
66 G	0.00060	0.00335	0.99605
67 D	0.00060	0.00335	0.99605
68 V	0.00060	0.00335	0.99605
69 I	0.00060	0.00335	0.99605
70 G	0.00061	0.00325	0.99613
71 K	0.00064	0.00320	0.99616
72 L	0.00065	0.00319	0.99616
73 L	0.00094	0.00290	0.99616
74 H	0.00130	0.00252	0.99618
75 K	0.00259	0.00077	0.99664
76 A	0.00267	0.00077	0.99655
77 G	0.00275	0.00082	0.99643
78 K	0.00330	0.00062	0.99609
79 I	0.00322	0.05131	0.94547
80 E	0.00321	0.05932	0.93747
81 T	0.00197	0.26652	0.73151
82 N	0.00167	0.37986	0.61847
83 N	0.00139	0.46244	0.53617
84 I	0.00040	0.92865	0.07095
85 I	0.00010	0.99052	0.00937
86 V	0.00001	0.99817	0.00181
87 I	0.00000	0.99989	0.00011
88 A	0.00000	0.99996	3e-05
89 G	0.00000	0.99998	1e-05
90 T	0.00000	0.99999	0
91 F	0.00000	1.00000	0
92 Y	0.00000	1.00000	0
93 F	0.00000	1.00000	0
94 V	0.00000	1.00000	0
95 V	0.00000	1.00000	0
96 N	0.00004	0.99996	0
97 V	0.00007	0.99992	0
98 F	0.00008	0.99992	0
99 L	0.00037	0.99962	0
100 L	0.00152	0.99848	1e-05
101 F	0.00948	0.99051	1e-05
102 F	0.13887	0.86089	0.00025
103 I	0.19356	0.80593	0.00051
104 S	0.77476	0.22266	0.00258
105 R	0.98137	0.01564	0.00299
106 R	0.99103	0.00590	0.00307
107 Y	0.96017	0.03697	0.00287
108 L	0.29032	0.70789	0.00179
109 G	0.26871	0.72952	0.00177
110 K	0.24023	0.75802	0.00175
111 Y	0.02736	0.97143	0.00121
112 F	0.00742	0.99166	0.00092
113 T	0.00521	0.99470	9e-05
114 I	0.00296	0.99701	2e-05
115 T	0.00183	0.99815	2e-05
116 T	0.00094	0.99904	2e-05
117 A	0.00016	0.99982	1e-05
118 F	0.00008	0.99991	1e-05
119 A	0.00007	0.99992	1e-05
120 T	0.00006	0.99993	1e-05
121 V	0.00005	0.99994	1e-05
122 L	0.00005	0.99994	1e-05
123 L	0.00005	0.99994	1e-05
124 F	0.00005	0.99994	1e-05
125 V	0.00005	0.99988	7e-05
126 S	0.00005	0.99936	0.0006
127 V	0.00005	0.99900	0.00095
128 F	0.00006	0.99721	0.00273
129 F	0.00010	0.98930	0.0106
130 I	0.00051	0.93805	0.06145
131 E	0.00298	0.06208	0.93495
132 N	0.00314	0.03056	0.96629
133 Q	0.00325	0.01740	0.97934
134 V	0.00326	0.00616	0.99058
135 K	0.00333	0.00089	0.99577
136 Q	0.00335	0.00074	0.99591
137 G	0.00335	0.00066	0.99599
138 F	0.00335	0.00061	0.99605
139 L	0.00335	0.00057	0.99608
140 Y	0.00335	0.00012	0.99654
141 H	0.00335	0.00002	0.99664
142 T	0.00335	0.00001	0.99664
143 E	0.00335	0.00000	0.99665
144 R	0.00335	0.00000	0.99665
145 F	0.00335	0.00001	0.99665
146 F	0.00335	0.00001	0.99665
147 G	0.00335	0.00001	0.99665
148 I	0.00335	0.00001	0.99665
149 F	0.00335	0.00001	0.99665
150 K	0.00335	0.00001	0.99664
151 T	0.00335	0.00001	0.99664
152 E	0.00335	0.00002	0.99663
153 S	0.00335	0.00019	0.99646
154 D	0.00335	0.00066	0.99599
155 F	0.00331	0.01047	0.98623
156 L	0.00331	0.01141	0.98528
157 S	0.00330	0.01383	0.98286
158 D	0.00328	0.03939	0.95732
159 L	0.00180	0.59103	0.40717
160 T	0.00162	0.67117	0.32721
161 R	0.00155	0.70866	0.28979
162 V	0.00068	0.89988	0.09944
163 F	0.00044	0.97071	0.02885
164 F	0.00027	0.98855	0.01117
165 A	0.00026	0.99058	0.00916
166 G	0.00025	0.99255	0.0072
167 I	0.00023	0.99629	0.00348
168 L	0.00021	0.99674	0.00305
169 I	0.00021	0.99683	0.00296
170 G	0.00021	0.99686	0.00294
171 I	0.00021	0.99688	0.0029
172 F	0.00023	0.99697	0.0028
173 N	0.00082	0.99641	0.00276
174 G	0.00119	0.99740	0.00141
175 I	0.00224	0.99653	0.00124
176 P	0.00507	0.99372	0.00121
177 V	0.01137	0.98750	0.00113
178 R	0.03255	0.96625	0.00119
179 I	0.03417	0.96468	0.00115
180 G	0.03995	0.95879	0.00126
181 A	0.16871	0.82993	0.00136
182 S	0.85474	0.14197	0.00329
183 T	0.95343	0.04307	0.00351
184 G	0.95653	0.03993	0.00354
185 G	0.97095	0.02521	0.00384
186 L	0.97612	0.01993	0.00395
187 D	0.98047	0.01544	0.00409
188 I	0.98057	0.01534	0.00409
189 V	0.98312	0.01278	0.0041
190 A	0.98775	0.00812	0.00413
191 K	0.98854	0.00731	0.00415
192 Y	0.98857	0.00727	0.00415
193 L	0.98865	0.00720	0.00415
194 F	0.98872	0.00713	0.00416
195 V	0.99111	0.00473	0.00416
196 Y	0.99259	0.00324	0.00417
197 K	0.99572	0.00003	0.00425
198 K	0.99575	0.00000	0.00425
199 K	0.99571	0.00004	0.00425
200 D	0.99393	0.00187	0.0042
201 I	0.20515	0.79264	0.0022
202 S	0.08823	0.90967	0.00211
203 F	0.04773	0.95039	0.00188
204 V	0.01798	0.98104	0.00098
205 V	0.01130	0.98814	0.00056
206 E	0.01004	0.98948	0.00047
207 M	0.00387	0.99589	0.00025
208 F	0.00029	0.99964	7e-05
209 G	0.00004	0.99993	3e-05
210 Y	0.00001	0.99999	1e-05
211 T	0.00001	0.99999	0
212 L	0.00000	1.00000	0
213 M	0.00000	1.00000	0
214 I	0.00000	1.00000	0
215 F	0.00000	1.00000	0
216 G	0.00000	1.00000	0
217 A	0.00000	0.99999	0
218 V	0.00000	0.99999	1e-05
219 G	0.00001	0.99967	0.00032
220 V	0.00001	0.99926	0.00074
221 F	0.00004	0.99806	0.0019
222 I	0.00009	0.99095	0.00895
223 I	0.00025	0.97674	0.02301
224 E	0.00213	0.16674	0.83113
225 Y	0.00217	0.09817	0.89966
226 F	0.00229	0.07135	0.92636
227 Y	0.00339	0.01688	0.97973
228 K	0.00416	0.00070	0.99514
229 E	0.00424	0.00013	0.99563
230 T	0.00425	0.00011	0.99564
231 G	0.00425	0.00011	0.99564
232 L	0.00424	0.00011	0.99564
233 K	0.00425	0.00021	0.99554
234 E	0.00425	0.00230	0.99345
235 L	0.00422	0.00758	0.9882
236 T	0.00420	0.01383	0.98196
237 T	0.00420	0.02313	0.97267
238 Q	0.00409	0.52231	0.4736
239 I	0.00218	0.57858	0.41923
240 S	0.00191	0.59127	0.40681
241 L	0.00164	0.70919	0.28917
242 S	0.00150	0.73626	0.26224
243 L	0.00110	0.87008	0.12882
244 F	0.00098	0.87628	0.12273
245 Y	0.00095	0.90707	0.09198
246 T	0.00093	0.91619	0.08288
247 V	0.00090	0.91901	0.08009
248 L	0.00092	0.91919	0.0799
249 R	0.00103	0.91912	0.07986
250 I	0.00106	0.91914	0.0798
251 K	0.00120	0.91900	0.0798
252 L	0.00126	0.91895	0.07979
253 S	0.00223	0.91798	0.07979
254 A	0.00328	0.91693	0.07979
255 L	0.00342	0.91679	0.07979
256 F	0.00525	0.91495	0.07979
257 M	0.01109	0.90910	0.0798
258 G	0.01742	0.90274	0.07983
259 L	0.02316	0.89696	0.07988
260 I	0.04778	0.87229	0.07993
261 T	0.56077	0.35891	0.08032
262 S	0.61860	0.29925	0.08215
263 V	0.66568	0.25193	0.08239
264 P	0.83189	0.08535	0.08276
265 Q	0.88650	0.03058	0.08293
266 K	0.91635	0.00052	0.08313
267 E	0.91671	0.00015	0.08314
268 T	0.91683	0.00003	0.08314
269 K	0.91686	0.00001	0.08314
270 L	0.91686	0.00001	0.08314
271 N	0.91686	0.00000	0.08314
272 C	0.91687	0.00000	0.08314
