# tr|Q6YQ67|Q6YQ67_ONYPE
# AA	inside	membr	outside
1 M	0.06320	0.00000	0.93679
2 M	0.05988	0.00332	0.93679
3 I	0.05964	0.00356	0.93679
4 L	0.05964	0.00358	0.93678
5 K	0.05954	0.00367	0.93678
6 M	0.05954	0.00369	0.93676
7 I	0.05501	0.00823	0.93676
8 F	0.05501	0.00823	0.93676
9 S	0.05495	0.00829	0.93676
10 F	0.05495	0.00837	0.93668
11 N	0.05485	0.00848	0.93666
12 F	0.05309	0.01027	0.93664
13 L	0.05063	0.01281	0.93656
14 K	0.05063	0.01281	0.93656
15 Y	0.05063	0.07933	0.87004
16 L	0.05014	0.07982	0.87004
17 I	0.05004	0.08000	0.86996
18 S	0.05003	0.08003	0.86994
19 F	0.04996	0.08014	0.8699
20 D	0.04988	0.07822	0.8719
21 F	0.04852	0.07947	0.87201
22 K	0.04848	0.07854	0.87298
23 D	0.04769	0.11732	0.835
24 F	0.00946	0.50803	0.48251
25 F	0.00357	0.73005	0.26637
26 Y	0.00210	0.86150	0.13639
27 L	0.00123	0.89787	0.1009
28 L	0.00081	0.96156	0.03763
29 Y	0.00072	0.98152	0.01776
30 S	0.00062	0.98665	0.01273
31 I	0.00053	0.99607	0.0034
32 F	0.00050	0.99707	0.00243
33 Y	0.00063	0.99741	0.00196
34 S	0.00101	0.99681	0.00217
35 I	0.00162	0.99571	0.00267
36 F	0.00205	0.99320	0.00475
37 F	0.00352	0.99144	0.00504
38 T	0.06785	0.92606	0.00609
39 K	0.06852	0.92398	0.0075
40 S	0.06859	0.92393	0.00748
41 S	0.06885	0.92366	0.00749
42 F	0.06763	0.92503	0.00734
43 L	0.07128	0.92081	0.00791
44 F	0.10176	0.88885	0.00939
45 G	0.13925	0.84840	0.01235
46 F	0.19587	0.78970	0.01442
47 N	0.49829	0.45521	0.0465
48 V	0.63787	0.31445	0.04769
49 G	0.73800	0.21411	0.04789
50 W	0.71563	0.25407	0.03031
51 N	0.70729	0.26470	0.02801
52 I	0.64950	0.32538	0.02511
53 N	0.54782	0.42742	0.02475
54 F	0.40254	0.57449	0.02296
55 I	0.21481	0.76322	0.02196
56 N	0.18384	0.79729	0.01887
57 I	0.09291	0.89413	0.01297
58 Y	0.05660	0.93058	0.01282
59 N	0.04140	0.94604	0.01257
60 I	0.03025	0.95801	0.01174
61 I	0.02848	0.96179	0.00972
62 K	0.02834	0.96085	0.0108
63 T	0.02204	0.96810	0.00986
64 I	0.01346	0.97840	0.00815
65 F	0.01130	0.98050	0.00821
66 V	0.00937	0.98357	0.00706
67 F	0.00615	0.98501	0.00884
68 I	0.00567	0.98440	0.00994
69 W	0.00760	0.94174	0.05066
70 E	0.02083	0.84383	0.13533
71 H	0.02194	0.80378	0.17428
72 L	0.02247	0.79366	0.18388
73 T	0.03401	0.74151	0.22448
74 T	0.03597	0.51478	0.44925
75 L	0.03574	0.47413	0.49013
76 I	0.03585	0.39648	0.56767
77 Y	0.03687	0.34455	0.61858
78 P	0.03754	0.19258	0.76988
79 L	0.04001	0.14395	0.81604
80 K	0.04646	0.04550	0.90804
81 L	0.04193	0.04762	0.91045
82 F	0.03399	0.05704	0.90897
83 S	0.03444	0.05713	0.90843
84 S	0.03418	0.08422	0.88159
85 L	0.02016	0.17172	0.80812
86 F	0.02101	0.18009	0.79889
87 D	0.02303	0.20430	0.77267
88 F	0.02065	0.56264	0.41671
89 L	0.02044	0.71486	0.2647
90 M	0.01983	0.74748	0.23269
91 Q	0.01930	0.75765	0.22305
92 I	0.01130	0.83514	0.15356
93 L	0.01030	0.84006	0.14964
94 K	0.00978	0.84761	0.14261
95 I	0.00549	0.87597	0.11854
96 F	0.00472	0.88200	0.11328
97 I	0.00462	0.88510	0.11027
98 D	0.00500	0.88432	0.11067
99 V	0.00312	0.88732	0.10955
100 F	0.00307	0.88726	0.10967
101 G	0.00327	0.88633	0.1104
102 S	0.00359	0.88553	0.11088
103 I	0.00396	0.88501	0.11103
104 I	0.00830	0.87763	0.11407
105 G	0.01826	0.85964	0.12211
106 Y	0.04064	0.83628	0.12308
107 I	0.10076	0.77339	0.12585
108 K	0.36741	0.49005	0.14253
109 S	0.39310	0.46411	0.14279
110 S	0.42064	0.43634	0.14302
111 I	0.59180	0.26465	0.14356
112 T	0.72138	0.13352	0.14511
113 S	0.75670	0.09695	0.14635
114 L	0.76520	0.08671	0.14809
115 T	0.80891	0.03678	0.1543
116 G	0.81884	0.02614	0.15502
117 Q	0.83348	0.00713	0.1594
118 K	0.83762	0.00072	0.16166
119 L	0.83765	0.00053	0.16182
120 M	0.83782	0.00035	0.16183
121 D	0.83793	0.00022	0.16185
122 P	0.83795	0.00000	0.16205
123 S	0.83795	0.00000	0.16205
124 E	0.83795	0.00000	0.16205
125 S	0.83793	0.00003	0.16204
126 M	0.83785	0.00014	0.16201
127 W	0.83628	0.00178	0.16195
128 E	0.83542	0.00282	0.16175
129 K	0.83498	0.00346	0.16155
130 I	0.82871	0.01215	0.15914
131 K	0.82389	0.01755	0.15855
132 E	0.78521	0.06184	0.15295
133 I	0.66865	0.20999	0.12137
134 A	0.62754	0.25234	0.12012
135 K	0.60793	0.27241	0.11965
136 L	0.16142	0.82684	0.01174
137 I	0.14431	0.85082	0.00487
138 F	0.14064	0.85506	0.0043
139 S	0.13694	0.85938	0.00368
140 V	0.13464	0.86267	0.0027
141 A	0.13446	0.86307	0.00247
142 V	0.13439	0.86319	0.00243
143 G	0.13435	0.86324	0.00241
144 G	0.13433	0.86328	0.0024
145 S	0.13431	0.86332	0.00237
146 V	0.13430	0.86333	0.00237
147 I	0.13430	0.86331	0.00238
148 Y	0.13440	0.86219	0.00341
149 F	0.13452	0.85992	0.00556
150 L	0.13598	0.83256	0.03145
151 K	0.17412	0.67373	0.15214
152 E	0.17640	0.62407	0.19953
153 I	0.17658	0.61217	0.21125
154 N	0.17668	0.56416	0.25917
155 N	0.17816	0.55596	0.26587
156 F	0.17240	0.55746	0.27015
157 L	0.17076	0.50327	0.32597
158 L	0.17093	0.47922	0.34986
159 N	0.27774	0.02871	0.69354
160 S	0.28222	0.02095	0.69683
161 F	0.28054	0.02196	0.69749
162 I	0.28068	0.01804	0.70128
163 K	0.28145	0.01476	0.70379
164 I	0.28097	0.02706	0.69196
165 G	0.28068	0.05541	0.66392
166 D	0.27977	0.06156	0.65866
167 L	0.21848	0.16255	0.61897
168 L	0.20443	0.29479	0.50078
169 F	0.20338	0.30067	0.49594
170 K	0.19472	0.34453	0.46075
171 I	0.01625	0.79119	0.19256
172 V	0.00448	0.81862	0.1769
173 L	0.00319	0.87627	0.12054
174 R	0.00343	0.87611	0.12046
175 I	0.00340	0.87670	0.11991
176 L	0.00342	0.87657	0.12001
177 D	0.00355	0.87623	0.12022
178 I	0.00348	0.87907	0.11745
179 I	0.00342	0.87192	0.12465
180 S	0.00338	0.87041	0.12621
181 I	0.00334	0.87057	0.1261
182 V	0.00343	0.87046	0.12611
183 L	0.00428	0.86951	0.12621
184 K	0.00513	0.86592	0.12895
185 F	0.00500	0.86663	0.12837
186 F	0.00510	0.86773	0.12717
187 L	0.02096	0.85238	0.12666
188 F	0.06686	0.80689	0.12625
189 L	0.18133	0.67185	0.14682
190 F	0.30432	0.43576	0.25991
191 K	0.57927	0.01927	0.40146
192 K	0.56755	0.03467	0.39778
193 V	0.37043	0.39223	0.23733
194 I	0.22163	0.75753	0.02083
195 I	0.03249	0.96634	0.00117
196 I	0.01078	0.98917	5e-05
197 L	0.00028	0.99969	3e-05
198 S	0.00024	0.99974	2e-05
199 F	0.00006	0.99993	0
200 V	0.00006	0.99993	0
201 L	0.00016	0.99980	3e-05
202 S	0.00019	0.99974	7e-05
203 F	0.00020	0.99972	9e-05
204 F	0.00022	0.99966	0.00011
205 I	0.00026	0.99961	0.00014
206 N	0.00032	0.99948	0.00021
207 F	0.00034	0.99944	0.00022
208 L	0.00068	0.99892	0.0004
209 Y	0.00181	0.99763	0.00057
210 L	0.00290	0.99607	0.00104
211 W	0.01227	0.98027	0.00746
212 V	0.02745	0.94082	0.03173
213 F	0.10696	0.70409	0.18895
214 E	0.35643	0.14020	0.50337
215 N	0.36750	0.08343	0.54907
216 A	0.39720	0.02456	0.57824
217 K	0.41036	0.00117	0.58847
218 K	0.41054	0.00004	0.58942
219 I	0.41054	0.00003	0.58943
220 L	0.41054	0.00000	0.58946
