# USQ93532.1
# AA	inside	membr	outside
1 M	0.00617	0.00000	0.99382
2 R	0.00614	0.00003	0.99382
3 N	0.00608	0.00009	0.99382
4 F	0.00608	0.00009	0.99382
5 F	0.00526	0.00092	0.99382
6 F	0.00526	0.00092	0.99382
7 S	0.00523	0.00095	0.99382
8 F	0.00523	0.00095	0.99382
9 F	0.00522	0.00095	0.99382
10 K	0.00522	0.00095	0.99382
11 V	0.00485	0.00133	0.99382
12 L	0.00433	0.00185	0.99382
13 S	0.00358	0.00260	0.99382
14 Y	0.00358	0.00260	0.99382
15 R	0.00358	0.00260	0.99382
16 H	0.00335	0.00284	0.99382
17 N	0.00324	0.00294	0.99382
18 S	0.00323	0.00294	0.99384
19 Y	0.00301	0.00316	0.99384
20 F	0.00279	0.00334	0.99386
21 S	0.00264	0.00346	0.99389
22 N	0.00263	0.00353	0.99383
23 S	0.00262	0.00377	0.99361
24 N	0.00261	0.00495	0.99244
25 Y	0.00253	0.01906	0.97841
26 L	0.00252	0.02881	0.96867
27 V	0.00251	0.03401	0.96347
28 L	0.00251	0.03576	0.96173
29 E	0.00251	0.03674	0.96075
30 G	0.00250	0.04758	0.94991
31 L	0.00249	0.05517	0.94233
32 L	0.00247	0.06168	0.93585
33 A	0.00248	0.07063	0.92689
34 T	0.00247	0.10460	0.89293
35 V	0.00244	0.15647	0.84108
36 K	0.00241	0.17135	0.82624
37 L	0.00012	0.96273	0.03715
38 I	0.00007	0.98405	0.01588
39 F	0.00003	0.99413	0.00584
40 L	0.00001	0.99709	0.0029
41 S	0.00001	0.99772	0.00227
42 C	0.00001	0.99900	0.00099
43 F	0.00001	0.99962	0.00038
44 I	0.00001	0.99996	3e-05
45 S	0.00001	0.99997	2e-05
46 S	0.00001	0.99998	1e-05
47 I	0.00001	0.99999	0
48 L	0.00014	0.99986	0
49 G	0.00070	0.99929	0
50 F	0.00099	0.99900	0
51 L	0.00114	0.99886	0
52 L	0.00126	0.99873	1e-05
53 A	0.00458	0.99542	1e-05
54 I	0.00693	0.99305	2e-05
55 Y	0.01049	0.98947	4e-05
56 L	0.02122	0.97873	5e-05
57 Y	0.11347	0.88647	6e-05
58 L	0.19410	0.80579	0.00011
59 L	0.23744	0.76230	0.00025
60 K	0.97539	0.02199	0.00262
61 I	0.98305	0.01433	0.00262
62 K	0.99688	0.00049	0.00263
63 N	0.99734	0.00003	0.00263
64 K	0.99727	0.00010	0.00263
65 I	0.99655	0.00082	0.00262
66 K	0.98716	0.01022	0.00262
67 T	0.98019	0.01721	0.00259
68 Y	0.55076	0.44681	0.00243
69 F	0.39555	0.60233	0.00212
70 L	0.30340	0.69449	0.00211
71 I	0.21320	0.78470	0.0021
72 N	0.02054	0.97737	0.00209
73 N	0.01581	0.98213	0.00206
74 F	0.00847	0.99150	3e-05
75 I	0.00274	0.99724	2e-05
76 N	0.00134	0.99864	2e-05
77 I	0.00098	0.99901	1e-05
78 V	0.00059	0.99940	1e-05
79 I	0.00014	0.99985	0
80 S	0.00002	0.99997	0
81 T	0.00002	0.99997	0
82 P	0.00002	0.99998	0
83 Y	0.00002	0.99997	1e-05
84 L	0.00002	0.99995	3e-05
85 M	0.00002	0.99978	0.0002
86 L	0.00002	0.99939	0.00059
87 V	0.00002	0.99658	0.0034
88 I	0.00002	0.97953	0.02044
89 L	0.00003	0.95799	0.04197
90 I	0.00008	0.88990	0.11002
91 T	0.00032	0.48646	0.51322
92 N	0.00055	0.23832	0.76113
93 H	0.00057	0.15644	0.843
94 F	0.00057	0.12497	0.87446
95 L	0.00060	0.03163	0.96778
96 G	0.00072	0.02621	0.97308
97 P	0.00263	0.01666	0.98072
98 N	0.00252	0.02934	0.96814
99 F	0.00248	0.16681	0.83071
100 R	0.00247	0.31358	0.68395
101 C	0.00190	0.59526	0.40284
102 Y	0.00161	0.76797	0.23042
103 Y	0.00079	0.89642	0.10278
104 G	0.00077	0.93533	0.0639
105 F	0.00076	0.99131	0.00793
106 K	0.00076	0.99418	0.00506
107 A	0.00074	0.99721	0.00205
108 A	0.00072	0.99748	0.0018
109 L	0.00069	0.99771	0.0016
110 F	0.00069	0.99787	0.00145
111 C	0.00069	0.99787	0.00144
112 L	0.00069	0.99789	0.00143
113 S	0.00069	0.99788	0.00142
114 F	0.00071	0.99787	0.00142
115 V	0.00076	0.99782	0.00142
116 L	0.00089	0.99769	0.00142
117 I	0.00393	0.99465	0.00142
118 C	0.01416	0.98441	0.00143
119 V	0.03340	0.96516	0.00145
120 F	0.08756	0.91095	0.00149
121 S	0.44181	0.55565	0.00255
122 R	0.78097	0.21617	0.00286
123 N	0.90033	0.09671	0.00296
124 C	0.95716	0.03963	0.0032
125 E	0.99218	0.00456	0.00327
126 Q	0.99500	0.00169	0.00331
127 V	0.99518	0.00151	0.00331
128 F	0.99543	0.00126	0.00331
129 L	0.99553	0.00117	0.00331
130 Q	0.99629	0.00038	0.00334
131 I	0.99632	0.00034	0.00335
132 N	0.99645	0.00019	0.00336
133 P	0.99640	0.00037	0.00324
134 E	0.99638	0.00043	0.0032
135 I	0.99633	0.00132	0.00234
136 Y	0.99629	0.00166	0.00205
137 Q	0.99629	0.00172	0.002
138 T	0.99627	0.00186	0.00187
139 A	0.99626	0.00188	0.00186
140 Y	0.99626	0.00189	0.00186
141 T	0.99625	0.00190	0.00185
142 L	0.99625	0.00190	0.00186
143 G	0.99625	0.00190	0.00186
144 A	0.99625	0.00190	0.00186
145 S	0.99625	0.00182	0.00193
146 K	0.99626	0.00179	0.00196
147 K	0.99626	0.00179	0.00196
148 Q	0.99620	0.00199	0.00182
149 F	0.99464	0.00432	0.00104
150 I	0.99442	0.00469	0.00088
151 I	0.99434	0.00480	0.00087
152 Y	0.99422	0.00491	0.00087
153 F	0.99412	0.00500	0.00088
154 L	0.99412	0.00500	0.00089
155 L	0.99459	0.00448	0.00093
156 K	0.99535	0.00356	0.00109
157 E	0.99491	0.00398	0.0011
158 S	0.99098	0.00795	0.00106
159 R	0.98903	0.00995	0.00102
160 S	0.94302	0.05603	0.00095
161 F	0.64746	0.35170	0.00084
162 L	0.54739	0.45183	0.00079
163 I	0.52177	0.47746	0.00078
164 L	0.51246	0.48675	0.00079
165 K	0.50841	0.49080	0.0008
166 L	0.34809	0.65114	0.00078
167 V	0.31215	0.68709	0.00076
168 S	0.29862	0.70061	0.00077
169 L	0.24855	0.75071	0.00074
170 F	0.22220	0.77715	0.00064
171 I	0.21491	0.78458	0.00051
172 S	0.18250	0.81558	0.00192
173 A	0.09477	0.90326	0.00196
174 L	0.05475	0.94328	0.00197
175 A	0.02333	0.97536	0.00132
176 Y	0.01914	0.97926	0.0016
177 S	0.01403	0.98359	0.00238
178 S	0.00679	0.98949	0.00371
179 V	0.00199	0.99272	0.00529
180 L	0.00047	0.98955	0.00997
181 H	0.00041	0.97262	0.02697
182 I	0.00026	0.97087	0.02887
183 L	0.00025	0.94865	0.0511
184 G	0.00030	0.79723	0.20247
185 Q	0.00034	0.74530	0.25436
186 A	0.00034	0.73399	0.26567
187 G	0.00034	0.73131	0.26836
188 L	0.00034	0.72898	0.27068
189 I	0.00034	0.68833	0.31133
190 G	0.00035	0.65560	0.34405
191 I	0.00035	0.64953	0.35012
192 I	0.00039	0.61394	0.38567
193 Y	0.00048	0.55906	0.44046
194 T	0.00086	0.53407	0.46508
195 Y	0.00100	0.37572	0.62328
196 G	0.00123	0.15869	0.84008
197 W	0.00140	0.10336	0.89525
198 N	0.00276	0.01217	0.98507
199 D	0.00315	0.00749	0.98936
200 G	0.00319	0.00318	0.99364
201 N	0.00321	0.00152	0.99527
202 L	0.00353	0.00103	0.99544
203 N	0.00401	0.00053	0.99547
204 F	0.00410	0.00043	0.99547
205 K	0.00445	0.00006	0.99549
206 K	0.00449	0.00003	0.99548
207 A	0.00447	0.00264	0.99289
208 G	0.00446	0.00336	0.99217
209 F	0.00435	0.00562	0.99003
210 N	0.00429	0.00925	0.98647
211 Q	0.00424	0.03378	0.96198
212 L	0.00415	0.09658	0.89926
213 E	0.00411	0.11230	0.88358
214 L	0.00191	0.56430	0.43379
215 T	0.00121	0.90925	0.08954
216 L	0.00067	0.95613	0.0432
217 T	0.00050	0.98132	0.01818
218 Y	0.00006	0.99532	0.00462
219 I	0.00001	0.99956	0.00043
220 I	0.00000	0.99998	1e-05
221 I	0.00000	0.99999	0
222 I	0.00000	0.99999	0
223 F	0.00000	0.99999	0
224 L	0.00000	0.99999	0
225 L	0.00001	0.99999	0
226 V	0.00004	0.99995	0
227 Q	0.00048	0.99952	0
228 I	0.00051	0.99948	1e-05
229 V	0.00066	0.99932	1e-05
230 N	0.00328	0.99666	5e-05
231 L	0.00398	0.99595	7e-05
232 I	0.00866	0.99112	0.00021
233 G	0.02432	0.97536	0.00033
234 N	0.09263	0.90687	0.0005
235 W	0.16223	0.83721	0.00055
236 I	0.19763	0.80169	0.00069
237 A	0.62599	0.37110	0.00292
238 D	0.98270	0.01305	0.00425
239 K	0.99519	0.00031	0.00451
240 F	0.99536	0.00013	0.00451
241 D	0.99548	0.00000	0.00452
242 K	0.99549	0.00000	0.00452
243 T	0.99549	0.00000	0.00452
244 R	0.99549	0.00000	0.00452
