# USQ93409.1
# AA	inside	membr	outside
1 M	0.99622	0.00000	0.00378
2 L	0.99622	0.00000	0.00378
3 E	0.99622	0.00000	0.00378
4 K	0.99622	0.00000	0.00378
5 G	0.99622	0.00000	0.00378
6 Q	0.99622	0.00000	0.00378
7 N	0.99622	0.00000	0.00378
8 I	0.99622	0.00000	0.00378
9 P	0.99622	0.00000	0.00378
10 K	0.99622	0.00000	0.00378
11 M	0.99622	0.00000	0.00378
12 N	0.99622	0.00000	0.00378
13 I	0.99622	0.00000	0.00378
14 N	0.99622	0.00000	0.00378
15 H	0.99622	0.00000	0.00378
16 D	0.99622	0.00000	0.00378
17 D	0.99621	0.00001	0.00378
18 K	0.99616	0.00006	0.00378
19 F	0.76108	0.23528	0.00364
20 L	0.63765	0.35885	0.0035
21 T	0.57918	0.41732	0.0035
22 K	0.57238	0.42413	0.00349
23 Y	0.38483	0.61241	0.00276
24 N	0.24037	0.75719	0.00244
25 I	0.13146	0.86819	0.00035
26 T	0.09413	0.90576	0.00011
27 I	0.02578	0.97419	3e-05
28 V	0.00345	0.99655	1e-05
29 L	0.00039	0.99960	0
30 I	0.00008	0.99992	0
31 S	0.00002	0.99998	0
32 L	0.00000	0.99999	0
33 F	0.00000	1.00000	0
34 L	0.00000	1.00000	0
35 M	0.00000	0.99999	0
36 F	0.00000	0.99999	1e-05
37 L	0.00000	0.99970	0.0003
38 Y	0.00001	0.99751	0.00249
39 T	0.00001	0.99210	0.00789
40 F	0.00001	0.98220	0.01778
41 I	0.00003	0.96220	0.03776
42 D	0.00036	0.67072	0.32892
43 V	0.00041	0.62108	0.37852
44 I	0.00041	0.59168	0.40791
45 L	0.00048	0.55847	0.44105
46 M	0.00128	0.34155	0.65717
47 S	0.00161	0.12526	0.87313
48 G	0.00357	0.04420	0.95223
49 D	0.00376	0.01107	0.98516
50 Y	0.00377	0.00564	0.99059
51 D	0.00377	0.00027	0.99596
52 I	0.00366	0.00051	0.99584
53 K	0.00365	0.00039	0.99597
54 L	0.00220	0.00198	0.99583
55 Y	0.00216	0.00216	0.99569
56 T	0.00215	0.00245	0.9954
57 T	0.00207	0.00264	0.99529
58 G	0.00195	0.00277	0.99529
59 I	0.00187	0.00285	0.99528
60 H	0.00187	0.00285	0.99528
61 G	0.00187	0.00285	0.99528
62 I	0.00187	0.00285	0.99528
63 G	0.00187	0.00285	0.99528
64 D	0.00187	0.00285	0.99528
65 A	0.00187	0.00285	0.99528
66 I	0.00187	0.00285	0.99528
67 A	0.00187	0.00284	0.9953
68 K	0.00187	0.00283	0.9953
69 I	0.00187	0.00283	0.99531
70 L	0.00188	0.00280	0.99532
71 K	0.00191	0.00274	0.99535
72 S	0.00192	0.00269	0.9954
73 V	0.00192	0.00269	0.99539
74 F	0.00199	0.00261	0.9954
75 Q	0.00269	0.00187	0.99544
76 I	0.00272	0.00196	0.99531
77 Q	0.00281	0.00033	0.99686
78 N	0.00278	0.00035	0.99687
79 E	0.00275	0.00221	0.99504
80 S	0.00226	0.03021	0.96752
81 F	0.00040	0.81505	0.18455
82 N	0.00026	0.85286	0.14688
83 G	0.00009	0.93945	0.06046
84 W	0.00003	0.99222	0.00775
85 F	0.00001	0.99676	0.00324
86 A	0.00000	0.99964	0.00036
87 A	0.00000	0.99988	0.00012
88 C	0.00000	0.99993	7e-05
89 F	0.00000	0.99999	0
90 F	0.00000	1.00000	0
91 A	0.00000	1.00000	0
92 V	0.00000	1.00000	0
93 V	0.00000	1.00000	0
94 N	0.00000	1.00000	0
95 V	0.00000	1.00000	0
96 F	0.00000	1.00000	0
97 L	0.00000	1.00000	0
98 F	0.00046	0.99954	0
99 V	0.00335	0.99664	1e-05
100 F	0.00473	0.99524	3e-05
101 I	0.00992	0.98958	0.00049
102 S	0.03567	0.96361	0.00071
103 F	0.06118	0.93758	0.00125
104 P	0.96987	0.02751	0.00262
105 K	0.98823	0.00900	0.00277
106 L	0.99507	0.00214	0.00279
107 D	0.99709	0.00010	0.00281
108 L	0.99493	0.00229	0.00278
109 K	0.99260	0.00463	0.00278
110 F	0.10594	0.89181	0.00225
111 S	0.08462	0.91324	0.00214
112 L	0.07148	0.92682	0.0017
113 N	0.06236	0.93666	0.00098
114 S	0.04749	0.95178	0.00073
115 L	0.00429	0.99537	0.00034
116 I	0.00020	0.99962	0.00018
117 N	0.00005	0.99979	0.00015
118 I	0.00002	0.99998	0
119 I	0.00001	0.99999	0
120 G	0.00001	0.99999	0
121 F	0.00000	0.99999	0
122 F	0.00000	1.00000	0
123 V	0.00000	1.00000	0
124 F	0.00000	1.00000	0
125 L	0.00000	1.00000	0
126 F	0.00000	1.00000	0
127 I	0.00000	0.99999	1e-05
128 L	0.00000	0.99938	0.00062
129 T	0.00002	0.99731	0.00267
130 Y	0.00003	0.99098	0.009
131 L	0.00008	0.98424	0.01568
132 I	0.00022	0.96856	0.03123
133 N	0.00148	0.05345	0.94507
134 N	0.00183	0.01791	0.98026
135 P	0.00245	0.00273	0.99483
136 K	0.00269	0.00112	0.99619
137 G	0.00270	0.00117	0.99613
138 M	0.00275	0.00093	0.99632
139 L	0.00276	0.00056	0.99668
140 N	0.00277	0.00042	0.99681
141 S	0.00278	0.00041	0.99682
142 W	0.00278	0.00052	0.9967
143 S	0.00278	0.00053	0.9967
144 Y	0.00278	0.00053	0.9967
145 C	0.00277	0.00054	0.9967
146 F	0.00277	0.00056	0.99668
147 G	0.00277	0.00076	0.99648
148 W	0.00277	0.00077	0.99647
149 I	0.00277	0.00077	0.99647
150 P	0.00277	0.00077	0.99647
151 K	0.00277	0.00077	0.99647
152 N	0.00277	0.00188	0.99536
153 C	0.00271	0.00204	0.99525
154 G	0.00270	0.00289	0.99441
155 I	0.00267	0.00396	0.99337
156 W	0.00276	0.00417	0.99307
157 K	0.00292	0.00597	0.9911
158 S	0.00244	0.27321	0.72435
159 L	0.00123	0.59810	0.40067
160 L	0.00120	0.70616	0.29263
161 R	0.00125	0.73500	0.26375
162 V	0.00092	0.90221	0.09687
163 I	0.00063	0.96068	0.03869
164 I	0.00033	0.98276	0.01692
165 V	0.00034	0.98435	0.01531
166 S	0.00036	0.98635	0.01329
167 I	0.00023	0.99361	0.00617
168 F	0.00016	0.99446	0.00538
169 S	0.00018	0.99458	0.00523
170 S	0.00034	0.99495	0.00471
171 F	0.00033	0.99755	0.00212
172 A	0.00040	0.99837	0.00123
173 I	0.00048	0.99877	0.00075
174 G	0.00088	0.99859	0.00053
175 M	0.00201	0.99751	0.00048
176 C	0.00239	0.99712	0.0005
177 I	0.00316	0.99644	0.0004
178 N	0.00624	0.99329	0.00047
179 I	0.00800	0.99157	0.00044
180 G	0.02240	0.97712	0.00048
181 S	0.35170	0.64737	0.00093
182 S	0.70882	0.28896	0.00222
183 T	0.80796	0.18978	0.00226
184 G	0.82043	0.17728	0.00229
185 G	0.91525	0.08234	0.00241
186 I	0.95225	0.04506	0.00269
187 D	0.97059	0.02630	0.00311
188 I	0.97079	0.02610	0.00311
189 I	0.97331	0.02357	0.00313
190 A	0.98100	0.01579	0.00322
191 K	0.98235	0.01427	0.00338
192 Y	0.98227	0.01435	0.00338
193 L	0.98268	0.01394	0.00338
194 V	0.98577	0.01085	0.00339
195 I	0.99020	0.00642	0.00339
196 Y	0.99281	0.00379	0.0034
197 K	0.99545	0.00110	0.00345
198 N	0.99505	0.00152	0.00343
199 Q	0.99458	0.00214	0.00328
200 T	0.94233	0.05555	0.00212
201 I	0.35170	0.64804	0.00026
202 S	0.28050	0.71927	0.00023
203 T	0.24720	0.75262	0.00018
204 S	0.18476	0.81515	9e-05
205 I	0.04919	0.95079	2e-05
206 N	0.00981	0.99018	0
207 V	0.00039	0.99961	0
208 L	0.00004	0.99995	0
209 N	0.00001	0.99998	0
210 F	0.00001	0.99999	0
211 F	0.00001	0.99999	0
212 I	0.00001	0.99999	0
213 A	0.00001	0.99999	1e-05
214 I	0.00001	0.99998	2e-05
215 F	0.00001	0.99982	0.00017
216 S	0.00001	0.99969	0.00031
217 I	0.00001	0.99962	0.00038
218 I	0.00001	0.99934	0.00066
219 F	0.00001	0.99708	0.00291
220 L	0.00003	0.98596	0.01401
221 S	0.00022	0.97961	0.02018
222 I	0.00038	0.97484	0.02478
223 W	0.00169	0.85793	0.14037
224 D	0.00344	0.06530	0.93127
225 R	0.00345	0.00919	0.98737
226 N	0.00340	0.02061	0.97599
227 I	0.00298	0.35782	0.6392
228 H	0.00173	0.72103	0.27724
229 L	0.00064	0.85966	0.13969
230 V	0.00005	0.86799	0.13197
231 S	0.00004	0.87149	0.12847
232 L	0.00001	0.90401	0.09599
233 L	0.00001	0.99657	0.00343
234 L	0.00000	0.99822	0.00178
235 T	0.00000	0.99845	0.00155
236 F	0.00000	0.99935	0.00065
237 I	0.00000	0.99947	0.00053
238 K	0.00000	0.99960	0.0004
239 L	0.00000	0.99973	0.00027
240 A	0.00000	0.99974	0.00026
241 V	0.00000	0.99975	0.00025
242 N	0.00002	0.99973	0.00025
243 S	0.00004	0.99972	0.00025
244 L	0.00005	0.99970	0.00025
245 I	0.00077	0.99899	0.00025
246 I	0.00320	0.99656	0.00025
247 Y	0.02675	0.97299	0.00027
248 I	0.03713	0.96254	0.00033
249 T	0.09273	0.90664	0.00063
250 L	0.35124	0.64743	0.00133
251 N	0.77326	0.22389	0.00285
252 K	0.92468	0.07166	0.00366
253 I	0.92671	0.06960	0.00369
254 N	0.92959	0.06672	0.00369
255 L	0.93833	0.05798	0.00369
256 K	0.99533	0.00098	0.00369
257 F	0.99547	0.00084	0.00369
258 I	0.99560	0.00070	0.00369
259 R	0.99629	0.00002	0.0037
260 K	0.99631	0.00000	0.0037
