# USQ93524.1
# AA	inside	membr	outside
1 M	0.97825	0.00000	0.02175
2 L	0.97825	0.00000	0.02175
3 R	0.97825	0.00000	0.02175
4 D	0.97825	0.00000	0.02175
5 K	0.97825	0.00000	0.02175
6 I	0.97825	0.00000	0.02175
7 K	0.97825	0.00000	0.02175
8 I	0.97825	0.00000	0.02175
9 S	0.97825	0.00000	0.02175
10 G	0.97825	0.00000	0.02175
11 A	0.97825	0.00000	0.02175
12 F	0.97825	0.00000	0.02175
13 E	0.97825	0.00000	0.02175
14 R	0.97825	0.00000	0.02175
15 I	0.97825	0.00000	0.02175
16 K	0.97825	0.00000	0.02175
17 E	0.97825	0.00000	0.02175
18 R	0.97825	0.00000	0.02175
19 F	0.97825	0.00000	0.02175
20 F	0.97825	0.00000	0.02175
21 T	0.97825	0.00000	0.02175
22 T	0.97825	0.00000	0.02175
23 S	0.97825	0.00000	0.02175
24 E	0.97825	0.00000	0.02175
25 P	0.97825	0.00000	0.02175
26 N	0.97825	0.00000	0.02175
27 I	0.97825	0.00000	0.02175
28 I	0.97823	0.00003	0.02175
29 Y	0.97822	0.00003	0.02175
30 Q	0.97822	0.00003	0.02175
31 N	0.97814	0.00011	0.02175
32 R	0.97785	0.00042	0.02173
33 V	0.95910	0.01927	0.02163
34 T	0.95834	0.02007	0.02159
35 R	0.95445	0.02433	0.02122
36 A	0.90286	0.08052	0.01662
37 G	0.70612	0.27931	0.01458
38 I	0.36426	0.62294	0.0128
39 A	0.35520	0.63227	0.01252
40 T	0.35220	0.63541	0.0124
41 K	0.33922	0.64880	0.01199
42 T	0.16855	0.82539	0.00605
43 I	0.01369	0.98528	0.00104
44 M	0.00729	0.99217	0.00054
45 L	0.00097	0.99878	0.00024
46 L	0.00036	0.99955	9e-05
47 L	0.00024	0.99971	6e-05
48 I	0.00021	0.99975	4e-05
49 T	0.00021	0.99975	5e-05
50 S	0.00021	0.99974	5e-05
51 F	0.00021	0.99963	0.00017
52 F	0.00021	0.99958	0.00021
53 S	0.00021	0.99925	0.00055
54 G	0.00021	0.99903	0.00076
55 V	0.00024	0.99667	0.00309
56 S	0.00037	0.93140	0.06823
57 Y	0.00046	0.92878	0.07077
58 F	0.00119	0.92112	0.07769
59 F	0.00601	0.89932	0.09468
60 T	0.00874	0.69640	0.29487
61 N	0.01075	0.18254	0.80672
62 S	0.01123	0.17424	0.81453
63 F	0.01148	0.17361	0.81492
64 I	0.01322	0.17019	0.8166
65 N	0.01773	0.06847	0.91381
66 D	0.02184	0.00282	0.97534
67 V	0.01999	0.00549	0.97453
68 K	0.01983	0.00962	0.97055
69 N	0.01733	0.20577	0.77689
70 I	0.00625	0.96899	0.02476
71 Y	0.00136	0.99156	0.00709
72 I	0.00008	0.99685	0.00308
73 L	0.00001	0.99853	0.00146
74 F	0.00000	0.99977	0.00023
75 I	0.00000	0.99999	1e-05
76 I	0.00000	0.99999	1e-05
77 F	0.00000	0.99999	1e-05
78 S	0.00000	0.99999	1e-05
79 L	0.00000	0.99999	1e-05
80 I	0.00000	0.99999	1e-05
81 T	0.00001	0.99999	1e-05
82 C	0.00001	0.99998	1e-05
83 F	0.00001	0.99998	1e-05
84 A	0.00003	0.99996	1e-05
85 S	0.00049	0.99949	1e-05
86 I	0.00149	0.99849	2e-05
87 I	0.02025	0.97970	5e-05
88 G	0.23536	0.76128	0.00335
89 T	0.42879	0.56340	0.0078
90 R	0.51566	0.46847	0.01587
91 S	0.53301	0.44962	0.01737
92 V	0.56691	0.41543	0.01766
93 E	0.96532	0.01389	0.02079
94 A	0.93312	0.04579	0.0211
95 S	0.90687	0.07173	0.0214
96 K	0.87422	0.10446	0.02132
97 V	0.64177	0.34160	0.01664
98 C	0.55593	0.43199	0.01208
99 S	0.22035	0.77536	0.00429
100 F	0.03849	0.95997	0.00155
101 V	0.00526	0.99362	0.00112
102 Y	0.00299	0.99636	0.00066
103 S	0.00268	0.99679	0.00054
104 I	0.00213	0.99742	0.00045
105 F	0.00202	0.99754	0.00044
106 T	0.00202	0.99754	0.00044
107 G	0.00201	0.99755	0.00044
108 I	0.00200	0.99756	0.00044
109 P	0.00200	0.99755	0.00046
110 L	0.00199	0.99751	0.0005
111 G	0.00199	0.99742	0.00059
112 I	0.00199	0.99720	0.00082
113 M	0.00199	0.99514	0.00287
114 L	0.00201	0.97735	0.02064
115 G	0.00235	0.87623	0.12143
116 L	0.00274	0.80973	0.18753
117 C	0.00938	0.62054	0.37007
118 Q	0.01675	0.47957	0.50368
119 N	0.01782	0.36732	0.61486
120 V	0.01858	0.33964	0.64178
121 M	0.02049	0.30590	0.67361
122 P	0.02169	0.24053	0.73778
123 N	0.01661	0.32660	0.65679
124 I	0.01010	0.51916	0.47073
125 M	0.00834	0.69517	0.29649
126 P	0.00626	0.77292	0.22081
127 I	0.00368	0.88736	0.10896
128 C	0.00186	0.90613	0.09201
129 L	0.00022	0.95493	0.04484
130 I	0.00003	0.98919	0.01077
131 A	0.00002	0.99477	0.00521
132 L	0.00002	0.99885	0.00113
133 F	0.00002	0.99944	0.00054
134 A	0.00002	0.99950	0.00048
135 T	0.00002	0.99952	0.00046
136 A	0.00002	0.99953	0.00045
137 S	0.00002	0.99952	0.00045
138 V	0.00006	0.99948	0.00045
139 F	0.00033	0.99920	0.00047
140 G	0.00220	0.99729	0.00051
141 V	0.00558	0.99385	0.00057
142 T	0.02015	0.97886	0.00099
143 S	0.07204	0.92643	0.00153
144 Y	0.11910	0.87795	0.00296
145 L	0.18710	0.80900	0.0039
146 Y	0.38328	0.60608	0.01064
147 Y	0.61552	0.36776	0.01672
148 K	0.86606	0.11382	0.02011
149 G	0.88105	0.09650	0.02245
150 S	0.89274	0.08405	0.02321
151 L	0.89981	0.07651	0.02368
152 L	0.93851	0.03763	0.02386
153 E	0.97401	0.00209	0.0239
154 I	0.97499	0.00110	0.02391
155 D	0.97600	0.00008	0.02391
156 N	0.97576	0.00044	0.0238
157 S	0.97224	0.00435	0.0234
158 Q	0.95737	0.01936	0.02327
159 L	0.89250	0.08455	0.02296
160 I	0.87590	0.10170	0.0224
161 K	0.87445	0.10334	0.02221
162 K	0.85874	0.12077	0.02049
163 M	0.70770	0.27797	0.01432
164 S	0.48438	0.50446	0.01116
165 Y	0.22615	0.77048	0.00338
166 I	0.12089	0.87858	0.00053
167 F	0.01192	0.98788	0.00019
168 F	0.00126	0.99858	0.00016
169 V	0.00074	0.99911	0.00015
170 L	0.00054	0.99931	0.00014
171 F	0.00048	0.99938	0.00014
172 I	0.00046	0.99940	0.00013
173 I	0.00046	0.99940	0.00014
174 E	0.00046	0.99930	0.00024
175 F	0.00045	0.99918	0.00037
176 V	0.00045	0.99827	0.00128
177 T	0.00046	0.99716	0.00238
178 L	0.00052	0.99481	0.00467
179 F	0.00090	0.97846	0.02064
180 C	0.00261	0.90299	0.0944
181 C	0.00511	0.74840	0.24649
182 G	0.00643	0.64816	0.3454
183 Q	0.01689	0.62146	0.36165
184 T	0.01294	0.75426	0.2328
185 F	0.01037	0.93363	0.056
186 Y	0.01069	0.90617	0.08314
187 A	0.00905	0.73478	0.25616
188 M	0.01024	0.51725	0.47251
189 I	0.00626	0.50368	0.49006
190 C	0.00457	0.56591	0.42953
191 I	0.00366	0.80099	0.19535
192 P	0.00270	0.87264	0.12465
193 I	0.00118	0.97155	0.02728
194 N	0.00066	0.98003	0.01931
195 L	0.00005	0.98907	0.01089
196 F	0.00002	0.99053	0.00944
197 M	0.00002	0.99120	0.00878
198 I	0.00002	0.99128	0.00869
199 V	0.00002	0.99079	0.00918
200 F	0.00002	0.98966	0.01031
201 A	0.00004	0.98799	0.01198
202 T	0.00012	0.98639	0.01349
203 L	0.00020	0.98609	0.01371
204 I	0.00066	0.98555	0.01379
205 L	0.00289	0.98286	0.01426
206 I	0.01677	0.96850	0.01473
207 E	0.17860	0.79949	0.02191
208 H	0.36526	0.61067	0.02407
209 F	0.42560	0.54953	0.02488
210 R	0.69161	0.27999	0.0284
211 Y	0.72902	0.24111	0.02987
212 V	0.78026	0.18535	0.03438
213 D	0.94433	0.01809	0.03759
214 N	0.95413	0.00818	0.03769
215 I	0.95544	0.00684	0.03773
216 I	0.95902	0.00318	0.03781
217 M	0.96060	0.00153	0.03788
218 N	0.96142	0.00056	0.03803
219 S	0.96107	0.00093	0.038
220 M	0.96100	0.00102	0.03799
221 P	0.95974	0.00242	0.03784
222 I	0.93783	0.02543	0.03673
223 E	0.93675	0.02659	0.03666
224 Y	0.91305	0.05107	0.03588
225 E	0.89398	0.07044	0.03559
226 W	0.81117	0.15706	0.03177
227 Q	0.73903	0.23022	0.03075
228 L	0.45611	0.51511	0.02878
229 S	0.28326	0.69459	0.02216
230 L	0.10323	0.88613	0.01065
231 G	0.07711	0.91752	0.00538
232 F	0.01614	0.98242	0.00144
233 L	0.00226	0.99714	0.0006
234 T	0.00167	0.99804	0.00029
235 L	0.00120	0.99864	0.00015
236 F	0.00105	0.99886	8e-05
237 V	0.00100	0.99893	7e-05
238 L	0.00094	0.99902	5e-05
239 I	0.00094	0.99900	6e-05
240 F	0.00096	0.99888	0.00016
241 Y	0.00106	0.99831	0.00063
242 R	0.00163	0.99209	0.00629
243 I	0.00168	0.99069	0.00762
244 F	0.00244	0.96364	0.03391
245 D	0.00615	0.87518	0.11867
246 T	0.00643	0.85990	0.13367
247 L	0.00654	0.84853	0.14492
248 I	0.00656	0.84489	0.14855
249 I	0.00711	0.80674	0.18615
250 L	0.00747	0.72163	0.2709
251 F	0.00932	0.47410	0.51658
252 G	0.01794	0.27550	0.70656
253 S	0.02983	0.09182	0.87835
254 T	0.03536	0.05855	0.90609
255 S	0.03824	0.01007	0.95169
256 R	0.03890	0.00038	0.96072
257 D	0.03894	0.00000	0.96106
