# USQ93368.1
# AA	inside	membr	outside
1 M	0.99729	0.00000	0.0027
2 K	0.99729	0.00000	0.0027
3 K	0.99729	0.00000	0.0027
4 N	0.99729	0.00000	0.0027
5 I	0.99670	0.00063	0.00266
6 K	0.99670	0.00063	0.00266
7 N	0.95266	0.04469	0.00265
8 I	0.95265	0.04469	0.00265
9 Q	0.95180	0.04555	0.00265
10 L	0.95175	0.04599	0.00226
11 T	0.95099	0.04676	0.00225
12 K	0.82757	0.17022	0.00221
13 I	0.00078	0.99888	0.00033
14 I	0.00075	0.99891	0.00033
15 L	0.00075	0.99921	3e-05
16 A	0.00051	0.99946	3e-05
17 S	0.00014	0.99982	3e-05
18 L	0.00014	0.99982	3e-05
19 I	0.00014	0.99983	3e-05
20 I	0.00013	0.99983	3e-05
21 S	0.00013	0.99983	3e-05
22 T	0.00013	0.99983	3e-05
23 S	0.00013	0.99983	3e-05
24 L	0.00013	0.99983	3e-05
25 V	0.00013	0.99980	6e-05
26 L	0.00013	0.99976	0.00011
27 F	0.00013	0.99950	0.00037
28 Q	0.00025	0.99664	0.00312
29 I	0.00026	0.99616	0.00359
30 N	0.00041	0.91668	0.08292
31 Q	0.00047	0.88003	0.1195
32 V	0.00048	0.87369	0.12583
33 Y	0.00070	0.75219	0.24711
34 L	0.00073	0.74380	0.25547
35 S	0.00131	0.41460	0.58408
36 K	0.00278	0.00012	0.99711
37 T	0.00279	0.00007	0.99714
38 N	0.00281	0.00001	0.99718
39 F	0.00281	0.00001	0.99718
40 N	0.00281	0.00002	0.99718
41 K	0.00281	0.00004	0.99716
42 M	0.00281	0.04358	0.95361
43 P	0.00281	0.04649	0.9507
44 I	0.00280	0.10226	0.89494
45 V	0.00280	0.13179	0.8654
46 R	0.00280	0.13442	0.86278
47 S	0.00274	0.20017	0.79709
48 N	0.00265	0.22076	0.77658
49 Y	0.00256	0.58347	0.41397
50 W	0.00243	0.97770	0.01986
51 N	0.00239	0.97885	0.01875
52 F	0.00228	0.99684	0.00088
53 W	0.00221	0.99722	0.00056
54 H	0.00216	0.99735	0.00048
55 L	0.00107	0.99872	0.00021
56 P	0.00037	0.99944	0.00019
57 L	0.00017	0.99968	0.00014
58 I	0.00015	0.99970	0.00014
59 F	0.00014	0.99972	0.00014
60 L	0.00014	0.99971	0.00014
61 C	0.00018	0.99968	0.00014
62 L	0.00029	0.99956	0.00014
63 F	0.00312	0.99675	0.00013
64 F	0.01286	0.98703	0.0001
65 S	0.18062	0.81927	0.0001
66 L	0.22205	0.77784	0.0001
67 R	0.76165	0.23814	0.0002
68 D	0.96526	0.03451	0.00022
69 A	0.63648	0.36333	0.00019
70 L	0.58855	0.41126	0.00018
71 F	0.25258	0.74727	0.00015
72 F	0.18717	0.81265	0.00018
73 I	0.02920	0.97060	0.0002
74 F	0.00095	0.99884	0.00021
75 V	0.00070	0.99902	0.00027
76 Y	0.00045	0.99921	0.00034
77 I	0.00038	0.99922	0.0004
78 V	0.00044	0.99817	0.00139
79 A	0.00043	0.99747	0.0021
80 D	0.00047	0.99708	0.00245
81 I	0.00026	0.99727	0.00247
82 S	0.00019	0.99728	0.00253
83 L	0.00019	0.99726	0.00255
84 Y	0.00019	0.99694	0.00287
85 S	0.00019	0.99531	0.0045
86 L	0.00022	0.99303	0.00675
87 P	0.00032	0.97635	0.02333
88 Q	0.00033	0.97249	0.02718
89 Y	0.00033	0.95694	0.04273
90 L	0.00033	0.92182	0.07785
91 M	0.00033	0.68169	0.31798
92 S	0.00033	0.34814	0.65153
93 I	0.00034	0.31523	0.68443
94 Q	0.00039	0.16643	0.83318
95 W	0.00039	0.14487	0.85474
96 I	0.00039	0.02787	0.97174
97 P	0.00039	0.00072	0.99889
98 D	0.00039	0.00020	0.99941
99 T	0.00039	0.00007	0.99954
100 D	0.00039	0.00002	0.99959
101 R	0.00039	0.00105	0.99856
102 G	0.00039	0.00427	0.99534
103 P	0.00039	0.08876	0.91085
104 M	0.00039	0.23519	0.76441
105 T	0.00036	0.63040	0.36924
106 I	0.00005	0.95266	0.04729
107 A	0.00004	0.95985	0.04012
108 F	0.00001	0.99694	0.00304
109 L	0.00000	0.99850	0.00149
110 V	0.00000	0.99973	0.00027
111 F	0.00000	0.99998	2e-05
112 Y	0.00000	0.99999	1e-05
113 G	0.00000	1.00000	0
114 T	0.00000	1.00000	0
115 F	0.00000	1.00000	0
116 I	0.00000	1.00000	0
117 P	0.00000	1.00000	0
118 I	0.00000	1.00000	0
119 L	0.00000	1.00000	0
120 A	0.00001	0.99999	0
121 Y	0.00002	0.99998	0
122 I	0.00005	0.99995	0
123 F	0.00021	0.99979	0
124 I	0.00115	0.99885	0
125 A	0.00371	0.99629	0
126 I	0.13632	0.86367	1e-05
127 F	0.30573	0.69425	2e-05
128 M	0.79365	0.20631	5e-05
129 D	0.99539	0.00423	0.00038
130 L	0.99594	0.00368	0.00038
131 R	0.99910	0.00051	0.00039
132 K	0.99952	0.00009	0.00039
133 N	0.99671	0.00290	0.00039
134 N	0.98862	0.01099	0.00039
135 Y	0.97686	0.02274	0.00039
136 K	0.97644	0.02316	0.00039
137 K	0.96633	0.03328	0.00039
138 I	0.70662	0.29330	8e-05
139 I	0.40905	0.59089	6e-05
140 I	0.01120	0.98877	3e-05
141 C	0.00162	0.99835	3e-05
142 F	0.00105	0.99893	3e-05
143 I	0.00050	0.99948	2e-05
144 L	0.00039	0.99959	2e-05
145 I	0.00036	0.99962	2e-05
146 V	0.00035	0.99963	2e-05
147 L	0.00035	0.99963	2e-05
148 L	0.00035	0.99963	2e-05
149 Q	0.00035	0.99961	4e-05
150 S	0.00035	0.99957	8e-05
151 I	0.00035	0.99943	0.00022
152 S	0.00035	0.99606	0.00359
153 R	0.00035	0.98638	0.01327
154 G	0.00035	0.98225	0.0174
155 L	0.00035	0.97967	0.01998
156 S	0.00036	0.95458	0.04505
157 G	0.00038	0.92965	0.06997
158 Y	0.00043	0.87001	0.12956
159 L	0.00043	0.86085	0.13872
160 Y	0.00045	0.83392	0.16564
161 W	0.00063	0.66070	0.33866
162 Y	0.00066	0.38833	0.61102
163 K	0.00072	0.00207	0.99722
164 G	0.00072	0.00068	0.9986
165 I	0.00072	0.00042	0.99886
166 K	0.00072	0.00000	0.99928
167 D	0.00072	0.00000	0.99928
168 A	0.00072	0.00000	0.99928
169 L	0.00072	0.00000	0.99928
170 E	0.00072	0.00000	0.99928
171 Q	0.00072	0.00000	0.99928
172 K	0.00072	0.00000	0.99928
173 Q	0.00072	0.00000	0.99928
174 N	0.00072	0.00000	0.99928
175 W	0.00072	0.00000	0.99928
176 K	0.00072	0.00000	0.99928
177 I	0.00072	0.00000	0.99928
178 L	0.00072	0.00000	0.99928
179 S	0.00072	0.00000	0.99928
180 I	0.00072	0.00000	0.99928
181 L	0.00072	0.00000	0.99928
182 S	0.00072	0.00000	0.99928
183 N	0.00072	0.00000	0.99928
184 W	0.00072	0.00000	0.99928
185 F	0.00072	0.00000	0.99928
186 Q	0.00072	0.00000	0.99928
187 D	0.00072	0.00000	0.99928
188 D	0.00072	0.00001	0.99927
189 S	0.00072	0.00014	0.99914
190 K	0.00072	0.00055	0.99873
191 I	0.00072	0.02046	0.97882
192 M	0.00072	0.02500	0.97427
193 Q	0.00072	0.03512	0.96416
194 F	0.00065	0.34234	0.65701
195 M	0.00060	0.52754	0.47186
196 V	0.00047	0.70539	0.29415
197 I	0.00004	0.98602	0.01394
198 W	0.00001	0.99476	0.00523
199 L	0.00000	0.99644	0.00356
200 L	0.00000	0.99829	0.00171
201 N	0.00000	0.99858	0.00143
202 L	0.00000	0.99995	5e-05
203 I	0.00000	0.99999	1e-05
204 P	0.00000	0.99999	1e-05
205 V	0.00000	1.00000	0
206 L	0.00000	1.00000	0
207 I	0.00000	1.00000	0
208 S	0.00000	1.00000	0
209 N	0.00002	0.99998	0
210 I	0.00003	0.99997	0
211 A	0.00020	0.99979	0
212 N	0.00052	0.99948	0
213 F	0.00098	0.99902	0
214 I	0.00977	0.99023	0
215 V	0.01228	0.98771	0
216 F	0.02597	0.97402	1e-05
217 F	0.29130	0.70863	7e-05
218 L	0.46933	0.53054	0.00013
219 I	0.66338	0.33637	0.00025
220 K	0.99257	0.00672	0.00071
221 K	0.99889	0.00038	0.00073
222 R	0.99902	0.00025	0.00073
223 V	0.99903	0.00025	0.00073
224 I	0.99906	0.00022	0.00073
225 K	0.99927	0.00001	0.00073
226 I	0.99927	0.00000	0.00073
227 Y	0.99927	0.00000	0.00073
228 D	0.99927	0.00000	0.00073
229 L	0.99927	0.00000	0.00073
230 Y	0.99927	0.00000	0.00073
231 F	0.99927	0.00000	0.00073
232 E	0.99927	0.00000	0.00073
233 N	0.99927	0.00000	0.00073
234 Y	0.99927	0.00000	0.00073
235 S	0.99927	0.00000	0.00073
236 F	0.99927	0.00000	0.00073
237 K	0.99927	0.00000	0.00073
238 K	0.99927	0.00000	0.00073
239 N	0.99927	0.00000	0.00073
240 I	0.99927	0.00000	0.00073
241 S	0.99927	0.00000	0.00073
242 K	0.99927	0.00000	0.00073
243 S	0.99927	0.00000	0.00073
