# USQ93154.1
# AA	inside	membr	outside
1 M	0.99619	0.00000	0.00381
2 F	0.99619	0.00000	0.00381
3 K	0.99619	0.00000	0.00381
4 I	0.99619	0.00000	0.00381
5 N	0.99619	0.00000	0.00381
6 K	0.99619	0.00000	0.00381
7 K	0.99554	0.00065	0.00381
8 K	0.99553	0.00065	0.00381
9 L	0.44928	0.54705	0.00367
10 S	0.44904	0.54978	0.00118
11 F	0.30420	0.69560	0.0002
12 I	0.04885	0.95106	9e-05
13 Y	0.00007	0.99988	5e-05
14 L	0.00006	0.99989	5e-05
15 F	0.00006	0.99994	0
16 L	0.00001	0.99999	0
17 I	0.00000	1.00000	0
18 L	0.00000	1.00000	0
19 L	0.00000	1.00000	0
20 F	0.00000	1.00000	0
21 I	0.00000	1.00000	0
22 Y	0.00000	1.00000	0
23 L	0.00000	1.00000	0
24 P	0.00000	0.99999	1e-05
25 I	0.00000	0.99999	1e-05
26 I	0.00000	0.99996	5e-05
27 S	0.00000	0.99735	0.00265
28 L	0.00000	0.99698	0.00303
29 I	0.00000	0.99390	0.0061
30 I	0.00005	0.98856	0.01139
31 F	0.00014	0.96265	0.03721
32 S	0.00059	0.38100	0.61841
33 F	0.00265	0.35039	0.64695
34 N	0.00366	0.15785	0.83849
35 E	0.00380	0.01016	0.98604
36 N	0.00381	0.00019	0.996
37 E	0.00381	0.00004	0.99615
38 G	0.00381	0.00003	0.99616
39 R	0.00381	0.00002	0.99617
40 I	0.00380	0.00003	0.99617
41 S	0.00380	0.00003	0.99617
42 S	0.00380	0.00003	0.99617
43 L	0.00380	0.00003	0.99617
44 V	0.00380	0.00003	0.99618
45 H	0.00380	0.00003	0.99618
46 F	0.00380	0.00003	0.99618
47 N	0.00380	0.00003	0.99618
48 K	0.00380	0.00003	0.99618
49 F	0.00380	0.00003	0.99618
50 G	0.00380	0.00003	0.99618
51 F	0.00380	0.00003	0.99618
52 K	0.00380	0.00003	0.99618
53 W	0.00380	0.00003	0.99618
54 Y	0.00380	0.00003	0.99618
55 Q	0.00380	0.00002	0.99618
56 K	0.00381	0.00002	0.99618
57 I	0.00381	0.00004	0.99616
58 L	0.00381	0.00004	0.99616
59 E	0.00381	0.00003	0.99616
60 D	0.00381	0.00005	0.99614
61 S	0.00381	0.00043	0.99576
62 T	0.00380	0.00107	0.99513
63 I	0.00379	0.00206	0.99415
64 K	0.00378	0.00229	0.99393
65 S	0.00368	0.01320	0.98312
66 S	0.00355	0.14695	0.8495
67 I	0.00279	0.41151	0.5857
68 F	0.00230	0.53420	0.4635
69 I	0.00215	0.56227	0.43559
70 T	0.00206	0.58277	0.41517
71 F	0.00170	0.59915	0.39915
72 K	0.00151	0.60352	0.39497
73 I	0.00021	0.95782	0.04197
74 A	0.00007	0.99037	0.00957
75 I	0.00002	0.99694	0.00305
76 L	0.00001	0.99869	0.00129
77 S	0.00001	0.99908	0.0009
78 T	0.00001	0.99987	0.00012
79 I	0.00001	0.99997	1e-05
80 I	0.00001	0.99998	1e-05
81 S	0.00002	0.99997	1e-05
82 T	0.00003	0.99996	1e-05
83 I	0.00004	0.99995	1e-05
84 L	0.00015	0.99984	1e-05
85 G	0.00061	0.99937	2e-05
86 T	0.00224	0.99773	3e-05
87 L	0.00333	0.99663	4e-05
88 A	0.01507	0.98481	0.00011
89 A	0.15956	0.84022	0.00021
90 I	0.39515	0.60383	0.00102
91 S	0.52733	0.47112	0.00155
92 L	0.55825	0.43997	0.00178
93 M	0.61396	0.38397	0.00207
94 N	0.64250	0.35492	0.00258
95 Y	0.65494	0.34203	0.00302
96 K	0.97748	0.01873	0.00378
97 K	0.99588	0.00031	0.0038
98 K	0.99619	0.00001	0.0038
99 W	0.99613	0.00006	0.0038
100 R	0.99609	0.00011	0.0038
101 Q	0.99352	0.00267	0.0038
102 L	0.80803	0.18817	0.00379
103 I	0.77124	0.22497	0.00378
104 L	0.74750	0.24875	0.00375
105 N	0.74250	0.25380	0.00369
106 V	0.71424	0.28216	0.00359
107 N	0.61746	0.37907	0.00346
108 Q	0.47028	0.52686	0.00285
109 F	0.09719	0.90139	0.00142
110 S	0.05953	0.93998	0.00048
111 I	0.01430	0.98547	0.00023
112 I	0.00246	0.99750	5e-05
113 I	0.00123	0.99874	3e-05
114 P	0.00112	0.99886	2e-05
115 E	0.00104	0.99894	2e-05
116 I	0.00024	0.99975	1e-05
117 I	0.00018	0.99981	1e-05
118 T	0.00016	0.99983	1e-05
119 A	0.00013	0.99980	7e-05
120 L	0.00012	0.99832	0.00156
121 S	0.00012	0.99759	0.00229
122 L	0.00011	0.99693	0.00296
123 F	0.00011	0.99651	0.00339
124 V	0.00011	0.98953	0.01036
125 L	0.00011	0.81775	0.18214
126 F	0.00013	0.78270	0.21717
127 S	0.00020	0.75746	0.24235
128 F	0.00030	0.75321	0.2465
129 I	0.00049	0.70347	0.29604
130 G	0.00099	0.50582	0.49319
131 L	0.00165	0.32850	0.66985
132 K	0.00358	0.00660	0.98982
133 S	0.00366	0.03067	0.96566
134 S	0.00341	0.27411	0.72248
135 F	0.00326	0.51419	0.48255
136 W	0.00316	0.59890	0.39794
137 R	0.00313	0.60799	0.38888
138 M	0.00227	0.67971	0.31801
139 L	0.00203	0.88198	0.11599
140 L	0.00202	0.90114	0.09684
141 A	0.00200	0.94850	0.0495
142 H	0.00199	0.95130	0.04671
143 I	0.00190	0.95471	0.04339
144 S	0.00181	0.95912	0.03907
145 F	0.00180	0.96191	0.03629
146 S	0.00180	0.96571	0.03249
147 I	0.00179	0.96596	0.03224
148 P	0.00180	0.96643	0.03177
149 Y	0.00180	0.96672	0.03147
150 V	0.00187	0.96703	0.0311
151 L	0.00230	0.96769	0.03
152 I	0.00709	0.96293	0.02998
153 S	0.04918	0.92080	0.03002
154 V	0.09199	0.87796	0.03005
155 Y	0.17905	0.79083	0.03012
156 A	0.31226	0.65703	0.03072
157 K	0.65764	0.31072	0.03164
158 C	0.69679	0.27151	0.0317
159 C	0.71315	0.25514	0.0317
160 V	0.71992	0.24838	0.0317
161 L	0.75675	0.21149	0.03176
162 E	0.92207	0.04612	0.03181
163 L	0.92668	0.04169	0.03164
164 D	0.95602	0.01242	0.03156
165 L	0.95560	0.01313	0.03127
166 I	0.95658	0.01240	0.03102
167 E	0.95950	0.00949	0.031
168 A	0.95865	0.01063	0.03071
169 A	0.95894	0.01051	0.03055
170 Y	0.95911	0.01036	0.03053
171 D	0.96070	0.00877	0.03053
172 L	0.96077	0.00872	0.03051
173 G	0.96111	0.00839	0.03051
174 A	0.96167	0.00783	0.03051
175 T	0.96170	0.00779	0.03051
176 S	0.96163	0.00786	0.03051
177 F	0.96152	0.00796	0.03052
178 Q	0.96147	0.00797	0.03056
179 T	0.96069	0.00872	0.0306
180 L	0.95546	0.01395	0.03059
181 I	0.95390	0.01545	0.03065
182 K	0.95283	0.01531	0.03186
183 I	0.94946	0.01867	0.03188
184 I	0.94844	0.01962	0.03194
185 L	0.94788	0.02005	0.03207
186 P	0.94838	0.01862	0.03301
187 Q	0.94827	0.01805	0.03368
188 L	0.94633	0.01878	0.0349
189 K	0.94591	0.01762	0.03647
190 D	0.93488	0.02890	0.03622
191 V	0.56965	0.40371	0.02664
192 M	0.33334	0.64730	0.01936
193 L	0.08749	0.90100	0.01152
194 A	0.05815	0.93193	0.00993
195 S	0.05085	0.93983	0.00933
196 A	0.03459	0.95757	0.00783
197 G	0.02037	0.97223	0.0074
198 I	0.01472	0.97822	0.00706
199 A	0.01293	0.97993	0.00713
200 F	0.01278	0.97995	0.00727
201 A	0.01276	0.97974	0.0075
202 L	0.01275	0.97868	0.00857
203 S	0.01279	0.97176	0.01546
204 F	0.01279	0.96975	0.01746
205 D	0.01281	0.96699	0.0202
206 D	0.01280	0.96596	0.02124
207 F	0.01220	0.96666	0.02114
208 I	0.01206	0.96662	0.02131
209 I	0.01202	0.95651	0.03147
210 S	0.01204	0.92324	0.06472
211 Y	0.01210	0.88479	0.10311
212 F	0.01222	0.86580	0.12198
213 A	0.01282	0.82574	0.16144
214 G	0.02246	0.55918	0.41835
215 G	0.03024	0.31226	0.6575
216 S	0.03994	0.04518	0.91487
217 D	0.04142	0.00576	0.95282
218 Y	0.04145	0.00513	0.95342
219 Q	0.04156	0.00406	0.95438
220 N	0.04154	0.00280	0.95566
221 I	0.04152	0.00292	0.95557
222 S	0.04148	0.00238	0.95615
223 A	0.04142	0.01192	0.94665
224 Y	0.04131	0.02024	0.93845
225 I	0.04049	0.02960	0.92991
226 Y	0.03968	0.03404	0.92627
227 S	0.03921	0.04286	0.91793
228 L	0.03917	0.06372	0.8971
229 K	0.03920	0.07046	0.89034
230 G	0.03861	0.28771	0.67367
231 T	0.03792	0.38629	0.57579
232 I	0.03747	0.42884	0.53369
233 N	0.03639	0.47751	0.4861
234 P	0.02257	0.70831	0.26913
235 T	0.01843	0.80406	0.17751
236 I	0.00529	0.95399	0.04072
237 N	0.00386	0.96598	0.03016
238 A	0.00294	0.98370	0.01336
239 L	0.00166	0.99449	0.00385
240 S	0.00163	0.99538	0.00299
241 S	0.00159	0.99669	0.00172
242 I	0.00159	0.99707	0.00135
243 L	0.00160	0.99706	0.00133
244 I	0.00166	0.99699	0.00135
245 L	0.00175	0.99688	0.00138
246 V	0.00538	0.99319	0.00143
247 V	0.00953	0.98892	0.00155
248 L	0.02060	0.97706	0.00234
249 F	0.03674	0.96009	0.00317
250 K	0.22557	0.77025	0.00417
251 I	0.24438	0.75141	0.00422
252 T	0.28206	0.71348	0.00446
253 I	0.36056	0.63422	0.00522
254 E	0.51922	0.47112	0.00965
255 L	0.53725	0.45240	0.01035
256 I	0.58825	0.39874	0.013
257 K	0.81568	0.15246	0.03185
258 I	0.85242	0.11458	0.03299
259 R	0.95543	0.00322	0.04135
260 K	0.95810	0.00034	0.04155
261 D	0.95842	0.00001	0.04157
262 H	0.95843	0.00000	0.04157
263 N	0.95843	0.00000	0.04157
264 H	0.95843	0.00000	0.04157
265 K	0.95843	0.00000	0.04157
