# USQ93245.1
# AA	inside	membr	outside
1 M	0.63364	0.00000	0.36636
2 K	0.63364	0.00000	0.36636
3 K	0.63364	0.00000	0.36636
4 M	0.63364	0.00000	0.36636
5 F	0.63364	0.00000	0.36636
6 Y	0.63364	0.00000	0.36636
7 K	0.63364	0.00000	0.36636
8 E	0.63364	0.00000	0.36636
9 K	0.63364	0.00000	0.36636
10 I	0.63364	0.00000	0.36636
11 K	0.63364	0.00000	0.36636
12 Q	0.63315	0.00050	0.36635
13 P	0.61854	0.01531	0.36614
14 G	0.61850	0.01536	0.36614
15 F	0.61850	0.02805	0.35345
16 L	0.61615	0.03040	0.35345
17 V	0.61523	0.03133	0.35343
18 K	0.61521	0.03136	0.35342
19 P	0.60225	0.04466	0.35308
20 G	0.50131	0.14802	0.35067
21 C	0.16555	0.48380	0.35064
22 L	0.14921	0.50358	0.3472
23 M	0.13984	0.52169	0.33848
24 C	0.11932	0.56788	0.31281
25 I	0.06929	0.88090	0.04981
26 I	0.04347	0.94847	0.00806
27 P	0.03564	0.95822	0.00614
28 L	0.01095	0.98661	0.00244
29 T	0.00986	0.98918	0.00096
30 I	0.00454	0.99526	0.00019
31 V	0.00055	0.99941	5e-05
32 I	0.00012	0.99986	3e-05
33 I	0.00002	0.99993	5e-05
34 V	0.00000	0.99996	4e-05
35 G	0.00001	0.99995	5e-05
36 I	0.00000	0.99986	0.00013
37 I	0.00001	0.99986	0.00013
38 L	0.00022	0.99948	0.0003
39 T	0.00026	0.99815	0.0016
40 I	0.00029	0.99639	0.00332
41 V	0.00033	0.98938	0.01028
42 S	0.00052	0.97585	0.02363
43 L	0.00110	0.92812	0.07078
44 Y	0.00127	0.66311	0.33563
45 Y	0.00322	0.63019	0.36659
46 L	0.00977	0.57348	0.41675
47 F	0.04076	0.51616	0.44308
48 G	0.31022	0.18508	0.5047
49 T	0.36323	0.08744	0.54933
50 T	0.36565	0.06118	0.57316
51 T	0.36603	0.02196	0.61202
52 M	0.36612	0.01947	0.61441
53 F	0.36613	0.01247	0.6214
54 N	0.36619	0.00272	0.63109
55 N	0.36617	0.00103	0.63281
56 I	0.36463	0.00497	0.6304
57 K	0.36465	0.00584	0.62952
58 T	0.34788	0.13421	0.5179
59 Y	0.23605	0.27723	0.48673
60 L	0.04360	0.49961	0.4568
61 G	0.01388	0.54480	0.44132
62 Y	0.01253	0.60829	0.37918
63 G	0.00842	0.75870	0.23287
64 F	0.00630	0.80732	0.18637
65 L	0.00310	0.97919	0.0177
66 I	0.00245	0.99042	0.00714
67 I	0.00160	0.99680	0.00159
68 I	0.00003	0.99985	0.00011
69 Y	0.00001	0.99996	3e-05
70 L	0.00000	0.99999	0
71 Y	0.00000	1.00000	0
72 L	0.00000	1.00000	0
73 L	0.00000	1.00000	0
74 L	0.00000	1.00000	0
75 L	0.00000	0.99999	1e-05
76 L	0.00003	0.99991	6e-05
77 V	0.00013	0.99950	0.00037
78 I	0.00363	0.99528	0.0011
79 S	0.00911	0.95589	0.03499
80 Y	0.01479	0.94612	0.03909
81 L	0.09036	0.84436	0.06528
82 F	0.12263	0.74585	0.13152
83 N	0.15291	0.55313	0.29396
84 Y	0.16226	0.50390	0.33385
85 V	0.20248	0.45934	0.33818
86 Y	0.34779	0.30211	0.3501
87 I	0.40532	0.24204	0.35264
88 K	0.62929	0.00998	0.36073
89 I	0.63166	0.00671	0.36164
90 F	0.63283	0.00484	0.36234
91 Q	0.63346	0.00030	0.36624
92 G	0.63353	0.00011	0.36636
93 K	0.63355	0.00003	0.36642
94 A	0.63335	0.00042	0.36624
95 S	0.63185	0.00360	0.36455
96 D	0.63123	0.00625	0.36252
97 K	0.59460	0.13060	0.2748
98 V	0.39496	0.41786	0.18718
99 R	0.35952	0.47208	0.1684
100 M	0.08308	0.84443	0.07249
101 V	0.02488	0.94543	0.02968
102 F	0.00648	0.99155	0.00197
103 G	0.00547	0.99274	0.00179
104 I	0.00532	0.99300	0.00168
105 M	0.00527	0.99307	0.00166
106 S	0.00527	0.99308	0.00166
107 L	0.00527	0.99308	0.00166
108 P	0.00527	0.99308	0.00166
109 F	0.00527	0.99308	0.00166
110 A	0.00527	0.99308	0.00166
111 G	0.00527	0.99308	0.00166
112 L	0.00527	0.99307	0.00166
113 C	0.00527	0.99295	0.00178
114 I	0.00530	0.99286	0.00184
115 L	0.00617	0.99099	0.00285
116 F	0.01445	0.96569	0.01986
117 G	0.08079	0.85054	0.06867
118 D	0.23669	0.50330	0.26001
119 Y	0.25386	0.41954	0.3266
120 K	0.36007	0.05291	0.58702
121 D	0.36730	0.01953	0.61318
122 I	0.36748	0.01847	0.61405
123 N	0.36860	0.00249	0.62892
124 K	0.37005	0.00000	0.62995
