# USQ93143.1
# AA	inside	membr	outside
1 M	0.99972	0.00000	0.00028
2 N	0.99972	0.00000	0.00028
3 S	0.99972	0.00000	0.00028
4 I	0.99972	0.00000	0.00028
5 K	0.99972	0.00000	0.00028
6 K	0.99972	0.00000	0.00028
7 P	0.99972	0.00000	0.00028
8 L	0.99972	0.00000	0.00028
9 L	0.99972	0.00000	0.00028
10 N	0.99972	0.00000	0.00028
11 V	0.99972	0.00000	0.00028
12 W	0.99972	0.00000	0.00028
13 H	0.99972	0.00000	0.00028
14 N	0.99972	0.00000	0.00028
15 L	0.99972	0.00000	0.00028
16 I	0.99972	0.00000	0.00028
17 M	0.99972	0.00000	0.00028
18 R	0.99972	0.00000	0.00028
19 I	0.99970	0.00002	0.00028
20 K	0.99965	0.00008	0.00028
21 K	0.99847	0.00125	0.00028
22 I	0.99445	0.00527	0.00027
23 D	0.99178	0.00795	0.00027
24 F	0.79606	0.20370	0.00024
25 L	0.68530	0.31447	0.00023
26 S	0.57941	0.42038	0.00022
27 L	0.12246	0.87740	0.00014
28 L	0.08780	0.91207	0.00013
29 K	0.08449	0.91538	0.00013
30 Y	0.00914	0.99083	2e-05
31 L	0.00110	0.99889	1e-05
32 F	0.00011	0.99989	0
33 L	0.00002	0.99998	0
34 F	0.00000	1.00000	0
35 L	0.00000	1.00000	0
36 V	0.00000	1.00000	0
37 T	0.00000	1.00000	0
38 F	0.00000	1.00000	0
39 L	0.00000	1.00000	0
40 F	0.00000	0.99998	1e-05
41 I	0.00000	0.99993	8e-05
42 L	0.00000	0.99857	0.00143
43 P	0.00000	0.99566	0.00434
44 F	0.00000	0.99177	0.00823
45 Y	0.00001	0.98168	0.01831
46 L	0.00001	0.96815	0.03183
47 M	0.00004	0.77016	0.2298
48 F	0.00005	0.65978	0.34017
49 I	0.00008	0.55423	0.4457
50 T	0.00022	0.08605	0.91374
51 S	0.00024	0.04722	0.95254
52 T	0.00024	0.03879	0.96097
53 K	0.00028	0.00056	0.99916
54 T	0.00028	0.00021	0.99951
55 P	0.00028	0.00011	0.99961
56 L	0.00028	0.00009	0.99963
57 E	0.00028	0.00006	0.99966
58 I	0.00027	0.00006	0.99966
59 I	0.00027	0.00004	0.99968
60 Q	0.00027	0.00001	0.99971
61 D	0.00027	0.00000	0.99972
62 N	0.00027	0.00000	0.99972
63 A	0.00027	0.00000	0.99972
64 L	0.00027	0.00000	0.99972
65 S	0.00027	0.00000	0.99972
66 L	0.00027	0.00000	0.99972
67 P	0.00027	0.00000	0.99972
68 Q	0.00027	0.00000	0.99972
69 N	0.00027	0.00001	0.99972
70 G	0.00027	0.00001	0.99972
71 L	0.00027	0.00001	0.99972
72 H	0.00027	0.00001	0.99972
73 F	0.00027	0.00001	0.99972
74 L	0.00027	0.00001	0.99972
75 E	0.00027	0.00001	0.99972
76 N	0.00027	0.00001	0.99972
77 Y	0.00027	0.00001	0.99972
78 G	0.00027	0.00001	0.99972
79 K	0.00027	0.00001	0.99972
80 A	0.00027	0.00001	0.99972
81 F	0.00027	0.00001	0.99971
82 R	0.00027	0.00002	0.99971
83 G	0.00027	0.00012	0.99961
84 Q	0.00027	0.00018	0.99955
85 F	0.00027	0.00054	0.99918
86 Q	0.00027	0.00119	0.99855
87 F	0.00027	0.00399	0.99574
88 I	0.00027	0.00939	0.99035
89 P	0.00027	0.01134	0.9884
90 Y	0.00027	0.01263	0.98711
91 F	0.00026	0.01433	0.9854
92 W	0.00025	0.02108	0.97866
93 N	0.00024	0.02354	0.97621
94 T	0.00022	0.05639	0.9434
95 L	0.00020	0.55047	0.44933
96 R	0.00020	0.61271	0.38709
97 V	0.00015	0.76072	0.23913
98 T	0.00013	0.84618	0.15369
99 F	0.00011	0.94228	0.05761
100 L	0.00009	0.98345	0.01646
101 S	0.00009	0.99136	0.00856
102 T	0.00009	0.99594	0.00397
103 L	0.00009	0.99958	0.00033
104 L	0.00009	0.99981	0.0001
105 G	0.00012	0.99985	3e-05
106 T	0.00018	0.99981	1e-05
107 F	0.00020	0.99979	0
108 C	0.00041	0.99958	0
109 S	0.00064	0.99936	0
110 I	0.00271	0.99728	0
111 V	0.00710	0.99290	0
112 T	0.01015	0.98985	0
113 A	0.01049	0.98950	0
114 Y	0.01249	0.98751	1e-05
115 A	0.01828	0.98170	2e-05
116 L	0.02069	0.97927	4e-05
117 S	0.05910	0.94082	8e-05
118 N	0.66105	0.33884	0.0001
119 I	0.75976	0.24013	0.0001
120 F	0.84026	0.15961	0.00012
121 H	0.89018	0.10967	0.00015
122 F	0.95427	0.04557	0.00017
123 R	0.99049	0.00932	0.00019
124 Y	0.99624	0.00357	0.00019
125 K	0.99752	0.00229	0.00019
126 S	0.97691	0.02291	0.00019
127 I	0.94565	0.05417	0.00018
128 I	0.92742	0.07240	0.00018
129 K	0.83422	0.16561	0.00018
130 L	0.07321	0.92664	0.00015
131 L	0.03131	0.96855	0.00014
132 L	0.00532	0.99455	0.00013
133 Y	0.00155	0.99832	0.00013
134 L	0.00078	0.99909	0.00013
135 A	0.00059	0.99928	0.00013
136 L	0.00057	0.99930	0.00013
137 M	0.00057	0.99930	0.00013
138 T	0.00056	0.99930	0.00014
139 T	0.00055	0.99929	0.00016
140 S	0.00053	0.99928	0.00019
141 E	0.00052	0.99926	0.00022
142 T	0.00051	0.99925	0.00023
143 L	0.00048	0.99927	0.00025
144 T	0.00048	0.99907	0.00044
145 I	0.00046	0.99859	0.00095
146 I	0.00045	0.99474	0.00481
147 N	0.00045	0.97639	0.02316
148 Y	0.00045	0.96778	0.03177
149 R	0.00046	0.94015	0.05939
150 I	0.00046	0.92071	0.07883
151 V	0.00047	0.88749	0.11204
152 S	0.00049	0.70227	0.29724
153 N	0.00051	0.01924	0.98025
154 L	0.00051	0.00376	0.99573
155 G	0.00051	0.00242	0.99706
156 W	0.00051	0.00221	0.99728
157 V	0.00051	0.00142	0.99807
158 D	0.00051	0.00020	0.99929
159 Y	0.00051	0.00014	0.99934
160 G	0.00051	0.00011	0.99937
161 R	0.00051	0.00011	0.99938
162 G	0.00051	0.00093	0.99855
163 S	0.00051	0.00124	0.99824
164 R	0.00051	0.00163	0.99786
165 V	0.00050	0.00813	0.99137
166 M	0.00050	0.02084	0.97867
167 F	0.00045	0.16032	0.83923
168 G	0.00043	0.16540	0.83417
169 T	0.00041	0.17765	0.82194
170 D	0.00040	0.19070	0.8089
171 Y	0.00017	0.36406	0.63577
172 A	0.00012	0.90757	0.09231
173 L	0.00007	0.97620	0.02373
174 I	0.00006	0.99403	0.00591
175 M	0.00006	0.99687	0.00307
176 P	0.00005	0.99849	0.00146
177 Y	0.00005	0.99951	0.00044
178 L	0.00005	0.99979	0.00016
179 I	0.00005	0.99987	8e-05
180 N	0.00006	0.99987	7e-05
181 I	0.00007	0.99989	4e-05
182 V	0.00015	0.99981	4e-05
183 H	0.00040	0.99956	4e-05
184 I	0.00060	0.99936	3e-05
185 L	0.00258	0.99738	4e-05
186 H	0.00393	0.99603	4e-05
187 L	0.00597	0.99398	4e-05
188 L	0.01257	0.98738	5e-05
189 I	0.02581	0.97413	6e-05
190 T	0.18543	0.81444	0.00013
191 F	0.21843	0.78128	0.00028
192 N	0.42109	0.57856	0.00035
193 N	0.49648	0.50312	0.0004
194 V	0.61126	0.38829	0.00046
195 P	0.94607	0.05345	0.00048
196 K	0.99760	0.00191	0.0005
197 E	0.99911	0.00040	0.0005
198 L	0.99912	0.00038	0.0005
199 Y	0.99913	0.00038	0.0005
200 Y	0.99923	0.00027	0.0005
201 S	0.99944	0.00007	0.0005
202 S	0.99950	0.00001	0.0005
203 K	0.99950	0.00000	0.0005
204 I	0.99950	0.00000	0.0005
205 D	0.99950	0.00000	0.0005
206 G	0.99944	0.00006	0.0005
207 A	0.99925	0.00026	0.0005
208 S	0.99886	0.00064	0.0005
209 N	0.99645	0.00306	0.0005
210 W	0.98604	0.01348	0.00049
211 K	0.97634	0.02318	0.00048
212 Y	0.72481	0.27479	0.00041
213 L	0.47468	0.52498	0.00035
214 W	0.27706	0.72261	0.00033
215 K	0.24418	0.75550	0.00033
216 I	0.16706	0.83268	0.00026
217 L	0.14690	0.85286	0.00025
218 V	0.13204	0.86773	0.00024
219 P	0.12165	0.87812	0.00023
220 I	0.10077	0.89902	0.00021
221 T	0.09734	0.90245	0.00021
222 K	0.09527	0.90452	0.00021
223 S	0.07134	0.92848	0.00018
224 S	0.03673	0.96313	0.00014
225 I	0.01290	0.98698	0.00011
226 I	0.01148	0.98841	0.00011
227 V	0.01107	0.98881	0.00011
228 T	0.01005	0.98979	0.00017
229 V	0.00713	0.99264	0.00023
230 I	0.00628	0.99291	0.00081
231 F	0.00623	0.98942	0.00436
232 R	0.00624	0.97025	0.02351
233 I	0.00615	0.96109	0.03276
234 V	0.00608	0.93650	0.05743
235 A	0.00614	0.70967	0.2842
236 T	0.00621	0.43258	0.5612
237 W	0.00622	0.21353	0.78025
238 N	0.00622	0.17723	0.81656
239 A	0.00622	0.15421	0.83956
240 Y	0.00623	0.14218	0.85159
241 A	0.00624	0.12557	0.86818
242 W	0.00625	0.10007	0.89368
243 P	0.00628	0.05924	0.93449
244 E	0.00628	0.04767	0.94605
245 L	0.00628	0.04472	0.949
246 M	0.00631	0.03908	0.9546
247 G	0.00635	0.01422	0.97943
248 A	0.00636	0.00314	0.9905
249 K	0.00637	0.00227	0.99137
250 L	0.00637	0.00223	0.9914
251 L	0.00637	0.00220	0.99144
252 T	0.00638	0.00097	0.99265
253 N	0.00639	0.00036	0.99324
254 M	0.00645	0.00030	0.99326
255 A	0.00648	0.00022	0.9933
256 R	0.00653	0.00012	0.99334
257 K	0.00655	0.00004	0.99341
258 T	0.00655	0.00003	0.99341
259 F	0.00656	0.00003	0.99341
260 D	0.00658	0.00000	0.99342
261 N	0.00658	0.00001	0.99341
262 E	0.00657	0.00013	0.9933
263 I	0.00648	0.00234	0.99119
264 G	0.00630	0.00340	0.9903
265 E	0.00618	0.00542	0.98841
266 N	0.00246	0.29262	0.70492
267 I	0.00150	0.60756	0.39094
268 N	0.00145	0.63710	0.36145
269 I	0.00131	0.86951	0.12919
270 Q	0.00127	0.89485	0.10388
271 M	0.00062	0.98244	0.01694
272 A	0.00037	0.99098	0.00864
273 V	0.00019	0.99557	0.00424
274 A	0.00007	0.99872	0.00121
275 F	0.00002	0.99943	0.00054
276 L	0.00001	0.99993	7e-05
277 I	0.00000	0.99995	5e-05
278 N	0.00000	0.99996	3e-05
279 I	0.00000	0.99996	3e-05
280 P	0.00000	0.99996	3e-05
281 L	0.00001	0.99996	3e-05
282 I	0.00001	0.99996	4e-05
283 L	0.00003	0.99993	4e-05
284 I	0.00008	0.99988	4e-05
285 F	0.00077	0.99917	6e-05
286 I	0.00486	0.99497	0.00017
287 F	0.01873	0.98086	0.00041
288 F	0.05975	0.93956	0.00069
289 R	0.68890	0.30635	0.00475
290 K	0.89326	0.10110	0.00563
291 Y	0.89545	0.09890	0.00566
292 I	0.91255	0.08176	0.00569
293 V	0.92881	0.06537	0.00581
294 S	0.98991	0.00363	0.00646
295 G	0.99226	0.00121	0.00653
296 E	0.99334	0.00005	0.00661
297 N	0.99338	0.00001	0.00661
298 K	0.99339	0.00000	0.00661
299 S	0.99339	0.00000	0.00661
300 G	0.99339	0.00000	0.00661
301 I	0.99339	0.00000	0.00661
302 K	0.99339	0.00000	0.00661
303 G	0.99339	0.00000	0.00661
