# 2570378955
# AA	inside	membr	outside
1 M	0.20326	0.00000	0.79675
2 Q	0.20320	0.00006	0.79675
3 T	0.20197	0.00128	0.79675
4 S	0.20197	0.05401	0.74402
5 I	0.18165	0.13051	0.68784
6 L	0.18165	0.13308	0.68527
7 N	0.16574	0.14954	0.68472
8 I	0.16574	0.14958	0.68467
9 D	0.16487	0.15060	0.68452
10 L	0.16485	0.18130	0.65385
11 F	0.16345	0.18399	0.65256
12 I	0.13607	0.21288	0.65105
13 S	0.08848	0.26187	0.64965
14 K	0.08836	0.26199	0.64965
15 I	0.08835	0.87642	0.03523
16 N	0.07959	0.88518	0.03522
17 Y	0.01725	0.95383	0.02892
18 Y	0.01683	0.95662	0.02655
19 A	0.01240	0.96181	0.02579
20 I	0.01046	0.96445	0.02509
21 L	0.00999	0.96491	0.02511
22 I	0.01028	0.96458	0.02515
23 I	0.01198	0.96194	0.02607
24 S	0.01393	0.95835	0.02773
25 F	0.01733	0.95192	0.03075
26 F	0.02242	0.94297	0.0346
27 K	0.09334	0.84928	0.05738
28 T	0.12864	0.81022	0.06114
29 T	0.13570	0.80264	0.06166
30 F	0.14163	0.79433	0.06404
31 N	0.14693	0.78623	0.06684
32 N	0.14910	0.78261	0.06829
33 I	0.15717	0.77423	0.06859
34 I	0.16592	0.76361	0.07047
35 A	0.57774	0.32346	0.0988
36 I	0.62408	0.22615	0.14978
37 K	0.76440	0.02194	0.21366
38 D	0.78076	0.00459	0.21465
39 V	0.75336	0.03757	0.20907
40 D	0.74683	0.05178	0.20139
41 F	0.37540	0.45307	0.17154
42 H	0.35004	0.48093	0.16904
43 L	0.26389	0.57055	0.16557
44 G	0.25656	0.58109	0.16234
45 N	0.24975	0.59343	0.15682
46 I	0.24616	0.59920	0.15464
47 S	0.24536	0.60005	0.15459
48 N	0.24509	0.60036	0.15455
49 S	0.24509	0.60036	0.15455
50 S	0.24509	0.60036	0.15455
51 G	0.24509	0.60036	0.15455
52 I	0.24509	0.60036	0.15455
53 I	0.24509	0.60036	0.15455
54 I	0.24509	0.60036	0.15455
55 Q	0.24510	0.60033	0.15458
56 F	0.24510	0.60020	0.1547
57 I	0.24512	0.59954	0.15534
58 Y	0.24524	0.59545	0.15931
59 L	0.24731	0.49939	0.25329
60 S	0.25508	0.32198	0.42294
61 S	0.26836	0.21985	0.51179
62 I	0.27684	0.18381	0.53935
63 F	0.30894	0.00000	0.69106
