# 2570378692
# AA	inside	membr	outside
1 M	0.49251	0.00000	0.50749
2 F	0.49248	0.00003	0.50749
3 T	0.49248	0.00003	0.50749
4 L	0.49248	0.00030	0.50722
5 E	0.49226	0.00072	0.50702
6 F	0.49226	0.00121	0.50652
7 N	0.48790	0.00586	0.50624
8 Y	0.48790	0.00601	0.50609
9 T	0.47405	0.02189	0.50405
10 V	0.47369	0.35704	0.16927
11 V	0.43923	0.40498	0.15579
12 K	0.42055	0.42419	0.15525
13 V	0.00074	0.92335	0.07591
14 L	0.00068	0.92342	0.0759
15 L	0.00068	0.99920	0.00012
16 A	0.00031	0.99957	0.00012
17 A	0.00016	0.99974	0.0001
18 S	0.00015	0.99976	9e-05
19 F	0.00012	0.99979	8e-05
20 L	0.00008	0.99984	8e-05
21 G	0.00004	0.99988	8e-05
22 F	0.00004	0.99988	8e-05
23 T	0.00004	0.99988	8e-05
24 S	0.00005	0.99987	8e-05
25 G	0.00006	0.99984	0.0001
26 I	0.00007	0.99982	0.00011
27 L	0.00013	0.99958	0.00029
28 G	0.00025	0.99920	0.00055
29 V	0.00053	0.99874	0.00073
30 L	0.00314	0.99375	0.00311
31 I	0.01426	0.97942	0.00633
32 I	0.03007	0.93612	0.03381
33 L	0.42626	0.29534	0.2784
34 K	0.49905	0.02793	0.47301
35 K	0.50534	0.00821	0.48644
36 Q	0.49777	0.04475	0.45748
37 A	0.24711	0.34739	0.4055
38 L	0.19856	0.41154	0.38991
39 I	0.05218	0.56104	0.38678
40 G	0.03655	0.57659	0.38687
41 D	0.02667	0.58728	0.38604
42 V	0.00761	0.61450	0.37789
43 L	0.00677	0.61666	0.37656
44 S	0.00578	0.61765	0.37657
45 H	0.00545	0.61798	0.37657
46 T	0.00542	0.61802	0.37656
47 A	0.00541	0.61815	0.37643
48 L	0.00541	0.61825	0.37634
49 P	0.00541	0.61825	0.37633
50 G	0.00541	0.61828	0.37631
51 I	0.00541	0.61835	0.37623
52 T	0.00541	0.61845	0.37613
53 L	0.00540	0.61861	0.37598
54 V	0.00540	0.61817	0.37642
55 Y	0.00555	0.61577	0.37868
56 L	0.00589	0.61376	0.38035
57 F	0.02686	0.58116	0.39198
58 A	0.04621	0.53089	0.42291
59 R	0.11206	0.24283	0.6451
60 S	0.11984	0.02466	0.85549
61 T	0.12088	0.04771	0.83141
62 D	0.11793	0.09499	0.78708
63 I	0.05406	0.79225	0.15369
64 W	0.03038	0.93745	0.03217
65 V	0.00222	0.99039	0.00739
66 L	0.00029	0.99820	0.00152
67 W	0.00008	0.99976	0.00016
68 L	0.00008	0.99987	5e-05
69 G	0.00009	0.99990	1e-05
70 A	0.00010	0.99989	1e-05
71 I	0.00011	0.99989	0
72 L	0.00011	0.99989	0
73 A	0.00011	0.99988	1e-05
74 S	0.00013	0.99987	1e-05
75 F	0.00016	0.99983	1e-05
76 V	0.00027	0.99972	1e-05
77 T	0.00031	0.99968	1e-05
78 L	0.00033	0.99965	2e-05
79 L	0.00042	0.99955	3e-05
80 L	0.00087	0.99886	0.00028
81 V	0.00892	0.98509	0.00599
82 E	0.14739	0.83910	0.01352
83 I	0.38393	0.60044	0.01563
84 I	0.62660	0.35300	0.02039
85 K	0.82485	0.07336	0.1018
86 K	0.87667	0.00219	0.12114
87 Y	0.87734	0.00139	0.12127
88 S	0.87798	0.00071	0.12131
89 K	0.87865	0.00003	0.12131
90 I	0.87841	0.00046	0.12113
91 K	0.87798	0.00098	0.12104
92 S	0.86263	0.01748	0.11989
93 D	0.85076	0.03104	0.1182
94 T	0.65245	0.30741	0.04014
95 V	0.25698	0.73305	0.00997
96 L	0.04665	0.94931	0.00404
97 S	0.01061	0.98676	0.00263
98 L	0.00106	0.99722	0.00172
99 V	0.00088	0.99859	0.00053
100 L	0.00077	0.99877	0.00046
101 A	0.00074	0.99880	0.00046
102 S	0.00073	0.99881	0.00046
103 F	0.00073	0.99881	0.00046
104 F	0.00073	0.99881	0.00046
105 G	0.00073	0.99881	0.00046
106 L	0.00073	0.99881	0.00046
107 G	0.00073	0.99881	0.00046
108 N	0.00073	0.99881	0.00046
109 V	0.00074	0.99880	0.00046
110 L	0.00076	0.99876	0.00048
111 I	0.00084	0.99857	0.00058
112 A	0.00315	0.99241	0.00445
113 I	0.01052	0.96756	0.02191
114 A	0.04975	0.82911	0.12113
115 Q	0.08781	0.45899	0.4532
116 N	0.09206	0.33766	0.57027
117 T	0.11576	0.21634	0.6679
118 G	0.11972	0.09079	0.78949
119 E	0.12146	0.00570	0.87284
120 D	0.12158	0.00011	0.87831
121 N	0.12157	0.00003	0.87839
122 K	0.12157	0.00003	0.87839
123 I	0.12147	0.00037	0.87816
124 A	0.12144	0.00044	0.87812
125 T	0.12139	0.00052	0.8781
126 L	0.12107	0.00087	0.87807
127 E	0.12100	0.00096	0.87804
128 K	0.12075	0.00156	0.87769
129 F	0.10634	0.08330	0.81036
130 I	0.10511	0.09608	0.79881
131 L	0.10449	0.09970	0.79581
132 G	0.10406	0.10968	0.78626
133 Q	0.10288	0.12864	0.76848
134 I	0.07105	0.22469	0.70425
135 A	0.05343	0.27264	0.67392
136 L	0.04374	0.31083	0.64543
137 V	0.03781	0.38986	0.57233
138 T	0.03470	0.43010	0.5352
139 E	0.03433	0.43603	0.52964
140 L	0.03152	0.49298	0.4755
141 D	0.03091	0.56173	0.40736
142 M	0.02314	0.70615	0.27071
143 I	0.00771	0.78472	0.20758
144 S	0.00715	0.80602	0.18682
145 T	0.00548	0.83173	0.16279
146 G	0.00182	0.98304	0.01514
147 I	0.00104	0.99232	0.00664
148 M	0.00088	0.99392	0.00519
149 A	0.00066	0.99682	0.00252
150 L	0.00045	0.99756	0.00198
151 I	0.00045	0.99777	0.00178
152 T	0.00310	0.99167	0.00522
153 L	0.00327	0.99113	0.00561
154 V	0.00359	0.99027	0.00613
155 V	0.01779	0.97530	0.00692
156 V	0.03949	0.95202	0.00849
157 V	0.09563	0.86808	0.03628
158 G	0.13490	0.81294	0.05215
159 L	0.18594	0.75140	0.06265
160 W	0.35295	0.57203	0.07502
161 K	0.48874	0.39958	0.11169
162 E	0.50321	0.38365	0.11314
163 F	0.56360	0.32156	0.11484
164 K	0.71914	0.16482	0.11603
165 I	0.72576	0.15804	0.11621
166 Y	0.72944	0.15407	0.11649
167 I	0.73207	0.15131	0.11662
168 F	0.73442	0.14672	0.11887
169 D	0.87645	0.00112	0.12244
170 D	0.87662	0.00047	0.12291
171 K	0.87585	0.00122	0.12293
172 F	0.82740	0.04977	0.12283
173 A	0.80521	0.07198	0.12281
174 Q	0.79895	0.07826	0.12279
175 S	0.26274	0.61470	0.12256
176 I	0.19231	0.68531	0.12238
177 G	0.13805	0.73963	0.12232
178 F	0.08567	0.79226	0.12207
179 N	0.07805	0.80004	0.12192
180 T	0.04512	0.83449	0.12038
181 K	0.03803	0.84264	0.11933
182 I	0.03024	0.89094	0.07882
183 M	0.02782	0.90365	0.06853
184 A	0.01859	0.92401	0.0574
185 F	0.01354	0.93539	0.05107
186 I	0.01181	0.93993	0.04826
187 L	0.00953	0.94323	0.04724
188 N	0.00707	0.94591	0.04702
189 F	0.00284	0.95550	0.04165
190 L	0.00081	0.98902	0.01017
191 L	0.00019	0.99537	0.00443
192 I	0.00008	0.98347	0.01645
193 G	0.00006	0.96262	0.03732
194 V	0.00005	0.96263	0.03733
195 V	0.00010	0.95010	0.04981
196 V	0.00008	0.95921	0.04071
197 I	0.00009	0.90521	0.0947
198 S	0.00028	0.21001	0.7897
199 L	0.00035	0.21668	0.78297
200 K	0.00051	0.21588	0.78362
201 I	0.00044	0.96250	0.03706
202 I	0.00042	0.99260	0.00698
203 G	0.00050	0.99699	0.00251
204 I	0.00077	0.99908	0.00016
205 I	0.02049	0.97871	0.0008
206 L	0.02532	0.97174	0.00294
207 T	0.03041	0.96066	0.00893
208 S	0.03113	0.95777	0.0111
209 A	0.03163	0.95692	0.01146
210 F	0.03182	0.95466	0.01352
211 L	0.03194	0.95111	0.01696
212 I	0.03540	0.94387	0.02074
213 M	0.08930	0.88701	0.02369
214 P	0.10875	0.86552	0.02573
215 G	0.11005	0.86262	0.02733
216 V	0.11051	0.86088	0.02861
217 I	0.11500	0.85557	0.02943
218 A	0.12803	0.84149	0.03048
219 R	0.90585	0.06197	0.03218
220 Q	0.94002	0.02750	0.03247
221 F	0.94935	0.01820	0.03244
222 S	0.95797	0.00954	0.03248
223 D	0.96554	0.00223	0.03222
224 R	0.94589	0.02744	0.02667
225 F	0.08536	0.89793	0.01671
226 V	0.03915	0.95168	0.00918
227 T	0.03378	0.95984	0.00637
228 N	0.02772	0.96855	0.00373
229 V	0.01018	0.98891	0.00091
230 I	0.00281	0.99669	0.0005
231 V	0.00005	0.99955	0.00041
232 A	0.00002	0.99960	0.00038
233 S	0.00001	0.99962	0.00037
234 I	0.00000	0.99963	0.00037
235 V	0.00000	0.99963	0.00037
236 T	0.00000	0.99963	0.00037
237 F	0.00000	0.99963	0.00037
238 F	0.00000	0.99963	0.00037
239 S	0.00000	0.99963	0.00037
240 S	0.00000	0.99961	0.00038
241 L	0.00000	0.99960	0.00039
242 I	0.00001	0.99955	0.00044
243 G	0.00005	0.99577	0.00418
244 V	0.00023	0.97804	0.02173
245 F	0.00074	0.95105	0.04821
246 I	0.00372	0.92817	0.06811
247 S	0.01436	0.82588	0.15976
248 N	0.02344	0.07987	0.89669
249 N	0.02826	0.01112	0.96062
250 I	0.02957	0.00847	0.96196
251 Q	0.03145	0.01023	0.95832
252 D	0.03213	0.01678	0.9511
253 M	0.02941	0.04185	0.92873
254 P	0.02525	0.05256	0.92219
255 T	0.02084	0.06496	0.9142
256 G	0.01771	0.11687	0.86542
257 P	0.01475	0.54219	0.44306
258 I	0.00436	0.89516	0.10048
259 I	0.00043	0.95909	0.04048
260 I	0.00015	0.96759	0.03226
261 V	0.00008	0.97121	0.02871
262 I	0.00006	0.99971	0.00023
263 T	0.00006	0.99977	0.00018
264 T	0.00006	0.99980	0.00015
265 L	0.00005	0.99986	9e-05
266 F	0.00005	0.99989	6e-05
267 I	0.00005	0.99992	2e-05
268 A	0.00005	0.99992	2e-05
269 V	0.00006	0.99992	2e-05
270 S	0.00008	0.99988	5e-05
271 L	0.00012	0.99977	0.00011
272 L	0.00026	0.99935	0.00039
273 F	0.00369	0.99442	0.0019
274 S	0.03541	0.95720	0.00739
275 P	0.09105	0.89737	0.01158
276 K	0.12784	0.85668	0.01548
277 Y	0.13249	0.85174	0.01577
278 G	0.13799	0.84538	0.01663
279 V	0.16172	0.82088	0.0174
280 I	0.49540	0.48500	0.0196
281 S	0.85851	0.11297	0.02852
282 R	0.93168	0.03628	0.03204
283 Y	0.93567	0.03220	0.03213
284 V	0.93848	0.02934	0.03218
285 Q	0.96670	0.00105	0.03225
286 K	0.96764	0.00009	0.03226
287 I	0.96770	0.00003	0.03226
288 K	0.96773	0.00000	0.03226
289 Y	0.96773	0.00000	0.03226
290 Q	0.96773	0.00000	0.03226
291 K	0.96773	0.00000	0.03226
292 K	0.96773	0.00000	0.03226
293 I	0.96773	0.00000	0.03226
294 K	0.96773	0.00000	0.03226
295 K	0.96773	0.00000	0.03226
296 F	0.96773	0.00000	0.03226
297 R	0.96773	0.00000	0.03226
298 Q	0.96773	0.00001	0.03226
299 L	0.96748	0.00025	0.03226
300 I	0.96694	0.00080	0.03226
301 H	0.96685	0.00089	0.03226
302 L	0.96676	0.00098	0.03226
303 Y	0.96675	0.00098	0.03226
304 Y	0.96675	0.00098	0.03226
305 E	0.96675	0.00098	0.03226
306 Q	0.96675	0.00098	0.03226
307 E	0.96673	0.00100	0.03226
308 E	0.96673	0.00101	0.03226
309 N	0.96671	0.00104	0.03225
310 H	0.96667	0.00108	0.03224
311 I	0.96666	0.00110	0.03224
312 L	0.96666	0.00110	0.03224
313 S	0.96666	0.00110	0.03224
314 L	0.96666	0.00110	0.03224
315 P	0.96666	0.00110	0.03224
316 I	0.96666	0.00110	0.03224
317 I	0.96666	0.00109	0.03225
318 Q	0.96666	0.00106	0.03228
319 I	0.96666	0.00103	0.03232
320 E	0.96666	0.00085	0.03248
321 T	0.96666	0.00083	0.03251
322 F	0.96666	0.00066	0.03268
323 L	0.96666	0.00028	0.03307
324 W	0.96666	0.00020	0.03314
325 K	0.96667	0.00004	0.03329
326 E	0.96667	0.00003	0.0333
327 K	0.96668	0.00002	0.0333
328 Y	0.96668	0.00002	0.0333
329 L	0.96668	0.00002	0.0333
330 M	0.96668	0.00002	0.0333
331 L	0.96668	0.00001	0.0333
332 Q	0.96669	0.00001	0.0333
333 N	0.96669	0.00000	0.03331
334 Q	0.96669	0.00000	0.03331
335 K	0.96669	0.00000	0.03331
336 A	0.96669	0.00000	0.03331
337 Q	0.96669	0.00000	0.03331
338 L	0.96669	0.00000	0.03331
339 T	0.96669	0.00000	0.03331
340 P	0.96669	0.00000	0.03331
341 K	0.96669	0.00000	0.03331
342 G	0.96669	0.00000	0.03331
343 I	0.96669	0.00000	0.03331
344 K	0.96669	0.00000	0.03331
345 L	0.96669	0.00000	0.03331
346 V	0.96669	0.00000	0.03331
347 E	0.96669	0.00000	0.03331
348 N	0.96669	0.00000	0.03331
349 L	0.96669	0.00000	0.03331
350 I	0.96669	0.00000	0.03331
351 D	0.96669	0.00000	0.03331
352 G	0.96669	0.00000	0.03331
353 I	0.96669	0.00000	0.03331
354 V	0.96669	0.00000	0.03331
