# 2570379158
# AA	inside	membr	outside
1 M	0.99857	0.00000	0.00143
2 K	0.99857	0.00000	0.00143
3 N	0.99857	0.00000	0.00143
4 G	0.99857	0.00000	0.00143
5 M	0.99857	0.00000	0.00143
6 E	0.99857	0.00000	0.00143
7 N	0.99857	0.00000	0.00143
8 I	0.99857	0.00000	0.00143
9 E	0.99857	0.00000	0.00143
10 K	0.99857	0.00000	0.00143
11 F	0.99857	0.00000	0.00143
12 S	0.99857	0.00000	0.00143
13 P	0.99857	0.00000	0.00143
14 T	0.99857	0.00000	0.00143
15 K	0.99857	0.00000	0.00143
16 K	0.99857	0.00000	0.00143
17 K	0.99857	0.00000	0.00143
18 I	0.99857	0.00000	0.00143
19 Q	0.99856	0.00001	0.00143
20 Y	0.99810	0.00048	0.00142
21 G	0.99556	0.00301	0.00142
22 Q	0.99507	0.00351	0.00142
23 E	0.98093	0.01766	0.00141
24 F	0.93048	0.06811	0.00141
25 K	0.91952	0.07908	0.0014
26 K	0.77519	0.22351	0.0013
27 I	0.11387	0.88585	0.00027
28 L	0.00747	0.99244	9e-05
29 L	0.00099	0.99893	8e-05
30 L	0.00012	0.99980	8e-05
31 S	0.00005	0.99987	8e-05
32 L	0.00003	0.99989	8e-05
33 S	0.00002	0.99990	8e-05
34 L	0.00001	0.99991	8e-05
35 I	0.00001	0.99991	8e-05
36 V	0.00001	0.99991	8e-05
37 Y	0.00001	0.99991	8e-05
38 V	0.00001	0.99991	8e-05
39 L	0.00001	0.99989	9e-05
40 V	0.00001	0.99986	0.00013
41 S	0.00001	0.99965	0.00034
42 V	0.00001	0.99896	0.00103
43 W	0.00002	0.99747	0.00251
44 A	0.00002	0.97746	0.02251
45 F	0.00036	0.79325	0.20639
46 D	0.00131	0.23551	0.76318
47 C	0.00135	0.09616	0.90249
48 T	0.00136	0.06056	0.93809
49 R	0.00136	0.03374	0.9649
50 D	0.00136	0.00076	0.99789
51 G	0.00129	0.00034	0.99837
52 G	0.00116	0.00039	0.99845
53 Y	0.00116	0.00027	0.99857
54 K	0.00116	0.00023	0.99861
55 T	0.00115	0.00081	0.99804
56 D	0.00114	0.00089	0.99796
57 L	0.00048	0.00183	0.99768
58 F	0.00046	0.00192	0.99762
59 P	0.00045	0.00194	0.99761
60 T	0.00045	0.00201	0.99754
61 G	0.00045	0.00201	0.99754
62 V	0.00045	0.00201	0.99754
63 I	0.00045	0.00201	0.99754
64 G	0.00045	0.00201	0.99754
65 L	0.00045	0.00201	0.99754
66 G	0.00045	0.00201	0.99754
67 D	0.00045	0.00201	0.99754
68 V	0.00045	0.00201	0.99754
69 I	0.00045	0.00200	0.99754
70 G	0.00046	0.00188	0.99766
71 K	0.00047	0.00183	0.99769
72 L	0.00047	0.00182	0.9977
73 L	0.00060	0.00169	0.99771
74 H	0.00074	0.00152	0.99774
75 K	0.00125	0.00037	0.99837
76 A	0.00128	0.00039	0.99833
77 G	0.00132	0.00040	0.99828
78 K	0.00154	0.00068	0.99778
79 I	0.00151	0.07552	0.92297
80 E	0.00150	0.08734	0.91115
81 T	0.00098	0.39220	0.60682
82 H	0.00083	0.55930	0.43986
83 N	0.00069	0.61793	0.38137
84 I	0.00019	0.94938	0.05043
85 I	0.00005	0.99329	0.00666
86 V	0.00001	0.99870	0.0013
87 I	0.00000	0.99992	7e-05
88 A	0.00000	0.99997	2e-05
89 G	0.00000	0.99999	1e-05
90 T	0.00000	1.00000	0
91 F	0.00000	1.00000	0
92 Y	0.00000	1.00000	0
93 F	0.00000	1.00000	0
94 V	0.00000	1.00000	0
95 V	0.00000	1.00000	0
96 N	0.00004	0.99996	0
97 V	0.00009	0.99991	0
98 F	0.00009	0.99990	0
99 L	0.00047	0.99953	0
100 L	0.00196	0.99804	0
101 F	0.01100	0.98899	1e-05
102 F	0.15124	0.84864	0.00012
103 I	0.19850	0.80125	0.00025
104 S	0.76996	0.22885	0.0012
105 R	0.98751	0.01110	0.00139
106 R	0.99424	0.00433	0.00143
107 Y	0.96474	0.03392	0.00134
108 L	0.29401	0.70514	0.00085
109 G	0.27385	0.72532	0.00083
110 K	0.24593	0.75324	0.00083
111 Y	0.02520	0.97424	0.00056
112 F	0.00706	0.99252	0.00042
113 T	0.00484	0.99512	4e-05
114 I	0.00275	0.99724	1e-05
115 T	0.00167	0.99832	1e-05
116 T	0.00078	0.99921	1e-05
117 A	0.00011	0.99989	1e-05
118 F	0.00005	0.99995	0
119 A	0.00004	0.99995	0
120 T	0.00004	0.99996	0
121 I	0.00003	0.99997	0
122 L	0.00002	0.99997	0
123 L	0.00002	0.99997	0
124 F	0.00002	0.99997	1e-05
125 V	0.00002	0.99991	7e-05
126 S	0.00002	0.99938	0.00061
127 V	0.00002	0.99904	0.00094
128 F	0.00003	0.99726	0.00271
129 F	0.00005	0.98935	0.0106
130 I	0.00024	0.94067	0.05909
131 E	0.00139	0.06035	0.93826
132 N	0.00147	0.03016	0.96837
133 Q	0.00152	0.01722	0.98126
134 V	0.00153	0.00562	0.99285
135 K	0.00156	0.00080	0.99764
136 Q	0.00157	0.00066	0.99777
137 G	0.00157	0.00059	0.99784
138 F	0.00157	0.00053	0.9979
139 L	0.00157	0.00050	0.99793
140 Y	0.00157	0.00009	0.99834
141 H	0.00157	0.00001	0.99843
142 T	0.00157	0.00001	0.99843
143 E	0.00157	0.00000	0.99843
144 R	0.00157	0.00000	0.99843
145 F	0.00157	0.00000	0.99843
146 F	0.00157	0.00000	0.99843
147 G	0.00157	0.00000	0.99843
148 I	0.00157	0.00000	0.99843
149 F	0.00157	0.00000	0.99843
150 K	0.00157	0.00001	0.99843
151 T	0.00157	0.00001	0.99843
152 E	0.00157	0.00002	0.99842
153 S	0.00157	0.00020	0.99823
154 D	0.00157	0.00069	0.99774
155 F	0.00154	0.01217	0.98629
156 L	0.00154	0.01311	0.98535
157 S	0.00153	0.01582	0.98264
158 D	0.00152	0.04480	0.95368
159 L	0.00035	0.69360	0.30605
160 L	0.00018	0.81631	0.1835
161 R	0.00017	0.83716	0.16267
162 V	0.00010	0.94193	0.05797
163 F	0.00007	0.98367	0.01625
164 F	0.00006	0.99504	0.0049
165 A	0.00006	0.99632	0.00363
166 G	0.00005	0.99728	0.00267
167 I	0.00005	0.99898	0.00097
168 L	0.00005	0.99931	0.00064
169 I	0.00005	0.99936	0.00059
170 G	0.00005	0.99937	0.00058
171 I	0.00005	0.99938	0.00057
172 F	0.00007	0.99937	0.00056
173 N	0.00068	0.99877	0.00055
174 G	0.00105	0.99860	0.00036
175 I	0.00209	0.99757	0.00034
176 P	0.00476	0.99490	0.00034
177 L	0.01058	0.98907	0.00035
178 R	0.03369	0.96589	0.00042
179 I	0.03533	0.96425	0.00043
180 G	0.04112	0.95840	0.00048
181 A	0.14170	0.85779	0.00052
182 S	0.84245	0.15592	0.00163
183 T	0.97223	0.02602	0.00175
184 G	0.97513	0.02311	0.00176
185 G	0.98522	0.01301	0.00177
186 L	0.98834	0.00987	0.00179
187 D	0.99255	0.00564	0.0018
188 I	0.99265	0.00555	0.0018
189 I	0.99396	0.00424	0.0018
190 A	0.99618	0.00202	0.00181
191 K	0.99697	0.00121	0.00182
192 Y	0.99701	0.00117	0.00182
193 L	0.99707	0.00111	0.00182
194 S	0.99712	0.00106	0.00182
195 V	0.99740	0.00078	0.00182
196 Y	0.99765	0.00052	0.00182
197 K	0.99815	0.00001	0.00184
198 K	0.99815	0.00000	0.00184
199 K	0.99812	0.00004	0.00184
200 D	0.99607	0.00210	0.00183
201 I	0.27464	0.72437	0.00099
202 S	0.15562	0.84343	0.00095
203 F	0.06869	0.93044	0.00087
204 L	0.02852	0.97075	0.00073
205 V	0.02026	0.97938	0.00036
206 E	0.01865	0.98106	0.0003
207 M	0.00735	0.99246	0.00019
208 F	0.00048	0.99947	5e-05
209 G	0.00007	0.99991	2e-05
210 Y	0.00001	0.99999	0
211 I	0.00000	1.00000	0
212 L	0.00000	1.00000	0
213 M	0.00000	1.00000	0
214 I	0.00000	1.00000	0
215 F	0.00000	1.00000	0
216 G	0.00000	1.00000	0
217 S	0.00000	0.99999	1e-05
218 V	0.00000	0.99998	2e-05
219 G	0.00000	0.99963	0.00037
220 V	0.00001	0.99926	0.00074
221 F	0.00004	0.99665	0.0033
222 I	0.00008	0.98564	0.01427
223 I	0.00014	0.96914	0.03072
224 E	0.00089	0.24617	0.75295
225 Y	0.00091	0.18801	0.81108
226 F	0.00094	0.10754	0.89152
227 Y	0.00111	0.02393	0.97497
228 K	0.00177	0.00080	0.99742
229 E	0.00184	0.00018	0.99798
230 T	0.00185	0.00011	0.99804
231 G	0.00185	0.00005	0.9981
232 F	0.00185	0.00003	0.99812
233 K	0.00185	0.00006	0.99809
234 E	0.00185	0.00094	0.99721
235 L	0.00184	0.00394	0.99421
236 T	0.00184	0.00803	0.99013
237 T	0.00184	0.01371	0.98444
238 Q	0.00182	0.33263	0.66554
239 M	0.00149	0.37320	0.62531
240 F	0.00056	0.46418	0.53526
241 L	0.00037	0.67045	0.32917
242 S	0.00028	0.71590	0.28382
243 L	0.00015	0.90382	0.09603
244 F	0.00008	0.91499	0.08493
245 Y	0.00006	0.97322	0.02672
246 T	0.00005	0.99032	0.00963
247 V	0.00003	0.99557	0.00441
248 L	0.00003	0.99586	0.00411
249 R	0.00005	0.99591	0.00404
250 I	0.00006	0.99595	0.004
251 K	0.00009	0.99592	0.004
252 L	0.00010	0.99591	0.00399
253 S	0.00043	0.99558	0.00399
254 A	0.00082	0.99519	0.00399
255 L	0.00088	0.99513	0.00399
256 F	0.00195	0.99406	0.00399
257 M	0.00511	0.99090	0.004
258 G	0.00872	0.98728	0.004
259 L	0.01211	0.98388	0.00401
260 I	0.02734	0.96863	0.00403
261 T	0.32591	0.66997	0.00413
262 F	0.35863	0.63692	0.00445
263 V	0.51714	0.47756	0.00531
264 P	0.85183	0.14253	0.00565
265 K	0.96035	0.03386	0.00579
266 K	0.99364	0.00055	0.0058
267 E	0.99404	0.00015	0.0058
268 T	0.99416	0.00003	0.0058
269 K	0.99419	0.00000	0.0058
270 L	0.99419	0.00000	0.0058
271 N	0.99419	0.00000	0.0058
272 C	0.99419	0.00000	0.0058
