# 2570379096
# AA	inside	membr	outside
1 M	0.83340	0.00000	0.1666
2 K	0.83340	0.00000	0.1666
3 R	0.83340	0.00000	0.1666
4 K	0.83340	0.00000	0.1666
5 Y	0.83340	0.00000	0.1666
6 I	0.83340	0.00000	0.1666
7 L	0.83340	0.00000	0.1666
8 K	0.83340	0.00000	0.1666
9 K	0.83340	0.00000	0.1666
10 E	0.83340	0.00000	0.1666
11 S	0.83340	0.00000	0.1666
12 E	0.83340	0.00000	0.1666
13 I	0.83340	0.00000	0.1666
14 T	0.83340	0.00000	0.1666
15 P	0.83340	0.00000	0.1666
16 I	0.83339	0.00000	0.1666
17 F	0.83339	0.00001	0.1666
18 K	0.83339	0.00001	0.1666
19 S	0.83337	0.00003	0.1666
20 K	0.83333	0.00007	0.1666
21 K	0.83103	0.00237	0.1666
22 R	0.82807	0.00539	0.16655
23 Y	0.81005	0.02536	0.16459
24 G	0.79978	0.03663	0.16359
25 N	0.79499	0.04237	0.16264
26 S	0.78249	0.05736	0.16016
27 F	0.77150	0.07267	0.15583
28 F	0.76641	0.07974	0.15386
29 I	0.76583	0.08069	0.15348
30 I	0.76557	0.08099	0.15343
31 Y	0.76555	0.08103	0.15343
32 Y	0.76555	0.08103	0.15343
33 V	0.76555	0.08103	0.15343
34 K	0.76555	0.08102	0.15343
35 Q	0.76555	0.08102	0.15343
36 T	0.76555	0.08101	0.15344
37 A	0.76555	0.08099	0.15346
38 F	0.76555	0.08078	0.15367
39 P	0.76555	0.07889	0.15555
40 H	0.76555	0.07619	0.15825
41 L	0.76556	0.07236	0.16209
42 K	0.76564	0.06107	0.17329
43 F	0.76564	0.06024	0.17412
44 A	0.76572	0.05750	0.17678
45 L	0.76607	0.05256	0.18137
46 S	0.77019	0.03945	0.19036
47 V	0.77366	0.02742	0.19892
48 G	0.77628	0.01534	0.20838
49 K	0.77833	0.00132	0.22035
50 K	0.77870	0.00009	0.2212
51 Y	0.77871	0.00006	0.22123
52 G	0.77872	0.00002	0.22126
53 K	0.77872	0.00000	0.22127
54 S	0.77873	0.00000	0.22127
55 H	0.77873	0.00000	0.22127
56 E	0.77873	0.00000	0.22127
57 R	0.77873	0.00000	0.22127
58 N	0.77873	0.00000	0.22127
59 L	0.77873	0.00000	0.22127
60 I	0.77873	0.00000	0.22127
61 K	0.77872	0.00001	0.22127
62 R	0.77856	0.00029	0.22115
63 R	0.77230	0.01005	0.21764
64 L	0.76972	0.01326	0.21702
65 R	0.75509	0.03114	0.21377
66 A	0.55001	0.25257	0.19741
67 I	0.35361	0.45729	0.1891
68 I	0.33340	0.47958	0.18702
69 R	0.33227	0.48079	0.18694
70 S	0.32017	0.49295	0.18687
71 F	0.31351	0.49966	0.18683
72 S	0.31024	0.50296	0.1868
73 P	0.30971	0.50350	0.18679
74 C	0.30909	0.50413	0.18678
75 L	0.30811	0.50514	0.18675
76 N	0.30807	0.50518	0.18675
77 S	0.30798	0.50530	0.18672
78 K	0.30795	0.50534	0.18671
79 I	0.30772	0.50585	0.18643
80 F	0.30767	0.50602	0.18631
81 F	0.30767	0.50603	0.1863
82 V	0.30768	0.50600	0.18632
83 I	0.30775	0.50576	0.18648
84 V	0.30814	0.50136	0.1905
85 I	0.31116	0.46107	0.22777
86 K	0.33585	0.19083	0.47331
87 A	0.33723	0.18061	0.48217
88 Q	0.33919	0.15917	0.50164
89 A	0.34031	0.11907	0.54062
90 K	0.34203	0.01518	0.64279
91 S	0.34205	0.01351	0.64443
92 L	0.34204	0.01272	0.64525
93 T	0.34206	0.00633	0.65161
94 F	0.34207	0.00428	0.65365
95 K	0.34219	0.00105	0.65676
96 Q	0.34218	0.00100	0.65682
97 L	0.34218	0.00093	0.6569
98 K	0.34221	0.00070	0.65709
99 T	0.34221	0.00100	0.65679
100 F	0.34222	0.00103	0.65676
101 F	0.34222	0.00101	0.65677
102 F	0.34241	0.00074	0.65685
103 Q	0.34253	0.00059	0.65689
104 F	0.34253	0.00058	0.65689
105 A	0.34253	0.00057	0.6569
106 T	0.34254	0.00056	0.6569
107 K	0.34254	0.00054	0.65691
108 T	0.34254	0.00054	0.65691
109 R	0.34254	0.00054	0.65691
110 I	0.34254	0.00054	0.65691
111 L	0.34254	0.00054	0.65692
112 L	0.34255	0.00052	0.65692
113 S	0.34258	0.00048	0.65694
114 N	0.34294	0.00006	0.657
115 N	0.34300	0.00000	0.65701
