# 2570378863
# AA	inside	membr	outside
1 M	0.90143	0.00000	0.09858
2 D	0.90143	0.00000	0.09858
3 K	0.90143	0.00000	0.09858
4 Q	0.90143	0.00000	0.09858
5 Q	0.90143	0.00000	0.09858
6 K	0.90143	0.00000	0.09858
7 L	0.90143	0.00000	0.09858
8 K	0.90143	0.00000	0.09858
9 K	0.90143	0.00000	0.09858
10 E	0.90143	0.00000	0.09858
11 Y	0.90143	0.00000	0.09858
12 R	0.90142	0.00001	0.09858
13 E	0.90139	0.00003	0.09858
14 H	0.90139	0.00003	0.09858
15 C	0.90139	0.00003	0.09857
16 Q	0.90071	0.00072	0.09857
17 C	0.89252	0.00891	0.09857
18 C	0.89179	0.00964	0.09857
19 G	0.87091	0.03052	0.09857
20 R	0.85295	0.04852	0.09854
21 F	0.26018	0.64128	0.09854
22 L	0.25503	0.64643	0.09854
23 G	0.25437	0.64710	0.09854
24 I	0.25299	0.64848	0.09853
25 N	0.25283	0.64865	0.09853
26 I	0.25265	0.64883	0.09853
27 N	0.25258	0.64890	0.09852
28 N	0.25183	0.64967	0.09851
29 V	0.24874	0.65289	0.09837
30 D	0.24495	0.65678	0.09826
31 F	0.18131	0.72251	0.09618
32 N	0.16994	0.73433	0.09574
33 L	0.11938	0.78860	0.09202
34 F	0.10449	0.80509	0.09042
35 G	0.09753	0.81294	0.08953
36 F	0.08668	0.82613	0.08718
37 I	0.08584	0.82718	0.08698
38 M	0.08465	0.82617	0.08917
39 S	0.07851	0.71776	0.20373
40 F	0.04668	0.74182	0.21149
41 M	0.04400	0.49017	0.46583
42 N	0.03096	0.42640	0.54264
43 L	0.01717	0.53121	0.45162
44 F	0.00847	0.58377	0.40776
45 S	0.00354	0.78042	0.21604
46 F	0.00133	0.86511	0.13357
47 A	0.00091	0.91120	0.0879
48 I	0.00009	0.99030	0.0096
49 L	0.00002	0.99410	0.00588
50 V	0.00001	0.99892	0.00106
51 L	0.00002	0.99710	0.00289
52 Y	0.00006	0.99330	0.00664
53 F	0.00015	0.98356	0.01629
54 P	0.00099	0.92446	0.07456
55 L	0.00111	0.91526	0.08363
56 T	0.00285	0.87654	0.1206
57 F	0.00336	0.86416	0.13248
58 F	0.00389	0.85606	0.14005
59 S	0.00567	0.84223	0.1521
60 F	0.00661	0.84031	0.15308
61 V	0.00890	0.83571	0.15539
62 F	0.02826	0.80581	0.16593
63 E	0.14283	0.64468	0.21249
64 I	0.15356	0.63144	0.215
65 N	0.19578	0.57530	0.22891
66 I	0.24622	0.51950	0.23428
67 F	0.37780	0.37827	0.24392
68 N	0.65222	0.09507	0.25271
69 E	0.73128	0.01463	0.25409
70 K	0.74537	0.00048	0.25415
71 K	0.74580	0.00004	0.25416
72 F	0.74581	0.00003	0.25416
73 I	0.74583	0.00001	0.25416
74 N	0.74583	0.00000	0.25416
75 F	0.74584	0.00000	0.25416
