# 2570378996
# AA	inside	membr	outside
1 M	0.09228	0.00000	0.90772
2 E	0.09180	0.00047	0.90772
3 N	0.08734	0.00494	0.90772
4 L	0.08734	0.75410	0.15856
5 S	0.07161	0.83761	0.09078
6 F	0.07161	0.89016	0.03823
7 L	0.00043	0.97845	0.02112
8 F	0.00043	0.97852	0.02105
9 L	0.00003	0.97938	0.02059
10 F	0.00003	0.99959	0.00038
11 L	0.00003	0.99984	0.00013
12 F	0.00001	0.99990	9e-05
13 F	0.00001	0.99992	7e-05
14 Y	0.00001	0.99992	7e-05
15 I	0.00001	0.99992	7e-05
16 L	0.00001	0.99992	7e-05
17 G	0.00001	0.99992	7e-05
18 S	0.00001	0.99992	7e-05
19 I	0.00002	0.99991	7e-05
20 P	0.00003	0.99988	9e-05
21 T	0.00004	0.99984	0.00012
22 G	0.00014	0.99972	0.00015
23 L	0.00046	0.99910	0.00044
24 V	0.00247	0.99661	0.00091
25 I	0.00714	0.98354	0.00931
26 G	0.04603	0.92990	0.02408
27 K	0.80796	0.14024	0.0518
28 L	0.83904	0.10627	0.05469
29 V	0.87313	0.07124	0.05562
30 Q	0.90677	0.00146	0.09177
31 Q	0.90753	0.00035	0.09211
32 K	0.90763	0.00003	0.09234
33 D	0.90764	0.00002	0.09234
34 L	0.90763	0.00006	0.0923
35 R	0.90763	0.00007	0.0923
36 N	0.90761	0.00009	0.09229
37 T	0.90740	0.00031	0.09229
38 G	0.90517	0.00254	0.09229
39 S	0.90013	0.00761	0.09226
40 G	0.89903	0.00889	0.09208
41 N	0.89891	0.00906	0.09204
42 I	0.89781	0.01023	0.09195
43 G	0.89737	0.01069	0.09193
44 A	0.89735	0.01077	0.09188
45 T	0.89597	0.01220	0.09183
46 N	0.88778	0.02050	0.09172
47 A	0.86500	0.04342	0.09158
48 L	0.86340	0.04506	0.09153
49 R	0.86156	0.04699	0.09144
50 V	0.85430	0.05428	0.09142
51 L	0.84704	0.06159	0.09137
52 G	0.84553	0.06311	0.09136
53 K	0.84487	0.06379	0.09133
54 K	0.83002	0.07935	0.09063
55 W	0.49006	0.43952	0.07042
56 G	0.39846	0.54041	0.06113
57 I	0.31656	0.62604	0.0574
58 L	0.22762	0.71636	0.05602
59 V	0.21391	0.73097	0.05512
60 F	0.21077	0.73538	0.05385
61 L	0.20959	0.73519	0.05522
62 L	0.20935	0.73045	0.06019
63 D	0.20955	0.72711	0.06334
64 F	0.20860	0.72771	0.06369
65 F	0.20860	0.72396	0.06744
66 K	0.20868	0.71338	0.07793
67 G	0.20864	0.71262	0.07875
68 F	0.20859	0.71132	0.08008
69 V	0.20866	0.70736	0.08397
70 P	0.20888	0.68996	0.10116
71 L	0.20897	0.68615	0.10488
72 K	0.20927	0.66821	0.12252
73 I	0.20939	0.66167	0.12894
74 C	0.20992	0.63358	0.15651
75 L	0.21138	0.59612	0.1925
76 H	0.21725	0.56053	0.22222
77 F	0.21938	0.54023	0.24039
78 S	0.23569	0.25238	0.51193
79 E	0.24194	0.18606	0.57201
80 F	0.24339	0.12060	0.63601
81 W	0.24447	0.02830	0.72723
82 L	0.24532	0.01293	0.74175
83 T	0.24748	0.00446	0.74806
84 E	0.24824	0.00061	0.75116
85 P	0.24827	0.00028	0.75145
86 S	0.24827	0.00013	0.7516
87 T	0.24814	0.00041	0.75145
88 Q	0.24796	0.00079	0.75125
89 T	0.24663	0.00256	0.75081
90 F	0.24226	0.00802	0.74973
91 L	0.23961	0.01224	0.74815
92 Q	0.23838	0.01761	0.74401
93 P	0.23291	0.04606	0.72102
94 P	0.22520	0.14802	0.62678
95 H	0.19797	0.27101	0.53103
96 L	0.13883	0.36343	0.49774
97 T	0.11512	0.48406	0.40082
98 M	0.09349	0.52453	0.38199
99 K	0.07728	0.54939	0.37333
100 I	0.03028	0.70108	0.26865
101 S	0.02703	0.70619	0.26679
102 L	0.02252	0.71304	0.26444
103 L	0.02244	0.71362	0.26394
104 A	0.02243	0.71369	0.26388
105 I	0.02242	0.71372	0.26386
106 S	0.02242	0.71371	0.26387
107 P	0.02243	0.71369	0.26389
108 I	0.02245	0.71365	0.2639
109 L	0.02259	0.71337	0.26404
110 G	0.02335	0.70950	0.26716
111 H	0.02391	0.70749	0.2686
112 M	0.02447	0.70564	0.2699
113 F	0.02537	0.70248	0.27215
114 S	0.02841	0.68566	0.28592
115 L	0.03297	0.63045	0.33658
116 F	0.09073	0.51793	0.39134
117 N	0.29953	0.25518	0.44528
118 K	0.47649	0.05621	0.46729
119 F	0.47958	0.05163	0.46879
120 K	0.50353	0.00756	0.48891
121 G	0.50391	0.00759	0.48851
122 G	0.50478	0.00750	0.48772
123 K	0.50940	0.00337	0.48722
124 A	0.48975	0.12311	0.38714
125 I	0.48311	0.22209	0.29479
126 A	0.47421	0.26542	0.26037
127 T	0.45963	0.29841	0.24195
128 S	0.31291	0.48372	0.20337
129 V	0.04270	0.90472	0.05258
130 G	0.02154	0.94132	0.03714
131 I	0.01564	0.97127	0.01309
132 I	0.00750	0.98863	0.00387
133 T	0.00689	0.98988	0.00323
134 S	0.00484	0.99280	0.00236
135 F	0.00386	0.99436	0.00178
136 N	0.00353	0.99486	0.00161
137 P	0.00260	0.99662	0.00078
138 L	0.00135	0.99843	0.00022
139 I	0.00124	0.99871	6e-05
140 G	0.00119	0.99876	4e-05
141 I	0.00119	0.99878	3e-05
142 S	0.00135	0.99853	0.00012
143 G	0.00144	0.99842	0.00014
144 I	0.00170	0.99808	0.00022
145 I	0.00240	0.99715	0.00045
146 F	0.00354	0.99507	0.00139
147 F	0.09862	0.88529	0.01609
148 A	0.18005	0.79709	0.02285
149 I	0.21716	0.75004	0.03279
150 F	0.23960	0.70054	0.05985
151 L	0.28983	0.49297	0.21719
152 R	0.44165	0.07892	0.47943
153 L	0.28260	0.24260	0.47479
154 F	0.20874	0.37944	0.41182
155 G	0.15094	0.59684	0.25223
156 Y	0.09800	0.78931	0.11269
157 A	0.08662	0.81866	0.09472
158 S	0.02366	0.88637	0.08997
159 L	0.01589	0.90158	0.08253
160 A	0.01264	0.93916	0.04821
161 S	0.01136	0.96643	0.02221
162 I	0.00892	0.97624	0.01485
163 I	0.00379	0.98570	0.01052
164 T	0.00350	0.98622	0.01027
165 S	0.00299	0.98724	0.00976
166 A	0.00114	0.99225	0.00661
167 L	0.00030	0.99313	0.00657
168 V	0.00017	0.99321	0.00662
169 N	0.00014	0.99295	0.00691
170 I	0.00009	0.99299	0.00692
171 F	0.00006	0.99232	0.00762
172 L	0.00034	0.98949	0.01017
173 W	0.00242	0.97715	0.02043
174 L	0.00807	0.94566	0.04626
175 N	0.03190	0.88552	0.08258
176 Y	0.05387	0.72462	0.22151
177 L	0.11940	0.58857	0.29204
178 Y	0.28387	0.32274	0.39338
179 C	0.41323	0.14946	0.4373
180 G	0.43796	0.11749	0.44455
181 N	0.44306	0.07562	0.48132
182 F	0.44391	0.07341	0.48268
183 G	0.47094	0.04349	0.48558
184 T	0.48826	0.02541	0.48634
185 L	0.49388	0.01689	0.48923
186 E	0.50142	0.00269	0.49589
187 P	0.50153	0.00235	0.49612
188 I	0.50139	0.00261	0.496
189 Q	0.50190	0.00137	0.49672
190 N	0.50104	0.00211	0.49685
191 Q	0.49940	0.00425	0.49635
192 I	0.48993	0.02021	0.48986
193 P	0.48881	0.02234	0.48885
194 K	0.48578	0.02654	0.48768
195 L	0.39681	0.25320	0.35
196 E	0.37011	0.34703	0.28285
197 L	0.19995	0.65916	0.1409
198 F	0.11740	0.81826	0.06435
199 Y	0.03205	0.94813	0.01982
200 F	0.02834	0.96354	0.00812
201 S	0.02792	0.96630	0.00578
202 I	0.02754	0.96990	0.00256
203 N	0.02748	0.97041	0.00211
204 F	0.02734	0.97166	0.001
205 V	0.02733	0.97172	0.00094
206 T	0.02734	0.97173	0.00093
207 L	0.02734	0.97173	0.00093
208 I	0.02734	0.97172	0.00094
209 I	0.02735	0.97167	0.00098
210 I	0.02759	0.97074	0.00166
211 A	0.02843	0.96467	0.0069
212 K	0.03151	0.93297	0.03552
213 H	0.03290	0.92479	0.04232
214 Y	0.03487	0.91757	0.04756
215 S	0.08049	0.80835	0.11116
216 N	0.11377	0.74514	0.14109
217 I	0.15226	0.69119	0.15655
218 L	0.29951	0.44299	0.25749
219 R	0.41762	0.26866	0.31372
220 L	0.44790	0.20381	0.34828
221 I	0.48789	0.11835	0.39376
222 K	0.52081	0.00443	0.47476
223 R	0.52399	0.00019	0.47582
224 T	0.52411	0.00002	0.47587
225 E	0.52412	0.00000	0.47588
226 N	0.52412	0.00000	0.47588
227 K	0.52412	0.00000	0.47588
228 F	0.52412	0.00000	0.47588
229 N	0.52412	0.00000	0.47588
230 F	0.52412	0.00000	0.47588
231 K	0.52412	0.00000	0.47588
232 K	0.52412	0.00000	0.47588
233 E	0.52412	0.00000	0.47588
234 K	0.52412	0.00000	0.47588
