# 2570378725
# AA	inside	membr	outside
1 M	0.03638	0.00000	0.96362
2 E	0.03637	0.00000	0.96362
3 N	0.03637	0.00000	0.96362
4 N	0.03637	0.00000	0.96362
5 I	0.03629	0.00011	0.96361
6 F	0.03629	0.00011	0.96361
7 I	0.03626	0.00014	0.96361
8 R	0.03626	0.00014	0.96361
9 L	0.03625	0.00014	0.96361
10 W	0.03625	0.00014	0.96361
11 N	0.03625	0.00014	0.96361
12 V	0.03625	0.00014	0.96361
13 L	0.03625	0.00014	0.96361
14 A	0.03625	0.00014	0.96361
15 K	0.03625	0.00014	0.96361
16 N	0.03625	0.00014	0.96361
17 K	0.03625	0.00014	0.96361
18 L	0.03625	0.00014	0.9636
19 V	0.03625	0.00014	0.9636
20 C	0.03625	0.00012	0.96363
21 N	0.03625	0.00012	0.96363
22 G	0.03625	0.00013	0.96362
23 F	0.03626	0.00013	0.96362
24 K	0.03626	0.00010	0.96363
25 E	0.03624	0.00080	0.96296
26 T	0.03613	0.03798	0.92589
27 L	0.03558	0.07761	0.8868
28 K	0.03533	0.09020	0.87448
29 I	0.01159	0.84934	0.13908
30 T	0.01054	0.86496	0.1245
31 L	0.00197	0.97968	0.01836
32 I	0.00043	0.99373	0.00583
33 G	0.00026	0.99547	0.00427
34 C	0.00007	0.99756	0.00237
35 F	0.00002	0.99906	0.00093
36 I	0.00000	0.99996	3e-05
37 A	0.00000	0.99999	0
38 F	0.00000	1.00000	0
39 F	0.00000	1.00000	0
40 L	0.00000	1.00000	0
41 G	0.00000	1.00000	0
42 L	0.00000	1.00000	0
43 I	0.00000	1.00000	0
44 L	0.00000	1.00000	0
45 G	0.00001	0.99998	0
46 V	0.00005	0.99995	1e-05
47 L	0.00028	0.99966	6e-05
48 L	0.00277	0.99715	8e-05
49 Y	0.08928	0.91051	0.00021
50 L	0.14505	0.85423	0.00072
51 F	0.17390	0.82406	0.00204
52 Q	0.83527	0.13716	0.02757
53 I	0.84611	0.12571	0.02818
54 Q	0.95993	0.00475	0.03532
55 K	0.96370	0.00006	0.03624
56 H	0.96366	0.00008	0.03626
57 Y	0.96355	0.00018	0.03627
58 K	0.96061	0.00313	0.03626
59 R	0.95820	0.00562	0.03618
60 Y	0.49231	0.47243	0.03526
61 W	0.37231	0.60039	0.0273
62 I	0.33988	0.63299	0.02713
63 L	0.27935	0.69386	0.02679
64 N	0.14180	0.83160	0.0266
65 S	0.13212	0.84239	0.02549
66 L	0.08601	0.90915	0.00484
67 M	0.07476	0.92078	0.00446
68 N	0.03293	0.96508	0.00198
69 F	0.01532	0.98409	0.00059
70 F	0.00932	0.99031	0.00037
71 I	0.00317	0.99676	8e-05
72 S	0.00046	0.99947	7e-05
73 T	0.00033	0.99964	3e-05
74 P	0.00007	0.99990	3e-05
75 F	0.00001	0.99997	2e-05
76 L	0.00000	0.99997	3e-05
77 I	0.00000	0.99994	6e-05
78 L	0.00000	0.99947	0.00052
79 I	0.00000	0.99740	0.00259
80 V	0.00001	0.98409	0.01589
81 L	0.00004	0.96377	0.03619
82 L	0.00021	0.89188	0.10791
83 L	0.00138	0.50863	0.48999
84 K	0.00968	0.28766	0.70266
85 L	0.00981	0.28122	0.70897
86 V	0.01007	0.29938	0.69055
87 L	0.01070	0.24965	0.73965
88 I	0.01395	0.25586	0.73019
89 P	0.03379	0.18685	0.77935
90 Y	0.02803	0.21797	0.75399
91 L	0.02733	0.30980	0.66287
92 R	0.02780	0.44826	0.52393
93 M	0.02040	0.71930	0.26029
94 G	0.01505	0.80707	0.17788
95 Y	0.00169	0.91529	0.08302
96 G	0.00058	0.95273	0.04668
97 F	0.00039	0.99574	0.00386
98 G	0.00037	0.99889	0.00074
99 T	0.00036	0.99936	0.00028
100 A	0.00032	0.99959	9e-05
101 L	0.00030	0.99966	4e-05
102 F	0.00030	0.99969	1e-05
103 F	0.00030	0.99969	1e-05
104 L	0.00030	0.99969	1e-05
105 V	0.00036	0.99962	1e-05
106 L	0.00108	0.99891	1e-05
107 V	0.00274	0.99725	1e-05
108 I	0.00739	0.99256	5e-05
109 A	0.05281	0.94708	0.00011
110 P	0.08356	0.91619	0.00025
111 L	0.10465	0.89438	0.00097
112 F	0.13502	0.86357	0.00141
113 A	0.35176	0.63260	0.01564
114 R	0.70823	0.26092	0.03084
115 N	0.85936	0.10689	0.03376
116 C	0.93948	0.02500	0.03552
117 E	0.96131	0.00299	0.03571
118 Q	0.96333	0.00087	0.03579
119 V	0.96352	0.00079	0.03568
120 F	0.96371	0.00071	0.03558
121 L	0.96379	0.00063	0.03557
122 T	0.96393	0.00052	0.03555
123 T	0.96400	0.00049	0.0355
124 N	0.96401	0.00052	0.03546
125 P	0.96401	0.00264	0.03335
126 E	0.96400	0.00306	0.03294
127 L	0.96400	0.01290	0.0231
128 Y	0.96400	0.02406	0.01194
129 Q	0.96400	0.02498	0.01101
130 T	0.96400	0.02603	0.00997
131 S	0.96400	0.02609	0.00991
132 F	0.96400	0.02627	0.00973
133 S	0.96400	0.02631	0.00969
134 L	0.96400	0.02631	0.00968
135 G	0.96400	0.02631	0.00968
136 A	0.96403	0.02628	0.00969
137 T	0.96405	0.02625	0.00969
138 K	0.96411	0.02619	0.00969
139 F	0.96412	0.02619	0.00969
140 Q	0.96413	0.02618	0.00969
141 F	0.96413	0.02617	0.00969
142 V	0.96432	0.02597	0.0097
143 T	0.96557	0.02472	0.00972
144 K	0.96570	0.02458	0.00973
145 F	0.96570	0.02458	0.00973
146 L	0.96625	0.02402	0.00973
147 L	0.96949	0.02078	0.00973
148 K	0.98950	0.00077	0.00974
149 E	0.98993	0.00034	0.00973
150 T	0.98993	0.00039	0.00968
151 R	0.98979	0.00054	0.00967
152 S	0.98654	0.00382	0.00964
153 D	0.96703	0.02346	0.00952
154 I	0.37111	0.62074	0.00815
155 I	0.31411	0.67800	0.00788
156 L	0.30509	0.68704	0.00787
157 K	0.30203	0.69010	0.00787
158 L	0.11846	0.87380	0.00774
159 A	0.07907	0.91326	0.00767
160 S	0.04926	0.94311	0.00763
161 I	0.03128	0.96149	0.00723
162 F	0.02093	0.97197	0.00711
163 I	0.01343	0.97964	0.00694
164 T	0.01227	0.98081	0.00693
165 S	0.00988	0.98320	0.00692
166 I	0.00495	0.98817	0.00687
167 A	0.00284	0.99028	0.00687
168 Y	0.00237	0.99072	0.00691
169 S	0.00230	0.99039	0.00732
170 S	0.00220	0.99004	0.00775
171 V	0.00213	0.98971	0.00816
172 L	0.00218	0.97927	0.01855
173 Q	0.00246	0.96186	0.03569
174 I	0.00246	0.95234	0.0452
175 V	0.00250	0.93304	0.06447
176 G	0.00264	0.87466	0.1227
177 H	0.00374	0.34714	0.64912
178 Q	0.00400	0.28132	0.71468
179 G	0.00400	0.27788	0.71812
180 I	0.00401	0.27428	0.72172
181 A	0.00407	0.13805	0.85788
182 A	0.00412	0.09448	0.9014
183 V	0.00414	0.06290	0.93297
184 A	0.00453	0.05344	0.94203
185 I	0.00467	0.03671	0.95862
186 D	0.00494	0.00498	0.99008
187 N	0.00494	0.00327	0.99179
188 G	0.00494	0.00248	0.99258
189 Y	0.00494	0.00225	0.99281
190 N	0.00494	0.00022	0.99483
191 G	0.00495	0.00011	0.99494
192 H	0.00496	0.00007	0.99497
193 Y	0.00496	0.00010	0.99494
194 D	0.00497	0.00010	0.99493
195 F	0.00497	0.00044	0.99459
196 E	0.00497	0.00084	0.99419
197 P	0.00453	0.00610	0.98937
198 F	0.00390	0.02575	0.97036
199 F	0.00368	0.07659	0.91973
200 T	0.00364	0.17672	0.81964
201 R	0.00356	0.28468	0.71177
202 F	0.00317	0.50752	0.48931
203 D	0.00311	0.53247	0.46443
204 L	0.00126	0.84935	0.14939
205 I	0.00070	0.96628	0.03303
206 I	0.00036	0.99320	0.00643
207 V	0.00012	0.99801	0.00187
208 S	0.00007	0.99878	0.00116
209 V	0.00004	0.99965	0.00031
210 L	0.00003	0.99980	0.00017
211 L	0.00003	0.99985	0.00013
212 T	0.00003	0.99986	0.00012
213 F	0.00003	0.99986	0.00011
214 I	0.00005	0.99984	0.00011
215 L	0.00034	0.99954	0.00012
216 T	0.00448	0.99537	0.00014
217 Q	0.00737	0.99243	0.0002
218 T	0.00816	0.99163	0.00022
219 V	0.00845	0.99132	0.00023
220 Y	0.01083	0.98857	0.0006
221 F	0.01932	0.97949	0.00119
222 V	0.07893	0.91914	0.00193
223 G	0.24049	0.75719	0.00232
224 N	0.59044	0.40642	0.00315
225 R	0.83386	0.16268	0.00345
226 I	0.83986	0.15667	0.00347
227 A	0.91207	0.08392	0.004
228 F	0.95598	0.03967	0.00436
229 A	0.98693	0.00837	0.0047
230 I	0.99405	0.00096	0.00499
231 D	0.99490	0.00005	0.00505
232 K	0.99494	0.00000	0.00505
233 H	0.99494	0.00000	0.00505
