# 2570378748
# AA	inside	membr	outside
1 M	0.96764	0.00000	0.03236
2 L	0.86259	0.10505	0.03236
3 L	0.85559	0.11204	0.03236
4 I	0.85559	0.12581	0.01859
5 F	0.12725	0.86044	0.01231
6 I	0.12724	0.86442	0.00833
7 F	0.04740	0.94441	0.00818
8 N	0.04740	0.94442	0.00818
9 I	0.00953	0.98261	0.00786
10 V	0.00952	0.98424	0.00624
11 V	0.00919	0.98465	0.00616
12 I	0.00598	0.98792	0.0061
13 G	0.00461	0.98939	0.00599
14 N	0.00461	0.98939	0.00599
15 S	0.00461	0.99441	0.00098
16 L	0.00241	0.99661	0.00098
17 F	0.00220	0.99684	0.00096
18 K	0.00219	0.99685	0.00096
19 I	0.00114	0.99810	0.00076
20 V	0.00018	0.99933	0.00049
21 L	0.00002	0.99946	0.00052
22 I	0.00041	0.99730	0.00229
23 I	0.00091	0.99427	0.00482
24 L	0.00215	0.98870	0.00915
25 D	0.00505	0.90555	0.0894
26 I	0.00510	0.90439	0.09051
27 I	0.00776	0.86406	0.12817
28 L	0.00970	0.14568	0.84461
29 N	0.01681	0.11307	0.87012
30 V	0.01792	0.07962	0.90247
31 L	0.01824	0.07793	0.90383
32 K	0.01910	0.02766	0.95323
33 F	0.01722	0.03178	0.951
34 F	0.01617	0.04778	0.93605
35 L	0.01613	0.04867	0.93519
36 F	0.01623	0.04969	0.93408
37 L	0.01785	0.05250	0.92966
38 L	0.02265	0.04529	0.93205
39 K	0.02330	0.05707	0.91963
40 K	0.02221	0.06702	0.91077
41 V	0.01047	0.21375	0.77577
42 I	0.00311	0.97625	0.02064
43 I	0.00130	0.98957	0.00913
44 I	0.00006	0.99988	6e-05
45 L	0.00001	0.99995	4e-05
46 S	0.00000	0.99997	3e-05
47 F	0.00000	0.99999	0
48 V	0.00000	0.99999	0
49 L	0.00000	0.99999	1e-05
50 S	0.00001	0.99997	2e-05
51 F	0.00001	0.99996	4e-05
52 F	0.00003	0.99989	7e-05
53 I	0.00010	0.99969	0.00022
54 N	0.00030	0.99901	0.00069
55 F	0.00033	0.99891	0.00076
56 L	0.00132	0.99629	0.00238
57 Y	0.01201	0.98462	0.00337
58 L	0.01354	0.98210	0.00435
59 W	0.02501	0.96896	0.00603
60 V	0.06681	0.92448	0.00871
61 F	0.17586	0.80899	0.01516
62 E	0.91048	0.06294	0.02659
63 S	0.92844	0.04346	0.0281
64 D	0.96616	0.00196	0.03188
65 K	0.96804	0.00001	0.03194
66 K	0.96805	0.00000	0.03196
67 N	0.96805	0.00000	0.03196
68 A	0.96805	0.00000	0.03196
69 L	0.96805	0.00000	0.03196
70 I	0.96805	0.00000	0.03196
71 I	0.96805	0.00000	0.03196
72 F	0.96805	0.00000	0.03196
73 D	0.96805	0.00000	0.03196
74 N	0.96805	0.00000	0.03196
75 R	0.96805	0.00000	0.03196
76 K	0.96805	0.00000	0.03196
77 E	0.96805	0.00000	0.03196
78 I	0.96805	0.00000	0.03196
