# 2570379124
# AA	inside	membr	outside
1 M	0.95422	0.00000	0.04578
2 K	0.95422	0.00000	0.04578
3 R	0.95422	0.00000	0.04578
4 Q	0.95422	0.00000	0.04578
5 L	0.95420	0.00002	0.04578
6 K	0.95420	0.00002	0.04578
7 L	0.95210	0.00212	0.04578
8 V	0.95210	0.00212	0.04578
9 L	0.95111	0.00311	0.04578
10 G	0.95111	0.00311	0.04578
11 N	0.95105	0.00318	0.04578
12 R	0.91669	0.03754	0.04578
13 K	0.69328	0.26099	0.04573
14 L	0.69129	0.26298	0.04573
15 M	0.69128	0.30606	0.00266
16 F	0.41437	0.58297	0.00266
17 Q	0.31146	0.68625	0.00229
18 I	0.29625	0.70294	0.00081
19 F	0.13368	0.86563	0.00069
20 F	0.02285	0.97708	7e-05
21 T	0.00220	0.99774	7e-05
22 L	0.00005	0.99993	2e-05
23 F	0.00001	0.99998	0
24 I	0.00000	0.99999	0
25 I	0.00000	0.99998	1e-05
26 S	0.00000	0.99997	2e-05
27 I	0.00000	0.99995	4e-05
28 V	0.00000	0.99990	9e-05
29 C	0.00000	0.99966	0.00034
30 L	0.00001	0.99800	0.00199
31 G	0.00002	0.99621	0.00377
32 T	0.00005	0.99460	0.00536
33 S	0.00034	0.99033	0.00934
34 W	0.00042	0.98863	0.01095
35 P	0.00093	0.90474	0.09433
36 L	0.00100	0.72059	0.27841
37 P	0.00544	0.66942	0.32514
38 F	0.04190	0.60285	0.35526
39 I	0.04258	0.28270	0.67473
40 N	0.04401	0.08163	0.87436
41 S	0.04555	0.06055	0.89391
42 K	0.04563	0.00190	0.95247
43 S	0.04575	0.00038	0.95388
44 L	0.04570	0.00045	0.95385
45 D	0.04572	0.00046	0.95382
46 L	0.04545	0.00146	0.95309
47 S	0.04530	0.00218	0.95253
48 K	0.04514	0.00660	0.94826
49 L	0.01242	0.22815	0.75943
50 F	0.00440	0.33795	0.65765
51 G	0.00393	0.35442	0.64165
52 V	0.00195	0.38212	0.61593
53 F	0.00113	0.62444	0.37442
54 S	0.00104	0.65559	0.34337
55 I	0.00095	0.72711	0.27195
56 N	0.00085	0.82979	0.16936
57 A	0.00043	0.88411	0.11546
58 G	0.00029	0.92455	0.07516
59 T	0.00027	0.97969	0.02004
60 L	0.00023	0.99243	0.00734
61 L	0.00023	0.99720	0.00257
62 G	0.00023	0.99816	0.00161
63 L	0.00023	0.99897	0.00079
64 G	0.00027	0.99914	0.00059
65 I	0.00038	0.99918	0.00044
66 T	0.00101	0.99855	0.00043
67 P	0.00294	0.99648	0.00059
68 Y	0.00417	0.99515	0.00068
69 I	0.00804	0.99055	0.00142
70 T	0.01973	0.97726	0.00301
71 A	0.03161	0.96395	0.00444
72 S	0.16686	0.79881	0.03433
73 I	0.23127	0.72919	0.03954
74 V	0.24226	0.71722	0.04051
75 V	0.27236	0.68461	0.04304
76 Q	0.50956	0.44614	0.0443
77 F	0.53176	0.42378	0.04446
78 L	0.59354	0.36177	0.04469
79 Q	0.86875	0.08595	0.0453
80 K	0.92817	0.02602	0.0458
81 L	0.93630	0.01786	0.04584
82 L	0.94611	0.00803	0.04586
83 P	0.95122	0.00290	0.04587
84 I	0.95182	0.00230	0.04587
85 C	0.95333	0.00079	0.04587
86 R	0.95396	0.00016	0.04587
87 E	0.95406	0.00006	0.04587
88 W	0.95408	0.00004	0.04587
89 K	0.95412	0.00000	0.04587
90 D	0.95412	0.00000	0.04587
91 Q	0.95412	0.00000	0.04587
92 G	0.95412	0.00000	0.04587
93 Q	0.95412	0.00000	0.04587
94 M	0.95398	0.00014	0.04587
95 G	0.95372	0.00041	0.04587
96 K	0.95195	0.00217	0.04587
97 R	0.94880	0.00533	0.04586
98 K	0.91611	0.03807	0.04581
99 L	0.52932	0.42580	0.04488
100 N	0.37850	0.58365	0.03785
101 L	0.09207	0.89194	0.01599
102 L	0.05759	0.92931	0.0131
103 T	0.05183	0.93659	0.01158
104 R	0.04241	0.94768	0.00991
105 S	0.02240	0.97011	0.00748
106 L	0.00562	0.99015	0.00423
107 A	0.00453	0.99159	0.00389
108 L	0.00402	0.99233	0.00365
109 L	0.00398	0.99243	0.00359
110 F	0.00397	0.99247	0.00356
111 A	0.00397	0.99249	0.00354
112 F	0.00397	0.99249	0.00355
113 G	0.00397	0.99245	0.00359
114 Q	0.00397	0.99213	0.0039
115 S	0.00397	0.99192	0.00411
116 F	0.00397	0.98987	0.00616
117 A	0.00399	0.92141	0.07461
118 F	0.00409	0.88233	0.11359
119 L	0.00550	0.54100	0.4535
120 N	0.00855	0.44759	0.54387
121 S	0.01100	0.34969	0.63932
122 Y	0.01267	0.16213	0.8252
123 S	0.02244	0.09497	0.88259
124 K	0.04261	0.03074	0.92665
125 L	0.04218	0.03325	0.92457
126 L	0.04185	0.03489	0.92327
127 V	0.04220	0.03244	0.92537
128 T	0.04211	0.03107	0.92681
129 S	0.03898	0.04600	0.91502
130 I	0.02304	0.16350	0.81346
131 S	0.02054	0.60659	0.37288
132 A	0.01780	0.70896	0.27324
133 I	0.01454	0.92607	0.05939
134 Q	0.01220	0.96263	0.02517
135 L	0.00179	0.98770	0.01051
136 F	0.00007	0.99897	0.00097
137 L	0.00001	0.99954	0.00044
138 L	0.00000	0.99996	4e-05
139 A	0.00000	0.99999	1e-05
140 L	0.00000	0.99999	1e-05
141 I	0.00000	0.99999	1e-05
142 A	0.00000	0.99999	1e-05
143 T	0.00000	0.99999	1e-05
144 A	0.00001	0.99999	1e-05
145 G	0.00001	0.99998	1e-05
146 V	0.00001	0.99995	4e-05
147 A	0.00002	0.99990	8e-05
148 I	0.00119	0.99849	0.00031
149 L	0.00373	0.99568	0.00059
150 I	0.00732	0.99170	0.00097
151 W	0.01509	0.98176	0.00315
152 F	0.04241	0.94813	0.00946
153 A	0.14006	0.83179	0.02815
154 D	0.83134	0.13535	0.03331
155 L	0.83707	0.12767	0.03527
156 I	0.94756	0.01333	0.03911
157 N	0.94951	0.00771	0.04279
158 S	0.95029	0.00379	0.04592
159 K	0.94047	0.01388	0.04566
160 G	0.21186	0.74986	0.03828
161 I	0.19418	0.77563	0.03019
162 G	0.13885	0.83836	0.02279
163 N	0.13135	0.84883	0.01983
164 G	0.10388	0.87880	0.01732
165 T	0.04614	0.93955	0.01432
166 S	0.03023	0.95721	0.01255
167 I	0.02113	0.97727	0.0016
168 L	0.02023	0.97872	0.00105
169 I	0.02021	0.97877	0.00102
170 V	0.02021	0.97879	0.00101
171 V	0.02020	0.97879	0.001
172 S	0.02020	0.97880	0.001
173 M	0.02020	0.97877	0.00103
174 S	0.02020	0.97870	0.0011
175 H	0.02020	0.97851	0.00128
176 S	0.02020	0.97839	0.0014
177 L	0.02020	0.97813	0.00167
178 I	0.02022	0.97259	0.00719
179 N	0.02112	0.95822	0.02065
180 L	0.02219	0.92404	0.05377
181 F	0.02381	0.91714	0.05905
182 A	0.02964	0.89980	0.07056
183 N	0.04001	0.16273	0.79726
184 L	0.04598	0.14916	0.80486
185 N	0.05372	0.02313	0.92315
186 K	0.05578	0.01309	0.93114
187 S	0.05654	0.01186	0.9316
188 Y	0.05766	0.00950	0.93284
189 L	0.05829	0.00868	0.93303
190 S	0.06528	0.00043	0.93429
191 Q	0.06552	0.00005	0.93443
192 N	0.06549	0.00036	0.93415
193 N	0.06533	0.00199	0.93267
194 F	0.06436	0.00587	0.92977
195 L	0.06390	0.00815	0.92795
196 T	0.06354	0.01077	0.92569
197 L	0.05979	0.15664	0.78357
198 K	0.05944	0.15875	0.78181
199 T	0.05152	0.32015	0.62834
200 F	0.03490	0.35616	0.60894
201 N	0.03047	0.36599	0.60353
202 F	0.00569	0.96306	0.03125
203 A	0.00384	0.96925	0.02691
204 C	0.00221	0.97867	0.01912
205 I	0.00037	0.99275	0.00688
206 V	0.00006	0.99863	0.00131
207 L	0.00002	0.99960	0.00038
208 L	0.00000	0.99984	0.00015
209 L	0.00000	0.99996	4e-05
210 L	0.00000	0.99999	1e-05
211 L	0.00000	1.00000	0
212 F	0.00000	0.99999	0
213 L	0.00002	0.99998	0
214 I	0.00008	0.99990	1e-05
215 F	0.00037	0.99956	7e-05
216 T	0.00236	0.99733	0.00031
217 V	0.00472	0.99419	0.00109
218 V	0.00655	0.99179	0.00167
219 L	0.01728	0.98014	0.00258
220 Q	0.19794	0.79397	0.00809
221 I	0.20281	0.78799	0.0092
222 T	0.34349	0.63545	0.02105
223 S	0.36363	0.59867	0.0377
224 L	0.37306	0.58420	0.04274
225 K	0.90847	0.02680	0.06473
226 I	0.91030	0.02489	0.0648
227 P	0.91672	0.01819	0.0651
228 I	0.92338	0.01141	0.06521
229 N	0.93228	0.00227	0.06545
230 Y	0.93353	0.00098	0.0655
231 A	0.93402	0.00047	0.06552
232 R	0.93434	0.00013	0.06553
233 N	0.93442	0.00006	0.06553
234 Q	0.93446	0.00001	0.06553
235 A	0.93444	0.00003	0.06553
236 Q	0.93422	0.00025	0.06553
237 G	0.92911	0.00536	0.06553
238 K	0.92762	0.00686	0.06552
239 S	0.89297	0.04167	0.06536
240 Y	0.78602	0.14863	0.06535
241 I	0.73962	0.19508	0.0653
242 P	0.70732	0.22739	0.06529
243 L	0.67881	0.25591	0.06528
244 K	0.66818	0.26655	0.06527
245 I	0.28156	0.65329	0.06516
246 N	0.25807	0.67686	0.06508
247 S	0.23573	0.70012	0.06415
248 A	0.15450	0.79425	0.05125
249 G	0.05935	0.92215	0.0185
250 V	0.02870	0.96607	0.00522
251 M	0.02626	0.96937	0.00438
252 P	0.02137	0.97565	0.00299
253 V	0.00576	0.99332	0.00091
254 I	0.00208	0.99756	0.00036
255 L	0.00182	0.99783	0.00034
256 A	0.00181	0.99778	0.00042
257 F	0.00178	0.99725	0.00098
258 A	0.00178	0.99436	0.00385
259 L	0.00179	0.98644	0.01176
260 L	0.00181	0.94868	0.04952
261 Q	0.00190	0.91160	0.0865
262 P	0.00196	0.87219	0.12586
263 F	0.00196	0.81722	0.18083
264 Q	0.00198	0.76761	0.23041
265 M	0.00198	0.72695	0.27108
266 L	0.00198	0.68872	0.3093
267 A	0.00200	0.66999	0.32801
268 G	0.00215	0.35918	0.63867
269 V	0.00227	0.32753	0.6702
270 I	0.00297	0.30640	0.69063
271 G	0.01517	0.21150	0.77332
272 N	0.05355	0.05177	0.89467
273 D	0.06678	0.00312	0.9301
274 K	0.06693	0.00262	0.93045
275 L	0.06693	0.00259	0.93048
276 T	0.06695	0.00241	0.93064
277 M	0.06696	0.00223	0.93081
278 Y	0.06696	0.00215	0.9309
279 V	0.06696	0.00214	0.9309
280 N	0.06698	0.00206	0.93097
281 F	0.06700	0.00205	0.93096
282 F	0.06712	0.00197	0.93092
283 T	0.06838	0.00070	0.93092
284 N	0.06858	0.00052	0.9309
285 T	0.06864	0.00108	0.93028
286 N	0.06885	0.00111	0.93005
287 S	0.06880	0.01622	0.91497
288 F	0.06873	0.03215	0.89912
289 N	0.06868	0.03872	0.89259
290 N	0.06764	0.09079	0.84157
291 Q	0.05971	0.43116	0.50913
292 I	0.00765	0.77611	0.21625
293 N	0.00489	0.79953	0.19558
294 F	0.00086	0.93655	0.06259
295 F	0.00012	0.98714	0.01274
296 A	0.00005	0.99722	0.00272
297 I	0.00001	0.99954	0.00045
298 G	0.00001	0.99984	0.00015
299 F	0.00000	0.99997	3e-05
300 L	0.00000	0.99999	0
301 V	0.00000	1.00000	0
302 L	0.00000	1.00000	0
303 L	0.00000	1.00000	0
304 V	0.00001	0.99999	0
305 I	0.00007	0.99993	0
306 V	0.00020	0.99979	0
307 L	0.00105	0.99894	1e-05
308 S	0.00495	0.99499	5e-05
309 F	0.00781	0.99206	0.00013
310 F	0.03124	0.96804	0.00073
311 S	0.10084	0.89639	0.00277
312 A	0.16256	0.83284	0.0046
313 F	0.23400	0.75890	0.0071
314 M	0.58676	0.39671	0.01652
315 N	0.80008	0.13663	0.06329
316 V	0.81252	0.12240	0.06509
317 N	0.88999	0.04142	0.06859
318 P	0.92522	0.00584	0.06894
319 E	0.93066	0.00037	0.06897
320 D	0.93102	0.00001	0.06897
321 I	0.93102	0.00001	0.06897
322 S	0.93103	0.00000	0.06897
323 E	0.93103	0.00000	0.06897
324 H	0.93103	0.00000	0.06897
325 L	0.93103	0.00000	0.06897
326 S	0.93103	0.00000	0.06897
327 K	0.93103	0.00000	0.06897
328 Q	0.93103	0.00000	0.06897
329 D	0.93103	0.00000	0.06897
330 A	0.93103	0.00000	0.06897
331 Y	0.93103	0.00000	0.06897
332 I	0.93103	0.00000	0.06897
333 A	0.93103	0.00000	0.06897
334 G	0.93103	0.00000	0.06897
335 L	0.93103	0.00000	0.06897
336 R	0.93103	0.00000	0.06897
337 P	0.93103	0.00000	0.06897
338 G	0.93103	0.00000	0.06897
339 E	0.93103	0.00000	0.06897
340 Q	0.93102	0.00002	0.06896
341 T	0.93087	0.00025	0.06889
342 T	0.93029	0.00093	0.06878
343 R	0.92428	0.00744	0.06827
344 Y	0.73942	0.19387	0.06671
345 L	0.70569	0.22845	0.06587
346 A	0.65873	0.27687	0.0644
347 N	0.58650	0.35173	0.06177
348 A	0.25713	0.68805	0.05482
349 L	0.16273	0.78369	0.05359
350 F	0.14196	0.80530	0.05274
351 K	0.13446	0.81324	0.0523
352 I	0.02258	0.96064	0.01678
353 T	0.01188	0.97587	0.01225
354 V	0.00124	0.99744	0.00132
355 L	0.00044	0.99895	0.00061
356 G	0.00028	0.99928	0.00044
357 T	0.00014	0.99968	0.00018
358 V	0.00006	0.99985	8e-05
359 F	0.00004	0.99991	5e-05
360 I	0.00004	0.99991	5e-05
361 V	0.00004	0.99990	6e-05
362 A	0.00005	0.99964	0.00031
363 L	0.00007	0.99940	0.00054
364 V	0.00019	0.99801	0.00181
365 V	0.00040	0.99312	0.00647
366 T	0.00126	0.97892	0.01982
367 P	0.00236	0.77297	0.22466
368 I	0.00289	0.75470	0.24242
369 L	0.00467	0.69577	0.29956
370 M	0.01135	0.57714	0.41151
371 E	0.01951	0.22233	0.75816
372 H	0.02059	0.14061	0.8388
373 F	0.02082	0.13744	0.84174
374 L	0.02151	0.13384	0.84465
375 S	0.05340	0.04307	0.90352
376 L	0.05745	0.03486	0.9077
377 K	0.06878	0.01484	0.91638
378 D	0.06876	0.02450	0.90674
379 M	0.06800	0.10084	0.83116
380 K	0.06766	0.23071	0.70163
381 L	0.04366	0.58361	0.37274
382 G	0.04232	0.60457	0.35311
383 G	0.04064	0.63983	0.31954
384 T	0.04061	0.65349	0.3059
385 S	0.04055	0.66999	0.28946
386 L	0.04046	0.67230	0.28725
387 L	0.04045	0.67241	0.28715
388 I	0.04045	0.67244	0.28712
389 I	0.04045	0.67244	0.28712
390 V	0.04045	0.67244	0.28712
391 S	0.04047	0.67242	0.28712
392 V	0.04051	0.67237	0.28712
393 A	0.04071	0.67217	0.28712
394 L	0.04231	0.67055	0.28714
395 E	0.06045	0.65235	0.28721
396 T	0.07372	0.63897	0.28731
397 I	0.09603	0.61648	0.28749
398 Q	0.31730	0.39357	0.28913
399 R	0.44495	0.25976	0.29529
400 I	0.46072	0.24181	0.29747
401 K	0.56312	0.12464	0.31225
402 A	0.57879	0.10865	0.31257
403 T	0.62033	0.06633	0.31333
404 A	0.67974	0.00479	0.31546
405 N	0.68248	0.00193	0.31559
406 K	0.68430	0.00007	0.31563
407 K	0.68436	0.00001	0.31563
408 E	0.68437	0.00000	0.31563
409 Y	0.68437	0.00000	0.31563
410 Q	0.68437	0.00000	0.31563
411 K	0.68437	0.00000	0.31563
412 L	0.68437	0.00000	0.31563
413 F	0.68437	0.00000	0.31563
