# 2570379085
# AA	inside	membr	outside
1 M	0.99134	0.00000	0.00866
2 G	0.99134	0.00000	0.00866
3 I	0.99134	0.00000	0.00866
4 K	0.99134	0.00000	0.00866
5 I	0.99134	0.00000	0.00866
6 V	0.99134	0.00000	0.00866
7 R	0.99134	0.00000	0.00866
8 E	0.99134	0.00000	0.00866
9 T	0.99134	0.00000	0.00866
10 K	0.99134	0.00000	0.00866
11 P	0.99134	0.00000	0.00866
12 N	0.99134	0.00000	0.00866
13 Q	0.99134	0.00000	0.00866
14 L	0.99134	0.00000	0.00866
15 L	0.99134	0.00000	0.00866
16 E	0.99133	0.00002	0.00866
17 V	0.99063	0.00072	0.00865
18 I	0.99062	0.00073	0.00865
19 K	0.99055	0.00081	0.00864
20 R	0.98481	0.00688	0.00831
21 E	0.87335	0.11835	0.00831
22 Y	0.25813	0.73867	0.0032
23 S	0.18679	0.81100	0.00221
24 L	0.04149	0.95803	0.00048
25 L	0.01856	0.98115	0.00029
26 N	0.01471	0.98504	0.00025
27 I	0.00185	0.99805	0.0001
28 L	0.00099	0.99892	8e-05
29 L	0.00079	0.99913	8e-05
30 I	0.00079	0.99913	8e-05
31 I	0.00079	0.99913	8e-05
32 T	0.00079	0.99913	8e-05
33 S	0.00079	0.99913	8e-05
34 I	0.00079	0.99913	8e-05
35 L	0.00079	0.99913	8e-05
36 S	0.00079	0.99912	9e-05
37 L	0.00079	0.99902	0.00018
38 A	0.00079	0.99851	0.00069
39 L	0.00080	0.98753	0.01167
40 C	0.00103	0.92146	0.07751
41 G	0.00148	0.91025	0.08826
42 Q	0.00616	0.87242	0.12142
43 L	0.00645	0.86116	0.13238
44 W	0.00665	0.75335	0.23999
45 Q	0.00867	0.18073	0.8106
46 T	0.00902	0.12336	0.86762
47 K	0.00934	0.00142	0.98924
48 H	0.00935	0.00066	0.98998
49 F	0.00933	0.00126	0.98941
50 E	0.00933	0.00385	0.98681
51 T	0.00865	0.10906	0.88229
52 M	0.00815	0.14745	0.84441
53 H	0.00602	0.28749	0.70648
54 W	0.00102	0.83864	0.16034
55 A	0.00089	0.87208	0.12702
56 L	0.00040	0.88998	0.10962
57 P	0.00013	0.89300	0.10687
58 C	0.00008	0.89767	0.10225
59 A	0.00003	0.99252	0.00744
60 L	0.00002	0.99672	0.00326
61 V	0.00000	0.99874	0.00125
62 L	0.00000	0.99886	0.00113
63 L	0.00000	0.99890	0.00109
64 S	0.00000	0.99905	0.00094
65 V	0.00000	0.99959	0.00041
66 F	0.00000	0.99996	4e-05
67 I	0.00000	0.99998	2e-05
68 F	0.00001	0.99997	2e-05
69 A	0.00012	0.99986	2e-05
70 I	0.00024	0.99974	2e-05
71 G	0.00119	0.99866	0.00015
72 S	0.00225	0.99743	0.00033
73 F	0.00762	0.99196	0.00041
74 A	0.12944	0.86934	0.00121
75 F	0.18275	0.81546	0.00179
76 F	0.34345	0.65246	0.00409
77 K	0.89520	0.09556	0.00924
78 D	0.90921	0.08152	0.00926
79 A	0.90945	0.08125	0.00929
80 F	0.90947	0.08121	0.00932
81 L	0.91160	0.07907	0.00932
82 Q	0.98690	0.00376	0.00934
83 I	0.98728	0.00337	0.00934
84 C	0.98809	0.00254	0.00936
85 N	0.98800	0.00263	0.00937
86 I	0.98777	0.00291	0.00933
87 I	0.98701	0.00366	0.00932
88 W	0.98266	0.00802	0.00932
89 P	0.97680	0.01388	0.00931
90 S	0.97607	0.01482	0.00911
91 L	0.97565	0.01561	0.00874
92 K	0.97484	0.01641	0.00874
93 Q	0.77089	0.22113	0.00798
94 I	0.51407	0.47857	0.00736
95 L	0.33043	0.66250	0.00706
96 F	0.11146	0.88257	0.00597
97 N	0.05390	0.94015	0.00595
98 A	0.03229	0.96376	0.00394
99 L	0.02340	0.97536	0.00124
100 Q	0.02201	0.97697	0.00103
101 V	0.00624	0.99344	0.00032
102 I	0.00106	0.99889	6e-05
103 F	0.00044	0.99950	6e-05
104 F	0.00032	0.99960	7e-05
105 T	0.00031	0.99957	0.00012
106 L	0.00025	0.99955	0.0002
107 F	0.00024	0.99954	0.00022
108 L	0.00024	0.99943	0.00033
109 I	0.00026	0.99921	0.00052
110 L	0.00027	0.99812	0.00162
111 F	0.00029	0.99289	0.00682
112 V	0.00037	0.97566	0.02397
113 H	0.00110	0.91954	0.07936
114 T	0.00171	0.84974	0.14854
115 I	0.00188	0.77829	0.21984
116 D	0.00336	0.32013	0.67651
117 S	0.00347	0.18281	0.81372
118 Y	0.00354	0.12207	0.8744
119 F	0.00367	0.09117	0.90517
120 I	0.00383	0.06080	0.93537
121 G	0.00602	0.02116	0.97282
122 K	0.00932	0.00449	0.98619
123 L	0.00942	0.00396	0.98662
124 T	0.00972	0.00154	0.98874
125 Q	0.00977	0.00054	0.9897
126 F	0.00977	0.00042	0.98981
127 C	0.00978	0.00028	0.98994
128 V	0.00978	0.00024	0.98998
129 K	0.00980	0.00011	0.9901
130 I	0.00980	0.00011	0.9901
131 K	0.00980	0.00010	0.9901
132 N	0.00980	0.00010	0.9901
133 L	0.00980	0.00010	0.9901
134 L	0.00981	0.00009	0.9901
135 S	0.00984	0.00006	0.9901
136 K	0.00990	0.00000	0.9901
