# 2570378861
# AA	inside	membr	outside
1 M	0.74841	0.00000	0.2516
2 S	0.74841	0.00000	0.2516
3 I	0.74841	0.00000	0.2516
4 E	0.74841	0.00000	0.2516
5 Q	0.74841	0.00000	0.2516
6 E	0.74841	0.00000	0.2516
7 Q	0.74841	0.00000	0.2516
8 S	0.74841	0.00000	0.2516
9 S	0.74841	0.00000	0.2516
10 P	0.74841	0.00000	0.2516
11 D	0.74841	0.00000	0.2516
12 N	0.74841	0.00000	0.2516
13 K	0.74841	0.00000	0.2516
14 E	0.74841	0.00000	0.2516
15 N	0.74841	0.00000	0.2516
16 N	0.74841	0.00000	0.2516
17 N	0.74841	0.00000	0.2516
18 N	0.74841	0.00000	0.2516
19 N	0.74841	0.00000	0.2516
20 K	0.74841	0.00000	0.2516
21 D	0.74841	0.00000	0.2516
22 K	0.74841	0.00000	0.2516
23 N	0.74841	0.00000	0.2516
24 K	0.74841	0.00000	0.2516
25 E	0.74841	0.00000	0.2516
26 P	0.74841	0.00000	0.2516
27 N	0.74841	0.00000	0.2516
28 N	0.74841	0.00000	0.2516
29 N	0.74841	0.00000	0.2516
30 K	0.74841	0.00000	0.2516
31 Y	0.74841	0.00000	0.2516
32 S	0.74841	0.00000	0.2516
33 K	0.74840	0.00000	0.2516
34 N	0.74838	0.00003	0.2516
35 V	0.74834	0.00007	0.25159
36 N	0.74828	0.00013	0.25159
37 G	0.74809	0.00036	0.25155
38 V	0.74742	0.00109	0.25149
39 F	0.74684	0.00170	0.25146
40 V	0.74673	0.00182	0.25145
41 P	0.74672	0.00184	0.25145
42 K	0.74669	0.00187	0.25144
43 K	0.74167	0.00713	0.2512
44 T	0.64505	0.11361	0.24133
45 I	0.26806	0.55869	0.17325
46 L	0.22572	0.62900	0.14528
47 G	0.21297	0.70001	0.08701
48 F	0.07915	0.88632	0.03453
49 S	0.05205	0.93110	0.01685
50 V	0.01597	0.97820	0.00583
51 P	0.01126	0.98448	0.00426
52 L	0.00209	0.99623	0.00168
53 F	0.00018	0.99928	0.00054
54 C	0.00008	0.99954	0.00038
55 L	0.00002	0.99991	8e-05
56 M	0.00002	0.99995	3e-05
57 S	0.00001	0.99997	2e-05
58 L	0.00001	0.99998	2e-05
59 V	0.00001	0.99998	2e-05
60 V	0.00001	0.99995	5e-05
61 F	0.00003	0.99959	0.00039
62 V	0.00018	0.99894	0.00088
63 Q	0.00048	0.99772	0.00181
64 V	0.00050	0.99743	0.00208
65 F	0.00059	0.99672	0.00269
66 V	0.00104	0.97428	0.02467
67 L	0.00533	0.86067	0.134
68 G	0.06824	0.43335	0.49841
69 F	0.09949	0.38838	0.51213
70 I	0.16775	0.31119	0.52106
71 S	0.22023	0.10362	0.67615
72 F	0.23502	0.05646	0.70852
73 K	0.24911	0.00334	0.74754
74 T	0.25052	0.00179	0.74769
75 T	0.25116	0.00075	0.74809
76 N	0.25093	0.00072	0.74835
77 K	0.24854	0.00872	0.74274
78 F	0.23741	0.02508	0.73751
79 E	0.23053	0.03433	0.73514
80 P	0.15243	0.34692	0.50064
81 A	0.08505	0.56943	0.34552
82 F	0.01280	0.96610	0.02111
83 H	0.00836	0.97365	0.01799
84 P	0.00617	0.97842	0.01541
85 L	0.00139	0.99505	0.00356
86 I	0.00107	0.99670	0.00223
87 T	0.00094	0.99758	0.00149
88 P	0.00088	0.99766	0.00146
89 L	0.00082	0.99778	0.0014
90 L	0.00079	0.99787	0.00134
91 I	0.00078	0.99788	0.00134
92 A	0.00078	0.99788	0.00134
93 M	0.00078	0.99788	0.00134
94 L	0.00078	0.99788	0.00134
95 L	0.00079	0.99787	0.00135
96 A	0.00082	0.99777	0.00141
97 A	0.00094	0.99713	0.00193
98 V	0.00156	0.98080	0.01764
99 L	0.00672	0.95344	0.03985
100 Q	0.64230	0.23445	0.12324
101 K	0.70033	0.15279	0.14688
102 I	0.70270	0.14895	0.14835
103 G	0.71093	0.09578	0.19329
104 A	0.72624	0.05661	0.21714
105 K	0.74346	0.00588	0.25066
106 I	0.70913	0.04032	0.25055
107 P	0.70765	0.04170	0.25065
108 L	0.70506	0.04433	0.25061
109 L	0.70326	0.04963	0.24712
110 K	0.70201	0.05432	0.24367
111 D	0.68193	0.08041	0.23767
112 I	0.05780	0.78662	0.15558
113 G	0.02925	0.86338	0.10737
114 G	0.02350	0.93843	0.03808
115 G	0.01582	0.95276	0.03142
116 S	0.01346	0.95576	0.03079
117 I	0.01010	0.98213	0.00777
118 L	0.00986	0.98488	0.00526
119 C	0.00964	0.98791	0.00244
120 I	0.00938	0.99006	0.00056
121 L	0.00937	0.99013	0.0005
122 M	0.00937	0.99019	0.00043
123 P	0.00937	0.99020	0.00042
124 S	0.00937	0.99019	0.00044
125 I	0.00937	0.99011	0.00053
126 L	0.00938	0.98863	0.002
127 F	0.00942	0.98685	0.00373
128 T	0.00976	0.98291	0.00733
129 Y	0.01022	0.95105	0.03872
130 P	0.01370	0.87715	0.10915
131 F	0.01614	0.84911	0.13476
132 F	0.06745	0.45548	0.47707
133 K	0.18017	0.11573	0.70411
134 D	0.21365	0.06577	0.72058
135 G	0.21624	0.05225	0.7315
136 S	0.22013	0.04765	0.73222
137 I	0.22598	0.04174	0.73228
138 F	0.22765	0.03929	0.73306
139 L	0.22876	0.03653	0.73471
140 Q	0.25671	0.00551	0.73778
141 M	0.25914	0.00281	0.73805
142 Q	0.26099	0.00058	0.73843
143 K	0.26110	0.00026	0.73864
144 F	0.26110	0.00029	0.73861
145 M	0.26111	0.00028	0.73861
146 Q	0.26111	0.00028	0.73861
147 S	0.26111	0.00028	0.73861
148 I	0.26111	0.00028	0.73861
149 M	0.26111	0.00028	0.73861
150 K	0.26111	0.00027	0.73861
151 H	0.26111	0.00027	0.73861
152 L	0.26112	0.00027	0.73861
153 N	0.26112	0.00027	0.73861
154 A	0.26114	0.00025	0.73861
155 E	0.26125	0.00014	0.73861
156 S	0.26125	0.00014	0.73861
157 I	0.26125	0.00014	0.73861
158 T	0.26128	0.00011	0.73861
159 V	0.26129	0.00010	0.73861
160 K	0.26136	0.00003	0.73861
161 V	0.26136	0.00003	0.73861
162 Q	0.26138	0.00001	0.73861
163 E	0.26138	0.00001	0.73861
164 N	0.26045	0.00098	0.73857
165 K	0.25880	0.00295	0.73826
166 Y	0.22959	0.21511	0.55529
167 T	0.19485	0.30262	0.50253
168 Y	0.17562	0.33297	0.49141
169 K	0.16660	0.35647	0.47692
170 A	0.05763	0.78594	0.15643
171 V	0.01611	0.95117	0.03272
172 G	0.00179	0.99129	0.00691
173 F	0.00040	0.99593	0.00367
174 A	0.00019	0.99703	0.00279
175 N	0.00012	0.99727	0.00261
176 F	0.00012	0.99732	0.00256
177 F	0.00012	0.99733	0.00255
178 V	0.00012	0.99733	0.00255
179 S	0.00012	0.99733	0.00255
180 A	0.00012	0.99733	0.00255
181 L	0.00012	0.99733	0.00255
182 I	0.00012	0.99732	0.00256
183 I	0.00013	0.99730	0.00257
184 G	0.00030	0.99680	0.0029
185 S	0.00062	0.99577	0.00361
186 F	0.00112	0.99489	0.00399
187 L	0.00168	0.95794	0.04038
188 S	0.01084	0.90965	0.0795
189 M	0.41693	0.45116	0.13191
190 D	0.73301	0.01193	0.25506
191 K	0.73530	0.00221	0.26248
192 K	0.73541	0.00086	0.26372
193 L	0.73545	0.00079	0.26375
194 L	0.73548	0.00074	0.26377
195 K	0.73615	0.00003	0.26382
196 S	0.73608	0.00009	0.26382
197 S	0.73602	0.00016	0.26381
198 F	0.73595	0.00024	0.2638
199 K	0.73589	0.00034	0.26377
200 K	0.72993	0.00698	0.26309
201 F	0.08810	0.75607	0.15582
202 I	0.01717	0.87619	0.10664
203 P	0.01653	0.88369	0.09977
204 L	0.00887	0.98434	0.00679
205 I	0.00609	0.99136	0.00255
206 L	0.00249	0.99559	0.00192
207 V	0.00085	0.99815	0.001
208 S	0.00059	0.99857	0.00084
209 L	0.00009	0.99984	7e-05
210 F	0.00001	0.99997	1e-05
211 V	0.00001	0.99998	0
212 G	0.00001	0.99998	0
213 A	0.00001	0.99999	0
214 L	0.00001	0.99999	0
215 V	0.00001	0.99999	0
216 V	0.00001	0.99998	1e-05
217 G	0.00001	0.99995	4e-05
218 T	0.00002	0.99987	0.00011
219 L	0.00004	0.99898	0.00098
220 G	0.00014	0.99662	0.00324
221 V	0.00034	0.99237	0.00729
222 L	0.00097	0.98701	0.01202
223 L	0.00372	0.97322	0.02306
224 H	0.14121	0.20971	0.64908
225 P	0.18038	0.10521	0.71441
226 I	0.18655	0.09738	0.71607
227 G	0.25477	0.02032	0.7249
228 G	0.25969	0.01255	0.72776
229 L	0.26151	0.00506	0.73343
230 E	0.26303	0.00102	0.73595
231 N	0.26314	0.00078	0.73607
232 A	0.26358	0.00033	0.73609
233 S	0.26360	0.00040	0.736
234 Q	0.26361	0.00044	0.73595
235 T	0.26185	0.00244	0.73571
236 S	0.25078	0.01394	0.73528
237 K	0.24816	0.01680	0.73504
238 G	0.21174	0.33663	0.45162
239 G	0.17391	0.41548	0.41061
240 F	0.16712	0.42748	0.4054
241 L	0.16177	0.43962	0.39861
242 D	0.16110	0.44299	0.39591
243 A	0.12337	0.69852	0.17811
244 I	0.00704	0.83604	0.15693
245 F	0.00155	0.84451	0.15394
246 Y	0.00042	0.84807	0.15151
247 I	0.00032	0.84960	0.15008
248 F	0.00032	0.84968	0.15
249 A	0.00032	0.84971	0.14998
250 P	0.00032	0.84970	0.14998
251 L	0.00032	0.84969	0.15
252 A	0.00032	0.84966	0.15002
253 S	0.00037	0.84927	0.15037
254 G	0.00040	0.84858	0.15102
255 G	0.00058	0.84732	0.15211
256 M	0.00674	0.83823	0.15503
257 S	0.01447	0.82545	0.16008
258 S	0.10926	0.72281	0.16794
259 G	0.12564	0.68567	0.18869
260 V	0.13294	0.67561	0.19145
261 T	0.31831	0.46145	0.22023
262 P	0.38138	0.36910	0.24952
263 L	0.41294	0.31623	0.27083
264 K	0.43494	0.15683	0.40822
265 N	0.43980	0.15164	0.40855
266 A	0.56420	0.02629	0.4095
267 Y	0.58076	0.00732	0.41192
268 A	0.58312	0.00413	0.41275
269 G	0.58507	0.00154	0.41339
270 Q	0.58647	0.00006	0.41346
271 N	0.58649	0.00004	0.41347
272 L	0.58629	0.00024	0.41346
273 D	0.58610	0.00045	0.41345
274 L	0.58471	0.00196	0.41333
275 Q	0.58459	0.00223	0.41318
276 E	0.58254	0.00498	0.41249
277 P	0.50970	0.11525	0.37505
278 F	0.22399	0.64284	0.13317
279 M	0.21586	0.65927	0.12487
280 S	0.19038	0.69946	0.11016
281 H	0.10161	0.83209	0.0663
282 M	0.07380	0.90434	0.02186
283 T	0.03467	0.95842	0.00691
284 P	0.02418	0.97049	0.00532
285 A	0.01229	0.98589	0.00182
286 L	0.00896	0.99014	0.0009
287 L	0.00846	0.99112	0.00042
288 V	0.00839	0.99122	0.00039
289 G	0.00838	0.99123	0.00039
290 G	0.00838	0.99123	0.00039
291 I	0.00837	0.99124	0.00039
292 F	0.00837	0.99123	0.0004
293 S	0.00838	0.99121	0.00041
294 I	0.00838	0.99117	0.00045
295 F	0.00845	0.99001	0.00154
296 T	0.01018	0.98326	0.00656
297 S	0.01168	0.97189	0.01643
298 G	0.01364	0.96463	0.02173
299 L	0.01758	0.95333	0.02908
300 I	0.08301	0.80250	0.1145
301 K	0.38127	0.07256	0.54618
302 K	0.38941	0.05404	0.55655
303 F	0.39018	0.05209	0.55773
304 L	0.39370	0.04370	0.5626
305 K	0.42033	0.00488	0.5748
306 T	0.42134	0.00318	0.57547
307 T	0.42143	0.00225	0.57633
308 K	0.42146	0.00010	0.57845
309 Y	0.42146	0.00004	0.5785
310 S	0.42146	0.00002	0.57852
311 G	0.42146	0.00001	0.57853
312 Y	0.42146	0.00001	0.57854
313 G	0.42146	0.00000	0.57854
314 K	0.42146	0.00000	0.57854
315 L	0.42146	0.00000	0.57854
316 E	0.42146	0.00000	0.57854
317 F	0.42146	0.00000	0.57854
318 K	0.42146	0.00000	0.57854
319 E	0.42146	0.00000	0.57854
320 T	0.42146	0.00000	0.57854
321 S	0.42146	0.00000	0.57854
322 K	0.42146	0.00000	0.57854
323 N	0.42146	0.00000	0.57854
324 P	0.42146	0.00000	0.57854
325 D	0.42146	0.00000	0.57854
326 K	0.42146	0.00000	0.57854
327 N	0.42146	0.00000	0.57854
328 T	0.42146	0.00000	0.57854
329 S	0.42146	0.00000	0.57854
330 K	0.42146	0.00000	0.57854
331 P	0.42144	0.00002	0.57854
332 F	0.42134	0.00014	0.57852
333 P	0.42133	0.00018	0.5785
334 E	0.42113	0.00052	0.57835
335 K	0.40755	0.01531	0.57714
336 L	0.18381	0.40184	0.41435
337 S	0.17814	0.44273	0.37913
338 Y	0.17206	0.47695	0.351
339 P	0.17090	0.49574	0.33336
340 Q	0.16847	0.52475	0.30678
341 I	0.16098	0.64274	0.19629
342 T	0.15913	0.66693	0.17394
343 T	0.15321	0.72866	0.11813
344 G	0.07490	0.85449	0.07061
345 L	0.00626	0.96849	0.02525
346 I	0.00432	0.98566	0.01002
347 A	0.00307	0.99461	0.00232
348 I	0.00164	0.99765	0.00072
349 F	0.00137	0.99805	0.00058
350 T	0.00130	0.99821	0.00049
351 L	0.00126	0.99828	0.00046
352 Y	0.00126	0.99830	0.00045
353 L	0.00128	0.99814	0.00059
354 F	0.00175	0.99697	0.00128
355 S	0.00328	0.99423	0.00249
356 V	0.01692	0.97894	0.00414
357 L	0.03879	0.95284	0.00836
358 I	0.06282	0.88378	0.0534
359 K	0.24232	0.50118	0.2565
360 E	0.28287	0.45899	0.25814
361 S	0.28785	0.45381	0.25835
362 L	0.28811	0.45335	0.25854
363 I	0.29125	0.44831	0.26044
364 L	0.37436	0.36162	0.26402
365 L	0.39139	0.34115	0.26746
366 L	0.46474	0.26049	0.27477
367 P	0.51714	0.12343	0.35943
368 N	0.55171	0.02979	0.41849
369 I	0.55799	0.02243	0.41957
370 K	0.56544	0.01444	0.42012
371 K	0.49344	0.09012	0.41644
372 Y	0.35889	0.32257	0.31854
373 L	0.31995	0.52356	0.15648
374 P	0.31060	0.53518	0.15422
375 E	0.24735	0.60874	0.14391
376 Y	0.11252	0.84246	0.04502
377 I	0.06336	0.92321	0.01342
378 V	0.01016	0.98880	0.00105
379 F	0.00069	0.99880	0.00052
380 L	0.00024	0.99939	0.00037
381 V	0.00024	0.99946	0.00031
382 F	0.00024	0.99947	0.0003
383 V	0.00024	0.99946	0.00031
384 V	0.00024	0.99941	0.00035
385 V	0.00030	0.99906	0.00064
386 L	0.00041	0.99811	0.00147
387 M	0.00066	0.99708	0.00226
388 K	0.00124	0.98448	0.01428
389 L	0.00127	0.98405	0.01467
390 F	0.00164	0.98074	0.01762
391 N	0.01168	0.96415	0.02418
392 V	0.01636	0.95686	0.02679
393 V	0.07181	0.83646	0.09173
394 S	0.13721	0.60754	0.25525
395 D	0.36010	0.22135	0.41855
396 Y	0.38809	0.18779	0.42413
397 Y	0.39039	0.17865	0.43096
398 N	0.39581	0.05407	0.55012
399 S	0.40713	0.02412	0.56875
400 C	0.40818	0.02311	0.5687
401 I	0.41492	0.01953	0.56556
402 N	0.41514	0.02180	0.56305
403 Q	0.41420	0.04490	0.5409
404 A	0.40335	0.10468	0.49197
405 S	0.39391	0.11937	0.48671
406 K	0.38898	0.12949	0.48153
407 F	0.20902	0.58829	0.20269
408 V	0.20209	0.75355	0.04435
409 T	0.20176	0.78265	0.01559
410 T	0.20068	0.78492	0.0144
411 N	0.19861	0.78859	0.01279
412 F	0.19562	0.79601	0.00837
413 T	0.19467	0.79984	0.00549
414 S	0.19432	0.80035	0.00533
415 A	0.19420	0.80051	0.00529
416 F	0.19418	0.80054	0.00527
417 L	0.19418	0.80054	0.00527
418 V	0.19419	0.80052	0.00529
419 I	0.19421	0.80035	0.00544
420 L	0.19425	0.79996	0.00579
421 G	0.20110	0.79183	0.00707
422 S	0.22382	0.76669	0.00948
423 N	0.23549	0.74620	0.0183
424 I	0.23890	0.73966	0.02144
425 P	0.40417	0.52906	0.06677
426 M	0.48674	0.43246	0.0808
427 E	0.67265	0.20647	0.12088
428 A	0.67994	0.19076	0.1293
429 M	0.68372	0.17981	0.13647
430 L	0.68712	0.09032	0.22256
431 K	0.76687	0.00248	0.23066
432 Q	0.75693	0.01566	0.22741
433 L	0.45024	0.38016	0.16959
434 N	0.37814	0.50115	0.12071
435 V	0.33503	0.57098	0.09398
436 K	0.32299	0.61027	0.06674
437 F	0.02483	0.94824	0.02693
438 V	0.00316	0.97607	0.02077
439 F	0.00014	0.99946	0.0004
440 T	0.00012	0.99959	0.00029
441 C	0.00009	0.99971	0.0002
442 I	0.00003	0.99984	0.00013
443 M	0.00002	0.99985	0.00013
444 C	0.00002	0.99986	0.00012
445 V	0.00001	0.99987	0.00012
446 L	0.00001	0.99987	0.00012
447 L	0.00001	0.99988	0.00012
448 V	0.00001	0.99987	0.00012
449 A	0.00001	0.99987	0.00012
450 L	0.00002	0.99984	0.00015
451 V	0.00013	0.99914	0.00073
452 A	0.00087	0.99369	0.00544
453 G	0.00258	0.96334	0.03408
454 Y	0.00695	0.94302	0.05003
455 L	0.02888	0.85816	0.11296
456 G	0.12181	0.44967	0.42851
457 K	0.21588	0.02786	0.75627
458 K	0.22453	0.00861	0.76686
459 L	0.22369	0.00995	0.76636
460 G	0.22508	0.00797	0.76695
461 Y	0.22121	0.01232	0.76647
462 Y	0.22025	0.01347	0.76627
463 P	0.19621	0.03760	0.76619
464 V	0.18560	0.05187	0.76252
465 E	0.18447	0.06368	0.75184
466 S	0.16125	0.25431	0.58444
467 S	0.11915	0.33761	0.54323
468 I	0.04400	0.44514	0.51086
469 T	0.02638	0.46612	0.5075
470 A	0.02511	0.47688	0.49801
471 G	0.02365	0.48257	0.49377
472 L	0.02115	0.48543	0.49342
473 C	0.02074	0.48593	0.49333
474 T	0.02046	0.48642	0.49312
475 N	0.01919	0.48923	0.49157
476 S	0.01552	0.49752	0.48697
477 I	0.01336	0.50037	0.48627
478 G	0.01309	0.50084	0.48607
479 G	0.01305	0.50076	0.48619
480 A	0.01323	0.50047	0.4863
481 G	0.01335	0.49921	0.48744
482 N	0.01379	0.49751	0.48869
483 V	0.01391	0.49683	0.48926
484 A	0.01453	0.49260	0.49287
485 I	0.01543	0.48786	0.49671
486 L	0.01931	0.44135	0.53935
487 S	0.03365	0.39534	0.571
488 V	0.06029	0.34890	0.59082
489 S	0.24029	0.11300	0.64671
490 D	0.27946	0.04514	0.6754
491 L	0.28155	0.03475	0.6837
492 M	0.28247	0.03361	0.68392
493 G	0.27570	0.04592	0.67837
494 L	0.27230	0.05722	0.67047
495 M	0.26018	0.10140	0.63842
496 P	0.25553	0.12335	0.62112
497 F	0.24445	0.22485	0.53069
498 A	0.24086	0.40481	0.35433
499 Q	0.23600	0.49143	0.27257
500 I	0.10037	0.79969	0.09994
501 A	0.02213	0.94792	0.02995
502 T	0.01230	0.96836	0.01934
503 R	0.00782	0.98535	0.00683
504 I	0.00471	0.99146	0.00383
505 G	0.00355	0.99280	0.00365
506 G	0.00326	0.99316	0.00358
507 A	0.00326	0.99316	0.00358
508 L	0.00328	0.99314	0.00359
509 V	0.00328	0.99313	0.00359
510 V	0.00329	0.99312	0.00359
511 V	0.00335	0.99303	0.00362
512 V	0.00359	0.99273	0.00368
513 A	0.00481	0.99118	0.00401
514 S	0.01006	0.98435	0.00559
515 I	0.01339	0.98055	0.00606
516 A	0.02309	0.96293	0.01399
517 Y	0.04114	0.93636	0.0225
518 P	0.10247	0.83078	0.06675
519 L	0.13448	0.77746	0.08807
520 L	0.29650	0.53254	0.17096
521 Y	0.70396	0.00000	0.29604
