# 2570378711
# AA	inside	membr	outside
1 L	0.99864	0.00000	0.00136
2 Y	0.99864	0.00000	0.00136
3 S	0.99864	0.00000	0.00136
4 S	0.99864	0.00000	0.00136
5 I	0.99864	0.00000	0.00136
6 T	0.99864	0.00000	0.00136
7 Q	0.99864	0.00000	0.00136
8 K	0.99864	0.00000	0.00136
9 T	0.99861	0.00003	0.00136
10 K	0.99861	0.00003	0.00136
11 K	0.99776	0.00089	0.00136
12 P	0.74406	0.25460	0.00133
13 L	0.06791	0.93098	0.00111
14 H	0.06787	0.93102	0.00111
15 K	0.06787	0.93177	0.00036
16 Y	0.03109	0.96855	0.00036
17 I	0.00273	0.99698	0.00029
18 L	0.00262	0.99711	0.00027
19 A	0.00206	0.99767	0.00027
20 A	0.00073	0.99902	0.00025
21 H	0.00007	0.99968	0.00025
22 I	0.00003	0.99972	0.00025
23 L	0.00003	0.99973	0.00025
24 A	0.00002	0.99973	0.00025
25 L	0.00002	0.99973	0.00025
26 A	0.00002	0.99973	0.00025
27 L	0.00002	0.99971	0.00026
28 I	0.00002	0.99965	0.00033
29 L	0.00002	0.99923	0.00075
30 F	0.00003	0.98774	0.01223
31 H	0.00012	0.72635	0.27352
32 L	0.00015	0.44227	0.55758
33 S	0.00051	0.17694	0.82255
34 K	0.00098	0.09488	0.90414
35 Q	0.00105	0.08034	0.91861
36 M	0.00105	0.02539	0.97356
37 G	0.00105	0.02129	0.97765
38 L	0.00108	0.02066	0.97826
39 Y	0.00109	0.01649	0.98242
40 D	0.00113	0.00091	0.99796
41 Y	0.00113	0.00140	0.99747
42 F	0.00113	0.01415	0.98472
43 R	0.00114	0.01637	0.98249
44 S	0.00109	0.03935	0.95956
45 P	0.00083	0.13728	0.8619
46 L	0.00047	0.39518	0.60435
47 T	0.00046	0.57132	0.42821
48 Y	0.00045	0.60990	0.38965
49 K	0.00042	0.62741	0.37217
50 A	0.00023	0.90426	0.09551
51 Y	0.00007	0.98401	0.01592
52 L	0.00005	0.99651	0.00345
53 N	0.00005	0.99718	0.00278
54 L	0.00004	0.99975	0.0002
55 A	0.00004	0.99979	0.00016
56 L	0.00004	0.99980	0.00016
57 V	0.00004	0.99980	0.00015
58 P	0.00004	0.99981	0.00015
59 L	0.00004	0.99982	0.00014
60 F	0.00005	0.99981	0.00014
61 Y	0.00007	0.99979	0.00013
62 L	0.00012	0.99974	0.00014
63 G	0.00059	0.99927	0.00014
64 F	0.00143	0.99842	0.00014
65 F	0.04533	0.95451	0.00016
66 F	0.07954	0.92028	0.00018
67 G	0.20461	0.79513	0.00026
68 F	0.39686	0.60252	0.00062
69 K	0.94849	0.05030	0.00121
70 K	0.99571	0.00307	0.00122
71 A	0.80049	0.19865	0.00086
72 S	0.69743	0.30220	0.00037
73 L	0.54731	0.45256	0.00013
74 M	0.41235	0.58759	5e-05
75 L	0.02318	0.97679	3e-05
76 L	0.00240	0.99758	2e-05
77 I	0.00082	0.99916	2e-05
78 Y	0.00063	0.99936	1e-05
79 I	0.00023	0.99975	1e-05
80 F	0.00013	0.99985	1e-05
81 C	0.00012	0.99986	1e-05
82 E	0.00013	0.99985	1e-05
83 F	0.00013	0.99986	1e-05
84 V	0.00013	0.99986	1e-05
85 T	0.00013	0.99986	1e-05
86 T	0.00013	0.99986	1e-05
87 L	0.00013	0.99985	2e-05
88 G	0.00013	0.99983	4e-05
89 H	0.00013	0.99976	0.00011
90 F	0.00013	0.99953	0.00034
91 W	0.00015	0.99791	0.00194
92 I	0.00026	0.98986	0.00988
93 L	0.00042	0.88921	0.11037
94 A	0.00086	0.31063	0.68851
95 D	0.00131	0.04240	0.95629
96 Y	0.00133	0.02580	0.97287
97 D	0.00134	0.01338	0.98529
98 I	0.00134	0.00767	0.991
99 F	0.00134	0.00191	0.99676
100 L	0.00134	0.00103	0.99763
101 L	0.00135	0.00060	0.99805
102 E	0.00135	0.00019	0.99846
103 K	0.00135	0.00018	0.99848
104 I	0.00134	0.00073	0.99792
105 N	0.00133	0.00095	0.99772
106 I	0.00129	0.00204	0.99666
107 N	0.00129	0.00300	0.99571
108 K	0.00128	0.01110	0.98761
109 V	0.00123	0.21156	0.78721
110 P	0.00120	0.22479	0.77401
111 F	0.00059	0.25555	0.74386
112 F	0.00034	0.37682	0.62285
113 I	0.00021	0.95981	0.03998
114 L	0.00013	0.97444	0.02542
115 N	0.00012	0.97568	0.0242
116 Y	0.00012	0.99006	0.00982
117 L	0.00013	0.99353	0.00634
118 L	0.00017	0.99560	0.00423
119 K	0.00026	0.99569	0.00404
120 T	0.00027	0.99714	0.00259
121 L	0.00028	0.99842	0.00131
122 M	0.00028	0.99864	0.00108
123 P	0.00028	0.99871	0.001
124 L	0.00029	0.99897	0.00075
125 L	0.00029	0.99904	0.00068
126 S	0.00035	0.99899	0.00066
127 W	0.00138	0.99797	0.00065
128 S	0.01198	0.98736	0.00066
129 F	0.03433	0.96497	0.00071
130 T	0.04838	0.95090	0.00073
131 G	0.06850	0.93076	0.00075
132 L	0.21666	0.78251	0.00083
133 L	0.23120	0.76792	0.00088
134 Y	0.25583	0.74257	0.0016
135 C	0.36248	0.63572	0.0018
136 K	0.98820	0.00993	0.00187
137 D	0.99552	0.00261	0.00187
138 L	0.99556	0.00258	0.00187
139 S	0.99629	0.00184	0.00187
140 H	0.99655	0.00158	0.00187
141 F	0.99663	0.00150	0.00187
142 N	0.99699	0.00114	0.00187
143 I	0.99721	0.00092	0.00187
144 N	0.99786	0.00027	0.00187
145 K	0.99811	0.00002	0.00187
146 K	0.99339	0.00475	0.00187
147 N	0.88366	0.11462	0.00171
148 I	0.25942	0.73967	0.00091
149 I	0.24732	0.75194	0.00075
150 R	0.23909	0.76021	0.0007
151 L	0.07907	0.92045	0.00048
152 L	0.04340	0.95619	0.00041
153 I	0.00714	0.99283	3e-05
154 I	0.00240	0.99759	1e-05
155 L	0.00147	0.99852	0
156 I	0.00001	0.99999	0
157 I	0.00001	0.99999	0
158 I	0.00000	1.00000	0
159 M	0.00000	1.00000	0
160 L	0.00000	1.00000	0
161 I	0.00000	1.00000	0
162 H	0.00000	0.99996	4e-05
163 T	0.00000	0.99988	0.00012
164 C	0.00000	0.99976	0.00024
165 L	0.00000	0.99925	0.00075
166 Y	0.00001	0.99585	0.00415
167 A	0.00003	0.98547	0.0145
168 I	0.00008	0.97815	0.02177
169 N	0.00018	0.94952	0.0503
170 G	0.00035	0.86260	0.13705
171 Y	0.00095	0.25254	0.74651
172 L	0.00103	0.23203	0.76694
173 C	0.00109	0.20925	0.78967
174 Y	0.00130	0.09854	0.90017
175 L	0.00137	0.07499	0.92364
176 P	0.00181	0.01867	0.97952
177 S	0.00183	0.01420	0.98396
178 I	0.00184	0.01334	0.98482
179 K	0.00186	0.00310	0.99503
180 Y	0.00186	0.00295	0.99519
181 I	0.00186	0.00229	0.99584
182 L	0.00187	0.00123	0.99691
183 K	0.00187	0.00004	0.99809
184 D	0.00187	0.00067	0.99746
185 N	0.00179	0.06207	0.93614
186 P	0.00161	0.07135	0.92704
187 H	0.00143	0.08285	0.91572
188 Y	0.00093	0.20098	0.79808
189 N	0.00085	0.24939	0.74976
190 I	0.00027	0.76442	0.23531
191 F	0.00011	0.78937	0.21052
192 F	0.00009	0.81122	0.1887
193 A	0.00008	0.82743	0.1725
194 N	0.00008	0.83344	0.16648
195 G	0.00006	0.86942	0.13052
196 I	0.00004	0.92092	0.07904
197 I	0.00003	0.93332	0.06665
198 S	0.00003	0.93694	0.06303
199 F	0.00003	0.95152	0.04845
200 I	0.00003	0.96523	0.03474
201 T	0.00003	0.97200	0.02797
202 I	0.00002	0.99499	0.00499
203 F	0.00021	0.99732	0.00247
204 V	0.00071	0.99802	0.00127
205 L	0.00219	0.99670	0.00112
206 N	0.01401	0.98439	0.00159
207 L	0.02661	0.97213	0.00126
208 E	0.31072	0.68806	0.00121
209 T	0.33398	0.66547	0.00056
210 V	0.32785	0.67182	0.00033
211 I	0.35343	0.64625	0.00032
212 T	0.34810	0.65149	0.0004
213 C	0.35112	0.64818	0.0007
214 N	0.11226	0.88702	0.00071
215 L	0.05394	0.94546	0.00061
216 L	0.04967	0.94973	0.00061
217 L	0.04847	0.95093	0.0006
218 L	0.05899	0.94040	0.00061
219 G	0.09464	0.90473	0.00064
220 C	0.10847	0.89089	0.00064
221 I	0.11718	0.88217	0.00064
222 I	0.15915	0.84018	0.00067
223 Y	0.22080	0.77848	0.00072
224 L	0.30061	0.69859	0.0008
225 N	0.59933	0.39953	0.00114
226 P	0.63346	0.36489	0.00165
227 R	0.64676	0.34841	0.00484
228 L	0.64831	0.34400	0.00769
229 K	0.65029	0.33692	0.01279
230 I	0.65040	0.33630	0.01331
231 I	0.65051	0.33423	0.01526
232 Y	0.65098	0.29760	0.05142
233 Q	0.65109	0.28655	0.06236
234 T	0.65110	0.27980	0.0691
235 Y	0.65110	0.27264	0.07626
236 F	0.65110	0.26107	0.08783
237 Y	0.65112	0.05695	0.29193
238 D	0.65120	0.00064	0.34816
239 N	0.65120	0.00005	0.34875
240 K	0.65120	0.00000	0.3488
