# 2570378675
# AA	inside	membr	outside
1 M	0.70424	0.00000	0.29576
2 K	0.70423	0.00000	0.29576
3 M	0.70423	0.00001	0.29576
4 I	0.70423	0.00003	0.29574
5 F	0.70418	0.00008	0.29574
6 S	0.70418	0.00008	0.29574
7 F	0.70353	0.00073	0.29574
8 N	0.70353	0.00073	0.29574
9 F	0.70327	0.00099	0.29574
10 L	0.70327	0.00114	0.29559
11 K	0.70324	0.00118	0.29558
12 Y	0.68804	0.01672	0.29524
13 L	0.68131	0.02409	0.2946
14 I	0.68131	0.02409	0.2946
15 S	0.68131	0.02444	0.29425
16 F	0.68129	0.02446	0.29425
17 D	0.68128	0.02447	0.29425
18 F	0.68128	0.02476	0.29396
19 K	0.68112	0.02502	0.29386
20 D	0.67208	0.07573	0.25219
21 F	0.00566	0.75093	0.2434
22 F	0.00213	0.84513	0.15275
23 Y	0.00129	0.93704	0.06168
24 L	0.00060	0.95832	0.04108
25 L	0.00023	0.98540	0.01437
26 Y	0.00016	0.99460	0.00524
27 S	0.00015	0.99612	0.00374
28 I	0.00012	0.99942	0.00046
29 F	0.00011	0.99966	0.00023
30 Y	0.00011	0.99914	0.00075
31 S	0.00015	0.99892	0.00094
32 I	0.00017	0.99846	0.00138
33 F	0.00038	0.99769	0.00193
34 F	0.00050	0.99669	0.00281
35 T	0.00157	0.98116	0.01728
36 K	0.00205	0.97193	0.02601
37 S	0.00207	0.97130	0.02663
38 S	0.00229	0.97059	0.02713
39 Y	0.00257	0.96713	0.03031
40 L	0.00608	0.96160	0.03233
41 F	0.01522	0.93928	0.0455
42 G	0.02757	0.89525	0.07717
43 F	0.06062	0.83325	0.10613
44 N	0.08519	0.22037	0.69445
45 V	0.14665	0.15986	0.69349
46 G	0.24015	0.06532	0.69453
47 W	0.25359	0.06156	0.68485
48 N	0.28175	0.03552	0.68273
49 N	0.27550	0.04636	0.67814
50 N	0.26126	0.08014	0.6586
51 F	0.18556	0.19142	0.62301
52 L	0.05298	0.36302	0.58399
53 I	0.02761	0.90233	0.07006
54 I	0.01023	0.93993	0.04984
55 F	0.00728	0.94359	0.04913
56 N	0.00694	0.94490	0.04816
57 M	0.00597	0.94736	0.04667
58 I	0.00540	0.96465	0.02996
59 K	0.00542	0.96462	0.02995
60 T	0.00355	0.96939	0.02707
61 V	0.00175	0.97894	0.01931
62 I	0.00122	0.98114	0.01764
63 V	0.00090	0.99128	0.00782
64 F	0.00071	0.99156	0.00774
65 I	0.00081	0.99157	0.00763
66 W	0.00254	0.98772	0.00974
67 E	0.01963	0.96309	0.01728
68 K	0.02175	0.95792	0.02033
69 L	0.02153	0.95819	0.02028
70 I	0.02365	0.95599	0.02036
71 I	0.03291	0.93457	0.03252
72 L	0.03949	0.91833	0.04217
73 I	0.10999	0.83291	0.0571
74 Y	0.15575	0.72522	0.11902
75 P	0.21113	0.54449	0.24438
76 L	0.62073	0.10420	0.27507
77 K	0.65380	0.05002	0.29618
78 L	0.63752	0.06821	0.29427
79 F	0.56938	0.13862	0.292
80 S	0.55498	0.15336	0.29165
81 S	0.53972	0.17082	0.28947
82 L	0.16561	0.55618	0.27821
83 F	0.16761	0.56400	0.26839
84 D	0.17626	0.57197	0.25176
85 F	0.13594	0.69499	0.16907
86 L	0.13204	0.74717	0.12079
87 M	0.12084	0.77164	0.10751
88 Q	0.11103	0.79358	0.0954
89 I	0.08405	0.87423	0.04172
90 L	0.08132	0.87827	0.04041
91 K	0.07818	0.88374	0.03807
92 I	0.04957	0.92179	0.02863
93 F	0.04475	0.93224	0.02301
94 I	0.03864	0.94382	0.01754
95 D	0.03776	0.94465	0.01759
96 V	0.01277	0.97086	0.01636
97 F	0.01248	0.97103	0.01649
98 Y	0.01262	0.96996	0.01743
99 T	0.01280	0.96827	0.01893
100 I	0.01293	0.96639	0.02068
101 I	0.01570	0.94808	0.03622
102 G	0.02033	0.85584	0.12383
103 Y	0.02850	0.82088	0.15062
104 I	0.03687	0.77734	0.1858
105 K	0.10058	0.32584	0.57358
106 S	0.11231	0.31124	0.57645
107 S	0.12589	0.29533	0.57878
108 V	0.17098	0.24300	0.58602
109 T	0.22271	0.18432	0.59296
110 S	0.24033	0.15858	0.6011
111 L	0.24856	0.13906	0.61239
112 T	0.27992	0.08466	0.63543
113 G	0.28672	0.07536	0.63792
114 Q	0.29728	0.02359	0.67913
115 K	0.29968	0.00418	0.69613
116 L	0.29972	0.00326	0.69702
117 M	0.29998	0.00283	0.6972
118 D	0.30008	0.00250	0.69742
119 P	0.30010	0.00001	0.6999
120 N	0.30010	0.00000	0.6999
121 E	0.30010	0.00000	0.6999
122 S	0.30009	0.00003	0.69988
123 M	0.30004	0.00014	0.69982
124 W	0.29925	0.00168	0.69907
125 E	0.29868	0.00242	0.6989
126 K	0.29841	0.00309	0.6985
127 I	0.29468	0.01291	0.69242
128 K	0.29131	0.01758	0.69111
129 E	0.27548	0.05110	0.67343
130 I	0.21581	0.19294	0.59125
131 A	0.20701	0.20594	0.58706
132 K	0.20315	0.21431	0.58253
133 M	0.07864	0.82829	0.09307
134 I	0.05763	0.89735	0.04503
135 F	0.05371	0.90467	0.04162
136 S	0.05068	0.91183	0.03749
137 V	0.04846	0.92266	0.02888
138 A	0.04812	0.92450	0.02739
139 V	0.04795	0.92496	0.02709
140 G	0.04789	0.92526	0.02685
141 G	0.04786	0.92547	0.02666
142 S	0.04783	0.92573	0.02644
143 V	0.04779	0.92596	0.02626
144 I	0.04779	0.92601	0.02621
145 Y	0.04797	0.92552	0.02651
146 F	0.04835	0.92412	0.02753
147 L	0.05624	0.90523	0.03853
148 K	0.15164	0.73984	0.10852
149 E	0.15861	0.71969	0.1217
150 V	0.15978	0.71662	0.12359
151 N	0.16405	0.70522	0.13073
152 N	0.16678	0.70250	0.13072
153 F	0.16735	0.70385	0.1288
154 L	0.16463	0.69851	0.13686
155 L	0.17605	0.68410	0.13986
156 N	0.66745	0.07872	0.25383
157 S	0.69937	0.03721	0.26342
158 F	0.70006	0.03589	0.26405
159 I	0.70160	0.03292	0.26548
160 K	0.70914	0.02330	0.26756
161 I	0.70902	0.02479	0.26619
162 G	0.70879	0.02585	0.26536
163 D	0.70893	0.02580	0.26526
164 L	0.69763	0.03886	0.26351
165 L	0.69570	0.04724	0.25706
166 F	0.69549	0.04766	0.25686
167 K	0.69092	0.05466	0.25442
168 I	0.51034	0.26633	0.22333
169 L	0.50255	0.27929	0.21816
170 L	0.50209	0.30423	0.19368
171 R	0.50496	0.30462	0.19042
172 I	0.49758	0.32772	0.1747
173 L	0.49688	0.33006	0.17306
174 D	0.49841	0.32801	0.17358
175 I	0.29930	0.64213	0.05856
176 I	0.07491	0.89581	0.02928
177 V	0.04593	0.92796	0.02611
178 I	0.03660	0.94172	0.02168
179 V	0.02835	0.95303	0.01862
180 L	0.01247	0.97244	0.01509
181 K	0.01299	0.97227	0.01474
182 F	0.00610	0.98584	0.00806
183 F	0.00299	0.99505	0.00195
184 L	0.00206	0.99720	0.00074
185 F	0.00112	0.99828	0.00059
186 V	0.00268	0.99204	0.00528
187 L	0.00712	0.96121	0.03167
188 K	0.03150	0.86172	0.10677
189 K	0.03181	0.86047	0.10772
190 V	0.03185	0.86036	0.10779
191 I	0.03222	0.85730	0.11048
192 I	0.03255	0.85592	0.11153
193 L	0.03526	0.85165	0.11309
194 L	0.03649	0.84767	0.11584
195 S	0.04169	0.82969	0.12862
196 F	0.04267	0.82423	0.13309
197 V	0.04574	0.81262	0.14164
198 L	0.13371	0.54506	0.32124
199 S	0.16797	0.29634	0.53569
200 F	0.17515	0.25935	0.5655
201 F	0.18902	0.22330	0.58768
202 I	0.21509	0.16703	0.61788
203 N	0.26304	0.02278	0.71418
204 L	0.27800	0.00000	0.722
