# 2570378864
# AA	inside	membr	outside
1 M	0.47375	0.00000	0.52625
2 D	0.47375	0.00000	0.52625
3 G	0.47375	0.00000	0.52625
4 K	0.47375	0.00000	0.52625
5 I	0.47375	0.00000	0.52625
6 I	0.47375	0.00000	0.52625
7 N	0.47375	0.00000	0.52625
8 Y	0.47375	0.00000	0.52625
9 I	0.47375	0.00000	0.52625
10 E	0.47375	0.00000	0.52625
11 E	0.47375	0.00000	0.52625
12 Y	0.47375	0.00000	0.52625
13 N	0.47375	0.00000	0.52625
14 S	0.47375	0.00000	0.52625
15 R	0.47375	0.00000	0.52625
16 D	0.47375	0.00000	0.52625
17 K	0.47374	0.00001	0.52625
18 I	0.47371	0.00005	0.52624
19 I	0.47366	0.00011	0.52624
20 K	0.47354	0.00023	0.52623
21 E	0.45607	0.01771	0.52623
22 T	0.44855	0.02544	0.52601
23 Y	0.43986	0.03440	0.52575
24 Y	0.43955	0.03472	0.52573
25 N	0.43951	0.03476	0.52573
26 F	0.43950	0.03479	0.52571
27 D	0.43950	0.03479	0.52571
28 G	0.43948	0.03485	0.52567
29 T	0.43945	0.03503	0.52552
30 I	0.43895	0.03591	0.52514
31 I	0.43874	0.03643	0.52483
32 D	0.43872	0.03647	0.52482
33 I	0.43685	0.03923	0.52392
34 K	0.43555	0.04088	0.52356
35 L	0.43328	0.04447	0.52224
36 I	0.43236	0.04646	0.52118
37 H	0.43159	0.04732	0.52109
38 I	0.43094	0.04813	0.52093
39 I	0.42707	0.05226	0.52067
40 Y	0.42653	0.05009	0.52338
41 K	0.42685	0.02001	0.55314
42 P	0.42621	0.01986	0.55393
43 R	0.42383	0.02354	0.55263
44 K	0.39675	0.07067	0.53258
45 I	0.32396	0.25439	0.42164
46 I	0.29623	0.31440	0.38937
47 L	0.28454	0.33724	0.37822
48 I	0.28330	0.34093	0.37577
49 I	0.28288	0.34211	0.37502
50 W	0.28285	0.34221	0.37495
51 V	0.28288	0.34215	0.37497
52 I	0.28304	0.34194	0.37502
53 F	0.28363	0.34022	0.37615
54 E	0.28517	0.33717	0.37767
55 I	0.28549	0.33648	0.37803
56 I	0.28640	0.33388	0.37972
57 K	0.28755	0.32568	0.38677
58 E	0.28782	0.32480	0.38739
59 L	0.28786	0.32466	0.38747
60 N	0.28804	0.32420	0.38776
61 I	0.28826	0.32380	0.38794
62 L	0.29033	0.31842	0.39125
63 N	0.32037	0.25029	0.42934
64 N	0.33410	0.22773	0.43817
65 F	0.34748	0.21040	0.44213
66 I	0.36422	0.18473	0.45105
67 E	0.42763	0.07122	0.50116
68 R	0.46666	0.00628	0.52705
69 N	0.46780	0.00038	0.53182
70 N	0.46785	0.00000	0.53214
