# 2570378805
# AA	inside	membr	outside
1 V	0.99953	0.00000	0.00047
2 V	0.99953	0.00000	0.00047
3 K	0.99953	0.00000	0.00047
4 T	0.99953	0.00000	0.00047
5 K	0.99953	0.00000	0.00047
6 E	0.99953	0.00000	0.00047
7 T	0.99953	0.00000	0.00047
8 T	0.99953	0.00000	0.00047
9 Q	0.99953	0.00000	0.00047
10 I	0.99953	0.00000	0.00047
11 L	0.99953	0.00000	0.00047
12 I	0.99953	0.00000	0.00047
13 N	0.99953	0.00000	0.00047
14 E	0.99953	0.00000	0.00047
15 K	0.99953	0.00000	0.00047
16 R	0.99953	0.00000	0.00047
17 N	0.99953	0.00001	0.00047
18 R	0.99952	0.00001	0.00047
19 K	0.99898	0.00055	0.00047
20 F	0.82334	0.17633	0.00033
21 L	0.11321	0.88647	0.00033
22 L	0.10625	0.89342	0.00032
23 E	0.10436	0.89532	0.00032
24 G	0.06021	0.93952	0.00027
25 N	0.02504	0.97473	0.00023
26 L	0.00254	0.99731	0.00016
27 W	0.00140	0.99845	0.00015
28 K	0.00115	0.99871	0.00013
29 V	0.00009	0.99985	7e-05
30 I	0.00004	0.99991	5e-05
31 F	0.00004	0.99992	3e-05
32 Y	0.00004	0.99993	3e-05
33 F	0.00003	0.99996	1e-05
34 T	0.00003	0.99996	1e-05
35 F	0.00003	0.99996	1e-05
36 P	0.00003	0.99996	1e-05
37 I	0.00003	0.99996	1e-05
38 I	0.00003	0.99992	4e-05
39 I	0.00003	0.99961	0.00036
40 Y	0.00003	0.99732	0.00265
41 W	0.00003	0.99448	0.00549
42 I	0.00004	0.99034	0.00962
43 F	0.00017	0.81393	0.18589
44 Q	0.00032	0.05132	0.94836
45 N	0.00034	0.01743	0.98223
46 A	0.00035	0.01280	0.98685
47 S	0.00037	0.00520	0.99442
48 D	0.00042	0.00063	0.99895
49 A	0.00043	0.00027	0.9993
50 I	0.00043	0.00024	0.99933
51 D	0.00044	0.00017	0.99939
52 L	0.00045	0.00008	0.99948
53 F	0.00045	0.00007	0.99949
54 I	0.00045	0.00006	0.99949
55 L	0.00046	0.00005	0.9995
56 K	0.00050	0.00000	0.9995
57 R	0.00050	0.00000	0.9995
58 N	0.00050	0.00000	0.9995
59 Q	0.00050	0.00000	0.9995
60 I	0.00050	0.00000	0.9995
61 S	0.00050	0.00000	0.9995
62 D	0.00050	0.00000	0.9995
63 N	0.00050	0.00005	0.99945
64 Q	0.00050	0.00007	0.99943
65 L	0.00050	0.00018	0.99932
66 T	0.00050	0.00052	0.99898
67 F	0.00049	0.00092	0.99858
68 V	0.00049	0.00235	0.99716
69 S	0.00049	0.00350	0.99601
70 R	0.00049	0.03212	0.96739
71 V	0.00037	0.51593	0.4837
72 H	0.00035	0.67787	0.32178
73 I	0.00033	0.73259	0.26708
74 F	0.00032	0.74861	0.25108
75 K	0.00031	0.75608	0.24361
76 G	0.00006	0.90541	0.09454
77 I	0.00001	0.99303	0.00696
78 L	0.00000	0.99784	0.00216
79 I	0.00000	0.99939	0.00061
80 P	0.00000	0.99959	0.0004
81 F	0.00000	0.99978	0.00023
82 G	0.00000	0.99980	0.0002
83 I	0.00000	0.99981	0.00019
84 S	0.00000	0.99982	0.00019
85 I	0.00000	0.99982	0.00019
86 A	0.00002	0.99980	0.00019
87 T	0.00003	0.99978	0.00019
88 G	0.00006	0.99976	0.00019
89 G	0.00012	0.99969	0.00019
90 V	0.00017	0.99964	0.00019
91 I	0.00049	0.99932	0.00019
92 L	0.00156	0.99825	0.00019
93 V	0.05433	0.94547	0.0002
94 G	0.61846	0.38121	0.00034
95 R	0.87871	0.12092	0.00037
96 A	0.89874	0.10089	0.00038
97 Y	0.91718	0.08244	0.00038
98 G	0.93361	0.06599	0.0004
99 Q	0.98678	0.01257	0.00066
100 N	0.99839	0.00093	0.00069
101 N	0.99908	0.00023	0.00069
102 V	0.99926	0.00006	0.00069
103 N	0.99930	0.00002	0.00069
104 K	0.99928	0.00004	0.00069
105 M	0.99651	0.00281	0.00069
106 H	0.98389	0.01543	0.00069
107 L	0.91316	0.08617	0.00068
108 Y	0.90728	0.09206	0.00067
109 L	0.89397	0.10540	0.00063
110 A	0.89105	0.10832	0.00062
111 K	0.88737	0.11200	0.00062
112 T	0.86568	0.13378	0.00054
113 F	0.42473	0.57519	7e-05
114 V	0.06706	0.93292	2e-05
115 L	0.02768	0.97231	1e-05
116 S	0.02578	0.97421	1e-05
117 I	0.02154	0.97845	1e-05
118 L	0.00203	0.99796	0
119 T	0.00110	0.99890	0
120 G	0.00057	0.99943	0
121 F	0.00003	0.99997	0
122 I	0.00001	0.99999	0
123 L	0.00000	0.99999	1e-05
124 V	0.00000	0.99997	3e-05
125 F	0.00000	0.99965	0.00035
126 L	0.00000	0.99904	0.00097
127 C	0.00000	0.99719	0.00281
128 I	0.00000	0.99597	0.00403
129 F	0.00000	0.98731	0.01269
130 V	0.00000	0.93762	0.06238
131 F	0.00001	0.92464	0.07536
132 K	0.00010	0.87846	0.12144
133 S	0.00011	0.86928	0.13062
134 F	0.00011	0.86274	0.13714
135 I	0.00018	0.85488	0.14493
136 A	0.00062	0.43692	0.56246
137 T	0.00067	0.09579	0.90354
138 N	0.00067	0.04944	0.94988
139 I	0.00067	0.04278	0.95655
140 L	0.00067	0.03847	0.96085
141 K	0.00068	0.00212	0.9972
142 I	0.00068	0.00158	0.99774
143 S	0.00068	0.00072	0.99859
144 Q	0.00068	0.00017	0.99914
145 N	0.00068	0.00012	0.99919
146 A	0.00068	0.00010	0.99921
147 I	0.00068	0.00007	0.99924
148 E	0.00068	0.00003	0.99929
149 N	0.00068	0.00006	0.99925
150 N	0.00068	0.00433	0.99498
151 E	0.00068	0.10040	0.89892
152 G	0.00058	0.14879	0.85063
153 I	0.00055	0.20813	0.79132
154 K	0.00054	0.22057	0.77888
155 Y	0.00018	0.68073	0.31909
156 Y	0.00002	0.92528	0.07469
157 N	0.00001	0.93752	0.06247
158 L	0.00000	0.98699	0.01301
159 I	0.00000	0.99937	0.00062
160 I	0.00000	0.99995	4e-05
161 L	0.00000	0.99997	2e-05
162 S	0.00000	0.99998	2e-05
163 L	0.00000	0.99998	2e-05
164 V	0.00000	0.99998	2e-05
165 C	0.00000	0.99998	2e-05
166 I	0.00000	0.99997	2e-05
167 I	0.00000	0.99997	2e-05
168 I	0.00001	0.99997	2e-05
169 N	0.00006	0.99991	2e-05
170 T	0.00012	0.99986	2e-05
171 V	0.00014	0.99983	2e-05
172 F	0.00184	0.99813	2e-05
173 L	0.11906	0.88090	4e-05
174 S	0.60488	0.39503	9e-05
175 L	0.69473	0.30476	0.00051
176 E	0.89119	0.10812	0.00068
177 R	0.91703	0.08229	0.00069
178 A	0.95165	0.04766	0.00069
179 K	0.99824	0.00106	0.0007
180 G	0.99640	0.00290	0.0007
181 N	0.99594	0.00336	0.0007
182 N	0.98726	0.01204	0.0007
183 K	0.98548	0.01383	0.00069
184 I	0.83696	0.16282	0.00022
185 A	0.30968	0.69028	4e-05
186 L	0.09951	0.90046	2e-05
187 F	0.04727	0.95272	2e-05
188 L	0.00227	0.99772	1e-05
189 N	0.00148	0.99851	1e-05
190 I	0.00021	0.99979	1e-05
191 L	0.00012	0.99988	1e-05
192 N	0.00010	0.99989	1e-05
193 A	0.00009	0.99991	0
194 S	0.00008	0.99991	0
195 I	0.00008	0.99992	1e-05
196 K	0.00008	0.99992	1e-05
197 I	0.00008	0.99992	1e-05
198 I	0.00008	0.99991	1e-05
199 F	0.00008	0.99988	4e-05
200 S	0.00008	0.99978	0.00015
201 F	0.00008	0.99971	0.00021
202 V	0.00008	0.99795	0.00197
203 L	0.00008	0.98433	0.0156
204 F	0.00009	0.92887	0.07104
205 H	0.00013	0.88943	0.11044
206 Y	0.00017	0.87513	0.12471
207 W	0.00059	0.75610	0.24331
208 N	0.00076	0.18113	0.81811
209 S	0.00077	0.02346	0.97578
210 S	0.00075	0.01111	0.98814
211 M	0.00069	0.17857	0.82074
212 V	0.00052	0.64969	0.34979
213 S	0.00007	0.88125	0.11868
214 L	0.00001	0.92917	0.07082
215 A	0.00001	0.94104	0.05895
216 L	0.00000	0.97559	0.02441
217 V	0.00000	0.99580	0.0042
218 T	0.00000	0.99940	0.00059
219 L	0.00000	0.99986	0.00014
220 I	0.00000	0.99992	8e-05
221 S	0.00000	0.99993	7e-05
222 N	0.00000	0.99996	4e-05
223 G	0.00000	0.99998	2e-05
224 I	0.00000	0.99999	1e-05
225 V	0.00000	0.99999	1e-05
226 T	0.00000	0.99999	1e-05
227 L	0.00000	0.99999	1e-05
228 F	0.00000	0.99999	1e-05
229 A	0.00003	0.99997	1e-05
230 L	0.00010	0.99990	1e-05
231 W	0.00034	0.99965	1e-05
232 F	0.00166	0.99832	2e-05
233 L	0.01413	0.98582	5e-05
234 F	0.16582	0.83406	0.00012
235 F	0.64938	0.35033	0.0003
236 D	0.99028	0.00895	0.00076
237 S	0.99651	0.00271	0.00077
238 K	0.99862	0.00060	0.00077
239 N	0.99878	0.00044	0.00077
240 P	0.99885	0.00037	0.00077
241 F	0.99892	0.00030	0.00077
242 R	0.99919	0.00003	0.00077
243 I	0.99919	0.00003	0.00077
244 I	0.99919	0.00003	0.00077
245 L	0.99920	0.00002	0.00077
246 S	0.99922	0.00000	0.00077
247 K	0.99922	0.00000	0.00077
248 I	0.99922	0.00000	0.00077
249 S	0.99922	0.00000	0.00077
250 F	0.99922	0.00000	0.00077
251 D	0.99922	0.00000	0.00077
252 K	0.99922	0.00000	0.00077
253 E	0.99921	0.00001	0.00077
254 F	0.99904	0.00018	0.00077
255 L	0.99897	0.00025	0.00077
256 K	0.99891	0.00031	0.00077
257 K	0.99864	0.00058	0.00077
258 L	0.99600	0.00322	0.00077
259 S	0.99464	0.00458	0.00077
260 K	0.98308	0.01616	0.00076
261 L	0.06246	0.93751	3e-05
262 A	0.04308	0.95690	2e-05
263 I	0.03694	0.96304	1e-05
264 P	0.02912	0.97087	1e-05
265 V	0.02274	0.97725	1e-05
266 C	0.01940	0.98059	1e-05
267 A	0.01928	0.98071	1e-05
268 S	0.01921	0.98078	1e-05
269 I	0.01906	0.98093	1e-05
270 S	0.01904	0.98095	1e-05
271 I	0.01902	0.98096	1e-05
272 Y	0.01902	0.98096	2e-05
273 S	0.01902	0.98094	4e-05
274 V	0.01902	0.98091	7e-05
275 G	0.01902	0.98085	0.00013
276 K	0.01902	0.98072	0.00025
277 L	0.01902	0.98071	0.00027
278 I	0.01902	0.98067	0.00031
279 V	0.01903	0.98011	0.00087
280 S	0.01903	0.97941	0.00156
281 I	0.01904	0.97820	0.00276
282 I	0.01905	0.97569	0.00526
283 V	0.01907	0.94608	0.03485
284 K	0.01979	0.00525	0.97496
285 E	0.01979	0.00254	0.97767
286 W	0.01979	0.00241	0.9778
287 Y	0.01979	0.00221	0.978
288 G	0.01979	0.00104	0.97916
289 D	0.01979	0.00005	0.98016
290 P	0.01979	0.00009	0.98012
291 K	0.01979	0.00022	0.97999
292 G	0.01979	0.00574	0.97447
293 I	0.01979	0.21130	0.7689
294 S	0.01979	0.22096	0.75925
295 S	0.01979	0.22634	0.75387
296 S	0.01979	0.24990	0.73031
297 Q	0.01979	0.27401	0.70619
298 I	0.01979	0.97285	0.00736
299 G	0.01979	0.97383	0.00638
300 A	0.01979	0.97454	0.00567
301 N	0.01979	0.97511	0.0051
302 L	0.01979	0.97648	0.00373
303 A	0.01979	0.97989	0.00032
304 L	0.01979	0.97990	0.00031
305 A	0.01979	0.97993	0.00028
306 V	0.01979	0.97994	0.00027
307 T	0.01980	0.97993	0.00027
308 I	0.01986	0.97988	0.00027
309 N	0.02010	0.97963	0.00027
310 N	0.02038	0.97935	0.00027
311 V	0.02207	0.97768	0.00025
312 F	0.02536	0.97438	0.00025
313 Y	0.08020	0.91955	0.00025
314 N	0.14740	0.85235	0.00025
315 A	0.17079	0.82896	0.00025
316 L	0.30241	0.69734	0.00025
317 N	0.43069	0.56905	0.00025
318 S	0.57253	0.42722	0.00025
319 F	0.58942	0.41033	0.00025
320 S	0.62515	0.37460	0.00025
321 D	0.99909	0.00066	0.00025
322 S	0.99944	0.00030	0.00025
323 Q	0.99955	0.00020	0.00025
324 N	0.99955	0.00020	0.00025
325 A	0.99956	0.00019	0.00025
326 I	0.99966	0.00009	0.00025
327 I	0.99968	0.00007	0.00025
328 S	0.99973	0.00002	0.00025
329 Q	0.99973	0.00002	0.00025
330 N	0.99973	0.00002	0.00025
331 L	0.99973	0.00002	0.00025
332 G	0.99973	0.00002	0.00025
333 H	0.99973	0.00002	0.00025
334 N	0.99974	0.00001	0.00025
335 N	0.99973	0.00002	0.00025
336 L	0.99967	0.00008	0.00025
337 N	0.99964	0.00011	0.00025
338 R	0.99948	0.00027	0.00025
339 V	0.99882	0.00093	0.00025
340 F	0.99522	0.00453	0.00024
341 E	0.98907	0.01068	0.00024
342 A	0.97907	0.02070	0.00023
343 F	0.96181	0.03796	0.00022
344 K	0.96058	0.03920	0.00022
345 K	0.93641	0.06337	0.00022
346 I	0.39844	0.60152	4e-05
347 I	0.12413	0.87584	2e-05
348 F	0.09565	0.90433	2e-05
349 C	0.08487	0.91510	2e-05
350 M	0.05683	0.94316	1e-05
351 C	0.03103	0.96895	1e-05
352 V	0.00897	0.99102	1e-05
353 L	0.00346	0.99653	1e-05
354 A	0.00144	0.99855	1e-05
355 L	0.00008	0.99991	1e-05
356 I	0.00005	0.99994	1e-05
357 G	0.00004	0.99992	4e-05
358 S	0.00002	0.99989	9e-05
359 L	0.00001	0.99985	0.00014
360 I	0.00001	0.99975	0.00024
361 N	0.00001	0.99912	0.00087
362 I	0.00001	0.99864	0.00135
363 F	0.00002	0.99383	0.00615
364 G	0.00004	0.96636	0.03359
365 Y	0.00006	0.93088	0.06906
366 K	0.00016	0.79674	0.2031
367 I	0.00016	0.79433	0.20551
368 I	0.00016	0.76990	0.22993
369 L	0.00020	0.39466	0.60514
370 P	0.00023	0.13145	0.86832
371 L	0.00023	0.11522	0.88455
372 F	0.00024	0.08977	0.90999
373 H	0.00024	0.04488	0.95487
374 G	0.00024	0.01985	0.9799
375 S	0.00025	0.00803	0.99172
376 P	0.00025	0.00629	0.99347
377 W	0.00025	0.00405	0.9957
378 E	0.00025	0.00009	0.99966
379 N	0.00025	0.00003	0.99973
380 I	0.00025	0.00003	0.99973
381 P	0.00025	0.00001	0.99974
382 I	0.00025	0.00001	0.99974
383 L	0.00025	0.00001	0.99974
384 E	0.00025	0.00001	0.99974
385 Q	0.00025	0.00007	0.99969
386 D	0.00025	0.00016	0.99959
387 A	0.00024	0.00667	0.99309
388 F	0.00024	0.01133	0.98843
389 R	0.00024	0.01592	0.98385
390 T	0.00020	0.03360	0.9662
391 L	0.00011	0.24645	0.75344
392 L	0.00007	0.45752	0.54241
393 F	0.00006	0.63695	0.36299
394 F	0.00006	0.64825	0.35169
395 E	0.00006	0.65371	0.34622
396 T	0.00005	0.85318	0.14677
397 T	0.00004	0.93151	0.06844
398 S	0.00002	0.99646	0.00352
399 L	0.00002	0.99818	0.0018
400 W	0.00002	0.99861	0.00137
401 L	0.00002	0.99869	0.00129
402 S	0.00002	0.99870	0.00128
403 C	0.00002	0.99871	0.00127
404 G	0.00002	0.99876	0.00122
405 S	0.00004	0.99888	0.00108
406 I	0.00006	0.99892	0.00102
407 I	0.00014	0.99886	0.001
408 M	0.00033	0.99867	0.001
409 F	0.00079	0.99821	0.001
410 N	0.00934	0.98965	0.00101
411 F	0.01216	0.98683	0.00101
412 L	0.01819	0.98080	0.00102
413 L	0.03700	0.96194	0.00106
414 A	0.27283	0.72604	0.00113
415 F	0.55868	0.44014	0.00117
416 K	0.98513	0.01366	0.00121
417 R	0.98718	0.01171	0.0011
418 V	0.91156	0.08783	0.00061
419 G	0.89277	0.10667	0.00056
420 P	0.80986	0.18961	0.00053
421 S	0.54853	0.45103	0.00045
422 V	0.10645	0.89325	0.0003
423 Y	0.09803	0.90170	0.00028
424 L	0.07381	0.92594	0.00025
425 N	0.06576	0.93401	0.00024
426 F	0.03727	0.96251	0.00022
427 L	0.03104	0.96875	0.00021
428 R	0.02383	0.97597	0.0002
429 T	0.02117	0.97865	0.00019
430 L	0.01452	0.98530	0.00018
431 I	0.01267	0.98715	0.00018
432 R	0.01208	0.98774	0.00018
433 I	0.00728	0.99254	0.00018
434 F	0.00498	0.99483	0.0002
435 F	0.00483	0.99489	0.00028
436 I	0.00481	0.99401	0.00118
437 V	0.00484	0.98466	0.01051
438 L	0.00484	0.97610	0.01905
439 F	0.00487	0.85621	0.13892
440 S	0.00510	0.48479	0.51011
441 K	0.00564	0.24369	0.75067
442 H	0.00561	0.23590	0.75849
443 F	0.00555	0.23510	0.75935
444 L	0.00555	0.17132	0.82313
445 N	0.00566	0.05653	0.93781
446 Q	0.00566	0.04863	0.94572
447 G	0.00493	0.05444	0.94063
448 V	0.00380	0.14490	0.85131
449 I	0.00295	0.50367	0.49338
450 G	0.00253	0.52797	0.46949
451 V	0.00138	0.54648	0.45213
452 G	0.00089	0.57286	0.42624
453 L	0.00023	0.74869	0.25108
454 S	0.00020	0.80326	0.19654
455 I	0.00006	0.99161	0.00833
456 F	0.00001	0.99691	0.00308
457 L	0.00000	0.99709	0.00291
458 S	0.00000	0.99730	0.00269
459 N	0.00000	0.99776	0.00224
460 F	0.00000	0.99988	0.00011
461 I	0.00000	0.99999	1e-05
462 C	0.00000	0.99999	0
463 F	0.00000	1.00000	0
464 I	0.00000	0.99999	0
465 I	0.00001	0.99999	0
466 T	0.00006	0.99994	0
467 L	0.00012	0.99987	0
468 L	0.00035	0.99962	3e-05
469 I	0.00162	0.99832	6e-05
470 F	0.00981	0.98951	0.00068
471 A	0.09131	0.90699	0.00171
472 T	0.43909	0.55838	0.00252
473 F	0.46898	0.52805	0.00297
474 Y	0.51409	0.48169	0.00422
475 L	0.57946	0.41561	0.00492
476 K	0.81566	0.17854	0.0058
477 L	0.83685	0.15733	0.00582
478 K	0.99305	0.00108	0.00587
479 R	0.99408	0.00005	0.00587
480 D	0.99412	0.00000	0.00587
481 K	0.99412	0.00000	0.00587
482 T	0.99412	0.00000	0.00587
483 F	0.99412	0.00000	0.00587
484 E	0.99412	0.00000	0.00587
485 Q	0.99412	0.00000	0.00587
486 D	0.99412	0.00000	0.00587
