# 2570378830
# AA	inside	membr	outside
1 M	0.99979	0.00000	0.00021
2 K	0.99979	0.00000	0.00021
3 K	0.99979	0.00000	0.00021
4 T	0.99979	0.00000	0.00021
5 Y	0.99979	0.00000	0.00021
6 T	0.99979	0.00000	0.00021
7 C	0.99979	0.00000	0.00021
8 K	0.99979	0.00000	0.00021
9 D	0.99979	0.00000	0.00021
10 N	0.99979	0.00000	0.00021
11 Q	0.99975	0.00004	0.00021
12 K	0.99094	0.00886	0.00021
13 L	0.35412	0.64568	0.0002
14 Y	0.35398	0.64582	0.0002
15 R	0.35398	0.64594	8e-05
16 L	0.16921	0.83071	8e-05
17 L	0.12761	0.87231	7e-05
18 I	0.12664	0.87330	6e-05
19 S	0.11193	0.88801	6e-05
20 P	0.07766	0.92233	0
21 Y	0.00140	0.99860	0
22 Y	0.00021	0.99979	0
23 I	0.00005	0.99995	0
24 I	0.00000	1.00000	0
25 L	0.00000	1.00000	0
26 L	0.00000	1.00000	0
27 G	0.00000	1.00000	0
28 L	0.00000	1.00000	0
29 I	0.00000	0.99999	0
30 I	0.00000	0.99993	7e-05
31 L	0.00000	0.99542	0.00458
32 P	0.00000	0.98349	0.01651
33 M	0.00000	0.96883	0.03117
34 G	0.00000	0.96043	0.03957
35 F	0.00000	0.94360	0.0564
36 I	0.00000	0.44665	0.55335
37 L	0.00001	0.39681	0.60319
38 F	0.00012	0.35223	0.64765
39 D	0.00018	0.07268	0.92714
40 S	0.00018	0.05383	0.94599
41 F	0.00019	0.04601	0.9538
42 Q	0.00020	0.02569	0.9741
43 D	0.00021	0.00501	0.99478
44 T	0.00021	0.00014	0.99965
45 N	0.00021	0.00002	0.99977
46 Q	0.00021	0.00001	0.99978
47 Q	0.00021	0.00000	0.99979
48 T	0.00021	0.00000	0.99979
49 A	0.00021	0.00000	0.99979
50 F	0.00021	0.00000	0.99979
51 F	0.00021	0.00000	0.99979
52 A	0.00021	0.00000	0.99979
53 T	0.00021	0.00000	0.99979
54 R	0.00021	0.00000	0.99979
55 F	0.00021	0.00000	0.99979
56 T	0.00021	0.00000	0.99979
57 L	0.00021	0.00000	0.99979
58 K	0.00021	0.00000	0.99979
59 H	0.00021	0.00000	0.99979
60 H	0.00021	0.00000	0.99979
61 Q	0.00021	0.00001	0.99978
62 E	0.00021	0.00001	0.99978
63 F	0.00021	0.00023	0.99956
64 L	0.00021	0.00035	0.99944
65 S	0.00021	0.00044	0.99935
66 N	0.00021	0.00056	0.99923
67 Q	0.00021	0.00192	0.99787
68 S	0.00020	0.00597	0.99383
69 F	0.00018	0.02380	0.97602
70 L	0.00017	0.03626	0.96357
71 Y	0.00015	0.06806	0.93179
72 V	0.00014	0.39744	0.60242
73 L	0.00012	0.63037	0.3695
74 A	0.00012	0.68476	0.31512
75 R	0.00012	0.69530	0.30459
76 S	0.00005	0.84753	0.15242
77 I	0.00001	0.96989	0.03009
78 A	0.00001	0.99084	0.00916
79 I	0.00000	0.99869	0.00131
80 S	0.00000	0.99916	0.00084
81 I	0.00000	0.99999	1e-05
82 I	0.00000	1.00000	0
83 V	0.00000	1.00000	0
84 T	0.00000	1.00000	0
85 F	0.00000	1.00000	0
86 C	0.00000	1.00000	0
87 V	0.00002	0.99998	0
88 F	0.00009	0.99991	0
89 I	0.00025	0.99975	0
90 I	0.00089	0.99911	0
91 V	0.00471	0.99529	0
92 Y	0.02093	0.97905	2e-05
93 P	0.03543	0.96453	4e-05
94 L	0.04751	0.95244	5e-05
95 A	0.41006	0.58987	6e-05
96 Y	0.68772	0.31219	9e-05
97 M	0.77519	0.22471	0.0001
98 I	0.78201	0.21788	0.00011
99 S	0.92190	0.07792	0.00018
100 R	0.98328	0.01651	0.0002
101 L	0.99611	0.00368	0.00021
102 K	0.99886	0.00093	0.00021
103 M	0.99755	0.00225	0.0002
104 K	0.99535	0.00445	0.0002
105 W	0.95177	0.04805	0.00017
106 Q	0.91622	0.08364	0.00014
107 S	0.27064	0.72925	0.00011
108 F	0.13738	0.86255	6e-05
109 L	0.11107	0.88889	4e-05
110 V	0.07919	0.92078	3e-05
111 I	0.02817	0.97181	2e-05
112 I	0.01069	0.98929	2e-05
113 I	0.01041	0.98958	1e-05
114 N	0.01013	0.98986	1e-05
115 G	0.00933	0.99066	1e-05
116 T	0.00863	0.99136	1e-05
117 M	0.00792	0.99208	1e-05
118 W	0.00773	0.99226	0
119 I	0.00769	0.99229	2e-05
120 N	0.00768	0.99206	0.00026
121 M	0.00768	0.99192	0.0004
122 I	0.00768	0.99152	0.0008
123 I	0.00770	0.97420	0.01811
124 K	0.00772	0.94365	0.04864
125 T	0.00772	0.93760	0.05468
126 Q	0.00772	0.93059	0.06169
127 A	0.00771	0.92776	0.06453
128 L	0.00772	0.91753	0.07475
129 V	0.00776	0.86409	0.12815
130 Q	0.00781	0.18488	0.80731
131 I	0.00782	0.12403	0.86815
132 F	0.00783	0.10853	0.88363
133 H	0.00785	0.08886	0.90329
134 L	0.00785	0.03330	0.95884
135 L	0.00785	0.00321	0.98893
136 Q	0.00787	0.00169	0.99043
137 K	0.00787	0.00073	0.9914
138 T	0.00787	0.00075	0.99138
139 F	0.00784	0.00093	0.99123
140 N	0.00783	0.00091	0.99126
141 I	0.00778	0.00122	0.99099
142 N	0.00776	0.00175	0.99049
143 F	0.00775	0.00325	0.98899
144 L	0.00776	0.00910	0.98314
145 E	0.00827	0.01158	0.98016
146 T	0.00825	0.01606	0.97569
147 D	0.00817	0.02599	0.96584
148 F	0.00569	0.21153	0.78278
149 A	0.00167	0.91542	0.08291
150 M	0.00138	0.94046	0.05815
151 I	0.00067	0.96185	0.03748
152 V	0.00016	0.99367	0.00616
153 G	0.00008	0.99776	0.00215
154 L	0.00002	0.99921	0.00077
155 I	0.00001	0.99966	0.00032
156 Y	0.00001	0.99990	0.0001
157 L	0.00001	0.99996	4e-05
158 F	0.00000	0.99997	2e-05
159 L	0.00002	0.99995	3e-05
160 P	0.00004	0.99992	3e-05
161 F	0.00008	0.99988	4e-05
162 M	0.00025	0.99970	5e-05
163 F	0.00033	0.99961	6e-05
164 L	0.00093	0.99897	0.00011
165 P	0.00281	0.99706	0.00013
166 I	0.00490	0.99495	0.00015
167 Y	0.01522	0.98458	0.0002
168 T	0.03886	0.96080	0.00034
169 A	0.05089	0.94869	0.00042
170 I	0.06483	0.93459	0.00058
171 I	0.24073	0.75657	0.0027
172 K	0.93019	0.06189	0.00792
173 I	0.93825	0.05377	0.00797
174 N	0.95637	0.03527	0.00836
175 P	0.98709	0.00451	0.0084
176 Q	0.99100	0.00057	0.00844
177 L	0.99113	0.00043	0.00844
178 I	0.99119	0.00036	0.00845
179 Q	0.99149	0.00006	0.00845
180 A	0.99150	0.00004	0.00846
181 S	0.99150	0.00001	0.00849
182 K	0.99151	0.00000	0.0085
183 D	0.99151	0.00000	0.0085
184 L	0.99146	0.00005	0.0085
185 G	0.99146	0.00005	0.0085
186 A	0.99145	0.00006	0.00849
187 N	0.99145	0.00006	0.00849
188 E	0.99144	0.00008	0.00849
189 W	0.99133	0.00022	0.00845
190 Q	0.99062	0.00104	0.00835
191 V	0.95488	0.03935	0.00578
192 L	0.92612	0.06815	0.00573
193 Q	0.92467	0.06967	0.00566
194 K	0.89935	0.09526	0.00538
195 I	0.43035	0.56719	0.00247
196 I	0.32603	0.67209	0.00187
197 W	0.27699	0.72122	0.00179
198 P	0.24806	0.75029	0.00165
199 L	0.12577	0.87337	0.00086
200 S	0.10568	0.89367	0.00065
201 L	0.09301	0.90647	0.00052
202 S	0.08881	0.91075	0.00044
203 G	0.08190	0.91785	0.00025
204 V	0.07769	0.92226	6e-05
205 L	0.07726	0.92271	3e-05
206 A	0.07723	0.92274	3e-05
207 G	0.07720	0.92274	5e-05
208 I	0.07718	0.92276	6e-05
209 C	0.07717	0.92253	0.0003
210 L	0.07717	0.92240	0.00043
211 V	0.07717	0.92183	0.001
212 F	0.07722	0.92105	0.00173
213 L	0.07749	0.91675	0.00575
214 Q	0.08185	0.87583	0.04233
215 T	0.08276	0.80384	0.1134
216 A	0.08292	0.76270	0.15438
217 T	0.08311	0.66863	0.24826
218 N	0.08359	0.26508	0.65132
219 I	0.08361	0.22142	0.69498
220 V	0.08360	0.19912	0.71728
221 A	0.08391	0.16397	0.75212
222 P	0.08486	0.05295	0.86219
223 R	0.08520	0.03526	0.87954
224 Y	0.08523	0.03397	0.8808
225 L	0.08525	0.03272	0.88203
226 G	0.08535	0.02895	0.88569
227 A	0.08550	0.02542	0.88909
228 T	0.08553	0.02459	0.88988
229 T	0.08553	0.02454	0.88993
230 K	0.08553	0.02452	0.88995
231 I	0.08553	0.02455	0.88992
232 T	0.08553	0.02455	0.88992
233 I	0.08553	0.02455	0.88992
234 V	0.08554	0.02454	0.88992
235 E	0.08561	0.02447	0.88992
236 L	0.08562	0.02447	0.88992
237 I	0.08622	0.02388	0.88991
238 E	0.09869	0.01132	0.88999
239 N	0.10322	0.00679	0.88999
240 K	0.10399	0.00615	0.88986
241 A	0.10354	0.01731	0.87915
242 L	0.10170	0.03329	0.86501
243 L	0.10156	0.05809	0.84035
244 S	0.10558	0.05652	0.8379
245 G	0.10559	0.07344	0.82097
246 E	0.10440	0.13951	0.75609
247 I	0.10241	0.16397	0.73361
248 K	0.10200	0.17021	0.72779
249 Q	0.08629	0.30918	0.60454
250 A	0.03036	0.49856	0.47108
251 C	0.01603	0.57986	0.40412
252 A	0.01239	0.76713	0.22048
253 I	0.01118	0.78855	0.20027
254 A	0.01084	0.79321	0.19595
255 I	0.01077	0.79471	0.19451
256 H	0.01077	0.79491	0.19433
257 L	0.01075	0.79518	0.19408
258 S	0.01075	0.79520	0.19405
259 L	0.01076	0.79521	0.19404
260 T	0.01088	0.79508	0.19404
261 I	0.01114	0.79481	0.19405
262 F	0.01139	0.79454	0.19407
263 L	0.01230	0.79358	0.19412
264 I	0.02383	0.78161	0.19456
265 F	0.04703	0.75606	0.19691
266 Q	0.13092	0.67043	0.19866
267 M	0.15430	0.64404	0.20165
268 F	0.20140	0.57729	0.22132
269 K	0.45425	0.26061	0.28515
270 K	0.49709	0.21117	0.29174
271 L	0.49896	0.20913	0.29191
272 S	0.51485	0.19301	0.29213
273 L	0.53784	0.16972	0.29244
274 G	0.57733	0.13000	0.29266
275 E	0.70323	0.00364	0.29314
276 S	0.70626	0.00053	0.2932
277 K	0.70675	0.00002	0.29323
278 D	0.70677	0.00000	0.29323
279 V	0.70677	0.00000	0.29323
280 N	0.70677	0.00000	0.29323
