# 2570379042
# AA	inside	membr	outside
1 L	0.94607	0.00000	0.05393
2 E	0.94453	0.00154	0.05393
3 G	0.93322	0.01285	0.05393
4 N	0.93322	0.01439	0.05239
5 L	0.63629	0.31892	0.04479
6 L	0.63628	0.31943	0.04429
7 K	0.50078	0.45505	0.04417
8 A	0.50071	0.45516	0.04413
9 L	0.30675	0.64934	0.04391
10 W	0.30652	0.65601	0.03746
11 I	0.27252	0.69020	0.03729
12 I	0.08184	0.88090	0.03726
13 S	0.02939	0.93339	0.03722
14 L	0.02936	0.93342	0.03722
15 P	0.02936	0.93587	0.03476
16 I	0.00601	0.95923	0.03476
17 I	0.00290	0.96234	0.03476
18 F	0.00285	0.96239	0.03476
19 F	0.00197	0.96325	0.03478
20 N	0.00155	0.96236	0.03609
21 V	0.00075	0.96256	0.03669
22 F	0.00100	0.95977	0.03924
23 K	0.00607	0.82684	0.16709
24 A	0.00609	0.82208	0.17183
25 C	0.00666	0.79354	0.1998
26 F	0.00675	0.78864	0.20462
27 G	0.00774	0.75279	0.23947
28 S	0.01235	0.60474	0.38292
29 V	0.01274	0.57770	0.40956
30 D	0.01539	0.46629	0.51832
31 T	0.01534	0.45672	0.52794
32 F	0.01534	0.36339	0.62128
33 F	0.01622	0.35598	0.62781
34 A	0.01636	0.29767	0.68597
35 A	0.01645	0.10227	0.88129
36 G	0.01656	0.05656	0.92688
37 L	0.01664	0.05009	0.93328
38 P	0.01907	0.03826	0.94267
39 E	0.01910	0.00352	0.97738
40 G	0.01911	0.00214	0.97875
41 V	0.01912	0.00185	0.97903
42 Q	0.01916	0.00122	0.97962
43 S	0.01916	0.00101	0.97983
44 Y	0.01917	0.00099	0.97984
45 I	0.01917	0.00136	0.97947
46 Q	0.01917	0.00160	0.97924
47 F	0.01917	0.00252	0.9783
48 S	0.01917	0.00523	0.9756
49 K	0.01917	0.03828	0.94255
50 S	0.01915	0.10121	0.87963
51 A	0.01915	0.18907	0.79179
52 Q	0.01914	0.26851	0.71235
53 S	0.01907	0.65624	0.3247
54 I	0.01904	0.96345	0.01751
55 V	0.01904	0.97099	0.00997
56 E	0.01904	0.97609	0.00487
57 A	0.01904	0.97951	0.00145
58 V	0.01904	0.98088	8e-05
59 G	0.01904	0.98092	4e-05
60 I	0.01904	0.98093	3e-05
61 C	0.01904	0.98093	3e-05
62 L	0.01904	0.98093	3e-05
63 G	0.01904	0.98093	3e-05
64 I	0.01904	0.98092	3e-05
65 T	0.01906	0.98091	3e-05
66 G	0.01906	0.98090	3e-05
67 V	0.01916	0.98081	3e-05
68 A	0.02137	0.97859	3e-05
69 L	0.02688	0.97308	3e-05
70 I	0.04622	0.95374	4e-05
71 S	0.17068	0.82925	7e-05
72 R	0.59750	0.40241	9e-05
73 E	0.65989	0.33999	0.00012
74 V	0.66410	0.33577	0.00013
75 G	0.66717	0.33269	0.00014
76 K	0.97451	0.02532	0.00017
77 T	0.99978	0.00005	0.00017
78 K	0.99982	0.00000	0.00017
79 N	0.99982	0.00000	0.00017
80 V	0.99982	0.00000	0.00017
81 K	0.99982	0.00000	0.00017
82 S	0.99982	0.00001	0.00017
83 L	0.99980	0.00002	0.00017
84 K	0.99980	0.00003	0.00017
85 A	0.99976	0.00007	0.00017
86 R	0.99967	0.00016	0.00017
87 K	0.99752	0.00231	0.00017
88 I	0.55722	0.44264	0.00013
89 A	0.52437	0.47551	0.00012
90 S	0.48048	0.51942	0.0001
91 S	0.33311	0.66680	9e-05
92 V	0.02548	0.97446	6e-05
93 F	0.00474	0.99521	5e-05
94 V	0.00224	0.99771	5e-05
95 L	0.00101	0.99895	4e-05
96 L	0.00010	0.99986	4e-05
97 F	0.00000	0.99999	0
98 V	0.00000	1.00000	0
99 V	0.00000	1.00000	0
100 S	0.00000	1.00000	0
101 L	0.00000	1.00000	0
102 V	0.00000	1.00000	0
103 V	0.00000	1.00000	0
104 A	0.00000	0.99999	1e-05
105 C	0.00000	0.99997	3e-05
106 V	0.00000	0.99991	8e-05
107 M	0.00000	0.99978	0.00023
108 I	0.00000	0.99900	0.00099
109 G	0.00000	0.99395	0.00605
110 F	0.00000	0.98366	0.01635
111 S	0.00003	0.42606	0.57391
112 S	0.00003	0.33668	0.66329
113 P	0.00005	0.29121	0.70874
114 I	0.00005	0.24181	0.75814
115 C	0.00007	0.02072	0.97921
116 S	0.00007	0.00861	0.99132
117 L	0.00007	0.00665	0.99328
118 F	0.00008	0.00507	0.99485
119 L	0.00008	0.00318	0.99673
120 K	0.00017	0.00076	0.99907
121 E	0.00017	0.00006	0.99976
122 K	0.00017	0.00003	0.99979
123 V	0.00017	0.00003	0.9998
124 I	0.00017	0.00002	0.99981
125 N	0.00017	0.00001	0.99981
126 G	0.00017	0.00000	0.99982
127 V	0.00017	0.00000	0.99982
128 S	0.00017	0.00000	0.99982
129 M	0.00017	0.00000	0.99982
130 P	0.00017	0.00000	0.99982
131 I	0.00017	0.00000	0.99982
132 T	0.00018	0.00000	0.99982
133 T	0.00018	0.00000	0.99982
134 K	0.00018	0.00000	0.99982
135 E	0.00018	0.00000	0.99982
136 K	0.00018	0.00002	0.9998
137 N	0.00017	0.00644	0.99339
138 L	0.00017	0.14238	0.85746
139 C	0.00016	0.17100	0.82884
140 I	0.00005	0.29368	0.70627
141 N	0.00005	0.32130	0.67866
142 A	0.00004	0.65115	0.34881
143 F	0.00003	0.84481	0.15516
144 R	0.00003	0.87319	0.12678
145 L	0.00003	0.96148	0.03849
146 Q	0.00003	0.97139	0.02859
147 M	0.00003	0.98394	0.01603
148 L	0.00003	0.99489	0.00509
149 G	0.00003	0.99668	0.00329
150 T	0.00003	0.99956	0.00041
151 I	0.00003	0.99980	0.00017
152 L	0.00003	0.99983	0.00015
153 A	0.00003	0.99984	0.00013
154 A	0.00003	0.99984	0.00013
155 I	0.00003	0.99984	0.00013
156 N	0.00004	0.99983	0.00013
157 V	0.00004	0.99982	0.00013
158 F	0.00010	0.99976	0.00013
159 F	0.00049	0.99938	0.00013
160 L	0.07670	0.92316	0.00014
161 G	0.54093	0.45892	0.00015
162 T	0.78843	0.21140	0.00016
163 E	0.88097	0.11874	0.00029
164 R	0.88372	0.11600	0.00029
165 I	0.88460	0.11512	0.00029
166 L	0.89669	0.10303	0.00029
167 G	0.91214	0.08757	0.00029
168 K	0.99871	0.00101	0.00029
169 L	0.99526	0.00445	0.00029
170 K	0.99543	0.00428	0.00029
171 K	0.98665	0.01309	0.00025
172 I	0.58732	0.41259	9e-05
173 L	0.28051	0.71940	9e-05
174 V	0.02106	0.97886	8e-05
175 L	0.01423	0.98569	8e-05
176 N	0.01392	0.98601	7e-05
177 C	0.01352	0.98642	6e-05
178 I	0.01267	0.98727	6e-05
179 M	0.00858	0.99136	6e-05
180 M	0.00525	0.99469	6e-05
181 G	0.00300	0.99695	6e-05
182 L	0.00111	0.99884	6e-05
183 K	0.00090	0.99904	6e-05
184 I	0.00035	0.99959	6e-05
185 G	0.00029	0.99965	6e-05
186 L	0.00028	0.99965	7e-05
187 S	0.00028	0.99914	0.00058
188 T	0.00028	0.99900	0.00072
189 L	0.00028	0.99878	0.00094
190 C	0.00028	0.99602	0.0037
191 F	0.00028	0.96915	0.03058
192 G	0.00028	0.71353	0.2862
193 I	0.00030	0.67433	0.32537
194 K	0.00045	0.55278	0.44678
195 G	0.00048	0.53109	0.46844
196 I	0.00048	0.31348	0.68604
197 G	0.00048	0.03510	0.96442
198 L	0.00048	0.02347	0.97605
199 E	0.00050	0.01950	0.97999
200 A	0.00051	0.01930	0.98019
201 L	0.00051	0.01712	0.98237
202 C	0.00051	0.00493	0.99456
203 P	0.00051	0.00353	0.99596
204 D	0.00050	0.00492	0.99457
205 V	0.00027	0.25774	0.74198
206 L	0.00011	0.88362	0.11627
207 G	0.00011	0.93183	0.06807
208 L	0.00010	0.98044	0.01947
209 Q	0.00010	0.98383	0.01608
210 T	0.00009	0.99002	0.00989
211 A	0.00008	0.99669	0.00323
212 S	0.00007	0.99736	0.00257
213 C	0.00007	0.99798	0.00195
214 L	0.00006	0.99866	0.00127
215 A	0.00006	0.99879	0.00115
216 Y	0.00006	0.99962	0.00032
217 L	0.00006	0.99980	0.00013
218 S	0.00006	0.99981	0.00012
219 I	0.00007	0.99984	9e-05
220 T	0.00007	0.99984	8e-05
221 I	0.00008	0.99984	7e-05
222 V	0.00011	0.99981	7e-05
223 A	0.00110	0.99882	7e-05
224 F	0.00195	0.99798	7e-05
225 F	0.00783	0.99209	7e-05
226 T	0.04814	0.95177	8e-05
227 L	0.06115	0.93875	0.0001
228 F	0.31026	0.68943	0.00031
229 N	0.94470	0.05480	0.0005
230 K	0.99369	0.00580	0.00052
231 K	0.99735	0.00213	0.00052
232 N	0.99739	0.00209	0.00052
233 P	0.99740	0.00208	0.00052
234 L	0.99740	0.00209	0.00052
235 F	0.99743	0.00205	0.00052
236 L	0.99774	0.00174	0.00052
237 S	0.99823	0.00125	0.00052
238 L	0.99828	0.00120	0.00052
239 G	0.99918	0.00030	0.00052
240 D	0.99941	0.00007	0.00052
241 F	0.99941	0.00007	0.00052
242 S	0.99941	0.00007	0.00052
243 F	0.99941	0.00007	0.00052
244 K	0.99942	0.00006	0.00052
245 T	0.99942	0.00006	0.00052
246 F	0.99942	0.00006	0.00052
247 L	0.99942	0.00006	0.00052
248 Q	0.99942	0.00004	0.00054
249 D	0.99942	0.00002	0.00056
250 K	0.99935	0.00008	0.00057
251 K	0.99869	0.00074	0.00057
252 T	0.99497	0.00446	0.00057
253 L	0.98236	0.01707	0.00057
254 K	0.97730	0.02213	0.00057
255 T	0.92450	0.07494	0.00057
256 I	0.76047	0.23897	0.00056
257 L	0.71640	0.28304	0.00056
258 K	0.70422	0.29522	0.00056
259 L	0.11963	0.87982	0.00056
260 S	0.10132	0.89813	0.00056
261 I	0.08899	0.91046	0.00056
262 T	0.08590	0.91355	0.00056
263 L	0.07810	0.92134	0.00056
264 T	0.07621	0.92323	0.00056
265 L	0.07587	0.92358	0.00056
266 G	0.07569	0.92375	0.00056
267 K	0.07560	0.92383	0.00057
268 F	0.07437	0.92505	0.00057
269 I	0.07435	0.92506	0.00059
270 Y	0.07432	0.92432	0.00135
271 E	0.07432	0.91551	0.01017
272 G	0.07429	0.91374	0.01197
273 G	0.07429	0.90526	0.02045
274 R	0.07429	0.88933	0.03637
275 M	0.07429	0.88311	0.04261
276 F	0.07428	0.87103	0.05469
277 T	0.07428	0.85654	0.06918
278 L	0.07428	0.80958	0.11614
279 F	0.07429	0.65652	0.26919
280 M	0.07429	0.60692	0.31879
281 V	0.07429	0.57429	0.35142
282 D	0.07429	0.01165	0.91407
283 S	0.07429	0.00816	0.91755
284 T	0.07429	0.00717	0.91854
285 Y	0.07429	0.00594	0.91977
286 D	0.07429	0.00050	0.92521
287 K	0.07429	0.00007	0.92564
288 P	0.07429	0.00013	0.92558
289 F	0.07429	0.00017	0.92554
290 L	0.07429	0.00021	0.9255
291 A	0.07429	0.00025	0.92546
292 E	0.07429	0.00028	0.92544
293 T	0.07429	0.00256	0.92315
294 P	0.07428	0.00348	0.92224
295 F	0.07425	0.00563	0.92012
296 E	0.07424	0.00672	0.91904
297 F	0.07400	0.01492	0.91108
298 K	0.07398	0.02272	0.9033
299 G	0.07298	0.11156	0.81546
300 L	0.07250	0.23944	0.68807
301 G	0.07238	0.84141	0.08621
302 G	0.07234	0.86142	0.06624
303 L	0.07231	0.89105	0.03664
304 G	0.07231	0.91218	0.01551
305 A	0.07231	0.92051	0.00718
306 I	0.07231	0.92675	0.00094
307 G	0.07231	0.92701	0.00068
308 V	0.07232	0.92708	0.0006
309 A	0.07237	0.92708	0.00055
310 D	0.07244	0.92702	0.00054
311 S	0.07246	0.92703	0.00051
312 I	0.07247	0.92713	0.0004
313 I	0.07253	0.92710	0.00037
314 T	0.07264	0.92701	0.00035
315 L	0.07279	0.92687	0.00035
316 F	0.07507	0.92458	0.00035
317 A	0.07838	0.92125	0.00037
318 Q	0.08679	0.91279	0.00042
319 I	0.08838	0.91117	0.00045
320 S	0.10890	0.89024	0.00086
321 F	0.12639	0.87268	0.00094
322 S	0.22189	0.77623	0.00188
323 L	0.35843	0.63935	0.00222
324 K	0.98640	0.01129	0.00231
325 E	0.99412	0.00356	0.00232
326 G	0.99550	0.00218	0.00232
327 Q	0.99714	0.00054	0.00232
328 L	0.99723	0.00045	0.00232
329 M	0.99736	0.00032	0.00232
330 I	0.99737	0.00031	0.00232
331 V	0.99741	0.00027	0.00232
332 S	0.99755	0.00013	0.00232
333 E	0.99758	0.00010	0.00232
334 N	0.99759	0.00009	0.00232
335 L	0.99763	0.00005	0.00232
336 G	0.99766	0.00002	0.00232
337 N	0.99768	0.00000	0.00232
338 K	0.99768	0.00000	0.00232
339 N	0.99767	0.00001	0.00232
340 N	0.99765	0.00003	0.00232
341 K	0.99739	0.00029	0.00231
342 R	0.97367	0.02413	0.00219
343 A	0.67551	0.32268	0.00182
344 I	0.36873	0.62999	0.00127
345 K	0.36118	0.63758	0.00124
346 T	0.30351	0.69576	0.00074
347 L	0.06204	0.93781	0.00015
348 M	0.02552	0.97446	2e-05
349 L	0.00684	0.99314	1e-05
350 A	0.00518	0.99480	1e-05
351 S	0.00223	0.99776	1e-05
352 L	0.00057	0.99942	1e-05
353 C	0.00031	0.99968	1e-05
354 C	0.00011	0.99987	1e-05
355 F	0.00004	0.99995	1e-05
356 L	0.00003	0.99996	1e-05
357 V	0.00003	0.99996	1e-05
358 F	0.00003	0.99996	1e-05
359 A	0.00003	0.99996	1e-05
360 V	0.00003	0.99992	5e-05
361 T	0.00004	0.99889	0.00108
362 Y	0.00005	0.99711	0.00285
363 L	0.00006	0.98975	0.0102
364 I	0.00014	0.97349	0.02637
365 C	0.00047	0.85678	0.14275
366 A	0.00118	0.53089	0.46792
367 P	0.00223	0.06185	0.93592
368 K	0.00231	0.02426	0.97343
369 E	0.00233	0.01957	0.97811
370 Y	0.00232	0.01830	0.97937
371 W	0.00233	0.01511	0.98256
372 G	0.00233	0.00894	0.98873
373 L	0.00233	0.00752	0.99015
374 G	0.00233	0.00377	0.9939
375 F	0.00233	0.00202	0.99564
376 G	0.00233	0.00133	0.99634
377 D	0.00233	0.00108	0.99659
378 D	0.00233	0.00106	0.9966
379 L	0.00233	0.00106	0.9966
380 C	0.00233	0.00106	0.99662
381 L	0.00233	0.00106	0.99662
382 F	0.00233	0.00106	0.99662
383 F	0.00233	0.00106	0.99662
384 K	0.00233	0.00106	0.99662
385 N	0.00234	0.00105	0.99662
386 L	0.00234	0.00104	0.99662
387 G	0.00239	0.00100	0.99662
388 K	0.00321	0.00017	0.99662
389 S	0.00331	0.00008	0.99662
390 E	0.00338	0.00000	0.99662
391 K	0.00338	0.00000	0.99662
392 E	0.00338	0.00000	0.99662
393 Q	0.00338	0.00000	0.99662
394 M	0.00338	0.00000	0.99662
395 T	0.00338	0.00000	0.99662
396 L	0.00338	0.00000	0.99662
397 N	0.00338	0.00000	0.99662
398 I	0.00338	0.00002	0.99659
399 L	0.00338	0.00002	0.99659
400 H	0.00338	0.00002	0.99659
401 E	0.00338	0.00003	0.99659
402 K	0.00338	0.00004	0.99657
403 N	0.00336	0.00046	0.99618
404 P	0.00326	0.00179	0.99495
405 G	0.00308	0.00692	0.99
406 F	0.00302	0.01529	0.98169
407 K	0.00299	0.01664	0.98037
408 S	0.00216	0.08130	0.91654
409 F	0.00152	0.41186	0.58663
410 L	0.00091	0.59530	0.40379
411 L	0.00052	0.64791	0.35157
412 G	0.00045	0.93321	0.06635
413 A	0.00044	0.96913	0.03043
414 L	0.00044	0.98022	0.01934
415 L	0.00044	0.99038	0.00918
416 T	0.00044	0.99184	0.00773
417 T	0.00044	0.99306	0.0065
418 G	0.00044	0.99317	0.00639
419 L	0.00044	0.99330	0.00627
420 L	0.00044	0.99331	0.00625
421 T	0.00063	0.99312	0.00625
422 T	0.00117	0.99256	0.00626
423 Q	0.00197	0.99174	0.00629
424 L	0.00206	0.99164	0.0063
425 E	0.00233	0.99135	0.00632
426 V	0.00238	0.99127	0.00634
427 F	0.00316	0.99033	0.00651
428 S	0.01699	0.97594	0.00706
429 T	0.05721	0.93566	0.00713
430 F	0.06624	0.92661	0.00715
431 L	0.13035	0.86217	0.00748
432 I	0.39903	0.59301	0.00797
433 A	0.57988	0.41153	0.00859
434 A	0.62646	0.36446	0.00908
435 K	0.97883	0.01199	0.00919
436 Q	0.99010	0.00072	0.00919
437 P	0.99024	0.00065	0.00912
438 K	0.98803	0.00286	0.00911
439 Y	0.96674	0.02432	0.00895
440 D	0.95892	0.03238	0.0087
441 L	0.54591	0.44708	0.00701
442 L	0.49147	0.50313	0.00541
443 L	0.20933	0.78627	0.00441
444 S	0.16387	0.83198	0.00415
445 F	0.08809	0.90856	0.00335
446 G	0.07772	0.91906	0.00323
447 R	0.07201	0.92491	0.00308
448 V	0.02465	0.97313	0.00222
449 F	0.02337	0.97449	0.00214
450 L	0.02320	0.97469	0.00212
451 F	0.02317	0.97471	0.00212
452 R	0.02318	0.97470	0.00212
453 I	0.02318	0.97470	0.00212
454 P	0.02318	0.97467	0.00216
455 A	0.02318	0.97461	0.00221
456 L	0.02318	0.97376	0.00306
457 Y	0.02319	0.96547	0.01134
458 F	0.02319	0.96340	0.0134
459 F	0.02326	0.92555	0.05118
460 R	0.02489	0.86060	0.11451
461 N	0.02527	0.75726	0.21747
462 V	0.02535	0.74705	0.2276
463 W	0.02556	0.72824	0.24619
464 F	0.02670	0.44310	0.5302
465 G	0.02893	0.25934	0.71172
466 N	0.02985	0.00772	0.96244
467 E	0.03004	0.00196	0.968
468 E	0.03025	0.00006	0.9697
469 K	0.03025	0.00002	0.96974
470 T	0.03025	0.00003	0.96973
471 S	0.03025	0.00002	0.96974
472 I	0.03023	0.00005	0.96972
473 K	0.03023	0.00014	0.96963
474 I	0.02973	0.01743	0.95283
475 N	0.02966	0.01947	0.95087
476 N	0.02855	0.04544	0.92601
477 A	0.02730	0.07200	0.90071
478 Y	0.02461	0.25733	0.71806
479 G	0.02007	0.46126	0.51867
480 F	0.00486	0.83272	0.16242
481 A	0.00452	0.84168	0.1538
482 N	0.00399	0.84688	0.14913
483 F	0.00056	0.96377	0.03567
484 S	0.00031	0.97442	0.02527
485 A	0.00002	0.99651	0.00347
486 N	0.00001	0.99754	0.00244
487 F	0.00000	0.99962	0.00037
488 I	0.00000	0.99999	1e-05
489 M	0.00000	0.99999	0
490 L	0.00000	0.99999	0
491 M	0.00001	0.99999	0
492 F	0.00001	0.99999	0
493 M	0.00001	0.99998	0
494 V	0.00003	0.99995	2e-05
495 F	0.00011	0.99983	6e-05
496 V	0.00105	0.99868	0.00027
497 C	0.02575	0.97290	0.00134
498 I	0.03930	0.95908	0.00161
499 R	0.11372	0.88305	0.00323
500 F	0.12966	0.86646	0.00388
501 V	0.26853	0.72572	0.00575
502 Y	0.45883	0.53145	0.00972
503 K	0.95534	0.01476	0.02989
504 L	0.96505	0.00481	0.03014
505 K	0.96905	0.00071	0.03024
506 K	0.96974	0.00002	0.03025
507 E	0.96975	0.00000	0.03025
508 K	0.96975	0.00000	0.03025
