# 2570378831
# AA	inside	membr	outside
1 M	0.69147	0.00000	0.30853
2 S	0.69147	0.00000	0.30853
3 I	0.69147	0.00000	0.30853
4 K	0.69147	0.00000	0.30853
5 L	0.69147	0.00000	0.30853
6 S	0.69147	0.00000	0.30853
7 G	0.69147	0.00000	0.30853
8 T	0.69147	0.00000	0.30853
9 K	0.69147	0.00000	0.30853
10 S	0.69147	0.00000	0.30853
11 P	0.69147	0.00000	0.30853
12 K	0.69147	0.00000	0.30853
13 T	0.69147	0.00000	0.30853
14 A	0.69147	0.00000	0.30853
15 S	0.69147	0.00000	0.30853
16 T	0.69147	0.00000	0.30853
17 K	0.69147	0.00000	0.30853
18 I	0.69147	0.00000	0.30853
19 Q	0.69147	0.00000	0.30853
20 T	0.69147	0.00000	0.30853
21 N	0.69147	0.00001	0.30853
22 P	0.69146	0.00001	0.30853
23 K	0.69146	0.00001	0.30853
24 K	0.69142	0.00006	0.30852
25 T	0.69044	0.00215	0.3074
26 I	0.68016	0.01586	0.30397
27 T	0.66665	0.03393	0.29942
28 K	0.65895	0.04379	0.29726
29 T	0.33483	0.52900	0.13617
30 L	0.05051	0.92212	0.02737
31 Y	0.02390	0.96471	0.01139
32 I	0.00630	0.99222	0.00148
33 I	0.00085	0.99893	0.00022
34 L	0.00004	0.99993	3e-05
35 V	0.00001	0.99998	0
36 L	0.00001	0.99999	0
37 S	0.00001	0.99999	0
38 F	0.00001	0.99999	0
39 I	0.00001	0.99999	0
40 Y	0.00001	0.99999	0
41 I	0.00001	0.99999	0
42 P	0.00001	0.99999	0
43 I	0.00001	0.99998	1e-05
44 L	0.00001	0.99990	9e-05
45 S	0.00005	0.99956	0.00039
46 L	0.00006	0.99944	0.00049
47 I	0.00015	0.99863	0.00122
48 I	0.00225	0.99167	0.00608
49 F	0.01382	0.94591	0.04028
50 S	0.04850	0.81736	0.13415
51 F	0.06192	0.77233	0.16575
52 N	0.22854	0.24642	0.52504
53 K	0.30518	0.00584	0.68898
54 S	0.30769	0.00259	0.68973
55 E	0.30833	0.00288	0.68879
56 G	0.30626	0.01836	0.67539
57 R	0.30615	0.02347	0.67038
58 I	0.30287	0.03434	0.6628
59 A	0.30229	0.03769	0.66002
60 S	0.30210	0.03827	0.65963
61 L	0.30207	0.04250	0.65544
62 V	0.30207	0.04304	0.65489
63 N	0.30206	0.04306	0.65488
64 W	0.30206	0.04306	0.65488
65 Q	0.30206	0.04306	0.65488
66 G	0.30206	0.04306	0.65487
67 F	0.30206	0.04307	0.65487
68 S	0.30206	0.04307	0.65487
69 F	0.30207	0.04306	0.65487
70 Q	0.30209	0.04304	0.65487
71 W	0.30210	0.04303	0.65487
72 Y	0.30214	0.04298	0.65487
73 Y	0.30236	0.04172	0.65591
74 K	0.30840	0.03235	0.65925
75 L	0.30937	0.03133	0.65929
76 W	0.31972	0.02080	0.65948
77 T	0.33503	0.00530	0.65966
78 D	0.33846	0.00038	0.66116
79 Q	0.33861	0.00057	0.66082
80 T	0.33852	0.00210	0.65938
81 V	0.33834	0.00411	0.65755
82 K	0.33820	0.00487	0.65694
83 T	0.33399	0.06795	0.59806
84 A	0.33085	0.09521	0.57394
85 I	0.32904	0.11105	0.55992
86 K	0.29707	0.16134	0.54159
87 I	0.20943	0.59498	0.19559
88 T	0.15392	0.80250	0.04358
89 L	0.02667	0.95555	0.01778
90 Y	0.01435	0.97558	0.01007
91 I	0.00226	0.99326	0.00449
92 A	0.00106	0.99713	0.00181
93 C	0.00064	0.99808	0.00128
94 L	0.00041	0.99876	0.00082
95 T	0.00038	0.99905	0.00057
96 T	0.00033	0.99931	0.00036
97 L	0.00031	0.99948	0.00021
98 I	0.00032	0.99949	0.00019
99 S	0.00036	0.99945	0.00019
100 T	0.00037	0.99943	0.0002
101 F	0.00042	0.99936	0.00022
102 L	0.00089	0.99882	0.00029
103 G	0.00331	0.99609	0.00061
104 T	0.00577	0.99317	0.00106
105 F	0.00846	0.98968	0.00186
106 S	0.07589	0.91718	0.00692
107 A	0.10351	0.88556	0.01093
108 I	0.12049	0.86627	0.01325
109 S	0.16685	0.70760	0.12555
110 L	0.46537	0.35783	0.1768
111 A	0.61512	0.15118	0.2337
112 Q	0.64393	0.03972	0.31635
113 S	0.65097	0.02650	0.32253
114 L	0.65538	0.00817	0.33645
115 N	0.66032	0.00170	0.33798
116 K	0.66134	0.00012	0.33853
117 K	0.66120	0.00026	0.33853
118 W	0.65827	0.00337	0.33836
119 S	0.65748	0.00436	0.33816
120 N	0.64922	0.01294	0.33784
121 I	0.48450	0.18243	0.33307
122 V	0.39181	0.27589	0.3323
123 L	0.30764	0.36433	0.32803
124 N	0.30067	0.37479	0.32454
125 V	0.23584	0.45282	0.31134
126 S	0.14909	0.56474	0.28617
127 N	0.12524	0.59442	0.28034
128 F	0.07572	0.79931	0.12498
129 S	0.05540	0.85669	0.08792
130 I	0.01038	0.94601	0.04361
131 V	0.00111	0.99250	0.00638
132 I	0.00048	0.99571	0.00381
133 P	0.00044	0.99684	0.00272
134 E	0.00041	0.99723	0.00235
135 I	0.00014	0.99903	0.00083
136 I	0.00008	0.99964	0.00028
137 T	0.00006	0.99973	0.00021
138 A	0.00004	0.99968	0.00028
139 L	0.00003	0.99940	0.00056
140 A	0.00003	0.99923	0.00074
141 L	0.00004	0.99857	0.00139
142 F	0.00005	0.99811	0.00184
143 V	0.00011	0.98234	0.01755
144 V	0.00099	0.82330	0.17572
145 F	0.00178	0.74820	0.25002
146 G	0.01014	0.67361	0.31625
147 F	0.01551	0.66189	0.3226
148 V	0.03184	0.55414	0.41402
149 G	0.06478	0.37156	0.56367
150 L	0.08099	0.32217	0.59683
151 E	0.29228	0.07154	0.63617
152 S	0.29258	0.07951	0.62791
153 G	0.28453	0.10292	0.61255
154 F	0.28157	0.12927	0.58916
155 W	0.27232	0.15196	0.57571
156 K	0.27226	0.15470	0.57305
157 M	0.09210	0.48406	0.42384
158 F	0.05660	0.85131	0.09209
159 L	0.04745	0.91140	0.04115
160 A	0.04585	0.93687	0.01728
161 H	0.04440	0.93925	0.01634
162 I	0.04308	0.94152	0.01541
163 S	0.04264	0.94249	0.01487
164 F	0.04260	0.94274	0.01466
165 C	0.04262	0.94282	0.01457
166 T	0.04262	0.94284	0.01455
167 P	0.04261	0.94294	0.01445
168 F	0.04260	0.94299	0.01442
169 V	0.04261	0.94299	0.01441
170 V	0.04272	0.94289	0.01439
171 I	0.04361	0.94184	0.01455
172 T	0.05117	0.93215	0.01668
173 V	0.05494	0.92636	0.0187
174 Y	0.07470	0.89868	0.02661
175 P	0.15984	0.69823	0.14193
176 K	0.21451	0.57558	0.20991
177 V	0.21893	0.56640	0.21467
178 I	0.24493	0.53400	0.22107
179 N	0.31542	0.43827	0.24631
180 L	0.38353	0.32794	0.28853
181 D	0.67986	0.01291	0.30724
182 P	0.68711	0.00433	0.30857
183 Y	0.68892	0.00227	0.30881
184 S	0.68917	0.00168	0.30915
185 L	0.68911	0.00169	0.3092
186 E	0.68927	0.00133	0.3094
187 A	0.68916	0.00195	0.30888
188 A	0.68920	0.00209	0.30871
189 Y	0.68921	0.00213	0.30866
190 D	0.68935	0.00199	0.30866
191 L	0.68919	0.00216	0.30864
192 G	0.68907	0.00229	0.30864
193 A	0.68867	0.00270	0.30863
194 T	0.68862	0.00276	0.30862
195 P	0.68806	0.00332	0.30861
196 L	0.68700	0.00439	0.3086
197 K	0.68562	0.00581	0.30856
198 A	0.66190	0.03015	0.30795
199 L	0.59756	0.09724	0.3052
200 T	0.57717	0.11789	0.30494
201 K	0.49039	0.20584	0.30377
202 V	0.38514	0.33160	0.28325
203 I	0.35771	0.36293	0.27937
204 L	0.33068	0.39140	0.27792
205 P	0.32919	0.39298	0.27782
206 Q	0.32053	0.40209	0.27738
207 L	0.30136	0.42140	0.27724
208 K	0.29961	0.42312	0.27727
209 G	0.23474	0.49605	0.26921
210 A	0.18481	0.57737	0.23782
211 M	0.06195	0.72041	0.21764
212 L	0.02027	0.77672	0.20301
213 L	0.01290	0.78753	0.19957
214 G	0.01173	0.78977	0.1985
215 A	0.01072	0.79193	0.19735
216 T	0.00941	0.79315	0.19743
217 L	0.00826	0.79426	0.19748
218 A	0.00806	0.79214	0.1998
219 F	0.00805	0.78782	0.20413
220 S	0.00948	0.76990	0.22061
221 L	0.01023	0.73889	0.25087
222 S	0.02507	0.60708	0.36784
223 F	0.02707	0.56801	0.40491
224 D	0.03766	0.42282	0.53952
225 D	0.03940	0.39049	0.57012
226 F	0.03207	0.39717	0.57076
227 M	0.03126	0.39340	0.57534
228 I	0.02241	0.39870	0.57889
229 S	0.02213	0.37294	0.60493
230 Y	0.02130	0.35886	0.61984
231 F	0.02157	0.35377	0.62466
232 V	0.02901	0.30343	0.66756
233 G	0.06272	0.23396	0.70332
234 G	0.08379	0.08581	0.8304
235 S	0.09928	0.02951	0.87122
236 E	0.10166	0.02095	0.87738
237 C	0.10183	0.02065	0.87752
238 Q	0.10201	0.02043	0.87755
239 N	0.10193	0.02038	0.87769
240 I	0.10163	0.02081	0.87755
241 S	0.10117	0.02155	0.87727
242 A	0.09964	0.02454	0.87582
243 Y	0.09532	0.03249	0.87219
244 I	0.07252	0.05735	0.87013
245 Y	0.06463	0.06472	0.87065
246 S	0.06353	0.05738	0.87909
247 L	0.06334	0.05699	0.87967
248 K	0.06381	0.05087	0.88532
249 G	0.06223	0.09890	0.83887
250 T	0.06144	0.13565	0.8029
251 I	0.06062	0.16893	0.77045
252 N	0.05824	0.18931	0.75245
253 P	0.03199	0.62960	0.33841
254 T	0.02307	0.73281	0.24413
255 I	0.00958	0.90346	0.08696
256 N	0.00831	0.92934	0.06235
257 A	0.00751	0.96852	0.02397
258 L	0.00658	0.98769	0.00574
259 S	0.00657	0.98905	0.00438
260 T	0.00656	0.99087	0.00257
261 I	0.00655	0.99134	0.0021
262 L	0.00656	0.99134	0.0021
263 I	0.00662	0.99110	0.00228
264 I	0.00680	0.99052	0.00268
265 I	0.00767	0.98786	0.00447
266 A	0.01094	0.97941	0.00964
267 S	0.01512	0.95188	0.033
268 S	0.01732	0.94187	0.04081
269 K	0.02205	0.93530	0.04265
270 I	0.02241	0.93488	0.04271
271 I	0.02448	0.93258	0.04294
272 M	0.08016	0.87437	0.04547
273 N	0.13552	0.81384	0.05065
274 F	0.16747	0.78025	0.05229
275 I	0.21064	0.73133	0.05803
276 K	0.73920	0.16782	0.09298
277 Y	0.78726	0.11738	0.09536
278 N	0.89207	0.00893	0.099
279 N	0.89750	0.00342	0.09908
280 Q	0.90072	0.00018	0.0991
281 R	0.90089	0.00001	0.09911
282 K	0.90089	0.00000	0.09911
283 N	0.90089	0.00000	0.09911
284 T	0.90089	0.00000	0.09911
285 K	0.90089	0.00000	0.09911
286 I	0.90089	0.00000	0.09911
287 E	0.90089	0.00000	0.09911
288 T	0.90089	0.00000	0.09911
289 E	0.90089	0.00000	0.09911
290 A	0.90089	0.00000	0.09911
291 N	0.90089	0.00000	0.09911
292 K	0.90089	0.00000	0.09911
293 N	0.90089	0.00000	0.09911
294 E	0.90089	0.00000	0.09911
295 N	0.90089	0.00000	0.09911
296 E	0.90089	0.00000	0.09911
297 S	0.90089	0.00000	0.09911
298 A	0.90089	0.00000	0.09911
299 N	0.90089	0.00000	0.09911
300 K	0.90089	0.00000	0.09911
301 A	0.90089	0.00000	0.09911
302 I	0.90089	0.00000	0.09911
303 T	0.90089	0.00000	0.09911
304 I	0.90089	0.00000	0.09911
305 T	0.90089	0.00000	0.09911
306 K	0.90089	0.00000	0.09911
307 T	0.90089	0.00000	0.09911
308 T	0.90089	0.00000	0.09911
309 T	0.90089	0.00000	0.09911
310 T	0.90089	0.00000	0.09911
311 N	0.90089	0.00000	0.09911
312 T	0.90089	0.00000	0.09911
313 N	0.90089	0.00000	0.09911
314 I	0.90089	0.00000	0.09911
315 N	0.90089	0.00000	0.09911
316 E	0.90089	0.00000	0.09911
317 N	0.90089	0.00000	0.09911
318 E	0.90089	0.00000	0.09911
319 F	0.90089	0.00000	0.09911
320 D	0.90089	0.00000	0.09911
321 T	0.90089	0.00000	0.09911
322 K	0.90089	0.00000	0.09911
