# 2570378676
# AA	inside	membr	outside
1 M	0.98188	0.00000	0.01812
2 F	0.98188	0.00000	0.01812
3 D	0.98188	0.00000	0.01812
4 K	0.98188	0.00000	0.01812
5 S	0.98188	0.00000	0.01812
6 K	0.98188	0.00000	0.01812
7 K	0.98180	0.00009	0.01812
8 E	0.98179	0.00009	0.01812
9 L	0.97921	0.00268	0.01811
10 S	0.97920	0.00312	0.01767
11 R	0.97881	0.00355	0.01764
12 K	0.95317	0.02924	0.01759
13 A	0.00035	0.99053	0.00912
14 F	0.00032	0.99056	0.00912
15 I	0.00032	0.99967	1e-05
16 F	0.00005	0.99995	1e-05
17 L	0.00001	0.99999	0
18 I	0.00001	0.99999	0
19 V	0.00000	0.99999	0
20 F	0.00000	1.00000	0
21 I	0.00000	1.00000	0
22 I	0.00000	1.00000	0
23 L	0.00000	1.00000	0
24 S	0.00000	0.99999	0
25 S	0.00000	0.99999	0
26 A	0.00000	0.99999	1e-05
27 T	0.00000	0.99994	6e-05
28 Y	0.00000	0.99924	0.00076
29 F	0.00001	0.99727	0.00272
30 I	0.00022	0.98539	0.01439
31 K	0.00265	0.29984	0.69751
32 L	0.00278	0.27090	0.72632
33 N	0.00659	0.15791	0.83551
34 T	0.00693	0.15427	0.83879
35 Y	0.00758	0.14742	0.845
36 S	0.01133	0.00993	0.97874
37 F	0.01146	0.00872	0.97983
38 R	0.01809	0.00044	0.98147
39 R	0.01808	0.00009	0.98183
40 P	0.01806	0.00025	0.98169
41 F	0.01798	0.00039	0.98164
42 C	0.01794	0.00043	0.98163
43 I	0.01793	0.00045	0.98162
44 K	0.01792	0.00047	0.98162
45 G	0.01786	0.00086	0.98128
46 I	0.01786	0.00087	0.98128
47 I	0.01785	0.00088	0.98127
48 Y	0.01785	0.00088	0.98127
49 C	0.01785	0.00089	0.98126
50 P	0.01785	0.00091	0.98124
51 E	0.01785	0.00091	0.98124
52 Q	0.01785	0.00099	0.98117
53 N	0.01781	0.00116	0.98103
54 L	0.01779	0.00193	0.98027
55 L	0.01776	0.00687	0.97537
56 T	0.01774	0.00926	0.973
57 L	0.01765	0.01351	0.96885
58 I	0.01731	0.01468	0.968
59 R	0.01733	0.01649	0.96618
60 G	0.01704	0.09403	0.88893
61 V	0.01684	0.14676	0.8364
62 C	0.01672	0.15773	0.82555
63 Y	0.01474	0.28037	0.70489
64 N	0.01446	0.32869	0.65686
65 T	0.01369	0.65617	0.33015
66 F	0.01140	0.74811	0.24048
67 Y	0.01113	0.78045	0.20842
68 N	0.01114	0.82626	0.16261
69 F	0.01106	0.91745	0.07149
70 T	0.01106	0.96813	0.0208
71 F	0.01106	0.97951	0.00944
72 Q	0.01117	0.98244	0.00638
73 S	0.01119	0.98488	0.00394
74 N	0.01122	0.98530	0.00349
75 F	0.01127	0.98612	0.00261
76 L	0.01140	0.98600	0.00261
77 V	0.01177	0.98562	0.00261
78 L	0.01416	0.98322	0.00263
79 L	0.01595	0.98142	0.00263
80 F	0.01742	0.97988	0.00269
81 C	0.01796	0.97875	0.00329
82 I	0.02880	0.96790	0.0033
83 G	0.21106	0.78525	0.00369
84 T	0.33094	0.66521	0.00386
85 L	0.35377	0.64205	0.00418
86 N	0.47189	0.51888	0.00923
87 S	0.52525	0.46506	0.00969
88 K	0.90134	0.08875	0.00991
89 F	0.93440	0.05567	0.00993
90 R	0.98028	0.00976	0.00996
91 N	0.98862	0.00139	0.00999
92 S	0.98916	0.00085	0.01
93 K	0.98905	0.00095	0.01
94 N	0.46638	0.52409	0.00952
95 Y	0.17052	0.82837	0.00111
96 S	0.11214	0.88733	0.00053
97 L	0.03802	0.96180	0.00018
98 W	0.01317	0.98679	4e-05
99 A	0.00249	0.99750	2e-05
100 F	0.00049	0.99951	0
101 C	0.00027	0.99973	0
102 I	0.00004	0.99996	0
103 L	0.00001	0.99999	0
104 V	0.00000	0.99999	0
105 N	0.00000	0.99999	0
106 I	0.00000	1.00000	0
107 L	0.00000	1.00000	0
108 L	0.00000	1.00000	0
109 T	0.00000	0.99999	0
110 G	0.00000	0.99999	1e-05
111 V	0.00000	0.99998	2e-05
112 V	0.00000	0.99914	0.00086
113 W	0.00001	0.99813	0.00186
114 N	0.00003	0.98535	0.01462
115 L	0.00005	0.98295	0.017
116 I	0.00023	0.96879	0.03098
117 A	0.00118	0.34526	0.65356
118 D	0.00991	0.03464	0.95544
119 P	0.00999	0.01577	0.97425
120 F	0.00999	0.01204	0.97797
121 V	0.00999	0.00707	0.98294
122 D	0.01000	0.00029	0.98971
123 Y	0.01000	0.00015	0.98985
124 K	0.01000	0.00000	0.99
125 N	0.01000	0.00001	0.99
126 F	0.00997	0.00062	0.98941
127 K	0.00997	0.00112	0.98892
128 Y	0.00917	0.00724	0.9836
129 E	0.00759	0.01128	0.98113
130 F	0.00077	0.07344	0.92579
131 L	0.00073	0.59414	0.40513
132 T	0.00073	0.68012	0.31916
133 V	0.00058	0.69105	0.30837
134 S	0.00051	0.69742	0.30208
135 L	0.00049	0.70728	0.29223
136 C	0.00046	0.74470	0.25484
137 E	0.00042	0.83678	0.1628
138 H	0.00015	0.89312	0.10674
139 T	0.00013	0.94627	0.05361
140 Y	0.00011	0.98866	0.01123
141 I	0.00011	0.99660	0.00329
142 P	0.00011	0.99759	0.0023
143 I	0.00011	0.99831	0.00158
144 L	0.00011	0.99836	0.00153
145 F	0.00011	0.99839	0.0015
146 T	0.00017	0.99833	0.0015
147 I	0.00020	0.99829	0.00151
148 F	0.00047	0.99792	0.00162
149 Y	0.00204	0.99615	0.00181
150 F	0.00491	0.99298	0.00211
151 S	0.01488	0.98128	0.00384
152 N	0.01933	0.97424	0.00643
153 F	0.06321	0.92620	0.01058
154 Y	0.58612	0.40312	0.01075
155 V	0.71201	0.27719	0.01079
156 N	0.81677	0.17208	0.01116
157 P	0.88239	0.10635	0.01126
158 P	0.89593	0.09275	0.01132
159 F	0.90489	0.08378	0.01133
160 T	0.96028	0.02840	0.01132
161 S	0.97543	0.01321	0.01136
162 C	0.98002	0.00864	0.01135
163 R	0.98216	0.00652	0.01132
164 K	0.97732	0.01145	0.01124
165 N	0.83074	0.16036	0.0089
166 Y	0.28106	0.71337	0.00558
167 L	0.14074	0.85832	0.00094
168 A	0.08746	0.91232	0.00022
169 L	0.03384	0.96607	9e-05
170 I	0.03106	0.96889	5e-05
171 H	0.02941	0.97055	5e-05
172 P	0.02358	0.97638	4e-05
173 L	0.00911	0.99087	3e-05
174 F	0.00140	0.99858	2e-05
175 Y	0.00106	0.99892	2e-05
176 L	0.00095	0.99903	2e-05
177 F	0.00094	0.99903	2e-05
178 Y	0.00094	0.99903	2e-05
179 S	0.00094	0.99903	3e-05
180 L	0.00094	0.99900	6e-05
181 I	0.00095	0.99882	0.00023
182 L	0.00101	0.99616	0.00283
183 G	0.00268	0.95604	0.04129
184 S	0.00346	0.89159	0.10495
185 I	0.00621	0.83016	0.16363
186 K	0.01077	0.23687	0.75236
187 N	0.01157	0.21426	0.77417
188 Q	0.01175	0.19041	0.79785
189 Y	0.00969	0.15860	0.83171
190 F	0.00960	0.12394	0.86646
191 Y	0.00951	0.09236	0.89813
192 R	0.00848	0.02006	0.97146
193 Y	0.00743	0.01454	0.97803
194 P	0.00662	0.01299	0.98039
195 Y	0.00562	0.02695	0.96743
196 N	0.00514	0.02547	0.96939
197 F	0.00181	0.04041	0.95778
198 M	0.00151	0.04210	0.95639
199 N	0.00141	0.04262	0.95597
200 P	0.00138	0.04467	0.95394
201 F	0.00129	0.04494	0.95377
202 S	0.00127	0.04505	0.95369
203 S	0.00126	0.04510	0.95364
204 C	0.00125	0.04515	0.9536
205 N	0.00124	0.04524	0.95351
206 I	0.00124	0.04526	0.9535
207 S	0.00125	0.04525	0.9535
208 L	0.00125	0.04524	0.9535
209 I	0.00127	0.04523	0.95351
210 I	0.00134	0.04511	0.95355
211 N	0.00139	0.04397	0.95464
212 N	0.00146	0.04066	0.95788
213 L	0.00195	0.04005	0.958
214 F	0.00442	0.03713	0.95845
215 D	0.02380	0.01595	0.96025
216 L	0.02417	0.01514	0.96069
217 N	0.02491	0.01180	0.96329
218 F	0.02529	0.01134	0.96337
219 Y	0.02599	0.01044	0.96356
220 N	0.03409	0.00147	0.96444
221 N	0.03494	0.00067	0.96439
222 S	0.03525	0.00403	0.96072
223 S	0.03534	0.01144	0.95321
224 Q	0.03524	0.04137	0.92339
225 G	0.03218	0.24611	0.72171
226 W	0.00552	0.88912	0.10536
227 F	0.00202	0.93237	0.06561
228 G	0.00093	0.97963	0.01944
229 V	0.00026	0.99609	0.00365
230 L	0.00015	0.99795	0.00189
231 I	0.00005	0.99933	0.00062
232 N	0.00004	0.99941	0.00055
233 N	0.00002	0.99972	0.00026
234 V	0.00000	0.99996	4e-05
235 F	0.00000	0.99999	1e-05
236 L	0.00000	1.00000	0
237 L	0.00000	1.00000	0
238 L	0.00000	1.00000	0
239 V	0.00000	1.00000	0
240 L	0.00000	1.00000	0
241 L	0.00000	1.00000	0
242 I	0.00004	0.99996	0
243 V	0.00042	0.99957	0
244 I	0.00201	0.99795	4e-05
245 P	0.00884	0.99085	0.00031
246 I	0.01405	0.98543	0.00052
247 L	0.03849	0.96034	0.00116
248 F	0.23873	0.75644	0.00483
249 R	0.88261	0.08632	0.03106
250 I	0.91174	0.05457	0.03369
251 K	0.96211	0.00263	0.03526
252 K	0.96419	0.00041	0.0354
253 I	0.96422	0.00037	0.0354
254 L	0.96431	0.00027	0.03541
255 V	0.96434	0.00025	0.03541
256 N	0.96450	0.00009	0.03541
257 K	0.96458	0.00000	0.03542
258 T	0.96458	0.00000	0.03542
259 F	0.96458	0.00000	0.03542
260 L	0.96458	0.00000	0.03542
261 P	0.96458	0.00000	0.03542
262 S	0.96458	0.00000	0.03542
263 K	0.96458	0.00000	0.03542
264 K	0.96458	0.00000	0.03542
265 K	0.96458	0.00000	0.03542
