# 2570379027
# AA	inside	membr	outside
1 M	0.68130	0.00000	0.3187
2 L	0.07767	0.60363	0.3187
3 T	0.06831	0.61299	0.3187
4 F	0.06831	0.81555	0.11614
5 I	0.02694	0.95082	0.02224
6 F	0.02694	0.96553	0.00753
7 V	0.00344	0.99164	0.00491
8 A	0.00344	0.99171	0.00484
9 I	0.00328	0.99205	0.00467
10 W	0.00328	0.99536	0.00136
11 L	0.00328	0.99544	0.00128
12 T	0.00327	0.99546	0.00127
13 F	0.00326	0.99562	0.00111
14 V	0.00326	0.99562	0.00111
15 F	0.00326	0.99568	0.00105
16 L	0.00326	0.99568	0.00105
17 Q	0.00326	0.99331	0.00343
18 I	0.00326	0.99270	0.00404
19 L	0.01262	0.97963	0.00775
20 K	0.07921	0.55129	0.3695
21 T	0.08258	0.53839	0.37903
22 M	0.10039	0.41829	0.48132
23 P	0.10981	0.39895	0.49123
24 V	0.13358	0.37119	0.49523
25 D	0.19064	0.15686	0.6525
26 F	0.19149	0.15394	0.65457
27 S	0.26220	0.07134	0.66645
28 F	0.29432	0.03273	0.67295
29 C	0.30863	0.01810	0.67326
30 Y	0.31347	0.00808	0.67845
31 K	0.31560	0.00594	0.67846
32 L	0.29605	0.03108	0.67288
33 P	0.29354	0.03504	0.67141
34 V	0.27587	0.29849	0.42564
35 N	0.26468	0.32350	0.41181
36 L	0.21540	0.50910	0.2755
37 I	0.17353	0.58633	0.24013
38 L	0.13432	0.63434	0.23134
39 G	0.04640	0.93424	0.01935
40 L	0.00534	0.97894	0.01573
41 L	0.00094	0.99099	0.00808
42 L	0.00025	0.99415	0.0056
43 S	0.00021	0.99456	0.00522
44 F	0.00004	0.99837	0.00158
45 L	0.00001	0.99977	0.00022
46 I	0.00001	0.99992	7e-05
47 T	0.00006	0.99989	5e-05
48 F	0.00001	0.99998	1e-05
49 I	0.00001	0.99999	1e-05
50 I	0.00000	0.99998	2e-05
51 L	0.00001	0.99987	0.00012
52 V	0.00020	0.99935	0.00045
53 F	0.00052	0.99854	0.00094
54 C	0.00222	0.99531	0.00247
55 L	0.00461	0.99061	0.00478
56 V	0.01028	0.98349	0.00623
57 L	0.21513	0.76994	0.01492
58 M	0.25336	0.72160	0.02505
59 T	0.38560	0.56221	0.05218
60 F	0.41150	0.49829	0.0902
61 L	0.42756	0.43208	0.14035
62 P	0.64327	0.09051	0.26622
63 P	0.64989	0.03976	0.31035
64 N	0.66332	0.01872	0.31796
65 H	0.66685	0.01436	0.31879
66 Y	0.66789	0.01280	0.31931
67 F	0.66982	0.01013	0.32005
68 K	0.67819	0.00085	0.32096
69 G	0.67858	0.00043	0.32098
70 F	0.67861	0.00040	0.32099
71 F	0.67870	0.00030	0.321
72 S	0.67876	0.00024	0.32101
73 R	0.67876	0.00023	0.32101
74 S	0.67868	0.00032	0.321
75 L	0.67866	0.00034	0.321
76 S	0.67864	0.00036	0.321
77 R	0.67856	0.00043	0.321
78 F	0.67835	0.00065	0.321
79 V	0.67833	0.00067	0.32101
80 N	0.67831	0.00068	0.32101
81 H	0.67829	0.00070	0.32101
82 F	0.67818	0.00082	0.321
83 L	0.67817	0.00083	0.321
84 R	0.67817	0.00081	0.32101
85 I	0.67817	0.00081	0.32102
86 K	0.67817	0.00078	0.32106
87 V	0.67813	0.00082	0.32106
88 V	0.67813	0.00081	0.32106
89 V	0.67813	0.00072	0.32115
90 Q	0.67814	0.00070	0.32117
91 N	0.67814	0.00069	0.32117
92 P	0.67814	0.00066	0.3212
93 H	0.67814	0.00065	0.32121
94 L	0.67813	0.00064	0.32123
95 I	0.67814	0.00059	0.32127
96 P	0.67814	0.00040	0.32146
97 S	0.67814	0.00026	0.3216
98 K	0.67814	0.00018	0.32167
99 E	0.67813	0.00020	0.32167
100 N	0.67799	0.00036	0.32166
101 F	0.67772	0.00075	0.32153
102 V	0.67757	0.00094	0.32149
103 I	0.67741	0.00116	0.32143
104 Y	0.67728	0.00128	0.32144
105 A	0.67725	0.00120	0.32155
106 N	0.67723	0.00120	0.32157
107 H	0.67717	0.00126	0.32158
108 K	0.67711	0.00132	0.32157
109 S	0.67677	0.00189	0.32135
110 Y	0.67659	0.00222	0.32119
111 T	0.67656	0.00227	0.32117
112 D	0.67655	0.00229	0.32116
113 P	0.67647	0.00239	0.32114
114 F	0.67638	0.00253	0.3211
115 V	0.67636	0.00255	0.32109
116 I	0.67636	0.00256	0.32109
117 A	0.67636	0.00256	0.32109
118 S	0.67626	0.00264	0.3211
119 V	0.67621	0.00270	0.32109
120 I	0.67616	0.00275	0.32108
121 P	0.67630	0.00235	0.32134
122 R	0.67631	0.00217	0.32152
123 T	0.67621	0.00220	0.32159
124 L	0.67602	0.00240	0.32157
125 S	0.67590	0.00248	0.32161
126 F	0.67586	0.00256	0.32159
127 A	0.67595	0.00220	0.32185
128 P	0.67603	0.00200	0.32196
129 K	0.67588	0.00216	0.32196
130 Q	0.67197	0.00694	0.3211
131 N	0.63530	0.04667	0.31802
132 F	0.31144	0.40419	0.28436
133 N	0.30153	0.42963	0.26884
134 C	0.29109	0.45924	0.24968
135 F	0.28322	0.49866	0.21812
136 F	0.27963	0.54491	0.17546
137 G	0.27856	0.55310	0.16833
138 T	0.27828	0.55776	0.16396
139 A	0.27699	0.55971	0.16329
140 W	0.27683	0.55995	0.16322
141 F	0.27682	0.55988	0.1633
142 L	0.27682	0.55979	0.16338
143 K	0.27687	0.55943	0.1637
144 L	0.27687	0.55942	0.16371
145 A	0.27688	0.55938	0.16374
146 F	0.27690	0.55930	0.1638
147 F	0.27703	0.55846	0.16452
148 S	0.27744	0.55567	0.16689
149 L	0.27782	0.54883	0.17335
150 D	0.28154	0.48808	0.23037
151 C	0.28209	0.47767	0.24025
152 M	0.28429	0.46733	0.24838
153 V	0.28631	0.46114	0.25255
154 I	0.29744	0.42282	0.27974
155 S	0.36034	0.09588	0.54378
156 R	0.42230	0.02476	0.55295
157 D	0.43487	0.00302	0.56211
158 D	0.43618	0.00071	0.56311
159 I	0.43629	0.00042	0.56328
160 R	0.43647	0.00004	0.56349
161 K	0.43648	0.00000	0.56352
162 T	0.43648	0.00001	0.56351
163 A	0.43648	0.00001	0.56351
164 Q	0.43647	0.00005	0.56348
165 N	0.43643	0.00010	0.56346
166 L	0.43640	0.00014	0.56346
167 I	0.43640	0.00015	0.56345
168 K	0.43640	0.00015	0.56345
169 T	0.43638	0.00031	0.5633
170 V	0.43633	0.00037	0.5633
171 P	0.43633	0.00037	0.5633
172 K	0.43633	0.00037	0.5633
173 V	0.43632	0.00038	0.56329
174 K	0.43632	0.00038	0.56329
175 N	0.43632	0.00038	0.56329
176 G	0.43632	0.00038	0.56329
177 M	0.43632	0.00038	0.56329
178 V	0.43632	0.00038	0.56329
179 M	0.43632	0.00038	0.56329
180 V	0.43632	0.00038	0.56329
181 V	0.43632	0.00038	0.56329
182 F	0.43632	0.00038	0.5633
183 P	0.43633	0.00036	0.56331
184 E	0.43634	0.00034	0.56332
185 G	0.43634	0.00033	0.56332
186 G	0.43635	0.00032	0.56333
187 I	0.43644	0.00022	0.56334
188 K	0.43653	0.00002	0.56344
189 D	0.43654	0.00000	0.56346
190 R	0.43654	0.00000	0.56346
191 N	0.43654	0.00000	0.56346
192 N	0.43654	0.00000	0.56346
193 E	0.43654	0.00000	0.56345
194 K	0.43654	0.00003	0.56343
195 A	0.43634	0.00087	0.56279
196 M	0.43581	0.00372	0.56046
197 P	0.43557	0.00418	0.56025
198 L	0.43526	0.00522	0.55952
199 L	0.43517	0.00591	0.55892
200 G	0.43513	0.00617	0.5587
201 G	0.43513	0.00629	0.55859
202 A	0.43512	0.00638	0.55849
203 F	0.43512	0.00638	0.55849
204 K	0.43512	0.00638	0.55849
205 I	0.43512	0.00642	0.55846
206 A	0.43512	0.00642	0.55845
207 C	0.43512	0.00643	0.55845
208 K	0.43512	0.00643	0.55845
209 S	0.43512	0.00643	0.55845
210 Q	0.43512	0.00643	0.55845
211 A	0.43512	0.00643	0.55845
212 S	0.43512	0.00643	0.55845
213 I	0.43512	0.00643	0.55845
214 L	0.43513	0.00639	0.55848
215 P	0.43517	0.00622	0.55861
216 L	0.43520	0.00616	0.55865
217 T	0.43536	0.00593	0.55872
218 I	0.43597	0.00511	0.55892
219 K	0.43903	0.00132	0.55965
220 G	0.43913	0.00113	0.55973
221 A	0.43951	0.00066	0.55982
222 S	0.43976	0.00039	0.55985
223 Q	0.43999	0.00014	0.55987
224 I	0.44005	0.00009	0.55987
225 K	0.44012	0.00000	0.55987
226 N	0.44012	0.00000	0.55987
227 K	0.44012	0.00000	0.55987
228 R	0.44012	0.00000	0.55987
229 F	0.44012	0.00000	0.55987
230 W	0.44012	0.00000	0.55987
231 Q	0.44012	0.00000	0.55987
232 K	0.44012	0.00000	0.55987
233 K	0.44012	0.00000	0.55987
234 V	0.44012	0.00000	0.55987
235 V	0.44012	0.00000	0.55987
236 E	0.44012	0.00000	0.55987
237 I	0.44012	0.00000	0.55987
238 I	0.44012	0.00000	0.55987
239 I	0.44012	0.00000	0.55987
240 H	0.44012	0.00000	0.55987
241 P	0.44012	0.00000	0.55987
242 P	0.44012	0.00000	0.55987
243 L	0.44012	0.00000	0.55987
244 K	0.44012	0.00000	0.55987
245 Y	0.44012	0.00000	0.55987
246 D	0.44012	0.00000	0.55987
247 H	0.44012	0.00000	0.55987
248 Y	0.44012	0.00000	0.55987
249 C	0.44012	0.00000	0.55987
250 N	0.44012	0.00000	0.55987
251 T	0.44012	0.00001	0.55987
252 N	0.44012	0.00001	0.55987
253 M	0.44012	0.00001	0.55987
254 H	0.44012	0.00001	0.55987
255 Q	0.44012	0.00001	0.55987
256 V	0.44012	0.00001	0.55987
257 A	0.44012	0.00000	0.55987
258 I	0.44012	0.00000	0.55987
259 D	0.44012	0.00000	0.55987
260 V	0.44012	0.00000	0.55987
261 Q	0.44012	0.00000	0.55987
262 N	0.44012	0.00000	0.55987
263 I	0.44012	0.00000	0.55987
264 I	0.44012	0.00000	0.55987
265 N	0.44012	0.00000	0.55987
266 S	0.44012	0.00000	0.55987
267 S	0.44012	0.00000	0.55987
268 F	0.44012	0.00000	0.55987
269 N	0.44012	0.00000	0.55987
