# 2570379190
# AA	inside	membr	outside
1 V	0.97685	0.00000	0.02315
2 K	0.97685	0.00000	0.02315
3 W	0.97685	0.00000	0.02315
4 S	0.97685	0.00000	0.02315
5 T	0.97685	0.00000	0.02315
6 K	0.97685	0.00000	0.02315
7 T	0.97685	0.00000	0.02315
8 S	0.97685	0.00000	0.02315
9 D	0.97685	0.00000	0.02315
10 K	0.97685	0.00000	0.02315
11 Q	0.97685	0.00000	0.02315
12 T	0.97429	0.00257	0.02314
13 L	0.95452	0.02234	0.02313
14 G	0.95452	0.02235	0.02313
15 E	0.95451	0.02406	0.02143
16 E	0.94705	0.03152	0.02143
17 I	0.74886	0.23075	0.02039
18 A	0.74744	0.23236	0.02019
19 N	0.68897	0.29106	0.01996
20 A	0.26847	0.73008	0.00145
21 I	0.01660	0.98200	0.0014
22 S	0.01248	0.98627	0.00125
23 H	0.00950	0.98936	0.00114
24 G	0.00583	0.99331	0.00086
25 L	0.00283	0.99643	0.00074
26 M	0.00206	0.99726	0.00068
27 I	0.00066	0.99867	0.00067
28 P	0.00032	0.99901	0.00067
29 L	0.00006	0.99927	0.00067
30 G	0.00003	0.99930	0.00067
31 V	0.00003	0.99929	0.00067
32 F	0.00003	0.99925	0.00072
33 I	0.00003	0.99910	0.00087
34 L	0.00003	0.99900	0.00097
35 V	0.00003	0.99653	0.00344
36 F	0.00004	0.97850	0.02146
37 F	0.00014	0.91676	0.0831
38 C	0.00678	0.70394	0.28928
39 L	0.00939	0.62980	0.36081
40 K	0.01805	0.23793	0.74401
41 A	0.01819	0.22336	0.75845
42 S	0.01847	0.18073	0.8008
43 A	0.02179	0.13014	0.84807
44 M	0.02223	0.02970	0.94807
45 S	0.02227	0.02077	0.95696
46 N	0.02150	0.01535	0.96315
47 P	0.02132	0.04238	0.9363
48 N	0.02044	0.08132	0.89824
49 G	0.01542	0.31526	0.66932
50 Y	0.00623	0.40640	0.58737
51 I	0.00246	0.58936	0.40819
52 V	0.00007	0.92260	0.07733
53 L	0.00004	0.97713	0.02283
54 V	0.00003	0.99654	0.00343
55 F	0.00003	0.99819	0.00178
56 S	0.00003	0.99874	0.00123
57 I	0.00003	0.99960	0.00038
58 S	0.00003	0.99979	0.00019
59 M	0.00003	0.99997	1e-05
60 I	0.00003	0.99997	0
61 I	0.00003	0.99997	0
62 L	0.00003	0.99997	0
63 Y	0.00004	0.99995	0
64 L	0.00010	0.99988	2e-05
65 M	0.00109	0.99884	7e-05
66 S	0.01420	0.98555	0.00025
67 T	0.08541	0.91379	0.00079
68 L	0.10716	0.89097	0.00187
69 Y	0.15263	0.84455	0.00282
70 H	0.20426	0.79181	0.00394
71 S	0.23567	0.75951	0.00482
72 L	0.28141	0.70909	0.00951
73 S	0.33819	0.64267	0.01914
74 F	0.54767	0.43129	0.02104
75 T	0.93968	0.03787	0.02246
76 K	0.97651	0.00101	0.02248
77 A	0.97710	0.00042	0.02248
78 H	0.97718	0.00033	0.02248
79 N	0.97711	0.00041	0.02248
80 F	0.97672	0.00080	0.02248
81 F	0.97673	0.00080	0.02248
82 Q	0.97686	0.00070	0.02243
83 K	0.97646	0.00117	0.02238
84 T	0.97026	0.00781	0.02193
85 D	0.93045	0.04814	0.02141
86 H	0.51874	0.46557	0.01569
87 I	0.17684	0.81868	0.00448
88 S	0.09491	0.90147	0.00362
89 I	0.05178	0.94488	0.00334
90 Y	0.00597	0.99080	0.00323
91 L	0.00047	0.99631	0.00322
92 L	0.00014	0.99665	0.00321
93 I	0.00005	0.99674	0.00321
94 W	0.00004	0.99675	0.00321
95 G	0.00004	0.99675	0.00321
96 T	0.00004	0.99675	0.00321
97 F	0.00004	0.99675	0.00321
98 A	0.00004	0.99675	0.00321
99 P	0.00004	0.99674	0.00322
100 I	0.00004	0.99673	0.00323
101 L	0.00004	0.99666	0.0033
102 L	0.00005	0.99587	0.00407
103 L	0.00010	0.98397	0.01594
104 L	0.00094	0.90720	0.09186
105 P	0.01266	0.73830	0.24905
106 E	0.01790	0.57617	0.40593
107 L	0.01836	0.55546	0.42618
108 Q	0.01890	0.22698	0.75412
109 K	0.01906	0.01988	0.96106
110 P	0.01917	0.00832	0.97251
111 L	0.01916	0.00745	0.97339
112 F	0.01918	0.00716	0.97367
113 P	0.01924	0.00090	0.97986
114 L	0.01924	0.00353	0.97723
115 E	0.01924	0.00536	0.9754
116 I	0.01889	0.02053	0.96058
117 V	0.01799	0.02484	0.95716
118 S	0.01798	0.02555	0.95647
119 I	0.01796	0.03863	0.94341
120 S	0.01795	0.04860	0.93345
121 K	0.01794	0.05992	0.92215
122 G	0.01691	0.47164	0.51145
123 Q	0.01634	0.75617	0.22749
124 Y	0.01277	0.85227	0.13496
125 F	0.00448	0.99037	0.00515
126 F	0.00398	0.99444	0.00158
127 F	0.00393	0.99560	0.00047
128 C	0.00394	0.99570	0.00036
129 Q	0.00397	0.99570	0.00033
130 C	0.00397	0.99576	0.00027
131 I	0.00397	0.99578	0.00026
132 L	0.00397	0.99578	0.00026
133 A	0.00399	0.99575	0.00026
134 F	0.00404	0.99569	0.00028
135 S	0.00423	0.99546	0.00031
136 G	0.00467	0.99502	0.00032
137 I	0.00783	0.99185	0.00033
138 I	0.01154	0.98812	0.00035
139 C	0.03508	0.96419	0.00074
140 K	0.05671	0.94155	0.00174
141 V	0.05888	0.93938	0.00174
142 F	0.07211	0.92614	0.00175
143 W	0.19044	0.80774	0.00182
144 M	0.35160	0.64603	0.00237
145 N	0.85789	0.12861	0.01349
146 K	0.98140	0.00311	0.0155
147 G	0.96736	0.01720	0.01545
148 K	0.91714	0.06840	0.01446
149 I	0.63597	0.36267	0.00136
150 I	0.48811	0.51140	0.00049
151 H	0.13767	0.86192	0.00041
152 L	0.01570	0.98395	0.00036
153 I	0.00075	0.99894	0.00031
154 F	0.00035	0.99934	0.0003
155 Y	0.00025	0.99944	0.00031
156 A	0.00008	0.99961	0.00031
157 L	0.00007	0.99963	0.00031
158 L	0.00006	0.99963	0.00031
159 G	0.00006	0.99963	0.00031
160 W	0.00006	0.99963	0.00031
161 S	0.00006	0.99963	0.00031
162 G	0.00006	0.99962	0.00031
163 L	0.00006	0.99962	0.00032
164 L	0.00007	0.99942	0.00051
165 L	0.00008	0.99484	0.00508
166 V	0.00031	0.99392	0.00577
167 P	0.00499	0.97800	0.017
168 A	0.00981	0.96066	0.02953
169 M	0.01340	0.87470	0.1119
170 W	0.01425	0.65418	0.33157
171 K	0.01493	0.01915	0.96591
172 A	0.01423	0.05424	0.93153
173 N	0.00850	0.09771	0.89379
174 I	0.00326	0.90698	0.08976
175 F	0.00031	0.97910	0.02059
176 H	0.00013	0.99710	0.00277
177 F	0.00002	0.99924	0.00074
178 V	0.00001	0.99972	0.00028
179 L	0.00001	0.99985	0.00014
180 F	0.00001	0.99985	0.00014
181 G	0.00001	0.99985	0.00014
182 G	0.00001	0.99985	0.00014
183 V	0.00001	0.99984	0.00015
184 F	0.00001	0.99984	0.00015
185 Y	0.00001	0.99984	0.00015
186 S	0.00001	0.99984	0.00015
187 L	0.00001	0.99983	0.00016
188 G	0.00004	0.99979	0.00016
189 I	0.00023	0.99960	0.00017
190 Y	0.00246	0.99733	0.00021
191 F	0.00517	0.99433	0.0005
192 Y	0.03269	0.96421	0.0031
193 V	0.10709	0.88394	0.00897
194 K	0.94333	0.04138	0.01528
195 D	0.98276	0.00174	0.0155
196 N	0.98371	0.00075	0.01554
197 K	0.98424	0.00021	0.01555
198 K	0.95639	0.02818	0.01542
199 Y	0.88971	0.09516	0.01513
200 F	0.18479	0.80056	0.01464
201 H	0.14271	0.84539	0.0119
202 F	0.03048	0.96339	0.00613
203 I	0.01769	0.98190	0.00041
204 W	0.01138	0.98837	0.00025
205 H	0.00852	0.99125	0.00023
206 L	0.00208	0.99782	0.0001
207 F	0.00204	0.99789	7e-05
208 V	0.00204	0.99791	5e-05
209 M	0.00204	0.99791	5e-05
210 A	0.00204	0.99791	5e-05
211 G	0.00204	0.99791	5e-05
212 T	0.00204	0.99791	5e-05
213 C	0.00204	0.99791	5e-05
214 F	0.00204	0.99790	5e-05
215 H	0.00204	0.99786	0.0001
216 A	0.00204	0.99779	0.00017
217 W	0.00205	0.99722	0.00073
218 G	0.00208	0.98624	0.01168
219 I	0.00226	0.94021	0.05753
220 Y	0.00394	0.48310	0.51296
221 R	0.00642	0.32964	0.66394
222 L	0.00707	0.26217	0.73076
223 L	0.00801	0.08031	0.91168
224 E	0.01207	0.03719	0.95074
225 I	0.01431	0.01727	0.96842
226 F	0.01744	0.00404	0.97853
227 P	0.01752	0.00163	0.98085
228 N	0.01753	0.00058	0.98189
229 N	0.01755	0.00000	0.98245
