# 2570378885
# AA	inside	membr	outside
1 M	0.55403	0.00000	0.44597
2 F	0.54361	0.01042	0.44597
3 L	0.54100	0.01303	0.44597
4 G	0.54100	0.04186	0.41714
5 F	0.43629	0.22674	0.33698
6 Y	0.43628	0.23469	0.32903
7 N	0.38397	0.29030	0.32573
8 Y	0.38396	0.29066	0.32537
9 T	0.38082	0.29529	0.32389
10 T	0.38079	0.48823	0.13098
11 Y	0.37204	0.50847	0.11949
12 L	0.26802	0.61457	0.11741
13 T	0.21954	0.66677	0.11369
14 Y	0.21952	0.66679	0.11369
15 L	0.21952	0.68015	0.10033
16 N	0.21896	0.68071	0.10033
17 L	0.21444	0.68593	0.09963
18 M	0.21436	0.68634	0.0993
19 S	0.20362	0.69735	0.09903
20 G	0.16600	0.74874	0.08527
21 F	0.01480	0.89993	0.08527
22 C	0.01010	0.91331	0.07659
23 G	0.00722	0.96435	0.02843
24 I	0.00742	0.97083	0.02175
25 G	0.00911	0.95921	0.03168
26 F	0.01079	0.95518	0.03403
27 G	0.03904	0.92219	0.03876
28 A	0.14686	0.71148	0.14166
29 C	0.18583	0.65676	0.15742
30 G	0.27542	0.50430	0.22028
31 K	0.30022	0.44981	0.24997
32 Y	0.28070	0.48948	0.22982
33 T	0.28684	0.49432	0.21884
34 S	0.21889	0.56339	0.21773
35 A	0.19206	0.55746	0.25048
36 S	0.15297	0.57819	0.26883
37 I	0.14875	0.58251	0.26874
38 C	0.15087	0.57840	0.27073
39 L	0.15055	0.57763	0.27182
40 L	0.15135	0.57201	0.27664
41 I	0.15226	0.56743	0.28032
42 S	0.15392	0.54581	0.30027
43 G	0.16102	0.50903	0.32995
44 V	0.16226	0.35862	0.47912
45 C	0.18296	0.30691	0.51014
46 D	0.24391	0.23562	0.52047
47 M	0.24659	0.23210	0.52131
48 F	0.24677	0.23145	0.52178
49 D	0.24725	0.22921	0.52354
50 G	0.24738	0.22861	0.524
51 V	0.24757	0.22223	0.5302
52 V	0.25036	0.20864	0.541
53 S	0.26640	0.15534	0.57827
54 R	0.27884	0.03530	0.68586
55 T	0.28942	0.01839	0.6922
56 K	0.29161	0.00046	0.70793
57 K	0.29166	0.00008	0.70826
58 N	0.29166	0.00003	0.7083
59 R	0.29167	0.00000	0.70834
60 S	0.29166	0.00000	0.70834
61 Q	0.29166	0.00000	0.70834
62 A	0.29145	0.00022	0.70833
63 E	0.29083	0.00085	0.70832
64 K	0.28083	0.01090	0.70827
65 S	0.23632	0.05800	0.70568
66 Y	0.10457	0.20040	0.69503
67 G	0.09103	0.22862	0.68035
68 I	0.08161	0.33631	0.58208
69 Q	0.08052	0.35490	0.56458
70 I	0.07562	0.46100	0.46338
71 D	0.07467	0.46905	0.45628
72 S	0.06330	0.57290	0.36381
73 L	0.04623	0.83938	0.11439
74 A	0.04454	0.89856	0.0569
75 D	0.04388	0.92564	0.03048
76 I	0.04163	0.94984	0.00853
77 I	0.04153	0.95120	0.00728
78 S	0.04150	0.95135	0.00715
79 F	0.04150	0.95136	0.00714
80 G	0.04150	0.95136	0.00714
81 V	0.04150	0.95136	0.00714
82 L	0.04150	0.95134	0.00716
83 P	0.04156	0.95097	0.00746
84 I	0.04165	0.95058	0.00778
85 F	0.04229	0.94622	0.01149
86 I	0.04457	0.93062	0.02481
87 N	0.04751	0.89966	0.05283
88 Y	0.04983	0.87102	0.07914
89 S	0.05869	0.74609	0.19523
90 L	0.06743	0.72233	0.21024
91 S	0.20551	0.55798	0.2365
92 F	0.33488	0.42348	0.24164
93 K	0.73498	0.00984	0.25518
94 D	0.74252	0.00046	0.25702
95 K	0.74266	0.00007	0.25727
96 T	0.74268	0.00004	0.25728
97 S	0.74266	0.00006	0.25728
98 T	0.74263	0.00011	0.25726
99 L	0.74250	0.00023	0.25727
100 N	0.74237	0.00039	0.25725
101 K	0.74205	0.00076	0.25719
102 E	0.72963	0.01682	0.25356
103 C	0.53292	0.24694	0.22014
104 W	0.32087	0.47781	0.20132
105 L	0.01938	0.82949	0.15113
106 F	0.01476	0.84951	0.13573
107 P	0.01352	0.86639	0.12009
108 I	0.00663	0.97049	0.02288
109 V	0.00181	0.99456	0.00362
110 W	0.00050	0.99819	0.00131
111 I	0.00016	0.99938	0.00046
112 V	0.00003	0.99988	9e-05
113 W	0.00001	0.99997	2e-05
114 G	0.00001	0.99999	1e-05
115 F	0.00001	0.99999	0
116 Y	0.00001	0.99999	0
117 L	0.00001	0.99999	1e-05
118 L	0.00001	0.99996	3e-05
119 A	0.00002	0.99992	6e-05
120 A	0.00015	0.99960	0.00025
121 L	0.00087	0.99637	0.00277
122 I	0.00310	0.99040	0.0065
123 R	0.02164	0.93073	0.04762
124 L	0.02353	0.91285	0.06363
125 A	0.02963	0.88373	0.08665
126 Y	0.04365	0.71923	0.23712
127 Y	0.06036	0.52659	0.41306
128 N	0.13656	0.13165	0.7318
129 V	0.14046	0.12460	0.73494
130 L	0.15071	0.11254	0.73675
131 A	0.23776	0.02229	0.73995
132 E	0.25706	0.00055	0.7424
133 T	0.25729	0.00016	0.74255
134 Q	0.25731	0.00002	0.74267
135 K	0.25731	0.00000	0.74269
136 Y	0.25730	0.00002	0.74268
137 D	0.25730	0.00006	0.74264
138 S	0.25692	0.00150	0.74157
139 Q	0.24293	0.02740	0.72966
140 N	0.18331	0.20303	0.61367
141 P	0.17886	0.33819	0.48295
142 S	0.13006	0.71055	0.1594
143 Y	0.04027	0.85385	0.10588
144 F	0.00860	0.92781	0.06359
145 T	0.00705	0.95681	0.03614
146 G	0.00409	0.97739	0.01853
147 L	0.00071	0.99640	0.00288
148 P	0.00049	0.99724	0.00227
149 V	0.00014	0.99893	0.00093
150 T	0.00013	0.99936	0.00051
151 A	0.00010	0.99956	0.00034
152 A	0.00008	0.99967	0.00025
153 A	0.00008	0.99969	0.00023
154 I	0.00007	0.99971	0.00022
155 L	0.00007	0.99971	0.00022
156 F	0.00007	0.99970	0.00023
157 P	0.00008	0.99967	0.00025
158 F	0.00008	0.99959	0.00033
159 L	0.00026	0.99923	0.00051
160 F	0.00306	0.99486	0.00208
161 L	0.07439	0.91969	0.00592
162 A	0.31629	0.58831	0.09541
163 K	0.58001	0.23944	0.18055
164 F	0.59932	0.21777	0.18291
165 I	0.68142	0.13122	0.18736
166 C	0.70824	0.07050	0.22126
167 K	0.72179	0.02219	0.25602
168 T	0.72455	0.01930	0.25615
169 W	0.73170	0.01133	0.25696
170 D	0.74211	0.00073	0.25716
171 F	0.74216	0.00067	0.25717
172 K	0.74250	0.00006	0.25744
173 S	0.74233	0.00022	0.25744
174 L	0.74141	0.00117	0.25742
175 G	0.73787	0.00509	0.25704
176 F	0.72917	0.01734	0.25348
177 I	0.71489	0.05200	0.2331
178 E	0.71411	0.05369	0.23221
179 Q	0.71163	0.05765	0.23072
180 R	0.69563	0.09710	0.20726
181 L	0.30502	0.61715	0.07783
182 T	0.18264	0.79166	0.02571
183 F	0.01483	0.98017	0.005
184 F	0.00155	0.99699	0.00147
185 W	0.00023	0.99970	7e-05
186 I	0.00008	0.99988	4e-05
187 H	0.00006	0.99990	4e-05
188 F	0.00005	0.99992	4e-05
189 A	0.00004	0.99992	4e-05
190 C	0.00004	0.99992	4e-05
191 M	0.00004	0.99992	4e-05
192 L	0.00004	0.99992	4e-05
193 L	0.00004	0.99991	5e-05
194 L	0.00004	0.99989	6e-05
195 T	0.00006	0.99986	8e-05
196 F	0.00010	0.99965	0.00025
197 L	0.00027	0.99860	0.00113
198 F	0.00113	0.97468	0.02419
199 L	0.00815	0.88761	0.10424
200 C	0.08480	0.46684	0.44836
201 K	0.23401	0.08468	0.68131
202 K	0.24190	0.06512	0.69298
203 I	0.24251	0.06215	0.69534
204 H	0.25064	0.04882	0.70055
205 F	0.25234	0.04609	0.70157
206 S	0.25652	0.00972	0.73377
207 K	0.25736	0.00033	0.74231
208 P	0.25724	0.00033	0.74243
209 K	0.25719	0.00047	0.74234
210 A	0.25615	0.00807	0.73577
211 K	0.25364	0.01329	0.73307
212 T	0.12773	0.37251	0.49977
213 T	0.06966	0.54055	0.38979
214 I	0.06291	0.73465	0.20244
215 T	0.05920	0.90911	0.03169
216 I	0.03197	0.96191	0.00612
217 I	0.02711	0.96902	0.00387
218 L	0.01997	0.97835	0.00169
219 L	0.01081	0.98848	0.00071
220 L	0.00488	0.99502	0.0001
221 A	0.00010	0.99987	3e-05
222 L	0.00005	0.99993	2e-05
223 N	0.00004	0.99994	2e-05
224 F	0.00001	0.99998	1e-05
225 I	0.00001	0.99998	0
226 L	0.00001	0.99998	0
227 F	0.00004	0.99994	2e-05
228 M	0.00072	0.99906	0.00023
229 L	0.00087	0.99842	0.00071
230 L	0.00229	0.99000	0.0077
231 K	0.01496	0.94097	0.04408
232 I	0.01649	0.93730	0.04622
233 L	0.02677	0.91662	0.05661
234 L	0.08839	0.84454	0.06707
235 K	0.48421	0.33026	0.18554
236 Y	0.52478	0.28130	0.19392
237 L	0.58720	0.21541	0.19738
238 L	0.68468	0.11435	0.20097
239 P	0.72972	0.04559	0.2247
240 I	0.73622	0.03544	0.22834
241 T	0.74102	0.02124	0.23774
242 T	0.74173	0.01274	0.24553
243 I	0.74202	0.00736	0.25062
244 K	0.74255	0.00000	0.25745
