# 2570378901
# AA	inside	membr	outside
1 M	0.80414	0.00000	0.19586
2 N	0.80414	0.00000	0.19586
3 Q	0.80414	0.00000	0.19586
4 K	0.80414	0.00000	0.19586
5 P	0.80414	0.00000	0.19586
6 R	0.80414	0.00000	0.19586
7 K	0.80414	0.00000	0.19586
8 A	0.80414	0.00000	0.19586
9 L	0.80414	0.00000	0.19586
10 I	0.80414	0.00000	0.19586
11 K	0.80414	0.00000	0.19586
12 K	0.80414	0.00000	0.19586
13 N	0.80414	0.00000	0.19586
14 N	0.80414	0.00000	0.19586
15 F	0.80414	0.00000	0.19586
16 P	0.80414	0.00000	0.19586
17 Q	0.80414	0.00000	0.19586
18 I	0.80414	0.00000	0.19586
19 K	0.80414	0.00000	0.19586
20 T	0.80413	0.00001	0.19586
21 H	0.80410	0.00004	0.19586
22 K	0.80410	0.00005	0.19586
23 K	0.80401	0.00019	0.1958
24 P	0.79765	0.00784	0.19451
25 F	0.72887	0.08470	0.18643
26 L	0.66192	0.15645	0.18162
27 S	0.59014	0.23850	0.17136
28 S	0.56120	0.28638	0.15242
29 K	0.50958	0.35471	0.13571
30 L	0.06358	0.88006	0.05636
31 L	0.01585	0.95466	0.02949
32 S	0.00803	0.97030	0.02167
33 N	0.00650	0.97914	0.01436
34 C	0.00559	0.98729	0.00712
35 I	0.00457	0.99515	0.00029
36 I	0.00445	0.99549	5e-05
37 F	0.00444	0.99551	4e-05
38 N	0.00444	0.99551	4e-05
39 S	0.00444	0.99552	4e-05
40 I	0.00444	0.99552	4e-05
41 V	0.00444	0.99552	4e-05
42 I	0.00444	0.99552	4e-05
43 V	0.00446	0.99546	7e-05
44 V	0.00458	0.99522	0.00019
45 L	0.00490	0.99447	0.00063
46 A	0.00530	0.99350	0.0012
47 I	0.00598	0.98442	0.0096
48 Y	0.01382	0.89494	0.09125
49 L	0.02475	0.72124	0.25401
50 N	0.10116	0.16856	0.73028
51 K	0.15933	0.05159	0.78908
52 P	0.17883	0.02793	0.79324
53 T	0.19933	0.00225	0.79842
54 Q	0.20002	0.00067	0.7993
55 T	0.20004	0.00053	0.79943
56 N	0.19989	0.00064	0.79946
57 I	0.19971	0.00140	0.79889
58 Y	0.19981	0.00189	0.7983
59 Q	0.19979	0.00390	0.79631
60 K	0.19827	0.01007	0.79166
61 T	0.17335	0.07505	0.7516
62 T	0.10390	0.24824	0.64786
63 Q	0.05534	0.44402	0.50065
64 L	0.01052	0.90071	0.08877
65 H	0.00239	0.95169	0.04592
66 L	0.00096	0.95543	0.04361
67 T	0.00081	0.95715	0.04203
68 A	0.00052	0.95833	0.04115
69 M	0.00049	0.95901	0.0405
70 I	0.00039	0.95920	0.04041
71 A	0.00036	0.95926	0.04038
72 G	0.00036	0.95935	0.0403
73 M	0.00035	0.95947	0.04018
74 F	0.00034	0.95959	0.04007
75 L	0.00035	0.95964	0.04002
76 G	0.00037	0.95955	0.04008
77 G	0.00045	0.95943	0.04012
78 T	0.00060	0.95900	0.0404
79 I	0.00308	0.95607	0.04085
80 L	0.01188	0.94198	0.04614
81 G	0.10008	0.82912	0.0708
82 L	0.23000	0.64341	0.12659
83 K	0.70266	0.06655	0.23079
84 K	0.73901	0.02717	0.23382
85 G	0.67231	0.15739	0.17029
86 S	0.60762	0.25888	0.1335
87 F	0.25092	0.72575	0.02334
88 G	0.18228	0.80278	0.01493
89 I	0.06134	0.93040	0.00827
90 S	0.04451	0.94862	0.00687
91 L	0.03204	0.96266	0.00529
92 G	0.02575	0.97158	0.00266
93 V	0.00839	0.99081	0.00081
94 L	0.00347	0.99591	0.00062
95 L	0.00277	0.99671	0.00053
96 G	0.00279	0.99677	0.00044
97 A	0.00284	0.99682	0.00034
98 T	0.00288	0.99679	0.00034
99 L	0.00291	0.99676	0.00034
100 G	0.00296	0.99668	0.00036
101 M	0.00302	0.99657	0.00041
102 W	0.00305	0.99619	0.00076
103 L	0.00321	0.99282	0.00396
104 S	0.00482	0.97188	0.0233
105 L	0.00712	0.92605	0.06683
106 L	0.02193	0.81450	0.16356
107 T	0.15770	0.35131	0.49098
108 K	0.22242	0.15647	0.62111
109 G	0.22741	0.14179	0.6308
110 Q	0.23552	0.10738	0.65709
111 I	0.23568	0.10347	0.66085
112 I	0.23610	0.07209	0.6918
113 S	0.23723	0.05307	0.70969
114 I	0.23813	0.04097	0.7209
115 I	0.24052	0.02644	0.73304
116 Q	0.24279	0.00525	0.75197
117 M	0.24295	0.00000	0.75704
