# 2570378693
# AA	inside	membr	outside
1 M	0.23163	0.00000	0.76837
2 I	0.23056	0.00107	0.76837
3 S	0.23010	0.00152	0.76837
4 F	0.23010	0.00539	0.76451
5 I	0.22054	0.01777	0.76169
6 N	0.22054	0.01779	0.76167
7 N	0.20180	0.03655	0.76164
8 V	0.20180	0.03656	0.76164
9 V	0.19593	0.04255	0.76153
10 C	0.19591	0.06554	0.73855
11 G	0.19458	0.07745	0.72797
12 F	0.15079	0.13896	0.71025
13 E	0.08394	0.29278	0.62329
14 L	0.08361	0.29319	0.6232
15 D	0.08361	0.86347	0.05292
16 V	0.03710	0.91004	0.05286
17 F	0.00178	0.97916	0.01906
18 L	0.00154	0.99667	0.00178
19 V	0.00062	0.99840	0.00098
20 I	0.00043	0.99939	0.00018
21 L	0.00035	0.99946	0.00019
22 F	0.00036	0.99938	0.00026
23 C	0.00039	0.99906	0.00055
24 S	0.00042	0.99899	0.00059
25 L	0.00043	0.99815	0.00142
26 T	0.00047	0.99765	0.00189
27 L	0.00200	0.99502	0.00298
28 S	0.00370	0.98590	0.0104
29 S	0.00378	0.98472	0.01149
30 L	0.00390	0.97275	0.02334
31 G	0.00412	0.97145	0.02443
32 V	0.00427	0.96633	0.02941
33 F	0.03830	0.92992	0.03178
34 L	0.05660	0.90858	0.03482
35 V	0.22676	0.69498	0.07827
36 L	0.42055	0.40290	0.17655
37 K	0.61318	0.15759	0.22923
38 K	0.76605	0.00330	0.23064
39 S	0.60247	0.19815	0.19939
40 S	0.56955	0.24814	0.18231
41 M	0.43657	0.40194	0.16149
42 V	0.20340	0.65173	0.14487
43 V	0.14955	0.70731	0.14314
44 D	0.12704	0.74179	0.13118
45 A	0.08659	0.80558	0.10783
46 M	0.06893	0.82820	0.10287
47 G	0.02776	0.87028	0.10196
48 H	0.01780	0.88109	0.10111
49 S	0.00757	0.89572	0.09671
50 V	0.00237	0.92697	0.07066
51 L	0.00230	0.93476	0.06294
52 L	0.00223	0.93530	0.06246
53 G	0.00219	0.93612	0.06169
54 I	0.00213	0.94577	0.0521
55 V	0.00203	0.95086	0.04711
56 V	0.00196	0.95459	0.04345
57 A	0.00191	0.95485	0.04324
58 F	0.00200	0.95369	0.04431
59 L	0.00289	0.93535	0.06176
60 V	0.00998	0.88375	0.10627
61 V	0.02546	0.75115	0.22339
62 K	0.11033	0.24965	0.64002
63 N	0.11656	0.21895	0.66448
64 I	0.11379	0.28941	0.5968
65 N	0.11083	0.26669	0.62248
66 S	0.08067	0.56923	0.35011
67 P	0.06772	0.65626	0.27602
68 L	0.01152	0.85229	0.13619
69 L	0.00791	0.93718	0.05491
70 I	0.00776	0.97365	0.01859
71 M	0.00791	0.99086	0.00123
72 G	0.00821	0.99041	0.00137
73 A	0.00987	0.98879	0.00134
74 A	0.01104	0.98780	0.00115
75 L	0.01117	0.98765	0.00117
76 V	0.01151	0.98730	0.00119
77 G	0.01977	0.97897	0.00125
78 V	0.02490	0.97368	0.00142
79 L	0.03348	0.96488	0.00164
80 T	0.04715	0.95080	0.00206
81 A	0.04907	0.94873	0.0022
82 Y	0.05085	0.94647	0.00268
83 M	0.05319	0.94083	0.00598
84 V	0.05598	0.93189	0.01214
85 E	0.12183	0.83980	0.03838
86 L	0.14940	0.80828	0.04233
87 L	0.32313	0.62410	0.05277
88 G	0.50632	0.39271	0.10097
89 K	0.83132	0.04329	0.1254
90 H	0.84183	0.03173	0.12645
91 S	0.86593	0.00729	0.12679
92 K	0.87236	0.00084	0.12681
93 V	0.87201	0.00134	0.12666
94 T	0.87180	0.00177	0.12644
95 K	0.86535	0.00851	0.12614
96 D	0.85096	0.02815	0.12089
97 A	0.57698	0.35615	0.06687
98 S	0.46705	0.49703	0.03592
99 I	0.16081	0.83336	0.00582
100 G	0.06528	0.93241	0.00231
101 I	0.00089	0.99882	0.00029
102 V	0.00015	0.99976	9e-05
103 F	0.00003	0.99991	6e-05
104 T	0.00001	0.99993	6e-05
105 F	0.00000	0.99994	6e-05
106 F	0.00000	0.99994	6e-05
107 F	0.00000	0.99994	6e-05
108 S	0.00000	0.99994	6e-05
109 I	0.00000	0.99994	6e-05
110 A	0.00000	0.99994	6e-05
111 I	0.00000	0.99994	6e-05
112 I	0.00000	0.99993	6e-05
113 L	0.00002	0.99986	0.00012
114 I	0.00011	0.99943	0.00046
115 S	0.00247	0.98098	0.01655
116 L	0.00556	0.96814	0.02631
117 Y	0.03390	0.84452	0.12158
118 T	0.08366	0.62869	0.28765
119 R	0.10894	0.34626	0.5448
120 H	0.12358	0.13006	0.74637
121 E	0.12629	0.04601	0.82771
122 H	0.12655	0.00946	0.86399
123 L	0.12656	0.00444	0.869
124 D	0.12675	0.00003	0.87322
125 T	0.12675	0.00001	0.87325
126 D	0.12675	0.00001	0.87325
127 A	0.12675	0.00006	0.8732
128 V	0.12674	0.00014	0.87312
129 F	0.12674	0.00016	0.8731
130 L	0.12674	0.00017	0.87309
131 G	0.12674	0.00017	0.87309
132 N	0.12674	0.00020	0.87306
133 I	0.12674	0.00110	0.87216
134 E	0.12674	0.00133	0.87193
135 L	0.12673	0.00329	0.86999
136 T	0.12671	0.02591	0.84738
137 H	0.12655	0.06478	0.80868
138 I	0.12638	0.08132	0.79231
139 K	0.12629	0.08356	0.79014
140 Q	0.12556	0.11684	0.75759
141 L	0.12389	0.14616	0.72995
142 K	0.12363	0.15884	0.71753
143 K	0.12299	0.20029	0.67673
144 I	0.11319	0.82635	0.06046
145 I	0.10808	0.88652	0.0054
146 P	0.10777	0.88765	0.00457
147 L	0.10620	0.89125	0.00254
148 L	0.10556	0.89315	0.00129
149 C	0.10547	0.89350	0.00103
150 L	0.10542	0.89415	0.00043
151 N	0.10543	0.89416	0.00041
152 L	0.10542	0.89421	0.00038
153 L	0.10542	0.89422	0.00037
154 F	0.10543	0.89420	0.00037
155 V	0.10552	0.89412	0.00037
156 L	0.10603	0.89360	0.00038
157 F	0.10637	0.89323	0.00041
158 F	0.11155	0.88793	0.00053
159 Y	0.25863	0.73870	0.00267
160 K	0.58251	0.41029	0.0072
161 E	0.61612	0.37615	0.00773
162 L	0.65995	0.33120	0.00884
163 K	0.75009	0.24024	0.00966
164 I	0.74542	0.24578	0.0088
165 Y	0.74973	0.24165	0.00862
166 I	0.72701	0.26431	0.00868
167 F	0.88609	0.09961	0.0143
168 D	0.93204	0.04822	0.01975
169 P	0.89430	0.08741	0.01829
170 N	0.84883	0.13383	0.01735
171 L	0.43893	0.55278	0.0083
172 A	0.31171	0.68246	0.00583
173 V	0.14917	0.84692	0.00391
174 I	0.01341	0.98401	0.00258
175 L	0.00243	0.99503	0.00254
176 G	0.00183	0.99606	0.00212
177 F	0.00150	0.99650	0.002
178 S	0.00132	0.99670	0.00199
179 I	0.00020	0.99803	0.00177
180 T	0.00007	0.99821	0.00172
181 L	0.00001	0.99845	0.00155
182 I	0.00001	0.99864	0.00136
183 N	0.00002	0.99847	0.00152
184 Y	0.00002	0.99819	0.00178
185 L	0.00002	0.99811	0.00186
186 L	0.00006	0.99701	0.00292
187 M	0.00093	0.98701	0.01206
188 F	0.00138	0.98282	0.0158
189 L	0.00237	0.92391	0.07373
190 V	0.00337	0.90365	0.09298
191 S	0.00648	0.76036	0.23316
192 M	0.00936	0.69785	0.29279
193 T	0.01035	0.65374	0.33591
194 A	0.01441	0.45364	0.53195
195 V	0.01317	0.37491	0.61192
196 I	0.01383	0.25424	0.73193
197 S	0.01303	0.09830	0.88866
198 F	0.01029	0.34254	0.64717
199 D	0.00992	0.40973	0.58035
200 V	0.00370	0.72067	0.27562
201 V	0.00262	0.89010	0.10728
202 G	0.00227	0.92497	0.07275
203 S	0.00203	0.97285	0.02512
204 I	0.00199	0.99728	0.00072
205 M	0.00227	0.99739	0.00033
206 V	0.00230	0.99754	0.00016
207 I	0.00241	0.99744	0.00015
208 S	0.00275	0.99710	0.00015
209 C	0.00292	0.99692	0.00015
210 M	0.00297	0.99688	0.00015
211 I	0.00296	0.99690	0.00014
212 G	0.00318	0.99667	0.00015
213 P	0.00395	0.99588	0.00017
214 A	0.00372	0.99612	0.00016
215 A	0.00399	0.99566	0.00035
216 I	0.00577	0.99366	0.00057
217 S	0.01770	0.98053	0.00177
218 L	0.03484	0.96136	0.0038
219 L	0.06671	0.92838	0.00491
220 V	0.16325	0.82746	0.00928
221 T	0.70271	0.28356	0.01373
222 K	0.92526	0.05807	0.01668
223 N	0.96942	0.01305	0.01752
224 L	0.92370	0.05926	0.01703
225 C	0.77604	0.20715	0.01681
226 N	0.73071	0.25299	0.0163
227 S	0.36221	0.62324	0.01454
228 F	0.12727	0.85921	0.01351
229 L	0.02644	0.96373	0.00983
230 L	0.01411	0.97775	0.00814
231 S	0.01094	0.98175	0.00731
232 L	0.00316	0.99015	0.00669
233 W	0.00151	0.99188	0.00661
234 L	0.00102	0.99240	0.00657
235 A	0.00102	0.99240	0.00657
236 F	0.00101	0.99239	0.00659
237 V	0.00103	0.99186	0.0071
238 N	0.00107	0.99146	0.00747
239 S	0.00105	0.99153	0.00741
240 S	0.00089	0.99247	0.00664
241 L	0.00024	0.99432	0.00545
242 G	0.00021	0.99392	0.00587
243 Y	0.00022	0.99348	0.00629
244 Y	0.00025	0.99223	0.00752
245 L	0.00043	0.98638	0.01319
246 A	0.00069	0.96555	0.03376
247 I	0.00208	0.81253	0.18538
248 G	0.00334	0.38282	0.61384
249 L	0.00439	0.33361	0.66199
250 N	0.00598	0.13923	0.85479
251 L	0.00486	0.31723	0.6779
252 P	0.00661	0.30131	0.69208
253 V	0.00526	0.44924	0.5455
254 S	0.00498	0.51175	0.48328
255 G	0.00420	0.56523	0.43058
256 L	0.00215	0.72968	0.26817
257 I	0.00115	0.97291	0.02594
258 A	0.00086	0.97890	0.02024
259 F	0.00073	0.99116	0.00811
260 I	0.00018	0.99641	0.00342
261 N	0.00016	0.99666	0.00318
262 L	0.00009	0.99884	0.00108
263 V	0.00010	0.99901	0.00089
264 N	0.00021	0.99870	0.00109
265 F	0.00019	0.99894	0.00088
266 L	0.00027	0.99885	0.00088
267 L	0.00032	0.99880	0.00088
268 F	0.00040	0.99869	0.0009
269 F	0.00083	0.99824	0.00094
270 F	0.00149	0.99751	0.001
271 L	0.01242	0.98637	0.00121
272 A	0.09545	0.90215	0.00239
273 P	0.26720	0.72741	0.00538
274 K	0.52539	0.46631	0.00829
275 T	0.53611	0.45553	0.00836
276 G	0.54609	0.44541	0.0085
277 I	0.55128	0.44009	0.00863
278 V	0.57106	0.41988	0.00905
279 A	0.73834	0.25111	0.01055
280 K	0.97684	0.01118	0.01198
281 M	0.97928	0.00868	0.01204
282 I	0.98167	0.00624	0.0121
283 K	0.98691	0.00052	0.01257
284 N	0.98706	0.00036	0.01259
285 N	0.98730	0.00012	0.01259
286 L	0.98731	0.00010	0.01259
287 Q	0.98739	0.00002	0.01259
288 K	0.98740	0.00001	0.01259
289 K	0.98740	0.00001	0.01259
290 E	0.98740	0.00001	0.01259
291 F	0.98739	0.00002	0.01259
292 M	0.98739	0.00002	0.01259
293 I	0.98739	0.00002	0.01259
294 I	0.98739	0.00002	0.01259
295 S	0.98739	0.00002	0.01259
296 L	0.98739	0.00002	0.01259
297 L	0.98739	0.00002	0.01259
298 M	0.98739	0.00002	0.01259
299 H	0.98739	0.00002	0.01259
300 L	0.98739	0.00001	0.0126
301 K	0.98739	0.00001	0.0126
302 N	0.98739	0.00001	0.0126
303 N	0.98739	0.00001	0.0126
304 Q	0.98739	0.00000	0.0126
305 D	0.98739	0.00000	0.0126
306 Q	0.98739	0.00000	0.0126
307 L	0.98739	0.00000	0.0126
308 K	0.98739	0.00000	0.0126
309 K	0.98739	0.00000	0.0126
310 N	0.98739	0.00000	0.0126
311 H	0.98739	0.00000	0.0126
312 F	0.98739	0.00000	0.0126
313 Q	0.98739	0.00000	0.0126
314 E	0.98739	0.00000	0.0126
315 I	0.98739	0.00000	0.0126
316 Y	0.98739	0.00000	0.0126
317 K	0.98739	0.00000	0.0126
318 D	0.98739	0.00000	0.0126
319 L	0.98739	0.00000	0.0126
320 K	0.98739	0.00000	0.0126
321 W	0.98739	0.00000	0.0126
322 S	0.98739	0.00000	0.0126
323 L	0.98739	0.00000	0.0126
324 S	0.98739	0.00000	0.0126
325 R	0.98739	0.00000	0.0126
326 Y	0.98739	0.00000	0.0126
327 N	0.98739	0.00000	0.0126
328 K	0.98739	0.00000	0.0126
329 C	0.98739	0.00000	0.0126
330 L	0.98739	0.00000	0.0126
331 N	0.98739	0.00000	0.0126
332 N	0.98739	0.00000	0.0126
333 A	0.98739	0.00000	0.0126
334 F	0.98739	0.00000	0.0126
335 K	0.98739	0.00000	0.0126
336 K	0.98739	0.00000	0.0126
337 G	0.98739	0.00000	0.0126
338 Y	0.98739	0.00000	0.0126
339 I	0.98739	0.00000	0.0126
340 Q	0.98739	0.00000	0.0126
341 I	0.98739	0.00000	0.0126
342 K	0.98739	0.00000	0.0126
343 N	0.98739	0.00000	0.0126
344 N	0.98739	0.00000	0.0126
345 Q	0.98739	0.00000	0.0126
346 V	0.98739	0.00001	0.0126
347 I	0.98739	0.00001	0.0126
348 L	0.98739	0.00001	0.0126
349 N	0.98739	0.00001	0.01261
350 D	0.98739	0.00001	0.01261
351 S	0.98739	0.00001	0.01261
352 G	0.98739	0.00001	0.01261
353 N	0.98739	0.00001	0.01261
354 Y	0.98739	0.00001	0.01261
355 I	0.98739	0.00001	0.01261
356 L	0.98739	0.00001	0.01261
357 E	0.98739	0.00000	0.01261
358 E	0.98739	0.00000	0.01261
359 K	0.98739	0.00000	0.01261
360 I	0.98739	0.00000	0.01261
361 A	0.98739	0.00000	0.01261
362 L	0.98739	0.00000	0.01261
363 W	0.98739	0.00000	0.01261
364 I	0.98739	0.00000	0.01261
