# 2570378775
# AA	inside	membr	outside
1 M	0.50516	0.00000	0.49484
2 A	0.50516	0.00000	0.49484
3 N	0.50516	0.00000	0.49484
4 S	0.50516	0.00001	0.49484
5 M	0.50514	0.00007	0.4948
6 L	0.50514	0.00009	0.49478
7 Q	0.50508	0.00016	0.49477
8 Y	0.50508	0.00016	0.49477
9 L	0.50408	0.00117	0.49475
10 P	0.50408	0.00243	0.49349
11 H	0.50339	0.00350	0.49311
12 N	0.48781	0.01928	0.49291
13 N	0.37488	0.13705	0.48808
14 F	0.37481	0.13711	0.48808
15 I	0.37481	0.20781	0.41738
16 Y	0.37451	0.20811	0.41738
17 K	0.37442	0.20823	0.41735
18 I	0.37440	0.21024	0.41536
19 Q	0.37403	0.21077	0.4152
20 G	0.34606	0.24503	0.40891
21 A	0.29551	0.29566	0.40884
22 T	0.28879	0.30386	0.40735
23 K	0.27804	0.31773	0.40423
24 L	0.13630	0.55069	0.31301
25 L	0.07950	0.63785	0.28265
26 F	0.05593	0.69226	0.25181
27 L	0.02537	0.72950	0.24513
28 I	0.02455	0.73492	0.24054
29 S	0.02403	0.73911	0.23686
30 V	0.02322	0.74596	0.23082
31 S	0.02479	0.73183	0.24338
32 I	0.02146	0.74207	0.23647
33 V	0.03938	0.71188	0.24874
34 C	0.06223	0.67268	0.26509
35 M	0.07533	0.82082	0.10386
36 M	0.08188	0.77789	0.14023
37 V	0.04081	0.86521	0.09398
38 Y	0.04788	0.88379	0.06832
39 H	0.04034	0.90735	0.05231
40 V	0.00949	0.98636	0.00414
41 W	0.00509	0.99211	0.0028
42 F	0.00030	0.99693	0.00277
43 L	0.00068	0.97838	0.02093
44 L	0.00123	0.94258	0.0562
45 G	0.00221	0.91928	0.0785
46 L	0.00275	0.91095	0.08629
47 A	0.00445	0.87533	0.12023
48 L	0.00516	0.86381	0.13103
49 L	0.00617	0.84977	0.14405
50 S	0.00687	0.79837	0.19475
51 L	0.00722	0.79667	0.19611
52 F	0.01362	0.78797	0.19841
53 F	0.02767	0.77098	0.20135
54 F	0.04291	0.74724	0.20985
55 W	0.06423	0.66327	0.2725
56 C	0.12568	0.54916	0.32516
57 A	0.14780	0.51532	0.33688
58 Q	0.50060	0.13886	0.36055
59 I	0.50864	0.12492	0.36644
60 K	0.54730	0.00954	0.44316
61 W	0.54677	0.03147	0.42176
62 Q	0.54488	0.04215	0.41297
63 Q	0.53583	0.09499	0.36918
64 V	0.11235	0.73561	0.15205
65 A	0.07928	0.80461	0.11611
66 F	0.04566	0.85066	0.10368
67 V	0.03454	0.86927	0.09619
68 V	0.02672	0.88222	0.09105
69 K	0.02394	0.89173	0.08434
70 G	0.01365	0.93425	0.0521
71 T	0.01063	0.95388	0.03549
72 F	0.00155	0.99241	0.00604
73 F	0.00079	0.99613	0.00307
74 F	0.00017	0.99969	0.00015
75 L	0.00007	0.99985	9e-05
76 F	0.00006	0.99987	8e-05
77 L	0.00006	0.99987	8e-05
78 N	0.00010	0.99983	8e-05
79 N	0.00019	0.99974	8e-05
80 I	0.00023	0.99969	8e-05
81 I	0.00051	0.99942	8e-05
82 I	0.00149	0.99821	0.0003
83 I	0.00689	0.99159	0.00151
84 I	0.03132	0.95654	0.01215
85 C	0.05038	0.90718	0.04244
86 F	0.09629	0.83542	0.06829
87 R	0.31609	0.20913	0.47479
88 N	0.34678	0.15264	0.50058
89 Y	0.35768	0.13101	0.51132
90 G	0.37398	0.10665	0.51937
91 T	0.39904	0.06807	0.5329
92 K	0.44956	0.00443	0.54601
93 I	0.45016	0.00287	0.54696
94 Y	0.45065	0.00189	0.54746
95 N	0.45092	0.00107	0.548
96 S	0.45100	0.00097	0.54802
97 K	0.45111	0.00083	0.54806
98 T	0.45109	0.00085	0.54805
99 P	0.45107	0.00088	0.54805
100 I	0.45107	0.00089	0.54804
101 T	0.45106	0.00093	0.548
102 L	0.45103	0.00096	0.548
103 F	0.45102	0.00098	0.548
104 Y	0.45102	0.00098	0.548
105 N	0.45102	0.00098	0.548
106 L	0.45101	0.00102	0.54797
107 L	0.45101	0.00102	0.54797
108 T	0.45108	0.00075	0.54817
109 Q	0.45110	0.00047	0.54843
110 E	0.45097	0.00147	0.54756
111 Q	0.43802	0.08397	0.47801
112 L	0.29668	0.57227	0.13105
113 F	0.19754	0.76449	0.03797
114 Y	0.17266	0.80605	0.02129
115 Q	0.16816	0.81580	0.01604
116 F	0.11920	0.87166	0.00914
117 N	0.09728	0.89509	0.00763
118 V	0.02655	0.97040	0.00305
119 L	0.01491	0.98238	0.00272
120 L	0.01323	0.98407	0.0027
121 K	0.01247	0.98484	0.00269
122 Y	0.00729	0.99049	0.00221
123 C	0.00569	0.99278	0.00152
124 C	0.00429	0.99489	0.00082
125 I	0.00357	0.99602	0.00041
126 I	0.00340	0.99636	0.00024
127 P	0.00338	0.99640	0.00023
128 L	0.00334	0.99650	0.00015
129 F	0.00335	0.99651	0.00014
130 L	0.00344	0.99639	0.00017
131 I	0.00415	0.99559	0.00026
132 F	0.00724	0.99166	0.0011
133 I	0.01842	0.97941	0.00217
134 I	0.10092	0.86869	0.03039
135 T	0.44696	0.37526	0.17778
136 T	0.52789	0.15838	0.31374
137 N	0.54190	0.08914	0.36895
138 P	0.54625	0.06860	0.38515
139 S	0.54815	0.03922	0.41263
140 Q	0.54818	0.04377	0.40805
141 L	0.54051	0.05072	0.40876
142 A	0.53902	0.05094	0.41004
143 A	0.53115	0.05965	0.4092
144 S	0.53017	0.06578	0.40406
145 L	0.52856	0.06852	0.40292
146 N	0.52687	0.07040	0.40273
147 K	0.52229	0.07724	0.40048
148 L	0.49396	0.18428	0.32176
149 G	0.49261	0.24546	0.26193
150 V	0.49227	0.25462	0.25312
151 S	0.49225	0.25536	0.25239
152 Y	0.49223	0.25563	0.25214
153 K	0.49222	0.25565	0.25212
154 I	0.49207	0.25620	0.25173
155 S	0.49207	0.25621	0.25171
156 Y	0.49210	0.25619	0.25171
157 A	0.49221	0.25608	0.25171
158 F	0.49230	0.25598	0.25171
159 A	0.49264	0.25553	0.25182
160 L	0.49338	0.25463	0.25199
161 T	0.50086	0.24601	0.25312
162 I	0.50313	0.24339	0.25348
163 R	0.51654	0.22652	0.25694
164 Y	0.51987	0.21812	0.26201
165 I	0.52586	0.20920	0.26493
166 P	0.58839	0.11748	0.29413
167 E	0.66638	0.02871	0.30491
168 I	0.68207	0.00854	0.3094
169 Q	0.68781	0.00120	0.31099
170 K	0.68813	0.00034	0.31153
171 D	0.68827	0.00011	0.31161
172 F	0.68829	0.00009	0.31161
173 K	0.68834	0.00003	0.31162
174 N	0.68835	0.00003	0.31162
175 I	0.68835	0.00003	0.31162
176 S	0.68835	0.00003	0.31162
177 L	0.68836	0.00002	0.31162
178 N	0.68837	0.00001	0.31162
179 Q	0.68838	0.00001	0.31162
180 Q	0.68837	0.00001	0.31161
181 V	0.68837	0.00002	0.31161
182 R	0.68837	0.00002	0.31161
183 G	0.68836	0.00003	0.31161
184 I	0.68836	0.00003	0.31161
185 K	0.68836	0.00003	0.31161
186 V	0.68835	0.00004	0.31161
187 V	0.68835	0.00004	0.31161
188 K	0.68835	0.00004	0.31161
189 K	0.68830	0.00009	0.3116
190 T	0.68696	0.00157	0.31146
191 N	0.63496	0.06029	0.30475
192 F	0.60382	0.10985	0.28634
193 V	0.59635	0.16232	0.24134
194 A	0.59518	0.16722	0.23759
195 R	0.59490	0.17022	0.23489
196 I	0.59358	0.19346	0.21296
197 I	0.59325	0.19532	0.21143
198 A	0.59184	0.19971	0.20846
199 D	0.59167	0.20023	0.20809
200 I	0.59058	0.20496	0.20446
201 K	0.59042	0.20626	0.20331
202 R	0.58543	0.24274	0.17183
203 I	0.55777	0.31886	0.12337
204 T	0.55547	0.32910	0.11543
205 L	0.55074	0.35136	0.09791
206 I	0.55035	0.35625	0.0934
207 I	0.55029	0.35688	0.09283
208 P	0.55027	0.35692	0.0928
209 P	0.55026	0.35683	0.09291
210 L	0.55023	0.35667	0.09311
211 I	0.55025	0.35591	0.09385
212 F	0.55043	0.35123	0.09834
213 F	0.55126	0.34322	0.10553
214 N	0.56239	0.27467	0.16294
215 L	0.57900	0.24209	0.17892
216 D	0.64830	0.16345	0.18825
217 K	0.65155	0.15961	0.18884
218 I	0.65176	0.15936	0.18888
219 D	0.65439	0.15654	0.18906
220 I	0.65449	0.15642	0.18909
221 I	0.65508	0.15501	0.18991
222 T	0.65777	0.15036	0.19187
223 N	0.67005	0.13171	0.19823
224 A	0.68295	0.11774	0.1993
225 M	0.72779	0.06386	0.20835
226 K	0.76428	0.00619	0.22954
227 L	0.76486	0.00518	0.22996
228 R	0.76918	0.00035	0.23047
229 R	0.76929	0.00022	0.23049
230 F	0.76930	0.00020	0.23051
231 G	0.76934	0.00015	0.23051
232 K	0.76946	0.00001	0.23053
233 Y	0.76947	0.00000	0.23053
234 K	0.76947	0.00000	0.23053
235 K	0.76947	0.00000	0.23053
236 R	0.76941	0.00006	0.23053
237 T	0.76921	0.00029	0.2305
238 W	0.76802	0.00149	0.23049
239 Y	0.76773	0.00179	0.23048
240 Y	0.76762	0.00191	0.23047
241 E	0.76744	0.00211	0.23045
242 K	0.76227	0.00758	0.23014
243 S	0.55183	0.22810	0.22006
244 F	0.10007	0.78087	0.11906
245 S	0.05536	0.87047	0.07417
246 I	0.01090	0.95362	0.03548
247 L	0.00853	0.96692	0.02455
248 D	0.00819	0.96966	0.02215
249 L	0.00156	0.99300	0.00544
250 F	0.00044	0.99843	0.00113
251 T	0.00033	0.99910	0.00057
252 F	0.00002	0.99989	8e-05
253 L	0.00001	0.99997	3e-05
254 L	0.00000	0.99999	1e-05
255 G	0.00000	0.99999	0
256 L	0.00000	0.99999	0
257 A	0.00000	0.99999	0
258 L	0.00000	0.99999	1e-05
259 F	0.00000	0.99998	2e-05
260 L	0.00000	0.99993	7e-05
261 L	0.00001	0.99949	0.0005
262 G	0.00006	0.99907	0.00087
263 V	0.00022	0.99831	0.00147
264 W	0.00141	0.99445	0.00414
265 I	0.00434	0.98211	0.01355
266 L	0.01830	0.75880	0.22289
267 C	0.12686	0.19302	0.68012
268 H	0.17801	0.09629	0.7257
269 Y	0.21695	0.01808	0.76497
270 D	0.22896	0.00292	0.76812
271 R	0.22945	0.00227	0.76828
272 F	0.22972	0.00178	0.7685
273 Y	0.23018	0.00075	0.76907
274 Y	0.23032	0.00048	0.7692
275 P	0.23048	0.00007	0.76945
276 F	0.23052	0.00001	0.76946
277 S	0.23053	0.00000	0.76946
278 K	0.23053	0.00000	0.76947
279 N	0.23053	0.00000	0.76947
280 T	0.23053	0.00000	0.76947
281 F	0.23053	0.00000	0.76947
282 C	0.23053	0.00000	0.76947
