# 2570378788
# AA	inside	membr	outside
1 L	0.99948	0.00000	0.00052
2 I	0.99948	0.00000	0.00052
3 I	0.99948	0.00000	0.00052
4 M	0.99948	0.00000	0.00052
5 S	0.99948	0.00000	0.00052
6 N	0.99948	0.00000	0.00052
7 N	0.99948	0.00000	0.00052
8 K	0.99948	0.00000	0.00052
9 T	0.99948	0.00000	0.00052
10 K	0.99948	0.00000	0.00052
11 L	0.99948	0.00000	0.00052
12 I	0.99948	0.00000	0.00052
13 F	0.99948	0.00000	0.00052
14 T	0.99948	0.00000	0.00052
15 K	0.99948	0.00000	0.00052
16 L	0.99948	0.00000	0.00052
17 K	0.99948	0.00000	0.00052
18 K	0.99948	0.00000	0.00052
19 H	0.99871	0.00077	0.00052
20 L	0.97738	0.02210	0.00052
21 P	0.97282	0.02666	0.00052
22 K	0.97173	0.02775	0.00052
23 V	0.92599	0.07351	0.0005
24 C	0.90615	0.09337	0.00048
25 A	0.84407	0.15548	0.00045
26 T	0.79564	0.20395	0.00042
27 F	0.72604	0.27357	0.00039
28 T	0.71270	0.28691	0.00038
29 K	0.69763	0.30198	0.00038
30 Y	0.23793	0.76187	0.00019
31 F	0.04079	0.95918	3e-05
32 F	0.00635	0.99363	2e-05
33 L	0.00223	0.99776	2e-05
34 S	0.00125	0.99873	2e-05
35 F	0.00014	0.99985	1e-05
36 F	0.00001	0.99999	1e-05
37 A	0.00000	0.99999	1e-05
38 L	0.00000	0.99997	4e-05
39 F	0.00000	0.99988	0.00011
40 L	0.00000	0.99945	0.00055
41 T	0.00000	0.99857	0.00142
42 I	0.00000	0.99753	0.00247
43 P	0.00000	0.97470	0.02529
44 F	0.00000	0.97090	0.0291
45 Y	0.00000	0.96591	0.03409
46 W	0.00002	0.92413	0.07584
47 M	0.00005	0.87992	0.12003
48 L	0.00009	0.75109	0.24883
49 N	0.00016	0.62753	0.37231
50 L	0.00019	0.56143	0.43838
51 A	0.00021	0.52083	0.47896
52 L	0.00021	0.49135	0.50844
53 Q	0.00036	0.12980	0.86984
54 D	0.00051	0.00613	0.99336
55 N	0.00051	0.00038	0.99911
56 P	0.00051	0.00011	0.99938
57 S	0.00051	0.00005	0.99944
58 C	0.00051	0.00001	0.99948
59 P	0.00050	0.00002	0.99948
60 S	0.00050	0.00002	0.99948
61 F	0.00049	0.00003	0.99948
62 F	0.00049	0.00003	0.99948
63 P	0.00049	0.00003	0.99948
64 K	0.00049	0.00003	0.99948
65 D	0.00046	0.00006	0.99947
66 L	0.00023	0.00034	0.99943
67 T	0.00021	0.00039	0.9994
68 W	0.00009	0.00053	0.99938
69 N	0.00008	0.00054	0.99938
70 N	0.00007	0.00055	0.99937
71 F	0.00006	0.00058	0.99936
72 S	0.00006	0.00060	0.99934
73 F	0.00003	0.00117	0.99881
74 L	0.00002	0.00156	0.99842
75 F	0.00002	0.00186	0.99812
76 T	0.00002	0.00204	0.99794
77 R	0.00002	0.00237	0.99761
78 Y	0.00002	0.01063	0.98934
79 S	0.00002	0.01524	0.98474
80 L	0.00002	0.02640	0.97358
81 F	0.00002	0.03775	0.96222
82 S	0.00005	0.03969	0.96026
83 T	0.00005	0.04588	0.95407
84 F	0.00005	0.05394	0.946
85 F	0.00006	0.06405	0.9359
86 K	0.00012	0.06532	0.93455
87 T	0.00010	0.12475	0.87515
88 L	0.00007	0.23245	0.76748
89 A	0.00007	0.34155	0.65839
90 V	0.00001	0.94454	0.05545
91 V	0.00001	0.98313	0.01686
92 F	0.00000	0.99490	0.0051
93 F	0.00000	0.99840	0.00159
94 S	0.00001	0.99896	0.00103
95 T	0.00001	0.99980	0.00019
96 V	0.00002	0.99994	4e-05
97 L	0.00002	0.99997	0
98 G	0.00005	0.99995	0
99 I	0.00011	0.99989	0
100 F	0.00033	0.99967	0
101 V	0.00206	0.99794	0
102 S	0.00301	0.99699	0
103 V	0.00375	0.99625	0
104 I	0.00516	0.99484	0
105 T	0.00596	0.99404	0
106 A	0.00694	0.99306	0
107 F	0.01620	0.98379	0
108 A	0.04310	0.95689	0
109 L	0.05239	0.94760	1e-05
110 S	0.09279	0.90716	5e-05
111 I	0.15066	0.84927	7e-05
112 L	0.24784	0.75208	8e-05
113 E	0.95505	0.04483	0.00012
114 F	0.98433	0.01555	0.00012
115 R	0.99904	0.00083	0.00013
116 T	0.99854	0.00132	0.00013
117 K	0.99712	0.00275	0.00013
118 K	0.94990	0.04997	0.00013
119 I	0.18218	0.81775	7e-05
120 I	0.06805	0.93189	6e-05
121 L	0.02081	0.97913	6e-05
122 G	0.00526	0.99468	5e-05
123 V	0.00109	0.99885	5e-05
124 F	0.00024	0.99971	5e-05
125 L	0.00005	0.99990	5e-05
126 I	0.00004	0.99990	5e-05
127 T	0.00004	0.99990	5e-05
128 T	0.00004	0.99990	5e-05
129 M	0.00004	0.99990	5e-05
130 I	0.00004	0.99990	6e-05
131 T	0.00004	0.99988	8e-05
132 T	0.00004	0.99982	0.00013
133 E	0.00004	0.99962	0.00034
134 S	0.00004	0.99902	0.00094
135 M	0.00004	0.99863	0.00134
136 F	0.00004	0.99709	0.00287
137 L	0.00005	0.95271	0.04724
138 T	0.00009	0.52804	0.47188
139 N	0.00010	0.33702	0.66287
140 Y	0.00010	0.32578	0.67412
141 Q	0.00011	0.30435	0.69554
142 T	0.00011	0.15364	0.84625
143 V	0.00011	0.06188	0.93801
144 A	0.00011	0.02076	0.97913
145 R	0.00012	0.00176	0.99813
146 L	0.00012	0.00090	0.99899
147 G	0.00012	0.00064	0.99925
148 F	0.00012	0.00034	0.99955
149 V	0.00012	0.00010	0.99979
150 D	0.00012	0.00002	0.99987
151 S	0.00012	0.00008	0.9998
152 G	0.00012	0.00344	0.99645
153 Q	0.00012	0.00765	0.99224
154 G	0.00012	0.01566	0.98422
155 T	0.00012	0.02463	0.97526
156 R	0.00011	0.18802	0.81187
157 V	0.00005	0.74725	0.25271
158 F	0.00001	0.93453	0.06546
159 G	0.00001	0.94763	0.05236
160 G	0.00000	0.96798	0.03201
161 I	0.00000	0.99836	0.00165
162 Y	0.00000	0.99966	0.00034
163 L	0.00000	0.99990	0.0001
164 A	0.00000	0.99998	2e-05
165 M	0.00000	0.99999	1e-05
166 V	0.00000	1.00000	0
167 L	0.00000	1.00000	0
168 P	0.00000	1.00000	0
169 F	0.00000	1.00000	0
170 L	0.00000	1.00000	0
171 I	0.00001	0.99999	0
172 N	0.00009	0.99991	0
173 V	0.00013	0.99987	0
174 F	0.00043	0.99957	0
175 H	0.00582	0.99418	0
176 I	0.01168	0.98832	0
177 F	0.03093	0.96907	0
178 L	0.04905	0.95094	1e-05
179 L	0.25474	0.74525	2e-05
180 M	0.85856	0.14136	8e-05
181 Q	0.99012	0.00977	0.00011
182 N	0.99361	0.00628	0.00011
183 I	0.99485	0.00504	0.00011
184 K	0.99985	0.00003	0.00012
185 K	0.99987	0.00001	0.00012
186 I	0.99987	0.00001	0.00012
187 P	0.99988	0.00000	0.00012
188 K	0.99988	0.00000	0.00012
189 E	0.99987	0.00001	0.00012
190 L	0.99984	0.00004	0.00012
191 Y	0.99971	0.00017	0.00012
192 L	0.99968	0.00020	0.00012
193 S	0.99968	0.00020	0.00012
194 A	0.99968	0.00020	0.00012
195 K	0.99968	0.00020	0.00012
196 V	0.99968	0.00020	0.00012
197 D	0.99968	0.00020	0.00012
198 G	0.99967	0.00021	0.00012
199 S	0.99964	0.00025	0.00011
200 S	0.99940	0.00048	0.00011
201 D	0.99906	0.00082	0.00011
202 W	0.99735	0.00254	0.00011
203 I	0.99380	0.00608	0.00011
204 F	0.99159	0.00830	0.00011
205 L	0.99032	0.00957	0.00011
206 Y	0.99016	0.00972	0.00012
207 K	0.99013	0.00974	0.00013
208 I	0.98959	0.01028	0.00013
209 L	0.98917	0.01070	0.00013
210 T	0.98695	0.01290	0.00015
211 P	0.97873	0.02110	0.00017
212 L	0.92559	0.07424	0.00017
213 L	0.91849	0.08131	0.00019
214 R	0.91759	0.08211	0.0003
215 D	0.90134	0.09834	0.00031
216 N	0.49748	0.50221	0.0003
217 I	0.16536	0.83437	0.00027
218 I	0.14901	0.85073	0.00026
219 N	0.14615	0.85357	0.00028
220 I	0.07047	0.92926	0.00027
221 I	0.05473	0.94500	0.00027
222 I	0.04245	0.95722	0.00033
223 F	0.04176	0.95740	0.00084
224 R	0.04155	0.95654	0.0019
225 V	0.03370	0.96330	0.00301
226 V	0.03019	0.96401	0.0058
227 A	0.02948	0.96276	0.00776
228 A	0.02862	0.96174	0.00963
229 W	0.02740	0.96156	0.01104
230 N	0.02705	0.96017	0.01277
231 A	0.02679	0.95960	0.01361
232 Y	0.02649	0.95613	0.01737
233 L	0.02643	0.94644	0.02714
234 W	0.02642	0.81209	0.1615
235 P	0.02642	0.56996	0.40361
236 E	0.02642	0.43115	0.54243
237 L	0.02642	0.41294	0.56064
238 V	0.02643	0.39405	0.57952
239 G	0.02645	0.23419	0.73936
240 G	0.02648	0.04284	0.93068
241 K	0.02648	0.03301	0.94051
242 L	0.02648	0.03284	0.94068
243 L	0.02649	0.02927	0.94425
244 T	0.02650	0.02521	0.9483
245 N	0.02650	0.01369	0.95981
246 V	0.02650	0.01348	0.96002
247 I	0.02650	0.01317	0.96033
248 R	0.02651	0.00572	0.96777
249 N	0.02651	0.00286	0.97063
250 I	0.02651	0.00207	0.97141
251 F	0.02651	0.00156	0.97192
252 D	0.02655	0.00012	0.97332
253 S	0.02655	0.00002	0.97343
254 E	0.02655	0.00000	0.97344
255 K	0.02655	0.00000	0.97344
256 N	0.02655	0.00005	0.9734
257 Q	0.02641	0.00135	0.97224
258 H	0.02151	0.08183	0.89666
259 L	0.01858	0.42406	0.55736
260 V	0.01844	0.45376	0.5278
261 N	0.01839	0.47279	0.50882
262 Q	0.01833	0.53804	0.44363
263 Q	0.01797	0.63172	0.3503
264 M	0.00916	0.92469	0.06614
265 A	0.00255	0.96364	0.03381
266 A	0.00190	0.97693	0.02116
267 T	0.00147	0.98927	0.00927
268 V	0.00101	0.99494	0.00405
269 L	0.00091	0.99788	0.00121
270 M	0.00090	0.99800	0.0011
271 T	0.00090	0.99803	0.00107
272 L	0.00089	0.99805	0.00105
273 P	0.00089	0.99805	0.00105
274 L	0.00089	0.99806	0.00105
275 V	0.00089	0.99805	0.00105
276 L	0.00090	0.99804	0.00105
277 L	0.00111	0.99781	0.00107
278 F	0.00182	0.99706	0.00112
279 I	0.00701	0.99178	0.00121
280 F	0.03096	0.96740	0.00164
281 C	0.20216	0.79044	0.0074
282 K	0.67044	0.31823	0.01133
283 R	0.68552	0.30287	0.01161
284 Y	0.68674	0.30159	0.01167
285 V	0.69223	0.29590	0.01187
286 L	0.72622	0.26155	0.01223
287 E	0.96144	0.01654	0.02202
288 G	0.97241	0.00104	0.02655
289 K	0.97320	0.00009	0.0267
290 L	0.97322	0.00008	0.0267
291 N	0.97327	0.00002	0.0267
292 S	0.97328	0.00001	0.02671
293 G	0.97328	0.00001	0.02671
294 I	0.97328	0.00001	0.02671
295 K	0.97329	0.00000	0.02671
296 G	0.97329	0.00000	0.02671
