# 2570379034
# AA	inside	membr	outside
1 M	0.99903	0.00000	0.00097
2 K	0.99903	0.00000	0.00097
3 K	0.99903	0.00000	0.00097
4 D	0.99903	0.00000	0.00097
5 K	0.99896	0.00008	0.00097
6 Q	0.99896	0.00008	0.00096
7 I	0.62403	0.37501	0.00096
8 K	0.62403	0.37501	0.00096
9 I	0.03863	0.96056	0.00081
10 F	0.03848	0.96136	0.00016
11 G	0.03496	0.96489	0.00015
12 F	0.00506	0.99480	0.00014
13 N	0.00009	0.99978	0.00013
14 P	0.00009	0.99978	0.00013
15 L	0.00009	0.99991	0
16 M	0.00006	0.99993	0
17 F	0.00000	1.00000	0
18 L	0.00000	1.00000	0
19 F	0.00000	1.00000	0
20 F	0.00000	1.00000	0
21 V	0.00000	1.00000	0
22 V	0.00000	1.00000	0
23 V	0.00000	0.99999	1e-05
24 Y	0.00000	0.99996	4e-05
25 A	0.00000	0.99465	0.00535
26 L	0.00000	0.99348	0.00651
27 H	0.00001	0.97439	0.0256
28 L	0.00004	0.96640	0.03356
29 F	0.00006	0.91437	0.08557
30 A	0.00012	0.49889	0.50099
31 V	0.00021	0.46688	0.53291
32 K	0.00060	0.00280	0.99659
33 E	0.00094	0.00192	0.99714
34 W	0.00094	0.00196	0.99709
35 G	0.00095	0.00368	0.99536
36 I	0.00095	0.00612	0.99293
37 E	0.00096	0.00725	0.99178
38 K	0.00075	0.01624	0.983
39 L	0.00033	0.40768	0.59199
40 Y	0.00029	0.44529	0.55442
41 H	0.00026	0.71416	0.28558
42 P	0.00022	0.80723	0.19256
43 L	0.00004	0.87470	0.12525
44 L	0.00000	0.96586	0.03414
45 T	0.00000	0.96858	0.03141
46 P	0.00000	0.99905	0.00095
47 L	0.00000	0.99930	0.0007
48 F	0.00000	0.99971	0.00029
49 I	0.00000	0.99988	0.00012
50 I	0.00000	0.99989	0.0001
51 F	0.00000	0.99991	9e-05
52 V	0.00000	0.99991	9e-05
53 L	0.00001	0.99990	9e-05
54 G	0.00004	0.99987	9e-05
55 Y	0.00010	0.99981	9e-05
56 G	0.00048	0.99942	0.0001
57 L	0.00280	0.99709	0.00011
58 N	0.03862	0.96124	0.00014
59 F	0.08744	0.91241	0.00015
60 I	0.21829	0.78154	0.00017
61 G	0.40315	0.59625	0.0006
62 D	0.91083	0.08818	0.00099
63 S	0.90805	0.09095	0.00099
64 V	0.88342	0.11563	0.00095
65 P	0.87339	0.12567	0.00094
66 Y	0.76588	0.23317	0.00094
67 L	0.70350	0.29555	0.00095
68 N	0.49557	0.50349	0.00094
69 K	0.49359	0.50549	0.00093
70 I	0.26876	0.73081	0.00043
71 G	0.17103	0.82889	9e-05
72 L	0.05875	0.94121	4e-05
73 G	0.00745	0.99252	4e-05
74 F	0.00031	0.99965	4e-05
75 L	0.00022	0.99974	4e-05
76 L	0.00022	0.99974	4e-05
77 C	0.00022	0.99974	4e-05
78 I	0.00022	0.99974	4e-05
79 F	0.00022	0.99974	4e-05
80 V	0.00022	0.99974	4e-05
81 P	0.00022	0.99968	0.0001
82 S	0.00022	0.99958	0.00019
83 Y	0.00022	0.99900	0.00078
84 L	0.00022	0.99410	0.00568
85 V	0.00022	0.98095	0.01883
86 Y	0.00024	0.90425	0.09551
87 R	0.00031	0.79285	0.20684
88 G	0.00035	0.73377	0.26588
89 L	0.00038	0.69114	0.30848
90 I	0.00067	0.58645	0.41287
91 P	0.00113	0.09729	0.90158
92 K	0.00124	0.00562	0.99315
93 D	0.00124	0.00129	0.99747
94 L	0.00124	0.00117	0.99759
95 A	0.00124	0.00087	0.99789
96 D	0.00124	0.00003	0.99873
97 K	0.00124	0.00000	0.99876
98 C	0.00124	0.00000	0.99876
99 N	0.00124	0.00000	0.99876
100 E	0.00124	0.00000	0.99876
101 N	0.00124	0.00000	0.99876
102 F	0.00124	0.00000	0.99876
103 F	0.00124	0.00000	0.99876
104 S	0.00124	0.00000	0.99876
105 T	0.00124	0.00001	0.99875
106 K	0.00124	0.00001	0.99875
107 T	0.00122	0.00012	0.99866
108 P	0.00121	0.00043	0.99836
109 N	0.00118	0.01050	0.98832
110 N	0.00092	0.30022	0.69885
111 H	0.00080	0.39774	0.60146
112 L	0.00069	0.59969	0.39962
113 G	0.00068	0.71988	0.27944
114 S	0.00067	0.76014	0.23919
115 D	0.00066	0.86450	0.13484
116 F	0.00062	0.96077	0.03861
117 A	0.00061	0.97713	0.02226
118 N	0.00061	0.99235	0.00703
119 F	0.00061	0.99550	0.00389
120 F	0.00061	0.99686	0.00253
121 I	0.00061	0.99689	0.0025
122 T	0.00061	0.99689	0.0025
123 C	0.00061	0.99689	0.0025
124 V	0.00061	0.99689	0.0025
125 I	0.00061	0.99689	0.0025
126 A	0.00062	0.99688	0.0025
127 G	0.00063	0.99687	0.0025
128 S	0.00075	0.99675	0.0025
129 I	0.00109	0.99642	0.0025
130 L	0.00229	0.99503	0.00268
131 S	0.01123	0.98601	0.00276
132 V	0.19641	0.80075	0.00284
133 D	0.89280	0.10415	0.00305
134 R	0.91077	0.08615	0.00307
135 N	0.91383	0.08305	0.00311
136 L	0.91592	0.08096	0.00312
137 L	0.91734	0.07954	0.00312
138 K	0.99329	0.00358	0.00312
139 R	0.99621	0.00066	0.00312
140 S	0.99478	0.00210	0.00312
141 L	0.98962	0.00726	0.00312
142 S	0.98650	0.01039	0.00311
143 K	0.97473	0.02219	0.00308
144 F	0.10909	0.88995	0.00096
145 L	0.01580	0.98367	0.00053
146 P	0.00824	0.99147	0.00029
147 L	0.00378	0.99621	2e-05
148 T	0.00337	0.99662	1e-05
149 L	0.00057	0.99943	0
150 I	0.00013	0.99987	0
151 V	0.00002	0.99998	0
152 C	0.00000	1.00000	0
153 L	0.00000	1.00000	0
154 V	0.00000	1.00000	0
155 A	0.00000	1.00000	0
156 I	0.00000	1.00000	0
157 L	0.00000	1.00000	0
158 S	0.00000	0.99999	1e-05
159 V	0.00000	0.99996	4e-05
160 G	0.00000	0.99987	0.00013
161 F	0.00000	0.99971	0.00028
162 L	0.00000	0.99693	0.00307
163 G	0.00001	0.99207	0.00791
164 Y	0.00004	0.97527	0.0247
165 L	0.00008	0.94465	0.05526
166 F	0.00022	0.90970	0.09008
167 N	0.00248	0.07593	0.9216
168 Y	0.00283	0.02429	0.97287
169 Q	0.00310	0.00579	0.99112
170 K	0.00312	0.00007	0.9968
171 P	0.00312	0.00005	0.99682
172 E	0.00312	0.00004	0.99684
173 G	0.00307	0.00033	0.9966
174 F	0.00306	0.00041	0.99653
175 S	0.00306	0.00045	0.99649
176 T	0.00306	0.00246	0.99448
177 Q	0.00305	0.00318	0.99377
178 G	0.00278	0.00774	0.98948
179 S	0.00264	0.01869	0.97867
180 F	0.00258	0.03040	0.96701
181 L	0.00255	0.52261	0.47483
182 D	0.00253	0.56189	0.43558
183 S	0.00240	0.60957	0.38803
184 I	0.00235	0.72800	0.26965
185 F	0.00212	0.76716	0.23072
186 Y	0.00171	0.94162	0.05666
187 V	0.00163	0.94482	0.05355
188 A	0.00163	0.94620	0.05217
189 V	0.00162	0.94713	0.05124
190 P	0.00163	0.94748	0.05089
191 L	0.00165	0.94761	0.05074
192 T	0.00170	0.94758	0.05072
193 N	0.00174	0.94755	0.05071
194 G	0.00183	0.94750	0.05067
195 G	0.00193	0.94745	0.05062
196 T	0.00262	0.94673	0.05065
197 N	0.00278	0.94654	0.05068
198 L	0.00296	0.94636	0.05068
199 G	0.00481	0.94449	0.0507
200 I	0.00738	0.94191	0.05072
201 N	0.02063	0.92837	0.051
202 G	0.03536	0.91357	0.05106
203 F	0.05597	0.89293	0.0511
204 A	0.65406	0.29477	0.05116
205 N	0.76123	0.18734	0.05142
206 G	0.79778	0.15076	0.05145
207 I	0.80950	0.13902	0.05147
208 Y	0.83916	0.10924	0.0516
209 K	0.94640	0.00155	0.05204
210 E	0.94698	0.00094	0.05208
211 A	0.94710	0.00082	0.05208
212 F	0.94744	0.00048	0.05208
213 P	0.94790	0.00002	0.05208
214 Q	0.94791	0.00001	0.05208
215 L	0.94792	0.00000	0.05208
216 D	0.94792	0.00000	0.05208
217 Q	0.94791	0.00001	0.05207
218 K	0.94789	0.00005	0.05206
219 T	0.94691	0.00210	0.05099
220 I	0.93930	0.01029	0.05041
221 R	0.93454	0.01531	0.05015
222 T	0.92219	0.03241	0.04541
223 A	0.76670	0.19914	0.03416
224 I	0.05996	0.93779	0.00225
225 I	0.03972	0.95899	0.00129
226 V	0.03722	0.96164	0.00115
227 P	0.03581	0.96317	0.00102
228 L	0.00601	0.99390	9e-05
229 I	0.00013	0.99987	0
230 M	0.00010	0.99990	0
231 A	0.00009	0.99991	0
232 R	0.00008	0.99991	0
233 C	0.00008	0.99992	0
234 L	0.00008	0.99992	0
235 S	0.00008	0.99992	0
236 I	0.00008	0.99992	0
237 L	0.00008	0.99991	0
238 F	0.00008	0.99991	1e-05
239 A	0.00010	0.99984	6e-05
240 G	0.00013	0.99962	0.00025
241 L	0.00019	0.99933	0.00048
242 M	0.00143	0.99627	0.0023
243 Y	0.00189	0.98843	0.00967
244 V	0.00211	0.98139	0.0165
245 I	0.00632	0.96192	0.03175
246 F	0.01688	0.78041	0.20271
247 D	0.05160	0.01647	0.93193
248 K	0.05215	0.00021	0.94764
249 T	0.05216	0.00013	0.94771
250 K	0.05216	0.00005	0.94779
251 F	0.05216	0.00002	0.94782
252 S	0.05216	0.00000	0.94784
253 G	0.05216	0.00000	0.94784
254 K	0.05216	0.00000	0.94784
255 G	0.05216	0.00000	0.94784
256 K	0.05216	0.00000	0.94784
257 L	0.05216	0.00000	0.94784
258 E	0.05216	0.00000	0.94784
259 Y	0.05216	0.00000	0.94784
260 K	0.05216	0.00000	0.94784
261 N	0.05216	0.00000	0.94784
262 N	0.05216	0.00000	0.94784
263 K	0.05216	0.00000	0.94784
264 L	0.05216	0.00000	0.94784
265 T	0.05216	0.00000	0.94784
266 P	0.05216	0.00000	0.94784
267 K	0.05216	0.00000	0.94784
268 P	0.05216	0.00000	0.94784
269 I	0.05216	0.00000	0.94784
270 E	0.05216	0.00000	0.94784
271 K	0.05216	0.00001	0.94782
272 K	0.05215	0.00030	0.94755
273 T	0.05198	0.00978	0.93823
274 P	0.05114	0.02226	0.92661
275 L	0.04206	0.05789	0.90005
276 E	0.04161	0.06434	0.89405
277 Y	0.03747	0.08733	0.8752
278 K	0.03666	0.09843	0.86491
279 N	0.02448	0.27442	0.70109
280 I	0.00259	0.83767	0.15974
281 G	0.00076	0.89423	0.10502
282 M	0.00048	0.91242	0.0871
283 G	0.00040	0.92380	0.07581
284 L	0.00036	0.92881	0.07084
285 T	0.00035	0.93018	0.06948
286 M	0.00032	0.93101	0.06867
287 I	0.00023	0.93202	0.06774
288 F	0.00022	0.93217	0.0676
289 V	0.00022	0.93224	0.06754
290 L	0.00022	0.93228	0.0675
291 F	0.00024	0.93228	0.06748
292 S	0.00050	0.93190	0.0676
293 L	0.00103	0.93121	0.06775
294 S	0.01071	0.92133	0.06796
295 G	0.02495	0.90696	0.0681
296 L	0.04332	0.88848	0.06819
297 L	0.13087	0.79235	0.07678
298 N	0.52101	0.36933	0.10966
299 K	0.65794	0.22847	0.11359
300 L	0.47649	0.43955	0.08397
301 L	0.37158	0.59390	0.03453
302 W	0.22888	0.75602	0.0151
303 G	0.32743	0.66046	0.0121
304 Y	0.15927	0.82949	0.01123
305 L	0.14552	0.84336	0.01112
306 E	0.14423	0.84563	0.01014
307 S	0.05327	0.94302	0.00372
308 L	0.02359	0.97617	0.00024
309 V	0.00371	0.99620	9e-05
310 Y	0.00312	0.99680	8e-05
311 F	0.00302	0.99691	7e-05
312 I	0.00304	0.99689	7e-05
313 L	0.00309	0.99684	7e-05
314 F	0.00318	0.99675	7e-05
315 L	0.00335	0.99657	8e-05
316 I	0.00352	0.99637	0.00011
317 L	0.00387	0.99582	0.0003
318 I	0.00598	0.99025	0.00377
319 R	0.01284	0.96398	0.02318
320 I	0.01406	0.95364	0.0323
321 F	0.01609	0.91681	0.06711
322 N	0.02597	0.68162	0.29241
323 L	0.04794	0.51419	0.43787
324 L	0.09731	0.24308	0.65961
325 S	0.11341	0.12213	0.76446
326 Q	0.12415	0.06046	0.81539
327 E	0.12507	0.00616	0.86877
328 N	0.12509	0.00272	0.87218
329 Q	0.12509	0.00168	0.87323
330 S	0.12466	0.00162	0.87371
331 H	0.12448	0.00744	0.86808
332 I	0.12403	0.01764	0.85833
333 S	0.12390	0.03985	0.83625
334 Q	0.12376	0.04642	0.82982
335 A	0.12072	0.06309	0.81619
336 G	0.11884	0.08229	0.79887
337 Q	0.11827	0.08695	0.79478
338 V	0.11145	0.11064	0.7779
339 I	0.11037	0.11258	0.77705
340 S	0.11028	0.11277	0.77696
341 K	0.11024	0.11293	0.77683
342 N	0.10916	0.11543	0.77541
343 F	0.10730	0.12186	0.77084
344 T	0.10685	0.12261	0.77054
345 T	0.10672	0.12302	0.77026
346 P	0.10668	0.12316	0.77016
347 I	0.10663	0.12333	0.77004
348 L	0.10663	0.12333	0.77003
349 A	0.10665	0.12331	0.77004
350 G	0.10673	0.12320	0.77007
351 L	0.10692	0.12299	0.77009
352 G	0.10806	0.12169	0.77025
353 M	0.11076	0.11822	0.77101
354 T	0.12323	0.10504	0.77173
355 V	0.13928	0.08707	0.77365
356 K	0.18862	0.03283	0.77855
357 W	0.19109	0.03008	0.77883
358 Q	0.20172	0.01617	0.78211
359 Q	0.20246	0.01557	0.78197
360 L	0.20235	0.01730	0.78036
361 M	0.20588	0.01857	0.77555
362 G	0.20288	0.02381	0.77331
363 G	0.19841	0.04143	0.76016
364 I	0.19360	0.08934	0.71706
365 K	0.19267	0.10911	0.69821
366 Q	0.13489	0.43533	0.42978
367 I	0.06115	0.68852	0.25033
368 P	0.04112	0.76366	0.19523
369 V	0.01378	0.90593	0.08029
370 L	0.00854	0.95814	0.03333
371 T	0.00737	0.98033	0.0123
372 M	0.00485	0.99083	0.00432
373 V	0.00226	0.99595	0.00179
374 L	0.00072	0.99871	0.00058
375 T	0.00049	0.99925	0.00027
376 A	0.00015	0.99973	0.00011
377 L	0.00003	0.99991	6e-05
378 L	0.00001	0.99994	5e-05
379 V	0.00002	0.99994	4e-05
380 V	0.00004	0.99990	6e-05
381 V	0.00010	0.99980	9e-05
382 L	0.00049	0.99924	0.00027
383 V	0.00179	0.99756	0.00066
384 S	0.01481	0.98041	0.00478
385 F	0.01857	0.97225	0.00919
386 F	0.04661	0.93273	0.02065
387 L	0.19284	0.74675	0.06042
388 S	0.37847	0.52664	0.09489
389 K	0.68246	0.13137	0.18616
390 A	0.62554	0.18197	0.19249
391 F	0.61315	0.19773	0.18912
392 G	0.63174	0.17619	0.19208
393 F	0.59116	0.21862	0.19023
394 Y	0.59243	0.21645	0.19112
395 P	0.51456	0.29230	0.19314
396 F	0.50005	0.31664	0.18331
397 E	0.49936	0.32099	0.17964
398 T	0.43985	0.46300	0.09715
399 S	0.24302	0.67856	0.07842
400 L	0.08105	0.85671	0.06225
401 T	0.05517	0.90073	0.0441
402 A	0.04905	0.91869	0.03226
403 G	0.04565	0.92670	0.02764
404 L	0.04281	0.92996	0.02723
405 G	0.04273	0.93005	0.02722
406 A	0.04271	0.93008	0.02721
407 L	0.04270	0.93004	0.02726
408 S	0.04273	0.92819	0.02909
409 V	0.04275	0.92776	0.02949
410 G	0.04285	0.92426	0.0329
411 G	0.04307	0.92050	0.03643
412 T	0.04328	0.90806	0.04867
413 G	0.04448	0.81784	0.13768
414 H	0.05116	0.80233	0.14651
415 L	0.05287	0.79256	0.15458
416 G	0.05696	0.75191	0.19113
417 I	0.05787	0.72249	0.21964
418 M	0.07185	0.50330	0.42485
419 S	0.09641	0.42884	0.47475
420 I	0.11716	0.39369	0.48915
421 S	0.20652	0.22491	0.56856
422 K	0.22589	0.01591	0.75821
423 R	0.22693	0.00043	0.77263
424 D	0.22634	0.00086	0.77279
425 N	0.19027	0.04317	0.76656
426 L	0.11447	0.18627	0.69926
427 L	0.02288	0.54662	0.43049
428 P	0.02094	0.56932	0.40973
429 F	0.01709	0.59806	0.38485
430 I	0.01561	0.69311	0.29129
431 M	0.01167	0.89284	0.09548
432 I	0.00141	0.97926	0.01933
433 A	0.00078	0.98482	0.0144
434 T	0.00059	0.98616	0.01325
435 R	0.00050	0.99027	0.00923
436 I	0.00016	0.99945	0.00039
437 I	0.00003	0.99989	8e-05
438 G	0.00002	0.99991	6e-05
439 P	0.00002	0.99992	6e-05
440 I	0.00002	0.99992	5e-05
441 I	0.00002	0.99992	5e-05
442 Y	0.00002	0.99991	7e-05
443 T	0.00003	0.99972	0.00025
444 L	0.00004	0.99932	0.00063
445 A	0.00035	0.99763	0.00201
446 Y	0.00096	0.99428	0.00477
447 F	0.00278	0.98662	0.01059
448 L	0.00971	0.94580	0.04449
449 F	0.08854	0.79509	0.11637
450 K	0.41581	0.37252	0.21167
451 F	0.42884	0.35873	0.21243
452 F	0.44816	0.33799	0.21384
453 Y	0.52284	0.26216	0.215
454 M	0.71211	0.06920	0.2187
455 S	0.77292	0.00000	0.22708
