# 2570379163
# AA	inside	membr	outside
1 M	0.59280	0.00000	0.4072
2 E	0.59280	0.00000	0.4072
3 N	0.59280	0.00000	0.4072
4 N	0.59280	0.00000	0.4072
5 D	0.59280	0.00000	0.4072
6 F	0.59280	0.00000	0.4072
7 T	0.59280	0.00000	0.4072
8 N	0.59280	0.00000	0.4072
9 N	0.59280	0.00000	0.4072
10 N	0.59280	0.00000	0.4072
11 L	0.59280	0.00000	0.4072
12 S	0.59279	0.00000	0.4072
13 R	0.59279	0.00001	0.4072
14 T	0.59279	0.00001	0.4072
15 P	0.59279	0.00006	0.40715
16 L	0.59236	0.00049	0.40715
17 S	0.59181	0.00105	0.40714
18 R	0.59156	0.00142	0.40702
19 C	0.44968	0.14786	0.40246
20 F	0.34334	0.31613	0.34053
21 L	0.14953	0.51249	0.33798
22 Y	0.14554	0.53147	0.32299
23 Q	0.14348	0.54845	0.30808
24 L	0.13940	0.57778	0.28282
25 H	0.13709	0.58970	0.27322
26 P	0.12951	0.60722	0.26327
27 S	0.11594	0.62919	0.25488
28 I	0.08944	0.71896	0.1916
29 K	0.08409	0.74421	0.17171
30 I	0.02137	0.94495	0.03367
31 L	0.00933	0.97423	0.01644
32 S	0.00558	0.98488	0.00954
33 F	0.00321	0.99186	0.00493
34 V	0.00275	0.99364	0.00361
35 L	0.00254	0.99396	0.0035
36 L	0.00244	0.99406	0.0035
37 L	0.00240	0.99398	0.00361
38 V	0.00251	0.99285	0.00464
39 F	0.00274	0.98797	0.00929
40 I	0.00587	0.96438	0.02976
41 L	0.00904	0.88390	0.10706
42 K	0.03065	0.64245	0.32691
43 L	0.06894	0.57941	0.35165
44 P	0.09178	0.46076	0.44745
45 I	0.10388	0.44147	0.45466
46 N	0.13168	0.40355	0.46477
47 V	0.14980	0.38247	0.46773
48 N	0.19223	0.32050	0.48727
49 N	0.19955	0.29615	0.50431
50 I	0.20457	0.27346	0.52197
51 A	0.29289	0.16697	0.54014
52 Q	0.36719	0.07992	0.55289
53 N	0.40521	0.00754	0.58725
54 Q	0.40588	0.00264	0.59148
55 A	0.40572	0.00239	0.59189
56 F	0.40510	0.00493	0.58997
57 I	0.40496	0.00533	0.58971
58 F	0.40487	0.00546	0.58967
59 A	0.40471	0.00553	0.58976
60 N	0.40460	0.00600	0.58941
61 P	0.40423	0.01233	0.58343
62 K	0.39751	0.03525	0.56724
63 Y	0.25560	0.34206	0.40235
64 I	0.11141	0.72243	0.16616
65 T	0.09778	0.79445	0.10776
66 L	0.05839	0.86103	0.08058
67 F	0.02511	0.94874	0.02615
68 Y	0.00347	0.99408	0.00245
69 I	0.00175	0.99703	0.00122
70 C	0.00124	0.99782	0.00094
71 F	0.00007	0.99972	0.00022
72 I	0.00001	0.99997	2e-05
73 V	0.00000	1.00000	0
74 V	0.00000	1.00000	0
75 L	0.00001	0.99999	0
76 M	0.00010	0.99988	2e-05
77 S	0.00012	0.99982	6e-05
78 L	0.00015	0.99976	9e-05
79 C	0.00026	0.99925	0.00049
80 F	0.00028	0.99918	0.00054
81 F	0.00062	0.99848	0.0009
82 F	0.00260	0.99586	0.00154
83 G	0.02649	0.97020	0.0033
84 V	0.05743	0.93646	0.00611
85 T	0.13179	0.84358	0.02463
86 W	0.22136	0.62251	0.15614
87 S	0.42401	0.27759	0.2984
88 Y	0.45065	0.24289	0.30647
89 F	0.48295	0.19419	0.32287
90 W	0.55075	0.09517	0.35408
91 Q	0.59164	0.02494	0.38342
92 R	0.58754	0.02972	0.38274
93 I	0.45090	0.19496	0.35414
94 K	0.42395	0.23381	0.34223
95 H	0.31682	0.42995	0.25323
96 L	0.17643	0.66456	0.159
97 R	0.13712	0.70914	0.15374
98 F	0.05943	0.79152	0.14905
99 V	0.05178	0.80035	0.14786
100 F	0.05147	0.80111	0.14741
101 I	0.05140	0.80127	0.14732
102 I	0.05138	0.80130	0.14732
103 S	0.05137	0.80130	0.14732
104 L	0.05137	0.80131	0.14732
105 V	0.05137	0.80130	0.14732
106 I	0.05138	0.80129	0.14732
107 N	0.05144	0.80120	0.14736
108 L	0.05147	0.80089	0.14763
109 V	0.05166	0.80037	0.14796
110 P	0.05800	0.76058	0.18142
111 L	0.07323	0.72153	0.20524
112 E	0.20942	0.40639	0.3842
113 T	0.25766	0.28949	0.45285
114 D	0.29856	0.16420	0.53725
115 S	0.29954	0.09899	0.60148
116 Y	0.30250	0.08515	0.61236
117 D	0.30542	0.05693	0.63764
118 A	0.30242	0.06301	0.63456
119 F	0.30290	0.06188	0.63522
120 M	0.30287	0.07310	0.62403
121 Q	0.30273	0.11447	0.5828
122 V	0.27686	0.22186	0.50127
123 S	0.22301	0.31619	0.4608
124 I	0.09895	0.75191	0.14914
125 P	0.03360	0.84642	0.11998
126 I	0.00804	0.96933	0.02264
127 L	0.00542	0.98422	0.01036
128 S	0.00287	0.99206	0.00507
129 Y	0.00126	0.99729	0.00145
130 A	0.00040	0.99866	0.00094
131 I	0.00011	0.99955	0.00034
132 N	0.00005	0.99962	0.00033
133 S	0.00002	0.99968	0.00031
134 F	0.00001	0.99969	0.00031
135 W	0.00001	0.99969	0.00031
136 L	0.00003	0.99965	0.00033
137 F	0.00006	0.99960	0.00034
138 L	0.00020	0.99932	0.00048
139 I	0.00062	0.99870	0.00069
140 C	0.00132	0.99750	0.00118
141 I	0.00359	0.99260	0.00382
142 L	0.00622	0.98837	0.00542
143 L	0.03637	0.95321	0.01042
144 Y	0.15763	0.82046	0.02192
145 N	0.24457	0.70436	0.05108
146 F	0.28157	0.59787	0.12056
147 T	0.64133	0.12303	0.23565
148 K	0.65549	0.03742	0.30709
149 K	0.68943	0.00031	0.31027
150 Y	0.66322	0.05897	0.2778
151 T	0.64953	0.08206	0.2684
152 P	0.64324	0.09176	0.265
153 F	0.45825	0.28328	0.25847
154 K	0.44930	0.29600	0.2547
155 L	0.13241	0.67946	0.18813
156 S	0.10254	0.76774	0.12973
157 Y	0.06253	0.89055	0.04692
158 L	0.02038	0.95374	0.02589
159 L	0.01104	0.98706	0.0019
160 F	0.01052	0.98871	0.00077
161 L	0.01051	0.98934	0.00016
162 L	0.01050	0.98948	2e-05
163 L	0.01050	0.98949	1e-05
164 C	0.01050	0.98949	1e-05
165 V	0.01050	0.98949	1e-05
166 F	0.01050	0.98949	0
167 V	0.01050	0.98949	1e-05
168 I	0.01058	0.98938	4e-05
169 P	0.01092	0.98872	0.00035
170 S	0.01141	0.98689	0.0017
171 Y	0.01178	0.98181	0.00641
172 F	0.01456	0.97477	0.01067
173 P	0.09558	0.55369	0.35073
174 S	0.14084	0.44532	0.41384
175 N	0.18003	0.38960	0.43037
176 I	0.19328	0.36993	0.43679
177 Q	0.21414	0.34356	0.4423
178 N	0.21680	0.15559	0.62761
179 I	0.22229	0.14412	0.63359
180 L	0.27408	0.07122	0.6547
181 G	0.29646	0.03097	0.67257
182 C	0.31940	0.00226	0.67834
183 E	0.32090	0.00012	0.67899
184 P	0.32096	0.00005	0.679
185 K	0.32096	0.00004	0.679
186 K	0.32092	0.00015	0.67893
187 Y	0.32027	0.00391	0.67583
188 I	0.31988	0.00576	0.67436
189 L	0.31966	0.00685	0.67349
190 Q	0.31961	0.00776	0.67263
191 T	0.31805	0.01460	0.66735
192 T	0.21187	0.66859	0.11955
193 S	0.11066	0.84518	0.04416
194 F	0.06536	0.90468	0.02995
195 L	0.04137	0.94067	0.01795
196 R	0.03928	0.94500	0.01572
197 I	0.03106	0.96044	0.0085
198 C	0.03053	0.96131	0.00816
199 F	0.01724	0.97979	0.00298
200 I	0.01346	0.98440	0.00214
201 M	0.01234	0.98572	0.00194
202 T	0.00795	0.99016	0.00189
203 R	0.00732	0.99081	0.00186
204 L	0.00159	0.99663	0.00177
205 F	0.00025	0.99799	0.00176
206 L	0.00009	0.99814	0.00177
207 I	0.00033	0.99785	0.00183
208 V	0.00094	0.99713	0.00194
209 M	0.00112	0.99688	0.002
210 L	0.00199	0.99536	0.00265
211 F	0.00281	0.99256	0.00462
212 F	0.00495	0.98321	0.01184
213 L	0.00862	0.96109	0.03029
214 F	0.02394	0.90976	0.0663
215 N	0.59602	0.19929	0.20469
216 K	0.66587	0.05755	0.27657
217 I	0.66854	0.05287	0.2786
218 T	0.67136	0.04154	0.2871
219 S	0.67233	0.03936	0.28831
220 F	0.67307	0.03459	0.29235
221 I	0.67342	0.03320	0.29338
222 E	0.67625	0.01696	0.30679
223 I	0.67639	0.01286	0.31075
224 Q	0.67659	0.00914	0.31427
225 D	0.67662	0.00165	0.32173
226 G	0.67655	0.00147	0.32198
227 L	0.67649	0.00085	0.32265
228 D	0.67649	0.00055	0.32296
229 I	0.67647	0.00067	0.32286
230 I	0.67640	0.00074	0.32285
231 L	0.67630	0.00080	0.3229
232 S	0.67627	0.00079	0.32293
233 P	0.67621	0.00082	0.32297
234 L	0.67502	0.00199	0.32299
235 K	0.67429	0.00251	0.32319
236 K	0.67151	0.00588	0.3226
237 L	0.64541	0.09830	0.25629
238 K	0.64175	0.11088	0.24736
239 I	0.61257	0.24668	0.14075
240 A	0.59960	0.32356	0.07684
241 T	0.59659	0.35286	0.05055
242 E	0.58988	0.37610	0.03403
243 T	0.57721	0.41317	0.00963
244 F	0.55843	0.43945	0.00212
245 T	0.55512	0.44405	0.00083
246 L	0.55375	0.44564	0.00061
247 M	0.55366	0.44576	0.00058
248 L	0.55357	0.44586	0.00057
249 S	0.55357	0.44580	0.00063
250 L	0.55357	0.44577	0.00066
251 I	0.55357	0.44576	0.00067
252 F	0.55361	0.44563	0.00076
253 M	0.55365	0.44540	0.00096
254 A	0.55366	0.44454	0.00179
255 N	0.55378	0.44180	0.00442
256 S	0.55386	0.44098	0.00516
257 F	0.55429	0.43800	0.00771
258 L	0.55696	0.42943	0.01361
259 L	0.59432	0.37055	0.03514
260 R	0.82195	0.09190	0.08616
261 E	0.85623	0.04402	0.09975
262 T	0.86887	0.02218	0.10896
263 N	0.87236	0.01309	0.11455
264 R	0.87439	0.00920	0.11641
265 I	0.87484	0.00726	0.1179
266 L	0.87519	0.00501	0.11981
267 K	0.87631	0.00029	0.12339
268 A	0.87637	0.00015	0.12347
269 Q	0.87639	0.00001	0.1236
270 T	0.87639	0.00001	0.1236
271 A	0.87639	0.00000	0.12361
272 R	0.87639	0.00000	0.12361
273 G	0.87639	0.00000	0.12361
274 M	0.87639	0.00000	0.12361
275 D	0.87639	0.00000	0.12361
276 L	0.87638	0.00001	0.12361
277 H	0.87637	0.00001	0.12361
278 K	0.87633	0.00006	0.12361
279 K	0.87587	0.00053	0.1236
280 N	0.78960	0.08736	0.12305
281 I	0.70969	0.17438	0.11593
282 F	0.67783	0.20753	0.11463
283 K	0.67047	0.21737	0.11216
284 R	0.59130	0.34008	0.06861
285 I	0.48220	0.47446	0.04334
286 N	0.45637	0.50667	0.03696
287 H	0.25374	0.72625	0.02001
288 L	0.01841	0.97640	0.00519
289 L	0.00488	0.99338	0.00174
290 A	0.00365	0.99538	0.00097
291 L	0.00329	0.99584	0.00087
292 L	0.00315	0.99602	0.00083
293 V	0.00313	0.99605	0.00082
294 P	0.00313	0.99605	0.00081
295 I	0.00313	0.99611	0.00076
296 F	0.00313	0.99610	0.00077
297 V	0.00313	0.99602	0.00085
298 L	0.00313	0.99277	0.0041
299 V	0.00320	0.98257	0.01423
300 F	0.00363	0.94222	0.05414
301 K	0.01250	0.77628	0.21122
302 R	0.01308	0.76808	0.21884
303 S	0.01323	0.75871	0.22806
304 L	0.01615	0.75470	0.22915
305 V	0.02983	0.63955	0.33062
306 L	0.05307	0.53812	0.4088
307 S	0.11727	0.30385	0.57889
308 N	0.12268	0.28507	0.59224
309 A	0.12354	0.28386	0.59261
310 M	0.12457	0.13338	0.74205
311 E	0.12505	0.00392	0.87103
312 V	0.12534	0.00133	0.87332
313 R	0.12589	0.00038	0.87374
314 G	0.12589	0.00033	0.87378
315 Y	0.12590	0.00018	0.87392
316 V	0.12590	0.00016	0.87394
317 L	0.12591	0.00015	0.87394
318 G	0.12599	0.00005	0.87396
319 A	0.12599	0.00005	0.87396
320 S	0.12600	0.00003	0.87397
321 R	0.12600	0.00007	0.87393
322 T	0.12600	0.00023	0.87378
323 K	0.12594	0.00094	0.87312
324 M	0.10229	0.56403	0.33369
325 I	0.07622	0.83524	0.08855
326 I	0.03656	0.94069	0.02275
327 Y	0.01093	0.97241	0.01666
328 R	0.00966	0.97479	0.01555
329 W	0.00200	0.99407	0.00393
330 K	0.00181	0.99467	0.00353
331 I	0.00009	0.99939	0.00052
332 L	0.00001	0.99992	7e-05
333 D	0.00001	0.99992	7e-05
334 F	0.00001	0.99992	7e-05
335 I	0.00001	0.99992	7e-05
336 T	0.00001	0.99992	7e-05
337 I	0.00001	0.99992	7e-05
338 I	0.00001	0.99992	7e-05
339 I	0.00001	0.99992	7e-05
340 I	0.00001	0.99991	7e-05
341 F	0.00002	0.99991	8e-05
342 A	0.00013	0.99976	0.00011
343 L	0.00091	0.99860	0.00048
344 L	0.00547	0.99217	0.00237
345 F	0.04465	0.94574	0.00961
346 I	0.14284	0.82423	0.03293
347 K	0.87394	0.00000	0.12606
