# 2570379174
# AA	inside	membr	outside
1 M	0.91205	0.00000	0.08795
2 I	0.91197	0.00008	0.08795
3 K	0.91196	0.00009	0.08795
4 K	0.91196	0.00053	0.08751
5 R	0.90025	0.02656	0.07319
6 I	0.90025	0.03240	0.06735
7 I	0.87215	0.06078	0.06708
8 T	0.87215	0.06078	0.06708
9 G	0.86917	0.06378	0.06705
10 G	0.86916	0.06605	0.06479
11 T	0.86710	0.06841	0.06449
12 L	0.51922	0.41668	0.06411
13 V	0.01617	0.92277	0.06106
14 L	0.01609	0.92285	0.06106
15 F	0.01609	0.98256	0.00135
16 S	0.01346	0.98518	0.00135
17 F	0.00335	0.99572	0.00093
18 F	0.00319	0.99643	0.00038
19 F	0.00216	0.99748	0.00036
20 Y	0.00165	0.99810	0.00025
21 Y	0.00133	0.99836	0.00031
22 C	0.00143	0.99799	0.00058
23 V	0.00862	0.98973	0.00165
24 P	0.01280	0.98349	0.00371
25 L	0.01680	0.97037	0.01283
26 E	0.01809	0.96260	0.01932
27 I	0.01697	0.96495	0.01807
28 K	0.01749	0.95934	0.02317
29 F	0.00512	0.98348	0.01141
30 V	0.00138	0.98841	0.01021
31 V	0.00131	0.98959	0.00911
32 F	0.00134	0.98859	0.01008
33 A	0.00270	0.98586	0.01143
34 I	0.00294	0.98122	0.01584
35 L	0.00352	0.74082	0.25566
36 A	0.00654	0.30575	0.68772
37 I	0.00766	0.27684	0.7155
38 K	0.06761	0.07139	0.861
39 A	0.06779	0.06444	0.86778
40 V	0.06814	0.05947	0.87239
41 Q	0.06979	0.05636	0.87385
42 E	0.06988	0.05098	0.87914
43 M	0.06988	0.05036	0.87975
44 F	0.06988	0.04789	0.88222
45 F	0.06990	0.04721	0.88289
46 I	0.07003	0.04597	0.884
47 L	0.07270	0.02711	0.90018
48 K	0.07554	0.01448	0.90997
49 Y	0.08194	0.00734	0.91072
50 P	0.08809	0.00098	0.91093
51 K	0.08870	0.00033	0.91096
52 D	0.08896	0.00001	0.91103
53 T	0.08896	0.00004	0.911
54 Q	0.08896	0.00027	0.91077
55 K	0.08896	0.00195	0.90909
56 Q	0.08878	0.01537	0.89586
57 T	0.08071	0.29490	0.62438
58 F	0.03403	0.66949	0.29648
59 I	0.02930	0.70505	0.26565
60 K	0.02860	0.70878	0.26262
61 F	0.00248	0.93085	0.06666
62 G	0.00068	0.97730	0.02201
63 L	0.00015	0.99287	0.00699
64 V	0.00009	0.99758	0.00234
65 A	0.00008	0.99899	0.00093
66 T	0.00007	0.99938	0.00055
67 S	0.00005	0.99966	0.00028
68 T	0.00005	0.99975	0.00021
69 L	0.00004	0.99977	0.00018
70 L	0.00004	0.99978	0.00018
71 F	0.00004	0.99978	0.00018
72 F	0.00005	0.99978	0.00018
73 T	0.00008	0.99974	0.00019
74 G	0.00014	0.99966	0.0002
75 V	0.00046	0.99926	0.00028
76 C	0.00190	0.99729	0.00081
77 L	0.00449	0.99443	0.00107
78 M	0.01210	0.98590	0.002
79 L	0.03632	0.96082	0.00286
80 Y	0.31373	0.67490	0.01137
81 Q	0.73121	0.21484	0.05395
82 N	0.76003	0.17898	0.06098
83 I	0.76444	0.17344	0.06211
84 C	0.87946	0.03353	0.08701
85 Q	0.90981	0.00144	0.08875
86 N	0.91071	0.00021	0.08908
87 N	0.91084	0.00008	0.08908
88 K	0.91087	0.00004	0.08908
89 L	0.91087	0.00005	0.08908
90 T	0.91088	0.00003	0.08908
91 N	0.91090	0.00002	0.08908
92 D	0.91090	0.00001	0.08908
93 F	0.91090	0.00002	0.08908
94 L	0.91090	0.00002	0.08908
95 L	0.91090	0.00002	0.08908
96 P	0.91090	0.00002	0.08908
97 F	0.91090	0.00002	0.08908
98 K	0.91090	0.00002	0.08908
99 S	0.91090	0.00002	0.08908
100 F	0.91089	0.00002	0.08908
101 L	0.91089	0.00003	0.08908
102 S	0.91089	0.00003	0.08908
103 H	0.91089	0.00003	0.08908
104 L	0.91089	0.00003	0.08908
105 K	0.91089	0.00002	0.08908
106 Q	0.91071	0.00023	0.08907
107 P	0.90015	0.01096	0.0889
108 S	0.80840	0.10528	0.08632
109 F	0.72188	0.21349	0.06463
110 N	0.65967	0.28027	0.06006
111 Y	0.34220	0.61718	0.04062
112 Y	0.08592	0.90833	0.00575
113 F	0.02473	0.97338	0.00188
114 F	0.00548	0.99393	0.00059
115 L	0.00037	0.99945	0.00017
116 F	0.00007	0.99987	6e-05
117 L	0.00001	0.99999	0
118 F	0.00000	1.00000	0
119 L	0.00000	1.00000	0
120 P	0.00000	1.00000	0
121 F	0.00000	1.00000	0
122 V	0.00000	1.00000	0
123 L	0.00000	1.00000	0
124 V	0.00000	1.00000	0
125 L	0.00000	0.99999	1e-05
126 I	0.00000	0.99996	4e-05
127 M	0.00001	0.99987	0.00013
128 L	0.00001	0.99607	0.00392
129 V	0.00003	0.98716	0.0128
130 F	0.00022	0.96684	0.03294
131 L	0.00380	0.86403	0.13217
132 P	0.02896	0.75520	0.21584
133 F	0.03400	0.66983	0.29617
134 F	0.05133	0.32790	0.62076
135 Q	0.08652	0.04291	0.87057
136 T	0.08855	0.00830	0.90315
137 K	0.08908	0.00028	0.91064
138 D	0.08907	0.00108	0.90984
139 A	0.08858	0.02193	0.88949
140 S	0.08697	0.04543	0.8676
141 K	0.08522	0.06006	0.85472
142 T	0.08122	0.19776	0.72102
143 F	0.05576	0.60572	0.33852
144 L	0.03854	0.88288	0.07857
145 I	0.02667	0.96585	0.00748
146 T	0.01814	0.97945	0.00241
147 F	0.00189	0.99710	0.001
148 Y	0.00150	0.99793	0.00057
149 I	0.00141	0.99844	0.00015
150 G	0.00125	0.99868	7e-05
151 F	0.00115	0.99879	6e-05
152 L	0.00109	0.99886	5e-05
153 M	0.00104	0.99891	5e-05
154 A	0.00053	0.99944	3e-05
155 C	0.00005	0.99991	3e-05
156 L	0.00004	0.99993	3e-05
157 F	0.00006	0.99990	3e-05
158 S	0.00047	0.99948	5e-05
159 L	0.00086	0.99908	6e-05
160 F	0.00709	0.99282	0.0001
161 F	0.06003	0.93842	0.00155
162 L	0.22170	0.77451	0.00379
163 H	0.65306	0.33349	0.01346
164 W	0.53432	0.45001	0.01567
165 H	0.60164	0.37823	0.02013
166 Y	0.42265	0.54685	0.0305
167 F	0.10557	0.85762	0.03681
168 F	0.04234	0.90927	0.04838
169 L	0.00702	0.93626	0.05672
170 F	0.00310	0.92933	0.06758
171 V	0.00263	0.92919	0.06818
172 L	0.00277	0.92867	0.06856
173 S	0.00277	0.92770	0.06953
174 V	0.00279	0.92736	0.06986
175 M	0.00289	0.92649	0.07061
176 L	0.00297	0.92572	0.07131
177 T	0.00322	0.92296	0.07382
178 D	0.00325	0.92090	0.07585
179 S	0.00318	0.92085	0.07597
180 F	0.00314	0.92080	0.07606
181 A	0.00302	0.92062	0.07636
182 F	0.00298	0.91702	0.07999
183 L	0.00303	0.90085	0.09612
184 A	0.00411	0.82266	0.17324
185 R	0.00527	0.61658	0.37815
186 F	0.00552	0.54896	0.44552
187 P	0.00887	0.27906	0.71208
188 R	0.00961	0.18455	0.80584
189 F	0.00990	0.11894	0.87117
190 C	0.01581	0.02176	0.96243
191 P	0.01602	0.00512	0.97887
192 F	0.01605	0.00206	0.9819
193 L	0.01607	0.00089	0.98303
194 G	0.01608	0.00086	0.98307
195 T	0.01608	0.00084	0.98308
196 R	0.01608	0.00038	0.98354
197 P	0.01608	0.00033	0.98358
198 L	0.01609	0.00031	0.9836
199 A	0.01610	0.00027	0.98363
200 P	0.01611	0.00022	0.98367
201 H	0.01612	0.00005	0.98384
202 L	0.01612	0.00003	0.98385
203 S	0.01612	0.00002	0.98386
204 P	0.01614	0.00001	0.98385
205 K	0.01614	0.00002	0.98384
206 K	0.01613	0.00137	0.98249
207 T	0.01587	0.06176	0.92237
208 Q	0.01583	0.07399	0.91018
209 K	0.01538	0.10256	0.88206
210 G	0.00402	0.60900	0.38698
211 A	0.00199	0.85952	0.13849
212 I	0.00024	0.99469	0.00506
213 L	0.00018	0.99844	0.00139
214 G	0.00016	0.99906	0.00078
215 T	0.00016	0.99931	0.00053
216 F	0.00015	0.99935	0.0005
217 G	0.00015	0.99937	0.00048
218 S	0.00015	0.99940	0.00045
219 T	0.00015	0.99941	0.00043
220 I	0.00015	0.99943	0.00042
221 T	0.00015	0.99943	0.00042
222 V	0.00014	0.99945	0.0004
223 L	0.00014	0.99945	0.0004
224 I	0.00014	0.99946	0.0004
225 A	0.00017	0.99943	0.0004
226 F	0.00024	0.99935	0.0004
227 L	0.00206	0.99751	0.00043
228 F	0.03674	0.96191	0.00135
229 L	0.13172	0.86493	0.00335
230 K	0.88309	0.10098	0.01592
231 C	0.95763	0.02620	0.01616
232 D	0.97810	0.00565	0.01625
233 S	0.94139	0.04512	0.01348
234 C	0.51276	0.47723	0.01001
235 I	0.47408	0.51644	0.00949
236 R	0.20994	0.78075	0.00932
237 F	0.13067	0.86073	0.0086
238 S	0.09764	0.89439	0.00797
239 I	0.09219	0.90298	0.00482
240 Y	0.09147	0.90372	0.00481
241 T	0.09001	0.90518	0.00481
242 F	0.08894	0.90626	0.0048
243 L	0.08894	0.90625	0.0048
244 I	0.08894	0.90625	0.0048
245 S	0.08895	0.90623	0.00482
246 I	0.08896	0.90622	0.00482
247 I	0.08896	0.90622	0.00482
248 S	0.08897	0.90612	0.00491
249 Q	0.08898	0.90509	0.00593
250 I	0.08898	0.90405	0.00697
251 S	0.08916	0.88391	0.02693
252 D	0.08948	0.80093	0.10958
253 L	0.08952	0.78671	0.12376
254 L	0.08964	0.68048	0.22988
255 A	0.09007	0.63696	0.27298
256 S	0.09394	0.41948	0.48658
257 K	0.09922	0.04164	0.85915
258 F	0.09950	0.03760	0.86291
259 K	0.10051	0.00115	0.89834
260 R	0.10054	0.00059	0.89887
261 D	0.10054	0.00030	0.89915
262 Y	0.10053	0.00029	0.89918
263 G	0.10053	0.00028	0.89919
264 I	0.10052	0.00026	0.89922
265 K	0.10052	0.00003	0.89945
266 D	0.10052	0.00004	0.89944
267 F	0.10031	0.00026	0.89943
268 G	0.10028	0.00033	0.89939
269 S	0.10024	0.00040	0.89935
270 F	0.10016	0.00174	0.8981
271 L	0.10012	0.00324	0.89663
272 P	0.10010	0.00338	0.89651
273 G	0.10003	0.00695	0.89301
274 H	0.10001	0.00811	0.89189
275 G	0.09990	0.04763	0.85248
276 G	0.09923	0.25129	0.64947
277 L	0.09903	0.26563	0.63534
278 L	0.09900	0.29146	0.60954
279 D	0.09900	0.29735	0.60366
280 R	0.09875	0.44511	0.45613
281 F	0.09785	0.61674	0.28541
282 D	0.09782	0.62177	0.28041
283 S	0.09696	0.65440	0.24864
284 W	0.09642	0.67264	0.23095
285 L	0.09642	0.67261	0.23098
286 L	0.09642	0.67259	0.23099
287 S	0.09642	0.67252	0.23105
288 S	0.09643	0.67251	0.23106
289 F	0.09643	0.67249	0.23108
290 F	0.09645	0.67243	0.23112
291 A	0.09650	0.67236	0.23115
292 L	0.09654	0.67228	0.23117
293 I	0.09748	0.67128	0.23124
294 L	0.09993	0.66876	0.23131
295 F	0.10503	0.66354	0.23143
296 N	0.14709	0.62102	0.23188
297 L	0.16362	0.60437	0.23201
298 P	0.38344	0.38362	0.23293
299 F	0.76496	0.00000	0.23504
