# 2570378860
# AA	inside	membr	outside
1 M	0.96440	0.00000	0.0356
2 F	0.59850	0.36590	0.0356
3 P	0.56189	0.40252	0.0356
4 L	0.56189	0.42705	0.01107
5 F	0.12922	0.86593	0.00485
6 A	0.12922	0.86612	0.00467
7 N	0.04258	0.95281	0.00462
8 L	0.04257	0.95282	0.00461
9 I	0.00388	0.99171	0.00442
10 T	0.00387	0.99265	0.00348
11 V	0.00309	0.99344	0.00347
12 F	0.00065	0.99589	0.00347
13 R	0.00003	0.99652	0.00345
14 I	0.00003	0.99652	0.00345
15 V	0.00003	0.99669	0.00329
16 L	0.00003	0.99669	0.00329
17 V	0.00003	0.99668	0.0033
18 F	0.00003	0.99656	0.00341
19 V	0.00003	0.99653	0.00345
20 L	0.00003	0.99241	0.00757
21 L	0.00005	0.98629	0.01367
22 P	0.00067	0.95646	0.04287
23 L	0.00098	0.92136	0.07767
24 M	0.00241	0.89420	0.1034
25 C	0.00495	0.37811	0.61694
26 V	0.00529	0.33364	0.66106
27 S	0.02768	0.22566	0.74667
28 E	0.03180	0.01868	0.94952
29 P	0.03170	0.01594	0.95237
30 E	0.03078	0.01383	0.95539
31 F	0.01834	0.07590	0.90576
32 A	0.01701	0.21027	0.77272
33 N	0.00613	0.25915	0.73472
34 V	0.00376	0.75147	0.24477
35 L	0.00350	0.82827	0.16823
36 T	0.00343	0.90078	0.09579
37 F	0.00339	0.98711	0.00951
38 Q	0.00345	0.99090	0.00565
39 I	0.00336	0.99613	0.0005
40 I	0.00336	0.99627	0.00037
41 F	0.00336	0.99629	0.00035
42 I	0.00336	0.99629	0.00035
43 V	0.00337	0.99628	0.00035
44 A	0.00338	0.99627	0.00035
45 A	0.00340	0.99625	0.00035
46 I	0.00343	0.99618	0.00038
47 T	0.00400	0.99536	0.00064
48 D	0.00507	0.99324	0.00169
49 Y	0.00548	0.99156	0.00296
50 L	0.00723	0.98826	0.00452
51 D	0.02644	0.96062	0.01294
52 G	0.02940	0.95718	0.01342
53 Y	0.03514	0.95061	0.01426
54 I	0.10210	0.88093	0.01696
55 A	0.57168	0.40968	0.01865
56 K	0.90696	0.06414	0.0289
57 K	0.97003	0.00071	0.02926
58 Y	0.97018	0.00056	0.02927
59 Q	0.97068	0.00005	0.02927
60 Q	0.97073	0.00001	0.02927
61 Q	0.97070	0.00004	0.02926
62 T	0.96755	0.00323	0.02922
63 V	0.96382	0.00719	0.02899
64 F	0.96362	0.00745	0.02893
65 G	0.96321	0.00803	0.02876
66 K	0.96311	0.00815	0.02875
67 F	0.96208	0.00952	0.0284
68 F	0.96186	0.01008	0.02807
69 D	0.96184	0.01016	0.028
70 P	0.95599	0.01737	0.02664
71 I	0.95446	0.01896	0.02659
72 A	0.95412	0.01931	0.02657
73 D	0.95241	0.02103	0.02657
74 K	0.92947	0.04399	0.02654
75 L	0.03119	0.94360	0.02522
76 L	0.00381	0.97188	0.02431
77 V	0.00158	0.97446	0.02396
78 I	0.00132	0.97480	0.02389
79 I	0.00123	0.97489	0.02388
80 T	0.00120	0.97492	0.02388
81 L	0.00117	0.97493	0.0239
82 F	0.00117	0.97490	0.02393
83 Y	0.00118	0.97471	0.02411
84 I	0.00119	0.97453	0.02427
85 C	0.00131	0.97030	0.02839
86 Q	0.00180	0.96665	0.03155
87 C	0.00225	0.96598	0.03178
88 R	0.00355	0.96387	0.03257
89 L	0.00357	0.96381	0.03262
90 S	0.00364	0.96355	0.03282
91 A	0.00375	0.96314	0.0331
92 T	0.00386	0.96265	0.03348
93 Q	0.00408	0.65561	0.34031
94 G	0.00408	0.65162	0.3443
95 T	0.00427	0.64518	0.35055
96 F	0.00430	0.64360	0.3521
97 L	0.00433	0.63666	0.35901
98 F	0.00508	0.02245	0.97247
99 A	0.00609	0.00199	0.99192
100 D	0.00648	0.00022	0.9933
101 T	0.00656	0.00010	0.99334
102 Q	0.00656	0.00010	0.99334
103 M	0.00656	0.00013	0.99331
104 P	0.00655	0.00013	0.99332
105 K	0.00648	0.00025	0.99327
106 K	0.00610	0.00363	0.99028
107 F	0.00226	0.94247	0.05528
108 F	0.00160	0.98191	0.01649
109 T	0.00152	0.98667	0.01181
110 A	0.00121	0.99338	0.00541
111 V	0.00113	0.99532	0.00356
112 I	0.00111	0.99869	0.00019
113 M	0.00111	0.99873	0.00015
114 I	0.00111	0.99876	0.00012
115 I	0.00111	0.99876	0.00012
116 V	0.00111	0.99876	0.00012
117 I	0.00111	0.99876	0.00012
118 R	0.00112	0.99876	0.00012
119 E	0.00112	0.99876	0.00012
120 F	0.00112	0.99877	0.00011
121 L	0.00112	0.99877	0.00011
122 V	0.00139	0.99850	0.00012
123 T	0.00427	0.99558	0.00014
124 G	0.00441	0.99543	0.00015
125 I	0.00632	0.99350	0.00018
126 R	0.01116	0.98854	0.0003
127 L	0.01710	0.98257	0.00033
128 V	0.02672	0.97253	0.00075
129 V	0.07078	0.92792	0.0013
130 S	0.95086	0.04409	0.00505
131 N	0.99365	0.00081	0.00554
132 K	0.99432	0.00012	0.00555
133 E	0.99434	0.00010	0.00556
134 G	0.99360	0.00084	0.00555
135 V	0.99353	0.00091	0.00555
136 V	0.99224	0.00220	0.00555
137 I	0.99215	0.00230	0.00555
138 S	0.99184	0.00260	0.00555
139 A	0.99164	0.00294	0.00542
140 S	0.98942	0.00519	0.00538
141 F	0.91964	0.07498	0.00537
142 W	0.90624	0.08840	0.00536
143 G	0.90610	0.08854	0.00536
144 K	0.90609	0.08856	0.00535
145 T	0.90258	0.09224	0.00518
146 K	0.86703	0.12783	0.00514
147 T	0.81850	0.17838	0.00312
148 F	0.57053	0.42716	0.00232
149 F	0.15742	0.84237	0.00021
150 T	0.02099	0.97895	5e-05
151 F	0.00097	0.99903	0
152 V	0.00028	0.99972	0
153 A	0.00012	0.99988	0
154 I	0.00002	0.99998	0
155 I	0.00000	0.99999	1e-05
156 C	0.00000	0.99995	5e-05
157 L	0.00000	0.99988	0.00012
158 F	0.00000	0.99982	0.00017
159 F	0.00000	0.99929	0.0007
160 G	0.00001	0.99905	0.00094
161 L	0.00001	0.99862	0.00137
162 Y	0.00014	0.99611	0.00375
163 T	0.00022	0.99112	0.00866
164 S	0.00024	0.91173	0.08803
165 S	0.00039	0.90190	0.09772
166 T	0.00054	0.89470	0.10476
167 F	0.00071	0.88465	0.11463
168 A	0.00123	0.81635	0.18242
169 Y	0.00256	0.31918	0.67827
170 D	0.00473	0.17998	0.81529
171 A	0.00496	0.12675	0.8683
172 A	0.00551	0.07631	0.91818
173 D	0.00557	0.00431	0.99012
174 L	0.00557	0.00018	0.99426
175 K	0.00557	0.00000	0.99443
176 K	0.00536	0.00039	0.99425
177 L	0.00487	0.00697	0.98816
178 F	0.00450	0.01334	0.98216
179 E	0.00431	0.03088	0.96481
180 Y	0.00325	0.04756	0.9492
181 L	0.00164	0.07367	0.92469
182 S	0.00098	0.16526	0.83376
183 N	0.00060	0.78939	0.21002
184 I	0.00049	0.90150	0.09802
185 G	0.00047	0.90929	0.09025
186 D	0.00045	0.92726	0.07228
187 I	0.00025	0.98580	0.01395
188 C	0.00008	0.99453	0.0054
189 L	0.00003	0.99895	0.00102
190 L	0.00003	0.99944	0.00054
191 V	0.00002	0.99960	0.00038
192 S	0.00002	0.99961	0.00037
193 V	0.00002	0.99962	0.00036
194 F	0.00003	0.99962	0.00036
195 L	0.00003	0.99961	0.00036
196 T	0.00006	0.99958	0.00036
197 I	0.00011	0.99952	0.00037
198 V	0.00032	0.99922	0.00045
199 S	0.00214	0.99680	0.00107
200 G	0.00977	0.98834	0.00189
201 F	0.01832	0.97915	0.00254
202 D	0.06824	0.92859	0.00317
203 Y	0.07691	0.91960	0.00349
204 F	0.10453	0.89116	0.00432
205 F	0.21191	0.78316	0.00493
206 K	0.94077	0.05341	0.00583
207 N	0.98520	0.00893	0.00588
208 Y	0.98885	0.00527	0.00588
209 K	0.99223	0.00188	0.00588
210 I	0.99281	0.00130	0.00588
211 I	0.99311	0.00100	0.00588
212 R	0.99408	0.00002	0.0059
213 K	0.99410	0.00000	0.0059
214 N	0.99410	0.00000	0.0059
215 F	0.99410	0.00000	0.0059
216 A	0.99410	0.00000	0.0059
217 P	0.99410	0.00000	0.0059
218 E	0.99410	0.00000	0.0059
