# 2570378966
# AA	inside	membr	outside
1 M	0.00751	0.00000	0.99249
2 S	0.00750	0.00001	0.99249
3 N	0.00746	0.00005	0.99249
4 N	0.00746	0.00005	0.99249
5 N	0.00317	0.00434	0.99249
6 S	0.00317	0.00434	0.99249
7 Y	0.00027	0.00724	0.99249
8 L	0.00027	0.00724	0.99249
9 N	0.00025	0.00727	0.99249
10 L	0.00025	0.00727	0.99249
11 L	0.00025	0.00727	0.99249
12 Y	0.00024	0.00727	0.99249
13 Q	0.00024	0.00727	0.99249
14 I	0.00024	0.00727	0.99249
15 L	0.00024	0.00727	0.99249
16 K	0.00024	0.00727	0.99249
17 D	0.00024	0.00727	0.99249
18 W	0.00024	0.00727	0.99249
19 H	0.00024	0.00727	0.99249
20 V	0.00024	0.00737	0.99239
21 F	0.00024	0.00737	0.99239
22 Y	0.00024	0.00722	0.99254
23 F	0.00024	0.00161	0.99816
24 E	0.00024	0.00120	0.99857
25 G	0.00024	0.00121	0.99855
26 F	0.00024	0.00147	0.9983
27 K	0.00024	0.00063	0.99913
28 N	0.00024	0.00397	0.99579
29 T	0.00024	0.00939	0.99037
30 M	0.00024	0.01755	0.98222
31 K	0.00022	0.03575	0.96402
32 I	0.00005	0.93577	0.06417
33 A	0.00003	0.98442	0.01554
34 F	0.00002	0.99208	0.00789
35 F	0.00002	0.99772	0.00226
36 G	0.00002	0.99899	0.00098
37 T	0.00002	0.99974	0.00023
38 I	0.00002	0.99996	1e-05
39 G	0.00002	0.99997	0
40 A	0.00002	0.99998	0
41 F	0.00002	0.99998	0
42 M	0.00002	0.99998	0
43 V	0.00003	0.99997	0
44 S	0.00003	0.99996	1e-05
45 L	0.00003	0.99996	1e-05
46 C	0.00004	0.99995	1e-05
47 L	0.00005	0.99994	1e-05
48 L	0.00032	0.99968	1e-05
49 H	0.00296	0.99703	1e-05
50 L	0.00899	0.99099	1e-05
51 K	0.02579	0.97418	3e-05
52 G	0.03581	0.96416	3e-05
53 I	0.04709	0.95287	3e-05
54 I	0.08330	0.91665	5e-05
55 Q	0.95901	0.04079	0.0002
56 N	0.99691	0.00288	0.00021
57 N	0.99941	0.00037	0.00022
58 K	0.99977	0.00001	0.00022
59 R	0.99977	0.00000	0.00022
60 V	0.99977	0.00000	0.00022
61 R	0.99978	0.00000	0.00022
62 T	0.99977	0.00000	0.00022
63 N	0.99977	0.00000	0.00022
64 I	0.99977	0.00001	0.00022
65 T	0.99976	0.00002	0.00022
66 K	0.99973	0.00005	0.00022
67 R	0.99737	0.00240	0.00022
68 Y	0.99654	0.00324	0.00022
69 Y	0.99535	0.00443	0.00022
70 I	0.99505	0.00473	0.00022
71 K	0.99429	0.00548	0.00022
72 M	0.98974	0.01004	0.00022
73 L	0.96464	0.03514	0.00022
74 D	0.88065	0.11916	0.00019
75 Y	0.18482	0.81501	0.00017
76 I	0.02581	0.97413	6e-05
77 I	0.00735	0.99261	3e-05
78 N	0.00364	0.99634	2e-05
79 S	0.00195	0.99804	1e-05
80 Y	0.00117	0.99882	1e-05
81 I	0.00020	0.99979	0
82 F	0.00013	0.99987	0
83 V	0.00012	0.99987	1e-05
84 I	0.00012	0.99986	2e-05
85 K	0.00012	0.99864	0.00124
86 S	0.00012	0.99860	0.00128
87 V	0.00012	0.99855	0.00133
88 P	0.00012	0.99853	0.00136
89 M	0.00012	0.99845	0.00143
90 M	0.00012	0.99716	0.00272
91 L	0.00012	0.99514	0.00474
92 Q	0.00012	0.98993	0.00996
93 A	0.00012	0.98167	0.01821
94 V	0.00012	0.94945	0.05043
95 F	0.00012	0.80233	0.19756
96 F	0.00012	0.66881	0.33106
97 H	0.00016	0.37866	0.62119
98 F	0.00018	0.17492	0.8249
99 G	0.00029	0.04372	0.956
100 L	0.00031	0.01961	0.98007
101 K	0.00033	0.00046	0.99921
102 G	0.00034	0.00104	0.99863
103 T	0.00034	0.01258	0.98709
104 G	0.00032	0.08101	0.91866
105 Y	0.00025	0.16571	0.83403
106 F	0.00023	0.34407	0.6557
107 R	0.00024	0.39159	0.60817
108 W	0.00020	0.57086	0.42894
109 L	0.00016	0.71047	0.28937
110 T	0.00011	0.78868	0.21121
111 P	0.00008	0.85999	0.13992
112 L	0.00006	0.93365	0.06629
113 H	0.00004	0.94835	0.05161
114 S	0.00003	0.95397	0.046
115 G	0.00001	0.96259	0.0374
116 L	0.00001	0.96684	0.03314
117 F	0.00001	0.96750	0.03248
118 V	0.00001	0.96759	0.03239
119 I	0.00002	0.96761	0.03237
120 T	0.00004	0.96759	0.03237
121 F	0.00007	0.96755	0.03237
122 N	0.00117	0.96646	0.03237
123 S	0.00184	0.96579	0.03237
124 A	0.00387	0.96376	0.03237
125 A	0.00854	0.95908	0.03237
126 Y	0.05011	0.91751	0.03238
127 L	0.14914	0.81848	0.03239
128 A	0.29755	0.67000	0.03245
129 E	0.56661	0.40090	0.03249
130 I	0.59626	0.37125	0.03249
131 M	0.79528	0.17219	0.03254
132 I	0.85315	0.11427	0.03258
133 K	0.94820	0.01910	0.0327
134 N	0.95861	0.00869	0.0327
135 M	0.96297	0.00433	0.0327
136 E	0.96380	0.00350	0.0327
137 F	0.96224	0.00506	0.0327
138 F	0.96259	0.00471	0.0327
139 D	0.96445	0.00285	0.0327
140 Y	0.96296	0.00435	0.03268
141 G	0.96293	0.00439	0.03268
142 Q	0.96293	0.00439	0.03268
143 I	0.96286	0.00447	0.03267
144 E	0.96285	0.00447	0.03267
145 A	0.96278	0.00454	0.03267
146 A	0.96278	0.00455	0.03267
147 L	0.96277	0.00455	0.03267
148 A	0.96277	0.00455	0.03267
149 L	0.96278	0.00455	0.03268
150 G	0.96278	0.00453	0.03268
151 M	0.96279	0.00452	0.03269
152 T	0.96279	0.00441	0.0328
153 Q	0.96280	0.00424	0.03296
154 T	0.96280	0.00412	0.03308
155 Q	0.96280	0.00331	0.03389
156 T	0.96280	0.00300	0.0342
157 F	0.96280	0.00243	0.03477
158 K	0.96281	0.00017	0.03702
159 K	0.96281	0.00014	0.03705
160 V	0.96280	0.00014	0.03705
161 V	0.96280	0.00014	0.03705
162 C	0.96280	0.00013	0.03706
163 P	0.96281	0.00011	0.03707
164 Q	0.96281	0.00011	0.03708
165 V	0.96280	0.00011	0.03709
166 V	0.96280	0.00010	0.0371
167 R	0.96280	0.00009	0.03711
168 K	0.96233	0.00050	0.03717
169 S	0.95710	0.00573	0.03717
170 L	0.93960	0.02323	0.03717
171 L	0.93706	0.02577	0.03717
172 R	0.93635	0.02648	0.03717
173 I	0.92112	0.04172	0.03716
174 S	0.91400	0.04884	0.03716
175 N	0.90931	0.05353	0.03716
176 E	0.89917	0.06368	0.03716
177 F	0.78761	0.17534	0.03705
178 I	0.77538	0.18758	0.03704
179 I	0.77390	0.18905	0.03704
180 N	0.77274	0.19021	0.03705
181 I	0.77225	0.19070	0.03705
182 K	0.77213	0.19082	0.03705
183 D	0.77076	0.19218	0.03706
184 S	0.75772	0.20522	0.03706
185 C	0.73697	0.22598	0.03706
186 V	0.73480	0.22814	0.03706
187 F	0.73458	0.22836	0.03706
188 G	0.73456	0.22835	0.03709
189 V	0.73455	0.22833	0.03711
190 I	0.73455	0.22828	0.03717
191 G	0.73455	0.22626	0.03918
192 M	0.73456	0.21907	0.04637
193 N	0.73457	0.17913	0.0863
194 E	0.73457	0.17534	0.0901
195 L	0.73457	0.17323	0.09221
196 F	0.73457	0.16921	0.09622
197 E	0.73459	0.11196	0.15345
198 V	0.73459	0.09935	0.16606
199 A	0.73460	0.09048	0.17492
200 Q	0.73468	0.04222	0.22309
201 T	0.73468	0.03964	0.22567
202 V	0.73468	0.03578	0.22954
203 H	0.73468	0.00540	0.25992
204 K	0.73467	0.00016	0.26517
205 R	0.73421	0.00055	0.26524
206 S	0.73155	0.00342	0.26504
207 N	0.72519	0.01038	0.26443
208 S	0.65533	0.08527	0.2594
209 I	0.58604	0.17500	0.23895
210 T	0.54627	0.22099	0.23274
211 G	0.36790	0.47177	0.16033
212 G	0.06717	0.90996	0.02287
213 I	0.01571	0.97810	0.00619
214 I	0.00404	0.99484	0.00112
215 A	0.00064	0.99902	0.00035
216 L	0.00017	0.99974	9e-05
217 L	0.00001	0.99998	1e-05
218 I	0.00001	0.99999	0
219 S	0.00001	0.99999	0
220 V	0.00000	1.00000	0
221 F	0.00000	1.00000	0
222 A	0.00000	1.00000	0
223 Y	0.00000	1.00000	0
224 L	0.00000	0.99999	0
225 V	0.00000	0.99996	3e-05
226 L	0.00001	0.99969	0.0003
227 V	0.00003	0.99878	0.0012
228 L	0.00012	0.99580	0.00409
229 L	0.00043	0.99120	0.00837
230 V	0.00140	0.98092	0.01768
231 S	0.00759	0.89346	0.09896
232 L	0.01709	0.82852	0.15438
233 L	0.02456	0.77284	0.2026
234 L	0.09878	0.51133	0.38988
235 K	0.25788	0.02392	0.7182
236 K	0.26507	0.00067	0.73427
237 I	0.26524	0.00032	0.73444
238 E	0.26531	0.00002	0.73466
239 K	0.26532	0.00000	0.73468
240 I	0.26532	0.00000	0.73468
241 S	0.26532	0.00000	0.73468
242 D	0.26532	0.00000	0.73469
243 M	0.26532	0.00000	0.73469
244 K	0.26532	0.00000	0.73469
