# sp|B1V944|Y141_PHYAS
# AA	inside	membr	outside
1 M	0.31685	0.00000	0.68315
2 K	0.31685	0.00000	0.68315
3 K	0.31685	0.00000	0.68315
4 N	0.31685	0.00003	0.68312
5 T	0.31680	0.00113	0.68207
6 S	0.31680	0.00134	0.68186
7 I	0.31557	0.00279	0.68164
8 K	0.31557	0.00279	0.68164
9 Q	0.30636	0.01551	0.67812
10 T	0.30631	0.34608	0.34761
11 V	0.29462	0.37147	0.33391
12 T	0.17709	0.49327	0.32963
13 I	0.02155	0.67600	0.30245
14 A	0.02152	0.67603	0.30244
15 I	0.02152	0.97153	0.00694
16 N	0.02109	0.97197	0.00694
17 T	0.01941	0.97504	0.00555
18 A	0.01925	0.97822	0.00252
19 I	0.01655	0.98170	0.00175
20 Y	0.01258	0.98739	2e-05
21 V	0.01092	0.98906	2e-05
22 I	0.01086	0.98911	2e-05
23 L	0.01086	0.98911	2e-05
24 S	0.01091	0.98906	3e-05
25 C	0.01097	0.98899	4e-05
26 F	0.01094	0.98901	5e-05
27 A	0.01104	0.98875	0.0002
28 S	0.01682	0.98290	0.00028
29 I	0.01999	0.97954	0.00047
30 P	0.03561	0.96128	0.00312
31 I	0.05383	0.92721	0.01896
32 G	0.10146	0.72935	0.16919
33 P	0.35663	0.43971	0.20367
34 N	0.36154	0.41213	0.22632
35 V	0.36392	0.39700	0.23908
36 V	0.37474	0.34323	0.28202
37 L	0.40272	0.30967	0.28761
38 E	0.68643	0.01848	0.29509
39 T	0.66082	0.04723	0.29194
40 S	0.64255	0.10182	0.25562
41 F	0.60146	0.30263	0.09591
42 S	0.57311	0.35348	0.07342
43 F	0.44100	0.51625	0.04275
44 L	0.01038	0.96452	0.0251
45 V	0.00156	0.97877	0.01967
46 F	0.00039	0.98180	0.01781
47 V	0.00024	0.98242	0.01734
48 A	0.00018	0.98233	0.01749
49 V	0.00003	0.98238	0.01759
50 L	0.00000	0.98197	0.01802
51 F	0.00001	0.98053	0.01947
52 G	0.00001	0.97891	0.02108
53 S	0.00005	0.97761	0.02234
54 K	0.00011	0.97649	0.0234
55 V	0.00008	0.97643	0.02348
56 G	0.00009	0.97581	0.0241
57 L	0.00019	0.97512	0.02469
58 S	0.00335	0.97126	0.02539
59 V	0.00482	0.96928	0.0259
60 G	0.00529	0.96546	0.02924
61 L	0.00580	0.94476	0.04944
62 L	0.00960	0.91793	0.07248
63 G	0.06538	0.83751	0.09711
64 H	0.23147	0.65014	0.11839
65 I	0.24674	0.61858	0.13468
66 I	0.27125	0.42728	0.30147
67 K	0.28374	0.00194	0.71432
68 D	0.28272	0.00615	0.71113
69 F	0.22842	0.08638	0.68519
70 F	0.05653	0.47613	0.46734
71 L	0.03968	0.54228	0.41805
72 F	0.03274	0.55410	0.41315
73 G	0.03098	0.55934	0.40968
74 N	0.02914	0.56567	0.4052
75 V	0.00600	0.79961	0.19439
76 Y	0.00302	0.97776	0.01922
77 F	0.00139	0.99350	0.0051
78 N	0.00132	0.99468	0.004
79 W	0.00119	0.99789	0.00091
80 I	0.00118	0.99851	0.00031
81 V	0.00118	0.99879	2e-05
82 C	0.00118	0.99880	2e-05
83 S	0.00118	0.99880	2e-05
84 G	0.00118	0.99880	1e-05
85 L	0.00118	0.99881	1e-05
86 L	0.00118	0.99881	1e-05
87 G	0.00119	0.99874	6e-05
88 F	0.00125	0.99825	0.00051
89 L	0.00377	0.99501	0.00122
90 F	0.01588	0.95611	0.02802
91 G	0.03669	0.92786	0.03545
92 L	0.06298	0.84860	0.08842
93 S	0.28911	0.47059	0.24031
94 K	0.34466	0.39225	0.26309
95 N	0.34541	0.38333	0.27127
96 L	0.34606	0.38259	0.27135
97 I	0.37306	0.35520	0.27173
98 N	0.60301	0.11690	0.28009
99 L	0.70696	0.01189	0.28115
100 K	0.71661	0.00031	0.28309
101 Y	0.71667	0.00024	0.28309
102 H	0.71675	0.00016	0.2831
103 S	0.71687	0.00004	0.2831
104 F	0.71686	0.00005	0.28309
105 T	0.71681	0.00011	0.28309
106 R	0.71656	0.00035	0.28308
107 K	0.71649	0.00081	0.2827
108 K	0.71139	0.01019	0.27842
109 I	0.29758	0.50698	0.19544
110 L	0.19204	0.62005	0.18791
111 F	0.06737	0.77084	0.16179
112 F	0.02674	0.91777	0.05548
113 W	0.00787	0.96532	0.02681
114 L	0.00455	0.98391	0.01154
115 Y	0.00403	0.99150	0.00446
116 Q	0.00349	0.99307	0.00343
117 V	0.00144	0.99742	0.00115
118 F	0.00018	0.99953	0.00028
119 V	0.00002	0.99980	0.00018
120 N	0.00001	0.99985	0.00014
121 V	0.00000	0.99988	0.00012
122 L	0.00000	0.99988	0.00011
123 V	0.00000	0.99988	0.00011
124 F	0.00001	0.99987	0.00013
125 G	0.00002	0.99981	0.00016
126 L	0.00003	0.99978	0.00019
127 I	0.00041	0.99901	0.00058
128 A	0.00141	0.97575	0.02284
129 P	0.00367	0.71459	0.28174
130 I	0.01646	0.66148	0.32205
131 S	0.07399	0.51657	0.40943
132 D	0.17379	0.25492	0.57129
133 V	0.17441	0.23026	0.59533
134 W	0.17714	0.16234	0.66051
135 I	0.20464	0.10663	0.68874
136 Y	0.24308	0.05248	0.70443
137 A	0.26610	0.02518	0.70872
138 Q	0.28243	0.00536	0.71221
139 P	0.28234	0.00269	0.71496
140 L	0.28081	0.00415	0.71503
141 K	0.27734	0.00903	0.71363
142 L	0.18789	0.17464	0.63747
143 V	0.07702	0.68599	0.23698
144 F	0.02068	0.88498	0.09433
145 L	0.01935	0.93758	0.04307
146 Q	0.01867	0.96532	0.01601
147 G	0.00466	0.98487	0.01047
148 F	0.00081	0.99705	0.00214
149 L	0.00019	0.99891	0.0009
150 V	0.00004	0.99975	0.00021
151 V	0.00003	0.99993	4e-05
152 L	0.00003	0.99993	4e-05
153 S	0.00003	0.99993	4e-05
154 N	0.00003	0.99993	4e-05
155 I	0.00004	0.99994	3e-05
156 L	0.00004	0.99992	4e-05
157 S	0.00013	0.99980	7e-05
158 Y	0.00020	0.99970	0.0001
159 S	0.00028	0.99954	0.00018
160 L	0.00035	0.99929	0.00037
161 F	0.00070	0.99848	0.00082
162 G	0.00321	0.99350	0.00329
163 I	0.00693	0.98727	0.0058
164 F	0.01330	0.97429	0.01241
165 L	0.08170	0.82389	0.09442
166 M	0.50539	0.28806	0.20655
167 S	0.66082	0.06374	0.27545
168 K	0.71191	0.00721	0.28088
169 Y	0.71469	0.00427	0.28104
170 S	0.71572	0.00168	0.28261
171 N	0.71664	0.00040	0.28295
172 N	0.71683	0.00020	0.28297
173 Y	0.71691	0.00011	0.28298
174 G	0.71700	0.00002	0.28298
175 K	0.71701	0.00000	0.28298
176 K	0.71701	0.00000	0.28298
177 E	0.71701	0.00000	0.28298
178 V	0.71701	0.00000	0.28298
179 L	0.71701	0.00000	0.28298
180 A	0.71701	0.00000	0.28298
181 S	0.71701	0.00000	0.28298
182 N	0.71701	0.00000	0.28298
183 N	0.71701	0.00000	0.28298
184 C	0.71701	0.00000	0.28298
185 V	0.71701	0.00000	0.28298
186 Y	0.71701	0.00000	0.28298
187 Y	0.71701	0.00000	0.28298
188 K	0.71701	0.00000	0.28298
189 K	0.71701	0.00000	0.28298
190 P	0.71701	0.00000	0.28298
191 P	0.71701	0.00000	0.28298
192 L	0.71701	0.00000	0.28298
193 F	0.71701	0.00000	0.28298
