# tr|B1VAI7|B1VAI7_PHYAS
# AA	inside	membr	outside
1 M	0.82579	0.00000	0.17421
2 F	0.80811	0.01768	0.17421
3 L	0.77809	0.04770	0.17421
4 G	0.77809	0.06403	0.15788
5 L	0.40589	0.45259	0.14152
6 Y	0.40588	0.45766	0.13646
7 N	0.23039	0.63360	0.13601
8 Y	0.23038	0.63366	0.13596
9 T	0.21703	0.64762	0.13535
10 T	0.21695	0.68237	0.10067
11 Y	0.19349	0.70879	0.09772
12 L	0.07280	0.82983	0.09737
13 T	0.04003	0.86346	0.09651
14 Y	0.04001	0.86348	0.09651
15 L	0.04001	0.86864	0.09135
16 N	0.03881	0.86984	0.09135
17 L	0.03075	0.87858	0.09067
18 L	0.03052	0.88097	0.08851
19 S	0.02668	0.88653	0.08679
20 G	0.01402	0.95163	0.03435
21 F	0.00104	0.96475	0.03421
22 F	0.00028	0.97733	0.02239
23 G	0.00022	0.98937	0.01041
24 I	0.00042	0.99034	0.00924
25 I	0.00083	0.97911	0.02006
26 F	0.00211	0.93652	0.06136
27 A	0.01934	0.84181	0.13884
28 V	0.04022	0.47532	0.48446
29 Q	0.06640	0.38497	0.54863
30 G	0.06853	0.31794	0.61353
31 Q	0.06593	0.51853	0.41554
32 Y	0.05414	0.67963	0.26623
33 I	0.03403	0.86605	0.09992
34 P	0.02510	0.89676	0.07814
35 A	0.00866	0.94360	0.04774
36 L	0.00504	0.95057	0.04439
37 I	0.00495	0.95270	0.04235
38 F	0.00575	0.95166	0.04259
39 L	0.00593	0.94931	0.04476
40 L	0.00780	0.93962	0.05258
41 L	0.01119	0.93346	0.05535
42 S	0.01777	0.91753	0.0647
43 G	0.05473	0.86891	0.07636
44 I	0.05616	0.85697	0.08687
45 C	0.07440	0.83037	0.09523
46 D	0.09812	0.80431	0.09757
47 M	0.09935	0.80286	0.09779
48 F	0.10024	0.80176	0.098
49 D	0.10501	0.79636	0.09863
50 G	0.10670	0.79440	0.0989
51 L	0.11025	0.78438	0.10536
52 V	0.15618	0.73469	0.10914
53 S	0.50483	0.35895	0.13621
54 K	0.78762	0.04878	0.1636
55 T	0.82044	0.01527	0.16429
56 K	0.83348	0.00026	0.16626
57 K	0.83369	0.00003	0.16627
58 N	0.83372	0.00001	0.16628
59 R	0.83372	0.00000	0.16628
60 T	0.83372	0.00000	0.16628
61 L	0.83370	0.00002	0.16628
62 F	0.83355	0.00017	0.16628
63 D	0.83342	0.00030	0.16628
64 K	0.83039	0.00334	0.16627
65 R	0.81020	0.02367	0.16613
66 Y	0.71469	0.12072	0.16459
67 G	0.68883	0.15168	0.1595
68 V	0.66668	0.18051	0.15281
69 Q	0.66061	0.19107	0.14832
70 I	0.62415	0.26735	0.1085
71 D	0.62034	0.27342	0.10625
72 S	0.42056	0.50694	0.0725
73 L	0.04733	0.93369	0.01898
74 A	0.01245	0.97533	0.01222
75 D	0.00722	0.98423	0.00855
76 I	0.00278	0.99213	0.00509
77 I	0.00253	0.99259	0.00487
78 S	0.00249	0.99265	0.00485
79 F	0.00248	0.99266	0.00485
80 G	0.00248	0.99266	0.00485
81 V	0.00248	0.99266	0.00486
82 L	0.00248	0.99264	0.00487
83 P	0.00249	0.99247	0.00505
84 I	0.00249	0.99222	0.00529
85 F	0.00257	0.98716	0.01026
86 I	0.00292	0.95747	0.03961
87 N	0.00351	0.92501	0.07148
88 Y	0.00369	0.91294	0.08338
89 S	0.00505	0.87598	0.11896
90 L	0.00944	0.81639	0.17417
91 A	0.01858	0.62487	0.35655
92 F	0.04942	0.41521	0.53536
93 K	0.16079	0.02301	0.8162
94 N	0.16264	0.01839	0.81897
95 N	0.16347	0.00598	0.83054
96 K	0.16390	0.00003	0.83607
97 Q	0.16390	0.00034	0.83576
98 E	0.16387	0.00068	0.83544
99 Y	0.16319	0.00315	0.83366
100 P	0.16292	0.00920	0.82789
101 F	0.16078	0.03968	0.79954
102 H	0.15163	0.06423	0.78415
103 E	0.14395	0.09263	0.76342
104 Y	0.08189	0.31319	0.60492
105 F	0.00282	0.80090	0.19628
106 I	0.00112	0.93521	0.06368
107 W	0.00031	0.98964	0.01005
108 P	0.00028	0.99411	0.00561
109 V	0.00017	0.99776	0.00206
110 W	0.00014	0.99966	0.0002
111 G	0.00013	0.99976	0.0001
112 L	0.00013	0.99984	3e-05
113 Y	0.00013	0.99985	2e-05
114 L	0.00013	0.99985	2e-05
115 L	0.00013	0.99984	2e-05
116 A	0.00014	0.99984	2e-05
117 V	0.00015	0.99982	3e-05
118 L	0.00031	0.99966	4e-05
119 I	0.00709	0.99283	7e-05
120 R	0.02676	0.97217	0.00106
121 L	0.02843	0.97027	0.00131
122 A	0.03140	0.96637	0.00222
123 Y	0.05871	0.93793	0.00336
124 Y	0.14079	0.84767	0.01155
125 N	0.19188	0.65333	0.15479
126 T	0.20973	0.63372	0.15655
127 L	0.36107	0.47761	0.16132
128 S	0.79912	0.03722	0.16367
129 E	0.83588	0.00035	0.16377
130 N	0.83615	0.00005	0.1638
131 D	0.83618	0.00003	0.1638
132 I	0.83607	0.00013	0.1638
133 N	0.83605	0.00015	0.1638
134 K	0.83456	0.00164	0.16379
135 G	0.81723	0.01907	0.1637
136 S	0.79577	0.04059	0.16364
137 K	0.77223	0.06419	0.16358
138 K	0.74364	0.09910	0.15726
139 F	0.08918	0.90115	0.00967
140 I	0.00837	0.98570	0.00593
141 G	0.00175	0.99300	0.00525
142 F	0.00120	0.99383	0.00497
143 P	0.00097	0.99413	0.00491
144 V	0.00064	0.99451	0.00485
145 T	0.00062	0.99453	0.00485
146 T	0.00062	0.99454	0.00485
147 S	0.00061	0.99454	0.00485
148 A	0.00061	0.99454	0.00485
149 I	0.00061	0.99454	0.00485
150 V	0.00061	0.99454	0.00485
151 F	0.00061	0.99454	0.00485
152 P	0.00061	0.99436	0.00503
153 L	0.00061	0.99429	0.0051
154 L	0.00064	0.99335	0.00601
155 G	0.00078	0.98270	0.01652
156 F	0.00089	0.97733	0.02179
157 F	0.01677	0.54909	0.43414
158 T	0.09992	0.36414	0.53594
159 K	0.14114	0.12450	0.73436
160 L	0.14306	0.10144	0.75549
161 N	0.14519	0.07732	0.77749
162 D	0.15913	0.02007	0.82081
163 S	0.14358	0.11659	0.73982
164 Y	0.09849	0.25709	0.64442
165 P	0.07913	0.29284	0.62804
166 W	0.05111	0.76760	0.18129
167 F	0.04953	0.82366	0.12681
168 K	0.04897	0.83552	0.11552
169 I	0.01922	0.92542	0.05537
170 H	0.01357	0.93741	0.04903
171 L	0.00726	0.98055	0.0122
172 G	0.00724	0.98628	0.00648
173 S	0.00722	0.98817	0.00461
174 I	0.00721	0.98828	0.00451
175 M	0.00721	0.98829	0.00451
176 I	0.00721	0.98829	0.0045
177 L	0.00721	0.98829	0.0045
178 T	0.00722	0.98828	0.00451
179 F	0.00722	0.98827	0.00451
180 L	0.00723	0.98825	0.00452
181 F	0.00803	0.98722	0.00475
182 L	0.01111	0.96677	0.02211
183 C	0.03654	0.89452	0.06893
184 D	0.54874	0.36729	0.08397
185 K	0.60956	0.30600	0.08444
186 I	0.61634	0.29917	0.08449
187 I	0.62092	0.29217	0.08692
188 I	0.62611	0.28042	0.09347
189 R	0.79986	0.04541	0.15473
190 K	0.83892	0.00519	0.15589
191 P	0.84216	0.00183	0.156
192 K	0.84304	0.00017	0.1568
193 Y	0.84266	0.00075	0.15658
194 K	0.84190	0.00157	0.15653
195 K	0.73497	0.11174	0.15328
196 T	0.21492	0.66090	0.12417
197 I	0.03107	0.90297	0.06596
198 I	0.01772	0.98109	0.00119
199 I	0.00996	0.98991	0.00013
200 F	0.00125	0.99871	4e-05
201 G	0.00025	0.99973	2e-05
202 L	0.00007	0.99991	1e-05
203 F	0.00006	0.99994	0
204 G	0.00005	0.99994	0
205 L	0.00005	0.99994	0
206 V	0.00005	0.99994	0
207 E	0.00005	0.99994	0
208 I	0.00005	0.99994	0
209 F	0.00005	0.99994	0
210 I	0.00005	0.99994	0
211 L	0.00006	0.99989	6e-05
212 F	0.00007	0.99967	0.00026
213 G	0.00015	0.99848	0.00137
214 V	0.00087	0.98765	0.01148
215 H	0.00657	0.95699	0.03643
216 I	0.01315	0.91806	0.06879
217 L	0.03640	0.80987	0.15373
218 R	0.11561	0.49764	0.38676
219 T	0.13625	0.13933	0.72442
220 R	0.15594	0.00239	0.84166
221 S	0.15691	0.00000	0.84309
