# tr|B1V942|B1V942_PHYAS
# AA	inside	membr	outside
1 M	0.92825	0.00000	0.07175
2 N	0.92825	0.00000	0.07175
3 Q	0.92825	0.00000	0.07175
4 N	0.92825	0.00000	0.07175
5 F	0.92825	0.00000	0.07175
6 I	0.92825	0.00000	0.07175
7 F	0.92825	0.00000	0.07175
8 K	0.92825	0.00000	0.07175
9 Y	0.92825	0.00000	0.07175
10 Q	0.92825	0.00000	0.07175
11 K	0.92824	0.00000	0.07175
12 Q	0.92799	0.00026	0.07175
13 K	0.92557	0.00268	0.07175
14 N	0.92556	0.00269	0.07175
15 F	0.92556	0.00835	0.06609
16 I	0.92474	0.00916	0.06609
17 Y	0.92445	0.00949	0.06606
18 Q	0.92445	0.00950	0.06605
19 I	0.92354	0.01045	0.066
20 Q	0.91764	0.01659	0.06577
21 G	0.57041	0.36383	0.06575
22 A	0.55653	0.37854	0.06493
23 T	0.52415	0.41174	0.06411
24 K	0.47898	0.45798	0.06304
25 L	0.24092	0.73142	0.02765
26 F	0.05413	0.92654	0.01933
27 F	0.01821	0.96674	0.01505
28 L	0.00220	0.98503	0.01278
29 L	0.00104	0.98708	0.01187
30 L	0.00091	0.98799	0.01111
31 V	0.00069	0.98824	0.01107
32 S	0.00076	0.98797	0.01127
33 I	0.00110	0.99284	0.00605
34 A	0.00158	0.99363	0.00479
35 C	0.00448	0.99032	0.00519
36 M	0.00350	0.99316	0.00335
37 L	0.00323	0.99402	0.00275
38 I	0.00381	0.99450	0.00169
39 Y	0.00262	0.99517	0.0022
40 N	0.00240	0.99499	0.00261
41 I	0.00041	0.99640	0.00318
42 W	0.00019	0.99561	0.00419
43 F	0.00036	0.98408	0.01556
44 L	0.00063	0.67162	0.32774
45 L	0.00225	0.61128	0.38647
46 G	0.00367	0.49321	0.50312
47 M	0.00545	0.37751	0.61704
48 S	0.02436	0.27301	0.70263
49 V	0.02731	0.13064	0.84206
50 F	0.02896	0.10647	0.86457
51 N	0.03105	0.07774	0.89121
52 S	0.03164	0.07597	0.89239
53 F	0.03192	0.07545	0.89262
54 L	0.03202	0.06923	0.89876
55 F	0.03233	0.06690	0.90078
56 L	0.04611	0.04776	0.90613
57 C	0.06164	0.02568	0.91267
58 A	0.06439	0.02182	0.91379
59 Q	0.06968	0.00524	0.92508
60 I	0.07031	0.00405	0.92565
61 K	0.07114	0.00255	0.9263
62 W	0.07150	0.00509	0.9234
63 R	0.07197	0.00587	0.92217
64 Q	0.07204	0.01123	0.91673
65 V	0.07057	0.07994	0.84949
66 E	0.07044	0.08400	0.84556
67 K	0.06903	0.11089	0.82008
68 I	0.01960	0.74479	0.23561
69 I	0.01119	0.83053	0.15828
70 K	0.00920	0.84888	0.14191
71 G	0.00138	0.96452	0.03409
72 F	0.00037	0.99143	0.0082
73 L	0.00012	0.99760	0.00229
74 L	0.00009	0.99845	0.00146
75 F	0.00008	0.99882	0.00111
76 L	0.00007	0.99885	0.00107
77 L	0.00007	0.99886	0.00107
78 I	0.00007	0.99886	0.00107
79 N	0.00007	0.99886	0.00107
80 N	0.00009	0.99884	0.00106
81 L	0.00010	0.99883	0.00106
82 I	0.00015	0.99878	0.00106
83 I	0.00033	0.99860	0.00107
84 F	0.00077	0.99813	0.0011
85 L	0.00422	0.99456	0.00122
86 F	0.02170	0.97435	0.00396
87 F	0.09667	0.89262	0.01071
88 R	0.74714	0.19441	0.05845
89 K	0.87010	0.06097	0.06893
90 Q	0.88497	0.04574	0.06928
91 G	0.90184	0.02765	0.07051
92 I	0.91405	0.01370	0.07225
93 E	0.92549	0.00148	0.07303
94 I	0.92575	0.00116	0.07308
95 Y	0.92635	0.00050	0.07315
96 Q	0.92670	0.00008	0.07321
97 S	0.92672	0.00003	0.07325
98 Q	0.92673	0.00002	0.07325
99 T	0.92671	0.00004	0.07325
100 W	0.92657	0.00018	0.07325
101 I	0.92656	0.00019	0.07325
102 L	0.92656	0.00019	0.07325
103 K	0.92657	0.00018	0.07325
104 N	0.92656	0.00019	0.07325
105 F	0.92656	0.00019	0.07325
106 I	0.92655	0.00021	0.07324
107 T	0.92654	0.00023	0.07323
108 Q	0.92640	0.00038	0.07321
109 E	0.92544	0.00149	0.07307
110 Q	0.88682	0.05133	0.06186
111 I	0.61992	0.36538	0.01471
112 F	0.35150	0.64175	0.00675
113 Y	0.26017	0.73491	0.00492
114 Q	0.25186	0.74401	0.00413
115 I	0.15625	0.84064	0.0031
116 N	0.12141	0.87558	0.00302
117 L	0.03639	0.96102	0.00259
118 I	0.02025	0.97729	0.00245
119 L	0.01752	0.98000	0.00248
120 K	0.01635	0.98116	0.00249
121 Y	0.00962	0.98850	0.00188
122 L	0.00762	0.99174	0.00064
123 S	0.00724	0.99240	0.00037
124 V	0.00702	0.99275	0.00024
125 I	0.00696	0.99288	0.00017
126 P	0.00695	0.99290	0.00015
127 L	0.00692	0.99297	0.00011
128 F	0.00693	0.99295	0.00012
129 L	0.00695	0.99282	0.00023
130 I	0.00704	0.99241	0.00054
131 F	0.00737	0.98922	0.0034
132 I	0.00858	0.98390	0.00751
133 F	0.02085	0.87237	0.10678
134 T	0.06801	0.55690	0.37509
135 T	0.07509	0.22987	0.69503
136 N	0.07663	0.10822	0.81516
137 P	0.07724	0.08168	0.84108
138 S	0.07760	0.02887	0.89353
139 E	0.07765	0.02213	0.90022
140 L	0.07754	0.02506	0.8974
141 A	0.07767	0.02419	0.89814
142 A	0.07763	0.02426	0.89811
143 S	0.07778	0.03215	0.89007
144 L	0.07798	0.04681	0.8752
145 N	0.07897	0.04699	0.87405
146 K	0.07901	0.05019	0.8708
147 W	0.07743	0.24403	0.67853
148 G	0.07726	0.34183	0.58091
149 I	0.07715	0.38372	0.53913
150 S	0.07716	0.38526	0.53759
151 Y	0.07716	0.38552	0.53733
152 K	0.07716	0.38559	0.53725
153 I	0.07709	0.38681	0.5361
154 S	0.07709	0.38684	0.53607
155 Y	0.07710	0.38684	0.53606
156 S	0.07713	0.38682	0.53606
157 L	0.07715	0.38680	0.53606
158 A	0.07727	0.38668	0.53606
159 L	0.07770	0.38624	0.53606
160 T	0.08336	0.38054	0.5361
161 L	0.08485	0.37903	0.53612
162 R	0.09615	0.36765	0.5362
163 Y	0.09780	0.36592	0.53627
164 I	0.10274	0.36093	0.53634
165 P	0.18153	0.28154	0.53692
166 A	0.25909	0.20372	0.53719
167 I	0.41376	0.04764	0.5386
168 K	0.45868	0.00216	0.53916
169 K	0.46004	0.00078	0.53918
170 D	0.46044	0.00038	0.53918
171 F	0.46047	0.00035	0.53918
172 E	0.46075	0.00007	0.53918
173 N	0.46078	0.00004	0.53918
174 I	0.46078	0.00005	0.53917
175 S	0.46078	0.00005	0.53917
176 L	0.46080	0.00003	0.53917
177 T	0.46082	0.00002	0.53916
178 Q	0.46082	0.00002	0.53916
179 Q	0.46082	0.00002	0.53916
180 T	0.46082	0.00003	0.53915
181 R	0.46082	0.00003	0.53915
182 L	0.46082	0.00003	0.53915
183 L	0.46082	0.00003	0.53915
184 P	0.46082	0.00003	0.53915
185 A	0.46082	0.00003	0.53915
186 S	0.46082	0.00003	0.53915
187 P	0.46082	0.00003	0.53915
188 K	0.46082	0.00004	0.53915
189 G	0.46078	0.00031	0.53891
190 N	0.46070	0.00139	0.53791
191 F	0.46066	0.00330	0.53604
192 I	0.46065	0.00750	0.53186
193 S	0.46065	0.00762	0.53172
194 K	0.46066	0.00772	0.53162
195 I	0.46052	0.01275	0.52673
196 V	0.46049	0.01308	0.52642
197 S	0.46048	0.01321	0.52632
198 K	0.46046	0.01327	0.52628
199 I	0.46031	0.01442	0.52527
200 K	0.46029	0.01527	0.52443
201 K	0.45909	0.03531	0.50561
202 L	0.44762	0.21310	0.33928
203 T	0.44694	0.29032	0.26274
204 L	0.44367	0.38733	0.169
205 I	0.44343	0.40893	0.14763
206 I	0.44337	0.41175	0.14487
207 P	0.44336	0.41217	0.14447
208 S	0.44335	0.41266	0.14399
209 L	0.44333	0.41299	0.14369
210 I	0.44333	0.41302	0.14364
211 F	0.44339	0.41299	0.14362
212 V	0.44370	0.41264	0.14366
213 N	0.44559	0.41062	0.14378
214 L	0.44726	0.40892	0.14382
215 D	0.45599	0.40004	0.14396
216 K	0.45610	0.39992	0.14398
217 I	0.45612	0.39990	0.14399
218 E	0.45643	0.39956	0.14401
219 I	0.45648	0.39951	0.14401
220 I	0.45725	0.39845	0.1443
221 G	0.46170	0.39332	0.14498
222 N	0.47684	0.37538	0.14778
223 A	0.55764	0.29440	0.14795
224 M	0.65512	0.19312	0.15177
225 E	0.80080	0.03919	0.16001
226 L	0.80963	0.03016	0.16021
227 R	0.83749	0.00144	0.16106
228 R	0.83831	0.00061	0.16108
229 F	0.83835	0.00054	0.16111
230 G	0.83840	0.00048	0.16112
231 K	0.83883	0.00003	0.16113
232 N	0.83887	0.00000	0.16113
233 K	0.83887	0.00000	0.16113
234 K	0.83887	0.00000	0.16113
235 R	0.83884	0.00003	0.16113
236 T	0.83833	0.00061	0.16105
237 W	0.83684	0.00219	0.16097
238 Y	0.83598	0.00313	0.16088
239 Y	0.83585	0.00330	0.16085
240 Q	0.83575	0.00344	0.16082
241 T	0.82949	0.01008	0.16043
242 K	0.81270	0.02742	0.15988
243 L	0.27954	0.65879	0.06167
244 T	0.12832	0.83420	0.03748
245 F	0.03466	0.93444	0.03091
246 L	0.02317	0.95269	0.02413
247 D	0.02024	0.95864	0.02113
248 V	0.00672	0.98346	0.00982
249 L	0.00244	0.99226	0.0053
250 T	0.00181	0.99492	0.00327
251 I	0.00058	0.99811	0.00131
252 F	0.00008	0.99956	0.00037
253 L	0.00004	0.99977	0.00019
254 G	0.00002	0.99990	8e-05
255 V	0.00001	0.99994	4e-05
256 H	0.00001	0.99993	6e-05
257 L	0.00001	0.99992	8e-05
258 L	0.00001	0.99989	0.0001
259 F	0.00002	0.99960	0.00038
260 L	0.00005	0.99855	0.0014
261 S	0.00027	0.99640	0.00333
262 I	0.00033	0.99593	0.00374
263 F	0.00093	0.99071	0.00836
264 L	0.00325	0.97270	0.02405
265 L	0.00787	0.92812	0.06401
266 M	0.11300	0.29860	0.58839
267 E	0.13678	0.10353	0.75969
268 Y	0.14075	0.05092	0.80833
269 G	0.14672	0.03108	0.8222
270 R	0.15132	0.02064	0.82804
271 F	0.15317	0.01365	0.83318
272 Y	0.15627	0.00777	0.83597
273 Y	0.15833	0.00475	0.83693
274 P	0.16023	0.00155	0.83822
275 F	0.16090	0.00038	0.83872
276 V	0.16099	0.00024	0.83877
277 K	0.16112	0.00001	0.83887
278 K	0.16113	0.00000	0.83887
279 T	0.16113	0.00000	0.83887
280 P	0.16113	0.00000	0.83887
281 S	0.16113	0.00000	0.83887
282 N	0.16113	0.00000	0.83887
