# tr|B1VAG5|B1VAG5_PHYAS
# AA	inside	membr	outside
1 M	0.99429	0.00000	0.00571
2 N	0.99314	0.00115	0.00571
3 I	0.98852	0.00576	0.00571
4 K	0.98852	0.00577	0.0057
5 I	0.81200	0.18258	0.00542
6 K	0.81200	0.18259	0.00541
7 K	0.22975	0.76485	0.0054
8 I	0.22929	0.76531	0.0054
9 F	0.01097	0.98364	0.00539
10 L	0.01090	0.98375	0.00535
11 I	0.00846	0.98619	0.00534
12 I	0.00363	0.99103	0.00534
13 N	0.00030	0.99436	0.00534
14 S	0.00030	0.99436	0.00534
15 I	0.00030	0.99437	0.00533
16 I	0.00028	0.99438	0.00533
17 L	0.00028	0.99439	0.00533
18 I	0.00028	0.99439	0.00533
19 L	0.00028	0.99439	0.00533
20 G	0.00028	0.99403	0.00569
21 L	0.00028	0.99342	0.0063
22 I	0.00028	0.98910	0.01062
23 K	0.00054	0.75355	0.2459
24 G	0.00055	0.74485	0.2546
25 F	0.00057	0.60945	0.38998
26 H	0.00059	0.37021	0.6292
27 K	0.00061	0.16628	0.83311
28 P	0.00062	0.16046	0.83892
29 F	0.00018	0.17653	0.82329
30 I	0.00015	0.22033	0.77952
31 S	0.00014	0.18848	0.81138
32 L	0.00010	0.39598	0.60392
33 Y	0.00005	0.44229	0.55767
34 L	0.00002	0.61499	0.38499
35 F	0.00002	0.88819	0.11178
36 A	0.00003	0.95075	0.04923
37 R	0.00003	0.97283	0.02715
38 Q	0.00003	0.97639	0.02357
39 T	0.00003	0.99299	0.00699
40 V	0.00002	0.99942	0.00056
41 L	0.00002	0.99990	8e-05
42 L	0.00002	0.99992	5e-05
43 I	0.00002	0.99992	5e-05
44 N	0.00002	0.99993	5e-05
45 I	0.00002	0.99993	5e-05
46 Y	0.00002	0.99993	5e-05
47 F	0.00003	0.99992	5e-05
48 L	0.00007	0.99987	5e-05
49 F	0.00452	0.99542	6e-05
50 L	0.00957	0.99036	6e-05
51 F	0.01387	0.98606	7e-05
52 F	0.03474	0.96472	0.00053
53 N	0.18616	0.81324	0.00059
54 I	0.20632	0.79308	0.0006
55 N	0.89036	0.10900	0.00064
56 N	0.91688	0.08245	0.00067
57 K	0.99708	0.00224	0.00068
58 I	0.97991	0.01944	0.00064
59 Q	0.95604	0.04332	0.00064
60 K	0.93444	0.06492	0.00063
61 Y	0.04167	0.95820	0.00013
62 L	0.01421	0.98570	9e-05
63 S	0.00626	0.99365	9e-05
64 F	0.00184	0.99808	8e-05
65 I	0.00170	0.99822	8e-05
66 I	0.00169	0.99823	8e-05
67 L	0.00169	0.99823	8e-05
68 I	0.00169	0.99823	8e-05
69 D	0.00169	0.99822	8e-05
70 C	0.00169	0.99822	8e-05
71 L	0.00169	0.99822	8e-05
72 L	0.00169	0.99822	8e-05
73 L	0.00169	0.99822	9e-05
74 L	0.00169	0.99820	0.00011
75 S	0.00169	0.99817	0.00014
76 Y	0.00169	0.99405	0.00425
77 N	0.00169	0.90368	0.09463
78 F	0.00170	0.88880	0.1095
79 K	0.00202	0.17439	0.82358
80 I	0.00206	0.16804	0.8299
81 E	0.00229	0.02667	0.97104
82 N	0.00229	0.00653	0.99118
83 P	0.00229	0.00516	0.99254
84 K	0.00229	0.00016	0.99754
85 L	0.00229	0.00026	0.99744
86 Y	0.00229	0.00029	0.99742
87 Y	0.00229	0.00024	0.99747
88 Q	0.00228	0.00089	0.99682
89 R	0.00227	0.00167	0.99606
90 N	0.00212	0.07678	0.92109
91 F	0.00158	0.43015	0.56826
92 F	0.00053	0.45327	0.5462
93 A	0.00016	0.99004	0.0098
94 I	0.00005	0.99279	0.00716
95 L	0.00002	0.99734	0.00264
96 V	0.00001	0.99829	0.0017
97 A	0.00000	0.99857	0.00143
98 N	0.00000	0.99981	0.00018
99 L	0.00000	0.99985	0.00015
100 E	0.00000	0.99990	0.0001
101 H	0.00000	0.99999	1e-05
102 I	0.00000	1.00000	0
103 F	0.00000	1.00000	0
104 L	0.00000	1.00000	0
105 P	0.00001	0.99999	0
106 L	0.00001	0.99999	0
107 I	0.00001	0.99999	0
108 F	0.00003	0.99997	0
109 I	0.00009	0.99990	0
110 Y	0.00039	0.99958	3e-05
111 Y	0.00168	0.99820	0.00012
112 Y	0.00512	0.99474	0.00014
113 F	0.10726	0.89248	0.00026
114 F	0.45560	0.54382	0.00058
115 L	0.48988	0.50839	0.00173
116 D	0.99713	0.00059	0.00228
117 K	0.99765	0.00006	0.00229
118 T	0.99751	0.00020	0.00229
119 T	0.99719	0.00052	0.00229
120 L	0.93025	0.06747	0.00228
121 K	0.92841	0.06931	0.00228
122 L	0.62909	0.36864	0.00226
123 K	0.62586	0.37197	0.00218
124 H	0.46593	0.53304	0.00103
125 F	0.08388	0.91599	0.00013
126 Y	0.04925	0.95069	6e-05
127 I	0.00810	0.99187	3e-05
128 S	0.00008	0.99989	3e-05
129 L	0.00006	0.99992	3e-05
130 I	0.00005	0.99993	3e-05
131 H	0.00004	0.99994	3e-05
132 C	0.00002	0.99996	3e-05
133 F	0.00001	0.99997	2e-05
134 L	0.00001	0.99997	2e-05
135 Y	0.00001	0.99997	2e-05
136 G	0.00001	0.99997	3e-05
137 M	0.00001	0.99997	3e-05
138 V	0.00001	0.99993	6e-05
139 I	0.00001	0.99987	0.00012
140 L	0.00001	0.97791	0.02209
141 I	0.00001	0.91997	0.08003
142 F	0.00002	0.85657	0.14341
143 N	0.00137	0.27216	0.72647
144 K	0.00214	0.17139	0.82646
145 S	0.00216	0.04788	0.94996
146 P	0.00216	0.02495	0.97288
147 Y	0.00222	0.01966	0.97812
148 K	0.00227	0.00841	0.98932
149 F	0.00227	0.00825	0.98948
150 L	0.00227	0.00237	0.99536
151 E	0.00227	0.00004	0.99768
152 P	0.00227	0.00071	0.99701
153 N	0.00227	0.00294	0.99479
154 E	0.00220	0.01606	0.98174
155 I	0.00021	0.41365	0.58614
156 N	0.00015	0.44485	0.555
157 L	0.00013	0.70125	0.29862
158 K	0.00012	0.77289	0.22699
159 I	0.00001	0.96476	0.03523
160 I	0.00000	0.99679	0.00321
161 F	0.00000	0.99906	0.00093
162 L	0.00000	0.99993	7e-05
163 I	0.00000	1.00000	0
164 T	0.00000	1.00000	0
165 I	0.00000	1.00000	0
166 F	0.00000	1.00000	0
167 L	0.00000	1.00000	0
168 S	0.00000	1.00000	0
169 L	0.00000	1.00000	0
170 I	0.00000	1.00000	0
171 S	0.00000	1.00000	0
172 L	0.00001	0.99999	0
173 L	0.00012	0.99987	1e-05
174 S	0.00088	0.99909	2e-05
175 L	0.00364	0.99632	5e-05
176 F	0.01766	0.98227	8e-05
177 L	0.16148	0.83828	0.00024
178 K	0.89971	0.09807	0.00222
179 N	0.94381	0.05392	0.00227
180 K	0.99630	0.00143	0.00227
181 K	0.99733	0.00039	0.00227
182 I	0.99756	0.00017	0.00227
183 C	0.99769	0.00004	0.00227
184 K	0.99772	0.00000	0.00227
185 M	0.99773	0.00000	0.00227
186 N	0.99773	0.00000	0.00227
187 K	0.99773	0.00000	0.00227
188 F	0.99773	0.00000	0.00227
189 F	0.99773	0.00000	0.00227
190 Y	0.99773	0.00000	0.00227
191 N	0.99773	0.00000	0.00227
192 N	0.99773	0.00000	0.00227
