# tr|B1VAA4|B1VAA4_PHYAS
# AA	inside	membr	outside
1 M	0.72757	0.00000	0.27243
2 G	0.72757	0.00000	0.27243
3 L	0.72757	0.00000	0.27243
4 I	0.72757	0.00000	0.27243
5 T	0.72757	0.00000	0.27243
6 Y	0.72757	0.00001	0.27242
7 N	0.72756	0.00001	0.27242
8 Y	0.72756	0.00001	0.27242
9 L	0.72756	0.00001	0.27242
10 K	0.72756	0.00001	0.27242
11 T	0.72756	0.00001	0.27242
12 Y	0.72756	0.00001	0.27242
13 E	0.72756	0.00001	0.27242
14 N	0.72756	0.00001	0.27242
15 A	0.72756	0.00001	0.27242
16 K	0.72756	0.00001	0.27242
17 Y	0.72755	0.00003	0.27242
18 L	0.72755	0.00003	0.27242
19 K	0.72755	0.00003	0.27242
20 Y	0.72753	0.00004	0.27242
21 N	0.72753	0.00004	0.27242
22 I	0.72753	0.00004	0.27242
23 P	0.72753	0.00004	0.27242
24 I	0.72753	0.00004	0.27242
25 L	0.72753	0.00004	0.27242
26 N	0.72753	0.00004	0.27242
27 K	0.72754	0.00004	0.27242
28 L	0.72754	0.00004	0.27242
29 T	0.72754	0.00004	0.27242
30 R	0.72754	0.00003	0.27243
31 P	0.72754	0.00003	0.27243
32 T	0.72754	0.00003	0.27243
33 H	0.72754	0.00003	0.27243
34 Q	0.72754	0.00003	0.27243
35 I	0.72753	0.00002	0.27244
36 A	0.72753	0.00002	0.27244
37 P	0.72753	0.00002	0.27244
38 E	0.72753	0.00001	0.27245
39 V	0.72729	0.00027	0.27244
40 E	0.72717	0.00042	0.27242
41 A	0.72591	0.00219	0.2719
42 N	0.72440	0.00427	0.27133
43 N	0.71893	0.01314	0.26793
44 V	0.69819	0.04514	0.25666
45 Q	0.68738	0.06542	0.2472
46 S	0.59955	0.16740	0.23305
47 F	0.34978	0.50004	0.15018
48 V	0.21462	0.66416	0.12122
49 F	0.04683	0.92138	0.03179
50 L	0.02044	0.95370	0.02587
51 S	0.01155	0.96536	0.02308
52 S	0.00562	0.98068	0.0137
53 F	0.00188	0.99027	0.00786
54 C	0.00098	0.99324	0.00578
55 I	0.00044	0.99829	0.00127
56 M	0.00037	0.99887	0.00075
57 F	0.00029	0.99923	0.00048
58 L	0.00027	0.99926	0.00047
59 A	0.00025	0.99930	0.00045
60 G	0.00025	0.99929	0.00046
61 L	0.00026	0.99924	0.0005
62 L	0.00043	0.99865	0.00092
63 W	0.00111	0.99722	0.00168
64 A	0.00266	0.98994	0.00739
65 I	0.00633	0.98076	0.01291
66 G	0.01330	0.95713	0.02958
67 F	0.02468	0.90751	0.0678
68 Y	0.03865	0.85113	0.11022
69 W	0.04211	0.77782	0.18007
70 Y	0.10683	0.50082	0.39235
71 L	0.10709	0.39538	0.49753
72 S	0.19595	0.14626	0.65779
73 L	0.19149	0.17371	0.63479
74 L	0.18232	0.30658	0.5111
75 K	0.19174	0.30434	0.50392
76 F	0.12110	0.57945	0.29945
77 T	0.11041	0.66053	0.22906
78 T	0.05147	0.80133	0.1472
79 I	0.02150	0.93810	0.0404
80 I	0.01070	0.97066	0.01864
81 L	0.00600	0.98370	0.0103
82 S	0.00539	0.98523	0.00937
83 V	0.00184	0.99293	0.00523
84 G	0.00138	0.99460	0.00402
85 W	0.00131	0.99582	0.00287
86 G	0.00143	0.99572	0.00285
87 Y	0.00170	0.99531	0.00299
88 F	0.00231	0.99379	0.00389
89 F	0.00481	0.98720	0.00799
90 G	0.01331	0.97332	0.01337
91 A	0.01646	0.96888	0.01466
92 Q	0.02594	0.95178	0.02228
93 Y	0.02864	0.94222	0.02914
94 A	0.04102	0.90385	0.05513
95 L	0.05492	0.88237	0.0627
96 F	0.18921	0.71807	0.09271
97 Q	0.53506	0.31721	0.14773
98 M	0.54955	0.28065	0.1698
99 A	0.58929	0.18957	0.22114
100 F	0.60140	0.17296	0.22564
101 N	0.67419	0.07254	0.25326
102 I	0.70056	0.03813	0.26131
103 K	0.72336	0.00358	0.27305
104 S	0.71525	0.01170	0.27304
105 N	0.61512	0.11441	0.27047
106 Y	0.57766	0.20280	0.21953
107 I	0.40178	0.44545	0.15277
108 A	0.20002	0.75524	0.04475
109 L	0.00412	0.96544	0.03045
110 F	0.00081	0.98934	0.00984
111 F	0.00028	0.99873	0.00098
112 Y	0.00005	0.99949	0.00046
113 I	0.00001	0.99995	4e-05
114 P	0.00000	0.99997	3e-05
115 F	0.00000	1.00000	0
116 L	0.00000	1.00000	0
117 G	0.00000	1.00000	0
118 T	0.00000	1.00000	0
119 L	0.00000	1.00000	0
120 L	0.00000	1.00000	0
121 V	0.00000	0.99998	1e-05
122 V	0.00002	0.99986	0.00012
123 G	0.00011	0.99794	0.00194
124 L	0.00039	0.99719	0.00241
125 M	0.00070	0.99460	0.00471
126 S	0.00116	0.99223	0.0066
127 Y	0.00140	0.97480	0.0238
128 L	0.00190	0.77924	0.21886
129 Y	0.04000	0.69705	0.26295
130 Y	0.12514	0.42926	0.4456
131 S	0.26056	0.17654	0.5629
132 K	0.27340	0.00113	0.72547
133 K	0.27363	0.00006	0.7263
134 L	0.27360	0.00115	0.72525
135 V	0.27356	0.00193	0.72452
136 I	0.27355	0.00218	0.72426
137 T	0.27347	0.00244	0.72409
138 P	0.27337	0.00494	0.72169
139 Q	0.27309	0.02080	0.7061
140 K	0.27024	0.03769	0.69207
141 R	0.22227	0.26769	0.51004
142 Y	0.04501	0.87528	0.07971
143 L	0.00292	0.96734	0.02974
144 I	0.00015	0.99817	0.00168
145 A	0.00007	0.99981	0.00012
146 I	0.00005	0.99992	3e-05
147 C	0.00004	0.99993	3e-05
148 F	0.00002	0.99995	3e-05
149 I	0.00002	0.99995	3e-05
150 I	0.00002	0.99995	3e-05
151 F	0.00002	0.99995	3e-05
152 Y	0.00002	0.99995	3e-05
153 F	0.00002	0.99995	3e-05
154 V	0.00003	0.99993	3e-05
155 S	0.00036	0.99956	8e-05
156 I	0.00088	0.99893	0.00019
157 S	0.00375	0.99296	0.00328
158 L	0.00467	0.98895	0.00638
159 N	0.02155	0.94459	0.03386
160 L	0.03344	0.89515	0.07141
161 Y	0.25489	0.64311	0.102
162 R	0.69261	0.09811	0.20928
163 R	0.72023	0.05002	0.22974
164 P	0.72442	0.03305	0.24253
165 F	0.71490	0.03069	0.25441
166 S	0.69554	0.04467	0.25979
167 F	0.47917	0.30198	0.21884
168 W	0.09425	0.73377	0.17198
169 W	0.07257	0.81664	0.11078
170 I	0.05633	0.86138	0.08229
171 H	0.04814	0.94077	0.01108
172 I	0.03902	0.95559	0.00539
173 I	0.01612	0.98146	0.00243
174 I	0.00017	0.99943	0.00039
175 L	0.00003	0.99975	0.00022
176 L	0.00001	0.99999	1e-05
177 W	0.00000	0.99999	0
178 S	0.00000	1.00000	0
179 I	0.00000	1.00000	0
180 L	0.00000	1.00000	0
181 G	0.00000	1.00000	0
182 L	0.00000	1.00000	0
183 V	0.00002	0.99997	2e-05
184 I	0.00006	0.99986	8e-05
185 S	0.00037	0.99890	0.00073
186 A	0.00053	0.99840	0.00107
187 F	0.00087	0.99723	0.00191
188 I	0.00447	0.98793	0.0076
189 W	0.00946	0.96346	0.02709
190 V	0.04311	0.72845	0.22843
191 L	0.08710	0.32843	0.58447
192 M	0.15829	0.21483	0.62688
193 L	0.18813	0.14385	0.66802
194 E	0.27139	0.01190	0.71671
195 Q	0.27322	0.00728	0.7195
196 V	0.27335	0.00437	0.72228
197 D	0.27359	0.00057	0.72585
198 I	0.27359	0.00052	0.72589
199 F	0.27361	0.00033	0.72606
200 V	0.27364	0.00012	0.72624
201 E	0.27368	0.00001	0.72631
202 K	0.27368	0.00000	0.72632
