# tr|B1V981|B1V981_PHYAS
# AA	inside	membr	outside
1 M	0.97436	0.00000	0.02565
2 F	0.97436	0.00000	0.02565
3 K	0.97436	0.00000	0.02565
4 N	0.97436	0.00000	0.02565
5 N	0.97435	0.00001	0.02565
6 N	0.97435	0.00001	0.02565
7 T	0.97424	0.00012	0.02565
8 K	0.97424	0.00012	0.02565
9 T	0.96289	0.01147	0.02564
10 I	0.96255	0.01290	0.02455
11 V	0.96089	0.01456	0.02455
12 F	0.94877	0.02669	0.02455
13 N	0.92936	0.04619	0.02446
14 S	0.92933	0.04621	0.02446
15 P	0.92933	0.05070	0.01998
16 L	0.90950	0.07053	0.01998
17 Q	0.90684	0.07321	0.01995
18 K	0.90586	0.07443	0.01972
19 Y	0.50322	0.48012	0.01666
20 V	0.12163	0.87649	0.00188
21 I	0.00230	0.99587	0.00183
22 A	0.00159	0.99686	0.00154
23 S	0.00111	0.99747	0.00142
24 V	0.00083	0.99788	0.00129
25 L	0.00078	0.99800	0.00122
26 F	0.00074	0.99818	0.00108
27 G	0.00074	0.99816	0.00111
28 L	0.00074	0.99808	0.00119
29 T	0.00074	0.99790	0.00136
30 I	0.00075	0.99763	0.00163
31 V	0.00075	0.99635	0.0029
32 L	0.00078	0.98489	0.01433
33 E	0.00206	0.97459	0.02335
34 F	0.00208	0.97351	0.02441
35 I	0.00234	0.96482	0.03285
36 G	0.00309	0.93109	0.06582
37 S	0.00400	0.78304	0.21296
38 A	0.01048	0.48139	0.50812
39 K	0.01555	0.06658	0.91787
40 F	0.01615	0.11915	0.8647
41 S	0.01730	0.15882	0.82388
42 S	0.01653	0.60945	0.37402
43 G	0.02091	0.70391	0.27518
44 I	0.01936	0.74911	0.23153
45 G	0.01884	0.76382	0.21734
46 S	0.01898	0.78618	0.19484
47 L	0.01881	0.84642	0.13477
48 F	0.01875	0.86532	0.11593
49 K	0.01887	0.86579	0.11534
50 M	0.01673	0.88906	0.09421
51 A	0.01204	0.93304	0.05493
52 L	0.00982	0.95525	0.03493
53 V	0.00711	0.98001	0.01288
54 P	0.00630	0.98165	0.01204
55 L	0.00231	0.99237	0.00532
56 I	0.00195	0.99577	0.00228
57 L	0.00105	0.99741	0.00154
58 I	0.00036	0.99920	0.00044
59 G	0.00041	0.99915	0.00044
60 F	0.00378	0.99580	0.00042
61 L	0.00755	0.99203	0.00042
62 L	0.05376	0.94569	0.00055
63 G	0.16065	0.83811	0.00124
64 L	0.25583	0.74184	0.00234
65 K	0.80396	0.19024	0.00581
66 Y	0.49775	0.49688	0.00537
67 S	0.44237	0.55253	0.0051
68 L	0.37379	0.62361	0.0026
69 I	0.13886	0.86010	0.00104
70 F	0.11087	0.88802	0.00112
71 A	0.10603	0.89255	0.00142
72 T	0.10685	0.89146	0.00169
73 L	0.09037	0.90685	0.00277
74 Y	0.08901	0.90497	0.00602
75 A	0.09015	0.90141	0.00844
76 C	0.09716	0.89116	0.01168
77 F	0.05785	0.92973	0.01242
78 H	0.06129	0.92300	0.01571
79 I	0.05802	0.92593	0.01605
80 L	0.05509	0.92765	0.01726
81 K	0.05471	0.92654	0.01875
82 A	0.02763	0.95337	0.019
83 F	0.01382	0.96652	0.01966
84 F	0.01281	0.95955	0.02764
85 Y	0.01363	0.95006	0.03631
86 S	0.01493	0.89879	0.08628
87 N	0.01515	0.85805	0.1268
88 L	0.01523	0.85292	0.13185
89 M	0.01561	0.53598	0.44842
90 G	0.01581	0.48570	0.49849
91 Y	0.01773	0.40897	0.57331
92 M	0.01923	0.21074	0.77004
93 E	0.01927	0.16098	0.81975
94 I	0.01922	0.13623	0.84455
95 N	0.01918	0.12161	0.85921
96 G	0.01914	0.10108	0.87978
97 L	0.01911	0.09208	0.88881
98 T	0.01910	0.08350	0.8974
99 L	0.01908	0.07674	0.90418
100 P	0.01909	0.03063	0.95027
101 E	0.01905	0.00559	0.97536
102 K	0.01867	0.00375	0.97758
103 L	0.01436	0.36143	0.62422
104 S	0.01242	0.41532	0.57226
105 V	0.01118	0.48569	0.50313
106 L	0.01023	0.67601	0.31376
107 L	0.01010	0.70538	0.28452
108 L	0.01006	0.72881	0.26112
109 D	0.01005	0.76097	0.22899
110 Y	0.00990	0.87757	0.11253
111 F	0.00987	0.93358	0.05655
112 L	0.00986	0.96701	0.02314
113 V	0.00986	0.97606	0.01408
114 D	0.00986	0.98167	0.00846
115 M	0.00986	0.98857	0.00157
116 A	0.00986	0.98936	0.00079
117 Y	0.00986	0.98957	0.00057
118 G	0.00986	0.98953	0.00061
119 L	0.00986	0.98949	0.00065
120 S	0.00988	0.98942	0.0007
121 G	0.00996	0.98931	0.00073
122 L	0.01010	0.98912	0.00078
123 L	0.01051	0.98822	0.00127
124 Y	0.01127	0.98704	0.00169
125 L	0.03945	0.95774	0.00281
126 P	0.50598	0.48774	0.00628
127 N	0.57761	0.41427	0.00812
128 F	0.60501	0.38604	0.00895
129 S	0.71032	0.27993	0.00975
130 Y	0.72665	0.26353	0.00981
131 F	0.77518	0.21498	0.00983
132 N	0.90304	0.08707	0.00988
133 K	0.98679	0.00325	0.00996
134 Y	0.98811	0.00193	0.00996
135 K	0.98981	0.00024	0.00995
136 K	0.98704	0.00308	0.00987
137 I	0.66645	0.32530	0.00826
138 W	0.22868	0.76501	0.00631
139 S	0.11078	0.88418	0.00504
140 N	0.09336	0.90328	0.00336
141 L	0.01918	0.97915	0.00167
142 F	0.00534	0.99394	0.00072
143 I	0.00189	0.99805	6e-05
144 I	0.00054	0.99943	2e-05
145 F	0.00034	0.99965	1e-05
146 S	0.00016	0.99983	1e-05
147 L	0.00006	0.99993	1e-05
148 V	0.00004	0.99995	1e-05
149 L	0.00003	0.99996	1e-05
150 F	0.00003	0.99996	1e-05
151 F	0.00003	0.99996	1e-05
152 K	0.00004	0.99955	0.00042
153 F	0.00004	0.99951	0.00046
154 I	0.00005	0.99929	0.00065
155 A	0.00029	0.98471	0.015
156 S	0.00055	0.94930	0.05015
157 R	0.00076	0.92391	0.07533
158 F	0.00078	0.91882	0.08041
159 I	0.00084	0.91043	0.08872
160 W	0.00202	0.65495	0.34303
161 L	0.00472	0.20719	0.78809
162 K	0.00853	0.02251	0.96896
163 I	0.00864	0.02146	0.9699
164 L	0.00883	0.00960	0.98157
165 L	0.00932	0.00414	0.98654
166 E	0.00996	0.00171	0.98833
167 T	0.00998	0.00140	0.98862
168 I	0.00999	0.00123	0.98879
169 Q	0.00999	0.00045	0.98956
170 N	0.00999	0.00004	0.98998
171 N	0.00999	0.00001	0.99001
172 N	0.00999	0.00000	0.99001
173 D	0.00999	0.00000	0.99001
174 Y	0.00999	0.00014	0.98988
175 S	0.00999	0.00037	0.98965
176 Y	0.00998	0.00075	0.98926
177 P	0.00998	0.00079	0.98923
178 P	0.00998	0.00096	0.98906
179 A	0.00997	0.00602	0.98402
180 L	0.00991	0.01674	0.97336
181 L	0.00986	0.01866	0.97148
182 K	0.00985	0.01901	0.97113
183 Y	0.00979	0.03365	0.95656
184 P	0.00968	0.03675	0.95357
185 N	0.00869	0.05476	0.93655
186 I	0.00696	0.15186	0.84118
187 L	0.00550	0.27182	0.72268
188 C	0.00239	0.49419	0.50342
189 L	0.00048	0.85208	0.14744
190 F	0.00015	0.93400	0.06585
191 Y	0.00008	0.96144	0.03848
192 N	0.00006	0.97398	0.02595
193 I	0.00004	0.99716	0.00281
194 I	0.00005	0.99920	0.00075
195 P	0.00008	0.99945	0.00047
196 V	0.00007	0.99964	0.00029
197 L	0.00013	0.99964	0.00023
198 N	0.00023	0.99954	0.00023
199 N	0.00027	0.99951	0.00022
200 F	0.00028	0.99953	0.0002
201 L	0.00035	0.99946	0.0002
202 I	0.00222	0.99758	0.0002
203 T	0.01038	0.98938	0.00024
204 G	0.01106	0.98867	0.00028
205 F	0.01126	0.98845	0.00029
206 I	0.01618	0.98348	0.00033
207 F	0.01965	0.97978	0.00057
208 S	0.04150	0.95645	0.00205
209 F	0.10977	0.88651	0.00372
210 L	0.24534	0.74926	0.0054
211 N	0.55303	0.43829	0.00868
212 P	0.91294	0.07708	0.00997
213 R	0.97909	0.01076	0.01015
214 L	0.98279	0.00704	0.01017
215 K	0.98889	0.00092	0.0102
216 M	0.98964	0.00016	0.0102
217 Y	0.98969	0.00011	0.0102
218 L	0.98976	0.00004	0.01021
219 Q	0.98979	0.00000	0.01021
220 N	0.98979	0.00000	0.01021
221 K	0.98979	0.00000	0.01021
