# tr|B1V9I2|B1V9I2_PHYAS
# AA	inside	membr	outside
1 M	0.99189	0.00000	0.00811
2 A	0.99189	0.00000	0.00811
3 K	0.99189	0.00000	0.00811
4 Q	0.99189	0.00001	0.0081
5 R	0.99143	0.00051	0.00807
6 L	0.99143	0.00056	0.00801
7 K	0.95399	0.03804	0.00798
8 V	0.95398	0.03805	0.00797
9 G	0.90919	0.08298	0.00784
10 V	0.90916	0.08632	0.00453
11 K	0.90836	0.08717	0.00447
12 L	0.14033	0.85643	0.00324
13 S	0.00697	0.99055	0.00248
14 I	0.00675	0.99078	0.00248
15 L	0.00675	0.99156	0.0017
16 F	0.00620	0.99210	0.0017
17 I	0.00579	0.99251	0.0017
18 K	0.00579	0.99251	0.0017
19 F	0.00370	0.99461	0.0017
20 V	0.00353	0.99478	0.0017
21 S	0.00348	0.99483	0.0017
22 K	0.00348	0.99483	0.0017
23 S	0.00346	0.99486	0.00168
24 I	0.00344	0.99488	0.00168
25 F	0.00344	0.99487	0.0017
26 I	0.00338	0.99489	0.00173
27 F	0.00336	0.99395	0.00269
28 L	0.00348	0.99206	0.00445
29 L	0.00369	0.98484	0.01148
30 R	0.00622	0.87917	0.11461
31 I	0.00634	0.86575	0.12791
32 R	0.00781	0.67153	0.32066
33 G	0.00846	0.65863	0.33291
34 I	0.00850	0.65278	0.33872
35 I	0.00922	0.11365	0.87713
36 F	0.00938	0.02032	0.9703
37 K	0.00930	0.00722	0.98348
38 Y	0.00636	0.21289	0.78075
39 L	0.00429	0.49549	0.50023
40 F	0.00302	0.61450	0.38248
41 R	0.00174	0.82596	0.1723
42 F	0.00020	0.86375	0.13605
43 L	0.00008	0.87134	0.12859
44 L	0.00003	0.98986	0.0101
45 I	0.00003	0.99670	0.00327
46 I	0.00004	0.99823	0.00173
47 G	0.00004	0.99824	0.00172
48 I	0.00005	0.99823	0.00172
49 F	0.00005	0.99817	0.00178
50 K	0.00006	0.99811	0.00182
51 I	0.00007	0.99810	0.00183
52 I	0.00013	0.99803	0.00184
53 K	0.00046	0.99763	0.0019
54 L	0.00050	0.99759	0.00191
55 L	0.00065	0.99743	0.00192
56 S	0.00317	0.99478	0.00205
57 L	0.00915	0.98867	0.00218
58 S	0.05649	0.94089	0.00262
59 I	0.08126	0.91589	0.00286
60 N	0.12214	0.87397	0.0039
61 Y	0.24579	0.74838	0.00583
62 L	0.45706	0.53521	0.00774
63 V	0.59739	0.39348	0.00913
64 K	0.96894	0.01989	0.01118
65 Q	0.98798	0.00050	0.01152
66 R	0.98832	0.00015	0.01153
67 L	0.98841	0.00005	0.01154
68 K	0.98846	0.00000	0.01154
69 V	0.98846	0.00000	0.01154
