# tr|B1V9C6|B1V9C6_PHYAS
# AA	inside	membr	outside
1 M	0.01294	0.00000	0.98706
2 V	0.01294	0.00000	0.98706
3 A	0.01294	0.00000	0.98706
4 D	0.01294	0.00001	0.98705
5 E	0.01293	0.00019	0.98688
6 H	0.01293	0.00159	0.98548
7 A	0.01158	0.00385	0.98456
8 Q	0.01158	0.00386	0.98456
9 N	0.00810	0.00981	0.98209
10 Y	0.00808	0.78752	0.2044
11 F	0.00524	0.88297	0.11179
12 F	0.00311	0.89099	0.1059
13 Q	0.00164	0.90990	0.08846
14 A	0.00164	0.90990	0.08846
15 L	0.00164	0.99799	0.00037
16 G	0.00114	0.99849	0.00037
17 I	0.00071	0.99910	0.00019
18 A	0.00070	0.99919	0.00011
19 L	0.00049	0.99942	9e-05
20 L	0.00030	0.99969	1e-05
21 I	0.00014	0.99985	1e-05
22 S	0.00014	0.99985	1e-05
23 I	0.00014	0.99986	1e-05
24 I	0.00015	0.99985	1e-05
25 S	0.00141	0.99856	3e-05
26 G	0.00181	0.99814	5e-05
27 I	0.00306	0.99678	0.00016
28 L	0.01911	0.98037	0.00052
29 S	0.08031	0.91762	0.00206
30 C	0.19352	0.80337	0.00311
31 F	0.14669	0.85017	0.00315
32 L	0.15755	0.83781	0.00464
33 F	0.64452	0.35136	0.00412
34 N	0.69994	0.29279	0.00727
35 F	0.50870	0.48461	0.00669
36 S	0.44355	0.54973	0.00672
37 W	0.27978	0.71635	0.00387
38 I	0.30284	0.69533	0.00183
39 T	0.14525	0.85280	0.00196
40 A	0.08696	0.91103	0.00201
41 P	0.05299	0.94493	0.00208
42 L	0.00877	0.98908	0.00215
43 F	0.00637	0.99152	0.00211
44 S	0.00209	0.99568	0.00223
45 L	0.00023	0.99755	0.00222
46 S	0.00016	0.99760	0.00225
47 F	0.00013	0.99761	0.00225
48 G	0.00013	0.99759	0.00227
49 G	0.00013	0.99754	0.00233
50 F	0.00013	0.99744	0.00242
51 L	0.00013	0.99675	0.00311
52 G	0.00016	0.99506	0.00478
53 I	0.00027	0.98390	0.01583
54 L	0.00055	0.86586	0.13359
55 S	0.00344	0.75924	0.23732
56 N	0.00515	0.71807	0.27679
57 M	0.00549	0.70252	0.292
58 F	0.00573	0.48722	0.50705
59 K	0.00680	0.10770	0.88551
60 Y	0.00800	0.07890	0.91311
61 A	0.00987	0.06455	0.92558
62 S	0.01017	0.04238	0.94745
63 R	0.01048	0.01762	0.9719
64 Y	0.01049	0.01311	0.9764
65 S	0.01050	0.00036	0.98914
66 K	0.01051	0.00002	0.98947
67 E	0.01051	0.00003	0.98946
68 L	0.01049	0.00128	0.98823
69 Q	0.01049	0.00467	0.98484
70 G	0.01016	0.00813	0.98171
71 E	0.00962	0.02124	0.96915
72 Y	0.00701	0.30547	0.68752
73 V	0.00491	0.82764	0.16745
74 V	0.00394	0.94433	0.05174
75 F	0.00011	0.98951	0.01038
76 L	0.00004	0.99605	0.00392
77 G	0.00003	0.99744	0.00253
78 I	0.00001	0.99966	0.00034
79 S	0.00000	0.99980	0.0002
80 I	0.00000	0.99999	1e-05
81 I	0.00000	1.00000	0
82 L	0.00000	1.00000	0
83 F	0.00000	1.00000	0
84 F	0.00000	1.00000	0
85 L	0.00000	1.00000	0
86 I	0.00000	1.00000	0
87 S	0.00000	1.00000	0
88 N	0.00001	0.99999	0
89 F	0.00001	0.99999	0
90 L	0.00005	0.99994	1e-05
91 I	0.00050	0.99947	3e-05
92 T	0.00960	0.99030	0.00011
93 L	0.01500	0.98447	0.00052
94 L	0.03418	0.96465	0.00117
95 L	0.31198	0.68471	0.00331
96 Y	0.81812	0.17668	0.0052
97 Y	0.93094	0.06298	0.00608
98 K	0.98716	0.00235	0.01048
99 K	0.98913	0.00035	0.01051
100 F	0.98921	0.00028	0.01051
101 R	0.98946	0.00002	0.01051
102 K	0.98948	0.00000	0.01051
103 Q	0.98949	0.00000	0.01051
104 E	0.98949	0.00000	0.01051
105 N	0.98948	0.00000	0.01051
106 Q	0.98948	0.00000	0.01051
107 D	0.98939	0.00010	0.01051
108 I	0.98343	0.00606	0.0105
109 I	0.98118	0.00832	0.0105
110 N	0.97965	0.00986	0.01049
111 K	0.97907	0.01046	0.01047
112 F	0.95388	0.04044	0.00568
113 G	0.93604	0.05916	0.00479
114 F	0.72160	0.27560	0.0028
115 V	0.15070	0.84832	0.00098
116 I	0.01231	0.98755	0.00014
117 F	0.00303	0.99690	7e-05
118 N	0.00065	0.99929	6e-05
119 F	0.00006	0.99993	2e-05
120 F	0.00000	0.99999	0
121 I	0.00000	1.00000	0
122 V	0.00000	1.00000	0
123 T	0.00000	1.00000	0
124 T	0.00000	1.00000	0
125 I	0.00000	1.00000	0
126 Y	0.00000	1.00000	0
127 A	0.00000	0.99999	1e-05
128 F	0.00000	0.99993	7e-05
129 L	0.00000	0.99990	0.0001
130 F	0.00000	0.99982	0.00017
131 F	0.00000	0.99887	0.00113
132 L	0.00001	0.99683	0.00316
133 L	0.00002	0.99311	0.00687
134 F	0.00007	0.99007	0.00985
135 I	0.00476	0.96499	0.03025
136 A	0.00610	0.93972	0.05418
137 F	0.00786	0.72624	0.2659
138 G	0.00964	0.12457	0.86578
139 E	0.01045	0.00301	0.98654
140 E	0.01050	0.00045	0.98904
141 I	0.01050	0.00040	0.98909
142 K	0.01051	0.00012	0.98937
143 I	0.01041	0.00091	0.98868
144 F	0.01027	0.00147	0.98826
145 K	0.01023	0.00182	0.98795
146 N	0.00964	0.11094	0.87941
147 V	0.00398	0.63844	0.35758
148 W	0.00308	0.75370	0.24322
149 A	0.00120	0.78450	0.2143
150 I	0.00054	0.81255	0.1869
151 I	0.00036	0.90250	0.09714
152 G	0.00016	0.98425	0.0156
153 L	0.00012	0.99133	0.00856
154 L	0.00009	0.99365	0.00626
155 F	0.00002	0.99796	0.00202
156 F	0.00000	0.99887	0.00112
157 S	0.00000	0.99922	0.00078
158 G	0.00000	0.99981	0.00019
159 L	0.00000	0.99991	9e-05
160 V	0.00000	0.99997	2e-05
161 A	0.00001	0.99997	2e-05
162 S	0.00002	0.99995	2e-05
163 S	0.00004	0.99993	2e-05
164 S	0.00011	0.99986	3e-05
165 I	0.00033	0.99963	3e-05
166 F	0.00222	0.99770	8e-05
167 I	0.01381	0.98592	0.00027
168 A	0.02277	0.97679	0.00044
169 S	0.17940	0.81975	0.00084
170 A	0.57146	0.42261	0.00593
171 L	0.63608	0.35724	0.00668
172 C	0.65799	0.33350	0.00851
173 I	0.68162	0.30972	0.00866
174 F	0.79207	0.19917	0.00877
175 D	0.90212	0.08795	0.00993
176 V	0.90351	0.08654	0.00995
177 I	0.92445	0.06554	0.01001
178 T	0.97786	0.01187	0.01028
179 K	0.98902	0.00049	0.0105
180 K	0.98943	0.00004	0.01053
181 T	0.98677	0.00272	0.01051
182 N	0.98546	0.00404	0.0105
183 R	0.98452	0.00504	0.01044
184 F	0.96275	0.02715	0.0101
185 Q	0.95690	0.03308	0.01002
186 I	0.76566	0.22594	0.0084
187 S	0.75530	0.23637	0.00833
188 K	0.75035	0.24141	0.00824
189 F	0.19669	0.80170	0.00161
190 F	0.06926	0.93004	0.0007
191 G	0.06018	0.93941	0.0004
192 F	0.05842	0.94135	0.00023
193 Y	0.05755	0.94226	0.00019
194 F	0.05737	0.94243	0.00019
195 I	0.05736	0.94245	0.00019
196 Y	0.05736	0.94245	0.00019
197 N	0.05736	0.94244	0.0002
198 C	0.05736	0.94244	0.00021
199 I	0.05736	0.94241	0.00023
200 L	0.05736	0.94230	0.00035
201 S	0.05738	0.94144	0.00117
202 H	0.05741	0.93987	0.00272
203 L	0.05742	0.93909	0.00349
204 E	0.05758	0.88125	0.06118
205 N	0.05761	0.87074	0.07165
206 V	0.05764	0.86452	0.07784
207 F	0.05803	0.79355	0.14841
208 L	0.05845	0.70799	0.23357
209 E	0.06574	0.10267	0.8316
210 R	0.06645	0.07408	0.85946
211 F	0.06649	0.07196	0.86155
212 A	0.06740	0.03784	0.89476
213 K	0.06769	0.00032	0.93199
214 K	0.06770	0.00001	0.9323
215 I	0.06770	0.00000	0.9323
216 N	0.06770	0.00000	0.9323
217 F	0.06770	0.00000	0.9323
218 K	0.06770	0.00000	0.9323
219 R	0.06770	0.00000	0.9323
220 C	0.06770	0.00000	0.9323
221 C	0.06770	0.00000	0.9323
222 F	0.06770	0.00000	0.9323
223 Y	0.06770	0.00000	0.9323
224 L	0.06770	0.00000	0.9323
225 R	0.06770	0.00000	0.9323
226 K	0.06770	0.00000	0.9323
227 Q	0.06770	0.00000	0.9323
228 Q	0.06770	0.00000	0.9323
229 L	0.06770	0.00000	0.9323
230 N	0.06770	0.00000	0.9323
231 S	0.06770	0.00000	0.9323
232 L	0.06770	0.00000	0.9323
233 N	0.06770	0.00000	0.9323
234 I	0.06770	0.00000	0.9323
235 S	0.06770	0.00000	0.9323
