# tr|B1VB23|B1VB23_PHYAS
# AA	inside	membr	outside
1 M	0.93998	0.00000	0.06002
2 K	0.93998	0.00000	0.06002
3 I	0.93997	0.00001	0.06002
4 K	0.93997	0.00001	0.06001
5 K	0.93874	0.00129	0.05996
6 K	0.93874	0.00136	0.0599
7 L	0.53198	0.40821	0.05981
8 S	0.53198	0.40821	0.05981
9 F	0.51931	0.42089	0.0598
10 C	0.51931	0.42093	0.05976
11 L	0.51896	0.42128	0.05975
12 K	0.51744	0.42280	0.05975
13 T	0.46282	0.47755	0.05963
14 L	0.46281	0.47756	0.05963
15 S	0.46280	0.47998	0.05721
16 F	0.46124	0.48155	0.05721
17 S	0.46053	0.48227	0.0572
18 I	0.46040	0.48267	0.05693
19 L	0.46003	0.48305	0.05692
20 A	0.45414	0.48947	0.05639
21 C	0.44343	0.50018	0.05639
22 Y	0.44125	0.50210	0.05666
23 F	0.44072	0.49991	0.05937
24 R	0.44082	0.47581	0.08336
25 S	0.44053	0.33361	0.22587
26 H	0.43911	0.31399	0.2469
27 T	0.43763	0.15695	0.40542
28 S	0.43180	0.14162	0.42658
29 S	0.38825	0.16404	0.44771
30 F	0.18949	0.36635	0.44415
31 F	0.11143	0.45941	0.42916
32 S	0.04925	0.55599	0.39477
33 Y	0.02679	0.59120	0.38202
34 L	0.01060	0.64123	0.34816
35 F	0.00672	0.66161	0.33168
36 W	0.00470	0.69320	0.30211
37 L	0.00368	0.71021	0.28611
38 F	0.00469	0.75842	0.23688
39 F	0.00366	0.96272	0.03362
40 V	0.00377	0.96860	0.02763
41 S	0.00442	0.97070	0.02488
42 H	0.00406	0.97488	0.02105
43 F	0.00383	0.97853	0.01765
44 V	0.00225	0.97978	0.01797
45 V	0.00324	0.97758	0.01918
46 K	0.00623	0.97081	0.02296
47 I	0.00545	0.97662	0.01793
48 I	0.00613	0.97545	0.01842
49 D	0.00937	0.96508	0.02554
50 Y	0.00827	0.96548	0.02625
51 I	0.00855	0.96121	0.03024
52 F	0.00962	0.91632	0.07406
53 S	0.02841	0.69940	0.2722
54 Y	0.04682	0.59574	0.35744
55 E	0.09180	0.48925	0.41896
56 F	0.09558	0.48138	0.42304
57 I	0.11715	0.45426	0.42859
58 L	0.13413	0.43392	0.43195
59 L	0.20245	0.36214	0.43541
60 I	0.22506	0.33708	0.43786
61 L	0.28600	0.27254	0.44146
62 R	0.51473	0.03797	0.44729
63 M	0.52566	0.02616	0.44819
64 T	0.53129	0.01944	0.44927
65 T	0.53379	0.01574	0.45047
66 I	0.53561	0.01301	0.45138
67 S	0.54236	0.00164	0.456
68 L	0.54317	0.00000	0.45682
