# tr|B1V901|B1V901_PHYAS
# AA	inside	membr	outside
1 M	0.99998	0.00000	3e-05
2 N	0.99998	0.00000	3e-05
3 K	0.99998	0.00000	3e-05
4 F	0.99998	0.00000	3e-05
5 R	0.99997	0.00000	3e-05
6 I	0.99997	0.00000	3e-05
7 R	0.99996	0.00001	3e-05
8 K	0.99996	0.00001	3e-05
9 G	0.99940	0.00057	3e-05
10 S	0.99940	0.00057	3e-05
11 K	0.99934	0.00064	3e-05
12 D	0.97733	0.02265	3e-05
13 L	0.00141	0.99858	2e-05
14 F	0.00135	0.99864	2e-05
15 I	0.00135	0.99864	2e-05
16 S	0.00103	0.99895	2e-05
17 I	0.00032	0.99967	2e-05
18 L	0.00030	0.99968	2e-05
19 C	0.00026	0.99972	2e-05
20 L	0.00002	0.99997	2e-05
21 L	0.00000	0.99998	2e-05
22 V	0.00000	0.99998	2e-05
23 S	0.00000	0.99998	2e-05
24 F	0.00000	0.99998	2e-05
25 F	0.00000	0.99998	2e-05
26 C	0.00000	0.99998	2e-05
27 F	0.00000	0.99991	9e-05
28 F	0.00000	0.99608	0.00392
29 E	0.00000	0.99363	0.00637
30 T	0.00000	0.99205	0.00795
31 S	0.00000	0.98354	0.01646
32 F	0.00000	0.90922	0.09078
33 S	0.00000	0.55824	0.44176
34 V	0.00000	0.54370	0.4563
35 A	0.00000	0.51399	0.48601
36 Q	0.00001	0.03747	0.96252
37 I	0.00001	0.15058	0.84941
38 E	0.00001	0.13080	0.8692
39 I	0.00001	0.29621	0.70379
40 K	0.00001	0.38520	0.6148
41 L	0.00000	0.66624	0.33375
42 A	0.00000	0.94570	0.0543
43 D	0.00000	0.94798	0.05202
44 I	0.00000	0.96877	0.03123
45 F	0.00000	0.99995	5e-05
46 L	0.00000	0.99998	2e-05
47 G	0.00000	0.99999	1e-05
48 V	0.00000	1.00000	0
49 I	0.00000	1.00000	0
50 L	0.00000	1.00000	0
51 F	0.00000	1.00000	0
52 L	0.00000	1.00000	0
53 F	0.00000	1.00000	0
54 T	0.00001	0.99999	0
55 Y	0.00001	0.99999	0
56 L	0.00003	0.99997	0
57 L	0.00018	0.99982	0
58 V	0.00079	0.99921	0
59 F	0.13383	0.86616	0
60 K	0.98566	0.01433	1e-05
61 E	0.99502	0.00497	1e-05
62 Y	0.99588	0.00411	1e-05
63 K	0.99885	0.00114	1e-05
64 T	0.99899	0.00100	1e-05
65 I	0.99972	0.00027	1e-05
66 N	0.99978	0.00021	1e-05
67 T	0.99991	0.00008	1e-05
68 K	0.99966	0.00033	1e-05
69 S	0.99903	0.00096	1e-05
70 R	0.99484	0.00516	1e-05
71 Y	0.27207	0.72793	1e-05
72 V	0.00430	0.99570	1e-05
73 F	0.00227	0.99772	1e-05
74 L	0.00131	0.99869	0
75 F	0.00116	0.99884	0
76 E	0.00112	0.99888	0
77 T	0.00101	0.99899	0
78 L	0.00040	0.99960	0
79 L	0.00001	0.99999	0
80 F	0.00000	1.00000	0
81 I	0.00000	1.00000	0
82 S	0.00000	1.00000	0
83 I	0.00000	1.00000	0
84 I	0.00000	1.00000	0
85 L	0.00000	1.00000	0
86 M	0.00000	0.99999	1e-05
87 S	0.00000	0.99996	4e-05
88 F	0.00000	0.99993	7e-05
89 I	0.00000	0.98962	0.01038
90 F	0.00000	0.96695	0.03305
91 P	0.00000	0.87036	0.12964
92 G	0.00000	0.84547	0.15453
93 M	0.00000	0.82779	0.17221
94 G	0.00000	0.19250	0.8075
95 L	0.00000	0.01678	0.98322
96 I	0.00000	0.01128	0.98872
97 K	0.00001	0.00032	0.99967
98 K	0.00001	0.00003	0.99996
99 E	0.00001	0.00054	0.99945
100 Q	0.00001	0.00204	0.99795
101 L	0.00001	0.00406	0.99593
102 P	0.00001	0.00778	0.99221
103 S	0.00000	0.64466	0.35534
104 V	0.00000	0.81837	0.18163
105 F	0.00000	0.87450	0.1255
106 A	0.00000	0.91251	0.08748
107 W	0.00000	0.93624	0.06376
108 F	0.00000	0.97763	0.02237
109 L	0.00000	0.98976	0.01024
110 E	0.00000	0.99042	0.00958
111 W	0.00000	0.99125	0.00875
112 N	0.00000	0.99137	0.00863
113 H	0.00000	0.99546	0.00454
114 C	0.00000	0.99782	0.00219
115 L	0.00000	0.99933	0.00067
116 F	0.00000	0.99938	0.00062
117 Y	0.00001	0.99938	0.00061
118 L	0.00005	0.99935	0.00061
119 V	0.00017	0.99922	0.00061
120 V	0.00084	0.99855	0.00061
121 V	0.00611	0.99328	0.00061
122 H	0.02410	0.97529	0.00061
123 T	0.02765	0.97174	0.00061
124 F	0.03234	0.96706	0.00061
125 I	0.08944	0.90996	0.00061
126 K	0.88117	0.11822	0.00061
127 L	0.93905	0.06034	0.00061
128 H	0.96229	0.03709	0.00061
129 V	0.96855	0.03084	0.00061
130 E	0.97857	0.02082	0.00061
131 Y	0.98584	0.01355	0.00061
132 F	0.99179	0.00760	0.00061
133 K	0.99912	0.00027	0.00061
134 K	0.99906	0.00033	0.00061
135 E	0.99812	0.00127	0.00061
136 K	0.97946	0.01994	0.0006
137 N	0.53535	0.46415	0.0005
138 L	0.08308	0.91669	0.00023
139 S	0.03413	0.96569	0.00019
140 F	0.01290	0.98695	0.00015
141 S	0.00519	0.99467	0.00015
142 L	0.00319	0.99668	0.00014
143 Y	0.00312	0.99674	0.00014
144 L	0.00310	0.99676	0.00014
145 I	0.00310	0.99676	0.00014
146 A	0.00310	0.99676	0.00014
147 F	0.00310	0.99676	0.00014
148 G	0.00310	0.99676	0.00014
149 F	0.00310	0.99676	0.00014
150 G	0.00310	0.99676	0.00015
151 N	0.00310	0.99672	0.00018
152 Y	0.00310	0.99641	0.0005
153 I	0.00310	0.98519	0.01171
154 M	0.00311	0.89788	0.09901
155 N	0.00314	0.61150	0.38536
156 S	0.00345	0.51595	0.48059
157 P	0.00350	0.45950	0.537
158 I	0.00351	0.37511	0.62138
159 N	0.00353	0.15803	0.83844
160 P	0.00352	0.07949	0.91699
161 R	0.00348	0.07013	0.92639
162 N	0.00093	0.24345	0.75563
163 F	0.00036	0.56686	0.43278
164 I	0.00029	0.85011	0.1496
165 L	0.00027	0.90090	0.09883
166 K	0.00027	0.90510	0.09464
167 T	0.00022	0.97573	0.02405
168 I	0.00020	0.99138	0.00842
169 S	0.00020	0.99359	0.00621
170 V	0.00019	0.99556	0.00424
171 L	0.00019	0.99564	0.00416
172 S	0.00019	0.99564	0.00416
173 L	0.00019	0.99564	0.00416
174 L	0.00019	0.99564	0.00416
175 Q	0.00020	0.99564	0.00416
176 C	0.00020	0.99564	0.00416
177 L	0.00020	0.99563	0.00416
178 Y	0.00026	0.99558	0.00416
179 F	0.00043	0.99540	0.00417
180 L	0.00194	0.99388	0.00419
181 F	0.02360	0.97220	0.0042
182 T	0.27981	0.71559	0.00459
183 S	0.48962	0.50542	0.00496
184 I	0.59526	0.39968	0.00507
185 K	0.93115	0.06140	0.00744
186 K	0.98732	0.00514	0.00754
187 M	0.99044	0.00202	0.00754
188 K	0.99226	0.00020	0.00754
189 N	0.99232	0.00014	0.00754
190 N	0.99242	0.00004	0.00754
191 N	0.99245	0.00000	0.00754
192 Q	0.99246	0.00000	0.00754
193 K	0.99246	0.00000	0.00754
