# tr|B1V9N1|B1V9N1_PHYAS
# AA	inside	membr	outside
1 M	0.97943	0.00000	0.02056
2 K	0.97943	0.00000	0.02056
3 S	0.97943	0.00000	0.02056
4 N	0.97943	0.00000	0.02056
5 N	0.97943	0.00000	0.02056
6 N	0.97943	0.00000	0.02056
7 T	0.97943	0.00000	0.02056
8 K	0.97943	0.00000	0.02056
9 V	0.97943	0.00000	0.02056
10 N	0.97943	0.00000	0.02056
11 D	0.97943	0.00000	0.02056
12 L	0.97943	0.00000	0.02056
13 F	0.97943	0.00000	0.02056
14 K	0.97943	0.00000	0.02056
15 K	0.97943	0.00000	0.02056
16 I	0.97943	0.00000	0.02056
17 N	0.97943	0.00000	0.02056
18 D	0.97943	0.00000	0.02056
19 N	0.97943	0.00000	0.02056
20 F	0.97943	0.00000	0.02056
21 L	0.97943	0.00000	0.02056
22 S	0.97943	0.00000	0.02056
23 S	0.97943	0.00000	0.02056
24 S	0.97943	0.00000	0.02056
25 D	0.97943	0.00000	0.02056
26 T	0.97943	0.00000	0.02056
27 T	0.97943	0.00000	0.02056
28 D	0.97943	0.00000	0.02056
29 Y	0.97943	0.00000	0.02056
30 K	0.97943	0.00000	0.02056
31 L	0.97943	0.00001	0.02056
32 K	0.97941	0.00002	0.02056
33 A	0.97930	0.00014	0.02056
34 S	0.97902	0.00041	0.02056
35 R	0.97808	0.00137	0.02055
36 K	0.97306	0.00643	0.0205
37 G	0.25761	0.72346	0.01893
38 V	0.07155	0.92598	0.00246
39 A	0.05741	0.94066	0.00193
40 F	0.04412	0.95414	0.00174
41 K	0.04276	0.95562	0.00162
42 T	0.01949	0.97967	0.00085
43 I	0.00111	0.99885	4e-05
44 L	0.00020	0.99978	3e-05
45 L	0.00007	0.99991	2e-05
46 L	0.00005	0.99993	1e-05
47 L	0.00005	0.99993	1e-05
48 I	0.00005	0.99993	1e-05
49 T	0.00005	0.99993	1e-05
50 S	0.00005	0.99993	1e-05
51 F	0.00005	0.99993	1e-05
52 T	0.00005	0.99991	3e-05
53 A	0.00005	0.99977	0.00017
54 G	0.00005	0.99945	0.0005
55 T	0.00006	0.98462	0.01532
56 F	0.00007	0.98165	0.01829
57 F	0.00009	0.95501	0.0449
58 S	0.00038	0.90993	0.0897
59 L	0.00057	0.89521	0.10423
60 F	0.00200	0.20082	0.79718
61 K	0.02026	0.01690	0.96285
62 M	0.02044	0.01396	0.9656
63 T	0.02056	0.01141	0.96803
64 Q	0.02059	0.01022	0.96919
65 L	0.02055	0.00721	0.97224
66 K	0.02053	0.00074	0.97873
67 F	0.00741	0.06280	0.92979
68 P	0.00721	0.07667	0.91612
69 Y	0.00490	0.80073	0.19438
70 L	0.00440	0.92401	0.0716
71 W	0.00284	0.95804	0.03912
72 M	0.00212	0.96484	0.03304
73 I	0.00013	0.97024	0.02964
74 K	0.00011	0.97278	0.02711
75 V	0.00007	0.99889	0.00104
76 I	0.00001	0.99981	0.00017
77 F	0.00001	0.99989	0.0001
78 L	0.00000	0.99991	8e-05
79 T	0.00000	0.99993	6e-05
80 S	0.00000	0.99993	6e-05
81 S	0.00000	0.99993	6e-05
82 F	0.00000	0.99993	6e-05
83 A	0.00001	0.99993	6e-05
84 T	0.00002	0.99992	6e-05
85 S	0.00004	0.99988	8e-05
86 I	0.00008	0.99983	9e-05
87 F	0.00066	0.99914	0.00019
88 Y	0.00416	0.99552	0.00032
89 I	0.02258	0.97648	0.00094
90 A	0.11101	0.87660	0.0124
91 A	0.14833	0.83850	0.01318
92 M	0.84557	0.13862	0.0158
93 L	0.91104	0.07186	0.0171
94 R	0.96449	0.01637	0.01914
95 V	0.96825	0.01245	0.0193
96 E	0.97235	0.00740	0.02025
97 M	0.96833	0.01170	0.01997
98 S	0.58053	0.40123	0.01824
99 R	0.55788	0.42534	0.01678
100 L	0.40539	0.57880	0.01581
101 C	0.33723	0.64844	0.01434
102 S	0.27679	0.71079	0.01242
103 C	0.12380	0.86556	0.01065
104 L	0.02286	0.97525	0.00189
105 F	0.01112	0.98798	0.00091
106 A	0.01041	0.98943	0.00017
107 V	0.01027	0.98962	0.00012
108 L	0.01024	0.98966	0.0001
109 E	0.01024	0.98967	9e-05
110 G	0.01020	0.98973	8e-05
111 L	0.01016	0.98977	7e-05
112 T	0.01015	0.98978	7e-05
113 I	0.01013	0.98980	6e-05
114 G	0.01012	0.98977	0.00011
115 I	0.01009	0.98977	0.00014
116 F	0.01009	0.98858	0.00132
117 F	0.01010	0.98680	0.0031
118 H	0.01036	0.94741	0.04223
119 F	0.01046	0.92963	0.0599
120 I	0.01096	0.90124	0.0878
121 N	0.01707	0.33417	0.64877
122 C	0.02028	0.28284	0.69689
123 I	0.02189	0.20629	0.77183
124 Y	0.02578	0.21136	0.76285
125 S	0.02693	0.19262	0.78045
126 N	0.02596	0.17981	0.79423
127 L	0.01226	0.30901	0.67873
128 L	0.00713	0.43226	0.56061
129 E	0.00722	0.45425	0.53853
130 I	0.00208	0.91640	0.08151
131 V	0.00048	0.96024	0.03929
132 F	0.00009	0.99399	0.00591
133 I	0.00001	0.99845	0.00154
134 A	0.00000	0.99868	0.00131
135 L	0.00000	0.99990	9e-05
136 F	0.00000	0.99994	6e-05
137 S	0.00000	0.99995	4e-05
138 T	0.00000	0.99995	4e-05
139 L	0.00000	0.99995	4e-05
140 I	0.00000	0.99995	4e-05
141 I	0.00000	0.99994	6e-05
142 F	0.00005	0.99988	8e-05
143 C	0.00029	0.99955	0.00016
144 V	0.00090	0.99891	0.00019
145 M	0.00420	0.99538	0.00042
146 A	0.01297	0.98633	0.0007
147 H	0.19678	0.80228	0.00094
148 A	0.31381	0.68463	0.00156
149 Y	0.38616	0.60830	0.00554
150 Y	0.56564	0.41096	0.0234
151 K	0.88910	0.08107	0.02982
152 G	0.90276	0.06732	0.02992
153 T	0.92750	0.04184	0.03066
154 L	0.92977	0.03947	0.03075
155 K	0.96875	0.00044	0.03081
156 V	0.96911	0.00008	0.03081
157 T	0.96915	0.00004	0.03081
158 Q	0.96917	0.00002	0.0308
159 R	0.96911	0.00013	0.03075
160 F	0.96835	0.00130	0.03034
161 T	0.96823	0.00148	0.03029
162 T	0.95250	0.01907	0.02843
163 I	0.93647	0.04001	0.02352
164 M	0.93444	0.05473	0.01083
165 Q	0.92644	0.06643	0.00713
166 R	0.90295	0.09027	0.00678
167 I	0.34272	0.65340	0.00388
168 S	0.28288	0.71384	0.00328
169 I	0.13805	0.86157	0.00038
170 A	0.05954	0.94040	6e-05
171 L	0.00524	0.99473	3e-05
172 F	0.00111	0.99888	1e-05
173 F	0.00078	0.99921	1e-05
174 T	0.00063	0.99936	0
175 Y	0.00049	0.99951	0
176 L	0.00043	0.99957	0
177 I	0.00043	0.99957	0
178 R	0.00042	0.99951	7e-05
179 L	0.00038	0.99954	8e-05
180 F	0.00036	0.99932	0.00032
181 F	0.00043	0.99904	0.00054
182 V	0.00079	0.99744	0.00177
183 L	0.00175	0.98405	0.0142
184 F	0.00189	0.98308	0.01503
185 G	0.00377	0.95588	0.04035
186 V	0.00808	0.94078	0.05115
187 G	0.02367	0.89212	0.08422
188 T	0.02813	0.82472	0.14715
189 I	0.02908	0.72199	0.24893
190 E	0.03088	0.08897	0.88015
191 N	0.02946	0.05430	0.91623
192 I	0.02438	0.17676	0.79885
193 L	0.00804	0.33127	0.66069
194 Y	0.00328	0.81119	0.18552
195 Y	0.00233	0.86877	0.1289
196 S	0.00092	0.91358	0.0855
197 I	0.00062	0.95921	0.04017
198 L	0.00010	0.97031	0.0296
199 V	0.00001	0.99868	0.00131
200 I	0.00001	0.99941	0.00058
201 P	0.00000	0.99951	0.00049
202 L	0.00000	0.99959	0.00041
203 S	0.00000	0.99956	0.00044
204 L	0.00000	0.99961	0.00039
205 F	0.00000	0.99957	0.00042
206 M	0.00000	0.99953	0.00047
207 L	0.00000	0.99952	0.00048
208 G	0.00000	0.99951	0.00048
209 F	0.00001	0.99948	0.0005
210 L	0.00010	0.99930	0.00059
211 S	0.00081	0.99823	0.00097
212 M	0.00247	0.99635	0.00118
213 Y	0.00382	0.99484	0.00135
214 L	0.00795	0.98939	0.00266
215 A	0.13704	0.85653	0.00642
216 I	0.26556	0.71126	0.02319
217 H	0.80970	0.16191	0.02839
218 F	0.88624	0.08417	0.02959
219 D	0.96249	0.00637	0.03114
220 Y	0.96489	0.00392	0.0312
221 T	0.96674	0.00160	0.03166
222 E	0.96826	0.00004	0.03169
223 Q	0.96829	0.00001	0.0317
224 M	0.96829	0.00001	0.0317
225 I	0.96829	0.00001	0.0317
226 Q	0.96830	0.00000	0.0317
227 Q	0.96830	0.00000	0.0317
228 G	0.96819	0.00011	0.0317
229 L	0.96814	0.00017	0.0317
230 P	0.96812	0.00018	0.0317
231 E	0.96792	0.00039	0.03169
232 K	0.96754	0.00080	0.03166
233 Y	0.95424	0.01632	0.02945
234 E	0.94616	0.02532	0.02852
235 W	0.75198	0.23714	0.01089
236 Q	0.71143	0.28081	0.00775
237 V	0.16217	0.83307	0.00475
238 S	0.09513	0.90210	0.00277
239 L	0.02118	0.97813	0.00069
240 A	0.01904	0.98081	0.00015
241 F	0.01656	0.98338	7e-05
242 A	0.01567	0.98430	3e-05
243 A	0.01549	0.98449	2e-05
244 T	0.01544	0.98454	2e-05
245 L	0.01542	0.98457	2e-05
246 I	0.01541	0.98457	2e-05
247 S	0.01541	0.98457	2e-05
248 I	0.01541	0.98457	2e-05
249 F	0.01541	0.98456	2e-05
250 L	0.01541	0.98446	0.00013
251 R	0.01548	0.98289	0.00164
252 I	0.01549	0.98211	0.00241
253 V	0.01571	0.96285	0.02144
254 N	0.01659	0.91617	0.06724
255 L	0.01770	0.85972	0.12258
256 L	0.02187	0.78291	0.19521
257 L	0.02331	0.73632	0.24037
258 R	0.04191	0.56269	0.3954
259 I	0.04333	0.54189	0.41478
260 M	0.04525	0.14346	0.8113
261 G	0.04591	0.07483	0.87926
262 K	0.04707	0.00065	0.95228
263 E	0.04709	0.00001	0.9529
264 K	0.04709	0.00000	0.95291
265 E	0.04709	0.00000	0.95291
