# tr|B1V976|B1V976_PHYAS
# AA	inside	membr	outside
1 M	0.99646	0.00000	0.00354
2 K	0.99646	0.00000	0.00354
3 K	0.99646	0.00000	0.00354
4 K	0.99646	0.00000	0.00354
5 D	0.99646	0.00000	0.00354
6 L	0.99646	0.00000	0.00354
7 E	0.99636	0.00010	0.00354
8 H	0.99636	0.00010	0.00354
9 S	0.99241	0.00406	0.00354
10 L	0.99237	0.00430	0.00333
11 R	0.99151	0.00517	0.00333
12 H	0.76192	0.23477	0.00332
13 N	0.24146	0.75534	0.00321
14 H	0.24130	0.75549	0.00321
15 P	0.24130	0.75717	0.00154
16 S	0.17977	0.81870	0.00154
17 I	0.10677	0.89174	0.0015
18 K	0.10619	0.89233	0.00148
19 I	0.06617	0.93249	0.00134
20 M	0.03588	0.96297	0.00115
21 A	0.00015	0.99870	0.00115
22 F	0.00005	0.99880	0.00115
23 L	0.00003	0.99883	0.00115
24 L	0.00003	0.99883	0.00115
25 L	0.00003	0.99883	0.00115
26 L	0.00003	0.99883	0.00115
27 F	0.00003	0.99882	0.00116
28 F	0.00003	0.99876	0.00122
29 V	0.00003	0.99839	0.00159
30 L	0.00005	0.99345	0.00651
31 Q	0.00015	0.89381	0.10605
32 L	0.00016	0.86349	0.13636
33 P	0.00112	0.79411	0.20478
34 I	0.00127	0.77599	0.22275
35 N	0.00165	0.46442	0.53393
36 N	0.00181	0.03763	0.96056
37 H	0.00193	0.02367	0.97441
38 S	0.00220	0.01871	0.97909
39 N	0.00234	0.01117	0.98649
40 L	0.00237	0.01087	0.98677
41 K	0.00239	0.00287	0.99475
42 M	0.00211	0.05055	0.94734
43 W	0.00187	0.08100	0.91713
44 T	0.00156	0.31126	0.68718
45 L	0.00037	0.88586	0.11377
46 Y	0.00018	0.95570	0.04412
47 A	0.00009	0.97019	0.02971
48 S	0.00008	0.97225	0.02767
49 V	0.00001	0.99596	0.00403
50 F	0.00000	0.99963	0.00036
51 C	0.00000	0.99973	0.00027
52 S	0.00000	0.99995	5e-05
53 L	0.00000	0.99997	3e-05
54 L	0.00000	0.99999	1e-05
55 L	0.00000	0.99999	0
56 I	0.00000	1.00000	0
57 C	0.00000	1.00000	0
58 F	0.00000	0.99999	0
59 S	0.00001	0.99999	0
60 F	0.00004	0.99996	0
61 G	0.00017	0.99982	1e-05
62 L	0.00096	0.99901	3e-05
63 S	0.00835	0.99148	0.00017
64 F	0.01292	0.98686	0.00022
65 C	0.06137	0.93798	0.00065
66 Y	0.09473	0.90447	0.0008
67 F	0.30790	0.69098	0.00112
68 C	0.87735	0.12050	0.00215
69 S	0.96611	0.03163	0.00227
70 R	0.98784	0.00986	0.0023
71 I	0.97669	0.02120	0.00211
72 K	0.98311	0.01481	0.00208
73 H	0.97687	0.02117	0.00196
74 L	0.95091	0.04750	0.00159
75 R	0.95025	0.04833	0.00142
76 F	0.94855	0.05034	0.00111
77 F	0.94804	0.05146	0.0005
78 F	0.94802	0.05149	0.00049
79 F	0.94801	0.05150	0.00049
80 I	0.94801	0.05150	0.00049
81 S	0.94801	0.05150	0.00049
82 L	0.94801	0.05150	0.00049
83 L	0.94801	0.05150	0.00049
84 L	0.94801	0.05150	0.00049
85 Q	0.94801	0.05149	0.00049
86 L	0.94802	0.05145	0.00053
87 T	0.94811	0.05128	0.0006
88 T	0.94817	0.05073	0.0011
89 T	0.94822	0.01924	0.03254
90 K	0.94828	0.00943	0.0423
91 N	0.94769	0.00975	0.04257
92 N	0.94502	0.01236	0.04263
93 F	0.93710	0.02457	0.03833
94 I	0.91172	0.04899	0.03929
95 E	0.90824	0.04955	0.0422
96 I	0.83909	0.11868	0.04224
97 E	0.78672	0.16943	0.04384
98 I	0.32356	0.66623	0.01021
99 V	0.04174	0.95460	0.00366
100 N	0.01664	0.98136	0.00201
101 Y	0.00223	0.99674	0.00103
102 H	0.00061	0.99863	0.00076
103 Y	0.00013	0.99947	0.0004
104 A	0.00004	0.99958	0.00038
105 L	0.00002	0.99961	0.00038
106 A	0.00002	0.99961	0.00038
107 I	0.00002	0.99960	0.00038
108 L	0.00002	0.99960	0.00038
109 F	0.00002	0.99960	0.00038
110 F	0.00002	0.99957	0.00041
111 C	0.00002	0.99954	0.00044
112 F	0.00003	0.99921	0.00076
113 F	0.00006	0.99877	0.00117
114 F	0.00033	0.99673	0.00294
115 Y	0.00114	0.99003	0.00883
116 S	0.00783	0.96157	0.0306
117 L	0.00910	0.56298	0.42793
118 T	0.04633	0.25160	0.70207
119 Q	0.04815	0.05303	0.89883
120 K	0.04968	0.00678	0.94355
121 K	0.04952	0.03073	0.91975
122 I	0.04193	0.24997	0.7081
123 H	0.04094	0.27607	0.68299
124 F	0.01626	0.36345	0.62029
125 K	0.01486	0.37329	0.61185
126 L	0.00230	0.81281	0.18489
127 S	0.00152	0.91247	0.08601
128 Y	0.00077	0.99251	0.00672
129 L	0.00021	0.99874	0.00105
130 L	0.00005	0.99959	0.00035
131 I	0.00004	0.99990	6e-05
132 I	0.00004	0.99995	1e-05
133 L	0.00004	0.99996	0
134 F	0.00004	0.99996	0
135 L	0.00004	0.99996	0
136 V	0.00004	0.99996	0
137 F	0.00004	0.99996	0
138 V	0.00006	0.99994	0
139 F	0.00013	0.99986	1e-05
140 P	0.00223	0.99764	0.00013
141 V	0.00416	0.99566	0.00018
142 Y	0.01817	0.97625	0.00558
143 F	0.03294	0.95767	0.00939
144 R	0.60837	0.35372	0.03792
145 S	0.80726	0.14921	0.04354
146 D	0.93252	0.02248	0.04501
147 I	0.93569	0.01760	0.04671
148 T	0.93961	0.01296	0.04743
149 T	0.94878	0.00201	0.04921
150 T	0.94875	0.00200	0.04925
151 Y	0.94818	0.00252	0.0493
152 Y	0.94646	0.00412	0.04942
153 L	0.94612	0.00443	0.04946
154 K	0.94573	0.00481	0.04946
155 I	0.89891	0.05213	0.04897
156 S	0.31527	0.64594	0.0388
157 S	0.18092	0.78514	0.03395
158 F	0.12593	0.85863	0.01545
159 L	0.11926	0.86905	0.0117
160 R	0.11713	0.87206	0.01082
161 I	0.08219	0.91140	0.00641
162 V	0.06838	0.92625	0.00538
163 L	0.02146	0.97798	0.00056
164 I	0.00300	0.99684	0.00015
165 I	0.00073	0.99920	8e-05
166 T	0.00041	0.99953	6e-05
167 R	0.00035	0.99959	6e-05
168 L	0.00011	0.99984	5e-05
169 I	0.00007	0.99988	6e-05
170 M	0.00009	0.99976	0.00015
171 I	0.00005	0.99963	0.00032
172 M	0.00006	0.99897	0.00097
173 M	0.00005	0.99851	0.00144
174 L	0.00004	0.99692	0.00304
175 F	0.00004	0.98987	0.01009
176 F	0.00014	0.96537	0.03449
177 L	0.00042	0.92980	0.06979
178 F	0.00451	0.83886	0.15662
179 N	0.02484	0.24546	0.7297
180 K	0.03239	0.14353	0.82407
181 I	0.03724	0.13608	0.82668
182 I	0.03848	0.13068	0.83085
183 Y	0.04079	0.12316	0.83606
184 F	0.04525	0.07066	0.88409
185 N	0.04742	0.04254	0.91004
186 E	0.04933	0.00757	0.9431
187 I	0.04936	0.00169	0.94895
188 N	0.04939	0.00073	0.94988
189 D	0.04940	0.00020	0.9504
190 G	0.04939	0.00021	0.95041
191 L	0.04937	0.00021	0.95042
192 Q	0.04936	0.00021	0.95042
193 I	0.04934	0.00039	0.95027
194 L	0.04933	0.00039	0.95028
195 L	0.04931	0.00041	0.95029
196 S	0.04928	0.00041	0.95031
197 P	0.04927	0.00042	0.95032
198 L	0.04910	0.00062	0.95028
199 K	0.04901	0.00066	0.95033
200 K	0.04821	0.00328	0.9485
201 I	0.03801	0.17495	0.78705
202 K	0.03705	0.19082	0.77213
203 I	0.02906	0.53931	0.43163
204 P	0.02487	0.75796	0.21717
205 I	0.02085	0.93840	0.04075
206 Q	0.01969	0.96695	0.01336
207 T	0.01837	0.97753	0.0041
208 F	0.01659	0.98241	0.00099
209 A	0.01626	0.98331	0.00042
210 L	0.01625	0.98335	0.0004
211 M	0.01625	0.98335	0.0004
212 L	0.01625	0.98335	0.0004
213 S	0.01625	0.98333	0.00041
214 L	0.01625	0.98332	0.00042
215 I	0.01626	0.98332	0.00042
216 F	0.01632	0.98323	0.00045
217 M	0.01635	0.98318	0.00047
218 A	0.01642	0.98302	0.00057
219 H	0.01685	0.98211	0.00104
220 S	0.01714	0.98157	0.0013
221 F	0.01886	0.97907	0.00207
222 L	0.02956	0.96656	0.00388
223 L	0.19751	0.79106	0.01143
224 Q	0.89485	0.07566	0.02948
225 E	0.94297	0.02538	0.03166
226 T	0.96018	0.00706	0.03276
227 K	0.96496	0.00158	0.03346
228 K	0.96584	0.00065	0.03351
229 I	0.96587	0.00062	0.03351
230 L	0.96600	0.00048	0.03353
231 K	0.96642	0.00003	0.03355
232 A	0.96644	0.00001	0.03355
233 Q	0.96645	0.00000	0.03355
234 I	0.96645	0.00000	0.03355
235 S	0.96645	0.00000	0.03355
236 R	0.96645	0.00000	0.03355
237 G	0.96645	0.00000	0.03355
238 M	0.96645	0.00000	0.03355
239 N	0.96644	0.00001	0.03355
240 L	0.96636	0.00009	0.03355
241 N	0.96634	0.00011	0.03355
242 N	0.96540	0.00106	0.03354
243 K	0.96400	0.00246	0.03354
244 N	0.91614	0.05035	0.03351
245 I	0.88674	0.08014	0.03312
246 F	0.87664	0.09028	0.03307
247 K	0.87379	0.09324	0.03297
248 K	0.73537	0.23444	0.03019
249 V	0.55239	0.42390	0.02371
250 N	0.51636	0.46227	0.02137
251 H	0.28891	0.69939	0.0117
252 L	0.06694	0.92948	0.00358
253 L	0.01596	0.98285	0.0012
254 S	0.01485	0.98414	0.001
255 L	0.01441	0.98470	0.00089
256 L	0.01429	0.98487	0.00084
257 V	0.01428	0.98489	0.00083
258 P	0.01427	0.98490	0.00083
259 I	0.01427	0.98493	0.0008
260 F	0.01427	0.98493	0.0008
261 I	0.01427	0.98490	0.00083
262 L	0.01427	0.98319	0.00254
263 V	0.01428	0.97813	0.00759
264 F	0.01432	0.95727	0.02841
265 K	0.01524	0.88460	0.10017
266 R	0.01530	0.88111	0.10359
267 S	0.01536	0.87591	0.10873
268 I	0.01564	0.87383	0.11054
269 V	0.01745	0.83403	0.14852
270 L	0.02449	0.75485	0.22066
271 S	0.04388	0.14649	0.80963
272 D	0.04650	0.05676	0.89675
273 A	0.04656	0.05460	0.89884
274 M	0.04671	0.03522	0.91807
275 E	0.04691	0.00473	0.94836
276 V	0.04693	0.00105	0.95203
277 R	0.04696	0.00030	0.95274
278 G	0.04697	0.00018	0.95285
279 Y	0.04698	0.00012	0.9529
280 V	0.04698	0.00011	0.95291
281 L	0.04699	0.00008	0.95293
282 G	0.04703	0.00003	0.95295
283 G	0.04703	0.00002	0.95295
284 K	0.04703	0.00000	0.95296
285 R	0.04703	0.00001	0.95296
286 T	0.04703	0.00002	0.95294
287 K	0.04703	0.00005	0.95291
288 M	0.04323	0.05492	0.90184
289 N	0.04129	0.06599	0.89272
290 I	0.03004	0.45739	0.51256
291 Y	0.01953	0.52265	0.45783
292 R	0.01783	0.53856	0.44362
293 L	0.01119	0.59279	0.39603
294 Q	0.00992	0.61540	0.37468
295 L	0.00454	0.65468	0.34078
296 K	0.00415	0.66403	0.33181
297 D	0.00275	0.83143	0.16581
298 F	0.00040	0.98013	0.01948
299 F	0.00026	0.99534	0.0044
300 L	0.00025	0.99725	0.0025
301 M	0.00025	0.99725	0.0025
302 F	0.00025	0.99725	0.0025
303 V	0.00025	0.99725	0.0025
304 V	0.00025	0.99725	0.0025
305 C	0.00025	0.99725	0.0025
306 I	0.00026	0.99724	0.0025
307 L	0.00031	0.99718	0.00251
308 F	0.00212	0.99532	0.00256
309 L	0.00758	0.98968	0.00275
310 I	0.07248	0.92398	0.00353
311 K	0.24689	0.73013	0.02298
312 Y	0.26152	0.71416	0.02432
313 L	0.49772	0.46860	0.03368
314 C	0.64526	0.31142	0.04332
315 S	0.95071	0.00000	0.04929
