# tr|B1V980|B1V980_PHYAS
# AA	inside	membr	outside
1 M	0.98629	0.00000	0.01371
2 D	0.98629	0.00000	0.01371
3 T	0.98629	0.00000	0.01371
4 S	0.98629	0.00000	0.01371
5 S	0.98629	0.00000	0.01371
6 K	0.98629	0.00000	0.01371
7 K	0.98629	0.00000	0.01371
8 E	0.98629	0.00000	0.01371
9 K	0.98629	0.00000	0.01371
10 E	0.98629	0.00000	0.01371
11 K	0.98629	0.00000	0.01371
12 I	0.98629	0.00000	0.01371
13 M	0.98629	0.00000	0.01371
14 V	0.98629	0.00000	0.01371
15 Q	0.98629	0.00000	0.01371
16 Q	0.98629	0.00000	0.01371
17 N	0.98627	0.00002	0.01371
18 I	0.98626	0.00002	0.01371
19 Y	0.98608	0.00021	0.01371
20 N	0.98581	0.00048	0.01371
21 K	0.98508	0.00121	0.01371
22 N	0.97828	0.00805	0.01367
23 K	0.73840	0.24982	0.01178
24 I	0.49989	0.49175	0.00836
25 L	0.44146	0.55080	0.00773
26 R	0.41003	0.58278	0.00719
27 H	0.33030	0.66384	0.00586
28 I	0.05863	0.93841	0.00296
29 V	0.02233	0.97486	0.00281
30 L	0.01546	0.98176	0.00278
31 A	0.01366	0.98363	0.00271
32 S	0.01230	0.98504	0.00265
33 F	0.00329	0.99470	0.002
34 L	0.00292	0.99514	0.00194
35 S	0.00272	0.99539	0.00188
36 Y	0.00223	0.99608	0.00169
37 M	0.00221	0.99611	0.00167
38 P	0.00213	0.99617	0.00169
39 V	0.00178	0.99655	0.00167
40 A	0.00164	0.99632	0.00204
41 L	0.00141	0.99310	0.00549
42 S	0.00147	0.97211	0.02642
43 Y	0.00150	0.95249	0.04601
44 L	0.00212	0.93487	0.06301
45 I	0.00320	0.90440	0.0924
46 K	0.01023	0.28596	0.70381
47 E	0.01104	0.16727	0.82169
48 I	0.01087	0.15285	0.83629
49 G	0.01060	0.15338	0.83603
50 V	0.00832	0.15567	0.83601
51 P	0.00832	0.07750	0.91418
52 G	0.00615	0.05878	0.93507
53 F	0.00572	0.05599	0.9383
54 L	0.00570	0.05865	0.93566
55 I	0.00555	0.11958	0.87486
56 P	0.00614	0.11415	0.87971
57 Y	0.00460	0.12232	0.87309
58 F	0.00307	0.13813	0.85881
59 R	0.00316	0.14854	0.84831
60 Y	0.00172	0.67598	0.3223
61 F	0.00134	0.82931	0.16935
62 I	0.00038	0.91036	0.08927
63 F	0.00021	0.93226	0.06753
64 F	0.00031	0.93522	0.06447
65 P	0.00032	0.94598	0.05371
66 L	0.00031	0.95273	0.04696
67 I	0.00036	0.96118	0.03845
68 V	0.00079	0.96807	0.03114
69 M	0.00228	0.96754	0.03019
70 S	0.00265	0.99222	0.00513
71 F	0.00401	0.99267	0.00331
72 Y	0.00904	0.98748	0.00349
73 V	0.02405	0.97140	0.00455
74 P	0.04981	0.94451	0.00568
75 K	0.08053	0.91259	0.00687
76 M	0.08098	0.91436	0.00466
77 M	0.08175	0.91470	0.00355
78 A	0.08394	0.91286	0.0032
79 F	0.08550	0.91124	0.00326
80 V	0.09983	0.89599	0.00418
81 G	0.11425	0.88018	0.00558
82 G	0.14250	0.85172	0.00578
83 F	0.43757	0.55512	0.00731
84 L	0.54569	0.44674	0.00757
85 S	0.69904	0.29237	0.00858
86 E	0.75117	0.24007	0.00876
87 M	0.75548	0.23575	0.00877
88 F	0.75904	0.23215	0.00881
89 I	0.76525	0.22593	0.00883
90 F	0.78917	0.20191	0.00892
91 Y	0.81942	0.17145	0.00914
92 L	0.83549	0.15501	0.0095
93 K	0.98080	0.00645	0.01275
94 T	0.98448	0.00265	0.01286
95 K	0.98652	0.00041	0.01307
96 R	0.94592	0.04109	0.01299
97 T	0.75005	0.24049	0.00946
98 H	0.71998	0.27089	0.00913
99 Y	0.54232	0.45016	0.00751
100 N	0.49629	0.49766	0.00605
101 P	0.40673	0.58813	0.00513
102 L	0.06550	0.93373	0.00078
103 E	0.05604	0.94321	0.00075
104 S	0.02459	0.97475	0.00065
105 L	0.00962	0.98979	0.00059
106 F	0.00961	0.98980	0.00059
107 C	0.00961	0.98980	0.00059
108 A	0.00961	0.98980	0.00059
109 L	0.00961	0.98980	0.00059
110 C	0.00961	0.98980	0.00059
111 F	0.00961	0.98980	0.00059
112 V	0.00961	0.98980	0.00059
113 L	0.00961	0.98980	0.00059
114 I	0.00961	0.98958	0.00081
115 P	0.00962	0.98785	0.00253
116 S	0.00965	0.98197	0.00838
117 L	0.00973	0.97712	0.01316
118 F	0.00985	0.97061	0.01954
119 L	0.01115	0.69357	0.29528
120 K	0.02168	0.01038	0.96794
121 K	0.02200	0.00088	0.97712
122 K	0.02217	0.00004	0.97779
123 D	0.02217	0.00043	0.9774
124 N	0.02192	0.00407	0.97401
125 F	0.01949	0.02064	0.95987
126 C	0.01076	0.03675	0.95249
127 K	0.01044	0.03893	0.95063
128 F	0.00300	0.33381	0.6632
129 Y	0.00109	0.96257	0.03634
130 F	0.00039	0.99267	0.00695
131 V	0.00008	0.99845	0.00146
132 I	0.00007	0.99925	0.00067
133 L	0.00007	0.99954	0.00039
134 L	0.00007	0.99976	0.00017
135 A	0.00007	0.99976	0.00016
136 S	0.00007	0.99976	0.00016
137 S	0.00007	0.99977	0.00016
138 L	0.00007	0.99977	0.00016
139 F	0.00007	0.99977	0.00016
140 Q	0.00007	0.99976	0.00016
141 I	0.00007	0.99976	0.00016
142 V	0.00010	0.99973	0.00017
143 S	0.00060	0.99913	0.00026
144 W	0.00198	0.99761	0.00042
145 Y	0.00627	0.99270	0.00102
146 N	0.05149	0.94629	0.00222
147 I	0.09734	0.90004	0.00263
148 L	0.27001	0.72125	0.00873
149 K	0.89866	0.07958	0.02176
150 Y	0.90542	0.07276	0.02183
151 R	0.95223	0.02556	0.02222
152 Y	0.95953	0.01824	0.02224
153 K	0.97731	0.00043	0.02226
154 L	0.97759	0.00015	0.02226
155 D	0.97774	0.00000	0.02226
156 L	0.97774	0.00000	0.02226
157 L	0.97774	0.00000	0.02226
158 D	0.97774	0.00000	0.02226
159 I	0.97774	0.00000	0.02226
160 Q	0.97774	0.00000	0.02226
161 K	0.97773	0.00000	0.02226
162 F	0.97773	0.00001	0.02226
163 D	0.97773	0.00003	0.02225
164 Q	0.97765	0.00012	0.02224
165 I	0.97523	0.00262	0.02215
166 I	0.97249	0.00540	0.02211
167 H	0.96717	0.01076	0.02207
168 I	0.93543	0.04317	0.0214
169 L	0.85429	0.12435	0.02137
170 K	0.84678	0.13209	0.02113
171 I	0.83217	0.14751	0.02031
172 D	0.81633	0.16422	0.01946
173 L	0.14555	0.84771	0.00673
174 G	0.06281	0.93368	0.00351
175 I	0.01186	0.98717	0.00097
176 R	0.01036	0.98877	0.00087
177 L	0.00148	0.99823	0.00028
178 I	0.00057	0.99936	7e-05
179 V	0.00041	0.99956	3e-05
180 I	0.00035	0.99963	2e-05
181 V	0.00035	0.99963	2e-05
182 P	0.00035	0.99963	2e-05
183 I	0.00035	0.99963	2e-05
184 I	0.00035	0.99963	2e-05
185 S	0.00035	0.99956	9e-05
186 L	0.00035	0.99949	0.00015
187 I	0.00036	0.99925	0.0004
188 L	0.00040	0.99692	0.00268
189 A	0.00047	0.99373	0.0058
190 L	0.00057	0.98752	0.01191
191 I	0.00156	0.95347	0.04497
192 L	0.00306	0.78079	0.21615
193 K	0.01782	0.05095	0.93123
194 K	0.01860	0.03041	0.951
195 L	0.01868	0.02948	0.95184
196 L	0.01962	0.01880	0.96159
197 P	0.02170	0.00760	0.97071
198 R	0.02245	0.00393	0.97362
199 L	0.02247	0.00362	0.9739
200 E	0.02257	0.00031	0.97712
201 F	0.02258	0.00019	0.97723
202 F	0.02258	0.00009	0.97733
203 D	0.02259	0.00000	0.9774
204 N	0.02259	0.00000	0.9774
205 I	0.02259	0.00000	0.9774
