# tr|B1VAP6|B1VAP6_PHYAS
# AA	inside	membr	outside
1 M	0.57892	0.00000	0.42108
2 K	0.57892	0.00000	0.42108
3 N	0.57891	0.00001	0.42108
4 L	0.57891	0.00001	0.42107
5 L	0.57881	0.00012	0.42107
6 V	0.57881	0.00012	0.42107
7 G	0.57881	0.00012	0.42107
8 K	0.57881	0.00012	0.42107
9 Y	0.57879	0.00014	0.42107
10 L	0.57879	0.00015	0.42106
11 S	0.57879	0.00015	0.42106
12 K	0.57876	0.00018	0.42106
13 N	0.57796	0.00101	0.42104
14 I	0.57796	0.00101	0.42104
15 Q	0.57796	0.00154	0.4205
16 I	0.57773	0.00177	0.4205
17 N	0.57764	0.00187	0.4205
18 Q	0.57764	0.00189	0.42047
19 F	0.57641	0.00317	0.42042
20 F	0.57593	0.00409	0.41998
21 Q	0.57554	0.00448	0.41998
22 V	0.57531	0.00475	0.41994
23 F	0.57529	0.00472	0.42
24 D	0.57527	0.00471	0.42001
25 I	0.57314	0.00711	0.41975
26 K	0.57189	0.00854	0.41957
27 I	0.50976	0.07936	0.41088
28 N	0.50269	0.08748	0.40983
29 Y	0.45138	0.14893	0.39969
30 A	0.35715	0.25355	0.38929
31 L	0.20556	0.43545	0.359
32 F	0.09924	0.60682	0.29394
33 F	0.08251	0.64694	0.27055
34 Y	0.07491	0.67525	0.24984
35 Q	0.07226	0.68636	0.24138
36 F	0.02976	0.79867	0.17156
37 E	0.02127	0.87711	0.10163
38 I	0.00723	0.95861	0.03417
39 F	0.00354	0.97810	0.01835
40 F	0.00221	0.98613	0.01165
41 G	0.00213	0.98800	0.00987
42 S	0.00215	0.98859	0.00926
43 I	0.00246	0.98819	0.00935
44 K	0.00256	0.98757	0.00987
45 P	0.00258	0.98761	0.00981
46 I	0.00259	0.98758	0.00983
47 I	0.00266	0.98707	0.01027
48 F	0.00289	0.98439	0.01272
49 L	0.00474	0.97521	0.02005
50 R	0.01383	0.89573	0.09044
51 I	0.01456	0.88945	0.09599
52 A	0.02134	0.83735	0.14132
53 F	0.02900	0.74713	0.22387
54 F	0.05704	0.57443	0.36853
55 L	0.12768	0.38157	0.49075
56 F	0.14791	0.34238	0.50972
57 N	0.18196	0.28838	0.52966
58 F	0.20186	0.26292	0.53521
59 L	0.28592	0.14540	0.56868
60 F	0.41630	0.00000	0.58371
