# tr|B1V940|B1V940_PHYAS
# AA	inside	membr	outside
1 M	0.21025	0.00000	0.78975
2 T	0.21025	0.00000	0.78975
3 F	0.21025	0.00000	0.78975
4 D	0.21025	0.00002	0.78973
5 S	0.20915	0.00188	0.78897
6 C	0.20915	0.00397	0.78688
7 L	0.20148	0.01344	0.78508
8 F	0.20148	0.01360	0.78492
9 L	0.20128	0.01477	0.78395
10 D	0.20128	0.04075	0.75797
11 F	0.19988	0.10085	0.69927
12 N	0.19134	0.13523	0.67343
13 T	0.18487	0.24038	0.57475
14 I	0.18487	0.24039	0.57474
15 K	0.18487	0.45417	0.36096
16 I	0.16260	0.47646	0.36093
17 F	0.13743	0.51096	0.3516
18 K	0.13741	0.51178	0.35081
19 N	0.13340	0.52029	0.3463
20 N	0.10924	0.76019	0.13056
21 N	0.08808	0.78197	0.12996
22 I	0.08199	0.85717	0.06084
23 I	0.08072	0.86820	0.05107
24 F	0.07942	0.87764	0.04294
25 L	0.07920	0.88168	0.03913
26 F	0.07917	0.88239	0.03844
27 F	0.07916	0.88268	0.03817
28 L	0.07985	0.88085	0.0393
29 S	0.08272	0.87707	0.04021
30 F	0.08535	0.86848	0.04617
31 S	0.10102	0.85078	0.0482
32 C	0.10864	0.84230	0.04906
33 F	0.14596	0.80422	0.04983
34 F	0.22865	0.71096	0.06039
35 K	0.68081	0.19229	0.1269
36 D	0.72616	0.13694	0.1369
37 K	0.72815	0.13289	0.13896
38 H	0.72980	0.13027	0.13993
39 T	0.73027	0.12792	0.1418
40 K	0.73112	0.12530	0.14357
41 I	0.73112	0.12516	0.14373
42 F	0.73140	0.12459	0.14401
43 F	0.73975	0.11430	0.14595
44 V	0.74251	0.09906	0.15842
45 F	0.80601	0.02941	0.16458
46 F	0.81365	0.02053	0.16582
47 C	0.82367	0.00860	0.16773
48 N	0.82820	0.00380	0.168
49 A	0.82867	0.00320	0.16813
50 H	0.82908	0.00257	0.16835
51 Y	0.82961	0.00202	0.16837
52 Q	0.83136	0.00024	0.1684
53 E	0.83148	0.00006	0.16846
54 K	0.83148	0.00004	0.16848
55 K	0.83146	0.00005	0.16848
56 I	0.83141	0.00010	0.16848
57 S	0.83136	0.00015	0.16848
58 F	0.83003	0.00157	0.1684
59 Y	0.82978	0.00185	0.16837
60 K	0.82956	0.00210	0.16834
61 W	0.81258	0.02141	0.16601
62 R	0.79196	0.04696	0.16107
63 F	0.43006	0.46828	0.10166
64 V	0.01524	0.96991	0.01485
65 S	0.00884	0.97975	0.01142
66 W	0.00279	0.99169	0.00552
67 F	0.00031	0.99872	0.00097
68 L	0.00011	0.99950	0.00039
69 T	0.00002	0.99993	5e-05
70 S	0.00001	0.99995	4e-05
71 A	0.00001	0.99997	3e-05
72 I	0.00001	0.99997	1e-05
73 Y	0.00001	0.99997	1e-05
74 I	0.00001	0.99997	2e-05
75 S	0.00001	0.99996	3e-05
76 G	0.00001	0.99995	5e-05
77 F	0.00001	0.99993	6e-05
78 C	0.00001	0.99974	0.00024
79 F	0.00001	0.99966	0.00033
80 L	0.00003	0.99941	0.00056
81 S	0.00028	0.99653	0.0032
82 F	0.00048	0.99524	0.00428
83 G	0.00159	0.99003	0.00838
84 L	0.00485	0.95927	0.03588
85 Y	0.01323	0.91451	0.07226
86 F	0.07202	0.50974	0.41824
87 F	0.16849	0.00000	0.83151
