# tr|B1VA45|B1VA45_PHYAS
# AA	inside	membr	outside
1 M	0.02317	0.00000	0.97683
2 L	0.02317	0.00000	0.97683
3 N	0.02317	0.00000	0.97683
4 I	0.02317	0.00002	0.97681
5 T	0.02317	0.00002	0.9768
6 N	0.02317	0.00012	0.97671
7 Q	0.02316	0.00025	0.97659
8 F	0.02316	0.00031	0.97653
9 D	0.02299	0.00128	0.97573
10 W	0.02298	0.91947	0.05754
11 E	0.02289	0.92598	0.05113
12 V	0.00659	0.95584	0.03757
13 Y	0.00002	0.99544	0.00454
14 V	0.00002	0.99544	0.00454
15 V	0.00002	0.99998	0
16 L	0.00002	0.99998	0
17 I	0.00002	0.99998	0
18 F	0.00002	0.99998	0
19 C	0.00002	0.99998	0
20 S	0.00001	0.99999	0
21 L	0.00001	0.99999	0
22 A	0.00001	0.99999	0
23 L	0.00001	0.99999	0
24 S	0.00001	0.99999	0
25 V	0.00001	0.99999	0
26 L	0.00002	0.99998	0
27 G	0.00006	0.99994	0
28 V	0.00023	0.99977	1e-05
29 F	0.00966	0.99032	2e-05
30 L	0.01777	0.98187	0.00037
31 V	0.05737	0.94058	0.00205
32 L	0.10128	0.88388	0.01483
33 K	0.97174	0.00559	0.02267
34 K	0.96429	0.01278	0.02293
35 V	0.61581	0.36708	0.01712
36 S	0.60934	0.37473	0.01592
37 M	0.44184	0.54394	0.01422
38 I	0.40126	0.58505	0.01369
39 I	0.15589	0.83045	0.01366
40 D	0.15443	0.83195	0.01363
41 A	0.01743	0.96921	0.01336
42 I	0.01454	0.97220	0.01326
43 S	0.01051	0.97622	0.01327
44 H	0.00499	0.98173	0.01327
45 S	0.00009	0.98669	0.01322
46 V	0.00008	0.98977	0.01015
47 L	0.00008	0.99136	0.00856
48 L	0.00008	0.99141	0.00851
49 G	0.00008	0.99149	0.00843
50 I	0.00008	0.99159	0.00833
51 V	0.00008	0.99170	0.00822
52 L	0.00008	0.99174	0.00818
53 A	0.00008	0.99135	0.00857
54 F	0.00009	0.99014	0.00977
55 L	0.00016	0.97956	0.02028
56 F	0.00052	0.96783	0.03165
57 I	0.00154	0.85521	0.14326
58 K	0.00954	0.17712	0.81335
59 Q	0.00982	0.10199	0.88818
60 L	0.00955	0.10833	0.88213
61 N	0.00913	0.25057	0.7403
62 S	0.00770	0.67053	0.32177
63 P	0.00708	0.84170	0.15122
64 F	0.00092	0.94524	0.05385
65 L	0.00078	0.97201	0.0272
66 I	0.00077	0.99085	0.00838
67 I	0.00077	0.99913	0.0001
68 G	0.00078	0.99914	9e-05
69 G	0.00087	0.99907	6e-05
70 T	0.00091	0.99905	5e-05
71 L	0.00091	0.99906	3e-05
72 I	0.00091	0.99906	3e-05
73 G	0.00095	0.99903	3e-05
74 I	0.00098	0.99900	3e-05
75 L	0.00104	0.99893	3e-05
76 N	0.00117	0.99879	3e-05
77 F	0.00121	0.99875	3e-05
78 Y	0.00140	0.99856	4e-05
79 L	0.00194	0.99796	0.0001
80 V	0.02270	0.97709	0.00021
81 E	0.44731	0.55195	0.00074
82 I	0.48154	0.51764	0.00082
83 V	0.57450	0.42358	0.00192
84 G	0.72421	0.26809	0.0077
85 K	0.97307	0.01781	0.00911
86 N	0.97963	0.01120	0.00917
87 P	0.98971	0.00111	0.00919
88 R	0.99040	0.00042	0.00919
89 I	0.99062	0.00019	0.00919
90 K	0.99078	0.00004	0.00919
91 K	0.98965	0.00116	0.00918
92 D	0.92188	0.06978	0.00834
93 A	0.42188	0.57584	0.00228
94 A	0.38336	0.61580	0.00085
95 I	0.18314	0.81667	0.00019
96 G	0.09854	0.90134	0.00012
97 I	0.00117	0.99881	1e-05
98 V	0.00050	0.99949	0
99 F	0.00026	0.99974	0
100 S	0.00010	0.99990	0
101 F	0.00001	0.99999	0
102 F	0.00000	1.00000	0
103 F	0.00000	1.00000	0
104 A	0.00000	1.00000	0
105 L	0.00000	1.00000	0
106 A	0.00000	1.00000	0
107 I	0.00000	1.00000	0
108 L	0.00000	1.00000	0
109 I	0.00000	1.00000	0
110 I	0.00000	0.99992	7e-05
111 S	0.00003	0.99580	0.00417
112 V	0.00006	0.99336	0.00658
113 F	0.00032	0.96947	0.0302
114 I	0.00136	0.93430	0.06435
115 R	0.00502	0.53526	0.45972
116 D	0.00911	0.14930	0.84159
117 V	0.00916	0.13373	0.85711
118 H	0.00918	0.06845	0.92236
119 M	0.00918	0.04541	0.9454
120 D	0.00919	0.00007	0.99074
121 T	0.00919	0.00002	0.99079
122 D	0.00919	0.00001	0.9908
123 A	0.00918	0.00013	0.99068
124 V	0.00915	0.00077	0.99008
125 F	0.00914	0.00102	0.98984
126 L	0.00914	0.00106	0.9898
127 G	0.00914	0.00112	0.98975
128 N	0.00914	0.00124	0.98962
129 V	0.00914	0.00705	0.98381
130 E	0.00913	0.01177	0.97909
131 L	0.00913	0.02189	0.96898
132 T	0.00912	0.07898	0.9119
133 D	0.00901	0.11864	0.87235
134 V	0.00700	0.39872	0.59428
135 S	0.00544	0.51893	0.47563
136 V	0.00343	0.54851	0.44807
137 L	0.00338	0.56001	0.4366
138 K	0.00337	0.56366	0.43297
139 K	0.00336	0.58536	0.41128
140 I	0.00316	0.80333	0.19352
141 I	0.00304	0.98650	0.01047
142 P	0.00303	0.98900	0.00797
143 I	0.00298	0.99410	0.00292
144 L	0.00296	0.99622	0.00082
145 L	0.00295	0.99655	0.0005
146 L	0.00296	0.99676	0.00029
147 N	0.00313	0.99656	0.00032
148 L	0.00317	0.99654	0.00029
149 G	0.00327	0.99645	0.00028
150 F	0.00351	0.99620	0.00028
151 I	0.00404	0.99567	0.00028
152 F	0.00813	0.99151	0.00036
153 F	0.01329	0.98623	0.00048
154 F	0.09333	0.90590	0.00077
155 Y	0.35160	0.64663	0.00177
156 K	0.56399	0.43061	0.00539
157 E	0.64328	0.35061	0.00611
158 L	0.68530	0.30852	0.00618
159 K	0.77366	0.22014	0.0062
160 I	0.76765	0.22682	0.00553
161 Y	0.76084	0.23431	0.00485
162 I	0.75543	0.23976	0.00481
163 F	0.79515	0.19996	0.00489
164 D	0.95718	0.03787	0.00495
165 P	0.91406	0.08163	0.00432
166 V	0.71650	0.27974	0.00375
167 L	0.47394	0.52267	0.00339
168 A	0.38628	0.61050	0.00322
169 S	0.30556	0.69173	0.00272
170 I	0.02411	0.97504	0.00085
171 L	0.01280	0.98640	0.0008
172 G	0.01038	0.98891	0.00071
173 F	0.00885	0.99048	0.00068
174 S	0.00825	0.99110	0.00065
175 T	0.00451	0.99502	0.00048
176 F	0.00022	0.99946	0.00033
177 L	0.00003	0.99964	0.00033
178 I	0.00003	0.99940	0.00057
179 N	0.00009	0.99835	0.00157
180 Y	0.00011	0.99718	0.00271
181 C	0.00015	0.99635	0.00351
182 L	0.00017	0.99607	0.00376
183 I	0.00062	0.99216	0.00722
184 T	0.00155	0.98563	0.01282
185 L	0.00151	0.97738	0.0211
186 I	0.00154	0.97576	0.0227
187 S	0.00162	0.90171	0.09667
188 V	0.00197	0.85615	0.14188
189 T	0.00226	0.68870	0.30903
190 A	0.00213	0.51755	0.48032
191 V	0.00207	0.45204	0.54589
192 I	0.00251	0.41494	0.58255
193 S	0.00386	0.15595	0.84019
194 F	0.00319	0.37106	0.62575
195 D	0.00330	0.40576	0.59094
196 I	0.00213	0.75622	0.24165
197 V	0.00146	0.89578	0.10275
198 G	0.00153	0.95688	0.04159
199 S	0.00152	0.98350	0.01497
200 V	0.00154	0.99532	0.00314
201 M	0.00160	0.99684	0.00156
202 T	0.00162	0.99785	0.00053
203 I	0.00162	0.99812	0.00026
204 A	0.00162	0.99812	0.00025
205 S	0.00168	0.99806	0.00026
206 I	0.00169	0.99804	0.00027
207 I	0.00169	0.99802	0.00028
208 G	0.00240	0.99719	0.00042
209 P	0.00385	0.99567	0.00048
210 A	0.00416	0.99531	0.00053
211 A	0.00451	0.99482	0.00067
212 I	0.00530	0.99393	0.00077
213 S	0.00880	0.98981	0.00139
214 L	0.03088	0.96748	0.00164
215 L	0.08612	0.91201	0.00188
216 L	0.27476	0.72239	0.00285
217 S	0.76989	0.22571	0.00441
218 K	0.93588	0.05948	0.00464
219 K	0.98741	0.00793	0.00466
220 L	0.84416	0.15306	0.00279
221 L	0.64456	0.35307	0.00237
222 N	0.52478	0.47315	0.00207
223 C	0.18914	0.80917	0.0017
224 I	0.07205	0.92655	0.00139
225 L	0.01131	0.98768	0.001
226 L	0.00500	0.99409	0.00091
227 S	0.00328	0.99584	0.00087
228 L	0.00043	0.99869	0.00087
229 W	0.00018	0.99894	0.00087
230 F	0.00013	0.99897	0.00089
231 A	0.00013	0.99896	0.00091
232 F	0.00013	0.99894	0.00092
233 V	0.00013	0.99876	0.0011
234 S	0.00014	0.99837	0.00149
235 S	0.00015	0.99805	0.0018
236 S	0.00014	0.99785	0.002
237 L	0.00012	0.99779	0.00209
238 G	0.00013	0.99212	0.00774
239 Y	0.00014	0.98539	0.01446
240 Y	0.00017	0.96496	0.03487
241 L	0.00053	0.92263	0.07684
242 S	0.00095	0.86856	0.13048
243 M	0.00326	0.69272	0.30402
244 I	0.00357	0.45696	0.53947
245 T	0.00385	0.28208	0.71407
246 D	0.00386	0.07589	0.92025
247 L	0.00228	0.29878	0.69893
248 P	0.00176	0.49244	0.50581
249 V	0.00033	0.76495	0.23473
250 A	0.00008	0.87464	0.12528
251 G	0.00002	0.88791	0.11207
252 L	0.00001	0.94473	0.05526
253 I	0.00001	0.98217	0.01783
254 S	0.00001	0.98367	0.01632
255 M	0.00001	0.99083	0.00916
256 T	0.00001	0.99389	0.00611
257 I	0.00000	0.99877	0.00123
258 L	0.00000	0.99954	0.00046
259 T	0.00000	0.99963	0.00037
260 I	0.00000	0.99985	0.00014
261 F	0.00000	0.99985	0.00015
262 L	0.00000	0.99985	0.00015
263 L	0.00001	0.99984	0.00015
264 V	0.00005	0.99979	0.00016
265 L	0.00078	0.99903	0.00018
266 F	0.00540	0.99435	0.00024
267 L	0.09078	0.90851	0.00072
268 E	0.64221	0.35559	0.0022
269 P	0.73512	0.26195	0.00293
270 K	0.86227	0.13368	0.00405
271 N	0.86724	0.12868	0.00408
272 G	0.87778	0.11812	0.0041
273 I	0.88179	0.11411	0.00411
274 V	0.88716	0.10873	0.00411
275 A	0.94748	0.04840	0.00412
276 K	0.98916	0.00672	0.00412
277 M	0.98943	0.00646	0.00411
278 F	0.98968	0.00621	0.00411
279 Y	0.99114	0.00475	0.00411
280 N	0.99467	0.00122	0.00412
281 R	0.99529	0.00060	0.00412
282 L	0.99528	0.00061	0.00412
283 Q	0.99539	0.00050	0.00412
284 K	0.99539	0.00050	0.00412
285 K	0.99539	0.00050	0.00412
286 S	0.99539	0.00050	0.00412
287 F	0.99538	0.00050	0.00412
288 M	0.99538	0.00050	0.00412
289 V	0.99538	0.00050	0.00412
290 I	0.99538	0.00050	0.00412
291 S	0.99538	0.00050	0.00412
292 F	0.99538	0.00050	0.00412
293 L	0.99538	0.00050	0.00412
294 M	0.99538	0.00049	0.00412
295 H	0.99539	0.00045	0.00416
296 L	0.99539	0.00039	0.00423
297 S	0.99539	0.00019	0.00441
298 K	0.99540	0.00002	0.00458
299 N	0.99540	0.00001	0.00459
300 E	0.99540	0.00001	0.0046
301 K	0.99540	0.00000	0.0046
302 H	0.99540	0.00000	0.0046
303 Q	0.99540	0.00000	0.0046
304 K	0.99540	0.00000	0.0046
305 E	0.99540	0.00000	0.0046
306 N	0.99540	0.00000	0.0046
307 Q	0.99540	0.00000	0.0046
308 I	0.99540	0.00000	0.0046
309 L	0.99540	0.00000	0.0046
310 K	0.99540	0.00000	0.0046
311 L	0.99540	0.00000	0.0046
312 K	0.99540	0.00000	0.0046
313 E	0.99540	0.00000	0.0046
314 E	0.99540	0.00000	0.0046
315 L	0.99539	0.00001	0.0046
316 Q	0.99539	0.00001	0.0046
317 W	0.99539	0.00001	0.0046
318 S	0.99538	0.00002	0.0046
319 L	0.99538	0.00002	0.0046
320 T	0.99538	0.00002	0.0046
321 S	0.99537	0.00002	0.0046
322 Y	0.99537	0.00002	0.0046
323 N	0.99537	0.00002	0.0046
324 K	0.99537	0.00002	0.0046
325 C	0.99537	0.00003	0.0046
326 V	0.99537	0.00003	0.0046
327 D	0.99537	0.00003	0.0046
328 Q	0.99537	0.00003	0.0046
329 A	0.99537	0.00003	0.0046
330 L	0.99537	0.00003	0.0046
331 K	0.99537	0.00003	0.0046
332 L	0.99537	0.00003	0.0046
333 G	0.99537	0.00003	0.0046
334 Y	0.99537	0.00003	0.0046
335 I	0.99537	0.00003	0.0046
336 V	0.99537	0.00003	0.0046
337 I	0.99537	0.00003	0.0046
338 K	0.99537	0.00001	0.00463
339 K	0.99537	0.00001	0.00463
340 N	0.99537	0.00001	0.00463
341 Q	0.99537	0.00001	0.00463
342 V	0.99537	0.00001	0.00463
343 F	0.99537	0.00001	0.00463
344 L	0.99537	0.00001	0.00463
345 K	0.99537	0.00000	0.00463
346 D	0.99537	0.00000	0.00463
347 L	0.99537	0.00000	0.00463
348 G	0.99537	0.00000	0.00463
349 K	0.99537	0.00000	0.00463
350 Q	0.99537	0.00000	0.00463
351 I	0.99537	0.00000	0.00463
352 L	0.99537	0.00000	0.00463
353 S	0.99537	0.00000	0.00463
354 Q	0.99537	0.00000	0.00463
355 K	0.99537	0.00000	0.00463
356 I	0.99537	0.00000	0.00463
357 S	0.99537	0.00000	0.00463
358 L	0.99537	0.00000	0.00463
359 W	0.99537	0.00000	0.00463
360 K	0.99537	0.00000	0.00463
361 L	0.99537	0.00000	0.00463
362 E	0.99537	0.00000	0.00463
