# tr|B1VAV9|B1VAV9_PHYAS
# AA	inside	membr	outside
1 M	0.44216	0.00000	0.55783
2 H	0.44212	0.00004	0.55783
3 Y	0.44206	0.00010	0.55783
4 R	0.44206	0.00011	0.55783
5 P	0.43772	0.00449	0.5578
6 N	0.43772	0.00450	0.55778
7 H	0.42006	0.02217	0.55777
8 V	0.42006	0.02217	0.55777
9 L	0.41701	0.02522	0.55776
10 T	0.41701	0.02564	0.55735
11 T	0.41498	0.02778	0.55724
12 S	0.39372	0.04908	0.5572
13 H	0.38272	0.06017	0.55711
14 L	0.38271	0.06017	0.55711
15 L	0.38271	0.06113	0.55616
16 A	0.38268	0.06116	0.55616
17 T	0.38267	0.06117	0.55615
18 A	0.38267	0.06118	0.55615
19 A	0.38267	0.06118	0.55615
20 A	0.38266	0.06119	0.55614
21 P	0.38266	0.06119	0.55616
22 A	0.38265	0.06118	0.55617
23 I	0.38266	0.06106	0.55629
24 A	0.38266	0.06065	0.55669
25 P	0.38268	0.05462	0.56271
26 P	0.38269	0.05269	0.56463
27 A	0.38270	0.05066	0.56664
28 T	0.38276	0.04699	0.57025
29 P	0.38278	0.04436	0.57287
30 P	0.38281	0.03566	0.58153
31 A	0.38281	0.03469	0.5825
32 I	0.38282	0.03207	0.58511
33 V	0.38320	0.02536	0.59144
34 P	0.38364	0.01658	0.59978
35 K	0.38419	0.00077	0.61505
36 G	0.38420	0.00031	0.61548
37 P	0.38421	0.00032	0.61548
38 A	0.38425	0.00082	0.61493
39 A	0.38424	0.00127	0.61449
40 L	0.38423	0.00135	0.61443
41 P	0.38422	0.00151	0.61427
42 Q	0.38416	0.00338	0.61245
43 A	0.38361	0.00635	0.61004
44 A	0.38322	0.01140	0.60537
45 P	0.38297	0.01343	0.6036
46 V	0.38285	0.01440	0.60275
47 I	0.38280	0.01500	0.6022
48 T	0.38279	0.01510	0.60211
49 P	0.38275	0.01521	0.60205
50 A	0.38265	0.01532	0.60202
51 L	0.38265	0.01532	0.60202
52 V	0.38266	0.01531	0.60203
53 K	0.38275	0.01520	0.60204
54 K	0.38277	0.01518	0.60205
55 P	0.38278	0.01518	0.60205
56 M	0.38278	0.01517	0.60205
57 L	0.38279	0.01517	0.60205
58 I	0.38282	0.01514	0.60205
59 A	0.38287	0.01508	0.60205
60 V	0.38291	0.01503	0.60207
61 P	0.38349	0.01439	0.60212
62 T	0.38391	0.01395	0.60214
63 F	0.38400	0.01383	0.60217
64 F	0.38446	0.01332	0.60222
65 T	0.38730	0.01031	0.60239
66 A	0.38973	0.00729	0.60298
67 S	0.39429	0.00227	0.60344
68 S	0.39627	0.00000	0.60374
