# tr|B1VAC8|B1VAC8_PHYAS
# AA	inside	membr	outside
1 M	0.98975	0.00000	0.01026
2 K	0.98975	0.00000	0.01026
3 H	0.98974	0.00000	0.01026
4 K	0.98974	0.00000	0.01026
5 L	0.97968	0.01013	0.0102
6 K	0.97968	0.01014	0.01019
7 L	0.31244	0.67741	0.01016
8 I	0.31242	0.67743	0.01015
9 L	0.27879	0.71106	0.01015
10 G	0.27877	0.71117	0.01007
11 N	0.27756	0.71238	0.01006
12 P	0.22284	0.76711	0.01006
13 K	0.05472	0.93537	0.00992
14 L	0.05380	0.93629	0.00992
15 I	0.05379	0.94584	0.00037
16 F	0.04688	0.95275	0.00037
17 Q	0.04093	0.95871	0.00036
18 I	0.03955	0.96020	0.00025
19 L	0.01842	0.98134	0.00024
20 F	0.00564	0.99420	0.00016
21 T	0.00094	0.99890	0.00016
22 F	0.00039	0.99946	0.00015
23 F	0.00023	0.99962	0.00015
24 I	0.00003	0.99981	0.00015
25 I	0.00002	0.99848	0.00149
26 F	0.00002	0.99483	0.00515
27 L	0.00003	0.96007	0.0399
28 F	0.00009	0.93128	0.06864
29 Q	0.00014	0.83641	0.16346
30 L	0.00019	0.35378	0.64603
31 G	0.00033	0.31070	0.68897
32 T	0.00053	0.25214	0.74733
33 R	0.00214	0.19653	0.80133
34 I	0.00217	0.18839	0.80944
35 S	0.00274	0.14217	0.8551
36 L	0.00281	0.06820	0.92898
37 P	0.00316	0.06043	0.93641
38 F	0.00948	0.05087	0.93965
39 I	0.00949	0.04579	0.94473
40 P	0.00957	0.03236	0.95807
41 S	0.00974	0.02942	0.96085
42 G	0.00976	0.01109	0.97915
43 F	0.00981	0.00557	0.98461
44 S	0.00982	0.00216	0.98802
45 G	0.00984	0.00171	0.98844
46 W	0.00986	0.00159	0.98855
47 K	0.00998	0.00069	0.98933
48 L	0.00998	0.00090	0.98912
49 S	0.01005	0.00123	0.98871
50 G	0.01010	0.00139	0.98851
51 K	0.01017	0.00158	0.98825
52 E	0.01014	0.00736	0.98249
53 I	0.00881	0.09109	0.9001
54 F	0.00846	0.19525	0.79629
55 F	0.00843	0.26660	0.72496
56 I	0.00840	0.30302	0.68858
57 A	0.00846	0.34913	0.64241
58 P	0.00836	0.35782	0.63382
59 Q	0.00836	0.36307	0.62857
60 K	0.00821	0.38516	0.60662
61 L	0.00548	0.74481	0.24971
62 F	0.00528	0.83353	0.16118
63 G	0.00518	0.90479	0.09003
64 L	0.00516	0.96603	0.02881
65 G	0.00516	0.98153	0.01332
66 I	0.00516	0.98982	0.00502
67 Y	0.00518	0.99222	0.0026
68 P	0.00522	0.99282	0.00196
69 Y	0.00525	0.99335	0.00141
70 I	0.00538	0.99346	0.00116
71 T	0.00778	0.99106	0.00116
72 A	0.01106	0.98778	0.00116
73 S	0.01533	0.98346	0.00121
74 I	0.01809	0.98069	0.00122
75 V	0.02316	0.97557	0.00127
76 V	0.08954	0.90795	0.00251
77 Q	0.20168	0.79541	0.0029
78 F	0.24736	0.74967	0.00297
79 L	0.30088	0.69574	0.00338
80 Q	0.57528	0.42037	0.00435
81 K	0.72772	0.26652	0.00576
82 F	0.73918	0.25502	0.00579
83 F	0.76616	0.22799	0.00585
84 P	0.88769	0.10592	0.0064
85 F	0.89779	0.09580	0.00642
86 C	0.95196	0.04161	0.00643
87 R	0.98674	0.00682	0.00645
88 E	0.99089	0.00266	0.00645
89 W	0.99164	0.00191	0.00645
90 K	0.99352	0.00003	0.00645
91 E	0.99355	0.00000	0.00645
92 Q	0.99355	0.00000	0.00645
93 G	0.99355	0.00001	0.00645
94 Q	0.99354	0.00002	0.00645
95 I	0.99307	0.00050	0.00644
96 G	0.99181	0.00176	0.00644
97 K	0.98877	0.00479	0.00644
98 H	0.96729	0.02639	0.00632
99 K	0.90302	0.09071	0.00627
100 I	0.64586	0.34824	0.0059
101 N	0.43357	0.56115	0.00528
102 F	0.09168	0.90506	0.00326
103 L	0.03298	0.96492	0.0021
104 T	0.02138	0.97660	0.00202
105 R	0.01901	0.97899	0.002
106 A	0.00583	0.99225	0.00192
107 L	0.00277	0.99532	0.00191
108 A	0.00275	0.99534	0.00191
109 L	0.00274	0.99535	0.00191
110 L	0.00274	0.99535	0.00191
111 L	0.00274	0.99535	0.00191
112 A	0.00274	0.99535	0.00191
113 F	0.00274	0.99534	0.00191
114 A	0.00275	0.99527	0.00199
115 Q	0.00276	0.99471	0.00252
116 T	0.00276	0.99441	0.00283
117 M	0.00276	0.99295	0.00429
118 A	0.00277	0.98832	0.00891
119 F	0.00278	0.89596	0.10126
120 I	0.00286	0.53084	0.46631
121 Q	0.00620	0.30810	0.6857
122 K	0.00707	0.03202	0.96091
123 S	0.00712	0.02453	0.96835
124 N	0.00718	0.00491	0.98791
125 S	0.00725	0.00095	0.9918
126 Q	0.00727	0.00036	0.99237
127 L	0.00728	0.00028	0.99245
128 E	0.00728	0.00019	0.99253
129 S	0.00728	0.00006	0.99266
130 N	0.00728	0.00018	0.99255
131 L	0.00727	0.00117	0.99157
132 K	0.00723	0.00213	0.99064
133 I	0.00219	0.16736	0.83045
134 S	0.00165	0.49697	0.50137
135 S	0.00139	0.61796	0.38064
136 F	0.00048	0.85331	0.14621
137 N	0.00035	0.86702	0.13264
138 Y	0.00010	0.92488	0.07502
139 F	0.00002	0.99279	0.0072
140 L	0.00001	0.99813	0.00187
141 I	0.00000	0.99979	0.00021
142 P	0.00000	0.99984	0.00015
143 L	0.00000	0.99998	2e-05
144 I	0.00000	0.99999	0
145 A	0.00000	0.99999	0
146 A	0.00000	0.99999	0
147 A	0.00000	0.99999	0
148 G	0.00000	0.99999	0
149 C	0.00000	0.99999	0
150 A	0.00001	0.99999	0
151 I	0.00005	0.99995	0
152 L	0.00023	0.99976	1e-05
153 I	0.00137	0.99862	1e-05
154 W	0.00532	0.99465	4e-05
155 F	0.03444	0.96522	0.00034
156 S	0.33600	0.65782	0.00618
157 D	0.84978	0.14351	0.00671
158 L	0.86717	0.12604	0.00678
159 I	0.97210	0.02097	0.00692
160 T	0.97348	0.01957	0.00694
161 S	0.97906	0.01388	0.00706
162 R	0.82552	0.16746	0.00702
163 G	0.32960	0.66344	0.00697
164 V	0.30470	0.68850	0.0068
165 G	0.24696	0.74760	0.00544
166 N	0.23992	0.75475	0.00534
167 G	0.11910	0.87568	0.00522
168 T	0.06165	0.93343	0.00493
169 S	0.03756	0.95768	0.00477
170 L	0.00432	0.99424	0.00145
171 L	0.00207	0.99665	0.00129
172 I	0.00190	0.99684	0.00127
173 I	0.00185	0.99689	0.00126
174 A	0.00185	0.99690	0.00126
175 S	0.00183	0.99691	0.00126
176 M	0.00183	0.99689	0.00129
177 G	0.00183	0.99686	0.00132
178 G	0.00183	0.99670	0.00147
179 S	0.00183	0.99649	0.00168
180 L	0.00183	0.99621	0.00196
181 I	0.00183	0.99282	0.00536
182 A	0.00193	0.97620	0.02187
183 S	0.00206	0.87795	0.11998
184 F	0.00218	0.84608	0.15174
185 Q	0.00281	0.58611	0.41107
186 E	0.00288	0.24560	0.75152
187 L	0.00304	0.23813	0.75884
188 N	0.00478	0.13081	0.86442
189 I	0.00488	0.12477	0.87035
190 N	0.00500	0.03393	0.96108
191 Y	0.00518	0.03135	0.96347
192 L	0.00541	0.02789	0.9667
193 S	0.00771	0.00080	0.99149
194 K	0.00781	0.00005	0.99213
195 L	0.00784	0.00002	0.99215
196 R	0.00785	0.00000	0.99215
197 D	0.00785	0.00000	0.99215
198 G	0.00785	0.00005	0.9921
199 F	0.00785	0.00014	0.99201
200 D	0.00785	0.00031	0.99184
201 S	0.00783	0.00102	0.99115
202 E	0.00776	0.05121	0.94104
203 L	0.00719	0.08828	0.90453
204 F	0.00518	0.29872	0.69611
205 S	0.00432	0.36895	0.62673
206 Q	0.00401	0.39364	0.60236
207 F	0.00042	0.93843	0.06115
208 L	0.00013	0.95825	0.04163
209 L	0.00003	0.99448	0.00548
210 L	0.00001	0.99839	0.00161
211 V	0.00000	0.99942	0.00057
212 L	0.00000	0.99985	0.00015
213 I	0.00000	0.99998	2e-05
214 L	0.00000	1.00000	0
215 I	0.00000	1.00000	0
216 L	0.00000	1.00000	0
217 F	0.00000	1.00000	0
218 L	0.00000	1.00000	0
219 V	0.00000	1.00000	0
220 L	0.00002	0.99998	0
221 T	0.00050	0.99950	0
222 V	0.00087	0.99913	1e-05
223 I	0.00356	0.99642	2e-05
224 V	0.01901	0.98090	9e-05
225 Q	0.12604	0.87366	0.0003
226 I	0.14961	0.84960	0.00079
227 T	0.34599	0.65120	0.00281
228 A	0.39068	0.60564	0.00368
229 L	0.41873	0.57705	0.00422
230 K	0.95115	0.04103	0.00782
231 V	0.95697	0.03520	0.00784
232 K	0.98999	0.00216	0.00785
233 V	0.99070	0.00145	0.00785
234 N	0.99156	0.00059	0.00785
235 Y	0.99181	0.00034	0.00785
236 A	0.99202	0.00013	0.00785
237 R	0.99214	0.00001	0.00785
238 N	0.99213	0.00002	0.00785
239 R	0.99196	0.00019	0.00785
240 V	0.99077	0.00138	0.00785
241 S	0.98933	0.00282	0.00785
242 S	0.98810	0.00405	0.00785
243 E	0.98671	0.00544	0.00785
244 S	0.94683	0.04544	0.00773
245 G	0.87531	0.11698	0.00772
246 S	0.79531	0.19701	0.00767
247 Y	0.69743	0.29493	0.00765
248 I	0.67894	0.31343	0.00763
249 P	0.64656	0.34582	0.00762
250 L	0.59106	0.40133	0.00761
251 K	0.58898	0.40347	0.00755
252 I	0.48468	0.50984	0.00548
253 N	0.47907	0.51550	0.00543
254 T	0.46454	0.53068	0.00478
255 A	0.35150	0.64590	0.0026
256 G	0.25010	0.74801	0.00189
257 V	0.18978	0.80876	0.00146
258 M	0.18469	0.81390	0.00141
259 P	0.17795	0.82068	0.00137
260 V	0.13492	0.86471	0.00038
261 I	0.12310	0.87659	0.00032
262 L	0.12193	0.87700	0.00107
263 A	0.12183	0.87363	0.00454
264 Q	0.12184	0.86480	0.01336
265 Y	0.12174	0.86075	0.01751
266 L	0.12173	0.85238	0.02588
267 M	0.12184	0.78618	0.09198
268 M	0.12185	0.69907	0.17908
269 P	0.12188	0.59158	0.28654
270 F	0.12189	0.54301	0.33509
271 T	0.12191	0.52951	0.34858
272 T	0.12193	0.50997	0.3681
273 L	0.12194	0.47111	0.40694
274 A	0.12275	0.45540	0.42186
275 D	0.12578	0.29973	0.57449
276 L	0.12580	0.29707	0.57713
277 I	0.12597	0.28994	0.58409
278 G	0.12743	0.18675	0.68583
279 N	0.12803	0.08195	0.79002
280 Q	0.12836	0.02199	0.84966
281 T	0.12839	0.02076	0.85085
282 F	0.12845	0.01946	0.85209
283 K	0.12935	0.00061	0.87004
284 S	0.12936	0.00035	0.87029
285 V	0.12935	0.00046	0.87019
286 V	0.12935	0.00086	0.8698
287 D	0.12935	0.00196	0.8687
288 Y	0.12907	0.00918	0.86176
289 L	0.12473	0.06949	0.80578
290 T	0.12308	0.09935	0.77758
291 N	0.12097	0.14332	0.7357
292 A	0.11132	0.31047	0.57821
293 R	0.09846	0.46176	0.43977
294 I	0.03457	0.82565	0.13978
295 F	0.02141	0.85862	0.11997
296 N	0.01541	0.87650	0.10809
297 F	0.00562	0.96449	0.02989
298 A	0.00184	0.99383	0.00432
299 F	0.00036	0.99832	0.00132
300 G	0.00015	0.99922	0.00064
301 L	0.00001	0.99983	0.00016
302 Y	0.00001	0.99997	3e-05
303 I	0.00001	0.99999	0
304 L	0.00001	0.99999	0
305 L	0.00001	0.99999	0
306 I	0.00002	0.99998	0
307 I	0.00036	0.99963	1e-05
308 I	0.00096	0.99900	4e-05
309 F	0.00396	0.99574	0.0003
310 S	0.01863	0.98014	0.00123
311 F	0.02930	0.96845	0.00225
312 F	0.11436	0.87598	0.00967
313 S	0.22332	0.75771	0.01896
314 T	0.37878	0.59533	0.02589
315 F	0.48508	0.47919	0.03573
316 M	0.61733	0.33226	0.05041
317 N	0.77511	0.11555	0.10934
318 V	0.78415	0.09877	0.11709
319 N	0.79602	0.07961	0.12437
320 P	0.85556	0.01606	0.12838
321 E	0.86992	0.00072	0.12936
322 E	0.87050	0.00008	0.12943
323 I	0.87051	0.00007	0.12943
324 S	0.87055	0.00001	0.12944
325 E	0.87056	0.00000	0.12944
326 H	0.87056	0.00000	0.12944
327 L	0.87056	0.00000	0.12944
328 S	0.87056	0.00000	0.12944
329 K	0.87056	0.00000	0.12944
330 Q	0.87056	0.00000	0.12944
331 D	0.87056	0.00000	0.12944
332 A	0.87056	0.00000	0.12944
333 Y	0.87056	0.00000	0.12944
334 I	0.87056	0.00000	0.12944
335 A	0.87056	0.00000	0.12944
336 G	0.87056	0.00000	0.12944
337 L	0.87056	0.00000	0.12944
338 R	0.87056	0.00000	0.12944
339 P	0.87056	0.00001	0.12944
340 G	0.87056	0.00002	0.12943
341 E	0.87054	0.00006	0.12939
342 Q	0.87036	0.00037	0.12926
343 T	0.86607	0.00524	0.12869
344 T	0.85130	0.02111	0.12759
345 N	0.82304	0.05048	0.12648
346 Y	0.51833	0.35863	0.12304
347 L	0.46343	0.41560	0.12097
348 S	0.42505	0.45954	0.11541
349 S	0.34385	0.56943	0.08672
350 V	0.11919	0.82172	0.05909
351 L	0.04857	0.89599	0.05545
352 F	0.04101	0.90595	0.05305
353 K	0.03929	0.90853	0.05218
354 V	0.00777	0.98618	0.00604
355 T	0.00515	0.99180	0.00305
356 V	0.00079	0.99835	0.00086
357 I	0.00028	0.99953	0.0002
358 G	0.00021	0.99964	0.00014
359 V	0.00018	0.99975	8e-05
360 L	0.00017	0.99975	8e-05
361 F	0.00018	0.99975	8e-05
362 M	0.00019	0.99970	0.0001
363 I	0.00029	0.99950	0.00021
364 T	0.00074	0.99337	0.00589
365 L	0.00092	0.98993	0.00915
366 V	0.00174	0.97561	0.02264
367 T	0.00368	0.94365	0.05267
368 T	0.00517	0.90929	0.08554
369 P	0.00701	0.56559	0.4274
370 L	0.00798	0.53347	0.45855
371 L	0.01604	0.48630	0.49767
372 M	0.05862	0.36866	0.57273
373 Q	0.08880	0.13994	0.77126
374 R	0.09145	0.06068	0.84787
375 F	0.09162	0.06309	0.84529
376 F	0.09206	0.07159	0.83635
377 K	0.12760	0.03792	0.83449
378 L	0.12517	0.13273	0.7421
379 T	0.12574	0.14842	0.72584
380 H	0.12492	0.16436	0.71073
381 M	0.12285	0.20565	0.6715
382 K	0.12128	0.27146	0.60726
383 L	0.05203	0.71676	0.23122
384 G	0.03869	0.75861	0.20271
385 G	0.02877	0.80579	0.16543
386 T	0.02804	0.84468	0.12727
387 S	0.02710	0.89129	0.0816
388 L	0.02585	0.90061	0.07353
389 L	0.02571	0.90109	0.0732
390 I	0.02570	0.90115	0.07314
391 I	0.02570	0.90116	0.07313
392 V	0.02571	0.90115	0.07313
393 S	0.02581	0.90105	0.07313
394 V	0.02606	0.90080	0.07315
395 A	0.02699	0.89985	0.07316
396 I	0.04137	0.88531	0.07332
397 E	0.10469	0.82122	0.07409
398 T	0.12792	0.79766	0.07442
399 I	0.14307	0.78215	0.07478
400 Q	0.23486	0.68818	0.07697
401 R	0.29216	0.62483	0.08301
402 I	0.29917	0.61589	0.08494
403 M	0.33756	0.56714	0.0953
404 A	0.39499	0.49901	0.106
405 T	0.54279	0.33263	0.12458
406 A	0.81108	0.01838	0.17055
407 Q	0.82158	0.00314	0.17529
408 K	0.82287	0.00017	0.17696
409 K	0.82301	0.00002	0.17697
410 E	0.82303	0.00000	0.17697
411 Y	0.82303	0.00000	0.17697
412 A	0.82303	0.00000	0.17697
413 K	0.82303	0.00000	0.17697
414 I	0.82303	0.00000	0.17697
415 F	0.82303	0.00000	0.17697
