# tr|B1V8Y9|B1V8Y9_PHYAS
# AA	inside	membr	outside
1 M	0.45928	0.00000	0.54073
2 L	0.37211	0.08717	0.54073
3 I	0.36060	0.09867	0.54073
4 V	0.36060	0.43809	0.20131
5 F	0.35709	0.59769	0.04523
6 F	0.35709	0.60035	0.04256
7 F	0.35658	0.60098	0.04244
8 T	0.35658	0.60098	0.04244
9 M	0.35652	0.60109	0.04239
10 I	0.35652	0.60188	0.0416
11 V	0.35651	0.60191	0.04158
12 S	0.35637	0.60206	0.04157
13 N	0.35617	0.60229	0.04154
14 F	0.35617	0.60229	0.04154
15 F	0.35617	0.60294	0.04088
16 Y	0.35616	0.60296	0.04088
17 L	0.35613	0.59370	0.05017
18 K	0.35612	0.58130	0.06258
19 H	0.35420	0.58266	0.06314
20 F	0.18420	0.75299	0.06281
21 Y	0.09272	0.83933	0.06795
22 L	0.19401	0.70527	0.10072
23 N	0.45723	0.41114	0.13163
24 N	0.54408	0.32226	0.13366
25 P	0.54053	0.33748	0.12199
26 I	0.49361	0.45443	0.05196
27 I	0.43020	0.54394	0.02585
28 I	0.30001	0.68301	0.01698
29 F	0.09741	0.88767	0.01492
30 L	0.03883	0.94658	0.0146
31 L	0.02083	0.96730	0.01187
32 S	0.01626	0.97766	0.00607
33 L	0.00759	0.98897	0.00344
34 I	0.00175	0.99724	0.001
35 M	0.00127	0.99801	0.00071
36 A	0.00083	0.99867	0.0005
37 G	0.00059	0.99908	0.00033
38 L	0.00051	0.99918	0.00031
39 M	0.00041	0.99914	0.00045
40 T	0.00040	0.99859	0.001
41 F	0.00008	0.99871	0.00122
42 F	0.00004	0.99752	0.00244
43 F	0.00019	0.97698	0.02282
44 L	0.00028	0.95052	0.0492
45 I	0.00096	0.94463	0.05441
46 L	0.00334	0.93113	0.06553
47 C	0.00700	0.91371	0.07929
48 F	0.01465	0.90131	0.08404
49 I	0.06410	0.83503	0.10087
50 I	0.08599	0.77135	0.14266
51 M	0.10102	0.62586	0.27312
52 S	0.10677	0.44144	0.45179
53 F	0.10838	0.33928	0.55234
54 L	0.11300	0.21734	0.66966
55 P	0.12656	0.07255	0.80089
56 P	0.13358	0.02810	0.83831
57 N	0.14072	0.00875	0.85054
58 H	0.14277	0.00455	0.85268
59 P	0.14302	0.00330	0.85368
60 F	0.14285	0.00329	0.85386
61 K	0.14312	0.00248	0.85439
62 G	0.13704	0.01688	0.84608
63 F	0.13546	0.02259	0.84194
64 V	0.13535	0.02492	0.83972
65 I	0.13543	0.02504	0.83953
66 R	0.13551	0.02497	0.83952
67 S	0.13549	0.02503	0.83949
68 L	0.13548	0.02505	0.83947
69 S	0.13550	0.02502	0.83948
70 H	0.13552	0.02498	0.8395
71 F	0.13554	0.02494	0.83952
72 I	0.13554	0.02493	0.83952
73 K	0.13555	0.02489	0.83956
74 V	0.13555	0.02489	0.83956
75 F	0.13556	0.02488	0.83957
76 L	0.13563	0.02479	0.83958
77 R	0.13702	0.02331	0.83968
78 I	0.13742	0.02285	0.83973
79 K	0.13826	0.02162	0.84012
80 V	0.13849	0.02122	0.84029
81 I	0.13936	0.01972	0.84092
82 V	0.14962	0.00360	0.84677
83 K	0.15174	0.00045	0.84781
84 N	0.15188	0.00028	0.84784
85 K	0.15201	0.00007	0.84793
86 H	0.15201	0.00006	0.84793
87 L	0.15199	0.00008	0.84792
88 L	0.15199	0.00008	0.84792
89 P	0.15200	0.00007	0.84792
90 L	0.15200	0.00007	0.84792
91 K	0.15201	0.00006	0.84793
92 E	0.15199	0.00012	0.84789
93 N	0.15164	0.00067	0.84769
94 I	0.15110	0.00203	0.84688
95 V	0.15081	0.00259	0.8466
96 I	0.15073	0.00282	0.84645
97 Y	0.15061	0.00298	0.84641
98 A	0.15058	0.00301	0.84641
99 N	0.15055	0.00305	0.84641
100 H	0.15047	0.00313	0.84639
101 K	0.15037	0.00326	0.84638
102 S	0.14933	0.00471	0.84596
103 Y	0.14887	0.00539	0.84574
104 T	0.14880	0.00551	0.84568
105 D	0.14878	0.00556	0.84566
106 A	0.14860	0.00578	0.84562
107 F	0.14857	0.00583	0.8456
108 L	0.14856	0.00585	0.84559
109 I	0.14856	0.00585	0.84558
110 A	0.14856	0.00583	0.8456
111 I	0.14857	0.00579	0.84564
112 S	0.14863	0.00559	0.84578
113 L	0.14873	0.00534	0.84593
114 P	0.14927	0.00455	0.84619
115 R	0.14957	0.00409	0.84634
116 T	0.14969	0.00382	0.84648
117 L	0.14985	0.00356	0.84659
118 T	0.15003	0.00319	0.84678
119 F	0.15009	0.00301	0.8469
120 A	0.15054	0.00160	0.84787
121 P	0.15067	0.00086	0.84847
122 K	0.15084	0.00026	0.8489
123 D	0.15086	0.00022	0.84892
124 K	0.15080	0.00038	0.84881
125 F	0.14807	0.01058	0.84134
126 C	0.14795	0.01395	0.8381
127 F	0.14791	0.01609	0.83601
128 P	0.14789	0.01659	0.83552
129 F	0.14783	0.02067	0.83149
130 L	0.14782	0.02148	0.8307
131 T	0.14783	0.02165	0.83052
132 K	0.14782	0.02170	0.83048
133 W	0.14777	0.02260	0.82963
134 L	0.14776	0.02274	0.8295
135 L	0.14776	0.02278	0.82946
136 N	0.14776	0.02278	0.82946
137 L	0.14777	0.02278	0.82946
138 A	0.14777	0.02278	0.82945
139 F	0.14778	0.02277	0.82945
140 Y	0.14791	0.02262	0.82948
141 S	0.14808	0.02237	0.82954
142 S	0.14820	0.02217	0.82963
143 D	0.14877	0.02104	0.83019
144 C	0.14884	0.02089	0.83027
145 M	0.14918	0.02046	0.83035
146 V	0.14926	0.02036	0.83037
147 V	0.14978	0.01977	0.83046
148 S	0.15777	0.00985	0.83239
149 R	0.16447	0.00305	0.83248
150 E	0.16571	0.00175	0.83254
151 S	0.16584	0.00162	0.83255
152 V	0.16633	0.00111	0.83256
153 R	0.16733	0.00007	0.8326
154 K	0.16739	0.00000	0.83261
155 T	0.16739	0.00000	0.83261
156 A	0.16739	0.00000	0.83261
157 K	0.16739	0.00000	0.83261
158 N	0.16737	0.00002	0.83261
159 L	0.16735	0.00004	0.83261
160 S	0.16735	0.00004	0.83261
161 K	0.16734	0.00005	0.83261
162 A	0.16731	0.00008	0.83261
163 I	0.16728	0.00011	0.83261
164 P	0.16728	0.00012	0.83261
165 K	0.16728	0.00012	0.83261
166 I	0.16727	0.00013	0.83261
167 K	0.16727	0.00013	0.83261
168 S	0.16726	0.00013	0.83261
169 G	0.16726	0.00013	0.83261
170 L	0.16726	0.00013	0.83261
171 A	0.16726	0.00013	0.83261
172 L	0.16726	0.00013	0.83261
173 V	0.16726	0.00013	0.83261
174 V	0.16726	0.00013	0.83261
175 F	0.16726	0.00013	0.83261
176 P	0.16726	0.00012	0.83262
177 E	0.16726	0.00011	0.83262
178 G	0.16726	0.00011	0.83263
179 G	0.16726	0.00011	0.83263
180 M	0.16726	0.00010	0.83264
181 T	0.16726	0.00007	0.83267
182 D	0.16726	0.00003	0.83271
183 V	0.16726	0.00002	0.83271
184 D	0.16726	0.00001	0.83273
185 N	0.16726	0.00000	0.83273
186 E	0.16726	0.00000	0.83273
187 R	0.16726	0.00004	0.8327
188 V	0.16720	0.00023	0.83258
189 T	0.16710	0.00048	0.83243
190 P	0.16705	0.00056	0.83239
191 L	0.16702	0.00062	0.83236
192 L	0.16700	0.00067	0.83233
193 G	0.16700	0.00069	0.83231
194 G	0.16700	0.00070	0.83231
195 A	0.16700	0.00070	0.8323
196 F	0.16700	0.00071	0.8323
197 K	0.16700	0.00071	0.8323
198 I	0.16700	0.00072	0.83228
199 A	0.16700	0.00073	0.83228
200 L	0.16699	0.00073	0.83227
201 K	0.16700	0.00073	0.83227
202 S	0.16699	0.00075	0.83225
203 Q	0.16699	0.00076	0.83225
204 A	0.16699	0.00082	0.83219
205 S	0.16698	0.00084	0.83217
206 I	0.16698	0.00087	0.83215
207 V	0.16698	0.00086	0.83216
208 P	0.16699	0.00082	0.83219
209 L	0.16700	0.00081	0.83219
210 T	0.16706	0.00073	0.8322
211 I	0.16717	0.00058	0.83225
212 K	0.16736	0.00025	0.83239
213 G	0.16737	0.00022	0.83241
214 A	0.16739	0.00020	0.83242
215 S	0.16740	0.00018	0.83242
216 K	0.16742	0.00016	0.83242
217 I	0.16742	0.00016	0.83242
218 K	0.16743	0.00014	0.83242
219 N	0.16743	0.00014	0.83242
220 Y	0.16744	0.00014	0.83242
221 F	0.16744	0.00014	0.83242
222 W	0.16745	0.00013	0.83242
223 W	0.16748	0.00010	0.83242
224 Q	0.16756	0.00001	0.83243
225 K	0.16756	0.00000	0.83243
226 K	0.16756	0.00000	0.83243
227 R	0.16756	0.00000	0.83243
228 V	0.16756	0.00000	0.83243
229 E	0.16756	0.00000	0.83243
230 I	0.16756	0.00000	0.83243
231 I	0.16756	0.00000	0.83243
232 L	0.16756	0.00000	0.83243
233 H	0.16756	0.00000	0.83243
234 P	0.16756	0.00000	0.83243
235 V	0.16756	0.00000	0.83243
236 L	0.16756	0.00000	0.83243
237 K	0.16756	0.00000	0.83243
238 Y	0.16756	0.00000	0.83243
239 D	0.16756	0.00000	0.83243
240 D	0.16756	0.00000	0.83243
241 Y	0.16756	0.00000	0.83243
242 R	0.16756	0.00000	0.83243
243 C	0.16756	0.00000	0.83243
244 D	0.16756	0.00000	0.83243
245 T	0.16756	0.00000	0.83243
246 I	0.16756	0.00000	0.83243
247 K	0.16756	0.00000	0.83243
248 Q	0.16756	0.00000	0.83243
249 I	0.16756	0.00000	0.83243
250 A	0.16756	0.00000	0.83243
251 L	0.16756	0.00000	0.83243
252 N	0.16756	0.00000	0.83243
253 V	0.16756	0.00000	0.83243
254 E	0.16756	0.00000	0.83243
255 N	0.16756	0.00000	0.83243
256 K	0.16756	0.00000	0.83243
257 I	0.16756	0.00000	0.83243
258 N	0.16756	0.00000	0.83243
259 S	0.16756	0.00000	0.83243
260 G	0.16756	0.00000	0.83243
261 L	0.16756	0.00000	0.83243
262 E	0.16756	0.00000	0.83243
