# tr|B1VB24|B1VB24_PHYAS
# AA	inside	membr	outside
1 M	0.94286	0.00000	0.05713
2 K	0.94286	0.00000	0.05713
3 S	0.94286	0.00000	0.05713
4 N	0.94286	0.00000	0.05713
5 N	0.94286	0.00000	0.05713
6 N	0.94286	0.00000	0.05713
7 T	0.94286	0.00000	0.05713
8 K	0.94286	0.00000	0.05713
9 V	0.94286	0.00000	0.05713
10 N	0.94286	0.00000	0.05713
11 D	0.94286	0.00000	0.05713
12 L	0.94286	0.00000	0.05713
13 F	0.94286	0.00000	0.05713
14 K	0.94286	0.00000	0.05713
15 K	0.94286	0.00000	0.05713
16 I	0.94286	0.00000	0.05713
17 N	0.94286	0.00000	0.05713
18 D	0.94286	0.00000	0.05713
19 N	0.94286	0.00000	0.05713
20 F	0.94286	0.00000	0.05713
21 L	0.94286	0.00000	0.05713
22 S	0.94286	0.00000	0.05713
23 S	0.94286	0.00000	0.05713
24 S	0.94286	0.00000	0.05713
25 D	0.94286	0.00000	0.05713
26 T	0.94286	0.00000	0.05713
27 T	0.94286	0.00000	0.05713
28 D	0.94286	0.00000	0.05713
29 Y	0.94286	0.00000	0.05713
30 K	0.94286	0.00000	0.05713
31 R	0.94286	0.00000	0.05713
32 K	0.94285	0.00002	0.05713
33 A	0.94273	0.00014	0.05713
34 S	0.94246	0.00041	0.05713
35 R	0.94149	0.00141	0.0571
36 K	0.93638	0.00664	0.05698
37 G	0.23366	0.71346	0.05288
38 V	0.04294	0.94915	0.00791
39 A	0.02879	0.96476	0.00645
40 F	0.01555	0.97850	0.00594
41 K	0.01417	0.98021	0.00562
42 T	0.00655	0.99055	0.0029
43 I	0.00041	0.99950	9e-05
44 L	0.00011	0.99987	2e-05
45 L	0.00007	0.99993	1e-05
46 L	0.00006	0.99993	0
47 L	0.00006	0.99994	0
48 I	0.00006	0.99994	0
49 T	0.00006	0.99994	0
50 A	0.00006	0.99993	0
51 F	0.00006	0.99993	0
52 T	0.00006	0.99992	2e-05
53 A	0.00006	0.99976	0.00017
54 G	0.00006	0.99943	0.00051
55 T	0.00008	0.98423	0.01569
56 F	0.00009	0.98111	0.0188
57 F	0.00016	0.95544	0.04439
58 S	0.00093	0.90892	0.09015
59 L	0.00143	0.89373	0.10485
60 F	0.00515	0.22050	0.77434
61 K	0.05616	0.00874	0.93509
62 M	0.05669	0.00617	0.93713
63 T	0.05707	0.00411	0.93883
64 Q	0.05715	0.00346	0.9394
65 L	0.05705	0.00276	0.94019
66 K	0.05700	0.00077	0.94223
67 F	0.01970	0.08704	0.89326
68 P	0.01915	0.10129	0.87957
69 Y	0.01304	0.79924	0.18773
70 L	0.01167	0.92216	0.06618
71 W	0.00765	0.95547	0.03688
72 M	0.00572	0.96321	0.03108
73 I	0.00034	0.97180	0.02786
74 K	0.00030	0.97422	0.02549
75 V	0.00017	0.99837	0.00145
76 I	0.00002	0.99928	0.00069
77 F	0.00000	0.99937	0.00062
78 L	0.00000	0.99939	0.0006
79 T	0.00000	0.99941	0.00059
80 S	0.00000	0.99941	0.00058
81 S	0.00000	0.99941	0.00058
82 F	0.00000	0.99941	0.00058
83 A	0.00001	0.99941	0.00058
84 T	0.00001	0.99939	0.0006
85 S	0.00003	0.99932	0.00064
86 I	0.00008	0.99926	0.00066
87 F	0.00061	0.99845	0.00094
88 Y	0.00370	0.99499	0.0013
89 I	0.02002	0.97710	0.00287
90 A	0.10814	0.85608	0.03579
91 A	0.14625	0.81589	0.03787
92 M	0.81268	0.14250	0.04482
93 L	0.88085	0.07077	0.04839
94 R	0.92802	0.01835	0.05364
95 V	0.93166	0.01427	0.05407
96 E	0.93553	0.00782	0.05665
97 M	0.93207	0.01211	0.05582
98 S	0.59348	0.35518	0.05134
99 R	0.57340	0.37976	0.04685
100 L	0.44698	0.50876	0.04426
101 C	0.38905	0.57057	0.04038
102 S	0.33664	0.62847	0.03489
103 C	0.20172	0.76801	0.03028
104 L	0.11286	0.88219	0.00495
105 F	0.10294	0.89483	0.00223
106 A	0.10242	0.89728	0.0003
107 V	0.10230	0.89756	0.00014
108 L	0.10227	0.89763	0.0001
109 E	0.10227	0.89766	7e-05
110 G	0.10219	0.89776	4e-05
111 L	0.10205	0.89793	2e-05
112 T	0.10196	0.89802	1e-05
113 I	0.10183	0.89816	2e-05
114 G	0.10167	0.89827	7e-05
115 I	0.10141	0.89850	9e-05
116 F	0.10133	0.89751	0.00116
117 F	0.10127	0.89585	0.00288
118 H	0.10195	0.86384	0.03421
119 F	0.10210	0.84728	0.05061
120 I	0.10332	0.82113	0.07556
121 N	0.11883	0.31544	0.56574
122 C	0.12864	0.26065	0.61071
123 I	0.13001	0.20959	0.6604
124 Y	0.13925	0.17970	0.68105
125 S	0.14193	0.15383	0.70424
126 N	0.12936	0.15004	0.7206
127 L	0.05767	0.30990	0.63243
128 L	0.02649	0.44273	0.53077
129 E	0.02596	0.46002	0.51402
130 I	0.00873	0.91781	0.07346
131 V	0.00171	0.97366	0.02462
132 F	0.00037	0.99468	0.00495
133 I	0.00002	0.99873	0.00126
134 A	0.00001	0.99897	0.00102
135 L	0.00000	0.99969	0.0003
136 F	0.00000	0.99968	0.00032
137 S	0.00000	0.99964	0.00036
138 T	0.00000	0.99962	0.00038
139 L	0.00000	0.99961	0.00039
140 I	0.00000	0.99960	0.0004
141 I	0.00001	0.99955	0.00044
142 F	0.00007	0.99931	0.00062
143 C	0.00044	0.99826	0.0013
144 V	0.00134	0.99711	0.00155
145 M	0.00718	0.98949	0.00333
146 A	0.03123	0.96197	0.00681
147 H	0.11982	0.87065	0.00953
148 A	0.19092	0.79764	0.01144
149 Y	0.24464	0.72103	0.03433
150 Y	0.43213	0.44855	0.11932
151 K	0.71924	0.12208	0.15868
152 G	0.73442	0.10638	0.15921
153 T	0.80285	0.03725	0.1599
154 L	0.82083	0.01898	0.16019
155 K	0.83938	0.00032	0.1603
156 V	0.83863	0.00109	0.16028
157 T	0.83811	0.00163	0.16026
158 Q	0.83789	0.00200	0.16011
159 R	0.83164	0.01114	0.15723
160 F	0.75257	0.10827	0.13916
161 T	0.74019	0.12381	0.136
162 T	0.62559	0.24908	0.12532
163 I	0.50128	0.40260	0.09613
164 M	0.48521	0.49243	0.02236
165 Q	0.42537	0.57057	0.00405
166 I	0.25444	0.74374	0.00181
167 I	0.09891	0.90004	0.00105
168 S	0.08173	0.91739	0.00087
169 I	0.04042	0.95949	9e-05
170 A	0.01784	0.98214	1e-05
171 L	0.00171	0.99828	1e-05
172 F	0.00050	0.99950	0
173 F	0.00039	0.99960	0
174 T	0.00034	0.99964	1e-05
175 Y	0.00030	0.99968	2e-05
176 L	0.00028	0.99967	5e-05
177 I	0.00028	0.99962	0.0001
178 R	0.00031	0.99625	0.00344
179 L	0.00029	0.99576	0.00395
180 F	0.00059	0.99198	0.00743
181 F	0.00172	0.98817	0.0101
182 V	0.00711	0.96824	0.02466
183 L	0.02710	0.78869	0.18421
184 F	0.02914	0.77683	0.19404
185 G	0.03964	0.65499	0.30537
186 V	0.06477	0.57185	0.36338
187 G	0.14070	0.46748	0.39181
188 T	0.15786	0.37415	0.46799
189 I	0.15938	0.21311	0.62751
190 E	0.16003	0.03014	0.80982
191 N	0.15140	0.03137	0.81722
192 I	0.12333	0.34863	0.52803
193 L	0.04042	0.50316	0.45642
194 Y	0.01383	0.77911	0.20705
195 Y	0.00648	0.86125	0.13227
196 S	0.00361	0.90190	0.09448
197 I	0.00233	0.96855	0.02912
198 L	0.00037	0.98428	0.01535
199 A	0.00008	0.99823	0.00169
200 I	0.00003	0.99945	0.00052
201 P	0.00002	0.99959	0.00039
202 L	0.00001	0.99969	0.00031
203 S	0.00000	0.99970	0.0003
204 L	0.00000	0.99974	0.00027
205 F	0.00000	0.99972	0.00028
206 M	0.00000	0.99971	0.00029
207 L	0.00000	0.99970	0.0003
208 G	0.00001	0.99969	0.00031
209 F	0.00003	0.99960	0.00037
210 L	0.00023	0.99895	0.00081
211 S	0.00118	0.99611	0.00272
212 M	0.00399	0.99203	0.00398
213 Y	0.00519	0.98996	0.00486
214 L	0.01011	0.97750	0.01239
215 A	0.27757	0.68967	0.03276
216 I	0.34711	0.53524	0.11766
217 H	0.67590	0.17783	0.14628
218 F	0.76818	0.07762	0.1542
219 D	0.83273	0.00870	0.15857
220 Y	0.83605	0.00514	0.15881
221 T	0.83826	0.00103	0.1607
222 E	0.83909	0.00006	0.16084
223 Q	0.83913	0.00002	0.16085
224 M	0.83913	0.00002	0.16085
225 I	0.83913	0.00001	0.16085
226 Q	0.83914	0.00000	0.16086
227 Q	0.83913	0.00000	0.16086
228 G	0.83907	0.00007	0.16086
229 L	0.83904	0.00010	0.16086
230 P	0.83902	0.00012	0.16086
231 E	0.83881	0.00038	0.16081
232 K	0.83847	0.00091	0.16062
233 Y	0.82335	0.02526	0.1514
234 E	0.81051	0.04305	0.14644
235 W	0.56084	0.38166	0.0575
236 Q	0.53565	0.42381	0.04055
237 V	0.15493	0.82106	0.024
238 S	0.08705	0.89844	0.01451
239 L	0.02001	0.97643	0.00356
240 A	0.01794	0.98127	0.00079
241 F	0.01560	0.98407	0.00033
242 A	0.01477	0.98510	0.00013
243 A	0.01460	0.98531	9e-05
244 T	0.01455	0.98537	8e-05
245 L	0.01453	0.98539	8e-05
246 I	0.01453	0.98539	8e-05
247 S	0.01452	0.98540	8e-05
248 I	0.01452	0.98540	8e-05
249 F	0.01452	0.98539	8e-05
250 L	0.01453	0.98525	0.00021
251 R	0.01483	0.98329	0.00188
252 I	0.01489	0.98239	0.00272
253 V	0.01597	0.95800	0.02603
254 N	0.02048	0.90503	0.07449
255 L	0.02620	0.84878	0.12502
256 L	0.04608	0.76779	0.18614
257 L	0.05366	0.72395	0.2224
258 R	0.14782	0.44857	0.40361
259 I	0.15545	0.42740	0.41715
260 M	0.16586	0.14017	0.69398
261 G	0.16911	0.07153	0.75936
262 K	0.17517	0.00069	0.82414
263 E	0.17531	0.00001	0.82468
264 K	0.17531	0.00000	0.82469
265 E	0.17531	0.00000	0.82469
