# tr|B1VAY5|B1VAY5_PHYAS
# AA	inside	membr	outside
1 M	0.14690	0.00000	0.8531
2 F	0.14690	0.00000	0.8531
3 P	0.14690	0.00000	0.8531
4 K	0.14690	0.00000	0.8531
5 N	0.14690	0.00000	0.8531
6 F	0.14690	0.00000	0.8531
7 N	0.14690	0.00000	0.8531
8 E	0.14690	0.00000	0.8531
9 I	0.14690	0.00001	0.85309
10 S	0.14690	0.00010	0.853
11 I	0.14690	0.00012	0.85298
12 L	0.14687	0.00015	0.85297
13 N	0.14686	0.00019	0.85295
14 N	0.14686	0.00019	0.85295
15 N	0.14686	0.12511	0.72803
16 Q	0.14675	0.12523	0.72802
17 Y	0.13145	0.21551	0.65305
18 R	0.13093	0.39930	0.46978
19 L	0.11632	0.43728	0.4464
20 G	0.06780	0.89274	0.03947
21 Y	0.00506	0.95836	0.03659
22 F	0.00403	0.98109	0.01488
23 C	0.00351	0.99253	0.00396
24 Y	0.00345	0.99503	0.00152
25 F	0.00344	0.99520	0.00135
26 L	0.00344	0.99522	0.00134
27 Y	0.00344	0.99522	0.00134
28 L	0.00344	0.99522	0.00134
29 C	0.00345	0.99522	0.00134
30 L	0.00345	0.99521	0.00134
31 S	0.00349	0.99518	0.00134
32 V	0.00357	0.99509	0.00135
33 S	0.00533	0.99332	0.00135
34 N	0.00691	0.99170	0.00138
35 P	0.01452	0.98381	0.00167
36 F	0.01574	0.98243	0.00184
37 Y	0.02289	0.97321	0.0039
38 N	0.16858	0.81702	0.0144
39 I	0.22105	0.75906	0.01989
40 Y	0.49342	0.43325	0.07333
41 K	0.78524	0.07831	0.13645
42 L	0.79301	0.06739	0.1396
43 K	0.85502	0.00035	0.14462
44 K	0.85510	0.00010	0.14479
45 S	0.85513	0.00007	0.14479
46 H	0.85518	0.00003	0.14479
47 L	0.85520	0.00001	0.14479
48 N	0.85521	0.00000	0.14479
49 L	0.85521	0.00000	0.14479
50 K	0.85521	0.00000	0.14479
51 K	0.85521	0.00000	0.14479
52 C	0.85519	0.00002	0.14479
53 I	0.85516	0.00005	0.14479
54 K	0.85513	0.00008	0.14478
55 K	0.85352	0.00191	0.14456
56 M	0.85149	0.00407	0.14444
57 T	0.83788	0.01803	0.14408
58 K	0.77206	0.08424	0.1437
59 V	0.51878	0.35891	0.12231
60 F	0.18004	0.71606	0.10389
61 F	0.10678	0.78995	0.10327
62 I	0.09264	0.80533	0.10203
63 S	0.09106	0.80696	0.10197
64 K	0.09052	0.80766	0.10182
65 K	0.08197	0.82297	0.09505
66 L	0.02596	0.91717	0.05687
67 L	0.01921	0.93383	0.04695
68 Y	0.01911	0.93419	0.0467
69 F	0.01910	0.93427	0.04664
70 K	0.01910	0.93432	0.04659
71 L	0.01910	0.93432	0.04659
72 V	0.01910	0.93432	0.04659
73 F	0.01910	0.93429	0.04661
74 Q	0.01917	0.93400	0.04683
75 L	0.01919	0.93366	0.04716
76 I	0.01923	0.93100	0.04978
77 F	0.02028	0.86059	0.11913
78 K	0.02461	0.53355	0.44185
79 I	0.02511	0.51327	0.46163
80 L	0.02610	0.48532	0.48858
81 N	0.02875	0.42000	0.55125
82 F	0.04337	0.34485	0.61178
83 S	0.06239	0.18257	0.75504
84 F	0.07200	0.11125	0.81675
85 F	0.11731	0.00000	0.8827
