# tr|B1V8W5|B1V8W5_PHYAS
# AA	inside	membr	outside
1 M	0.93855	0.00000	0.06144
2 H	0.93855	0.00000	0.06144
3 K	0.93855	0.00000	0.06144
4 I	0.93855	0.00000	0.06144
5 C	0.93855	0.00000	0.06144
6 K	0.93855	0.00000	0.06144
7 Y	0.93855	0.00001	0.06144
8 T	0.93855	0.00001	0.06144
9 F	0.93855	0.00001	0.06144
10 E	0.93855	0.00001	0.06144
11 S	0.93855	0.00001	0.06144
12 Y	0.93853	0.00003	0.06143
13 I	0.93853	0.00003	0.06143
14 N	0.93853	0.00003	0.06143
15 Q	0.93853	0.00004	0.06142
16 E	0.93853	0.00004	0.06142
17 E	0.93852	0.00006	0.06142
18 F	0.93852	0.00007	0.06141
19 T	0.93850	0.00009	0.06141
20 K	0.93838	0.00023	0.06138
21 L	0.93649	0.00213	0.06138
22 K	0.93645	0.00218	0.06137
23 I	0.93493	0.00448	0.06059
24 L	0.93471	0.00476	0.06052
25 F	0.93469	0.00480	0.06051
26 T	0.93467	0.00483	0.06051
27 Y	0.93461	0.00489	0.06049
28 N	0.93449	0.00502	0.06049
29 L	0.93446	0.00504	0.06049
30 K	0.93447	0.00502	0.0605
31 K	0.93446	0.00503	0.0605
32 Y	0.93441	0.00509	0.0605
33 F	0.93440	0.00509	0.0605
34 I	0.93440	0.00510	0.0605
35 L	0.93440	0.00509	0.06051
36 K	0.93440	0.00505	0.06054
37 I	0.93440	0.00505	0.06055
38 H	0.93442	0.00502	0.06055
39 I	0.93439	0.00499	0.06061
40 C	0.93441	0.00388	0.06171
41 F	0.93453	0.00312	0.06236
42 K	0.93463	0.00255	0.06283
43 N	0.93474	0.00241	0.06285
44 I	0.93415	0.00300	0.06285
45 I	0.93323	0.00393	0.06284
46 E	0.93353	0.00196	0.0645
47 K	0.93265	0.00280	0.06456
48 R	0.90800	0.02874	0.06326
49 W	0.40607	0.56625	0.02768
50 S	0.23325	0.74393	0.02282
51 I	0.09932	0.88508	0.0156
52 L	0.02619	0.95989	0.01391
53 W	0.02226	0.96480	0.01295
54 K	0.02139	0.96586	0.01275
55 I	0.01331	0.97829	0.0084
56 L	0.01235	0.97962	0.00803
57 Q	0.01185	0.98035	0.0078
58 L	0.01151	0.98075	0.00774
59 I	0.01149	0.98079	0.00772
60 L	0.01148	0.98079	0.00772
61 F	0.01148	0.98078	0.00773
62 S	0.01148	0.98071	0.0078
63 F	0.01148	0.98070	0.00781
64 F	0.01149	0.98023	0.00828
65 P	0.01151	0.97797	0.01052
66 S	0.01155	0.97443	0.01402
67 L	0.01194	0.95231	0.03574
68 R	0.01314	0.88156	0.1053
69 F	0.01348	0.84888	0.13764
70 F	0.01414	0.78694	0.19892
71 G	0.02018	0.65560	0.32421
72 N	0.05468	0.17823	0.76709
73 F	0.06048	0.08847	0.85106
74 I	0.06381	0.05490	0.88129
75 K	0.06816	0.00122	0.93062
76 M	0.06834	0.00054	0.93112
77 L	0.06842	0.00000	0.93157
