# tr|B1VA94|B1VA94_PHYAS
# AA	inside	membr	outside
1 M	0.92885	0.00000	0.07115
2 N	0.92885	0.00000	0.07115
3 T	0.92885	0.00000	0.07115
4 I	0.92885	0.00000	0.07115
5 P	0.92885	0.00000	0.07115
6 K	0.92885	0.00000	0.07115
7 K	0.92885	0.00000	0.07115
8 A	0.92885	0.00000	0.07115
9 V	0.92885	0.00000	0.07115
10 I	0.92885	0.00000	0.07115
11 K	0.92885	0.00000	0.07115
12 K	0.92885	0.00000	0.07115
13 N	0.92885	0.00000	0.07115
14 K	0.92885	0.00000	0.07115
15 L	0.92885	0.00000	0.07115
16 Q	0.92885	0.00000	0.07115
17 P	0.92885	0.00000	0.07115
18 S	0.92885	0.00000	0.07115
19 D	0.92885	0.00000	0.07115
20 S	0.92885	0.00000	0.07115
21 R	0.92885	0.00000	0.07115
22 P	0.92885	0.00000	0.07115
23 Y	0.92884	0.00001	0.07115
24 T	0.92884	0.00001	0.07115
25 N	0.92880	0.00005	0.07115
26 L	0.92688	0.00198	0.07114
27 L	0.92639	0.00248	0.07113
28 K	0.92595	0.00292	0.07113
29 N	0.87086	0.05973	0.06941
30 K	0.83055	0.10096	0.06849
31 Y	0.19024	0.76796	0.04179
32 F	0.10465	0.87272	0.02263
33 H	0.07634	0.90722	0.01644
34 I	0.01695	0.98219	0.00086
35 A	0.00283	0.99687	0.0003
36 I	0.00068	0.99925	7e-05
37 F	0.00025	0.99974	1e-05
38 F	0.00003	0.99997	0
39 I	0.00001	0.99999	0
40 A	0.00000	1.00000	0
41 L	0.00000	1.00000	0
42 L	0.00000	1.00000	0
43 L	0.00000	1.00000	0
44 N	0.00000	1.00000	0
45 L	0.00000	1.00000	0
46 V	0.00000	0.99999	1e-05
47 I	0.00002	0.99992	6e-05
48 I	0.00021	0.99864	0.00115
49 Y	0.00335	0.89251	0.10414
50 L	0.00475	0.85098	0.14426
51 L	0.01592	0.67485	0.30923
52 K	0.04447	0.38997	0.56555
53 N	0.04582	0.32326	0.63092
54 T	0.05240	0.06289	0.88472
55 Y	0.05565	0.05325	0.8911
56 F	0.05947	0.04385	0.89669
57 T	0.07094	0.01484	0.91422
58 D	0.07115	0.00103	0.92783
59 D	0.07115	0.00002	0.92884
60 P	0.07114	0.00072	0.92814
61 A	0.07112	0.01963	0.90925
62 D	0.07105	0.02038	0.90857
63 L	0.05811	0.04649	0.89541
64 E	0.05687	0.05149	0.89165
65 T	0.05485	0.09684	0.84832
66 K	0.04963	0.24112	0.70926
67 C	0.03616	0.35104	0.6128
68 H	0.01749	0.82021	0.1623
69 L	0.01144	0.88315	0.10541
70 T	0.00901	0.91703	0.07397
71 A	0.00413	0.95228	0.04359
72 I	0.00273	0.95472	0.04254
73 F	0.00252	0.95527	0.0422
74 S	0.00244	0.95545	0.04211
75 G	0.00227	0.95641	0.04133
76 M	0.00209	0.95803	0.03988
77 F	0.00187	0.95915	0.03898
78 L	0.00182	0.96002	0.03815
79 G	0.00183	0.96020	0.03797
80 G	0.00182	0.96043	0.03775
81 F	0.00183	0.96067	0.0375
82 I	0.00230	0.96026	0.03745
83 L	0.00542	0.95676	0.03782
84 G	0.08005	0.88053	0.03943
85 I	0.13351	0.82151	0.04498
86 K	0.84558	0.05988	0.09454
87 K	0.86227	0.04287	0.09485
88 G	0.83644	0.08806	0.07549
89 T	0.82405	0.11706	0.05889
90 I	0.35332	0.62142	0.02525
91 G	0.32678	0.64900	0.02422
92 V	0.09880	0.87631	0.02489
93 S	0.08494	0.88852	0.02653
94 L	0.06817	0.90489	0.02694
95 G	0.06397	0.92044	0.01559
96 V	0.04379	0.94612	0.01009
97 F	0.00720	0.98789	0.00491
98 L	0.00279	0.99305	0.00416
99 G	0.00344	0.99291	0.00365
100 A	0.00399	0.99419	0.00182
101 T	0.00454	0.99396	0.0015
102 L	0.00403	0.99500	0.00097
103 A	0.00410	0.99500	0.0009
104 M	0.00420	0.99488	0.00092
105 W	0.00421	0.99462	0.00117
106 L	0.00438	0.99296	0.00267
107 S	0.00522	0.98674	0.00804
108 F	0.00609	0.95993	0.03398
109 L	0.01093	0.91124	0.07784
110 T	0.04840	0.44474	0.50686
111 E	0.06928	0.34761	0.58311
112 G	0.07342	0.32217	0.60442
113 N	0.07935	0.23618	0.68447
114 I	0.07963	0.23238	0.68799
115 I	0.08021	0.15565	0.76414
116 S	0.08196	0.12933	0.78871
117 W	0.08346	0.11636	0.80018
118 I	0.09493	0.09743	0.80764
119 Y	0.10058	0.06779	0.83163
120 R	0.10850	0.01399	0.87751
121 L	0.10926	0.00834	0.88239
122 N	0.11086	0.00087	0.88827
123 S	0.11149	0.00000	0.88851
