# tr|B1V928|B1V928_PHYAS
# AA	inside	membr	outside
1 M	0.94683	0.00000	0.05317
2 F	0.94268	0.00415	0.05317
3 G	0.94221	0.00462	0.05317
4 N	0.94221	0.00686	0.05093
5 N	0.86548	0.10344	0.03108
6 L	0.86531	0.12614	0.00855
7 F	0.00601	0.98665	0.00735
8 V	0.00601	0.98666	0.00733
9 F	0.00245	0.99039	0.00717
10 F	0.00244	0.99692	0.00064
11 M	0.00226	0.99721	0.00054
12 F	0.00016	0.99931	0.00053
13 M	0.00002	0.99946	0.00053
14 H	0.00002	0.99946	0.00053
15 K	0.00002	0.99946	0.00052
16 F	0.00001	0.99947	0.00052
17 L	0.00001	0.99948	0.00052
18 L	0.00001	0.99948	0.00052
19 F	0.00001	0.99947	0.00053
20 I	0.00001	0.99941	0.00059
21 I	0.00001	0.99927	0.00073
22 G	0.00010	0.99824	0.00166
23 K	0.00025	0.99441	0.00535
24 I	0.00024	0.99389	0.00586
25 L	0.00027	0.98803	0.01169
26 L	0.00034	0.98745	0.0122
27 F	0.00440	0.98047	0.01514
28 I	0.02773	0.89854	0.07372
29 Q	0.05204	0.74939	0.19857
30 N	0.05258	0.00171	0.94571
31 P	0.05259	0.00196	0.94545
32 D	0.05205	0.03059	0.91736
33 I	0.02675	0.70957	0.26368
34 L	0.00334	0.97890	0.01776
35 V	0.00039	0.98637	0.01324
36 H	0.00030	0.98730	0.01239
37 L	0.00010	0.99592	0.00398
38 L	0.00009	0.99713	0.00278
39 L	0.00008	0.99960	0.00033
40 S	0.00007	0.99961	0.00031
41 L	0.00007	0.99962	0.0003
42 I	0.00007	0.99963	0.00029
43 V	0.00008	0.99963	0.00029
44 L	0.00008	0.99963	0.00029
45 V	0.00008	0.99962	0.00029
46 L	0.00008	0.99962	0.00029
47 K	0.00013	0.99956	0.00031
48 T	0.00020	0.99949	0.00031
49 F	0.00026	0.99942	0.00032
50 F	0.00128	0.99832	0.0004
51 V	0.05129	0.94615	0.00255
52 S	0.32913	0.65702	0.01385
53 K	0.52740	0.44065	0.03195
54 T	0.53780	0.42964	0.03257
55 L	0.54343	0.42354	0.03304
56 F	0.75361	0.20709	0.0393
57 K	0.94503	0.00234	0.05262
58 T	0.94678	0.00040	0.05282
59 K	0.94707	0.00005	0.05288
60 N	0.94711	0.00001	0.05288
61 K	0.94712	0.00000	0.05288
62 L	0.94712	0.00000	0.05288
63 N	0.94712	0.00000	0.05288
64 N	0.94712	0.00000	0.05288
65 Y	0.94712	0.00000	0.05288
66 I	0.94712	0.00000	0.05288
67 S	0.94712	0.00000	0.05288
68 F	0.94712	0.00000	0.05288
69 E	0.94712	0.00000	0.05288
70 T	0.94712	0.00000	0.05288
71 H	0.94712	0.00000	0.05288
72 K	0.94712	0.00000	0.05288
73 T	0.94712	0.00000	0.05288
74 N	0.94712	0.00000	0.05288
75 Q	0.94712	0.00000	0.05288
76 L	0.94712	0.00000	0.05288
77 N	0.94712	0.00000	0.05288
