# tr|B1VAW9|B1VAW9_PHYAS
# AA	inside	membr	outside
1 M	0.99983	0.00000	0.00017
2 K	0.99983	0.00000	0.00017
3 F	0.99983	0.00000	0.00017
4 K	0.99983	0.00000	0.00017
5 F	0.99983	0.00000	0.00017
6 T	0.99983	0.00000	0.00017
7 L	0.99983	0.00000	0.00017
8 T	0.99983	0.00000	0.00017
9 N	0.99983	0.00000	0.00017
10 Y	0.99983	0.00000	0.00017
11 K	0.99983	0.00000	0.00017
12 K	0.99983	0.00000	0.00017
13 K	0.99982	0.00000	0.00017
14 L	0.99982	0.00000	0.00017
15 K	0.99982	0.00000	0.00017
16 I	0.99923	0.00059	0.00017
17 L	0.99797	0.00186	0.00017
18 I	0.99786	0.00197	0.00017
19 K	0.99735	0.00248	0.00017
20 N	0.89746	0.10237	0.00017
21 K	0.59627	0.40355	0.00017
22 N	0.47535	0.52449	0.00017
23 I	0.09563	0.90429	8e-05
24 L	0.02432	0.97566	3e-05
25 F	0.00340	0.99658	1e-05
26 G	0.00191	0.99809	1e-05
27 S	0.00119	0.99880	0
28 L	0.00014	0.99986	0
29 F	0.00001	0.99999	0
30 L	0.00000	1.00000	0
31 I	0.00000	1.00000	0
32 I	0.00000	1.00000	0
33 L	0.00000	1.00000	0
34 F	0.00000	1.00000	0
35 L	0.00000	1.00000	0
36 T	0.00000	0.99999	1e-05
37 I	0.00000	0.99996	4e-05
38 Y	0.00000	0.99944	0.00056
39 L	0.00000	0.99504	0.00496
40 L	0.00000	0.98226	0.01773
41 P	0.00000	0.90694	0.09306
42 L	0.00001	0.87781	0.12218
43 T	0.00004	0.71457	0.28539
44 P	0.00004	0.49638	0.50359
45 F	0.00004	0.41122	0.58873
46 Y	0.00009	0.09409	0.90582
47 H	0.00016	0.02172	0.97812
48 N	0.00017	0.00166	0.99817
49 P	0.00017	0.00067	0.99916
50 Y	0.00017	0.00049	0.99934
51 K	0.00017	0.00001	0.99982
52 S	0.00017	0.00000	0.99983
53 P	0.00017	0.00000	0.99983
54 F	0.00017	0.00000	0.99983
55 K	0.00017	0.00000	0.99983
56 R	0.00017	0.00000	0.99983
57 L	0.00017	0.00000	0.99983
58 Q	0.00017	0.00000	0.99983
59 S	0.00017	0.00000	0.99983
60 F	0.00017	0.00000	0.99983
61 S	0.00017	0.00000	0.99983
62 W	0.00017	0.00000	0.99983
63 K	0.00017	0.00000	0.99983
64 H	0.00017	0.00000	0.99983
65 W	0.00017	0.00001	0.99982
66 M	0.00017	0.00001	0.99982
67 G	0.00017	0.00001	0.99982
68 T	0.00017	0.00001	0.99982
69 D	0.00017	0.00001	0.99982
70 S	0.00017	0.00001	0.99982
71 S	0.00017	0.00001	0.99982
72 G	0.00017	0.00001	0.99982
73 Y	0.00017	0.00001	0.99982
74 D	0.00017	0.00002	0.99981
75 L	0.00017	0.00021	0.99962
76 F	0.00017	0.00030	0.99953
77 S	0.00017	0.00037	0.99946
78 R	0.00017	0.00060	0.99923
79 V	0.00017	0.00171	0.99811
80 L	0.00017	0.00213	0.99769
81 E	0.00018	0.00231	0.99751
82 G	0.00018	0.00772	0.99211
83 A	0.00018	0.01675	0.98307
84 K	0.00018	0.02604	0.97379
85 I	0.00011	0.47133	0.52856
86 S	0.00007	0.53820	0.46173
87 L	0.00005	0.60213	0.39782
88 T	0.00003	0.64825	0.35172
89 I	0.00002	0.94330	0.05667
90 G	0.00002	0.95838	0.0416
91 L	0.00001	0.97383	0.02616
92 I	0.00001	0.99687	0.00312
93 A	0.00000	0.99907	0.00093
94 V	0.00000	0.99976	0.00025
95 F	0.00000	0.99992	7e-05
96 L	0.00000	0.99997	3e-05
97 S	0.00001	0.99997	2e-05
98 S	0.00007	0.99992	1e-05
99 L	0.00010	0.99990	1e-05
100 V	0.00015	0.99985	0
101 G	0.00036	0.99964	0
102 S	0.00078	0.99921	0
103 F	0.00088	0.99912	0
104 L	0.00103	0.99896	1e-05
105 G	0.01003	0.98997	1e-05
106 I	0.02293	0.97706	1e-05
107 I	0.05252	0.94747	1e-05
108 S	0.48275	0.51718	7e-05
109 G	0.55305	0.44682	0.00013
110 Y	0.59918	0.40068	0.00014
111 F	0.64080	0.35904	0.00015
112 R	0.95091	0.04893	0.00016
113 G	0.96254	0.03729	0.00016
114 I	0.97198	0.02785	0.00017
115 I	0.99296	0.00687	0.00017
116 D	0.99059	0.00923	0.00018
117 S	0.94542	0.05442	0.00016
118 I	0.63156	0.36837	6e-05
119 I	0.46561	0.53433	6e-05
120 N	0.12851	0.87145	4e-05
121 F	0.03565	0.96432	2e-05
122 I	0.02976	0.97023	2e-05
123 C	0.02207	0.97791	1e-05
124 D	0.01613	0.98386	1e-05
125 I	0.00308	0.99692	0
126 L	0.00020	0.99980	0
127 V	0.00005	0.99995	0
128 I	0.00002	0.99998	0
129 F	0.00002	0.99996	2e-05
130 P	0.00002	0.99995	2e-05
131 D	0.00002	0.99995	3e-05
132 I	0.00002	0.99996	2e-05
133 I	0.00002	0.99994	4e-05
134 L	0.00002	0.99982	0.00016
135 A	0.00002	0.99970	0.00028
136 I	0.00002	0.99937	0.00061
137 I	0.00002	0.99835	0.00163
138 I	0.00002	0.97832	0.02166
139 M	0.00003	0.94333	0.05665
140 F	0.00003	0.90037	0.0996
141 F	0.00012	0.69044	0.30943
142 L	0.00014	0.54061	0.45925
143 Q	0.00020	0.11785	0.88195
144 K	0.00020	0.00227	0.99753
145 S	0.00020	0.05373	0.94607
146 K	0.00019	0.12452	0.87529
147 L	0.00007	0.67499	0.32494
148 S	0.00005	0.81798	0.18197
149 L	0.00003	0.86762	0.13235
150 I	0.00003	0.97910	0.02087
151 I	0.00003	0.98655	0.01342
152 V	0.00003	0.98706	0.01291
153 L	0.00003	0.98721	0.01276
154 S	0.00003	0.98721	0.01276
155 I	0.00003	0.98724	0.01272
156 S	0.00004	0.98724	0.01272
157 N	0.00004	0.98724	0.01272
158 I	0.00004	0.98724	0.01272
159 P	0.00005	0.98723	0.01272
160 G	0.00005	0.98723	0.01272
161 F	0.00008	0.98720	0.01272
162 I	0.00165	0.98563	0.01272
163 R	0.00754	0.97974	0.01272
164 I	0.00920	0.97808	0.01272
165 I	0.09124	0.89602	0.01274
166 R	0.58344	0.40378	0.01278
167 A	0.69018	0.29700	0.01283
168 N	0.87900	0.10815	0.01285
169 T	0.88830	0.09884	0.01286
170 L	0.93087	0.05623	0.01289
171 K	0.98053	0.00658	0.0129
172 L	0.98086	0.00625	0.0129
173 S	0.98683	0.00027	0.0129
174 K	0.98709	0.00001	0.0129
175 K	0.98710	0.00000	0.0129
176 D	0.98708	0.00005	0.01287
177 F	0.98684	0.00041	0.01276
178 I	0.98673	0.00056	0.01271
179 K	0.98672	0.00059	0.0127
180 A	0.98658	0.00086	0.01257
181 S	0.98653	0.00101	0.01246
182 K	0.98645	0.00118	0.01237
183 A	0.97767	0.01470	0.00763
184 L	0.96414	0.03112	0.00475
185 G	0.96067	0.03516	0.00417
186 A	0.94517	0.05214	0.00269
187 N	0.94229	0.05527	0.00244
188 H	0.93413	0.06407	0.00181
189 F	0.92956	0.06915	0.0013
190 Y	0.92865	0.07009	0.00126
191 I	0.92705	0.07178	0.00116
192 I	0.92655	0.07229	0.00116
193 F	0.92639	0.07243	0.00118
194 K	0.92636	0.07238	0.00126
195 H	0.92161	0.07712	0.00126
196 L	0.90143	0.09732	0.00125
197 V	0.86338	0.13539	0.00123
198 T	0.85688	0.14183	0.00129
199 H	0.84715	0.15149	0.00136
200 L	0.81135	0.18713	0.00152
201 Y	0.80517	0.19319	0.00164
202 P	0.80164	0.19653	0.00182
203 I	0.47650	0.52215	0.00135
204 I	0.37597	0.62040	0.00363
205 I	0.33383	0.66062	0.00554
206 T	0.32638	0.64789	0.02572
207 R	0.24994	0.71220	0.03786
208 I	0.10337	0.85995	0.03668
209 S	0.07695	0.88254	0.0405
210 I	0.04608	0.93209	0.02183
211 S	0.03235	0.94109	0.02656
212 M	0.01972	0.95273	0.02755
213 A	0.01289	0.95952	0.02759
214 T	0.00920	0.96292	0.02788
215 V	0.00312	0.96985	0.02703
216 V	0.00178	0.97078	0.02744
217 L	0.00130	0.97015	0.02856
218 T	0.00126	0.96599	0.03275
219 I	0.00124	0.95498	0.04378
220 S	0.00126	0.91738	0.08136
221 S	0.00126	0.90891	0.08983
222 L	0.00126	0.90160	0.09714
223 G	0.00129	0.87307	0.12565
224 F	0.00131	0.86530	0.13339
225 I	0.00136	0.85194	0.1467
226 G	0.00206	0.54587	0.45207
227 L	0.00229	0.44157	0.55614
228 G	0.00319	0.33429	0.66253
229 L	0.00570	0.27631	0.71799
230 D	0.02754	0.10963	0.86283
231 P	0.02853	0.05547	0.916
232 T	0.02923	0.04768	0.92308
233 L	0.03098	0.03863	0.93039
234 P	0.03245	0.01929	0.94826
235 E	0.03283	0.00573	0.96144
236 W	0.03285	0.00487	0.96229
237 G	0.03296	0.00426	0.96278
238 N	0.03385	0.00188	0.96427
239 I	0.03393	0.00145	0.96462
240 L	0.03401	0.00098	0.96501
241 H	0.03477	0.00015	0.96509
242 S	0.03485	0.00006	0.96509
243 A	0.03488	0.00002	0.9651
244 K	0.03489	0.00000	0.96511
245 G	0.03489	0.00002	0.96509
246 D	0.03489	0.00007	0.96504
247 M	0.03488	0.00124	0.96388
248 R	0.03479	0.00654	0.95867
249 Y	0.02832	0.08207	0.8896
250 H	0.01667	0.13988	0.84346
251 P	0.01570	0.15868	0.82562
252 H	0.01347	0.20204	0.78448
253 L	0.00511	0.43358	0.5613
254 F	0.00104	0.67876	0.3202
255 F	0.00073	0.74769	0.25158
256 G	0.00055	0.78735	0.21209
257 P	0.00019	0.90962	0.0902
258 F	0.00003	0.97941	0.02056
259 I	0.00001	0.99768	0.0023
260 I	0.00001	0.99965	0.00033
261 I	0.00001	0.99991	8e-05
262 L	0.00001	0.99995	3e-05
263 L	0.00001	0.99996	3e-05
264 T	0.00001	0.99996	3e-05
265 S	0.00002	0.99995	3e-05
266 L	0.00003	0.99993	4e-05
267 S	0.00044	0.99947	9e-05
268 F	0.00080	0.99904	0.00016
269 N	0.00367	0.99568	0.00066
270 L	0.00681	0.99233	0.00086
271 I	0.02912	0.96950	0.00138
272 A	0.13841	0.85258	0.00901
273 K	0.28540	0.68797	0.02664
274 G	0.29526	0.67773	0.02702
275 F	0.30813	0.66431	0.02756
276 I	0.41967	0.55038	0.02995
277 S	0.62846	0.33817	0.03337
278 F	0.69032	0.27598	0.0337
279 F	0.73827	0.22762	0.03412
280 N	0.88802	0.07724	0.03474
281 P	0.95083	0.01428	0.03489
282 K	0.96485	0.00023	0.03491
283 K	0.96508	0.00001	0.03491
284 K	0.96509	0.00000	0.03491
285 I	0.96509	0.00000	0.03491
286 S	0.96509	0.00000	0.03491
