# tr|B1VAQ8|B1VAQ8_PHYAS
# AA	inside	membr	outside
1 M	0.79003	0.00000	0.20997
2 I	0.78295	0.00708	0.20997
3 I	0.78255	0.00748	0.20997
4 Y	0.78255	0.00888	0.20857
5 F	0.78237	0.00920	0.20843
6 V	0.78237	0.00920	0.20842
7 S	0.78237	0.00921	0.20842
8 I	0.78237	0.00921	0.20842
9 K	0.78237	0.00921	0.20842
10 I	0.78237	0.00921	0.20842
11 K	0.78237	0.00921	0.20842
12 I	0.78237	0.00921	0.20842
13 L	0.78237	0.00921	0.20842
14 M	0.78237	0.00921	0.20842
15 M	0.78237	0.00921	0.20842
16 L	0.78237	0.00921	0.20842
17 E	0.78237	0.00862	0.20902
18 K	0.78237	0.00838	0.20925
19 I	0.78237	0.00835	0.20927
20 M	0.78239	0.00455	0.21306
21 N	0.78241	0.00261	0.21499
22 R	0.78368	0.00044	0.21589
23 K	0.78389	0.00007	0.21605
24 N	0.78372	0.00023	0.21605
25 S	0.78353	0.00039	0.21608
26 I	0.78335	0.00057	0.21608
27 K	0.78294	0.00098	0.21608
28 N	0.70158	0.08242	0.216
29 Y	0.56067	0.22534	0.21399
30 L	0.52228	0.26508	0.21264
31 Y	0.51850	0.26910	0.21241
32 K	0.51657	0.27117	0.21227
33 D	0.50379	0.28778	0.20843
34 I	0.30364	0.52227	0.17409
35 Y	0.14516	0.69521	0.15962
36 G	0.10798	0.74196	0.15006
37 L	0.04997	0.83598	0.11405
38 L	0.02868	0.90069	0.07063
39 L	0.00477	0.96775	0.02748
40 I	0.00190	0.99320	0.0049
41 V	0.00042	0.99744	0.00215
42 F	0.00017	0.99847	0.00137
43 L	0.00009	0.99921	0.00071
44 G	0.00007	0.99950	0.00043
45 V	0.00006	0.99967	0.00027
46 I	0.00006	0.99941	0.00053
47 H	0.00007	0.99805	0.00189
48 L	0.00006	0.99702	0.00292
49 V	0.00007	0.99583	0.0041
50 I	0.00011	0.99248	0.00741
51 F	0.00033	0.91111	0.08856
52 L	0.00597	0.72109	0.27295
53 E	0.01235	0.64924	0.33842
54 A	0.01374	0.63597	0.3503
55 S	0.01464	0.62587	0.3595
56 V	0.01638	0.61694	0.36667
57 I	0.02953	0.50867	0.46181
58 C	0.03978	0.35112	0.6091
59 L	0.04673	0.32105	0.63222
60 V	0.08131	0.24101	0.67768
61 I	0.12663	0.17243	0.70093
62 S	0.17495	0.08066	0.7444
63 N	0.20328	0.04135	0.75537
64 C	0.20976	0.02344	0.7668
65 T	0.21282	0.01541	0.77177
66 P	0.21468	0.00673	0.77859
67 N	0.21543	0.00385	0.78072
68 Y	0.21580	0.00306	0.78114
69 T	0.21608	0.00212	0.7818
70 H	0.21622	0.00070	0.78308
71 P	0.21630	0.00032	0.78337
72 K	0.21644	0.00014	0.78342
73 L	0.21644	0.00014	0.78343
74 N	0.21647	0.00011	0.78343
75 T	0.21649	0.00009	0.78343
76 I	0.21649	0.00009	0.78343
77 Y	0.21652	0.00005	0.78343
78 F	0.21658	0.00000	0.78343
