# tr|B1V913|B1V913_PHYAS
# AA	inside	membr	outside
1 M	0.99995	0.00000	5e-05
2 V	0.99995	0.00000	5e-05
3 K	0.99995	0.00000	5e-05
4 T	0.99995	0.00000	5e-05
5 E	0.99995	0.00000	5e-05
6 G	0.99995	0.00000	5e-05
7 M	0.99995	0.00000	5e-05
8 N	0.99995	0.00000	5e-05
9 K	0.99995	0.00000	5e-05
10 I	0.99995	0.00000	5e-05
11 F	0.99995	0.00000	5e-05
12 A	0.99995	0.00000	5e-05
13 A	0.99995	0.00000	5e-05
14 E	0.99995	0.00000	5e-05
15 K	0.99995	0.00000	5e-05
16 R	0.99995	0.00000	5e-05
17 N	0.99994	0.00001	5e-05
18 R	0.99994	0.00001	5e-05
19 K	0.99897	0.00098	5e-05
20 F	0.79904	0.20092	4e-05
21 L	0.14016	0.85980	4e-05
22 L	0.13519	0.86477	4e-05
23 E	0.13314	0.86682	4e-05
24 G	0.07564	0.92432	4e-05
25 N	0.02988	0.97008	4e-05
26 L	0.00523	0.99474	4e-05
27 W	0.00360	0.99637	4e-05
28 K	0.00300	0.99697	4e-05
29 V	0.00017	0.99980	3e-05
30 I	0.00005	0.99992	3e-05
31 F	0.00003	0.99994	3e-05
32 Y	0.00003	0.99995	3e-05
33 F	0.00002	0.99996	2e-05
34 T	0.00002	0.99996	2e-05
35 F	0.00002	0.99996	2e-05
36 P	0.00001	0.99996	4e-05
37 I	0.00001	0.99996	4e-05
38 V	0.00000	0.99983	0.00017
39 I	0.00000	0.99924	0.00076
40 Y	0.00000	0.99450	0.00549
41 W	0.00000	0.98857	0.01142
42 V	0.00000	0.98005	0.01994
43 F	0.00001	0.78148	0.2185
44 Q	0.00002	0.08494	0.91504
45 S	0.00002	0.05580	0.94418
46 I	0.00002	0.04689	0.95309
47 S	0.00002	0.01914	0.98084
48 D	0.00003	0.00184	0.99813
49 S	0.00003	0.00049	0.99949
50 I	0.00003	0.00045	0.99952
51 D	0.00003	0.00031	0.99966
52 L	0.00003	0.00010	0.99987
53 L	0.00003	0.00008	0.99989
54 I	0.00003	0.00007	0.9999
55 L	0.00003	0.00005	0.99992
56 Q	0.00003	0.00003	0.99994
57 R	0.00003	0.00000	0.99996
58 N	0.00003	0.00000	0.99996
59 Q	0.00003	0.00000	0.99996
60 F	0.00003	0.00000	0.99996
61 T	0.00003	0.00001	0.99996
62 S	0.00003	0.00001	0.99995
63 P	0.00003	0.00004	0.99992
64 K	0.00003	0.00005	0.99991
65 I	0.00003	0.00050	0.99947
66 T	0.00003	0.00117	0.99879
67 F	0.00003	0.00239	0.99758
68 I	0.00003	0.00669	0.99328
69 S	0.00003	0.00868	0.99129
70 R	0.00003	0.05026	0.94971
71 V	0.00002	0.40400	0.59598
72 H	0.00002	0.49940	0.50058
73 L	0.00002	0.53618	0.4638
74 L	0.00002	0.56079	0.4392
75 K	0.00002	0.56935	0.43063
76 G	0.00000	0.83651	0.16349
77 V	0.00000	0.98146	0.01854
78 L	0.00000	0.99394	0.00606
79 I	0.00000	0.99874	0.00126
80 P	0.00000	0.99936	0.00064
81 F	0.00000	0.99987	0.00012
82 G	0.00000	0.99995	4e-05
83 I	0.00000	0.99999	1e-05
84 S	0.00000	0.99999	1e-05
85 I	0.00000	0.99999	1e-05
86 A	0.00002	0.99997	1e-05
87 T	0.00004	0.99995	1e-05
88 G	0.00008	0.99992	1e-05
89 G	0.00013	0.99986	1e-05
90 V	0.00024	0.99975	1e-05
91 I	0.00087	0.99913	1e-05
92 L	0.00247	0.99753	1e-05
93 V	0.06695	0.93305	1e-05
94 G	0.59303	0.40695	2e-05
95 R	0.84945	0.15053	2e-05
96 A	0.86304	0.13694	2e-05
97 Y	0.88644	0.11354	2e-05
98 G	0.91042	0.08955	3e-05
99 K	0.97969	0.02027	4e-05
100 N	0.99782	0.00213	4e-05
101 N	0.99939	0.00057	4e-05
102 L	0.99987	0.00009	4e-05
103 D	0.99996	0.00000	4e-05
104 K	0.99995	0.00000	4e-05
105 M	0.99954	0.00042	4e-05
106 Q	0.99890	0.00105	4e-05
107 L	0.97881	0.02115	4e-05
108 Y	0.97681	0.02316	4e-05
109 L	0.97303	0.02693	4e-05
110 T	0.96923	0.03074	3e-05
111 K	0.94867	0.05130	3e-05
112 T	0.91283	0.08714	3e-05
113 F	0.44492	0.55508	0
114 I	0.02113	0.97887	0
115 L	0.00738	0.99262	0
116 S	0.00611	0.99389	0
117 I	0.00214	0.99786	0
118 L	0.00036	0.99964	0
119 I	0.00001	0.99999	0
120 G	0.00000	1.00000	0
121 L	0.00000	1.00000	0
122 L	0.00000	1.00000	0
123 I	0.00000	1.00000	0
124 S	0.00000	0.99998	2e-05
125 F	0.00000	0.99992	8e-05
126 L	0.00000	0.99983	0.00017
127 C	0.00000	0.99914	0.00086
128 I	0.00000	0.99896	0.00104
129 F	0.00000	0.99794	0.00206
130 V	0.00000	0.98371	0.01629
131 F	0.00000	0.97841	0.02158
132 Q	0.00001	0.96460	0.03538
133 T	0.00001	0.93879	0.0612
134 P	0.00001	0.89318	0.1068
135 I	0.00002	0.86003	0.13996
136 L	0.00004	0.41151	0.58845
137 E	0.00004	0.00282	0.99713
138 K	0.00004	0.00083	0.99912
139 I	0.00004	0.00077	0.99918
140 L	0.00004	0.00056	0.99939
141 Q	0.00004	0.00013	0.99982
142 I	0.00004	0.00008	0.99988
143 S	0.00004	0.00005	0.9999
144 S	0.00004	0.00001	0.99994
145 E	0.00004	0.00000	0.99995
146 N	0.00004	0.00000	0.99995
147 K	0.00004	0.00000	0.99995
148 V	0.00004	0.00000	0.99995
149 N	0.00004	0.00000	0.99995
150 S	0.00004	0.00062	0.99934
151 D	0.00004	0.01096	0.989
152 Q	0.00004	0.01661	0.98335
153 R	0.00004	0.06904	0.93091
154 Q	0.00004	0.14884	0.85111
155 Y	0.00001	0.57106	0.42893
156 Y	0.00000	0.90568	0.09432
157 N	0.00000	0.91962	0.08038
158 L	0.00000	0.99037	0.00963
159 I	0.00000	0.99944	0.00056
160 I	0.00000	0.99998	2e-05
161 M	0.00000	0.99999	0
162 S	0.00000	1.00000	0
163 F	0.00000	1.00000	0
164 V	0.00000	1.00000	0
165 C	0.00000	1.00000	0
166 V	0.00000	1.00000	0
167 V	0.00000	1.00000	0
168 I	0.00000	0.99999	0
169 N	0.00001	0.99998	0
170 T	0.00003	0.99996	0
171 V	0.00006	0.99994	0
172 F	0.00127	0.99873	0
173 L	0.05091	0.94909	0
174 A	0.34980	0.65019	0
175 L	0.48595	0.51402	3e-05
176 E	0.86655	0.13341	4e-05
177 R	0.90553	0.09443	4e-05
178 A	0.95814	0.04181	4e-05
179 K	0.99852	0.00144	4e-05
180 G	0.99817	0.00178	4e-05
181 N	0.99579	0.00416	4e-05
182 N	0.96237	0.03759	4e-05
183 K	0.95354	0.04641	4e-05
184 I	0.75610	0.24389	1e-05
185 S	0.52231	0.47768	0
186 L	0.20868	0.79132	0
187 I	0.10997	0.89003	0
188 L	0.00465	0.99535	0
189 N	0.00244	0.99756	0
190 L	0.00017	0.99983	0
191 L	0.00003	0.99997	0
192 N	0.00002	0.99998	0
193 V	0.00001	0.99999	0
194 F	0.00000	1.00000	0
195 I	0.00000	1.00000	0
196 K	0.00000	0.99999	0
197 I	0.00000	0.99999	0
198 I	0.00000	0.99999	0
199 L	0.00000	0.99991	8e-05
200 S	0.00000	0.99973	0.00027
201 F	0.00000	0.99961	0.00038
202 V	0.00000	0.99823	0.00176
203 L	0.00000	0.99383	0.00616
204 F	0.00000	0.86493	0.13506
205 Y	0.00001	0.73263	0.26737
206 S	0.00001	0.58338	0.41662
207 F	0.00004	0.43224	0.56772
208 D	0.00005	0.14433	0.85562
209 K	0.00005	0.00379	0.99616
210 Q	0.00005	0.00053	0.99942
211 S	0.00005	0.00340	0.99655
212 R	0.00005	0.08075	0.91921
213 S	0.00001	0.51959	0.48041
214 L	0.00000	0.66286	0.33714
215 A	0.00000	0.80333	0.19667
216 W	0.00000	0.93292	0.06708
217 A	0.00000	0.97916	0.02084
218 T	0.00000	0.99054	0.00946
219 F	0.00000	0.99819	0.00181
220 I	0.00000	0.99893	0.00107
221 S	0.00000	0.99903	0.00097
222 N	0.00000	0.99971	0.00029
223 A	0.00000	0.99991	9e-05
224 L	0.00000	0.99999	1e-05
225 V	0.00000	0.99999	1e-05
226 T	0.00000	0.99999	1e-05
227 L	0.00000	1.00000	0
228 F	0.00000	1.00000	0
229 A	0.00000	1.00000	0
230 L	0.00001	0.99999	0
231 W	0.00005	0.99995	0
232 F	0.00058	0.99942	0
233 L	0.00667	0.99333	0
234 F	0.03618	0.96382	0
235 F	0.23642	0.76358	1e-05
236 D	0.93770	0.06225	5e-05
237 R	0.97785	0.02210	5e-05
238 N	0.98595	0.01400	5e-05
239 N	0.98817	0.01178	5e-05
240 P	0.98967	0.01028	5e-05
241 F	0.99167	0.00828	5e-05
242 K	0.99992	0.00003	5e-05
243 I	0.99993	0.00002	5e-05
244 I	0.99993	0.00002	5e-05
245 L	0.99993	0.00002	5e-05
246 K	0.99995	0.00000	5e-05
247 K	0.99995	0.00000	5e-05
248 F	0.99994	0.00001	5e-05
249 R	0.99994	0.00001	5e-05
250 F	0.99994	0.00001	5e-05
251 D	0.99994	0.00001	5e-05
252 K	0.99979	0.00016	5e-05
253 V	0.99697	0.00299	5e-05
254 F	0.99532	0.00463	5e-05
255 L	0.99439	0.00556	5e-05
256 K	0.99346	0.00649	5e-05
257 K	0.98987	0.01008	5e-05
258 I	0.97811	0.02184	4e-05
259 A	0.96918	0.03077	4e-05
260 K	0.96211	0.03784	4e-05
261 L	0.12627	0.87371	2e-05
262 A	0.03382	0.96616	2e-05
263 I	0.02725	0.97274	2e-05
264 P	0.02081	0.97917	2e-05
265 V	0.01200	0.98798	2e-05
266 C	0.00920	0.99079	2e-05
267 A	0.00877	0.99121	2e-05
268 S	0.00867	0.99131	2e-05
269 I	0.00839	0.99159	2e-05
270 S	0.00834	0.99163	3e-05
271 A	0.00833	0.99161	6e-05
272 Y	0.00833	0.99125	0.00042
273 N	0.00833	0.99036	0.00132
274 L	0.00833	0.99014	0.00153
275 G	0.00833	0.98956	0.00212
276 K	0.00833	0.98725	0.00442
277 L	0.00833	0.98706	0.00461
278 I	0.00833	0.98685	0.00482
279 V	0.00833	0.98572	0.00595
280 S	0.00833	0.98029	0.01138
281 I	0.00833	0.97779	0.01389
282 I	0.00833	0.96959	0.02208
283 V	0.00833	0.95209	0.03958
284 R	0.00836	0.09529	0.89635
285 D	0.00836	0.00486	0.98677
286 F	0.00836	0.00433	0.98731
287 Y	0.00836	0.00305	0.98859
288 N	0.00836	0.00078	0.99086
289 D	0.00836	0.00001	0.99163
290 G	0.00836	0.00000	0.99164
291 P	0.00836	0.00001	0.99163
292 D	0.00836	0.00005	0.99158
293 H	0.00836	0.00215	0.98949
294 L	0.00836	0.00524	0.9864
295 D	0.00836	0.00791	0.98373
296 S	0.00836	0.04306	0.94858
297 S	0.00836	0.06221	0.92944
298 Q	0.00835	0.86611	0.12554
299 I	0.00834	0.96228	0.02938
300 G	0.00834	0.96547	0.02619
301 A	0.00833	0.96866	0.023
302 N	0.00833	0.97003	0.02164
303 L	0.00833	0.98907	0.0026
304 V	0.00833	0.98952	0.00215
305 L	0.00833	0.98961	0.00206
306 A	0.00833	0.98966	0.00201
307 V	0.00833	0.98967	0.002
308 T	0.00833	0.98967	0.002
309 I	0.00833	0.98967	0.002
310 N	0.00834	0.98966	0.002
311 N	0.00838	0.98963	0.00199
312 I	0.00841	0.98962	0.00197
313 F	0.00868	0.98935	0.00197
314 Y	0.01191	0.98612	0.00197
315 N	0.02636	0.97167	0.00197
316 L	0.05573	0.94230	0.00197
317 L	0.08739	0.91064	0.00198
318 N	0.44889	0.54912	0.00199
319 S	0.53526	0.46275	0.00199
320 F	0.55847	0.43954	0.00199
321 S	0.93872	0.05929	0.00199
322 D	0.99648	0.00152	0.002
323 S	0.99750	0.00050	0.002
324 Q	0.99767	0.00033	0.002
325 N	0.99768	0.00032	0.002
326 V	0.99772	0.00028	0.002
327 I	0.99777	0.00023	0.002
328 I	0.99790	0.00011	0.002
329 S	0.99797	0.00004	0.002
330 Q	0.99798	0.00002	0.002
331 N	0.99798	0.00002	0.002
332 L	0.99798	0.00002	0.002
333 G	0.99798	0.00002	0.002
334 H	0.99798	0.00002	0.002
335 N	0.99800	0.00001	0.002
336 N	0.99797	0.00003	0.002
337 L	0.99771	0.00029	0.002
338 N	0.99746	0.00054	0.002
339 R	0.99670	0.00131	0.002
340 V	0.99045	0.00756	0.00199
341 F	0.97574	0.02227	0.00199
342 E	0.97135	0.02666	0.00199
343 A	0.94588	0.05216	0.00196
344 F	0.89749	0.10062	0.00189
345 K	0.89454	0.10358	0.00189
346 K	0.85351	0.14463	0.00186
347 I	0.20922	0.79053	0.00025
348 I	0.04761	0.95224	0.00016
349 F	0.02685	0.97303	0.00013
350 C	0.01846	0.98143	0.00011
351 M	0.00873	0.99122	4e-05
352 C	0.00455	0.99541	4e-05
353 V	0.00104	0.99894	2e-05
354 L	0.00027	0.99973	1e-05
355 A	0.00017	0.99982	1e-05
356 T	0.00014	0.99985	1e-05
357 I	0.00014	0.99985	1e-05
358 G	0.00014	0.99980	6e-05
359 T	0.00014	0.99968	0.00019
360 L	0.00013	0.99922	0.00064
361 I	0.00013	0.99829	0.00157
362 N	0.00014	0.99474	0.00513
363 L	0.00014	0.98978	0.01009
364 F	0.00014	0.97325	0.02661
365 G	0.00019	0.91390	0.0859
366 Y	0.00027	0.82411	0.17561
367 K	0.00109	0.44006	0.55885
368 L	0.00109	0.43361	0.5653
369 F	0.00113	0.40484	0.59403
370 L	0.00177	0.15705	0.84118
371 P	0.00189	0.04027	0.95783
372 L	0.00197	0.03645	0.96158
373 F	0.00204	0.01754	0.98043
374 H	0.00211	0.00441	0.99348
375 N	0.00212	0.00057	0.99731
376 K	0.00212	0.00007	0.99781
377 T	0.00212	0.00007	0.99781
378 W	0.00212	0.00003	0.99785
379 E	0.00212	0.00000	0.99788
380 E	0.00212	0.00000	0.99788
381 I	0.00212	0.00000	0.99788
382 S	0.00212	0.00000	0.99788
383 I	0.00212	0.00000	0.99788
384 F	0.00212	0.00000	0.99788
385 E	0.00212	0.00000	0.99788
386 K	0.00212	0.00001	0.99787
387 A	0.00212	0.00010	0.99778
388 A	0.00211	0.00055	0.99733
389 F	0.00211	0.00077	0.99712
390 R	0.00210	0.00093	0.99697
391 K	0.00206	0.00263	0.99532
392 L	0.00062	0.52548	0.4739
393 L	0.00029	0.68301	0.3167
394 F	0.00018	0.79720	0.20263
395 F	0.00017	0.81086	0.18897
396 E	0.00017	0.81503	0.1848
397 T	0.00014	0.91732	0.08255
398 T	0.00010	0.96388	0.03602
399 S	0.00002	0.99640	0.00358
400 L	0.00001	0.99847	0.00152
401 W	0.00001	0.99900	0.00099
402 L	0.00001	0.99918	0.0008
403 S	0.00001	0.99921	0.00077
404 C	0.00001	0.99923	0.00075
405 G	0.00001	0.99929	0.00069
406 S	0.00001	0.99937	0.00062
407 I	0.00001	0.99943	0.00056
408 I	0.00001	0.99944	0.00055
409 L	0.00002	0.99943	0.00055
410 F	0.00059	0.99885	0.00056
411 N	0.00464	0.99476	0.0006
412 F	0.00685	0.99253	0.00062
413 L	0.01109	0.98825	0.00066
414 L	0.02615	0.97311	0.00074
415 S	0.59678	0.40117	0.00205
416 F	0.77370	0.22393	0.00237
417 K	0.96894	0.02842	0.00263
418 K	0.98481	0.01255	0.00264
419 V	0.94492	0.05258	0.0025
420 A	0.94126	0.05629	0.00245
421 P	0.92375	0.07381	0.00244
422 S	0.88787	0.10972	0.00242
423 F	0.82102	0.17665	0.00234
424 Y	0.82003	0.17769	0.00229
425 M	0.81441	0.18338	0.00221
426 N	0.78819	0.20962	0.00218
427 F	0.41478	0.58319	0.00203
428 L	0.34529	0.65271	0.002
429 R	0.25630	0.74218	0.00152
430 S	0.19543	0.80333	0.00125
431 L	0.10374	0.89531	0.00095
432 I	0.08791	0.91126	0.00083
433 R	0.08089	0.91829	0.00081
434 I	0.03413	0.96518	0.00069
435 F	0.01411	0.98520	0.00069
436 F	0.01334	0.98592	0.00074
437 I	0.01324	0.98509	0.00166
438 T	0.01327	0.97654	0.0102
439 L	0.01316	0.97445	0.01239
440 F	0.01315	0.95516	0.03169
441 S	0.01318	0.90346	0.08337
442 H	0.01321	0.83619	0.15061
443 N	0.01240	0.81320	0.1744
444 C	0.01155	0.80466	0.18379
445 L	0.01032	0.78104	0.20864
446 N	0.00999	0.75719	0.23282
447 W	0.00888	0.75024	0.24088
448 G	0.00814	0.74964	0.24223
449 V	0.00699	0.75203	0.24098
450 L	0.00543	0.45712	0.53745
451 G	0.00518	0.30957	0.68525
452 V	0.00389	0.22065	0.77546
453 G	0.00292	0.23794	0.75914
454 L	0.00136	0.67540	0.32324
455 S	0.00132	0.72000	0.27867
456 I	0.00043	0.96368	0.03588
457 F	0.00011	0.98476	0.01514
458 L	0.00003	0.98193	0.01803
459 S	0.00002	0.98318	0.0168
460 N	0.00001	0.98473	0.01525
461 L	0.00000	0.99903	0.00096
462 I	0.00000	0.99991	9e-05
463 C	0.00000	0.99993	6e-05
464 F	0.00000	0.99996	3e-05
465 I	0.00000	0.99996	3e-05
466 I	0.00001	0.99995	5e-05
467 T	0.00002	0.99989	9e-05
468 F	0.00006	0.99980	0.00014
469 G	0.00018	0.99941	0.00042
470 I	0.00077	0.99839	0.00084
471 F	0.00202	0.99640	0.00159
472 I	0.00945	0.98791	0.00264
473 T	0.07371	0.92143	0.00486
474 F	0.08590	0.90853	0.00557
475 Y	0.13108	0.86064	0.00828
476 L	0.23882	0.75026	0.01093
477 K	0.75237	0.23283	0.0148
478 L	0.77301	0.21209	0.0149
479 K	0.98149	0.00319	0.01532
480 R	0.98451	0.00016	0.01533
481 D	0.98466	0.00001	0.01533
482 K	0.98467	0.00000	0.01533
483 V	0.98467	0.00000	0.01533
484 F	0.98467	0.00000	0.01533
485 E	0.98467	0.00000	0.01533
486 Q	0.98467	0.00000	0.01533
487 D	0.98467	0.00000	0.01533
488 L	0.98467	0.00000	0.01533
