# tr|B1VAQ3|B1VAQ3_PHYAS
# AA	inside	membr	outside
1 M	0.91220	0.00000	0.0878
2 K	0.91220	0.00000	0.0878
3 G	0.91220	0.00000	0.0878
4 K	0.91220	0.00000	0.0878
5 V	0.91220	0.00000	0.0878
6 I	0.91220	0.00000	0.0878
7 M	0.91219	0.00000	0.0878
8 D	0.91219	0.00000	0.0878
9 F	0.91217	0.00003	0.0878
10 Y	0.91217	0.00008	0.08774
11 N	0.91216	0.00012	0.08772
12 D	0.90902	0.00337	0.08761
13 V	0.03659	0.90567	0.05774
14 V	0.03657	0.90569	0.05774
15 N	0.03657	0.92169	0.04174
16 N	0.03242	0.92584	0.04174
17 R	0.02688	0.93785	0.03527
18 A	0.02573	0.96900	0.00527
19 I	0.01701	0.97943	0.00355
20 W	0.01218	0.98758	0.00023
21 T	0.01108	0.98869	0.00023
22 F	0.01096	0.98883	0.00021
23 V	0.01094	0.98885	0.00021
24 S	0.01092	0.98887	0.00021
25 V	0.01091	0.98888	0.0002
26 L	0.01091	0.98894	0.00014
27 I	0.01091	0.98897	0.00012
28 I	0.01091	0.98897	0.00012
29 L	0.01091	0.98893	0.00015
30 S	0.01092	0.98877	0.00031
31 A	0.01096	0.98603	0.00301
32 L	0.01099	0.98313	0.00588
33 L	0.01166	0.95925	0.02908
34 L	0.01515	0.92656	0.05829
35 S	0.04007	0.80258	0.15735
36 D	0.09407	0.01742	0.88851
37 S	0.09524	0.01317	0.89159
38 D	0.09763	0.00822	0.89415
39 D	0.09767	0.00742	0.8949
40 F	0.09768	0.00749	0.89483
41 I	0.09792	0.00714	0.89494
42 S	0.09823	0.00187	0.89989
43 M	0.09841	0.00080	0.90079
44 G	0.09841	0.00046	0.90113
45 G	0.09842	0.00043	0.90115
46 G	0.09842	0.00042	0.90116
47 S	0.09842	0.00038	0.90119
48 F	0.09842	0.00038	0.9012
49 G	0.09851	0.00029	0.9012
50 S	0.09859	0.00020	0.9012
51 S	0.09860	0.00020	0.9012
52 Q	0.09860	0.00020	0.9012
53 T	0.09860	0.00020	0.9012
54 R	0.09860	0.00019	0.9012
55 K	0.09876	0.00007	0.90117
56 I	0.09875	0.00033	0.90092
57 K	0.09878	0.00130	0.89992
58 G	0.09855	0.05391	0.84754
59 E	0.09836	0.08072	0.82092
60 R	0.09479	0.15512	0.75009
61 F	0.01011	0.84000	0.14989
62 F	0.00137	0.95198	0.04665
63 L	0.00026	0.97720	0.02254
64 N	0.00008	0.98728	0.01264
65 F	0.00002	0.99650	0.00348
66 V	0.00001	0.99894	0.00104
67 I	0.00001	0.99924	0.00075
68 T	0.00001	0.99925	0.00074
69 L	0.00001	0.99927	0.00072
70 L	0.00001	0.99927	0.00072
71 T	0.00001	0.99927	0.00072
72 V	0.00001	0.99927	0.00072
73 S	0.00001	0.99927	0.00072
74 C	0.00001	0.99927	0.00072
75 L	0.00001	0.99926	0.00073
76 G	0.00008	0.99919	0.00073
77 L	0.00034	0.99892	0.00073
78 S	0.00537	0.99385	0.00078
79 L	0.01639	0.98262	0.001
80 Y	0.09289	0.90381	0.0033
81 M	0.40492	0.58151	0.01358
82 Q	0.55424	0.42342	0.02235
83 L	0.58280	0.38926	0.02794
84 K	0.89223	0.00939	0.09838
85 P	0.89835	0.00225	0.09941
86 I	0.89890	0.00164	0.09946
87 K	0.90049	0.00000	0.09951
