# tr|B1V9W9|B1V9W9_PHYAS
# AA	inside	membr	outside
1 M	0.99428	0.00000	0.00571
2 K	0.99428	0.00000	0.00571
3 S	0.99428	0.00000	0.00571
4 N	0.99428	0.00000	0.00571
5 N	0.99428	0.00000	0.00571
6 N	0.99428	0.00000	0.00571
7 T	0.99428	0.00000	0.00571
8 K	0.99428	0.00000	0.00571
9 V	0.99428	0.00000	0.00571
10 N	0.99428	0.00000	0.00571
11 D	0.99428	0.00000	0.00571
12 L	0.99428	0.00000	0.00571
13 F	0.99428	0.00000	0.00571
14 K	0.99428	0.00000	0.00571
15 K	0.99428	0.00000	0.00571
16 I	0.99428	0.00000	0.00571
17 N	0.99428	0.00000	0.00571
18 D	0.99428	0.00000	0.00571
19 N	0.99428	0.00000	0.00571
20 F	0.99428	0.00000	0.00571
21 L	0.99428	0.00000	0.00571
22 S	0.99428	0.00000	0.00571
23 S	0.99428	0.00000	0.00571
24 S	0.99428	0.00000	0.00571
25 D	0.99428	0.00000	0.00571
26 T	0.99428	0.00000	0.00571
27 T	0.99428	0.00000	0.00571
28 D	0.99428	0.00000	0.00571
29 Y	0.99428	0.00000	0.00571
30 K	0.99428	0.00000	0.00571
31 R	0.99428	0.00000	0.00571
32 K	0.99427	0.00002	0.00571
33 A	0.99417	0.00011	0.00571
34 S	0.99392	0.00036	0.00571
35 R	0.99303	0.00126	0.00571
36 K	0.98826	0.00605	0.0057
37 G	0.23825	0.75649	0.00527
38 V	0.04449	0.95471	0.00079
39 A	0.03012	0.96923	0.00065
40 F	0.01631	0.98310	0.0006
41 K	0.01488	0.98456	0.00056
42 T	0.00677	0.99293	0.0003
43 I	0.00037	0.99961	1e-05
44 L	0.00006	0.99994	0
45 L	0.00001	0.99998	0
46 L	0.00001	0.99999	0
47 L	0.00001	0.99999	0
48 I	0.00001	0.99999	0
49 T	0.00001	0.99999	0
50 S	0.00001	0.99999	0
51 F	0.00001	0.99999	0
52 T	0.00001	0.99998	1e-05
53 A	0.00001	0.99993	6e-05
54 V	0.00001	0.99981	0.00018
55 T	0.00001	0.98567	0.01432
56 F	0.00001	0.98284	0.01715
57 F	0.00002	0.95749	0.04249
58 S	0.00011	0.91489	0.085
59 L	0.00017	0.90109	0.09874
60 F	0.00056	0.17820	0.82124
61 K	0.00561	0.00833	0.98606
62 M	0.00567	0.00602	0.98831
63 T	0.00571	0.00424	0.99006
64 Q	0.00571	0.00365	0.99064
65 L	0.00571	0.00282	0.99148
66 K	0.00570	0.00066	0.99365
67 F	0.00207	0.05042	0.94751
68 P	0.00201	0.06302	0.93497
69 Y	0.00137	0.80732	0.1913
70 L	0.00122	0.92908	0.06969
71 W	0.00079	0.96078	0.03843
72 M	0.00059	0.96695	0.03245
73 I	0.00004	0.97079	0.02917
74 K	0.00003	0.97341	0.02655
75 V	0.00002	0.99902	0.00095
76 I	0.00000	0.99983	0.00016
77 F	0.00000	0.99990	9e-05
78 L	0.00000	0.99992	7e-05
79 T	0.00000	0.99993	6e-05
80 S	0.00000	0.99994	6e-05
81 S	0.00000	0.99994	6e-05
82 F	0.00000	0.99994	6e-05
83 A	0.00001	0.99993	6e-05
84 T	0.00001	0.99992	6e-05
85 S	0.00003	0.99990	6e-05
86 I	0.00008	0.99985	6e-05
87 F	0.00065	0.99925	9e-05
88 Y	0.00415	0.99571	0.00013
89 I	0.02292	0.97678	0.0003
90 A	0.10879	0.88774	0.00348
91 A	0.14545	0.85086	0.0037
92 M	0.86249	0.13309	0.00443
93 L	0.92734	0.06787	0.0048
94 R	0.97965	0.01499	0.00536
95 V	0.98334	0.01126	0.0054
96 E	0.98728	0.00706	0.00567
97 M	0.98332	0.01110	0.00558
98 S	0.58531	0.40961	0.00508
99 R	0.56287	0.43245	0.00467
100 L	0.40868	0.58691	0.0044
101 C	0.34172	0.65429	0.00399
102 S	0.28233	0.71422	0.00345
103 C	0.12597	0.87108	0.00295
104 L	0.02282	0.97665	0.00053
105 F	0.01121	0.98854	0.00025
106 A	0.01051	0.98944	5e-05
107 V	0.01037	0.98960	3e-05
108 L	0.01035	0.98963	3e-05
109 E	0.01034	0.98963	2e-05
110 G	0.01030	0.98968	2e-05
111 L	0.01026	0.98972	2e-05
112 T	0.01026	0.98973	2e-05
113 I	0.01024	0.98974	2e-05
114 G	0.01022	0.98971	7e-05
115 I	0.01020	0.98970	0.0001
116 F	0.01019	0.98850	0.00131
117 F	0.01018	0.98671	0.00311
118 H	0.01025	0.94688	0.04287
119 F	0.01027	0.92908	0.06065
120 I	0.01038	0.90091	0.0887
121 N	0.01209	0.32728	0.66063
122 C	0.01285	0.27804	0.70911
123 I	0.01310	0.20184	0.78505
124 Y	0.01409	0.21080	0.77511
125 S	0.01421	0.19395	0.79184
126 N	0.01297	0.18092	0.80611
127 L	0.00512	0.30566	0.68922
128 L	0.00278	0.42665	0.57057
129 E	0.00275	0.44895	0.5483
130 I	0.00077	0.91677	0.08246
131 V	0.00017	0.96006	0.03977
132 F	0.00003	0.99397	0.00599
133 I	0.00000	0.99843	0.00157
134 A	0.00000	0.99866	0.00133
135 L	0.00000	0.99990	0.0001
136 F	0.00000	0.99994	6e-05
137 S	0.00000	0.99995	4e-05
138 T	0.00000	0.99995	4e-05
139 L	0.00000	0.99995	4e-05
140 I	0.00000	0.99995	5e-05
141 I	0.00000	0.99994	6e-05
142 F	0.00005	0.99988	8e-05
143 C	0.00029	0.99955	0.00016
144 V	0.00091	0.99890	0.00019
145 M	0.00426	0.99535	0.00039
146 A	0.01312	0.98625	0.00063
147 H	0.19976	0.79944	0.0008
148 A	0.31887	0.67994	0.00119
149 Y	0.39239	0.60408	0.00353
150 Y	0.57493	0.41219	0.01288
151 K	0.90257	0.08174	0.0157
152 G	0.91643	0.06783	0.01574
153 T	0.94165	0.04233	0.01602
154 L	0.94395	0.03999	0.01606
155 K	0.98347	0.00045	0.01608
156 V	0.98384	0.00008	0.01608
157 T	0.98388	0.00004	0.01608
158 Q	0.98390	0.00002	0.01608
159 R	0.98384	0.00011	0.01605
160 F	0.98306	0.00108	0.01585
161 T	0.98295	0.00123	0.01582
162 T	0.96698	0.01820	0.01482
163 I	0.95073	0.03712	0.01215
164 M	0.94866	0.04589	0.00544
165 Q	0.94052	0.05571	0.00377
166 R	0.91669	0.07975	0.00357
167 I	0.34812	0.64984	0.00204
168 S	0.28726	0.71103	0.0017
169 I	0.14007	0.85975	0.00018
170 A	0.06036	0.93961	3e-05
171 L	0.00533	0.99465	1e-05
172 F	0.00112	0.99887	1e-05
173 F	0.00079	0.99920	0
174 T	0.00064	0.99936	0
175 Y	0.00049	0.99950	0
176 L	0.00044	0.99956	0
177 I	0.00043	0.99957	0
178 R	0.00043	0.99950	7e-05
179 L	0.00038	0.99954	8e-05
180 F	0.00036	0.99931	0.00033
181 F	0.00039	0.99907	0.00055
182 V	0.00058	0.99763	0.00179
183 L	0.00107	0.98453	0.0144
184 F	0.00115	0.98361	0.01524
185 G	0.00214	0.95691	0.04095
186 V	0.00448	0.94362	0.0519
187 G	0.01270	0.90181	0.08549
188 T	0.01482	0.83574	0.14944
189 I	0.01533	0.73187	0.2528
190 E	0.01627	0.09022	0.8935
191 N	0.01551	0.05431	0.93017
192 I	0.01282	0.17622	0.81096
193 L	0.00412	0.32516	0.67071
194 Y	0.00175	0.80990	0.18835
195 Y	0.00124	0.86790	0.13086
196 S	0.00049	0.91272	0.08678
197 I	0.00033	0.95889	0.04078
198 L	0.00005	0.96991	0.03005
199 V	0.00001	0.99867	0.00133
200 I	0.00000	0.99941	0.00059
201 P	0.00000	0.99950	0.0005
202 L	0.00000	0.99958	0.00042
203 S	0.00000	0.99955	0.00045
204 L	0.00000	0.99960	0.0004
205 F	0.00000	0.99957	0.00043
206 M	0.00000	0.99952	0.00047
207 L	0.00000	0.99951	0.00048
208 G	0.00000	0.99950	0.00049
209 F	0.00001	0.99948	0.0005
210 L	0.00010	0.99933	0.00056
211 S	0.00082	0.99841	0.00078
212 M	0.00250	0.99660	0.0009
213 Y	0.00388	0.99514	0.00098
214 L	0.00807	0.99024	0.00169
215 A	0.13918	0.85714	0.00369
216 I	0.26963	0.71777	0.01259
217 H	0.82200	0.16278	0.01522
218 F	0.89970	0.08443	0.01586
219 D	0.97712	0.00620	0.01668
220 Y	0.97955	0.00374	0.01671
221 T	0.98143	0.00161	0.01696
222 E	0.98298	0.00004	0.01698
223 Q	0.98301	0.00001	0.01698
224 M	0.98301	0.00001	0.01698
225 I	0.98301	0.00001	0.01698
226 Q	0.98301	0.00000	0.01698
227 Q	0.98302	0.00000	0.01698
228 G	0.98290	0.00011	0.01698
229 L	0.98285	0.00017	0.01698
230 P	0.98283	0.00018	0.01698
231 E	0.98263	0.00039	0.01697
232 K	0.98224	0.00080	0.01696
233 Y	0.96874	0.01550	0.01576
234 E	0.96054	0.02420	0.01526
235 W	0.76337	0.23081	0.00581
236 Q	0.72221	0.27358	0.0042
237 V	0.16464	0.83280	0.00256
238 S	0.09658	0.90193	0.00149
239 L	0.02150	0.97813	0.00037
240 A	0.01933	0.98059	8e-05
241 F	0.01681	0.98315	3e-05
242 A	0.01591	0.98407	1e-05
243 A	0.01573	0.98426	1e-05
244 T	0.01568	0.98432	0
245 L	0.01565	0.98434	0
246 I	0.01565	0.98434	0
247 S	0.01564	0.98435	0
248 I	0.01564	0.98435	2e-05
249 F	0.01564	0.98434	2e-05
250 L	0.01564	0.98423	0.00012
251 R	0.01568	0.98267	0.00165
252 I	0.01569	0.98188	0.00243
253 V	0.01581	0.96243	0.02176
254 N	0.01627	0.91547	0.06826
255 L	0.01687	0.85869	0.12444
256 L	0.01910	0.78272	0.19818
257 L	0.01987	0.73611	0.24402
258 R	0.02984	0.56874	0.40142
259 I	0.03058	0.54833	0.4211
260 M	0.03162	0.14477	0.82361
261 G	0.03198	0.07541	0.89261
262 K	0.03260	0.00065	0.96675
263 E	0.03262	0.00001	0.96738
264 K	0.03262	0.00000	0.96738
265 E	0.03262	0.00000	0.96738
