# USQ93332.1
# AA	inside	membr	outside
1 M	0.99915	0.00000	0.00085
2 I	0.99915	0.00000	0.00085
3 K	0.99915	0.00000	0.00085
4 E	0.99915	0.00000	0.00085
5 E	0.99915	0.00000	0.00085
6 V	0.99915	0.00000	0.00085
7 Q	0.99906	0.00009	0.00085
8 K	0.99906	0.00009	0.00085
9 K	0.99706	0.00209	0.00085
10 E	0.99693	0.00243	0.00065
11 I	0.76920	0.23037	0.00043
12 F	0.31180	0.68779	0.00041
13 S	0.03046	0.96915	0.00039
14 N	0.03043	0.96918	0.00039
15 L	0.03043	0.96925	0.00032
16 A	0.02894	0.97074	0.00032
17 K	0.02781	0.97187	0.00032
18 S	0.02721	0.97247	0.00032
19 V	0.01256	0.98713	0.00031
20 F	0.00387	0.99582	0.0003
21 F	0.00006	0.99964	0.0003
22 L	0.00004	0.99966	0.0003
23 I	0.00004	0.99966	0.0003
24 I	0.00004	0.99966	0.0003
25 S	0.00004	0.99966	0.0003
26 I	0.00004	0.99965	0.00031
27 A	0.00004	0.99956	0.0004
28 F	0.00004	0.99941	0.00055
29 W	0.00004	0.96573	0.03423
30 L	0.00005	0.77868	0.22127
31 N	0.00038	0.16532	0.8343
32 D	0.00052	0.04317	0.95631
33 K	0.00055	0.03804	0.96141
34 F	0.00055	0.03733	0.96212
35 I	0.00055	0.03601	0.96343
36 I	0.00055	0.03175	0.9677
37 P	0.00056	0.03028	0.96916
38 I	0.00057	0.02990	0.96953
39 S	0.00057	0.01537	0.98405
40 G	0.00057	0.03718	0.96224
41 H	0.00057	0.08918	0.91024
42 K	0.00057	0.09298	0.90645
43 I	0.00011	0.32563	0.67426
44 H	0.00004	0.54398	0.45598
45 I	0.00002	0.95652	0.04346
46 Y	0.00002	0.99063	0.00935
47 K	0.00002	0.99111	0.00887
48 I	0.00001	0.99741	0.00258
49 L	0.00000	0.99979	0.0002
50 L	0.00000	0.99997	3e-05
51 G	0.00000	0.99999	1e-05
52 I	0.00000	0.99999	0
53 L	0.00000	0.99999	0
54 I	0.00001	0.99999	0
55 S	0.00006	0.99994	0
56 Y	0.00007	0.99992	0
57 I	0.00021	0.99979	0
58 T	0.00031	0.99969	0
59 Y	0.00035	0.99964	0
60 L	0.00050	0.99950	0
61 L	0.00181	0.99813	6e-05
62 V	0.00452	0.99540	9e-05
63 F	0.21887	0.78093	0.00021
64 R	0.87710	0.12263	0.00026
65 S	0.90838	0.09135	0.00027
66 F	0.92564	0.07383	0.00053
67 K	0.99187	0.00755	0.00058
68 K	0.99916	0.00025	0.00058
69 N	0.99892	0.00050	0.00058
70 T	0.98505	0.01438	0.00057
71 G	0.95131	0.04816	0.00053
72 F	0.92738	0.07211	0.00051
73 V	0.89898	0.10053	0.00049
74 K	0.86787	0.13164	0.00049
75 F	0.12895	0.87093	0.00012
76 L	0.00599	0.99395	6e-05
77 F	0.00167	0.99832	2e-05
78 L	0.00032	0.99968	0
79 I	0.00008	0.99992	0
80 E	0.00007	0.99993	0
81 T	0.00006	0.99994	0
82 L	0.00002	0.99998	0
83 I	0.00000	1.00000	0
84 F	0.00000	1.00000	0
85 I	0.00000	1.00000	0
86 L	0.00000	1.00000	0
87 V	0.00000	1.00000	0
88 S	0.00000	0.99997	3e-05
89 F	0.00000	0.99993	7e-05
90 G	0.00000	0.99976	0.00024
91 L	0.00000	0.99897	0.00103
92 I	0.00000	0.99695	0.00305
93 F	0.00002	0.98187	0.01811
94 H	0.00011	0.92797	0.07191
95 F	0.00015	0.89822	0.10163
96 I	0.00018	0.81562	0.1842
97 M	0.00025	0.65267	0.34708
98 D	0.00057	0.04025	0.95918
99 Q	0.00058	0.00054	0.99888
100 N	0.00058	0.00035	0.99907
101 F	0.00058	0.01040	0.98902
102 I	0.00058	0.01875	0.98067
103 E	0.00058	0.01932	0.9801
104 K	0.00050	0.02195	0.97755
105 Y	0.00039	0.09314	0.90646
106 F	0.00016	0.26269	0.73715
107 N	0.00015	0.56794	0.43191
108 L	0.00012	0.73170	0.26818
109 G	0.00005	0.79866	0.20129
110 F	0.00000	0.94697	0.05303
111 I	0.00000	0.96732	0.03268
112 V	0.00000	0.99969	0.00031
113 Y	0.00000	0.99993	7e-05
114 Y	0.00000	0.99997	3e-05
115 I	0.00000	0.99998	2e-05
116 F	0.00000	0.99998	2e-05
117 I	0.00004	0.99995	2e-05
118 I	0.00014	0.99984	2e-05
119 H	0.00088	0.99910	2e-05
120 S	0.00104	0.99894	2e-05
121 I	0.00129	0.99869	2e-05
122 I	0.00159	0.99838	2e-05
123 K	0.00484	0.99511	5e-05
124 L	0.01701	0.98294	5e-05
125 Y	0.05023	0.94971	5e-05
126 I	0.07801	0.92193	6e-05
127 G	0.13902	0.86080	0.00017
128 F	0.32179	0.67793	0.00027
129 K	0.60163	0.39780	0.00057
130 L	0.83464	0.16479	0.00057
131 S	0.94595	0.05346	0.00058
132 D	0.99673	0.00268	0.0006
133 K	0.99905	0.00035	0.0006
134 K	0.99504	0.00436	0.0006
135 D	0.88302	0.11639	0.00059
136 I	0.47540	0.52411	0.00049
137 L	0.19769	0.80185	0.00046
138 A	0.12589	0.87368	0.00043
139 S	0.07665	0.92292	0.00043
140 L	0.01461	0.98497	0.00043
141 K	0.00907	0.99050	0.00043
142 F	0.00155	0.99804	0.00042
143 V	0.00105	0.99854	0.00041
144 V	0.00103	0.99856	0.00041
145 Y	0.00103	0.99856	0.00041
146 I	0.00103	0.99857	0.00041
147 T	0.00103	0.99857	0.00041
148 T	0.00103	0.99857	0.00041
149 L	0.00103	0.99857	0.00041
150 S	0.00103	0.99853	0.00045
151 T	0.00103	0.99792	0.00105
152 S	0.00103	0.99726	0.00172
153 F	0.00103	0.99594	0.00304
154 F	0.00103	0.99104	0.00793
155 L	0.00105	0.96558	0.03337
156 M	0.00111	0.53951	0.45938
157 G	0.00114	0.26269	0.73618
158 K	0.00117	0.02376	0.97506
159 K	0.00120	0.00826	0.99054
160 L	0.00102	0.05303	0.94594
161 L	0.00081	0.16933	0.82986
162 L	0.00070	0.30770	0.69161
163 T	0.00070	0.31563	0.68367
164 D	0.00065	0.32780	0.67155
165 Y	0.00026	0.73660	0.26314
166 I	0.00008	0.92590	0.07402
167 M	0.00005	0.98715	0.0128
168 N	0.00003	0.99032	0.00965
169 M	0.00001	0.99699	0.003
170 L	0.00000	0.99944	0.00056
171 A	0.00000	0.99985	0.00015
172 V	0.00000	0.99999	1e-05
173 L	0.00000	1.00000	0
174 F	0.00000	1.00000	0
175 G	0.00000	1.00000	0
176 L	0.00000	1.00000	0
177 V	0.00000	1.00000	0
178 F	0.00000	0.99999	0
179 L	0.00007	0.99993	0
180 Y	0.00043	0.99957	0
181 Y	0.00121	0.99878	0
182 L	0.00395	0.99604	2e-05
183 Y	0.06678	0.93300	0.00022
184 L	0.23135	0.76815	0.0005
185 T	0.81205	0.18699	0.00096
186 S	0.92322	0.07564	0.00113
187 K	0.98597	0.01282	0.00121
188 K	0.99704	0.00174	0.00122
189 I	0.99748	0.00130	0.00122
190 S	0.99792	0.00086	0.00122
191 M	0.99813	0.00065	0.00122
192 F	0.99834	0.00044	0.00122
193 N	0.99870	0.00008	0.00122
194 N	0.99876	0.00002	0.00122
195 N	0.99878	0.00000	0.00122
196 K	0.99878	0.00000	0.00122
197 E	0.99878	0.00000	0.00122
198 K	0.99878	0.00000	0.00122
199 S	0.99878	0.00000	0.00122
200 I	0.99878	0.00000	0.00122
201 I	0.99878	0.00000	0.00122
202 E	0.99878	0.00000	0.00122
203 T	0.99878	0.00000	0.00122
204 E	0.99878	0.00000	0.00122
205 E	0.99878	0.00000	0.00122
