# USQ93552.1
# AA	inside	membr	outside
1 M	0.85440	0.00000	0.1456
2 F	0.85436	0.00004	0.1456
3 K	0.85434	0.00005	0.1456
4 L	0.85434	0.00144	0.14422
5 K	0.85388	0.00243	0.14369
6 K	0.85388	0.00502	0.1411
7 Q	0.14133	0.76014	0.09854
8 L	0.14084	0.76177	0.09739
9 F	0.01509	0.89158	0.09334
10 L	0.01504	0.97681	0.00815
11 F	0.01446	0.97852	0.00703
12 K	0.01265	0.98052	0.00683
13 I	0.00043	0.99795	0.00162
14 V	0.00043	0.99795	0.00162
15 L	0.00043	0.99805	0.00152
16 F	0.00043	0.99805	0.00152
17 V	0.00043	0.99805	0.00152
18 C	0.00043	0.99805	0.00152
19 L	0.00043	0.99805	0.00152
20 G	0.00043	0.99805	0.00152
21 L	0.00043	0.99805	0.00152
22 L	0.00043	0.99804	0.00153
23 F	0.00044	0.99800	0.00156
24 V	0.00050	0.99674	0.00275
25 I	0.00292	0.92462	0.07246
26 N	0.01293	0.70006	0.28701
27 N	0.02544	0.39744	0.57711
28 N	0.04314	0.34328	0.61357
29 L	0.04946	0.31955	0.631
30 E	0.13184	0.02861	0.83955
31 N	0.13776	0.01506	0.84719
32 G	0.13910	0.00809	0.8528
33 K	0.14450	0.00027	0.85524
34 M	0.14451	0.00023	0.85526
35 Q	0.14451	0.00015	0.85533
36 F	0.14452	0.00000	0.85549
