# USQ93127.1
# AA	inside	membr	outside
1 M	0.85275	0.00000	0.14725
2 K	0.85275	0.00000	0.14725
3 N	0.85275	0.00000	0.14725
4 F	0.85275	0.00000	0.14725
5 F	0.85275	0.00000	0.14725
6 I	0.85275	0.00000	0.14725
7 K	0.85275	0.00000	0.14725
8 N	0.85275	0.00000	0.14725
9 K	0.85275	0.00000	0.14725
10 I	0.85275	0.00000	0.14725
11 Q	0.85275	0.00000	0.14725
12 K	0.85275	0.00000	0.14725
13 K	0.85268	0.00008	0.14725
14 Y	0.85267	0.00008	0.14725
15 N	0.85267	0.00032	0.14701
16 N	0.85243	0.00057	0.14701
17 Y	0.85116	0.00186	0.14698
18 E	0.85041	0.00332	0.14627
19 S	0.72270	0.13702	0.14027
20 I	0.05949	0.92885	0.01166
21 L	0.01270	0.97575	0.01156
22 R	0.01210	0.97734	0.01056
23 Q	0.01017	0.98610	0.00373
24 I	0.00555	0.99358	0.00087
25 I	0.00506	0.99431	0.00063
26 I	0.00501	0.99442	0.00057
27 A	0.00500	0.99444	0.00056
28 S	0.00500	0.99444	0.00055
29 I	0.00500	0.99445	0.00055
30 L	0.00500	0.99445	0.00055
31 S	0.00499	0.99445	0.00056
32 G	0.00499	0.99445	0.00056
33 L	0.00499	0.99444	0.00056
34 S	0.00499	0.99443	0.00058
35 V	0.00500	0.99438	0.00062
36 V	0.00506	0.99412	0.00081
37 I	0.00571	0.99083	0.00346
38 K	0.03023	0.56428	0.4055
39 I	0.03110	0.55984	0.40907
40 L	0.05407	0.49760	0.44833
41 S	0.07575	0.43964	0.48461
42 N	0.09134	0.31891	0.58975
43 K	0.14650	0.00760	0.8459
44 F	0.14651	0.00652	0.84697
45 I	0.14678	0.00602	0.8472
46 K	0.15147	0.00065	0.84787
47 G	0.14766	0.01051	0.84183
48 P	0.13986	0.02223	0.83792
49 F	0.10334	0.06998	0.82667
50 F	0.08934	0.09986	0.8108
51 K	0.08099	0.11784	0.80118
52 I	0.03806	0.76083	0.20112
53 I	0.03346	0.77063	0.19591
54 L	0.02855	0.77856	0.19288
55 K	0.02751	0.78134	0.19115
56 T	0.02697	0.84284	0.1302
57 T	0.02538	0.90795	0.06667
58 F	0.02398	0.91089	0.06513
59 V	0.02386	0.91132	0.06483
60 D	0.02380	0.91159	0.0646
61 F	0.01845	0.92074	0.06081
62 L	0.00574	0.93777	0.05649
63 C	0.00151	0.94668	0.05182
64 F	0.00133	0.98461	0.01406
65 I	0.00129	0.98736	0.01135
66 P	0.00131	0.98775	0.01095
67 L	0.00134	0.98953	0.00913
68 L	0.00143	0.99016	0.00842
69 I	0.00208	0.98929	0.00863
70 I	0.01248	0.97606	0.01146
71 P	0.03440	0.93920	0.0264
72 L	0.06765	0.87846	0.05389
73 Y	0.10250	0.82360	0.07391
74 S	0.18261	0.72179	0.09559
75 K	0.75392	0.11583	0.13024
76 K	0.75890	0.11895	0.12215
77 S	0.75091	0.15907	0.09001
78 F	0.74852	0.18276	0.06872
79 A	0.75419	0.18109	0.06472
80 F	0.76587	0.16986	0.06426
81 I	0.76703	0.16836	0.06462
82 G	0.76732	0.16791	0.06478
83 A	0.76756	0.16753	0.06491
84 F	0.76866	0.16202	0.06931
85 L	0.77141	0.14600	0.08259
86 S	0.77893	0.13404	0.08703
87 E	0.82076	0.09200	0.08723
88 G	0.82278	0.08997	0.08724
89 I	0.82321	0.08954	0.08725
90 A	0.82361	0.08907	0.08732
91 F	0.82414	0.08847	0.08739
92 F	0.82665	0.08577	0.08758
93 C	0.84109	0.07049	0.08841
94 N	0.86661	0.04200	0.09139
95 K	0.89286	0.00721	0.09993
96 R	0.89636	0.00317	0.10047
97 S	0.88281	0.01828	0.09891
98 S	0.76447	0.15081	0.08472
99 Y	0.34323	0.62113	0.03565
100 V	0.06666	0.91945	0.01389
101 Y	0.05396	0.93384	0.01219
102 N	0.04721	0.94164	0.01115
103 P	0.02489	0.96760	0.00751
104 I	0.00979	0.98903	0.00117
105 L	0.00108	0.99873	0.0002
106 S	0.00097	0.99888	0.00015
107 L	0.00090	0.99900	0.0001
108 T	0.00090	0.99901	0.0001
109 Y	0.00090	0.99901	0.0001
110 G	0.00090	0.99901	9e-05
111 F	0.00090	0.99901	9e-05
112 I	0.00090	0.99901	0.0001
113 W	0.00090	0.99900	0.00011
114 G	0.00090	0.99891	0.0002
115 I	0.00090	0.99874	0.00036
116 L	0.00100	0.99428	0.00472
117 P	0.00189	0.94532	0.05279
118 S	0.00222	0.88695	0.11083
119 L	0.00282	0.88330	0.11389
120 F	0.00682	0.87394	0.11924
121 L	0.02528	0.78521	0.18951
122 T	0.07738	0.34447	0.57814
123 K	0.10163	0.00151	0.89686
124 K	0.10217	0.00010	0.89774
125 K	0.10223	0.00001	0.89775
126 D	0.10216	0.00026	0.89759
127 S	0.09869	0.00583	0.89548
128 L	0.06746	0.03908	0.89346
129 L	0.06019	0.04753	0.89228
130 K	0.05934	0.05067	0.88998
131 I	0.04716	0.31801	0.63483
132 Y	0.02521	0.38426	0.59053
133 F	0.01571	0.39657	0.58772
134 S	0.01035	0.40784	0.58181
135 I	0.00351	0.47382	0.52267
136 T	0.00345	0.64369	0.35286
137 F	0.00055	0.98697	0.01248
138 I	0.00020	0.99303	0.00678
139 F	0.00016	0.99489	0.00495
140 I	0.00009	0.99893	0.00098
141 I	0.00006	0.99978	0.00016
142 H	0.00001	0.99996	2e-05
143 F	0.00000	0.99999	1e-05
144 I	0.00000	1.00000	0
145 F	0.00000	0.99998	2e-05
146 Y	0.00013	0.99949	0.00038
147 Y	0.00065	0.99796	0.00139
148 M	0.00125	0.99603	0.00272
149 L	0.00448	0.99152	0.004
150 S	0.01501	0.97468	0.01031
151 I	0.02861	0.93917	0.03222
152 T	0.03731	0.92287	0.03982
153 W	0.03985	0.91854	0.0416
154 I	0.21376	0.73246	0.05378
155 K	0.25960	0.65698	0.08342
156 F	0.26017	0.65351	0.08631
157 V	0.26270	0.64795	0.08936
158 F	0.29244	0.61286	0.0947
159 L	0.45644	0.44853	0.09503
160 D	0.89480	0.00328	0.10192
161 Q	0.89761	0.00029	0.1021
162 N	0.89767	0.00020	0.10213
163 Y	0.89769	0.00018	0.10213
164 S	0.89770	0.00016	0.10214
165 L	0.89771	0.00014	0.10216
166 N	0.89772	0.00011	0.10217
167 L	0.89774	0.00010	0.10217
168 K	0.89777	0.00006	0.10217
169 A	0.89778	0.00006	0.10217
170 N	0.89777	0.00006	0.10216
171 I	0.89771	0.00015	0.10214
172 F	0.89756	0.00035	0.10209
173 G	0.89748	0.00047	0.10205
174 L	0.89710	0.00136	0.10154
175 R	0.89710	0.00143	0.10148
176 R	0.89677	0.00221	0.10102
177 V	0.88777	0.01580	0.09643
178 E	0.86913	0.03767	0.0932
179 S	0.52379	0.44264	0.03357
180 S	0.09648	0.88754	0.01598
181 V	0.04351	0.95057	0.00593
182 F	0.01026	0.98824	0.0015
183 F	0.00366	0.99578	0.00055
184 C	0.00224	0.99739	0.00037
185 I	0.00054	0.99930	0.00017
186 K	0.00047	0.99938	0.00016
187 F	0.00012	0.99985	3e-05
188 V	0.00010	0.99988	2e-05
189 S	0.00010	0.99988	2e-05
190 L	0.00010	0.99988	2e-05
191 F	0.00010	0.99988	2e-05
192 I	0.00010	0.99988	2e-05
193 L	0.00010	0.99988	2e-05
194 S	0.00012	0.99980	8e-05
195 F	0.00014	0.99971	0.00015
196 I	0.00022	0.99951	0.00026
197 C	0.00124	0.99698	0.00178
198 A	0.00175	0.99585	0.0024
199 F	0.00298	0.99073	0.00629
200 I	0.00832	0.97015	0.02152
201 Y	0.01641	0.91943	0.06417
202 N	0.07924	0.50085	0.41991
203 R	0.09774	0.05913	0.84313
204 T	0.10152	0.02017	0.87831
205 K	0.10223	0.00031	0.89745
206 K	0.10225	0.00002	0.89772
207 V	0.10225	0.00002	0.89773
208 L	0.10225	0.00001	0.89773
209 L	0.10225	0.00001	0.89773
210 S	0.10226	0.00000	0.89774
211 L	0.10226	0.00000	0.89774
212 F	0.10226	0.00000	0.89774
