# USQ93573.1
# AA	inside	membr	outside
1 M	0.99771	0.00000	0.00229
2 K	0.99771	0.00000	0.00229
3 K	0.99771	0.00000	0.00229
4 L	0.99771	0.00001	0.00228
5 I	0.99670	0.00103	0.00228
6 K	0.99670	0.00103	0.00227
7 T	0.44106	0.55683	0.00212
8 S	0.44105	0.55684	0.00211
9 A	0.42715	0.57075	0.0021
10 N	0.42710	0.57203	0.00087
11 L	0.41913	0.58026	0.00061
12 I	0.03195	0.96784	0.00021
13 T	0.00016	0.99978	6e-05
14 L	0.00015	0.99978	6e-05
15 F	0.00015	0.99984	0
16 R	0.00014	0.99985	0
17 I	0.00001	0.99999	0
18 F	0.00001	0.99999	0
19 L	0.00000	0.99999	0
20 V	0.00000	1.00000	0
21 F	0.00000	1.00000	0
22 V	0.00000	0.99999	1e-05
23 M	0.00000	0.99998	2e-05
24 L	0.00000	0.99998	2e-05
25 P	0.00000	0.99879	0.00121
26 F	0.00000	0.99867	0.00133
27 L	0.00000	0.99017	0.00983
28 F	0.00001	0.98471	0.01528
29 V	0.00008	0.97987	0.02005
30 T	0.00178	0.09816	0.90006
31 K	0.00219	0.03563	0.96218
32 K	0.00220	0.01539	0.98241
33 V	0.00220	0.01522	0.98258
34 L	0.00221	0.01515	0.98264
35 T	0.00225	0.00181	0.99595
36 H	0.00228	0.00024	0.99748
37 P	0.00229	0.00012	0.9976
38 D	0.00229	0.00010	0.99761
39 P	0.00229	0.00189	0.99583
40 D	0.00228	0.00408	0.99364
41 L	0.00185	0.05705	0.94111
42 F	0.00010	0.12305	0.87685
43 K	0.00009	0.12491	0.87501
44 I	0.00007	0.93984	0.06009
45 P	0.00005	0.98711	0.01283
46 F	0.00002	0.99711	0.00287
47 I	0.00001	0.99938	0.00061
48 L	0.00001	0.99944	0.00055
49 I	0.00001	0.99955	0.00044
50 F	0.00001	0.99955	0.00044
51 I	0.00001	0.99955	0.00044
52 L	0.00001	0.99955	0.00044
53 A	0.00001	0.99955	0.00044
54 S	0.00002	0.99954	0.00044
55 I	0.00003	0.99953	0.00044
56 T	0.00016	0.99940	0.00044
57 D	0.00059	0.99896	0.00045
58 F	0.00060	0.99895	0.00045
59 L	0.00157	0.99792	0.00051
60 D	0.01005	0.98931	0.00064
61 G	0.01067	0.98866	0.00067
62 Y	0.02247	0.97684	0.0007
63 I	0.04325	0.95605	0.0007
64 A	0.69659	0.30248	0.00093
65 K	0.97589	0.02139	0.00272
66 K	0.98750	0.00978	0.00272
67 F	0.99579	0.00149	0.00273
68 K	0.99725	0.00002	0.00273
69 Q	0.99727	0.00000	0.00272
70 Q	0.99711	0.00016	0.00272
71 T	0.99227	0.00501	0.00272
72 I	0.97084	0.02644	0.00272
73 F	0.96028	0.03702	0.0027
74 G	0.94436	0.05296	0.00268
75 K	0.93367	0.06365	0.00268
76 F	0.79247	0.20493	0.0026
77 F	0.77599	0.22143	0.00258
78 D	0.77578	0.22168	0.00254
79 P	0.76033	0.23751	0.00217
80 I	0.74722	0.25066	0.00212
81 A	0.74589	0.25201	0.0021
82 D	0.74360	0.25431	0.00209
83 K	0.71499	0.28300	0.00201
84 L	0.10451	0.89526	0.00023
85 L	0.00844	0.99146	0.0001
86 V	0.00587	0.99411	3e-05
87 I	0.00526	0.99472	2e-05
88 V	0.00523	0.99475	2e-05
89 S	0.00523	0.99475	3e-05
90 F	0.00522	0.99475	3e-05
91 F	0.00522	0.99473	5e-05
92 Y	0.00522	0.99454	0.00024
93 I	0.00522	0.99421	0.00057
94 Y	0.00523	0.98998	0.0048
95 I	0.00524	0.96713	0.02764
96 L	0.00529	0.93131	0.0634
97 S	0.00552	0.83252	0.16196
98 S	0.00557	0.80024	0.19419
99 K	0.00575	0.71615	0.2781
100 H	0.00576	0.71183	0.28241
101 A	0.00577	0.70929	0.28494
102 L	0.00590	0.60713	0.38697
103 L	0.00615	0.51070	0.48315
104 S	0.00769	0.23781	0.7545
105 N	0.00782	0.01516	0.97701
106 K	0.00790	0.00407	0.98803
107 D	0.00792	0.00010	0.99199
108 H	0.00791	0.00441	0.98768
109 N	0.00791	0.00524	0.98686
110 K	0.00789	0.00811	0.984
111 Q	0.00765	0.16513	0.82722
112 I	0.00649	0.27814	0.71538
113 E	0.00622	0.47136	0.52243
114 L	0.00431	0.78012	0.21557
115 L	0.00305	0.85227	0.14467
116 L	0.00143	0.96081	0.03775
117 L	0.00140	0.96812	0.03048
118 S	0.00140	0.98109	0.01751
119 V	0.00137	0.99040	0.00823
120 L	0.00137	0.99078	0.00785
121 L	0.00137	0.99097	0.00766
122 I	0.00137	0.99103	0.0076
123 N	0.00138	0.99107	0.00755
124 I	0.00138	0.99111	0.00751
125 I	0.00146	0.99104	0.00751
126 R	0.00304	0.98945	0.00751
127 D	0.00367	0.98882	0.00751
128 F	0.00376	0.98874	0.0075
129 L	0.00430	0.98817	0.00752
130 V	0.01504	0.97693	0.00803
131 M	0.29710	0.69440	0.0085
132 G	0.32939	0.66183	0.00878
133 V	0.35865	0.63242	0.00893
134 R	0.44593	0.54399	0.01008
135 L	0.46292	0.52623	0.01085
136 M	0.56036	0.42853	0.01111
137 A	0.79825	0.19021	0.01154
138 F	0.87232	0.11534	0.01234
139 E	0.98549	0.00048	0.01402
140 Q	0.98576	0.00021	0.01403
141 K	0.98485	0.00119	0.01396
142 T	0.88203	0.10543	0.01254
143 I	0.39344	0.59709	0.00947
144 I	0.27607	0.72076	0.00317
145 T	0.20284	0.79562	0.00154
146 A	0.16468	0.83417	0.00115
147 S	0.12657	0.87249	0.00095
148 F	0.06360	0.93596	0.00043
149 L	0.04067	0.95893	0.0004
150 G	0.03894	0.96067	0.00039
151 K	0.03854	0.96108	0.00038
152 L	0.03684	0.96281	0.00035
153 K	0.03650	0.96316	0.00033
154 T	0.02937	0.97035	0.00028
155 I	0.02532	0.97447	0.0002
156 F	0.02289	0.97694	0.00018
157 T	0.02010	0.97973	0.00017
158 F	0.00456	0.99529	0.00015
159 I	0.00113	0.99870	0.00016
160 S	0.00109	0.99848	0.00043
161 I	0.00096	0.99822	0.00081
162 F	0.00096	0.99700	0.00205
163 L	0.00100	0.99080	0.0082
164 M	0.00122	0.97459	0.02419
165 L	0.00204	0.83973	0.15823
166 I	0.00410	0.36170	0.63419
167 S	0.01167	0.15621	0.83212
168 K	0.01453	0.05561	0.92987
169 E	0.01461	0.04727	0.93812
170 I	0.01460	0.05019	0.93521
171 E	0.01459	0.04426	0.94115
172 P	0.01437	0.04944	0.93619
173 I	0.01333	0.06394	0.92272
174 L	0.01327	0.06941	0.91731
175 G	0.01327	0.08223	0.9045
176 I	0.01322	0.14615	0.84062
177 P	0.01308	0.19383	0.79308
178 M	0.01197	0.26839	0.71964
179 I	0.00476	0.44547	0.54977
180 F	0.00227	0.82481	0.17293
181 F	0.00223	0.83250	0.16528
182 N	0.00221	0.83330	0.16449
183 K	0.00212	0.83865	0.15923
184 I	0.00140	0.92110	0.0775
185 F	0.00009	0.99010	0.00981
186 L	0.00001	0.99915	0.00085
187 I	0.00000	0.99989	0.00011
188 I	0.00000	0.99996	4e-05
189 N	0.00000	0.99997	3e-05
190 I	0.00000	0.99999	1e-05
191 F	0.00000	1.00000	0
192 L	0.00001	0.99999	0
193 I	0.00032	0.99968	0
194 I	0.00113	0.99886	1e-05
195 W	0.00336	0.99648	0.00016
196 S	0.01238	0.98660	0.00101
197 G	0.01665	0.98226	0.0011
198 F	0.02521	0.97363	0.00116
199 F	0.07180	0.92676	0.00144
200 Y	0.13852	0.85958	0.00189
201 I	0.21158	0.78562	0.00279
202 I	0.41392	0.57679	0.00929
203 K	0.93710	0.04838	0.01451
204 N	0.95666	0.02866	0.01468
205 F	0.96134	0.02395	0.01471
206 K	0.96775	0.01750	0.01475
207 F	0.97035	0.01489	0.01476
208 I	0.97952	0.00570	0.01478
209 K	0.98513	0.00005	0.01482
210 N	0.98517	0.00000	0.01482
211 N	0.98518	0.00000	0.01482
212 F	0.98518	0.00000	0.01482
