# USQ93155.1
# AA	inside	membr	outside
1 M	0.98477	0.00000	0.01523
2 L	0.98477	0.00000	0.01523
3 S	0.98477	0.00000	0.01523
4 R	0.98477	0.00000	0.01523
5 I	0.98477	0.00000	0.01523
6 P	0.98477	0.00000	0.01523
7 N	0.98477	0.00000	0.01523
8 K	0.98477	0.00000	0.01523
9 K	0.98477	0.00000	0.01523
10 E	0.98477	0.00000	0.01523
11 N	0.98475	0.00002	0.01523
12 K	0.98372	0.00105	0.01523
13 F	0.92283	0.06197	0.0152
14 Y	0.92279	0.06200	0.0152
15 K	0.92279	0.06303	0.01418
16 F	0.74395	0.24188	0.01417
17 L	0.43327	0.55450	0.01223
18 Y	0.42901	0.56117	0.00982
19 L	0.22047	0.77306	0.00647
20 P	0.14018	0.85881	0.00101
21 Y	0.00454	0.99448	0.00097
22 F	0.00042	0.99945	0.00013
23 I	0.00010	0.99988	1e-05
24 I	0.00001	0.99999	0
25 L	0.00000	1.00000	0
26 I	0.00000	1.00000	0
27 L	0.00000	1.00000	0
28 F	0.00000	1.00000	0
29 I	0.00000	1.00000	0
30 L	0.00000	1.00000	0
31 I	0.00000	0.99996	3e-05
32 P	0.00000	0.99986	0.00014
33 I	0.00000	0.99973	0.00027
34 F	0.00000	0.99959	0.00041
35 I	0.00000	0.99884	0.00116
36 I	0.00001	0.96474	0.03525
37 F	0.00004	0.95367	0.04629
38 L	0.00111	0.94037	0.05852
39 Y	0.00167	0.75764	0.24069
40 S	0.00476	0.45662	0.53862
41 I	0.00720	0.41215	0.58065
42 Q	0.01300	0.12010	0.8669
43 E	0.01521	0.03751	0.94729
44 S	0.01522	0.00103	0.98375
45 N	0.01523	0.00010	0.98467
46 K	0.01523	0.00001	0.98476
47 N	0.01522	0.00001	0.98476
48 S	0.01515	0.00009	0.98476
49 L	0.01500	0.00026	0.98474
50 F	0.01495	0.00031	0.98474
51 N	0.01495	0.00032	0.98473
52 I	0.01494	0.00033	0.98473
53 S	0.01493	0.00034	0.98473
54 F	0.01491	0.00037	0.98472
55 T	0.01491	0.00037	0.98472
56 L	0.01491	0.00037	0.98472
57 K	0.01491	0.00037	0.98472
58 Y	0.01491	0.00038	0.98471
59 Y	0.01491	0.00039	0.9847
60 K	0.01491	0.00039	0.9847
61 D	0.01491	0.00056	0.98453
62 F	0.01484	0.00215	0.98302
63 Y	0.01482	0.00358	0.9816
64 T	0.01481	0.00497	0.98021
65 T	0.01480	0.00693	0.97827
66 K	0.01469	0.01935	0.96597
67 V	0.00570	0.57849	0.4158
68 F	0.00270	0.64241	0.35489
69 I	0.00200	0.67946	0.31855
70 Y	0.00113	0.70728	0.29159
71 V	0.00080	0.76777	0.23143
72 L	0.00059	0.79188	0.20753
73 F	0.00047	0.80654	0.19299
74 R	0.00044	0.81003	0.18953
75 S	0.00015	0.90232	0.09753
76 I	0.00002	0.99139	0.00859
77 L	0.00001	0.99590	0.00409
78 I	0.00000	0.99926	0.00073
79 A	0.00000	0.99974	0.00026
80 I	0.00000	0.99997	2e-05
81 I	0.00000	0.99999	1e-05
82 S	0.00001	0.99998	1e-05
83 T	0.00001	0.99998	1e-05
84 F	0.00002	0.99997	1e-05
85 F	0.00013	0.99985	2e-05
86 I	0.00041	0.99953	5e-05
87 L	0.00215	0.99764	0.00022
88 L	0.00838	0.99128	0.00033
89 I	0.03854	0.96093	0.00053
90 T	0.56158	0.42980	0.00862
91 Y	0.59391	0.39429	0.0118
92 P	0.62698	0.36028	0.01274
93 L	0.63261	0.35477	0.01262
94 A	0.69030	0.29739	0.01231
95 Y	0.71178	0.27590	0.01231
96 I	0.48195	0.50563	0.01243
97 V	0.49105	0.49614	0.0128
98 S	0.62066	0.36610	0.01323
99 K	0.70792	0.27927	0.01281
100 Y	0.62888	0.36255	0.00858
101 I	0.58982	0.40307	0.00711
102 T	0.55335	0.44048	0.00617
103 P	0.53945	0.45469	0.00586
104 I	0.50658	0.49184	0.00159
105 Q	0.49622	0.50253	0.00126
106 S	0.39595	0.60297	0.00108
107 I	0.35659	0.64260	0.00081
108 L	0.33231	0.66695	0.00075
109 I	0.25683	0.74255	0.00063
110 L	0.04391	0.95547	0.00062
111 F	0.00658	0.99282	0.00061
112 I	0.00556	0.99386	0.00058
113 N	0.00541	0.99363	0.00096
114 G	0.00450	0.99400	0.0015
115 T	0.00337	0.99493	0.0017
116 I	0.00134	0.99654	0.00213
117 W	0.00113	0.99464	0.00422
118 I	0.00138	0.98798	0.01064
119 N	0.00176	0.72800	0.27024
120 M	0.00215	0.72110	0.27676
121 I	0.00210	0.71413	0.28378
122 L	0.00441	0.65971	0.33589
123 K	0.00954	0.54576	0.4447
124 I	0.00966	0.53508	0.45526
125 Q	0.01032	0.51232	0.47736
126 S	0.00975	0.50639	0.48386
127 L	0.01097	0.49811	0.49093
128 M	0.01137	0.48384	0.50479
129 Q	0.01137	0.37054	0.61809
130 I	0.01135	0.35096	0.6377
131 F	0.01123	0.33634	0.65243
132 F	0.01125	0.29870	0.69006
133 L	0.01124	0.08881	0.89995
134 I	0.01130	0.02021	0.96849
135 R	0.01168	0.00879	0.97953
136 K	0.01173	0.00632	0.98195
137 I	0.01092	0.00934	0.97973
138 L	0.01048	0.01020	0.97932
139 G	0.01031	0.00901	0.98068
140 I	0.01013	0.00924	0.98064
141 N	0.00992	0.00962	0.98047
142 L	0.00863	0.01205	0.97932
143 L	0.00782	0.01334	0.97884
144 E	0.00859	0.01203	0.97938
145 T	0.00802	0.03143	0.96055
146 N	0.00749	0.05598	0.93653
147 S	0.00516	0.37587	0.61898
148 A	0.00401	0.77531	0.22068
149 M	0.00352	0.85234	0.14413
150 L	0.00102	0.92822	0.07075
151 I	0.00042	0.98745	0.01212
152 G	0.00028	0.99483	0.00488
153 Y	0.00021	0.99858	0.0012
154 V	0.00021	0.99903	0.00076
155 Y	0.00022	0.99947	0.00031
156 L	0.00026	0.99959	0.00015
157 F	0.00038	0.99939	0.00022
158 L	0.00062	0.99898	0.0004
159 P	0.00097	0.99845	0.00058
160 Y	0.00219	0.99668	0.00113
161 M	0.00249	0.99610	0.0014
162 F	0.00258	0.99573	0.00168
163 L	0.00296	0.99504	0.002
164 P	0.00371	0.99382	0.00248
165 I	0.00502	0.99166	0.00332
166 F	0.00701	0.98889	0.0041
167 L	0.02008	0.97535	0.00457
168 S	0.08268	0.91151	0.00581
169 I	0.13565	0.85766	0.00669
170 S	0.51422	0.47536	0.01042
171 K	0.90966	0.07835	0.01199
172 I	0.93391	0.05403	0.01207
173 D	0.97451	0.01258	0.01291
174 H	0.98540	0.00165	0.01295
175 N	0.98651	0.00053	0.01296
176 L	0.98663	0.00040	0.01297
177 I	0.98666	0.00037	0.01297
178 N	0.98690	0.00013	0.01297
179 S	0.98701	0.00002	0.01298
180 A	0.98701	0.00001	0.01298
181 K	0.98702	0.00000	0.01298
182 D	0.98702	0.00000	0.01298
183 L	0.98697	0.00005	0.01298
184 G	0.98697	0.00005	0.01298
185 A	0.98697	0.00005	0.01297
186 N	0.98697	0.00006	0.01297
187 E	0.98694	0.00009	0.01296
188 V	0.98573	0.00141	0.01286
189 Q	0.98448	0.00273	0.0128
190 I	0.93781	0.04971	0.01248
191 F	0.93007	0.05746	0.01247
192 K	0.92891	0.05863	0.01246
193 K	0.89434	0.09349	0.01217
194 I	0.28556	0.70467	0.00976
195 I	0.15335	0.83744	0.00921
196 F	0.10708	0.88386	0.00906
197 P	0.09600	0.89522	0.00878
198 L	0.02473	0.96987	0.0054
199 S	0.01181	0.98371	0.00448
200 L	0.00900	0.98701	0.00399
201 P	0.00840	0.98813	0.00346
202 G	0.00751	0.98966	0.00284
203 L	0.00714	0.99041	0.00244
204 T	0.00713	0.99050	0.00238
205 T	0.00711	0.99056	0.00233
206 G	0.00706	0.99063	0.00232
207 V	0.00698	0.99072	0.0023
208 I	0.00693	0.99070	0.00237
209 L	0.00690	0.99026	0.00285
210 V	0.00689	0.98801	0.0051
211 S	0.00701	0.98426	0.00872
212 L	0.00723	0.98032	0.01244
213 Q	0.00845	0.93461	0.05694
214 I	0.00853	0.92044	0.07104
215 A	0.00885	0.87712	0.11402
216 T	0.00929	0.76814	0.22257
217 N	0.01002	0.19309	0.79688
218 L	0.00997	0.11545	0.87457
219 V	0.00989	0.09689	0.89322
220 V	0.01050	0.08537	0.90414
221 P	0.01494	0.01567	0.96939
222 K	0.01635	0.00386	0.97979
223 Y	0.01635	0.00402	0.97964
224 L	0.01638	0.00422	0.9794
225 G	0.01652	0.00405	0.97943
226 P	0.01669	0.00388	0.97943
227 T	0.01672	0.00390	0.97938
228 T	0.01676	0.00383	0.97941
229 I	0.01677	0.00380	0.97943
230 T	0.01678	0.00370	0.97952
231 V	0.01678	0.00367	0.97955
232 I	0.01678	0.00363	0.97959
233 S	0.01679	0.00355	0.97966
234 E	0.01682	0.00344	0.97974
235 L	0.01682	0.00355	0.97963
236 I	0.01692	0.00354	0.97953
237 E	0.01779	0.00221	0.98
238 N	0.01785	0.00217	0.97997
239 K	0.01784	0.00269	0.97947
240 I	0.01585	0.06491	0.91924
241 F	0.01425	0.11050	0.87525
242 L	0.01398	0.17470	0.81132
243 I	0.01433	0.20964	0.77602
244 G	0.01476	0.23398	0.75126
245 D	0.01477	0.29425	0.69098
246 I	0.01380	0.31946	0.66674
247 K	0.01351	0.32658	0.65991
248 S	0.00620	0.60580	0.388
249 A	0.00171	0.86975	0.12854
250 C	0.00065	0.95281	0.04654
251 A	0.00031	0.99349	0.0062
252 I	0.00021	0.99827	0.00152
253 A	0.00020	0.99874	0.00105
254 I	0.00020	0.99878	0.00102
255 N	0.00020	0.99878	0.00101
256 L	0.00020	0.99879	0.00101
257 T	0.00020	0.99878	0.00101
258 F	0.00021	0.99877	0.00102
259 L	0.00033	0.99864	0.00103
260 M	0.00160	0.99732	0.00107
261 L	0.00196	0.99693	0.00111
262 Y	0.00361	0.99520	0.00119
263 I	0.05054	0.94667	0.00279
264 L	0.08748	0.90822	0.0043
265 T	0.15833	0.83663	0.00504
266 F	0.21505	0.77890	0.00605
267 Y	0.41332	0.57598	0.0107
268 K	0.90117	0.07961	0.01923
269 Q	0.96224	0.01790	0.01985
270 N	0.96713	0.01283	0.02004
271 Q	0.97733	0.00247	0.0202
272 F	0.97847	0.00125	0.02028
273 E	0.97952	0.00017	0.02032
274 K	0.97967	0.00000	0.02033
275 K	0.97967	0.00000	0.02033
276 N	0.97967	0.00000	0.02033
277 K	0.97967	0.00000	0.02033
278 S	0.97967	0.00000	0.02033
279 N	0.97967	0.00000	0.02033
280 V	0.97967	0.00000	0.02033
