# USQ93246.1
# AA	inside	membr	outside
1 M	0.12229	0.00000	0.87771
2 L	0.12229	0.00000	0.87771
3 D	0.12229	0.00000	0.87771
4 N	0.12229	0.00019	0.87752
5 N	0.10314	0.02625	0.87061
6 C	0.10313	0.03262	0.86425
7 L	0.06177	0.07509	0.86314
8 K	0.06177	0.07511	0.86311
9 L	0.00146	0.22549	0.77304
10 F	0.00145	0.99426	0.00429
11 L	0.00126	0.99670	0.00203
12 I	0.00041	0.99877	0.00082
13 F	0.00003	0.99986	0.0001
14 I	0.00003	0.99986	0.0001
15 C	0.00003	0.99996	0
16 Y	0.00003	0.99996	0
17 F	0.00003	0.99996	0
18 I	0.00003	0.99996	0
19 G	0.00003	0.99996	0
20 S	0.00003	0.99996	0
21 I	0.00003	0.99996	0
22 P	0.00003	0.99995	1e-05
23 M	0.00004	0.99993	3e-05
24 G	0.00004	0.99988	9e-05
25 L	0.00009	0.99931	0.00061
26 I	0.00023	0.99835	0.00142
27 I	0.00129	0.97751	0.02119
28 S	0.09776	0.84118	0.06106
29 K	0.16506	0.75014	0.0848
30 I	0.17450	0.73457	0.09093
31 F	0.18047	0.72623	0.0933
32 K	0.41614	0.46216	0.1217
33 N	0.87520	0.00257	0.12224
34 K	0.87772	0.00002	0.12226
35 D	0.87774	0.00000	0.12227
36 L	0.87773	0.00001	0.12226
37 R	0.87773	0.00001	0.12226
38 L	0.87773	0.00001	0.12226
39 L	0.87772	0.00002	0.12226
40 G	0.87772	0.00002	0.12226
41 S	0.87772	0.00003	0.12225
42 K	0.87772	0.00008	0.12221
43 N	0.87770	0.00018	0.12212
44 I	0.87702	0.00107	0.12191
45 G	0.87696	0.00117	0.12187
46 S	0.87696	0.00137	0.12168
47 S	0.87677	0.00257	0.12066
48 N	0.87646	0.00378	0.11976
49 A	0.87566	0.00767	0.11667
50 A	0.87515	0.01066	0.11419
51 R	0.87029	0.01952	0.11019
52 I	0.51585	0.43239	0.05177
53 L	0.05712	0.90375	0.03913
54 G	0.05007	0.91533	0.03459
55 F	0.04557	0.92483	0.0296
56 K	0.04356	0.92777	0.02867
57 Y	0.01901	0.97366	0.00732
58 G	0.00471	0.99209	0.0032
59 F	0.00146	0.99746	0.00109
60 V	0.00096	0.99819	0.00085
61 V	0.00092	0.99831	0.00077
62 F	0.00092	0.99830	0.00078
63 L	0.00098	0.99823	0.00079
64 L	0.00114	0.99799	0.00087
65 D	0.00215	0.99688	0.00097
66 F	0.00216	0.99686	0.00098
67 L	0.00230	0.99594	0.00176
68 K	0.00272	0.99527	0.00202
69 G	0.00145	0.99680	0.00175
70 F	0.00144	0.99687	0.00169
71 W	0.00231	0.99595	0.00174
72 I	0.00489	0.99210	0.003
73 I	0.00762	0.98795	0.00443
74 I	0.00907	0.97215	0.01877
75 I	0.08717	0.55934	0.35349
76 P	0.10320	0.05164	0.84516
77 S	0.11639	0.02068	0.86294
78 P	0.11788	0.01434	0.86778
79 S	0.11731	0.03516	0.84753
80 D	0.11692	0.05094	0.83214
81 Y	0.03653	0.20910	0.75437
82 K	0.02188	0.23009	0.74803
83 L	0.00483	0.26703	0.72813
84 L	0.00050	0.40341	0.59609
85 Y	0.00044	0.43461	0.56495
86 G	0.00042	0.43530	0.56428
87 I	0.00040	0.43579	0.56381
88 I	0.00040	0.43580	0.5638
89 T	0.00041	0.43578	0.56381
90 I	0.00043	0.43577	0.56381
91 L	0.00045	0.43571	0.56384
92 G	0.00073	0.43389	0.56538
93 H	0.00084	0.43356	0.56559
94 M	0.00087	0.43342	0.56571
95 F	0.00089	0.43335	0.56575
96 S	0.00100	0.43261	0.56638
97 I	0.00124	0.42939	0.56937
98 F	0.00965	0.41411	0.57624
99 N	0.14079	0.20475	0.65446
100 K	0.21110	0.12091	0.66799
101 F	0.21412	0.11582	0.67005
102 K	0.26523	0.04975	0.68502
103 G	0.27132	0.04433	0.68435
104 G	0.29678	0.01970	0.68353
105 K	0.31283	0.00411	0.68306
106 A	0.30794	0.03789	0.65416
107 I	0.30686	0.07024	0.62291
108 A	0.29401	0.14081	0.56517
109 T	0.28970	0.20334	0.50697
110 S	0.19773	0.38125	0.42101
111 V	0.02880	0.89323	0.07797
112 G	0.02215	0.91966	0.05818
113 F	0.01056	0.97553	0.01391
114 I	0.00230	0.99514	0.00256
115 T	0.00197	0.99656	0.00147
116 A	0.00085	0.99888	0.00026
117 I	0.00070	0.99918	0.00012
118 N	0.00064	0.99927	8e-05
119 P	0.00051	0.99946	3e-05
120 F	0.00018	0.99981	1e-05
121 I	0.00012	0.99988	0
122 G	0.00003	0.99997	0
123 I	0.00002	0.99998	0
124 L	0.00002	0.99997	1e-05
125 G	0.00007	0.99990	2e-05
126 I	0.00028	0.99966	6e-05
127 V	0.00053	0.99936	0.00012
128 F	0.00082	0.99858	0.00059
129 F	0.01432	0.98183	0.00386
130 I	0.03178	0.96232	0.0059
131 L	0.09322	0.88691	0.01987
132 F	0.17314	0.79840	0.02846
133 L	0.29099	0.58398	0.12503
134 R	0.65065	0.05557	0.29378
135 I	0.64025	0.07397	0.28579
136 S	0.64557	0.06525	0.28918
137 G	0.49767	0.38360	0.11874
138 Y	0.17855	0.76069	0.06076
139 A	0.14715	0.80690	0.04595
140 S	0.03359	0.92776	0.03865
141 L	0.01409	0.95070	0.03521
142 A	0.00232	0.97277	0.02491
143 S	0.00111	0.97750	0.02138
144 L	0.00046	0.97883	0.0207
145 L	0.00023	0.97923	0.02054
146 S	0.00021	0.97926	0.02053
147 T	0.00020	0.97942	0.02038
148 S	0.00020	0.97961	0.02019
149 L	0.00019	0.97965	0.02016
150 V	0.00019	0.97966	0.02015
151 N	0.00019	0.97969	0.02011
152 V	0.00019	0.98036	0.01944
153 F	0.00031	0.98062	0.01907
154 L	0.00048	0.98004	0.01948
155 W	0.00303	0.97304	0.02393
156 I	0.00698	0.96672	0.0263
157 S	0.02118	0.93259	0.04623
158 Y	0.03991	0.89943	0.06066
159 L	0.04307	0.86697	0.08996
160 I	0.22420	0.43744	0.33837
161 N	0.26532	0.05596	0.67873
162 N	0.28293	0.02461	0.69246
163 N	0.27392	0.07213	0.65395
164 I	0.22047	0.62997	0.14957
165 D	0.21735	0.66962	0.11303
166 I	0.08524	0.86028	0.05449
167 R	0.06416	0.88976	0.04609
168 M	0.04169	0.92955	0.02876
169 L	0.02396	0.96483	0.0112
170 L	0.02232	0.97589	0.00179
171 G	0.02209	0.97637	0.00153
172 I	0.02188	0.97683	0.00128
173 L	0.02186	0.97687	0.00126
174 I	0.02187	0.97688	0.00125
175 I	0.02194	0.97680	0.00125
176 T	0.02209	0.97665	0.00125
177 I	0.02211	0.97663	0.00126
178 L	0.02215	0.97658	0.00127
179 I	0.02234	0.97635	0.00131
180 F	0.02317	0.97522	0.00161
181 I	0.03554	0.94989	0.01457
182 K	0.46801	0.40863	0.12336
183 H	0.52797	0.33919	0.13284
184 S	0.57870	0.23747	0.18382
185 N	0.61112	0.17572	0.21316
186 N	0.62994	0.14224	0.22783
187 I	0.66579	0.10212	0.2321
188 K	0.71442	0.02331	0.26227
189 N	0.71752	0.01799	0.26449
190 L	0.71845	0.01686	0.26469
191 I	0.72106	0.01291	0.26604
192 K	0.72644	0.00044	0.27312
193 G	0.72669	0.00014	0.27316
194 T	0.72673	0.00005	0.27322
195 E	0.72674	0.00000	0.27327
196 N	0.72674	0.00000	0.27327
197 K	0.72674	0.00000	0.27327
198 F	0.72674	0.00000	0.27327
199 N	0.72674	0.00000	0.27327
200 F	0.72674	0.00000	0.27327
201 G	0.72674	0.00000	0.27327
202 S	0.72674	0.00000	0.27327
203 K	0.72674	0.00000	0.27327
204 N	0.72674	0.00000	0.27327
205 I	0.72674	0.00000	0.27327
206 L	0.72674	0.00000	0.27327
207 K	0.72674	0.00000	0.27327
208 K	0.72674	0.00000	0.27327
209 N	0.72674	0.00000	0.27327
