# USQ93491.1
# AA	inside	membr	outside
1 M	0.97371	0.00000	0.0263
2 V	0.97371	0.00000	0.0263
3 L	0.97371	0.00000	0.0263
4 K	0.97371	0.00000	0.0263
5 K	0.97371	0.00000	0.0263
6 N	0.97371	0.00000	0.0263
7 K	0.97371	0.00000	0.0263
8 T	0.97371	0.00000	0.0263
9 E	0.97371	0.00000	0.0263
10 E	0.97371	0.00000	0.0263
11 L	0.97371	0.00000	0.0263
12 I	0.97370	0.00000	0.0263
13 V	0.97370	0.00001	0.0263
14 N	0.97370	0.00001	0.0263
15 P	0.97370	0.00002	0.02628
16 L	0.97370	0.00002	0.02628
17 Y	0.97370	0.00002	0.02628
18 D	0.97370	0.00002	0.02628
19 I	0.97356	0.00016	0.02628
20 I	0.96647	0.00729	0.02623
21 K	0.96613	0.00763	0.02623
22 N	0.96573	0.00805	0.02622
23 E	0.96098	0.01319	0.02583
24 Y	0.89587	0.08599	0.01814
25 G	0.70561	0.27886	0.01553
26 F	0.64587	0.33930	0.01483
27 K	0.63792	0.34757	0.01452
28 N	0.34547	0.64472	0.00981
29 V	0.06503	0.93411	0.00086
30 F	0.00419	0.99540	0.0004
31 F	0.00117	0.99845	0.00037
32 L	0.00111	0.99852	0.00037
33 I	0.00110	0.99853	0.00037
34 C	0.00110	0.99853	0.00037
35 S	0.00110	0.99853	0.00037
36 I	0.00110	0.99853	0.00037
37 I	0.00110	0.99852	0.00037
38 S	0.00112	0.99849	0.00039
39 M	0.00112	0.99847	0.00041
40 G	0.00112	0.99837	0.00051
41 L	0.00112	0.99824	0.00064
42 L	0.00116	0.99609	0.00275
43 K	0.00134	0.92335	0.07531
44 T	0.00135	0.91740	0.08125
45 L	0.00140	0.91599	0.0826
46 F	0.00326	0.90884	0.0879
47 I	0.01822	0.85898	0.1228
48 E	0.02658	0.14278	0.83064
49 K	0.02698	0.00144	0.97158
50 Q	0.02700	0.00077	0.97222
51 E	0.02701	0.00030	0.97268
52 H	0.02700	0.00163	0.97137
53 F	0.02695	0.00225	0.9708
54 G	0.02683	0.00260	0.97057
55 E	0.02673	0.00359	0.96969
56 K	0.02661	0.01345	0.95994
57 M	0.02553	0.74691	0.22757
58 F	0.00903	0.95404	0.03693
59 Y	0.00286	0.97449	0.02266
60 S	0.00005	0.98882	0.01113
61 F	0.00001	0.99631	0.00368
62 F	0.00001	0.99971	0.00028
63 S	0.00000	0.99989	0.00011
64 L	0.00000	0.99990	9e-05
65 S	0.00000	0.99990	9e-05
66 F	0.00000	0.99993	7e-05
67 F	0.00000	0.99998	2e-05
68 V	0.00000	0.99998	2e-05
69 F	0.00000	0.99998	1e-05
70 L	0.00000	0.99998	1e-05
71 I	0.00001	0.99997	1e-05
72 S	0.00024	0.99974	2e-05
73 I	0.00051	0.99947	2e-05
74 Y	0.00280	0.99713	6e-05
75 P	0.12309	0.87666	0.00026
76 F	0.16441	0.83463	0.00096
77 I	0.53271	0.46189	0.00539
78 K	0.89448	0.07916	0.02636
79 K	0.95521	0.01799	0.0268
80 S	0.96854	0.00460	0.02686
81 I	0.97057	0.00253	0.0269
82 K	0.97263	0.00034	0.02703
83 D	0.97255	0.00042	0.02703
84 I	0.95858	0.01440	0.02702
85 N	0.95493	0.01805	0.02702
86 L	0.94240	0.03094	0.02666
87 I	0.93032	0.04611	0.02357
88 V	0.89495	0.08176	0.02329
89 W	0.83156	0.14540	0.02304
90 P	0.78531	0.19207	0.02262
91 L	0.76539	0.21408	0.02053
92 F	0.76383	0.21759	0.01859
93 H	0.76159	0.21987	0.01854
94 E	0.72387	0.25772	0.01841
95 I	0.59333	0.38951	0.01716
96 I	0.46104	0.52266	0.0163
97 F	0.26755	0.72159	0.01086
98 K	0.22139	0.76800	0.01061
99 I	0.11760	0.88159	0.0008
100 I	0.09345	0.90612	0.00043
101 N	0.04602	0.95375	0.00023
102 V	0.01580	0.98412	8e-05
103 I	0.00927	0.99066	6e-05
104 C	0.00557	0.99422	0.00021
105 F	0.00118	0.99860	0.00021
106 S	0.00044	0.99922	0.00035
107 L	0.00025	0.99884	0.00091
108 V	0.00024	0.99860	0.00117
109 L	0.00044	0.99562	0.00395
110 I	0.00275	0.98265	0.01459
111 G	0.00339	0.94380	0.05281
112 M	0.00411	0.89083	0.10506
113 F	0.00457	0.84350	0.15192
114 Q	0.00694	0.80386	0.18919
115 F	0.00741	0.78838	0.20421
116 F	0.00751	0.75530	0.23719
117 N	0.00793	0.60861	0.38345
118 F	0.00871	0.50999	0.4813
119 L	0.00970	0.36524	0.62506
120 Y	0.01560	0.23260	0.7518
121 S	0.01769	0.17697	0.80535
122 Y	0.02595	0.11193	0.86211
123 I	0.02646	0.08610	0.88745
124 D	0.02718	0.01874	0.95408
125 P	0.02722	0.00498	0.9678
126 L	0.02723	0.00379	0.96899
127 V	0.02724	0.00267	0.97009
128 S	0.02728	0.00048	0.97224
129 K	0.02731	0.00005	0.97264
130 I	0.02731	0.00004	0.97265
131 S	0.02734	0.00000	0.97265
