# USQ93397.1
# AA	inside	membr	outside
1 M	0.03764	0.00000	0.96236
2 N	0.03580	0.00184	0.96236
3 Y	0.03517	0.00247	0.96236
4 Y	0.03517	0.88116	0.08368
5 Y	0.03445	0.94962	0.01594
6 L	0.03444	0.95563	0.00993
7 V	0.03369	0.95852	0.00779
8 I	0.03369	0.95855	0.00776
9 N	0.03369	0.95857	0.00774
10 F	0.03369	0.96525	0.00106
11 F	0.03368	0.96546	0.00086
12 V	0.03368	0.96549	0.00083
13 G	0.03368	0.96552	0.0008
14 S	0.03368	0.96552	0.0008
15 V	0.03368	0.96627	6e-05
16 S	0.03368	0.96627	6e-05
17 L	0.03368	0.96627	5e-05
18 Y	0.03368	0.96627	5e-05
19 I	0.03508	0.96486	6e-05
20 A	0.04396	0.95579	0.00025
21 L	0.06507	0.93424	0.00069
22 K	0.87433	0.12288	0.00279
23 T	0.90795	0.08897	0.00308
24 K	0.91907	0.07775	0.00318
25 Y	0.91960	0.07719	0.00321
26 L	0.92160	0.07517	0.00323
27 D	0.98095	0.01575	0.0033
28 F	0.98224	0.01440	0.00335
29 I	0.98500	0.01164	0.00336
30 I	0.99102	0.00503	0.00396
31 D	0.99370	0.00230	0.004
32 P	0.99379	0.00220	0.00401
33 S	0.99518	0.00081	0.00401
34 S	0.99524	0.00075	0.00401
35 R	0.99533	0.00067	0.00401
36 F	0.99533	0.00066	0.00401
37 Y	0.99536	0.00063	0.00401
38 K	0.99599	0.00000	0.00401
39 R	0.99599	0.00000	0.00401
40 N	0.99599	0.00000	0.00401
41 F	0.99599	0.00000	0.00401
42 K	0.99599	0.00000	0.00401
43 T	0.99599	0.00000	0.00401
44 Y	0.99599	0.00000	0.00401
45 I	0.99599	0.00000	0.00401
46 N	0.99599	0.00000	0.00401
47 D	0.99599	0.00000	0.00401
48 Y	0.99599	0.00000	0.00401
49 H	0.99599	0.00000	0.00401
50 T	0.99599	0.00000	0.00401
51 D	0.99599	0.00000	0.00401
52 H	0.99599	0.00000	0.00401
53 K	0.99599	0.00000	0.00401
54 R	0.99599	0.00000	0.00401
55 N	0.99599	0.00000	0.00401
56 K	0.99599	0.00000	0.00401
57 S	0.99599	0.00000	0.00401
58 I	0.99599	0.00000	0.00401
59 K	0.99599	0.00000	0.00401
60 K	0.99599	0.00000	0.00401
61 N	0.99599	0.00000	0.00401
62 I	0.99599	0.00000	0.00401
63 D	0.99599	0.00000	0.00401
64 Q	0.99599	0.00000	0.00401
65 I	0.99599	0.00000	0.00401
66 N	0.99599	0.00000	0.00401
67 K	0.99599	0.00000	0.00401
68 E	0.99599	0.00000	0.00401
69 K	0.99599	0.00000	0.00401
70 E	0.99599	0.00000	0.00401
71 N	0.99599	0.00000	0.00401
72 I	0.99599	0.00000	0.00401
73 V	0.99599	0.00000	0.00401
74 K	0.99599	0.00000	0.00401
75 K	0.99599	0.00000	0.00401
76 S	0.99599	0.00000	0.00401
77 Q	0.99599	0.00000	0.00401
78 I	0.99599	0.00000	0.00401
79 N	0.99599	0.00000	0.00401
80 D	0.99599	0.00000	0.00401
81 I	0.99568	0.00031	0.00401
82 T	0.99522	0.00078	0.00401
83 S	0.99499	0.00101	0.00401
84 Y	0.99335	0.00264	0.00401
85 K	0.99165	0.00434	0.004
86 S	0.93850	0.05766	0.00384
87 V	0.44082	0.55644	0.00274
88 F	0.26426	0.73370	0.00204
89 Y	0.20388	0.79426	0.00187
90 K	0.19376	0.80443	0.00181
91 L	0.04713	0.95221	0.00066
92 Y	0.01395	0.98581	0.00024
93 S	0.00779	0.99208	0.00012
94 L	0.00028	0.99967	5e-05
95 I	0.00004	0.99992	4e-05
96 I	0.00001	0.99996	4e-05
97 L	0.00000	0.99996	4e-05
98 S	0.00000	0.99996	4e-05
99 F	0.00000	0.99996	4e-05
100 L	0.00000	0.99996	4e-05
101 S	0.00000	0.99995	5e-05
102 G	0.00000	0.99994	6e-05
103 I	0.00000	0.99992	8e-05
104 I	0.00000	0.99936	0.00064
105 N	0.00000	0.99475	0.00525
106 Y	0.00000	0.99400	0.006
107 F	0.00001	0.98728	0.01271
108 V	0.00002	0.97681	0.02317
109 V	0.00031	0.91364	0.08605
110 V	0.00197	0.35537	0.64265
111 H	0.00336	0.12437	0.87227
112 K	0.00372	0.01775	0.97853
113 L	0.00372	0.01623	0.98005
114 E	0.00394	0.00184	0.99422
115 I	0.00395	0.00130	0.99475
116 K	0.00395	0.00050	0.99555
117 N	0.00368	0.00148	0.99483
118 I	0.00315	0.02335	0.9735
119 Y	0.00304	0.11969	0.87727
120 S	0.00299	0.18695	0.81005
121 I	0.00202	0.26707	0.73091
122 L	0.00083	0.32386	0.67531
123 S	0.00061	0.36958	0.62981
124 L	0.00057	0.76186	0.23757
125 E	0.00057	0.85232	0.14711
126 W	0.00028	0.92571	0.07401
127 F	0.00024	0.93819	0.06157
128 I	0.00015	0.95570	0.04415
129 F	0.00004	0.98671	0.01325
130 L	0.00001	0.99633	0.00366
131 I	0.00000	0.99844	0.00156
132 I	0.00000	0.99974	0.00026
133 A	0.00000	0.99990	0.0001
134 F	0.00000	0.99995	5e-05
135 V	0.00000	0.99997	3e-05
136 Y	0.00003	0.99996	1e-05
137 F	0.00016	0.99983	1e-05
138 I	0.00103	0.99896	1e-05
139 Y	0.00177	0.99818	5e-05
140 F	0.00354	0.99616	0.0003
141 L	0.02375	0.97530	0.00095
142 C	0.14612	0.85272	0.00116
143 Y	0.22982	0.76896	0.00122
144 L	0.35653	0.64126	0.00221
145 C	0.45453	0.54240	0.00307
146 L	0.50973	0.48705	0.00322
147 D	0.86770	0.12905	0.00325
148 I	0.70168	0.29517	0.00316
149 Y	0.59095	0.40575	0.0033
150 L	0.55916	0.43754	0.0033
151 F	0.56271	0.43383	0.00346
152 S	0.59651	0.39983	0.00366
153 G	0.53885	0.45749	0.00365
154 L	0.50763	0.48907	0.0033
155 C	0.42482	0.57228	0.0029
156 S	0.35823	0.63897	0.00279
157 N	0.31626	0.68103	0.0027
158 L	0.12500	0.87345	0.00155
159 S	0.05474	0.94414	0.00111
160 S	0.02637	0.97292	0.00071
161 I	0.00841	0.99102	0.00057
162 F	0.00501	0.99442	0.00056
163 L	0.00107	0.99837	0.00056
164 S	0.00059	0.99883	0.00058
165 L	0.00010	0.99930	0.0006
166 L	0.00002	0.99896	0.00102
167 W	0.00000	0.99830	0.0017
168 G	0.00000	0.99272	0.00728
169 A	0.00000	0.99016	0.00984
170 F	0.00000	0.98355	0.01644
171 L	0.00004	0.81742	0.18254
172 S	0.00008	0.66179	0.33814
173 C	0.00009	0.62920	0.37071
174 F	0.00009	0.62353	0.37638
175 Y	0.00010	0.61960	0.3803
176 I	0.00018	0.58384	0.41598
177 L	0.00087	0.52412	0.47501
178 E	0.00297	0.24787	0.74916
179 Y	0.00314	0.09625	0.90062
180 K	0.00324	0.05328	0.94347
181 F	0.00326	0.05094	0.9458
182 Y	0.00330	0.03989	0.95681
183 Q	0.00334	0.01181	0.98485
184 I	0.00338	0.00286	0.99376
185 S	0.00339	0.00122	0.99538
186 N	0.00340	0.00017	0.99643
187 C	0.00340	0.00009	0.99651
188 P	0.00340	0.00004	0.99656
189 L	0.00340	0.00011	0.99648
190 S	0.00340	0.00016	0.99644
191 Y	0.00340	0.00025	0.99635
192 K	0.00340	0.00036	0.99624
193 I	0.00337	0.00242	0.99421
194 L	0.00331	0.00464	0.99205
195 K	0.00330	0.00540	0.9913
196 Y	0.00275	0.08223	0.91502
197 F	0.00098	0.54155	0.45747
198 I	0.00008	0.97279	0.02714
199 L	0.00001	0.99221	0.00778
200 L	0.00000	0.99545	0.00455
201 Y	0.00000	0.99918	0.00081
202 I	0.00000	0.99987	0.00013
203 I	0.00000	0.99999	1e-05
204 L	0.00000	1.00000	0
205 P	0.00000	1.00000	0
206 S	0.00000	1.00000	0
207 F	0.00000	1.00000	0
208 L	0.00000	1.00000	0
209 T	0.00000	1.00000	0
210 F	0.00000	1.00000	0
211 I	0.00000	1.00000	0
212 I	0.00000	1.00000	0
213 I	0.00002	0.99998	0
214 F	0.00006	0.99994	0
215 I	0.00030	0.99969	1e-05
216 V	0.00149	0.99846	5e-05
217 S	0.00535	0.99438	0.00027
218 F	0.00764	0.99203	0.00033
219 L	0.07668	0.92242	0.00091
220 Y	0.52096	0.47662	0.00243
221 R	0.98315	0.01353	0.00333
222 N	0.99560	0.00100	0.0034
223 N	0.99649	0.00011	0.0034
224 K	0.99658	0.00002	0.00341
225 I	0.99645	0.00015	0.0034
226 K	0.99620	0.00040	0.0034
227 V	0.98796	0.00863	0.0034
228 N	0.98712	0.00948	0.0034
229 N	0.98679	0.00982	0.00339
230 K	0.98554	0.01112	0.00335
231 F	0.81304	0.18390	0.00306
232 H	0.35051	0.64664	0.00286
233 T	0.06574	0.93171	0.00256
234 F	0.05737	0.94046	0.00218
235 L	0.05227	0.94570	0.00203
236 K	0.05052	0.94745	0.00203
237 T	0.03734	0.96069	0.00197
238 L	0.00620	0.99188	0.00192
239 F	0.00177	0.99633	0.0019
240 I	0.00103	0.99708	0.0019
241 I	0.00099	0.99712	0.0019
242 S	0.00099	0.99712	0.0019
243 F	0.00099	0.99712	0.0019
244 F	0.00099	0.99709	0.00192
245 I	0.00099	0.99603	0.00298
246 E	0.00099	0.99400	0.00501
247 T	0.00101	0.99314	0.00586
248 S	0.00101	0.99265	0.00634
249 F	0.00102	0.98480	0.01419
250 V	0.00103	0.93068	0.0683
251 P	0.00135	0.88354	0.11511
252 Q	0.00144	0.87631	0.12225
253 I	0.00161	0.87402	0.12437
254 F	0.00168	0.76073	0.23759
255 G	0.00217	0.30209	0.69574
256 H	0.00228	0.00835	0.98938
257 N	0.00238	0.00242	0.99521
258 S	0.00218	0.20997	0.78785
259 L	0.00029	0.87355	0.12615
260 L	0.00020	0.97214	0.02765
261 I	0.00013	0.99225	0.00762
262 L	0.00002	0.99492	0.00506
263 I	0.00001	0.99824	0.00175
264 I	0.00000	0.99974	0.00026
265 Y	0.00000	0.99995	5e-05
266 L	0.00000	0.99996	4e-05
267 L	0.00000	0.99997	3e-05
268 E	0.00000	0.99997	3e-05
269 A	0.00000	0.99999	1e-05
270 L	0.00000	1.00000	0
271 F	0.00000	1.00000	0
272 G	0.00000	1.00000	0
273 L	0.00000	1.00000	0
274 I	0.00000	1.00000	0
275 L	0.00001	0.99999	0
276 Y	0.00012	0.99987	1e-05
277 S	0.00056	0.99942	1e-05
278 L	0.00092	0.99906	2e-05
279 V	0.00241	0.99757	3e-05
280 W	0.00745	0.99248	7e-05
281 V	0.27070	0.72899	0.00031
282 N	0.92160	0.07601	0.00239
283 T	0.99107	0.00650	0.00243
284 L	0.99476	0.00278	0.00246
285 N	0.99712	0.00039	0.00249
286 Q	0.99742	0.00009	0.00249
287 L	0.99743	0.00007	0.0025
288 D	0.99744	0.00006	0.0025
289 L	0.99745	0.00005	0.0025
290 F	0.99746	0.00004	0.0025
291 I	0.99747	0.00003	0.0025
292 E	0.99750	0.00000	0.0025
293 Q	0.99750	0.00000	0.0025
294 K	0.99750	0.00000	0.0025
295 I	0.99750	0.00000	0.0025
296 P	0.99750	0.00000	0.0025
297 K	0.99750	0.00000	0.0025
298 K	0.99747	0.00003	0.0025
299 C	0.99615	0.00136	0.00248
300 E	0.98523	0.01242	0.00234
301 W	0.20016	0.79957	0.00026
302 L	0.06362	0.93617	0.0002
303 L	0.00418	0.99575	6e-05
304 V	0.00057	0.99941	2e-05
305 Y	0.00027	0.99972	1e-05
306 F	0.00006	0.99994	0
307 L	0.00002	0.99998	0
308 F	0.00001	0.99999	0
309 E	0.00001	0.99999	0
310 S	0.00001	0.99999	0
311 L	0.00001	0.99999	0
312 L	0.00001	0.99999	0
313 C	0.00001	0.99999	0
314 I	0.00001	0.99999	0
315 F	0.00001	0.99999	0
316 M	0.00001	0.99999	0
317 E	0.00001	0.99999	1e-05
318 I	0.00001	0.99998	1e-05
319 L	0.00001	0.99966	0.00033
320 I	0.00001	0.99866	0.00133
321 I	0.00004	0.98487	0.01509
322 I	0.00011	0.95582	0.04407
323 M	0.00045	0.89711	0.10244
324 R	0.00235	0.15666	0.84099
325 I	0.00238	0.08157	0.91605
326 R	0.00249	0.00600	0.99151
327 D	0.00251	0.00043	0.99706
328 Y	0.00251	0.00025	0.99724
329 L	0.00251	0.00013	0.99735
330 F	0.00251	0.00011	0.99738
331 G	0.00251	0.00001	0.99748
332 K	0.00251	0.00000	0.9975
333 N	0.00251	0.00000	0.9975
334 S	0.00251	0.00000	0.9975
335 K	0.00251	0.00000	0.9975
336 N	0.00251	0.00000	0.9975
337 G	0.00251	0.00000	0.9975
338 L	0.00251	0.00000	0.9975
339 L	0.00251	0.00000	0.9975
