# USQ93335.1
# AA	inside	membr	outside
1 M	0.69170	0.00000	0.30831
2 K	0.69170	0.00000	0.30831
3 K	0.69170	0.00000	0.30831
4 K	0.69170	0.00000	0.30831
5 F	0.69170	0.00000	0.30831
6 I	0.69170	0.00000	0.30831
7 L	0.69170	0.00000	0.30831
8 K	0.69170	0.00000	0.30831
9 K	0.69170	0.00000	0.30831
10 K	0.69170	0.00000	0.30831
11 K	0.69170	0.00000	0.30831
12 E	0.69169	0.00001	0.30831
13 I	0.69160	0.00010	0.3083
14 D	0.69160	0.00010	0.3083
15 L	0.69160	0.00014	0.30826
16 I	0.69157	0.00017	0.30826
17 F	0.69156	0.00018	0.30826
18 K	0.69156	0.00018	0.30826
19 F	0.69156	0.00019	0.30826
20 K	0.69155	0.00019	0.30826
21 K	0.69151	0.00023	0.30826
22 N	0.69150	0.00025	0.30825
23 I	0.69146	0.00028	0.30825
24 K	0.69146	0.00029	0.30825
25 N	0.69122	0.00060	0.30818
26 Y	0.69094	0.00096	0.30811
27 F	0.69083	0.00110	0.30806
28 F	0.69075	0.00121	0.30804
29 I	0.69075	0.00122	0.30803
30 L	0.69074	0.00122	0.30803
31 Y	0.69074	0.00122	0.30804
32 Y	0.69074	0.00121	0.30804
33 I	0.69076	0.00117	0.30807
34 K	0.69078	0.00106	0.30815
35 N	0.69079	0.00105	0.30817
36 E	0.69079	0.00102	0.30819
37 N	0.69079	0.00102	0.3082
38 L	0.69079	0.00101	0.3082
39 E	0.69079	0.00099	0.30822
40 N	0.69079	0.00098	0.30823
41 F	0.69079	0.00097	0.30824
42 K	0.69079	0.00094	0.30827
43 F	0.69079	0.00094	0.30827
44 A	0.69080	0.00092	0.30829
45 L	0.69080	0.00088	0.30832
46 S	0.69083	0.00073	0.30844
47 I	0.69087	0.00066	0.30847
48 N	0.69097	0.00021	0.30883
49 K	0.69101	0.00001	0.30898
50 K	0.69101	0.00000	0.30899
51 Y	0.69101	0.00000	0.30899
52 G	0.69101	0.00000	0.30899
53 K	0.69101	0.00000	0.30899
54 A	0.69101	0.00000	0.30899
55 Y	0.69101	0.00000	0.30899
56 E	0.69101	0.00000	0.30899
57 R	0.69101	0.00000	0.30899
58 N	0.69101	0.00001	0.30899
59 L	0.69099	0.00003	0.30899
60 I	0.69098	0.00003	0.30899
61 K	0.69098	0.00003	0.30899
62 R	0.69095	0.00006	0.30899
63 R	0.68956	0.00147	0.30898
64 L	0.68893	0.00210	0.30897
65 R	0.68825	0.00281	0.30894
66 M	0.67095	0.02032	0.30873
67 I	0.51897	0.17270	0.30834
68 I	0.51471	0.17701	0.30828
69 H	0.51357	0.17816	0.30827
70 N	0.50777	0.18398	0.30825
71 N	0.50359	0.18818	0.30823
72 M	0.50046	0.19149	0.30805
73 Y	0.49762	0.19438	0.30801
74 L	0.49724	0.19479	0.30797
75 I	0.49708	0.19501	0.30791
76 D	0.49707	0.19501	0.30792
77 K	0.49700	0.19507	0.30792
78 H	0.49559	0.19679	0.30762
79 M	0.49449	0.19808	0.30744
80 S	0.49283	0.19987	0.3073
81 F	0.49253	0.20019	0.30728
82 V	0.49248	0.20022	0.3073
83 L	0.49247	0.20009	0.30744
84 V	0.49247	0.19974	0.30779
85 I	0.49250	0.19433	0.31316
86 K	0.49271	0.16448	0.34281
87 F	0.49273	0.16216	0.34511
88 A	0.49277	0.15823	0.349
89 A	0.49287	0.14479	0.36234
90 K	0.49330	0.01178	0.49492
91 E	0.49333	0.01046	0.49621
92 L	0.49334	0.01021	0.49645
93 N	0.49335	0.00897	0.49768
94 F	0.49335	0.00863	0.49801
95 Y	0.49343	0.00786	0.49871
96 N	0.49351	0.00474	0.50175
97 L	0.49358	0.00414	0.50227
98 E	0.49417	0.00062	0.5052
99 K	0.49421	0.00010	0.5057
100 K	0.49421	0.00008	0.50571
101 F	0.49421	0.00008	0.50571
102 L	0.49421	0.00007	0.50572
103 I	0.49421	0.00006	0.50572
104 L	0.49421	0.00004	0.50574
105 L	0.49421	0.00002	0.50578
106 K	0.49421	0.00000	0.50579
107 K	0.49421	0.00000	0.50579
108 S	0.49421	0.00000	0.50579
109 S	0.49421	0.00000	0.50579
110 L	0.49421	0.00000	0.50579
111 N	0.49421	0.00000	0.50579
