# USQ93543.1
# AA	inside	membr	outside
1 M	0.97159	0.00000	0.02841
2 K	0.97159	0.00000	0.02841
3 F	0.97159	0.00000	0.02841
4 F	0.97159	0.00000	0.02841
5 D	0.97159	0.00001	0.02841
6 F	0.97159	0.00001	0.02841
7 F	0.97159	0.00001	0.02841
8 D	0.97159	0.00001	0.02841
9 F	0.97159	0.00001	0.02841
10 F	0.97159	0.00001	0.02841
11 V	0.97159	0.00001	0.02841
12 N	0.97159	0.00001	0.02841
13 P	0.97159	0.00001	0.02841
14 S	0.97159	0.00001	0.02841
15 K	0.97159	0.00001	0.02841
16 R	0.97159	0.00001	0.02841
17 V	0.97159	0.00001	0.02841
18 R	0.97159	0.00001	0.02841
19 H	0.97159	0.00001	0.02841
20 L	0.97159	0.00001	0.0284
21 L	0.97159	0.00000	0.0284
22 N	0.97159	0.00000	0.0284
23 A	0.97159	0.00000	0.0284
24 S	0.97159	0.00000	0.0284
25 Y	0.97159	0.00000	0.0284
26 K	0.97159	0.00000	0.0284
27 K	0.97159	0.00000	0.0284
28 K	0.97159	0.00000	0.0284
29 N	0.97159	0.00000	0.0284
30 D	0.97159	0.00000	0.0284
31 N	0.97159	0.00000	0.0284
32 P	0.97159	0.00000	0.0284
33 S	0.97159	0.00000	0.0284
34 C	0.97159	0.00000	0.0284
35 I	0.97159	0.00000	0.0284
36 L	0.97159	0.00000	0.0284
37 N	0.97159	0.00000	0.0284
38 K	0.97159	0.00000	0.0284
39 R	0.97159	0.00000	0.0284
40 I	0.97159	0.00000	0.0284
41 R	0.97159	0.00000	0.0284
42 K	0.97159	0.00000	0.0284
43 L	0.97159	0.00000	0.0284
44 K	0.97159	0.00000	0.0284
45 L	0.97159	0.00000	0.0284
46 K	0.97159	0.00000	0.0284
47 E	0.97159	0.00000	0.0284
48 N	0.97159	0.00000	0.0284
49 H	0.97159	0.00000	0.0284
50 Q	0.97159	0.00000	0.0284
51 L	0.97155	0.00004	0.0284
52 V	0.97154	0.00005	0.0284
53 T	0.97154	0.00005	0.0284
54 N	0.97154	0.00006	0.0284
55 E	0.97152	0.00008	0.0284
56 K	0.97104	0.00058	0.02839
57 I	0.96044	0.01243	0.02713
58 T	0.93508	0.03906	0.02585
59 S	0.88120	0.09342	0.02539
60 Y	0.69899	0.27739	0.02361
61 L	0.49821	0.48195	0.01985
62 S	0.43447	0.54627	0.01927
63 V	0.12013	0.86758	0.01229
64 F	0.07895	0.90984	0.0112
65 S	0.07396	0.91508	0.01095
66 K	0.05912	0.93060	0.01028
67 L	0.01110	0.98514	0.00376
68 F	0.00067	0.99884	0.00049
69 L	0.00004	0.99983	0.00014
70 L	0.00000	0.99994	5e-05
71 I	0.00000	0.99995	5e-05
72 V	0.00000	0.99995	5e-05
73 L	0.00000	0.99995	5e-05
74 T	0.00000	0.99995	5e-05
75 I	0.00000	0.99995	6e-05
76 F	0.00000	0.99991	9e-05
77 I	0.00001	0.99966	0.00032
78 G	0.00004	0.99867	0.00129
79 F	0.00008	0.99683	0.00309
80 I	0.00139	0.98300	0.01561
81 T	0.00312	0.93943	0.05745
82 Y	0.00356	0.87796	0.11849
83 F	0.00503	0.68713	0.30784
84 H	0.00897	0.45069	0.54034
85 F	0.00999	0.38482	0.60519
86 R	0.02321	0.04560	0.93119
87 C	0.02694	0.00467	0.96838
88 D	0.02808	0.00079	0.97112
89 N	0.02814	0.00042	0.97144
90 V	0.02813	0.00032	0.97155
91 D	0.02822	0.00014	0.97164
92 S	0.02764	0.00072	0.97164
93 A	0.02762	0.00074	0.97164
94 I	0.02760	0.00076	0.97164
95 K	0.02759	0.00077	0.97164
96 T	0.02757	0.00080	0.97164
97 I	0.02754	0.00082	0.97164
98 K	0.02754	0.00082	0.97164
99 N	0.02753	0.00083	0.97164
100 L	0.02753	0.00083	0.97164
101 S	0.02753	0.00083	0.97164
102 I	0.02753	0.00083	0.97164
103 P	0.02753	0.00083	0.97164
104 L	0.02753	0.00083	0.97164
105 I	0.02753	0.00083	0.97164
106 S	0.02753	0.00082	0.97164
107 S	0.02753	0.00080	0.97166
108 N	0.02753	0.00077	0.97169
109 F	0.02753	0.00076	0.9717
110 D	0.02753	0.00013	0.97233
111 P	0.02754	0.00012	0.97234
112 K	0.02754	0.00004	0.97242
113 Y	0.02754	0.00003	0.97243
114 N	0.02754	0.00002	0.97244
115 N	0.02754	0.00001	0.97245
116 P	0.02754	0.00005	0.97241
117 D	0.02754	0.00025	0.97221
118 T	0.02747	0.00305	0.96948
119 I	0.02650	0.01237	0.96113
120 T	0.02625	0.01968	0.95407
121 N	0.02592	0.02565	0.94843
122 N	0.02397	0.06638	0.90965
123 Y	0.01838	0.28736	0.69425
124 I	0.00262	0.64171	0.35568
125 A	0.00151	0.67654	0.32195
126 F	0.00067	0.88793	0.1114
127 L	0.00012	0.94218	0.05769
128 Y	0.00006	0.96634	0.03361
129 L	0.00003	0.97542	0.02454
130 S	0.00003	0.97866	0.02131
131 P	0.00002	0.99169	0.00829
132 M	0.00002	0.99723	0.00274
133 V	0.00002	0.99935	0.00063
134 I	0.00002	0.99990	8e-05
135 F	0.00002	0.99996	2e-05
136 G	0.00002	0.99998	0
137 I	0.00002	0.99998	0
138 G	0.00004	0.99996	0
139 A	0.00009	0.99990	1e-05
140 L	0.00019	0.99979	1e-05
141 L	0.00101	0.99880	0.00019
142 W	0.00337	0.99468	0.00194
143 S	0.03227	0.96471	0.00302
144 L	0.05035	0.94611	0.00353
145 G	0.09654	0.89868	0.00478
146 F	0.26838	0.72203	0.0096
147 Y	0.57057	0.40362	0.02581
148 L	0.59088	0.38259	0.02652
149 Y	0.86292	0.11004	0.02703
150 N	0.91445	0.05817	0.02738
151 S	0.91243	0.06022	0.02735
152 F	0.80502	0.16795	0.02703
153 L	0.74406	0.22907	0.02687
154 K	0.75063	0.22256	0.02681
155 F	0.28426	0.69371	0.02202
156 A	0.20824	0.78806	0.0037
157 T	0.15705	0.84103	0.00191
158 V	0.03369	0.96499	0.00132
159 L	0.00461	0.99479	0.0006
160 L	0.00062	0.99894	0.00043
161 S	0.00026	0.99942	0.00032
162 I	0.00004	0.99966	0.0003
163 S	0.00002	0.99968	0.0003
164 S	0.00002	0.99968	0.0003
165 G	0.00000	0.99969	0.0003
166 F	0.00000	0.99969	0.00031
167 F	0.00000	0.99965	0.00034
168 V	0.00000	0.99949	0.0005
169 G	0.00000	0.99913	0.00086
170 M	0.00000	0.99872	0.00128
171 L	0.00000	0.99610	0.0039
172 Y	0.00002	0.98879	0.01119
173 A	0.00011	0.96884	0.03104
174 F	0.00027	0.94115	0.05858
175 A	0.00114	0.81714	0.18172
176 S	0.00189	0.72907	0.26904
177 I	0.00210	0.69349	0.30441
178 F	0.00605	0.15909	0.83485
179 S	0.02537	0.04883	0.9258
180 K	0.02706	0.00618	0.96676
181 H	0.02720	0.00207	0.97072
182 Y	0.02716	0.00161	0.97123
183 P	0.02686	0.00241	0.97072
184 P	0.02258	0.01520	0.96222
185 V	0.00459	0.11293	0.88247
186 N	0.00285	0.18482	0.81233
187 F	0.00026	0.77924	0.2205
188 L	0.00013	0.88268	0.1172
189 F	0.00005	0.98308	0.01688
190 F	0.00001	0.99751	0.00249
191 I	0.00000	0.99926	0.00074
192 P	0.00000	0.99985	0.00015
193 F	0.00000	0.99998	2e-05
194 L	0.00000	1.00000	0
195 G	0.00000	1.00000	0
196 T	0.00000	1.00000	0
197 I	0.00000	1.00000	0
198 F	0.00000	1.00000	0
199 V	0.00000	1.00000	0
200 I	0.00001	0.99999	0
201 S	0.00009	0.99990	1e-05
202 F	0.00021	0.99976	3e-05
203 M	0.00042	0.99945	0.00013
204 S	0.00055	0.99927	0.00017
205 F	0.00086	0.99883	0.00031
206 L	0.00151	0.99726	0.00123
207 Y	0.01520	0.97593	0.00886
208 Y	0.14944	0.82622	0.02434
209 S	0.46510	0.50886	0.02603
210 K	0.96968	0.00312	0.0272
211 K	0.97262	0.00016	0.02722
212 I	0.97271	0.00007	0.02722
213 K	0.97277	0.00000	0.02722
214 I	0.97277	0.00001	0.02722
215 S	0.97275	0.00003	0.02722
216 E	0.97270	0.00008	0.02722
217 K	0.97263	0.00017	0.0272
218 K	0.97065	0.00218	0.02717
219 R	0.94130	0.03215	0.02655
220 N	0.66693	0.31068	0.02239
221 F	0.07624	0.91048	0.01328
222 I	0.00171	0.99770	0.00059
223 S	0.00110	0.99855	0.00035
224 V	0.00067	0.99924	8e-05
225 L	0.00050	0.99944	6e-05
226 F	0.00038	0.99956	5e-05
227 F	0.00038	0.99957	5e-05
228 I	0.00038	0.99958	5e-05
229 S	0.00037	0.99958	5e-05
230 Y	0.00037	0.99958	5e-05
231 F	0.00037	0.99958	5e-05
232 I	0.00037	0.99958	5e-05
233 H	0.00037	0.99957	5e-05
234 I	0.00038	0.99955	7e-05
235 G	0.00041	0.99828	0.00131
236 F	0.00045	0.99246	0.00709
237 T	0.00054	0.92582	0.07364
238 L	0.00079	0.70327	0.29594
239 S	0.00263	0.57337	0.424
240 K	0.01651	0.43423	0.54926
241 F	0.01764	0.41761	0.56475
242 G	0.01922	0.38619	0.5946
243 F	0.02213	0.31892	0.65895
244 D	0.02717	0.00505	0.96777
245 N	0.02666	0.00751	0.96584
246 W	0.01006	0.16238	0.82755
247 F	0.00489	0.64936	0.34575
248 L	0.00390	0.78557	0.21053
249 N	0.00354	0.90318	0.09328
250 F	0.00022	0.96075	0.03903
251 I	0.00009	0.97834	0.02157
252 M	0.00001	0.99070	0.00929
253 F	0.00001	0.99837	0.00162
254 F	0.00000	0.99975	0.00025
255 L	0.00000	0.99987	0.00013
256 A	0.00000	0.99993	7e-05
257 I	0.00000	0.99994	5e-05
258 L	0.00000	0.99996	4e-05
259 D	0.00000	0.99996	4e-05
260 L	0.00000	0.99996	4e-05
261 V	0.00000	0.99996	4e-05
262 L	0.00001	0.99995	4e-05
263 G	0.00002	0.99993	4e-05
264 A	0.00008	0.99985	7e-05
265 L	0.00033	0.99958	9e-05
266 M	0.00205	0.99776	0.00019
267 W	0.00327	0.99647	0.00026
268 V	0.02041	0.97837	0.00122
269 I	0.19500	0.78829	0.01671
270 N	0.73924	0.23488	0.02588
271 L	0.83308	0.14039	0.02653
272 E	0.96064	0.01195	0.02741
273 N	0.96650	0.00598	0.02753
274 I	0.96797	0.00449	0.02754
275 D	0.97110	0.00132	0.02758
276 I	0.97167	0.00075	0.02758
277 F	0.97211	0.00031	0.02758
278 I	0.97232	0.00010	0.02758
279 E	0.97240	0.00001	0.02759
280 Q	0.97241	0.00000	0.02759
281 K	0.97241	0.00000	0.02759
282 I	0.97237	0.00004	0.02759
283 S	0.97234	0.00008	0.02758
284 Q	0.97188	0.00064	0.02748
285 K	0.97170	0.00083	0.02747
286 Y	0.96256	0.01049	0.02695
287 E	0.95244	0.02129	0.02628
288 W	0.72902	0.25808	0.0129
289 L	0.25305	0.74239	0.00455
290 L	0.09749	0.89916	0.00334
291 I	0.01378	0.98570	0.00052
292 S	0.00470	0.99490	0.00039
293 I	0.00230	0.99755	0.00015
294 S	0.00090	0.99901	9e-05
295 L	0.00017	0.99980	2e-05
296 I	0.00004	0.99996	0
297 V	0.00002	0.99998	0
298 S	0.00001	0.99998	0
299 L	0.00001	0.99999	0
300 N	0.00001	0.99999	0
301 I	0.00001	0.99999	0
302 F	0.00001	0.99999	0
303 I	0.00001	0.99999	0
304 A	0.00001	0.99996	2e-05
305 I	0.00003	0.99987	0.0001
306 F	0.00023	0.99729	0.00247
307 R	0.00151	0.98266	0.01583
308 I	0.00184	0.97888	0.01928
309 I	0.00272	0.96287	0.0344
310 T	0.00471	0.92538	0.06991
311 I	0.01433	0.72760	0.25807
312 I	0.02250	0.25327	0.72422
313 F	0.02354	0.12050	0.85596
314 R	0.02721	0.01715	0.95564
315 M	0.02734	0.00846	0.96421
316 M	0.02751	0.00424	0.96826
317 N	0.02755	0.00108	0.97137
318 D	0.02760	0.00005	0.97235
319 E	0.02760	0.00000	0.97241
320 T	0.02760	0.00000	0.97241
321 N	0.02760	0.00000	0.97241
322 K	0.02760	0.00000	0.97241
323 K	0.02760	0.00000	0.97241
