# USQ93363.1
# AA	inside	membr	outside
1 M	0.99748	0.00000	0.00253
2 K	0.99746	0.00001	0.00253
3 K	0.99744	0.00004	0.00253
4 I	0.99744	0.00008	0.00248
5 K	0.96338	0.03421	0.00242
6 L	0.96310	0.03583	0.00107
7 F	0.63067	0.36827	0.00107
8 K	0.63067	0.36827	0.00107
9 L	0.00920	0.98981	0.00099
10 I	0.00911	0.99085	4e-05
11 C	0.00495	0.99503	2e-05
12 F	0.00052	0.99946	2e-05
13 F	0.00000	0.99998	2e-05
14 T	0.00000	0.99998	2e-05
15 V	0.00000	0.99998	2e-05
16 I	0.00000	0.99998	2e-05
17 I	0.00000	0.99998	2e-05
18 L	0.00000	0.99998	2e-05
19 D	0.00000	0.99998	2e-05
20 I	0.00000	0.99998	2e-05
21 I	0.00000	0.99998	2e-05
22 V	0.00000	0.99993	7e-05
23 T	0.00001	0.99918	0.00081
24 Y	0.00001	0.99740	0.00259
25 N	0.00001	0.97317	0.02682
26 F	0.00001	0.97191	0.02809
27 L	0.00004	0.95734	0.04262
28 I	0.00033	0.90150	0.09818
29 K	0.00243	0.10383	0.89373
30 N	0.00250	0.00229	0.99521
31 P	0.00250	0.00197	0.99552
32 K	0.00251	0.00001	0.99748
33 D	0.00251	0.00000	0.99749
34 K	0.00251	0.00000	0.99749
35 F	0.00251	0.00001	0.99748
36 V	0.00251	0.00001	0.99748
37 D	0.00251	0.00002	0.99747
38 N	0.00251	0.00035	0.99714
39 D	0.00250	0.00083	0.99667
40 F	0.00136	0.00530	0.99335
41 L	0.00052	0.02235	0.97713
42 N	0.00047	0.05148	0.94805
43 L	0.00043	0.70779	0.29178
44 I	0.00031	0.83290	0.16679
45 L	0.00031	0.83399	0.16571
46 E	0.00030	0.83742	0.16227
47 C	0.00017	0.87078	0.12906
48 I	0.00006	0.99555	0.00438
49 I	0.00000	0.99965	0.00035
50 Y	0.00000	0.99990	0.0001
51 G	0.00000	0.99997	3e-05
52 I	0.00000	0.99999	1e-05
53 F	0.00000	1.00000	0
54 S	0.00000	1.00000	0
55 F	0.00000	1.00000	0
56 F	0.00000	1.00000	0
57 S	0.00000	1.00000	0
58 L	0.00001	0.99998	1e-05
59 G	0.00007	0.99992	1e-05
60 M	0.00018	0.99979	3e-05
61 F	0.00047	0.99948	5e-05
62 F	0.00103	0.99890	8e-05
63 Y	0.00360	0.99550	0.0009
64 I	0.01388	0.98464	0.00148
65 L	0.04289	0.95540	0.00171
66 F	0.67536	0.32271	0.00194
67 K	0.94902	0.04860	0.00239
68 I	0.97498	0.02262	0.0024
69 T	0.98773	0.00985	0.00243
70 K	0.99552	0.00198	0.0025
71 G	0.99724	0.00025	0.00251
72 P	0.99743	0.00006	0.00251
73 R	0.99744	0.00005	0.00251
74 F	0.99744	0.00005	0.00251
75 I	0.99746	0.00003	0.00251
76 Y	0.99748	0.00001	0.00251
77 K	0.99749	0.00000	0.00251
78 D	0.99749	0.00000	0.00251
79 P	0.99749	0.00000	0.00251
80 S	0.99749	0.00000	0.00251
81 K	0.99749	0.00000	0.00251
82 G	0.99749	0.00000	0.00251
83 K	0.99749	0.00000	0.00251
84 K	0.99749	0.00000	0.00251
85 F	0.99748	0.00001	0.00251
86 E	0.99748	0.00002	0.00251
87 N	0.99747	0.00002	0.00251
88 I	0.99747	0.00002	0.00251
89 Q	0.99747	0.00002	0.00251
90 V	0.99747	0.00002	0.00251
91 S	0.99747	0.00002	0.00251
92 E	0.99747	0.00002	0.00251
93 S	0.99747	0.00002	0.00251
94 L	0.99747	0.00002	0.00251
95 W	0.99747	0.00002	0.00251
96 S	0.99747	0.00002	0.00251
97 Y	0.99747	0.00002	0.00251
98 Y	0.99747	0.00002	0.00251
99 F	0.99747	0.00002	0.00251
100 P	0.99747	0.00001	0.00252
101 R	0.99747	0.00001	0.00252
102 K	0.99746	0.00002	0.00252
103 I	0.99594	0.00184	0.00222
104 I	0.99098	0.00688	0.00214
105 P	0.94649	0.05161	0.00189
106 Y	0.64460	0.35380	0.00159
107 N	0.61521	0.38327	0.00153
108 N	0.57282	0.42591	0.00126
109 R	0.51479	0.48430	0.00091
110 Y	0.25272	0.74715	0.00013
111 I	0.02504	0.97495	1e-05
112 I	0.00423	0.99577	0
113 I	0.00067	0.99933	0
114 S	0.00044	0.99956	0
115 F	0.00017	0.99983	0
116 L	0.00003	0.99997	0
117 L	0.00001	0.99998	0
118 A	0.00001	0.99999	0
119 I	0.00001	0.99999	0
120 I	0.00001	0.99999	0
121 F	0.00001	0.99998	1e-05
122 L	0.00001	0.99997	2e-05
123 I	0.00001	0.99987	0.00012
124 V	0.00002	0.99862	0.00136
125 S	0.00003	0.99626	0.00371
126 I	0.00043	0.98523	0.01434
127 I	0.00070	0.94543	0.05386
128 T	0.00200	0.70519	0.29281
129 K	0.00247	0.11285	0.88468
130 L	0.00241	0.14512	0.85247
131 Q	0.00244	0.18380	0.81376
132 Y	0.00116	0.61788	0.38096
133 I	0.00052	0.87491	0.12458
134 W	0.00012	0.82623	0.17365
135 L	0.00003	0.80725	0.19272
136 N	0.00003	0.80260	0.19738
137 G	0.00002	0.81949	0.18049
138 L	0.00001	0.85626	0.14373
139 F	0.00001	0.86995	0.13004
140 I	0.00001	0.87416	0.12583
141 S	0.00001	0.87549	0.1245
142 S	0.00001	0.89551	0.10448
143 I	0.00000	0.98460	0.01539
144 V	0.00000	0.99777	0.00223
145 I	0.00000	0.99868	0.00132
146 L	0.00000	0.99867	0.00133
147 F	0.00002	0.99870	0.00128
148 I	0.00017	0.99857	0.00126
149 L	0.00224	0.99649	0.00126
150 C	0.02957	0.96903	0.0014
151 F	0.07735	0.92108	0.00157
152 Y	0.39197	0.60523	0.0028
153 D	0.74104	0.25579	0.00317
154 E	0.75802	0.23880	0.00318
155 I	0.75562	0.24267	0.00171
156 S	0.76512	0.23299	0.00189
157 Y	0.74858	0.24950	0.00193
158 G	0.69281	0.30537	0.00182
159 S	0.66828	0.33005	0.00167
160 N	0.67581	0.32277	0.00143
161 F	0.69412	0.30512	0.00076
162 W	0.70815	0.29115	0.00071
163 V	0.71541	0.28389	0.00071
164 I	0.72256	0.27674	0.00071
165 Y	0.75360	0.24569	0.00071
166 V	0.82946	0.16983	0.00071
167 K	0.84902	0.15025	0.00072
168 F	0.84923	0.15005	0.00072
169 Y	0.84941	0.14986	0.00072
170 K	0.85010	0.14915	0.00075
171 W	0.85010	0.14915	0.00076
172 L	0.85011	0.14906	0.00082
173 G	0.85016	0.14828	0.00156
174 F	0.85021	0.14544	0.00435
175 S	0.85040	0.13610	0.0135
176 W	0.85046	0.12296	0.02659
177 F	0.85056	0.10514	0.04429
178 E	0.85268	0.02162	0.12571
179 K	0.85330	0.00135	0.14535
180 D	0.85334	0.00051	0.14616
181 F	0.85335	0.00029	0.14637
182 N	0.85335	0.00006	0.14659
183 K	0.85335	0.00003	0.14662
184 T	0.85335	0.00003	0.14662
185 I	0.85335	0.00003	0.14662
186 A	0.85335	0.00003	0.14662
187 K	0.85335	0.00002	0.14663
188 N	0.85335	0.00002	0.14663
189 N	0.85335	0.00002	0.14663
190 Y	0.85335	0.00002	0.14663
191 F	0.85335	0.00002	0.14663
192 L	0.85335	0.00002	0.14663
193 I	0.85335	0.00002	0.14663
194 S	0.85335	0.00001	0.14664
195 K	0.85335	0.00000	0.14664
196 Q	0.85335	0.00000	0.14664
197 Y	0.85335	0.00000	0.14664
198 Y	0.85335	0.00000	0.14664
199 K	0.85336	0.00000	0.14664
200 K	0.85336	0.00000	0.14664
201 Q	0.85336	0.00000	0.14664
202 K	0.85336	0.00000	0.14664
203 N	0.85336	0.00000	0.14664
204 K	0.85336	0.00000	0.14664
