# USQ93432.1
# AA	inside	membr	outside
1 M	0.98462	0.00000	0.01538
2 T	0.98462	0.00000	0.01538
3 K	0.98462	0.00000	0.01538
4 N	0.98462	0.00000	0.01538
5 D	0.98462	0.00000	0.01538
6 S	0.98462	0.00000	0.01538
7 S	0.98462	0.00000	0.01538
8 A	0.98462	0.00000	0.01538
9 D	0.98462	0.00000	0.01538
10 K	0.98462	0.00000	0.01538
11 N	0.98462	0.00000	0.01538
12 I	0.98462	0.00000	0.01538
13 F	0.98462	0.00000	0.01538
14 D	0.98462	0.00000	0.01538
15 P	0.98462	0.00000	0.01538
16 K	0.98462	0.00000	0.01538
17 Q	0.98462	0.00000	0.01538
18 L	0.98462	0.00000	0.01538
19 K	0.98459	0.00003	0.01538
20 K	0.98384	0.00079	0.01537
21 E	0.95771	0.02693	0.01537
22 R	0.93689	0.04949	0.01363
23 P	0.64544	0.34717	0.00739
24 I	0.14830	0.85021	0.00149
25 W	0.05226	0.94727	0.00047
26 I	0.01180	0.98800	0.0002
27 N	0.00823	0.99158	0.00019
28 L	0.00347	0.99642	0.0001
29 I	0.00097	0.99897	7e-05
30 I	0.00026	0.99969	4e-05
31 L	0.00005	0.99991	4e-05
32 A	0.00004	0.99992	3e-05
33 F	0.00004	0.99993	3e-05
34 P	0.00004	0.99993	3e-05
35 I	0.00003	0.99994	3e-05
36 A	0.00003	0.99994	3e-05
37 I	0.00003	0.99993	4e-05
38 Y	0.00003	0.99985	0.00012
39 L	0.00003	0.99909	0.00088
40 L	0.00005	0.99740	0.00255
41 F	0.00052	0.96395	0.03554
42 Q	0.00655	0.69137	0.30208
43 H	0.00767	0.55179	0.44053
44 L	0.00793	0.49942	0.49265
45 S	0.00968	0.41261	0.57771
46 S	0.01287	0.23752	0.7496
47 A	0.01423	0.06107	0.92471
48 I	0.01498	0.03110	0.95392
49 D	0.01526	0.00798	0.97676
50 F	0.01527	0.00742	0.97731
51 Y	0.01529	0.00560	0.97911
52 I	0.01531	0.00382	0.98087
53 I	0.01534	0.00232	0.98234
54 K	0.01538	0.00011	0.98451
55 D	0.01538	0.00001	0.98461
56 P	0.01538	0.00000	0.98461
57 R	0.01538	0.00000	0.98462
58 S	0.01538	0.00000	0.98462
59 N	0.01538	0.00000	0.98462
60 D	0.01538	0.00000	0.98461
61 N	0.01538	0.00002	0.9846
62 I	0.01538	0.00006	0.98456
63 E	0.01538	0.00007	0.98454
64 G	0.01538	0.00043	0.98419
65 A	0.01538	0.00117	0.98345
66 I	0.01538	0.00200	0.98262
67 T	0.01538	0.00273	0.9819
68 Y	0.01538	0.00442	0.9802
69 L	0.01538	0.00583	0.97879
70 K	0.01538	0.00870	0.97591
71 Q	0.01538	0.05240	0.93222
72 I	0.01537	0.08778	0.89685
73 K	0.01537	0.10259	0.88205
74 Q	0.01531	0.44098	0.54371
75 V	0.01503	0.81432	0.17065
76 L	0.01499	0.92184	0.06317
77 N	0.01499	0.93469	0.05031
78 S	0.01499	0.97630	0.00871
79 I	0.01499	0.98454	0.00047
80 A	0.01499	0.98481	0.00019
81 I	0.01499	0.98487	0.00013
82 A	0.01499	0.98487	0.00013
83 L	0.01499	0.98487	0.00013
84 G	0.01499	0.98487	0.00013
85 G	0.01501	0.98486	0.00013
86 A	0.01506	0.98480	0.00013
87 G	0.01535	0.98452	0.00013
88 V	0.01595	0.98392	0.00013
89 V	0.01717	0.98270	0.00013
90 L	0.02090	0.97896	0.00014
91 V	0.03272	0.96713	0.00014
92 S	0.14532	0.85446	0.00022
93 R	0.45665	0.54298	0.00037
94 E	0.83281	0.16678	0.00041
95 Y	0.88109	0.11841	0.00049
96 K	0.98168	0.01780	0.00052
97 Q	0.99801	0.00146	0.00052
98 N	0.99944	0.00003	0.00052
99 N	0.99946	0.00001	0.00052
100 N	0.99947	0.00000	0.00052
101 Q	0.99947	0.00000	0.00052
102 K	0.99947	0.00000	0.00052
103 A	0.99907	0.00040	0.00052
104 K	0.99513	0.00434	0.00052
105 Q	0.82162	0.17787	0.00051
106 Y	0.42717	0.57240	0.00042
107 A	0.38999	0.60970	0.0003
108 N	0.18388	0.81585	0.00026
109 L	0.09426	0.90566	8e-05
110 A	0.07915	0.92082	3e-05
111 F	0.02945	0.97054	2e-05
112 L	0.01537	0.98462	1e-05
113 I	0.00052	0.99948	1e-05
114 A	0.00017	0.99983	0
115 V	0.00008	0.99992	0
116 L	0.00004	0.99996	0
117 S	0.00003	0.99996	0
118 S	0.00001	0.99999	0
119 F	0.00000	1.00000	0
120 I	0.00000	1.00000	0
121 I	0.00000	1.00000	0
122 F	0.00000	1.00000	0
123 F	0.00000	0.99992	8e-05
124 I	0.00000	0.99949	0.00051
125 F	0.00000	0.99649	0.00352
126 Y	0.00000	0.98211	0.01789
127 F	0.00000	0.95806	0.04194
128 G	0.00003	0.75311	0.24686
129 N	0.00013	0.35994	0.63993
130 L	0.00023	0.33352	0.66624
131 L	0.00028	0.10095	0.89877
132 P	0.00046	0.05341	0.94613
133 S	0.00050	0.04045	0.95905
134 P	0.00051	0.02060	0.97889
135 L	0.00051	0.01656	0.98292
136 G	0.00051	0.00234	0.99715
137 N	0.00051	0.00200	0.99749
138 I	0.00051	0.00187	0.99761
139 F	0.00051	0.00165	0.99783
140 L	0.00052	0.00145	0.99804
141 N	0.00052	0.00004	0.99943
142 K	0.00053	0.00003	0.99944
143 A	0.00053	0.00311	0.99636
144 F	0.00053	0.00336	0.99611
145 H	0.00053	0.00376	0.99571
146 P	0.00053	0.00512	0.99435
147 D	0.00053	0.03020	0.96927
148 G	0.00047	0.27900	0.72053
149 G	0.00036	0.34472	0.65493
150 I	0.00024	0.82139	0.17838
151 E	0.00022	0.85425	0.14553
152 Y	0.00003	0.93085	0.06912
153 Y	0.00001	0.96719	0.0328
154 N	0.00000	0.97551	0.02449
155 I	0.00000	0.99799	0.002
156 S	0.00000	0.99926	0.00074
157 L	0.00000	0.99980	0.0002
158 L	0.00000	0.99990	9e-05
159 T	0.00000	0.99991	8e-05
160 F	0.00000	0.99991	8e-05
161 V	0.00003	0.99988	8e-05
162 F	0.00007	0.99984	8e-05
163 I	0.00027	0.99965	8e-05
164 T	0.00039	0.99952	8e-05
165 I	0.00061	0.99931	8e-05
166 N	0.00617	0.99374	8e-05
167 A	0.01038	0.98953	9e-05
168 M	0.03856	0.96135	9e-05
169 F	0.07008	0.92982	9e-05
170 M	0.29661	0.70328	0.00011
171 G	0.49015	0.50962	0.00022
172 L	0.52345	0.47607	0.00048
173 E	0.95066	0.04874	0.0006
174 R	0.98101	0.01838	0.0006
175 S	0.99614	0.00325	0.00061
176 K	0.99914	0.00025	0.00061
177 N	0.98929	0.01011	0.00061
178 K	0.97680	0.02259	0.0006
179 N	0.70885	0.29056	0.00059
180 S	0.63216	0.36740	0.00044
181 F	0.23083	0.76901	0.00015
182 V	0.06335	0.93662	4e-05
183 L	0.01322	0.98676	3e-05
184 F	0.00683	0.99314	3e-05
185 L	0.00494	0.99503	3e-05
186 N	0.00490	0.99507	3e-05
187 V	0.00489	0.99508	3e-05
188 F	0.00489	0.99509	3e-05
189 N	0.00488	0.99510	3e-05
190 I	0.00487	0.99511	3e-05
191 I	0.00486	0.99511	3e-05
192 C	0.00486	0.99511	3e-05
193 R	0.00486	0.99511	3e-05
194 I	0.00486	0.99507	7e-05
195 S	0.00486	0.99478	0.00036
196 I	0.00486	0.99448	0.00066
197 S	0.00486	0.95524	0.0399
198 F	0.00488	0.92646	0.06867
199 V	0.00491	0.82539	0.16969
200 F	0.00505	0.66729	0.32765
201 K	0.00528	0.23480	0.75992
202 Y	0.00530	0.13651	0.85819
203 T	0.00536	0.11247	0.88217
204 K	0.00543	0.00543	0.98914
205 G	0.00544	0.00282	0.99174
206 L	0.00543	0.00256	0.99201
207 D	0.00543	0.00235	0.99222
208 I	0.00498	0.06834	0.92668
209 T	0.00462	0.16492	0.83047
210 I	0.00331	0.40922	0.58747
211 V	0.00062	0.60816	0.39122
212 H	0.00033	0.65886	0.34081
213 L	0.00011	0.84878	0.15111
214 A	0.00008	0.91177	0.08815
215 W	0.00007	0.98814	0.01179
216 A	0.00007	0.99222	0.00771
217 D	0.00006	0.99309	0.00685
218 L	0.00003	0.99921	0.00076
219 F	0.00003	0.99964	0.00033
220 S	0.00003	0.99978	0.00019
221 N	0.00003	0.99980	0.00017
222 L	0.00003	0.99982	0.00016
223 M	0.00004	0.99981	0.00016
224 I	0.00004	0.99981	0.00015
225 S	0.00007	0.99977	0.00015
226 I	0.00010	0.99974	0.00015
227 L	0.00019	0.99966	0.00016
228 A	0.00149	0.99835	0.00017
229 F	0.00276	0.99705	0.00018
230 Y	0.01152	0.98823	0.00025
231 F	0.07472	0.92459	0.00069
232 M	0.21919	0.77969	0.00113
233 F	0.45545	0.54214	0.00241
234 H	0.78001	0.21486	0.00513
235 P	0.88067	0.11390	0.00543
236 K	0.99062	0.00382	0.00556
237 N	0.99233	0.00211	0.00556
238 D	0.99436	0.00007	0.00556
239 F	0.99438	0.00006	0.00556
240 Q	0.99440	0.00004	0.00556
241 I	0.99441	0.00002	0.00556
242 Q	0.99442	0.00001	0.00556
243 F	0.99426	0.00017	0.00556
244 H	0.99414	0.00030	0.00556
245 K	0.99408	0.00036	0.00556
246 L	0.99136	0.00309	0.00554
247 I	0.99112	0.00336	0.00552
248 F	0.99109	0.00339	0.00551
249 S	0.99109	0.00340	0.00551
250 K	0.99103	0.00346	0.00551
251 D	0.98548	0.00908	0.00543
252 I	0.96901	0.02595	0.00504
253 I	0.96143	0.03360	0.00497
254 K	0.95445	0.04059	0.00496
255 S	0.92665	0.06846	0.00489
256 T	0.90924	0.08597	0.0048
257 L	0.90762	0.08759	0.00478
258 K	0.90742	0.08780	0.00478
259 L	0.90146	0.09383	0.00472
260 S	0.89600	0.09930	0.0047
261 G	0.89549	0.09982	0.0047
262 M	0.89518	0.10013	0.0047
263 L	0.89328	0.10202	0.0047
264 V	0.89308	0.10218	0.00474
265 I	0.89307	0.10208	0.00484
266 G	0.89309	0.10034	0.00657
267 K	0.89312	0.09923	0.00765
268 T	0.89311	0.09920	0.00769
269 T	0.89310	0.09886	0.00804
270 Y	0.89310	0.09855	0.00835
271 V	0.89311	0.09805	0.00885
272 I	0.89317	0.09594	0.01089
273 G	0.89323	0.07905	0.02773
274 K	0.89359	0.02364	0.08277
275 K	0.89381	0.01830	0.08789
276 F	0.89382	0.01825	0.08793
277 I	0.89383	0.01803	0.08814
278 N	0.89387	0.01454	0.09159
279 D	0.89390	0.01233	0.09376
280 I	0.89390	0.01227	0.09382
281 I	0.89390	0.01214	0.09395
282 I	0.89391	0.00800	0.09809
283 K	0.89391	0.00071	0.10538
284 F	0.89391	0.00044	0.10564
285 Y	0.89391	0.00040	0.10569
286 G	0.89392	0.00019	0.10589
287 E	0.89392	0.00011	0.10597
288 D	0.89392	0.00125	0.10482
289 N	0.89390	0.00557	0.10052
290 G	0.89388	0.00724	0.09888
291 S	0.89385	0.00982	0.09632
292 E	0.89375	0.03393	0.07232
293 I	0.89359	0.09509	0.01132
294 L	0.89358	0.09807	0.00835
295 K	0.89357	0.09858	0.00785
296 I	0.89355	0.10420	0.00224
297 T	0.89354	0.10620	0.00026
298 G	0.89354	0.10638	7e-05
299 F	0.89354	0.10643	3e-05
300 V	0.89354	0.10644	1e-05
301 A	0.89354	0.10645	1e-05
302 I	0.89354	0.10645	1e-05
303 I	0.89354	0.10645	1e-05
304 N	0.89355	0.10644	1e-05
305 G	0.89355	0.10644	1e-05
306 I	0.89356	0.10643	1e-05
307 F	0.89362	0.10637	1e-05
308 Y	0.89429	0.10570	1e-05
309 C	0.89607	0.10390	2e-05
310 I	0.89763	0.10234	2e-05
311 S	0.91851	0.08141	7e-05
312 Q	0.96203	0.03785	0.00012
313 S	0.96834	0.03149	0.00016
314 F	0.96973	0.03009	0.00018
315 E	0.98725	0.01244	0.00031
316 D	0.99896	0.00064	0.00039
317 S	0.99935	0.00026	0.00039
318 E	0.99952	0.00009	0.00039
319 S	0.99956	0.00004	0.00039
320 V	0.99957	0.00003	0.00039
321 M	0.99959	0.00002	0.00039
322 V	0.99960	0.00001	0.00039
323 S	0.99960	0.00000	0.00039
324 Q	0.99960	0.00000	0.00039
325 N	0.99960	0.00000	0.00039
326 A	0.99960	0.00000	0.00039
327 S	0.99960	0.00000	0.00039
328 L	0.99960	0.00000	0.00039
329 N	0.99960	0.00000	0.00039
330 K	0.99960	0.00000	0.00039
331 N	0.99960	0.00000	0.00039
332 K	0.99959	0.00001	0.00039
333 K	0.99927	0.00033	0.00039
334 T	0.99536	0.00426	0.00038
335 L	0.98237	0.01726	0.00037
336 K	0.96784	0.03179	0.00037
337 I	0.55065	0.44906	0.00029
338 F	0.33690	0.66284	0.00026
339 K	0.31431	0.68543	0.00026
340 N	0.14250	0.85727	0.00023
341 V	0.02613	0.97381	5e-05
342 F	0.00145	0.99853	2e-05
343 I	0.00007	0.99991	1e-05
344 I	0.00003	0.99995	1e-05
345 T	0.00003	0.99996	1e-05
346 L	0.00000	0.99999	1e-05
347 I	0.00000	0.99999	1e-05
348 T	0.00000	0.99999	1e-05
349 G	0.00000	0.99999	1e-05
350 I	0.00000	0.99999	1e-05
351 A	0.00000	0.99999	1e-05
352 G	0.00000	0.99996	3e-05
353 I	0.00000	0.99987	0.00013
354 F	0.00000	0.99915	0.00085
355 F	0.00001	0.98740	0.0126
356 N	0.00002	0.94944	0.05055
357 Q	0.00004	0.92029	0.07967
358 F	0.00004	0.89767	0.10229
359 L	0.00006	0.84210	0.15784
360 G	0.00016	0.34161	0.65822
361 Q	0.00036	0.04270	0.95694
362 K	0.00036	0.00877	0.99087
363 L	0.00036	0.00749	0.99215
364 L	0.00038	0.00448	0.99514
365 P	0.00038	0.00033	0.99929
366 F	0.00039	0.00013	0.99949
367 L	0.00039	0.00012	0.9995
368 T	0.00039	0.00010	0.99952
369 D	0.00039	0.00001	0.9996
370 K	0.00039	0.00000	0.99962
371 E	0.00039	0.00000	0.99962
372 I	0.00039	0.00000	0.99962
373 N	0.00039	0.00000	0.99962
374 N	0.00039	0.00000	0.99962
375 E	0.00039	0.00000	0.99962
376 K	0.00039	0.00000	0.99962
377 L	0.00039	0.00000	0.99962
378 K	0.00039	0.00000	0.99961
379 N	0.00039	0.00008	0.99954
380 F	0.00039	0.00023	0.99938
381 K	0.00038	0.00028	0.99934
382 E	0.00038	0.01234	0.98728
383 I	0.00027	0.19463	0.80511
384 L	0.00023	0.58865	0.41112
385 F	0.00023	0.76529	0.23449
386 Y	0.00023	0.78701	0.21277
387 E	0.00023	0.80011	0.19967
388 Q	0.00022	0.87210	0.12768
389 M	0.00022	0.96339	0.0364
390 S	0.00022	0.99344	0.00635
391 L	0.00022	0.99695	0.00283
392 F	0.00022	0.99910	0.00068
393 T	0.00022	0.99956	0.00022
394 S	0.00022	0.99959	0.00019
395 V	0.00022	0.99962	0.00017
396 W	0.00022	0.99962	0.00016
397 A	0.00022	0.99963	0.00016
398 S	0.00023	0.99962	0.00015
399 M	0.00027	0.99959	0.00015
400 I	0.00038	0.99948	0.00014
401 M	0.01006	0.98980	0.00014
402 I	0.01253	0.98734	0.00014
403 Y	0.01771	0.98215	0.00014
404 I	0.02215	0.97771	0.00015
405 M	0.07136	0.92848	0.00016
406 S	0.23892	0.76081	0.00027
407 Y	0.72773	0.27199	0.00029
408 K	0.99285	0.00685	0.0003
409 K	0.99923	0.00047	0.0003
410 N	0.99004	0.00975	0.00021
411 A	0.96028	0.03957	0.00015
412 N	0.77518	0.22468	0.00014
413 I	0.26158	0.73835	7e-05
414 V	0.02997	0.96998	5e-05
415 L	0.02422	0.97574	3e-05
416 L	0.01971	0.98026	3e-05
417 L	0.00598	0.99399	3e-05
418 N	0.00246	0.99751	3e-05
419 I	0.00053	0.99944	3e-05
420 L	0.00046	0.99951	3e-05
421 R	0.00046	0.99952	3e-05
422 I	0.00043	0.99954	3e-05
423 I	0.00043	0.99954	3e-05
424 T	0.00043	0.99954	3e-05
425 R	0.00043	0.99952	4e-05
426 M	0.00035	0.99957	8e-05
427 C	0.00027	0.99965	8e-05
428 L	0.00022	0.99968	0.0001
429 L	0.00022	0.99954	0.00024
430 Y	0.00022	0.99693	0.00285
431 I	0.00022	0.99466	0.00512
432 F	0.00022	0.99142	0.00836
433 H	0.00038	0.94357	0.05605
434 Y	0.00043	0.88510	0.11447
435 Y	0.00044	0.66415	0.33541
436 T	0.00047	0.13092	0.86861
437 K	0.00048	0.00165	0.99786
438 I	0.00049	0.00166	0.99785
439 D	0.00049	0.00125	0.99826
440 I	0.00048	0.01202	0.98749
441 Y	0.00047	0.01912	0.9804
442 T	0.00047	0.02816	0.97137
443 Q	0.00046	0.03623	0.96331
444 F	0.00030	0.21023	0.78947
445 G	0.00006	0.69339	0.30654
446 L	0.00005	0.78710	0.21285
447 S	0.00004	0.80186	0.1981
448 T	0.00001	0.86036	0.13963
449 S	0.00001	0.90419	0.0958
450 L	0.00000	0.99224	0.00776
451 S	0.00000	0.99848	0.00151
452 N	0.00000	0.99893	0.00107
453 I	0.00000	0.99995	5e-05
454 I	0.00000	0.99999	1e-05
455 V	0.00000	0.99999	0
456 L	0.00000	0.99999	0
457 I	0.00000	0.99999	0
458 T	0.00000	0.99999	0
459 I	0.00000	0.99999	0
460 I	0.00005	0.99995	0
461 A	0.00016	0.99983	0
462 L	0.00035	0.99964	0
463 F	0.00588	0.99411	2e-05
464 I	0.01531	0.98466	2e-05
465 S	0.03206	0.96791	4e-05
466 F	0.04634	0.95361	5e-05
467 I	0.23475	0.76505	0.00021
468 K	0.94471	0.05481	0.00049
469 K	0.99635	0.00316	0.00049
470 Q	0.99877	0.00074	0.00049
471 Q	0.99904	0.00047	0.00049
472 I	0.99907	0.00044	0.00049
473 I	0.99926	0.00025	0.00049
474 E	0.99947	0.00004	0.00049
475 L	0.99947	0.00003	0.00049
476 K	0.99951	0.00000	0.00049
477 K	0.99951	0.00000	0.00049
478 N	0.99951	0.00000	0.00049
479 K	0.99951	0.00000	0.00049
