# USQ93133.1
# AA	inside	membr	outside
1 M	0.03075	0.00000	0.96924
2 Q	0.03075	0.00000	0.96924
3 K	0.03075	0.00000	0.96924
4 T	0.03075	0.02408	0.94517
5 S	0.02835	0.05676	0.91488
6 L	0.02835	0.09348	0.87816
7 Y	0.01760	0.12870	0.85369
8 K	0.01760	0.12876	0.85363
9 I	0.00293	0.21232	0.78475
10 I	0.00293	0.97686	0.02021
11 V	0.00276	0.98550	0.01174
12 T	0.00181	0.98876	0.00943
13 S	0.00099	0.99150	0.00751
14 F	0.00099	0.99150	0.00751
15 F	0.00099	0.99890	0.00011
16 I	0.00099	0.99890	0.00011
17 S	0.00099	0.99890	0.00011
18 I	0.00099	0.99891	0.00011
19 S	0.00099	0.99891	0.0001
20 I	0.00099	0.99900	1e-05
21 L	0.00099	0.99900	1e-05
22 I	0.00117	0.99882	1e-05
23 D	0.00163	0.99822	0.00015
24 I	0.00168	0.99816	0.00017
25 F	0.00183	0.99787	0.00031
26 F	0.00310	0.99649	0.00041
27 S	0.02675	0.97126	0.00199
28 I	0.06498	0.93124	0.00377
29 F	0.15299	0.84126	0.00574
30 Q	0.82905	0.15568	0.01527
31 I	0.83786	0.14650	0.01564
32 K	0.93641	0.03484	0.02874
33 F	0.94803	0.02505	0.02693
34 F	0.94599	0.02795	0.02606
35 K	0.95447	0.01913	0.0264
36 L	0.82349	0.15674	0.01976
37 T	0.81828	0.16391	0.01781
38 L	0.65109	0.33433	0.01458
39 V	0.62071	0.36969	0.0096
40 I	0.51566	0.47592	0.00842
41 L	0.25039	0.74706	0.00255
42 F	0.01796	0.98019	0.00185
43 L	0.00868	0.98972	0.0016
44 G	0.00198	0.99756	0.00047
45 G	0.00123	0.99832	0.00045
46 Y	0.00069	0.99928	3e-05
47 F	0.00039	0.99960	2e-05
48 L	0.00018	0.99980	1e-05
49 G	0.00010	0.99989	1e-05
50 F	0.00012	0.99988	1e-05
51 L	0.00047	0.99952	1e-05
52 N	0.00097	0.99901	2e-05
53 G	0.00111	0.99887	3e-05
54 L	0.00072	0.99921	6e-05
55 I	0.00096	0.99892	0.00011
56 I	0.00248	0.99636	0.00115
57 C	0.00367	0.99233	0.004
58 I	0.00344	0.99174	0.00483
59 F	0.00709	0.95469	0.03821
60 Y	0.00786	0.94605	0.04608
61 T	0.01115	0.83450	0.15435
62 L	0.01300	0.81149	0.17551
63 W	0.01103	0.67515	0.31382
64 H	0.01682	0.35711	0.62607
65 L	0.01620	0.11351	0.87029
66 T	0.01681	0.06244	0.92075
67 R	0.01749	0.01917	0.96335
68 S	0.01673	0.01641	0.96686
69 F	0.01651	0.01656	0.96693
70 Y	0.01644	0.01556	0.96799
71 S	0.01644	0.01411	0.96945
72 F	0.01644	0.01364	0.96993
73 A	0.01644	0.01388	0.96969
74 I	0.01643	0.01392	0.96965
75 L	0.01643	0.01364	0.96992
76 A	0.01644	0.01303	0.97053
77 Q	0.01644	0.01139	0.97218
78 S	0.01642	0.01134	0.97224
79 L	0.01634	0.01143	0.97223
80 N	0.01634	0.01011	0.97355
81 F	0.01632	0.00908	0.9746
82 N	0.01631	0.00433	0.97937
83 N	0.01623	0.00827	0.97549
84 T	0.01605	0.28735	0.6966
85 Q	0.01597	0.51657	0.46746
86 I	0.01462	0.89838	0.087
87 F	0.01302	0.94823	0.03875
88 F	0.01298	0.96081	0.02621
89 S	0.01297	0.96953	0.0175
90 I	0.01293	0.98493	0.00214
91 L	0.01295	0.98644	0.0006
92 L	0.01305	0.98649	0.00046
93 D	0.01328	0.98629	0.00043
94 Y	0.01329	0.98654	0.00017
95 I	0.01329	0.98664	6e-05
96 L	0.01335	0.98659	6e-05
97 P	0.01338	0.98655	7e-05
98 N	0.01339	0.98654	7e-05
99 L	0.01343	0.98650	7e-05
100 I	0.01348	0.98644	7e-05
101 I	0.01380	0.98611	9e-05
102 S	0.01404	0.98578	0.00018
103 L	0.01496	0.98486	0.00018
104 S	0.01703	0.98273	0.00023
105 G	0.01733	0.98228	0.00039
106 L	0.01827	0.98097	0.00077
107 C	0.36428	0.63473	0.001
108 F	0.61779	0.38116	0.00105
109 Y	0.96297	0.03506	0.00197
110 K	0.99117	0.00523	0.00359
111 K	0.99505	0.00134	0.00361
112 N	0.99510	0.00129	0.00361
113 H	0.99630	0.00009	0.0036
114 Q	0.99622	0.00018	0.0036
115 I	0.99258	0.00383	0.00359
116 I	0.99221	0.00420	0.00359
117 K	0.99214	0.00427	0.00359
118 K	0.98741	0.00908	0.0035
119 F	0.36426	0.63407	0.00167
120 F	0.07064	0.92835	0.00102
121 L	0.00827	0.99090	0.00083
122 C	0.00429	0.99490	0.00081
123 F	0.00263	0.99701	0.00037
124 L	0.00195	0.99780	0.00025
125 L	0.00155	0.99822	0.00023
126 I	0.00121	0.99858	0.00021
127 N	0.00112	0.99868	0.00021
128 F	0.00059	0.99929	0.00012
129 L	0.00050	0.99939	0.00012
130 R	0.00049	0.99937	0.00014
131 M	0.00049	0.99936	0.00015
132 L	0.00049	0.99931	0.0002
133 S	0.00049	0.99784	0.00167
134 T	0.00050	0.99707	0.00243
135 S	0.00050	0.99569	0.0038
136 L	0.00050	0.99558	0.00392
137 S	0.00052	0.99333	0.00615
138 S	0.00053	0.99207	0.00741
139 I	0.00053	0.99111	0.00836
140 F	0.00058	0.98943	0.01
141 I	0.00081	0.96504	0.03415
142 Y	0.00249	0.32222	0.67528
143 R	0.00353	0.04674	0.94973
144 E	0.00369	0.00551	0.9908
145 L	0.00369	0.00505	0.99126
146 L	0.00377	0.00252	0.99371
147 I	0.00385	0.00140	0.99475
148 E	0.00399	0.00003	0.99598
149 K	0.00399	0.00000	0.99601
150 N	0.00399	0.00001	0.996
151 I	0.00399	0.00188	0.99413
152 S	0.00399	0.00254	0.99347
153 E	0.00398	0.00319	0.99283
154 Q	0.00386	0.00609	0.99005
155 N	0.00289	0.03122	0.96589
156 I	0.00269	0.58832	0.40899
157 L	0.00250	0.76700	0.2305
158 I	0.00226	0.80102	0.19672
159 S	0.00212	0.80972	0.18816
160 A	0.00105	0.91221	0.08675
161 L	0.00017	0.96531	0.03452
162 L	0.00003	0.98856	0.01141
163 F	0.00001	0.99227	0.00772
164 N	0.00001	0.99353	0.00646
165 L	0.00001	0.99890	0.0011
166 T	0.00001	0.99929	0.0007
167 S	0.00001	0.99963	0.00036
168 F	0.00001	0.99983	0.00016
169 I	0.00001	0.99987	0.00012
170 T	0.00001	0.99987	0.00012
171 N	0.00001	0.99987	0.00012
172 F	0.00001	0.99987	0.00012
173 F	0.00004	0.99984	0.00012
174 L	0.00150	0.99835	0.00015
175 G	0.00723	0.99254	0.00023
176 G	0.05268	0.94704	0.00029
177 F	0.06440	0.93519	0.00041
178 C	0.12702	0.87173	0.00126
179 A	0.49777	0.50082	0.00142
180 F	0.60255	0.39586	0.00159
181 Y	0.67210	0.32593	0.00198
182 L	0.74905	0.24867	0.00228
183 K	0.95712	0.03936	0.00353
184 N	0.98525	0.01069	0.00407
185 R	0.99477	0.00113	0.0041
186 L	0.99521	0.00069	0.0041
187 K	0.99584	0.00006	0.0041
188 D	0.99590	0.00000	0.0041
189 I	0.99590	0.00000	0.0041
190 F	0.99590	0.00000	0.0041
191 D	0.99590	0.00000	0.0041
192 K	0.99590	0.00000	0.0041
