# USQ93589.1
# AA	inside	membr	outside
1 M	0.99009	0.00000	0.00991
2 K	0.99009	0.00000	0.00991
3 Q	0.99009	0.00000	0.00991
4 K	0.99009	0.00000	0.00991
5 N	0.99009	0.00000	0.00991
6 N	0.99009	0.00000	0.00991
7 L	0.99009	0.00000	0.00991
8 D	0.99009	0.00000	0.00991
9 I	0.99009	0.00000	0.00991
10 I	0.99009	0.00000	0.00991
11 S	0.99009	0.00000	0.00991
12 F	0.99009	0.00000	0.00991
13 Q	0.99009	0.00000	0.00991
14 K	0.99009	0.00000	0.00991
15 N	0.99009	0.00000	0.00991
16 E	0.99009	0.00000	0.00991
17 K	0.99009	0.00000	0.00991
18 K	0.99009	0.00000	0.00991
19 K	0.98918	0.00091	0.0099
20 I	0.21662	0.77676	0.00662
21 N	0.06468	0.92873	0.00658
22 I	0.02432	0.97493	0.00075
23 L	0.00249	0.99721	0.0003
24 G	0.00115	0.99865	0.0002
25 F	0.00019	0.99973	8e-05
26 S	0.00009	0.99986	5e-05
27 V	0.00001	0.99998	1e-05
28 F	0.00000	1.00000	0
29 S	0.00000	1.00000	0
30 I	0.00000	1.00000	0
31 I	0.00000	1.00000	0
32 M	0.00000	1.00000	0
33 I	0.00000	1.00000	0
34 L	0.00000	1.00000	0
35 F	0.00000	1.00000	0
36 L	0.00000	1.00000	0
37 I	0.00000	1.00000	0
38 I	0.00001	0.99981	0.00019
39 I	0.00001	0.99954	0.00045
40 H	0.00012	0.99626	0.00362
41 I	0.00013	0.99276	0.00711
42 F	0.00018	0.98652	0.0133
43 L	0.00251	0.18700	0.81049
44 S	0.00327	0.06959	0.92715
45 Y	0.00928	0.02442	0.9663
46 D	0.00986	0.00087	0.98927
47 L	0.00987	0.00064	0.98949
48 E	0.00990	0.00001	0.99009
49 N	0.00991	0.00000	0.99009
50 N	0.00991	0.00000	0.99009
51 K	0.00991	0.00000	0.99009
52 I	0.00989	0.00304	0.98706
53 N	0.00989	0.00340	0.98671
54 S	0.00985	0.00536	0.98479
55 Q	0.00892	0.01546	0.97562
56 N	0.00659	0.03532	0.9581
57 W	0.00231	0.79169	0.206
58 H	0.00216	0.86419	0.13365
59 N	0.00205	0.88762	0.11033
60 F	0.00184	0.94160	0.05657
61 M	0.00174	0.95012	0.04814
62 S	0.00068	0.98548	0.01385
63 M	0.00031	0.99551	0.00417
64 L	0.00011	0.99710	0.00278
65 L	0.00001	0.99786	0.00213
66 F	0.00000	0.99802	0.00198
67 L	0.00000	0.99806	0.00193
68 M	0.00000	0.99806	0.00193
69 V	0.00000	0.99806	0.00193
70 F	0.00000	0.99806	0.00193
71 S	0.00002	0.99804	0.00193
72 G	0.00007	0.99799	0.00194
73 I	0.00013	0.99790	0.00197
74 L	0.00342	0.99442	0.00216
75 K	0.12603	0.86978	0.00418
76 F	0.12970	0.86610	0.0042
77 I	0.15559	0.83997	0.00443
78 G	0.22853	0.76547	0.006
79 S	0.28205	0.71031	0.00763
80 K	0.95251	0.03740	0.01008
81 I	0.94532	0.04463	0.01005
82 P	0.94321	0.04672	0.01007
83 I	0.92805	0.06188	0.01008
84 I	0.90981	0.07997	0.01022
85 K	0.91960	0.06894	0.01146
86 N	0.25667	0.73262	0.0107
87 I	0.18280	0.80933	0.00787
88 G	0.16541	0.82883	0.00576
89 G	0.11387	0.88576	0.00036
90 G	0.06973	0.93000	0.00027
91 P	0.05170	0.94808	0.00022
92 I	0.00542	0.99451	7e-05
93 L	0.00436	0.99561	3e-05
94 C	0.00419	0.99580	0
95 I	0.00404	0.99595	0
96 L	0.00403	0.99597	0
97 V	0.00403	0.99597	0
98 P	0.00403	0.99597	0
99 A	0.00403	0.99596	1e-05
100 F	0.00403	0.99590	8e-05
101 I	0.00403	0.99522	0.00075
102 F	0.00403	0.99064	0.00533
103 N	0.00404	0.97035	0.02561
104 Y	0.00407	0.95035	0.04557
105 N	0.00417	0.91678	0.07905
106 F	0.00424	0.90003	0.09574
107 G	0.00474	0.86310	0.13217
108 F	0.00586	0.84230	0.15184
109 P	0.00842	0.20127	0.7903
110 T	0.01019	0.15571	0.83409
111 F	0.01154	0.13994	0.84852
112 T	0.01575	0.05694	0.92731
113 K	0.01585	0.00626	0.97789
114 F	0.01585	0.00441	0.97973
115 Q	0.01587	0.00016	0.98397
116 K	0.01587	0.00003	0.9841
117 T	0.01587	0.00003	0.98411
118 F	0.01587	0.00002	0.98411
119 I	0.01587	0.00002	0.98412
120 K	0.01587	0.00000	0.98413
121 Q	0.01587	0.00001	0.98413
122 T	0.01586	0.00003	0.98412
123 S	0.01581	0.00013	0.98406
124 F	0.01574	0.00022	0.98404
125 F	0.01554	0.00044	0.98403
126 S	0.01551	0.00049	0.984
127 K	0.01546	0.00113	0.98341
128 N	0.01261	0.14105	0.84634
129 T	0.01169	0.15036	0.83795
130 E	0.01016	0.17153	0.81831
131 G	0.00207	0.41705	0.58089
132 I	0.00033	0.64723	0.35245
133 G	0.00004	0.69538	0.30458
134 F	0.00001	0.69930	0.30068
135 L	0.00001	0.69972	0.30028
136 D	0.00001	0.69983	0.30016
137 F	0.00001	0.70006	0.29993
138 F	0.00001	0.70014	0.29985
139 V	0.00001	0.70014	0.29985
140 T	0.00001	0.70014	0.29985
141 S	0.00001	0.70014	0.29985
142 L	0.00001	0.70014	0.29985
143 V	0.00001	0.70013	0.29987
144 V	0.00001	0.70012	0.29987
145 G	0.00002	0.70010	0.29989
146 S	0.00011	0.69996	0.29993
147 L	0.00016	0.69990	0.29995
148 V	0.00020	0.69863	0.30117
149 G	0.00174	0.69643	0.30182
150 I	0.12334	0.57325	0.30341
151 K	0.67315	0.01160	0.31525
152 K	0.67921	0.00522	0.31556
153 E	0.67935	0.00496	0.31569
154 F	0.67944	0.00486	0.3157
155 L	0.67967	0.00463	0.3157
156 G	0.68387	0.00043	0.3157
157 R	0.68426	0.00003	0.31571
158 M	0.68423	0.00008	0.31569
159 L	0.68407	0.00028	0.31565
160 K	0.68404	0.00036	0.3156
161 R	0.67896	0.00912	0.31192
162 F	0.08958	0.85942	0.051
163 L	0.00155	0.96615	0.0323
164 P	0.00099	0.97170	0.02731
165 L	0.00032	0.99638	0.0033
166 V	0.00013	0.99893	0.00094
167 I	0.00007	0.99985	7e-05
168 I	0.00006	0.99992	2e-05
169 T	0.00005	0.99993	2e-05
170 L	0.00003	0.99996	0
171 I	0.00003	0.99997	0
172 I	0.00003	0.99997	0
173 S	0.00003	0.99997	0
174 A	0.00003	0.99997	0
175 L	0.00003	0.99997	0
176 F	0.00003	0.99997	0
177 V	0.00003	0.99997	0
178 G	0.00003	0.99997	0
179 I	0.00003	0.99996	1e-05
180 I	0.00005	0.99971	0.00025
181 G	0.00012	0.99768	0.0022
182 L	0.00024	0.99324	0.00653
183 I	0.00049	0.98773	0.01178
184 L	0.00409	0.96771	0.02821
185 E	0.29416	0.10246	0.60338
186 P	0.30957	0.01175	0.67868
187 I	0.31156	0.00869	0.67974
188 K	0.31551	0.00041	0.68408
189 G	0.31559	0.00029	0.68411
190 L	0.31563	0.00022	0.68415
191 S	0.31564	0.00013	0.68423
192 N	0.31565	0.00011	0.68424
193 I	0.31569	0.00006	0.68425
194 K	0.31574	0.00000	0.68426
195 N	0.31574	0.00000	0.68425
196 S	0.31573	0.00001	0.68425
197 T	0.31571	0.00008	0.68421
198 R	0.31570	0.00011	0.68418
199 N	0.31564	0.02988	0.65448
200 S	0.31268	0.05513	0.63219
201 F	0.31136	0.06680	0.62183
202 L	0.31098	0.08430	0.60472
203 D	0.31032	0.09289	0.5968
204 S	0.29228	0.50248	0.20523
205 I	0.01905	0.84131	0.13963
206 F	0.00144	0.88287	0.11569
207 Y	0.00030	0.96091	0.03878
208 I	0.00002	0.97553	0.02445
209 F	0.00000	0.97756	0.02244
210 V	0.00000	0.97771	0.02228
211 P	0.00000	0.97774	0.02225
212 I	0.00000	0.97779	0.02221
213 A	0.00000	0.97779	0.02221
214 C	0.00000	0.97779	0.02221
215 G	0.00000	0.97779	0.02221
216 G	0.00000	0.97779	0.02221
217 F	0.00003	0.97776	0.02221
218 T	0.00017	0.97762	0.02221
219 C	0.00043	0.97735	0.02222
220 G	0.00062	0.97713	0.02225
221 I	0.00099	0.97675	0.02226
222 I	0.05498	0.92250	0.02251
223 P	0.17497	0.78915	0.03588
224 L	0.32712	0.62888	0.044
225 T	0.45688	0.45761	0.08551
226 K	0.49515	0.41285	0.092
227 I	0.53078	0.37545	0.09377
228 F	0.54265	0.14561	0.31174
229 S	0.55452	0.10954	0.33594
230 Q	0.64713	0.01513	0.33774
231 G	0.66021	0.00190	0.33789
232 D	0.66203	0.00004	0.33792
233 T	0.66204	0.00002	0.33793
234 T	0.66204	0.00001	0.33794
235 Y	0.66204	0.00002	0.33795
236 E	0.66203	0.00002	0.33795
237 D	0.66197	0.00010	0.33792
238 A	0.65605	0.00727	0.33668
239 F	0.64470	0.02489	0.33041
240 K	0.64421	0.02556	0.33023
241 D	0.63812	0.03345	0.32843
242 H	0.41618	0.49831	0.08551
243 I	0.17587	0.78808	0.03606
244 L	0.03362	0.95828	0.00809
245 P	0.02929	0.96334	0.00737
246 S	0.02604	0.96733	0.00662
247 L	0.02345	0.97602	0.00053
248 L	0.02320	0.97662	0.00017
249 I	0.02315	0.97684	1e-05
250 A	0.02315	0.97685	1e-05
251 G	0.02315	0.97685	0
252 I	0.02315	0.97685	0
253 F	0.02315	0.97685	0
254 S	0.02315	0.97685	0
255 V	0.02315	0.97685	1e-05
256 I	0.02315	0.97683	2e-05
257 L	0.02316	0.97668	0.00016
258 S	0.02339	0.97534	0.00127
259 G	0.02361	0.97418	0.00221
260 L	0.02953	0.96262	0.00785
261 I	0.06245	0.87273	0.06482
262 K	0.31224	0.15319	0.53457
263 K	0.31806	0.11961	0.56233
264 F	0.31824	0.11841	0.56336
265 F	0.32511	0.10429	0.5706
266 G	0.34270	0.04147	0.61583
267 K	0.36087	0.00061	0.63852
268 S	0.36103	0.00019	0.63878
269 K	0.36107	0.00003	0.6389
270 Y	0.36108	0.00001	0.63891
271 S	0.36109	0.00000	0.63891
272 S	0.36109	0.00000	0.63891
273 P	0.36109	0.00000	0.63891
274 N	0.36109	0.00000	0.63891
275 K	0.36109	0.00000	0.63891
276 I	0.36109	0.00000	0.63891
277 I	0.36109	0.00000	0.63891
278 E	0.36109	0.00000	0.63891
279 K	0.36109	0.00000	0.63891
280 N	0.36109	0.00000	0.63891
281 I	0.36109	0.00000	0.63891
282 K	0.36109	0.00000	0.63891
283 I	0.36109	0.00000	0.63891
284 L	0.36109	0.00000	0.63891
285 E	0.36109	0.00000	0.63891
286 N	0.36109	0.00000	0.63891
287 D	0.36109	0.00000	0.63891
288 K	0.36109	0.00000	0.63891
289 N	0.36109	0.00000	0.63891
290 I	0.36109	0.00000	0.63891
291 N	0.36109	0.00000	0.63891
292 Q	0.36109	0.00000	0.63891
293 G	0.36109	0.00000	0.63891
294 I	0.36109	0.00000	0.63891
295 Q	0.36109	0.00000	0.63891
296 K	0.36109	0.00001	0.63891
297 T	0.36099	0.00043	0.63858
298 E	0.36052	0.00114	0.63834
299 L	0.35643	0.00701	0.63656
300 N	0.35519	0.00977	0.63503
301 I	0.33932	0.05583	0.60485
302 N	0.33740	0.05889	0.60371
303 Y	0.32925	0.07957	0.59118
304 S	0.32135	0.09584	0.58282
305 N	0.28859	0.16459	0.54682
306 I	0.05647	0.77913	0.16441
307 S	0.05343	0.78972	0.15685
308 T	0.04888	0.81367	0.13744
309 G	0.02084	0.89082	0.08834
310 L	0.00764	0.93323	0.05913
311 I	0.00246	0.97794	0.01961
312 S	0.00168	0.98389	0.01443
313 I	0.00085	0.99356	0.00559
314 F	0.00035	0.99676	0.0029
315 S	0.00014	0.99767	0.00219
316 F	0.00009	0.99822	0.00169
317 Y	0.00008	0.99841	0.00151
318 I	0.00008	0.99844	0.00148
319 L	0.00042	0.99740	0.00217
320 S	0.00209	0.99456	0.00335
321 S	0.00422	0.99064	0.00514
322 L	0.00595	0.98618	0.00788
323 L	0.00947	0.98120	0.00933
324 R	0.05500	0.92091	0.02409
325 I	0.05651	0.91794	0.02554
326 M	0.07733	0.89115	0.03152
327 I	0.08947	0.87035	0.04018
328 L	0.14674	0.76994	0.08332
329 K	0.54650	0.10417	0.34933
330 L	0.54687	0.10337	0.34975
331 F	0.55018	0.09964	0.35017
332 S	0.56817	0.07652	0.35531
333 I	0.58463	0.05773	0.35764
334 S	0.62383	0.01579	0.36037
335 S	0.62560	0.01322	0.36118
336 F	0.62557	0.01300	0.36143
337 A	0.62768	0.01039	0.36193
338 K	0.62783	0.00999	0.36219
339 N	0.58164	0.05711	0.36125
340 I	0.38764	0.25492	0.35744
341 G	0.19536	0.45066	0.35399
342 N	0.18745	0.47043	0.34212
343 Y	0.15437	0.74851	0.09711
344 L	0.12614	0.78360	0.09026
345 P	0.11908	0.79691	0.084
346 P	0.06126	0.88708	0.05166
347 I	0.02951	0.95725	0.01325
348 I	0.01153	0.98810	0.00037
349 V	0.00022	0.99965	0.00013
350 F	0.00007	0.99989	3e-05
351 L	0.00003	0.99997	0
352 V	0.00002	0.99997	0
353 I	0.00002	0.99997	0
354 L	0.00003	0.99997	1e-05
355 V	0.00003	0.99996	2e-05
356 I	0.00004	0.99988	9e-05
357 I	0.00004	0.99948	0.00047
358 V	0.00021	0.98431	0.01548
359 K	0.00132	0.91356	0.08512
360 I	0.00139	0.90968	0.08893
361 L	0.00275	0.87385	0.1234
362 N	0.00806	0.81036	0.18159
363 L	0.01766	0.71441	0.26793
364 V	0.02568	0.54743	0.42689
365 S	0.04786	0.50306	0.44908
366 L	0.25564	0.25687	0.48749
367 Y	0.28928	0.19245	0.51827
368 Y	0.30712	0.15899	0.53389
369 E	0.34991	0.02402	0.62607
370 K	0.36200	0.00091	0.63709
371 C	0.36237	0.00377	0.63386
372 I	0.36216	0.02341	0.61443
373 E	0.36218	0.03024	0.60758
374 Q	0.36211	0.04363	0.59426
375 A	0.35818	0.14266	0.49917
376 S	0.35782	0.22160	0.42058
377 Q	0.35572	0.29201	0.35227
378 F	0.26191	0.67206	0.06603
379 I	0.25765	0.70411	0.03825
380 T	0.25699	0.70798	0.03504
381 N	0.25654	0.71233	0.03114
382 N	0.25608	0.71720	0.02672
383 F	0.25584	0.73386	0.01031
384 T	0.25575	0.73511	0.00914
385 S	0.25566	0.73524	0.0091
386 S	0.25553	0.73541	0.00906
387 I	0.25549	0.73546	0.00905
388 L	0.25549	0.73547	0.00904
389 C	0.25549	0.73547	0.00904
390 L	0.25549	0.73547	0.00904
391 V	0.25552	0.73544	0.00904
392 G	0.25648	0.73447	0.00904
393 I	0.26241	0.72850	0.00908
394 G	0.28891	0.70192	0.00917
395 T	0.37347	0.61389	0.01264
396 N	0.41140	0.55881	0.0298
397 I	0.42622	0.54174	0.03204
398 N	0.64158	0.25753	0.1009
399 K	0.74596	0.15090	0.10314
400 I	0.75436	0.14247	0.10317
401 I	0.87147	0.01606	0.11247
402 D	0.88259	0.00240	0.11502
403 S	0.87383	0.01147	0.1147
404 I	0.63506	0.26339	0.10155
405 Y	0.37356	0.54366	0.08277
406 N	0.24004	0.68127	0.07868
407 L	0.04955	0.94077	0.00969
408 H	0.03637	0.95775	0.00588
409 F	0.00614	0.98948	0.00439
410 L	0.00076	0.99858	0.00066
411 L	0.00028	0.99950	0.00022
412 T	0.00022	0.99972	6e-05
413 C	0.00012	0.99983	5e-05
414 I	0.00003	0.99994	3e-05
415 L	0.00001	0.99996	2e-05
416 C	0.00001	0.99996	2e-05
417 V	0.00001	0.99997	2e-05
418 I	0.00001	0.99997	2e-05
419 I	0.00002	0.99996	2e-05
420 T	0.00005	0.99992	2e-05
421 S	0.00006	0.99990	3e-05
422 L	0.00009	0.99957	0.00033
423 T	0.00038	0.99864	0.00098
424 A	0.00063	0.99619	0.00317
425 A	0.00123	0.99085	0.00793
426 I	0.00236	0.97674	0.0209
427 I	0.02174	0.71506	0.26319
428 G	0.04705	0.37682	0.57613
429 N	0.05790	0.17397	0.76813
430 K	0.11135	0.00854	0.88011
431 F	0.10967	0.01422	0.87611
432 G	0.11006	0.01355	0.87639
433 Y	0.11115	0.01615	0.8727
434 Y	0.10279	0.02555	0.87166
435 P	0.09966	0.02881	0.87152
436 V	0.07404	0.08583	0.84013
437 Q	0.07380	0.09193	0.83427
438 S	0.06247	0.11544	0.82209
439 A	0.03784	0.15579	0.80637
440 I	0.03035	0.16497	0.80468
441 S	0.02785	0.16780	0.80435
442 A	0.02475	0.17124	0.80401
443 G	0.02461	0.17145	0.80394
444 L	0.02448	0.17160	0.80392
445 C	0.02447	0.17161	0.80392
446 S	0.02447	0.17161	0.80392
447 N	0.02447	0.17161	0.80392
448 S	0.02448	0.17161	0.80391
449 I	0.02452	0.17157	0.80391
450 G	0.02462	0.17145	0.80393
451 G	0.02568	0.17014	0.80417
452 A	0.02808	0.16703	0.80489
453 G	0.02938	0.16488	0.80574
454 N	0.03256	0.15999	0.80744
455 M	0.03347	0.15877	0.80776
456 A	0.03656	0.15464	0.80881
457 I	0.03829	0.14172	0.81999
458 L	0.04021	0.12679	0.83301
459 E	0.08429	0.04925	0.86646
460 A	0.08977	0.04173	0.86851
461 S	0.09999	0.02390	0.87611
462 D	0.10441	0.00074	0.89485
463 S	0.10448	0.00025	0.89527
464 M	0.10452	0.00019	0.8953
465 E	0.10448	0.00020	0.89532
466 L	0.10428	0.00113	0.89459
467 M	0.10402	0.00612	0.88985
468 P	0.10390	0.00962	0.88647
469 Y	0.10325	0.02332	0.87343
470 A	0.10107	0.07057	0.82836
471 Q	0.06082	0.50195	0.43723
472 I	0.03428	0.68711	0.27861
473 S	0.02978	0.72352	0.2467
474 T	0.02239	0.78250	0.19511
475 R	0.01863	0.82288	0.15849
476 I	0.00599	0.98474	0.00927
477 G	0.00375	0.99032	0.00593
478 G	0.00330	0.99142	0.00528
479 D	0.00310	0.99180	0.0051
480 I	0.00282	0.99221	0.00498
481 I	0.00282	0.99221	0.00498
482 V	0.00282	0.99221	0.00498
483 I	0.00282	0.99221	0.00498
484 L	0.00282	0.99220	0.00498
485 A	0.00283	0.99219	0.00498
486 S	0.00285	0.99216	0.00499
487 I	0.00288	0.99212	0.00499
488 F	0.00302	0.99191	0.00507
489 F	0.00461	0.98980	0.00558
490 P	0.01577	0.97683	0.00739
491 L	0.02255	0.96878	0.00867
492 F	0.05615	0.93145	0.0124
493 Y	0.17999	0.79770	0.0223
494 Q	0.81103	0.10844	0.08053
495 I	0.89328	0.00000	0.10672
