# USQ93269.1
# AA	inside	membr	outside
1 M	0.88531	0.00000	0.11469
2 K	0.88531	0.00000	0.11469
3 K	0.88531	0.00000	0.11469
4 Q	0.88531	0.04236	0.07232
5 I	0.87864	0.09089	0.03047
6 S	0.87864	0.09916	0.0222
7 L	0.43091	0.54836	0.02073
8 S	0.43091	0.54837	0.02072
9 F	0.42180	0.55861	0.01959
10 N	0.42180	0.56703	0.01117
11 K	0.42086	0.57067	0.00847
12 I	0.13636	0.86032	0.00332
13 Y	0.00618	0.99315	0.00067
14 I	0.00616	0.99318	0.00066
15 G	0.00616	0.99379	5e-05
16 L	0.00249	0.99746	5e-05
17 F	0.00107	0.99889	5e-05
18 L	0.00106	0.99890	4e-05
19 F	0.00091	0.99905	4e-05
20 L	0.00077	0.99920	3e-05
21 I	0.00062	0.99935	3e-05
22 T	0.00119	0.99875	6e-05
23 L	0.00117	0.99835	0.00048
24 C	0.00179	0.99612	0.0021
25 F	0.00276	0.99454	0.00271
26 Y	0.00463	0.99209	0.00329
27 C	0.05622	0.93395	0.00983
28 I	0.08462	0.89922	0.01615
29 P	0.10554	0.84523	0.04923
30 N	0.10812	0.28651	0.60537
31 P	0.10705	0.28440	0.60855
32 N	0.08197	0.32152	0.59651
33 V	0.01094	0.91895	0.07011
34 F	0.00275	0.94646	0.05079
35 T	0.00268	0.91115	0.08618
36 N	0.00145	0.89984	0.0987
37 F	0.00058	0.90380	0.09563
38 C	0.00052	0.90779	0.0917
39 L	0.00021	0.92275	0.07704
40 F	0.00017	0.92404	0.07578
41 G	0.00017	0.92400	0.07583
42 I	0.00018	0.92390	0.07592
43 F	0.00018	0.92360	0.07622
44 V	0.00023	0.91966	0.08011
45 I	0.00041	0.89406	0.10552
46 M	0.00060	0.82299	0.1764
47 M	0.00093	0.74241	0.25666
48 G	0.00213	0.71203	0.28584
49 S	0.00305	0.71046	0.28648
50 V	0.00379	0.70082	0.29539
51 K	0.07784	0.53655	0.38561
52 E	0.09640	0.51386	0.38974
53 L	0.10550	0.50439	0.39011
54 L	0.11617	0.49329	0.39053
55 N	0.20531	0.39995	0.39475
56 A	0.56616	0.03617	0.39767
57 A	0.58152	0.01680	0.40168
58 K	0.59467	0.00316	0.40217
59 L	0.59550	0.00231	0.40219
60 T	0.59681	0.00092	0.40227
61 K	0.59740	0.00030	0.4023
62 S	0.57154	0.02752	0.40094
63 K	0.53156	0.07006	0.39837
64 F	0.46034	0.20545	0.33421
65 V	0.44761	0.40724	0.14515
66 Q	0.41804	0.53850	0.04346
67 I	0.07749	0.91644	0.00607
68 I	0.00791	0.99055	0.00154
69 F	0.00243	0.99718	0.00039
70 F	0.00060	0.99934	6e-05
71 I	0.00002	0.99997	1e-05
72 F	0.00000	1.00000	0
73 V	0.00000	1.00000	0
74 F	0.00000	1.00000	0
75 L	0.00000	1.00000	0
76 F	0.00000	1.00000	0
77 F	0.00000	1.00000	0
78 C	0.00000	1.00000	0
79 Y	0.00000	1.00000	0
80 F	0.00000	0.99997	3e-05
81 L	0.00003	0.99982	0.00016
82 S	0.00067	0.99827	0.00106
83 F	0.00110	0.99745	0.00144
84 L	0.00569	0.97991	0.01439
85 L	0.01373	0.92325	0.06302
86 N	0.02828	0.81557	0.15615
87 F	0.08611	0.68308	0.23081
88 F	0.27131	0.44806	0.28063
89 Q	0.38572	0.24034	0.37395
90 K	0.40216	0.00421	0.59363
91 T	0.40228	0.00062	0.5971
92 G	0.40228	0.00035	0.59736
93 F	0.40228	0.00020	0.59752
94 L	0.40229	0.00009	0.59762
95 S	0.40232	0.00004	0.59764
96 K	0.40233	0.00000	0.59766
97 I	0.40233	0.00000	0.59766
98 P	0.40233	0.00000	0.59767
99 E	0.40233	0.00000	0.59767
100 E	0.40233	0.00000	0.59767
101 Q	0.40233	0.00000	0.59767
102 P	0.40233	0.00000	0.59766
103 I	0.40233	0.00001	0.59766
104 I	0.40233	0.00002	0.59765
105 K	0.40233	0.00002	0.59765
106 L	0.40233	0.00004	0.59763
107 L	0.40231	0.00007	0.59762
108 Q	0.40230	0.00012	0.59758
109 K	0.40127	0.00173	0.59701
110 L	0.37369	0.03739	0.58892
111 F	0.36275	0.06605	0.5712
112 V	0.34876	0.10891	0.54233
113 K	0.34505	0.12771	0.52725
114 E	0.32196	0.24604	0.432
115 Y	0.05303	0.79111	0.15586
116 F	0.01294	0.95994	0.02712
117 L	0.00167	0.99032	0.008
118 F	0.00012	0.99875	0.00113
119 C	0.00004	0.99930	0.00067
120 F	0.00000	0.99996	4e-05
121 L	0.00000	1.00000	0
122 F	0.00000	1.00000	0
123 F	0.00000	1.00000	0
124 L	0.00000	1.00000	0
125 I	0.00000	1.00000	0
126 C	0.00000	1.00000	0
127 L	0.00000	1.00000	0
128 W	0.00000	1.00000	0
129 I	0.00000	0.99998	1e-05
130 F	0.00014	0.99974	0.00012
131 F	0.00124	0.99844	0.00032
132 L	0.00973	0.98579	0.00448
133 F	0.03505	0.89980	0.06514
134 I	0.08437	0.82268	0.09295
135 H	0.27793	0.39585	0.32622
136 K	0.48967	0.14038	0.36996
137 F	0.51152	0.11683	0.37165
138 R	0.59539	0.00465	0.39997
139 T	0.59740	0.00117	0.40142
140 E	0.59717	0.00199	0.40083
141 H	0.52308	0.09287	0.38405
142 L	0.24723	0.43720	0.31556
143 N	0.11693	0.59847	0.2846
144 F	0.04437	0.88996	0.06567
145 F	0.02743	0.96112	0.01146
146 L	0.00740	0.98420	0.00841
147 L	0.00035	0.99795	0.00169
148 I	0.00002	0.99960	0.00039
149 L	0.00001	0.99994	5e-05
150 L	0.00000	0.99999	0
151 Y	0.00000	0.99999	0
152 I	0.00000	0.99999	0
153 V	0.00000	0.99999	0
154 F	0.00000	0.99999	0
155 S	0.00000	0.99999	0
156 S	0.00000	0.99997	3e-05
157 A	0.00002	0.99995	3e-05
158 C	0.00004	0.99991	5e-05
159 F	0.00008	0.99982	0.0001
160 F	0.00011	0.99861	0.00128
161 T	0.00059	0.99369	0.00572
162 L	0.00113	0.99272	0.00614
163 V	0.01753	0.97582	0.00665
164 Y	0.11890	0.80705	0.07405
165 L	0.21300	0.42648	0.36051
166 N	0.28879	0.15641	0.5548
167 Y	0.35961	0.04697	0.59342
168 K	0.39769	0.01006	0.59225
169 W	0.21669	0.53422	0.24909
170 F	0.03764	0.89781	0.06455
171 L	0.01156	0.93102	0.05742
172 Y	0.00684	0.93757	0.0556
173 L	0.00050	0.96133	0.03818
174 F	0.00023	0.98811	0.01166
175 I	0.00015	0.99726	0.00259
176 I	0.00015	0.99755	0.00231
177 T	0.00015	0.99766	0.00219
178 I	0.00012	0.99838	0.0015
179 S	0.00011	0.99851	0.00138
180 S	0.00011	0.99859	0.0013
181 D	0.00011	0.99863	0.00127
182 S	0.00011	0.99884	0.00105
183 F	0.00010	0.99931	0.00059
184 A	0.00010	0.99941	0.00049
185 F	0.00010	0.99942	0.00049
186 L	0.00011	0.99935	0.00054
187 G	0.00063	0.99842	0.00095
188 G	0.00178	0.99689	0.00133
189 I	0.00609	0.99173	0.00218
190 L	0.01246	0.97982	0.00773
191 F	0.02277	0.94862	0.02862
192 G	0.34808	0.43340	0.21853
193 K	0.54484	0.05780	0.39736
194 N	0.54866	0.04995	0.40138
195 L	0.54951	0.04882	0.40167
196 L	0.55808	0.03967	0.40225
197 Y	0.58382	0.01381	0.40236
198 P	0.59509	0.00234	0.40256
199 S	0.59547	0.00191	0.40261
200 V	0.59562	0.00175	0.40263
201 S	0.59652	0.00080	0.40268
202 P	0.59707	0.00032	0.40261
203 K	0.59719	0.00022	0.40258
204 K	0.59120	0.01078	0.39802
205 T	0.56886	0.06709	0.36405
206 W	0.56586	0.21469	0.21945
207 E	0.56119	0.23320	0.2056
208 G	0.49726	0.29990	0.20284
209 F	0.43271	0.37316	0.19413
210 F	0.41150	0.39660	0.1919
211 C	0.37343	0.45124	0.17533
212 G	0.13081	0.83195	0.03724
213 F	0.02222	0.95367	0.02411
214 I	0.01464	0.97374	0.01162
215 F	0.00257	0.99382	0.0036
216 S	0.00181	0.99594	0.00225
217 F	0.00100	0.99833	0.00067
218 I	0.00044	0.99945	0.00011
219 I	0.00019	0.99980	2e-05
220 I	0.00012	0.99987	1e-05
221 L	0.00016	0.99983	1e-05
222 C	0.00069	0.99927	4e-05
223 V	0.00140	0.99852	8e-05
224 F	0.01331	0.98643	0.00027
225 G	0.05443	0.94364	0.00192
226 F	0.09715	0.89927	0.00358
227 K	0.15715	0.82680	0.01605
228 T	0.14020	0.83154	0.02826
229 I	0.11889	0.84898	0.03213
230 S	0.08846	0.86927	0.04227
231 F	0.05498	0.88323	0.06179
232 C	0.05586	0.83242	0.11172
233 F	0.05034	0.82631	0.12334
234 F	0.06651	0.78662	0.14688
235 T	0.20152	0.48108	0.3174
236 F	0.21213	0.40453	0.38333
237 F	0.22529	0.37501	0.39971
238 N	0.24695	0.23197	0.52108
239 C	0.25058	0.21812	0.5313
240 I	0.25274	0.21238	0.53489
241 M	0.25747	0.19613	0.54641
242 S	0.25919	0.17860	0.56222
243 Q	0.25976	0.17088	0.56937
244 F	0.25980	0.16861	0.57158
245 G	0.26013	0.15249	0.58738
246 D	0.26047	0.12821	0.61132
247 L	0.26048	0.12313	0.61639
248 I	0.26051	0.10336	0.63613
249 S	0.26063	0.06330	0.67608
250 S	0.26075	0.03768	0.70157
251 K	0.26097	0.00570	0.73333
252 L	0.26100	0.00436	0.73465
253 K	0.26105	0.00027	0.73867
254 R	0.26104	0.00007	0.73888
255 D	0.26079	0.00034	0.73887
256 F	0.26062	0.00055	0.73883
257 S	0.26059	0.00058	0.73882
258 I	0.26057	0.00061	0.73882
259 K	0.26057	0.00060	0.73883
260 D	0.26057	0.00060	0.73882
261 F	0.26050	0.00070	0.7388
262 G	0.26049	0.00072	0.73879
263 S	0.26048	0.00075	0.73876
264 I	0.26044	0.00111	0.73846
265 I	0.26043	0.00118	0.7384
266 S	0.26042	0.00121	0.73837
267 G	0.26038	0.00139	0.73822
268 H	0.26035	0.00155	0.7381
269 G	0.26033	0.00196	0.73771
270 G	0.26018	0.00488	0.73493
271 L	0.25993	0.00962	0.73045
272 L	0.25980	0.01788	0.72232
273 D	0.25977	0.02402	0.7162
274 R	0.25804	0.03673	0.70523
275 F	0.25034	0.10250	0.64716
276 D	0.24605	0.15348	0.60047
277 S	0.14563	0.50008	0.35429
278 L	0.05130	0.91140	0.0373
279 L	0.03221	0.95379	0.014
280 F	0.02968	0.95763	0.01269
281 L	0.02911	0.95842	0.01248
282 S	0.02904	0.95851	0.01245
283 F	0.02904	0.95852	0.01245
284 C	0.02905	0.95847	0.01248
285 V	0.02906	0.95846	0.01248
286 I	0.02908	0.95844	0.01249
287 A	0.02931	0.95817	0.01252
288 L	0.02938	0.95809	0.01253
289 L	0.02955	0.95791	0.01254
290 S	0.03118	0.95612	0.0127
291 N	0.03239	0.95482	0.01279
292 T	0.03390	0.95323	0.01287
293 F	0.03706	0.94981	0.01312
294 I	0.05083	0.93514	0.01404
295 Y	0.18900	0.77629	0.03471
296 Q	0.65185	0.23122	0.11692
297 E	0.68444	0.15195	0.16361
298 I	0.69403	0.13255	0.17342
299 S	0.71142	0.09177	0.19681
300 I	0.75592	0.00000	0.24408
