# USQ93216.1
# AA	inside	membr	outside
1 M	0.99898	0.00000	0.00102
2 T	0.99898	0.00000	0.00102
3 R	0.99898	0.00000	0.00102
4 L	0.99898	0.00000	0.00102
5 I	0.99898	0.00000	0.00102
6 N	0.99898	0.00000	0.00102
7 F	0.99898	0.00000	0.00102
8 L	0.99898	0.00000	0.00102
9 V	0.99898	0.00000	0.00102
10 D	0.99898	0.00000	0.00102
11 K	0.99898	0.00000	0.00102
12 K	0.99894	0.00004	0.00102
13 K	0.99421	0.00477	0.00102
14 T	0.99413	0.00485	0.00102
15 I	0.99412	0.00501	0.00086
16 K	0.98984	0.00930	0.00086
17 K	0.79754	0.20164	0.00082
18 I	0.74975	0.24978	0.00047
19 F	0.37902	0.62055	0.00042
20 F	0.04312	0.95687	1e-05
21 T	0.00305	0.99694	1e-05
22 L	0.00008	0.99991	0
23 F	0.00001	0.99998	0
24 I	0.00000	0.99999	0
25 I	0.00000	1.00000	0
26 L	0.00000	1.00000	0
27 V	0.00000	1.00000	0
28 Y	0.00000	1.00000	0
29 V	0.00000	1.00000	0
30 I	0.00000	1.00000	0
31 G	0.00000	0.99993	6e-05
32 T	0.00000	0.99985	0.00014
33 R	0.00002	0.99958	0.0004
34 I	0.00002	0.99951	0.00047
35 Y	0.00003	0.99728	0.0027
36 I	0.00007	0.98473	0.0152
37 P	0.00017	0.76249	0.23735
38 F	0.00044	0.60218	0.39738
39 L	0.00050	0.48537	0.51413
40 D	0.00099	0.02255	0.97646
41 K	0.00102	0.00611	0.99287
42 S	0.00102	0.00227	0.99671
43 Y	0.00102	0.00119	0.99779
44 Y	0.00102	0.00064	0.99835
45 L	0.00102	0.00016	0.99882
46 P	0.00102	0.00006	0.99892
47 L	0.00102	0.00002	0.99896
48 K	0.00102	0.00000	0.99898
49 L	0.00102	0.00001	0.99897
50 P	0.00102	0.00001	0.99897
51 S	0.00102	0.00007	0.99891
52 D	0.00102	0.00013	0.99885
53 L	0.00102	0.00048	0.9985
54 K	0.00102	0.00129	0.9977
55 F	0.00102	0.00521	0.99378
56 L	0.00102	0.01185	0.98713
57 E	0.00102	0.01505	0.98394
58 S	0.00101	0.03701	0.96199
59 I	0.00095	0.15476	0.84428
60 F	0.00090	0.17249	0.82661
61 S	0.00087	0.25926	0.73987
62 S	0.00085	0.30824	0.69092
63 N	0.00081	0.33986	0.65933
64 P	0.00073	0.61455	0.38472
65 S	0.00067	0.73469	0.26464
66 L	0.00061	0.83643	0.16296
67 C	0.00059	0.88237	0.11704
68 I	0.00058	0.97002	0.0294
69 L	0.00058	0.98121	0.01822
70 S	0.00058	0.98676	0.01266
71 L	0.00058	0.99042	0.009
72 G	0.00061	0.99185	0.00753
73 V	0.00071	0.99310	0.00618
74 M	0.00152	0.99255	0.00593
75 P	0.00216	0.99204	0.0058
76 Y	0.00261	0.99166	0.00572
77 V	0.00406	0.99022	0.00571
78 T	0.01169	0.98259	0.00571
79 A	0.02458	0.96970	0.00571
80 S	0.03282	0.96146	0.00572
81 I	0.05260	0.94167	0.00572
82 V	0.11378	0.88046	0.00576
83 I	0.13433	0.85986	0.00581
84 Q	0.33201	0.66209	0.0059
85 L	0.39267	0.60137	0.00595
86 S	0.48934	0.50462	0.00603
87 Q	0.86614	0.12774	0.00611
88 K	0.94966	0.04419	0.00616
89 V	0.95569	0.03816	0.00616
90 F	0.96101	0.03284	0.00616
91 P	0.98381	0.01003	0.00616
92 F	0.98549	0.00836	0.00616
93 M	0.99172	0.00213	0.00616
94 K	0.99347	0.00037	0.00616
95 E	0.99375	0.00010	0.00616
96 W	0.99378	0.00006	0.00616
97 Q	0.99384	0.00000	0.00616
98 E	0.99384	0.00000	0.00616
99 Q	0.99384	0.00000	0.00616
100 G	0.99384	0.00000	0.00616
101 E	0.99384	0.00000	0.00616
102 K	0.99374	0.00010	0.00616
103 G	0.99259	0.00126	0.00616
104 K	0.98978	0.00406	0.00616
105 H	0.98001	0.01384	0.00615
106 K	0.96333	0.03052	0.00615
107 I	0.54587	0.44800	0.00613
108 N	0.40239	0.59151	0.00609
109 I	0.23077	0.76324	0.00599
110 C	0.16465	0.82937	0.00597
111 T	0.14214	0.85190	0.00596
112 R	0.08283	0.91121	0.00596
113 I	0.02087	0.97319	0.00593
114 L	0.01174	0.98233	0.00593
115 T	0.01105	0.98303	0.00593
116 I	0.01011	0.98396	0.00593
117 L	0.01003	0.98404	0.00593
118 L	0.01000	0.98407	0.00593
119 S	0.01000	0.98407	0.00593
120 L	0.01000	0.98407	0.00594
121 G	0.01000	0.98402	0.00598
122 H	0.01000	0.98392	0.00609
123 G	0.01000	0.98385	0.00615
124 W	0.01000	0.98358	0.00643
125 T	0.01000	0.94645	0.04355
126 F	0.01000	0.89212	0.09788
127 V	0.01005	0.73220	0.25775
128 Q	0.01017	0.67252	0.31731
129 I	0.01018	0.63095	0.35887
130 E	0.01019	0.12517	0.86464
131 S	0.01017	0.04747	0.94236
132 P	0.01015	0.03073	0.95911
133 S	0.00994	0.03412	0.95594
134 L	0.00913	0.05303	0.93784
135 L	0.00889	0.05119	0.93991
136 S	0.00882	0.04037	0.95081
137 S	0.00879	0.03967	0.95154
138 D	0.00870	0.05145	0.93984
139 C	0.00709	0.63356	0.35934
140 I	0.00587	0.84882	0.14531
141 F	0.00530	0.97469	0.02001
142 Q	0.00523	0.97993	0.01484
143 T	0.00388	0.98619	0.00993
144 L	0.00204	0.99550	0.00246
145 F	0.00128	0.99690	0.00182
146 F	0.00107	0.99741	0.00152
147 L	0.00100	0.99757	0.00144
148 T	0.00094	0.99768	0.00138
149 V	0.00086	0.99782	0.00131
150 G	0.00081	0.99791	0.00128
151 V	0.00078	0.99798	0.00124
152 F	0.00071	0.99817	0.00112
153 I	0.00083	0.99813	0.00104
154 S	0.00755	0.99143	0.00103
155 V	0.00774	0.99154	0.00073
156 W	0.01651	0.98270	0.00079
157 L	0.04630	0.95224	0.00146
158 A	0.12028	0.87773	0.00199
159 D	0.89993	0.09691	0.00316
160 L	0.72140	0.27563	0.00297
161 I	0.72992	0.26672	0.00336
162 T	0.74843	0.24662	0.00495
163 S	0.75020	0.24310	0.00669
164 K	0.73690	0.25544	0.00766
165 G	0.12715	0.86527	0.00758
166 L	0.10459	0.88789	0.00752
167 G	0.09606	0.89636	0.00758
168 N	0.08402	0.90843	0.00755
169 G	0.05368	0.93887	0.00744
170 I	0.02767	0.96503	0.0073
171 S	0.02507	0.96767	0.00726
172 I	0.02452	0.96832	0.00716
173 L	0.02391	0.96896	0.00714
174 I	0.02389	0.96895	0.00716
175 A	0.02411	0.96862	0.00727
176 I	0.02438	0.96823	0.00739
177 G	0.02478	0.96725	0.00798
178 M	0.02532	0.95681	0.01786
179 V	0.02582	0.94831	0.02587
180 D	0.02695	0.45056	0.52249
181 K	0.02699	0.40953	0.56349
182 L	0.02697	0.40738	0.56565
183 Y	0.02699	0.24339	0.72962
184 K	0.02707	0.17159	0.80134
185 T	0.02706	0.12917	0.84378
186 F	0.02705	0.12280	0.85016
187 E	0.02707	0.10545	0.86748
188 Y	0.02707	0.07718	0.89575
189 L	0.02708	0.07466	0.89826
190 L	0.02709	0.06371	0.9092
191 F	0.02717	0.04945	0.92338
192 T	0.02733	0.02080	0.95187
193 N	0.02745	0.00145	0.97109
194 G	0.02742	0.00369	0.9689
195 L	0.02716	0.00802	0.96483
196 E	0.02714	0.01086	0.962
197 I	0.02651	0.17859	0.79491
198 Q	0.02604	0.23893	0.73502
199 R	0.02071	0.75269	0.2266
200 I	0.01211	0.83310	0.1548
201 L	0.00605	0.89878	0.09517
202 I	0.00274	0.96863	0.02863
203 L	0.00116	0.98783	0.01102
204 I	0.00103	0.99254	0.00644
205 S	0.00088	0.99365	0.00546
206 Y	0.00047	0.99680	0.00272
207 F	0.00005	0.99951	0.00044
208 I	0.00001	0.99992	7e-05
209 L	0.00000	0.99997	3e-05
210 L	0.00000	0.99999	1e-05
211 I	0.00001	0.99998	1e-05
212 L	0.00002	0.99996	2e-05
213 T	0.00005	0.99992	2e-05
214 I	0.00008	0.99989	3e-05
215 I	0.00022	0.99973	4e-05
216 L	0.00056	0.99933	0.00011
217 S	0.00703	0.99242	0.00055
218 S	0.01255	0.98549	0.00195
219 A	0.02626	0.97112	0.00261
220 Y	0.19438	0.80043	0.0052
221 L	0.28176	0.70926	0.00897
222 K	0.84913	0.13199	0.01888
223 I	0.87063	0.10888	0.02049
224 P	0.91615	0.06011	0.02374
225 I	0.93775	0.03735	0.0249
226 N	0.95484	0.01881	0.02635
227 Y	0.96101	0.01259	0.0264
228 A	0.96377	0.00961	0.02662
229 I	0.96728	0.00568	0.02704
230 N	0.97124	0.00119	0.02757
231 R	0.97232	0.00007	0.02761
232 N	0.97237	0.00001	0.02761
233 N	0.97238	0.00001	0.02762
234 D	0.97238	0.00000	0.02762
235 K	0.97237	0.00001	0.02762
236 I	0.97196	0.00043	0.02761
237 D	0.97171	0.00068	0.02761
238 K	0.96976	0.00264	0.0276
239 Y	0.90969	0.06346	0.02686
240 I	0.67335	0.30134	0.02531
241 P	0.60526	0.36952	0.02521
242 I	0.49809	0.47675	0.02516
243 K	0.49029	0.48458	0.02512
244 L	0.43457	0.54063	0.0248
245 N	0.41264	0.56273	0.02463
246 T	0.34834	0.62816	0.0235
247 S	0.18957	0.79809	0.01233
248 G	0.08717	0.90755	0.00528
249 I	0.06980	0.92666	0.00354
250 L	0.06452	0.93240	0.00307
251 P	0.06378	0.93333	0.00289
252 I	0.06189	0.93583	0.00228
253 I	0.06158	0.93620	0.00222
254 F	0.06157	0.93616	0.00227
255 A	0.06157	0.93584	0.0026
256 D	0.06157	0.93444	0.00399
257 A	0.06149	0.93389	0.00463
258 F	0.06146	0.93179	0.00675
259 L	0.06147	0.90987	0.02866
260 N	0.06150	0.81064	0.12786
261 L	0.06151	0.78515	0.15333
262 I	0.06230	0.71658	0.22111
263 K	0.06427	0.44916	0.48658
264 Q	0.06433	0.43510	0.50057
265 I	0.06433	0.42604	0.50964
266 S	0.06434	0.41730	0.51836
267 V	0.06434	0.39636	0.5393
268 F	0.06448	0.37231	0.56321
269 F	0.06634	0.28732	0.64634
270 P	0.08018	0.09403	0.8258
271 R	0.08654	0.00692	0.90655
272 N	0.08678	0.00176	0.91147
273 G	0.08680	0.00140	0.91181
274 T	0.08681	0.00125	0.91195
275 F	0.08681	0.00049	0.9127
276 S	0.08682	0.00009	0.91309
277 K	0.08683	0.00008	0.9131
278 Y	0.08683	0.00009	0.91309
279 I	0.08683	0.00009	0.91309
280 D	0.08683	0.00009	0.91309
281 I	0.08679	0.00061	0.9126
282 F	0.08673	0.00183	0.91143
283 V	0.08669	0.00275	0.91056
284 R	0.08668	0.00582	0.90749
285 S	0.08654	0.01249	0.90097
286 R	0.08643	0.01761	0.89596
287 S	0.08489	0.05663	0.85848
288 E	0.08188	0.15462	0.76351
289 L	0.05297	0.53621	0.41083
290 G	0.01643	0.82424	0.15933
291 I	0.00553	0.95163	0.04284
292 Y	0.00198	0.99044	0.00757
293 F	0.00036	0.99778	0.00187
294 F	0.00005	0.99946	0.00049
295 V	0.00001	0.99990	8e-05
296 Y	0.00001	0.99997	2e-05
297 V	0.00001	0.99999	0
298 L	0.00001	0.99999	0
299 L	0.00001	0.99999	0
300 I	0.00001	0.99999	0
301 M	0.00006	0.99994	0
302 L	0.00008	0.99991	1e-05
303 F	0.00014	0.99985	1e-05
304 S	0.00088	0.99905	7e-05
305 F	0.00166	0.99818	0.00016
306 F	0.00769	0.99185	0.00047
307 S	0.11883	0.87747	0.00369
308 S	0.20146	0.79287	0.00566
309 F	0.29076	0.70174	0.00749
310 M	0.45879	0.53081	0.0104
311 T	0.57290	0.41165	0.01544
312 I	0.68705	0.27570	0.03725
313 N	0.82704	0.09618	0.07678
314 P	0.89752	0.01737	0.08511
315 K	0.91258	0.00060	0.08682
316 D	0.91309	0.00006	0.08685
317 V	0.91310	0.00005	0.08685
318 A	0.91313	0.00001	0.08685
319 E	0.91314	0.00000	0.08685
320 H	0.91314	0.00000	0.08685
321 L	0.91314	0.00000	0.08685
322 S	0.91314	0.00000	0.08685
323 K	0.91315	0.00000	0.08685
324 Q	0.91315	0.00000	0.08685
325 N	0.91315	0.00000	0.08685
326 A	0.91315	0.00000	0.08685
327 Y	0.91315	0.00000	0.08685
328 L	0.91315	0.00000	0.08685
329 K	0.91315	0.00000	0.08685
330 D	0.91315	0.00000	0.08685
331 V	0.91315	0.00000	0.08685
332 Q	0.91315	0.00000	0.08685
333 P	0.91315	0.00000	0.08685
334 G	0.91315	0.00000	0.08685
335 L	0.91314	0.00000	0.08685
336 P	0.91314	0.00000	0.08685
337 T	0.91314	0.00000	0.08685
338 V	0.91314	0.00001	0.08685
339 K	0.91313	0.00002	0.08685
340 K	0.91297	0.00021	0.08682
341 I	0.90577	0.00779	0.08645
342 V	0.90508	0.00857	0.08635
343 R	0.90472	0.00896	0.08632
344 E	0.89654	0.01732	0.08615
345 M	0.87206	0.04255	0.08538
346 F	0.70464	0.21057	0.08479
347 K	0.67043	0.24569	0.08388
348 I	0.24789	0.69830	0.05382
349 T	0.09318	0.88729	0.01954
350 F	0.01569	0.96585	0.01847
351 L	0.00652	0.97525	0.01823
352 G	0.00403	0.97801	0.01797
353 S	0.00347	0.97869	0.01785
354 C	0.00332	0.97907	0.01761
355 F	0.00305	0.97943	0.01752
356 L	0.00304	0.97945	0.01751
357 T	0.00304	0.97945	0.01751
358 L	0.00304	0.97945	0.01751
359 L	0.00306	0.97941	0.01753
360 A	0.00313	0.97896	0.01791
361 A	0.00325	0.97857	0.01817
362 T	0.00342	0.97701	0.01957
363 P	0.00367	0.97187	0.02446
364 D	0.00380	0.91250	0.0837
365 I	0.00380	0.90881	0.0874
366 I	0.00399	0.88467	0.11134
367 N	0.00452	0.83063	0.16485
368 Y	0.00539	0.78770	0.20691
369 L	0.00598	0.52839	0.46563
370 A	0.00858	0.46030	0.53111
371 G	0.03482	0.13461	0.83058
372 S	0.07158	0.04581	0.88262
373 E	0.07219	0.01671	0.91111
374 I	0.07117	0.25544	0.67338
375 S	0.07071	0.28132	0.64797
376 Q	0.07047	0.32401	0.60553
377 K	0.06020	0.37456	0.56524
378 I	0.02600	0.80946	0.16453
379 T	0.02339	0.87224	0.10437
380 F	0.02206	0.94781	0.03013
381 G	0.02195	0.95249	0.02555
382 G	0.02158	0.95404	0.02438
383 T	0.02152	0.95427	0.02421
384 S	0.02150	0.95430	0.02419
385 L	0.02150	0.95434	0.02415
386 L	0.02150	0.95435	0.02414
387 I	0.02150	0.95435	0.02414
388 I	0.02150	0.95435	0.02414
389 V	0.02151	0.95434	0.02415
390 G	0.02153	0.95432	0.02416
391 V	0.02161	0.95422	0.02417
392 A	0.02282	0.95295	0.02423
393 L	0.02836	0.94692	0.02473
394 E	0.16189	0.81152	0.02659
395 S	0.18666	0.78508	0.02826
396 I	0.29146	0.67584	0.03269
397 Q	0.73997	0.20615	0.05388
398 D	0.91502	0.01404	0.07094
399 M	0.91951	0.00890	0.07159
400 K	0.92351	0.00205	0.07445
401 A	0.92418	0.00096	0.07486
402 K	0.92478	0.00019	0.07503
403 N	0.92490	0.00007	0.07503
404 N	0.92493	0.00004	0.07503
405 V	0.92495	0.00002	0.07503
406 Q	0.92497	0.00000	0.07503
407 R	0.92497	0.00000	0.07503
408 I	0.92497	0.00000	0.07503
409 Y	0.92497	0.00000	0.07503
410 N	0.92497	0.00000	0.07503
411 K	0.92497	0.00000	0.07503
412 F	0.92497	0.00000	0.07503
413 F	0.92497	0.00000	0.07503
