# USQ93503.1
# AA	inside	membr	outside
1 M	0.46342	0.00000	0.53658
2 N	0.46342	0.00000	0.53658
3 L	0.46342	0.00000	0.53658
4 F	0.46342	0.00000	0.53658
5 T	0.46342	0.00000	0.53658
6 K	0.46342	0.00000	0.53658
7 I	0.46341	0.00001	0.53658
8 Y	0.46341	0.00001	0.53658
9 N	0.46341	0.00001	0.53658
10 S	0.46341	0.00001	0.53658
11 T	0.46341	0.00002	0.53658
12 S	0.46340	0.00002	0.53658
13 S	0.46340	0.00002	0.53658
14 D	0.46340	0.00002	0.53658
15 N	0.46340	0.00030	0.5363
16 I	0.46338	0.00032	0.5363
17 V	0.46336	0.00034	0.53629
18 K	0.46336	0.00034	0.53629
19 L	0.46306	0.00067	0.53627
20 A	0.46293	0.00091	0.53616
21 F	0.46283	0.00101	0.53616
22 K	0.46283	0.00102	0.53615
23 A	0.46282	0.00107	0.53611
24 F	0.46281	0.00113	0.53606
25 D	0.46281	0.00114	0.53604
26 I	0.46280	0.00124	0.53596
27 V	0.46280	0.00127	0.53594
28 S	0.46280	0.00127	0.53593
29 D	0.46280	0.00128	0.53592
30 L	0.46279	0.00131	0.5359
31 F	0.46279	0.00132	0.5359
32 P	0.46279	0.00132	0.5359
33 A	0.46280	0.00131	0.5359
34 K	0.46280	0.00129	0.5359
35 F	0.46280	0.00130	0.5359
36 G	0.46281	0.00129	0.5359
37 V	0.46281	0.00128	0.53591
38 Q	0.46312	0.00095	0.53593
39 I	0.46313	0.00094	0.53594
40 T	0.46318	0.00081	0.53602
41 G	0.46319	0.00068	0.53612
42 K	0.46324	0.00032	0.53644
43 A	0.46324	0.00031	0.53646
44 L	0.46324	0.00030	0.53646
45 K	0.46330	0.00024	0.53646
46 F	0.46330	0.00025	0.53645
47 T	0.46338	0.00018	0.53645
48 T	0.46341	0.00015	0.53644
49 K	0.46344	0.00012	0.53644
50 F	0.46341	0.00052	0.53607
51 A	0.46341	0.00059	0.536
52 Q	0.46340	0.00062	0.53597
53 G	0.46340	0.00065	0.53596
54 M	0.46340	0.00066	0.53594
55 S	0.46339	0.00066	0.53594
56 K	0.46339	0.00066	0.53594
57 T	0.46338	0.00068	0.53594
58 L	0.46334	0.00073	0.53593
59 F	0.46334	0.00074	0.53593
60 V	0.46334	0.00074	0.53593
61 F	0.46334	0.00073	0.53593
62 H	0.46335	0.00072	0.53593
63 E	0.46336	0.00071	0.53594
64 G	0.46336	0.00071	0.53594
65 H	0.46336	0.00070	0.53594
66 H	0.46336	0.00069	0.53594
67 I	0.46337	0.00069	0.53594
68 F	0.46339	0.00065	0.53596
69 N	0.46349	0.00052	0.53599
70 T	0.46369	0.00031	0.536
71 I	0.46372	0.00028	0.536
72 N	0.46376	0.00022	0.53601
73 D	0.46390	0.00008	0.53602
74 M	0.46390	0.00007	0.53602
75 I	0.46390	0.00007	0.53602
76 K	0.46392	0.00000	0.53608
77 K	0.46392	0.00000	0.53608
78 T	0.46392	0.00000	0.53608
79 K	0.46392	0.00000	0.53608
80 E	0.46392	0.00000	0.53608
81 Q	0.46392	0.00000	0.53608
