# USQ93377.1
# AA	inside	membr	outside
1 M	0.02434	0.00000	0.97566
2 Y	0.02434	0.00000	0.97566
3 F	0.02434	0.00000	0.97566
4 I	0.02434	0.00003	0.97563
5 D	0.02434	0.00003	0.97563
6 K	0.02434	0.00004	0.97562
7 I	0.02361	0.00104	0.97535
8 I	0.02361	0.00104	0.97535
9 N	0.02356	0.00120	0.97523
10 S	0.02356	0.03493	0.94151
11 F	0.02345	0.05295	0.9236
12 E	0.02221	0.05796	0.91983
13 I	0.00088	0.30517	0.69395
14 D	0.00088	0.30517	0.69395
15 I	0.00088	0.99856	0.00056
16 F	0.00033	0.99911	0.00056
17 L	0.00019	0.99972	9e-05
18 I	0.00019	0.99980	1e-05
19 L	0.00018	0.99981	1e-05
20 V	0.00018	0.99982	0
21 F	0.00017	0.99982	0
22 C	0.00017	0.99982	0
23 S	0.00017	0.99982	0
24 L	0.00017	0.99982	0
25 S	0.00017	0.99981	1e-05
26 L	0.00019	0.99979	2e-05
27 A	0.00028	0.99967	4e-05
28 N	0.00043	0.99948	9e-05
29 L	0.00048	0.99937	0.00015
30 G	0.00162	0.99775	0.00064
31 V	0.00187	0.99744	0.00069
32 F	0.01500	0.98416	0.00084
33 L	0.07471	0.92405	0.00123
34 V	0.21778	0.78042	0.0018
35 L	0.56154	0.43408	0.00437
36 K	0.94848	0.02741	0.02411
37 K	0.94876	0.02711	0.02414
38 V	0.69027	0.28729	0.02244
39 S	0.62917	0.35063	0.0202
40 M	0.51397	0.46989	0.01614
41 V	0.20226	0.78275	0.01499
42 I	0.08355	0.90158	0.01487
43 D	0.07594	0.90921	0.01485
44 A	0.01697	0.96836	0.01467
45 I	0.00737	0.97830	0.01434
46 S	0.00206	0.98361	0.01434
47 H	0.00058	0.98508	0.01434
48 S	0.00011	0.98556	0.01433
49 V	0.00010	0.98563	0.01427
50 L	0.00010	0.98596	0.01394
51 L	0.00010	0.98596	0.01394
52 G	0.00010	0.98597	0.01394
53 I	0.00010	0.98599	0.01391
54 V	0.00010	0.98600	0.0139
55 I	0.00010	0.98603	0.01388
56 A	0.00010	0.98560	0.0143
57 Y	0.00012	0.98334	0.01654
58 L	0.00022	0.96885	0.03093
59 I	0.00096	0.93558	0.06347
60 V	0.00284	0.73904	0.25812
61 K	0.00939	0.07587	0.91474
62 D	0.00989	0.02052	0.9696
63 L	0.00953	0.12067	0.8698
64 N	0.00880	0.34557	0.64564
65 S	0.00664	0.68536	0.308
66 P	0.00521	0.81667	0.17812
67 F	0.00033	0.92464	0.07503
68 L	0.00009	0.95097	0.04894
69 I	0.00007	0.99036	0.00957
70 I	0.00007	0.99982	0.0001
71 G	0.00007	0.99989	3e-05
72 A	0.00007	0.99991	1e-05
73 T	0.00008	0.99991	1e-05
74 L	0.00009	0.99991	0
75 I	0.00009	0.99991	0
76 G	0.00009	0.99991	0
77 I	0.00009	0.99991	0
78 L	0.00012	0.99988	0
79 T	0.00015	0.99985	0
80 F	0.00016	0.99984	0
81 Y	0.00021	0.99978	1e-05
82 L	0.00054	0.99942	3e-05
83 I	0.00754	0.99225	0.00022
84 E	0.09040	0.90773	0.00187
85 L	0.12341	0.87455	0.00204
86 I	0.39390	0.60324	0.00285
87 S	0.76921	0.22333	0.00746
88 K	0.97815	0.01212	0.00973
89 N	0.98417	0.00598	0.00985
90 S	0.98896	0.00118	0.00986
91 K	0.98964	0.00050	0.00986
92 I	0.98985	0.00029	0.00986
93 S	0.98957	0.00057	0.00986
94 K	0.98850	0.00165	0.00985
95 D	0.96643	0.02414	0.00944
96 S	0.82788	0.16704	0.00508
97 A	0.76511	0.23239	0.00249
98 I	0.16537	0.83422	0.00041
99 G	0.09901	0.90074	0.00024
100 I	0.00123	0.99874	3e-05
101 I	0.00056	0.99944	0
102 F	0.00036	0.99963	0
103 T	0.00017	0.99982	0
104 F	0.00003	0.99997	0
105 L	0.00000	1.00000	0
106 F	0.00000	1.00000	0
107 S	0.00000	1.00000	0
108 L	0.00000	1.00000	0
109 A	0.00000	1.00000	0
110 I	0.00000	1.00000	0
111 I	0.00000	1.00000	0
112 I	0.00000	0.99999	1e-05
113 I	0.00000	0.99996	4e-05
114 S	0.00003	0.99865	0.00132
115 I	0.00010	0.99761	0.00229
116 Y	0.00074	0.95957	0.03969
117 I	0.00234	0.90975	0.08792
118 R	0.00653	0.61140	0.38207
119 D	0.00932	0.52171	0.46897
120 I	0.00954	0.50909	0.48138
121 H	0.00982	0.10229	0.88789
122 I	0.00983	0.07501	0.91516
123 D	0.00986	0.00006	0.99008
124 T	0.00986	0.00002	0.99012
125 D	0.00985	0.00001	0.99013
126 A	0.00985	0.00009	0.99006
127 A	0.00983	0.00105	0.98912
128 L	0.00982	0.00138	0.9888
129 L	0.00980	0.00150	0.98869
130 G	0.00980	0.00176	0.98844
131 H	0.00980	0.00215	0.98805
132 I	0.00980	0.02007	0.97013
133 E	0.00979	0.02262	0.96758
134 L	0.00973	0.03253	0.95774
135 A	0.00952	0.47655	0.51392
136 H	0.00833	0.56585	0.42582
137 I	0.00675	0.80156	0.19169
138 S	0.00540	0.83073	0.16387
139 Q	0.00384	0.85383	0.14233
140 L	0.00222	0.90500	0.09278
141 Y	0.00179	0.91591	0.0823
142 K	0.00177	0.91845	0.07978
143 I	0.00140	0.94710	0.05149
144 I	0.00107	0.99611	0.00282
145 P	0.00104	0.99677	0.00219
146 I	0.00087	0.99837	0.00077
147 L	0.00079	0.99914	7e-05
148 I	0.00078	0.99918	5e-05
149 L	0.00078	0.99918	4e-05
150 N	0.00104	0.99891	5e-05
151 L	0.00115	0.99880	5e-05
152 C	0.00155	0.99839	5e-05
153 F	0.00217	0.99777	5e-05
154 V	0.00397	0.99597	6e-05
155 I	0.02105	0.97889	6e-05
156 I	0.02485	0.97508	7e-05
157 F	0.08464	0.91518	0.00018
158 Y	0.61963	0.37862	0.00175
159 K	0.85185	0.14068	0.00747
160 E	0.89891	0.09300	0.00809
161 L	0.90447	0.08738	0.00815
162 K	0.92286	0.06894	0.0082
163 I	0.84936	0.14415	0.00649
164 F	0.76798	0.22575	0.00627
165 I	0.75034	0.24337	0.00628
166 F	0.75635	0.23707	0.00658
167 D	0.80501	0.18801	0.00698
168 P	0.78822	0.20493	0.00685
169 S	0.66870	0.32447	0.00683
170 L	0.27990	0.71342	0.00668
171 A	0.22166	0.77170	0.00664
172 N	0.19145	0.80220	0.00635
173 I	0.05294	0.94309	0.00396
174 L	0.02866	0.96741	0.00392
175 G	0.02327	0.97285	0.00388
176 F	0.01901	0.97712	0.00386
177 S	0.01722	0.97892	0.00385
178 S	0.00644	0.98981	0.00375
179 L	0.00064	0.99570	0.00366
180 F	0.00039	0.99591	0.0037
181 I	0.00044	0.99442	0.00514
182 N	0.00059	0.98615	0.01325
183 Y	0.00068	0.97960	0.01972
184 T	0.00075	0.97406	0.0252
185 L	0.00084	0.96270	0.03646
186 M	0.00221	0.89453	0.10326
187 T	0.00247	0.81350	0.18403
188 L	0.00241	0.73753	0.26006
189 T	0.00242	0.70810	0.28948
190 S	0.00238	0.61683	0.3808
191 L	0.00227	0.60380	0.39392
192 T	0.00196	0.53517	0.46287
193 A	0.00198	0.34436	0.65366
194 V	0.00181	0.31700	0.68119
195 I	0.00212	0.32056	0.67733
196 S	0.00398	0.21308	0.78294
197 F	0.00231	0.42400	0.57369
198 D	0.00220	0.45507	0.54272
199 V	0.00152	0.69394	0.30454
200 V	0.00069	0.85916	0.14015
201 G	0.00066	0.93605	0.06329
202 T	0.00043	0.98942	0.01015
203 I	0.00044	0.99931	0.00025
204 M	0.00052	0.99932	0.00016
205 A	0.00055	0.99936	9e-05
206 I	0.00057	0.99935	8e-05
207 V	0.00061	0.99930	8e-05
208 C	0.00087	0.99904	8e-05
209 M	0.00104	0.99886	0.0001
210 I	0.00113	0.99875	0.00011
211 G	0.00518	0.99460	0.00022
212 P	0.01450	0.98526	0.00024
213 A	0.02028	0.97946	0.00026
214 A	0.03159	0.96786	0.00054
215 T	0.03817	0.96091	0.00092
216 A	0.04106	0.95772	0.00122
217 I	0.05913	0.93950	0.00137
218 L	0.10636	0.89216	0.00147
219 L	0.32497	0.67300	0.00202
220 T	0.81208	0.18321	0.00472
221 K	0.96450	0.03012	0.00538
222 R	0.98909	0.00548	0.00543
223 L	0.90509	0.09152	0.00339
224 S	0.65333	0.34480	0.00187
225 I	0.38684	0.61235	0.0008
226 A	0.09838	0.90102	0.0006
227 W	0.04106	0.95836	0.00057
228 G	0.01549	0.98399	0.00051
229 L	0.00809	0.99155	0.00036
230 S	0.00633	0.99332	0.00035
231 L	0.00074	0.99892	0.00033
232 W	0.00022	0.99944	0.00034
233 I	0.00016	0.99950	0.00034
234 S	0.00016	0.99950	0.00034
235 F	0.00016	0.99950	0.00034
236 V	0.00016	0.99948	0.00036
237 S	0.00016	0.99942	0.00041
238 T	0.00016	0.99938	0.00046
239 S	0.00014	0.99932	0.00053
240 L	0.00010	0.99933	0.00057
241 G	0.00009	0.99721	0.00269
242 Y	0.00011	0.99487	0.00502
243 Y	0.00012	0.98485	0.01503
244 L	0.00032	0.96919	0.03049
245 G	0.00054	0.94052	0.05893
246 I	0.00252	0.84546	0.15201
247 Y	0.00391	0.51401	0.48209
248 F	0.00452	0.28897	0.70652
249 D	0.00477	0.05118	0.94406
250 L	0.00347	0.28118	0.71536
251 P	0.00272	0.47927	0.51801
252 V	0.00116	0.78070	0.21814
253 S	0.00034	0.87526	0.1244
254 G	0.00011	0.89357	0.10633
255 L	0.00002	0.93296	0.06702
256 I	0.00002	0.98284	0.01715
257 S	0.00001	0.98492	0.01507
258 V	0.00001	0.99602	0.00398
259 V	0.00000	0.99921	0.00079
260 I	0.00000	0.99971	0.0003
261 L	0.00000	0.99987	0.00013
262 F	0.00000	0.99994	6e-05
263 I	0.00000	0.99997	4e-05
264 F	0.00000	0.99996	3e-05
265 L	0.00001	0.99995	5e-05
266 I	0.00004	0.99991	6e-05
267 V	0.00016	0.99976	7e-05
268 L	0.00259	0.99727	0.00014
269 Y	0.01969	0.98003	0.00028
270 F	0.14014	0.85862	0.00124
271 E	0.59916	0.39710	0.00374
272 P	0.71812	0.27752	0.00436
273 K	0.87650	0.11828	0.00522
274 N	0.88393	0.11087	0.0052
275 G	0.88236	0.11251	0.00513
276 I	0.88064	0.11427	0.00509
277 I	0.88002	0.11490	0.00509
278 A	0.92142	0.07347	0.00511
279 K	0.97108	0.02380	0.00512
280 I	0.96454	0.03057	0.00489
281 I	0.96289	0.03223	0.00487
282 K	0.95979	0.03533	0.00488
283 N	0.88285	0.11229	0.00486
284 Y	0.84149	0.15373	0.00479
285 F	0.83513	0.16013	0.00474
286 Y	0.83490	0.16037	0.00473
287 K	0.83492	0.16035	0.00473
288 K	0.83477	0.16050	0.00473
289 S	0.83268	0.16261	0.00471
290 F	0.83160	0.16369	0.00471
291 M	0.83152	0.16378	0.00471
292 I	0.83151	0.16379	0.00471
293 I	0.83151	0.16378	0.00472
294 I	0.83151	0.16366	0.00483
295 L	0.83151	0.16294	0.00554
296 L	0.83151	0.16204	0.00645
297 M	0.83157	0.16028	0.00815
298 H	0.83165	0.15062	0.01773
299 L	0.83170	0.14035	0.02795
300 E	0.83192	0.10631	0.06177
301 N	0.83194	0.06324	0.10482
302 H	0.83197	0.04129	0.12675
303 F	0.83204	0.02486	0.1431
304 Q	0.83212	0.01194	0.15594
305 Q	0.83213	0.00747	0.16041
306 N	0.83213	0.00264	0.16523
307 E	0.83214	0.00017	0.1677
308 K	0.83214	0.00002	0.16785
309 N	0.83214	0.00001	0.16786
310 Y	0.83214	0.00001	0.16786
311 I	0.83214	0.00001	0.16786
312 N	0.83214	0.00000	0.16786
313 D	0.83214	0.00000	0.16786
314 V	0.83214	0.00000	0.16786
315 K	0.83214	0.00000	0.16786
316 K	0.83214	0.00000	0.16786
317 D	0.83214	0.00000	0.16786
318 L	0.83214	0.00000	0.16786
319 K	0.83214	0.00000	0.16786
320 W	0.83214	0.00000	0.16786
321 S	0.83214	0.00000	0.16786
322 S	0.83214	0.00000	0.16786
323 E	0.83214	0.00000	0.16786
324 R	0.83214	0.00000	0.16786
325 Y	0.83214	0.00000	0.16786
326 K	0.83214	0.00000	0.16786
327 K	0.83213	0.00000	0.16786
328 C	0.83210	0.00004	0.16786
329 L	0.83205	0.00009	0.16786
330 N	0.83204	0.00010	0.16786
331 K	0.83203	0.00011	0.16786
332 A	0.83195	0.00020	0.16785
333 I	0.83185	0.00031	0.16784
334 K	0.83182	0.00034	0.16784
335 L	0.83177	0.00040	0.16783
336 G	0.83177	0.00040	0.16783
337 Y	0.83176	0.00041	0.16783
338 I	0.83176	0.00041	0.16783
339 I	0.83176	0.00041	0.16783
340 N	0.83176	0.00041	0.16783
341 K	0.83176	0.00041	0.16783
342 N	0.83176	0.00041	0.16783
343 S	0.83176	0.00041	0.16783
344 E	0.83176	0.00041	0.16783
345 L	0.83176	0.00041	0.16783
346 I	0.83176	0.00041	0.16783
347 I	0.83176	0.00041	0.16783
348 T	0.83176	0.00037	0.16787
349 D	0.83176	0.00031	0.16792
350 Y	0.83177	0.00030	0.16794
351 G	0.83177	0.00024	0.168
352 R	0.83178	0.00012	0.1681
353 K	0.83178	0.00005	0.16817
354 Y	0.83178	0.00005	0.16817
355 L	0.83179	0.00004	0.16818
356 Y	0.83179	0.00002	0.16819
357 Q	0.83179	0.00000	0.16821
358 K	0.83179	0.00000	0.16821
359 N	0.83179	0.00000	0.16821
360 Q	0.83179	0.00000	0.16821
361 K	0.83179	0.00000	0.16821
362 F	0.83179	0.00000	0.16821
363 G	0.83179	0.00000	0.16821
364 L	0.83179	0.00000	0.16821
365 I	0.83179	0.00000	0.16821
366 H	0.83179	0.00000	0.16821
367 I	0.83179	0.00000	0.16821
368 N	0.83179	0.00000	0.16821
