# USQ93134.1
# AA	inside	membr	outside
1 M	0.59606	0.00000	0.40393
2 T	0.59606	0.00000	0.40393
3 L	0.59606	0.00000	0.40393
4 C	0.59606	0.00000	0.40393
5 K	0.59606	0.00000	0.40393
6 K	0.59606	0.00000	0.40393
7 L	0.59606	0.00000	0.40393
8 T	0.59606	0.00000	0.40393
9 L	0.59606	0.00000	0.40393
10 F	0.59606	0.00000	0.40393
11 F	0.59606	0.00000	0.40393
12 K	0.59606	0.00000	0.40393
13 D	0.59606	0.00000	0.40393
14 K	0.59606	0.00000	0.40393
15 I	0.59606	0.00001	0.40393
16 V	0.59606	0.00001	0.40393
17 P	0.59605	0.00001	0.40393
18 N	0.59605	0.00002	0.40392
19 C	0.59582	0.00026	0.40392
20 S	0.59166	0.00454	0.4038
21 L	0.57963	0.01657	0.4038
22 K	0.57932	0.01690	0.40377
23 N	0.56259	0.03688	0.40053
24 K	0.49536	0.14077	0.36387
25 Y	0.15420	0.66832	0.17748
26 F	0.09866	0.77792	0.12342
27 R	0.08283	0.82948	0.08769
28 L	0.01588	0.95465	0.02947
29 L	0.00164	0.99513	0.00322
30 I	0.00050	0.99924	0.00026
31 I	0.00011	0.99984	5e-05
32 I	0.00008	0.99989	2e-05
33 L	0.00008	0.99990	2e-05
34 G	0.00008	0.99990	2e-05
35 F	0.00008	0.99990	2e-05
36 I	0.00008	0.99990	2e-05
37 F	0.00008	0.99990	2e-05
38 F	0.00008	0.99988	4e-05
39 Y	0.00008	0.99959	0.00033
40 F	0.00027	0.99850	0.00123
41 T	0.00203	0.99138	0.0066
42 A	0.00440	0.98105	0.01455
43 S	0.02530	0.86284	0.11186
44 F	0.04475	0.78530	0.16995
45 N	0.10312	0.55850	0.33838
46 V	0.13192	0.48410	0.38398
47 E	0.31972	0.16477	0.51551
48 K	0.40058	0.00844	0.59098
49 R	0.40319	0.00405	0.59276
50 T	0.40346	0.00360	0.59294
51 I	0.40360	0.00259	0.59381
52 W	0.40377	0.00123	0.595
53 T	0.40398	0.00043	0.59559
54 D	0.40399	0.00000	0.596
55 N	0.40399	0.00000	0.596
56 N	0.40399	0.00000	0.596
57 G	0.40399	0.00000	0.596
58 F	0.40399	0.00000	0.596
59 K	0.40399	0.00000	0.596
60 N	0.40399	0.00000	0.596
61 V	0.40399	0.00000	0.596
62 S	0.40399	0.00000	0.596
63 D	0.40399	0.00000	0.596
64 I	0.40399	0.00000	0.596
65 F	0.40399	0.00000	0.596
66 K	0.40399	0.00000	0.596
67 N	0.40399	0.00000	0.596
68 T	0.40399	0.00000	0.596
69 E	0.40399	0.00000	0.596
70 K	0.40399	0.00000	0.596
71 I	0.40399	0.00000	0.596
72 E	0.40399	0.00000	0.596
73 K	0.40399	0.00000	0.596
74 F	0.40399	0.00000	0.596
75 Q	0.40399	0.00000	0.596
76 D	0.40399	0.00000	0.596
77 K	0.40399	0.00000	0.596
78 K	0.40399	0.00000	0.596
79 N	0.40399	0.00000	0.596
80 N	0.40399	0.00000	0.596
81 N	0.40399	0.00001	0.596
82 S	0.40397	0.00009	0.59594
83 E	0.40385	0.00230	0.59384
84 I	0.40303	0.03157	0.5654
85 T	0.40188	0.04576	0.55235
86 E	0.39680	0.10837	0.49483
87 Q	0.37985	0.17981	0.44034
88 S	0.27603	0.38426	0.33971
89 F	0.02883	0.89127	0.07991
90 I	0.00785	0.95033	0.04182
91 N	0.00426	0.96356	0.03218
92 F	0.00353	0.96856	0.02792
93 K	0.00339	0.96944	0.02717
94 G	0.00165	0.98684	0.01151
95 M	0.00105	0.99568	0.00326
96 F	0.00057	0.99861	0.00081
97 I	0.00044	0.99922	0.00034
98 G	0.00035	0.99948	0.00017
99 I	0.00019	0.99973	8e-05
100 I	0.00016	0.99977	7e-05
101 I	0.00015	0.99978	6e-05
102 F	0.00015	0.99978	7e-05
103 V	0.00016	0.99976	8e-05
104 V	0.00024	0.99957	0.00018
105 L	0.00081	0.99860	0.00059
106 L	0.00669	0.98821	0.00509
107 V	0.04679	0.93519	0.01803
108 L	0.13146	0.76625	0.10229
109 K	0.54418	0.06298	0.39284
110 K	0.56910	0.03154	0.39937
111 G	0.56648	0.03456	0.39895
112 F	0.56381	0.04023	0.39596
113 N	0.55901	0.04603	0.39497
114 G	0.52680	0.08047	0.39273
115 I	0.30092	0.30969	0.38939
116 S	0.28197	0.33108	0.38695
117 L	0.21953	0.45607	0.3244
118 G	0.19268	0.73611	0.07121
119 T	0.17732	0.76266	0.06002
120 L	0.05619	0.89094	0.05288
121 I	0.01054	0.94877	0.04069
122 G	0.00692	0.96334	0.02974
123 A	0.00583	0.98596	0.00822
124 C	0.00202	0.99236	0.00562
125 I	0.00069	0.99554	0.00377
126 G	0.00041	0.99674	0.00285
127 I	0.00007	0.99964	0.00029
128 W	0.00002	0.99996	2e-05
129 I	0.00001	0.99998	1e-05
130 A	0.00002	0.99993	5e-05
131 I	0.00005	0.99970	0.00025
132 G	0.00017	0.99840	0.00143
133 I	0.00031	0.99516	0.00452
134 P	0.00072	0.98834	0.01094
135 S	0.00123	0.98212	0.01665
136 I	0.00139	0.97911	0.0195
137 I	0.00196	0.95335	0.04469
138 Y	0.00427	0.75977	0.23596
139 F	0.00788	0.72346	0.26866
140 L	0.07012	0.57691	0.35297
141 E	0.32119	0.25611	0.4227
142 F	0.32796	0.23673	0.43531
143 V	0.33851	0.13349	0.52799
144 F	0.35208	0.08188	0.56603
145 S	0.37226	0.04407	0.58367
146 G	0.39418	0.01565	0.59017
147 K	0.40059	0.00412	0.59528
148 I	0.40092	0.00369	0.59538
149 F	0.40154	0.00282	0.59564
150 F	0.40391	0.00000	0.59609
