# USQ93244.1
# AA	inside	membr	outside
1 M	0.99957	0.00000	0.00043
2 K	0.99957	0.00000	0.00043
3 T	0.99957	0.00000	0.00043
4 K	0.99957	0.00000	0.00043
5 R	0.99957	0.00000	0.00043
6 F	0.99957	0.00000	0.00043
7 K	0.99952	0.00006	0.00043
8 K	0.99952	0.00006	0.00043
9 N	0.95551	0.04407	0.00042
10 G	0.95540	0.04433	0.00027
11 N	0.94040	0.05935	0.00025
12 F	0.55263	0.44715	0.00022
13 L	0.00256	0.99725	0.00019
14 S	0.00252	0.99729	0.00019
15 I	0.00252	0.99748	0
16 C	0.00178	0.99821	0
17 Y	0.00038	0.99962	0
18 A	0.00036	0.99964	0
19 F	0.00008	0.99992	0
20 V	0.00001	0.99999	0
21 L	0.00000	1.00000	0
22 L	0.00000	1.00000	0
23 L	0.00000	1.00000	0
24 I	0.00000	1.00000	0
25 C	0.00000	1.00000	0
26 L	0.00000	1.00000	0
27 I	0.00000	0.99999	1e-05
28 T	0.00000	0.99991	9e-05
29 F	0.00000	0.99970	0.0003
30 I	0.00001	0.99777	0.00222
31 C	0.00005	0.87032	0.12963
32 R	0.00010	0.74037	0.25953
33 F	0.00017	0.71499	0.28484
34 A	0.00020	0.69461	0.30519
35 Q	0.00040	0.44739	0.55222
36 C	0.00041	0.01817	0.98142
37 Y	0.00042	0.00299	0.9966
38 R	0.00043	0.00019	0.99938
39 N	0.00043	0.00006	0.99952
40 D	0.00043	0.00001	0.99957
41 T	0.00043	0.00000	0.99957
42 K	0.00043	0.00000	0.99958
43 E	0.00043	0.00000	0.99957
44 Q	0.00043	0.00058	0.99899
45 F	0.00042	0.00139	0.99819
46 S	0.00041	0.00303	0.99656
47 F	0.00027	0.00652	0.99321
48 F	0.00026	0.01155	0.98819
49 F	0.00025	0.05756	0.94219
50 R	0.00025	0.35350	0.64626
51 F	0.00020	0.45290	0.5469
52 V	0.00013	0.50789	0.49198
53 H	0.00012	0.52016	0.47973
54 H	0.00011	0.69450	0.3054
55 F	0.00006	0.97220	0.02774
56 T	0.00006	0.98443	0.01551
57 S	0.00005	0.99722	0.00272
58 Q	0.00005	0.99882	0.00113
59 S	0.00005	0.99946	0.00049
60 N	0.00005	0.99990	5e-05
61 I	0.00005	0.99994	1e-05
62 L	0.00005	0.99994	1e-05
63 I	0.00005	0.99994	1e-05
64 L	0.00005	0.99994	1e-05
65 I	0.00005	0.99994	1e-05
66 V	0.00005	0.99994	1e-05
67 M	0.00167	0.99832	1e-05
68 L	0.00256	0.99742	1e-05
69 L	0.00417	0.99581	2e-05
70 F	0.00561	0.99423	0.00017
71 F	0.02166	0.97815	0.00019
72 T	0.06990	0.92989	0.00021
73 S	0.63720	0.36258	0.00022
74 I	0.73601	0.26375	0.00024
75 R	0.99470	0.00493	0.00037
76 R	0.99871	0.00090	0.00039
77 K	0.99944	0.00017	0.00039
78 K	0.97953	0.02008	0.00039
79 I	0.15777	0.84213	9e-05
80 F	0.03594	0.96401	5e-05
81 S	0.01558	0.98439	3e-05
82 I	0.00800	0.99199	1e-05
83 L	0.00227	0.99772	0
84 M	0.00080	0.99919	0
85 F	0.00007	0.99993	0
86 V	0.00002	0.99998	0
87 A	0.00002	0.99998	0
88 V	0.00002	0.99998	0
89 I	0.00002	0.99998	0
90 D	0.00002	0.99998	0
91 I	0.00002	0.99998	0
92 L	0.00002	0.99998	0
93 L	0.00002	0.99998	0
94 T	0.00002	0.99997	1e-05
95 C	0.00002	0.99995	3e-05
96 I	0.00002	0.99993	5e-05
97 V	0.00002	0.99942	0.00056
98 T	0.00003	0.99676	0.00322
99 H	0.00003	0.99067	0.0093
100 F	0.00003	0.98946	0.01051
101 I	0.00004	0.94555	0.0544
102 N	0.00032	0.13612	0.86356
103 N	0.00037	0.01340	0.98624
104 T	0.00040	0.00208	0.99752
105 S	0.00041	0.00065	0.99895
106 E	0.00041	0.00002	0.99957
107 K	0.00041	0.00000	0.99959
108 N	0.00041	0.00000	0.99959
109 T	0.00041	0.00000	0.99959
110 L	0.00041	0.00011	0.99949
111 I	0.00041	0.00428	0.99531
112 T	0.00041	0.00621	0.99338
113 E	0.00040	0.00999	0.98961
114 P	0.00034	0.02035	0.97931
115 F	0.00030	0.04391	0.95579
116 Q	0.00029	0.50726	0.49245
117 I	0.00026	0.60674	0.39301
118 N	0.00022	0.63678	0.36301
119 H	0.00021	0.67298	0.32681
120 F	0.00018	0.72173	0.27809
121 Q	0.00015	0.86022	0.13963
122 H	0.00009	0.87505	0.12486
123 T	0.00008	0.92221	0.07772
124 F	0.00002	0.97352	0.02646
125 I	0.00001	0.98541	0.01459
126 P	0.00000	0.98625	0.01374
127 F	0.00000	0.98653	0.01346
128 L	0.00000	0.98659	0.01341
129 Y	0.00001	0.98661	0.01339
130 I	0.00001	0.98661	0.01339
131 F	0.00001	0.98660	0.01339
132 F	0.00005	0.98656	0.01339
133 Y	0.00025	0.98635	0.0134
134 F	0.01157	0.97500	0.01343
135 F	0.07087	0.91568	0.01346
136 K	0.64996	0.33650	0.01354
137 I	0.66463	0.32182	0.01355
138 N	0.68711	0.29929	0.0136
139 H	0.70808	0.27832	0.01361
140 G	0.71916	0.26725	0.01359
141 L	0.76330	0.22312	0.01358
142 S	0.83920	0.14719	0.01361
143 V	0.89473	0.09166	0.01361
144 K	0.98263	0.00372	0.01365
145 K	0.97740	0.00966	0.01294
146 T	0.92340	0.06642	0.01018
147 Y	0.49694	0.49524	0.00782
148 L	0.06662	0.93034	0.00304
149 G	0.03864	0.96035	0.00101
150 L	0.00597	0.99400	3e-05
151 V	0.00547	0.99452	2e-05
152 H	0.00534	0.99465	1e-05
153 P	0.00497	0.99502	1e-05
154 L	0.00376	0.99623	1e-05
155 C	0.00298	0.99702	1e-05
156 Y	0.00269	0.99730	1e-05
157 F	0.00268	0.99731	1e-05
158 F	0.00268	0.99731	1e-05
159 F	0.00268	0.99731	1e-05
160 F	0.00268	0.99730	1e-05
161 L	0.00269	0.99726	5e-05
162 F	0.00269	0.99698	0.00033
163 A	0.00274	0.99397	0.00329
164 N	0.00283	0.97947	0.0177
165 L	0.00290	0.95883	0.03827
166 L	0.00351	0.86166	0.13483
167 C	0.00838	0.31161	0.68
168 E	0.01484	0.07700	0.90816
169 R	0.01636	0.04731	0.93632
170 E	0.01639	0.02812	0.95549
171 Y	0.01640	0.02314	0.96047
172 Y	0.01641	0.02179	0.9618
173 P	0.01647	0.00176	0.98177
174 Y	0.01647	0.00043	0.9831
175 N	0.01647	0.00028	0.98325
176 M	0.01647	0.00024	0.98329
177 I	0.01647	0.00017	0.98336
178 D	0.01647	0.00002	0.98351
179 P	0.01647	0.00000	0.98353
180 D	0.01647	0.00000	0.98353
181 K	0.01647	0.00000	0.98353
182 K	0.01647	0.00000	0.98353
183 G	0.01647	0.00000	0.98353
184 I	0.01647	0.00000	0.98353
185 L	0.01647	0.00000	0.98353
186 G	0.01647	0.00000	0.98353
187 D	0.01647	0.00000	0.98353
188 I	0.01647	0.00000	0.98353
189 L	0.01647	0.00000	0.98353
190 K	0.01647	0.00000	0.98353
191 F	0.01647	0.00000	0.98353
192 S	0.01647	0.00000	0.98353
193 R	0.01647	0.00000	0.98352
194 E	0.01647	0.00003	0.9835
195 K	0.01647	0.00056	0.98297
196 Q	0.01643	0.01814	0.96543
197 G	0.01473	0.09169	0.89358
198 Y	0.01027	0.36317	0.62656
199 S	0.00870	0.49434	0.49696
200 Y	0.00074	0.92366	0.0756
201 L	0.00018	0.97645	0.02337
202 F	0.00005	0.98863	0.01132
203 L	0.00001	0.99396	0.00603
204 N	0.00000	0.99498	0.00501
205 I	0.00000	0.99987	0.00012
206 F	0.00000	0.99998	2e-05
207 L	0.00000	1.00000	0
208 L	0.00000	1.00000	0
209 A	0.00000	1.00000	0
210 I	0.00000	1.00000	0
211 I	0.00000	1.00000	0
212 F	0.00000	1.00000	0
213 Y	0.00000	1.00000	0
214 F	0.00002	0.99998	0
215 L	0.00037	0.99961	2e-05
216 S	0.00530	0.99459	0.00011
217 Y	0.01164	0.98813	0.00024
218 G	0.02715	0.97228	0.00056
219 I	0.04697	0.95229	0.00074
220 L	0.12275	0.87422	0.00304
221 S	0.42959	0.56231	0.0081
222 L	0.56760	0.42246	0.00994
223 K	0.97153	0.01205	0.01642
224 K	0.98311	0.00042	0.01648
225 K	0.98349	0.00004	0.01648
226 I	0.98350	0.00003	0.01648
227 N	0.98351	0.00002	0.01648
228 S	0.98353	0.00000	0.01648
229 P	0.98353	0.00000	0.01648
230 K	0.98353	0.00000	0.01648
